14.1316	-7.80957
14.3507	-6.1622
7.27491	-13.9408
14.4533	-5.72557
-0.400865	-11.7541
14.8818	-6.96009
13.3337	-7.52421
14.4772	-8.40786
13.9731	-7.73081
14.971	-9.96768
14.8218	-7.22492
13.8081	-5.5241
13.8933	-14.1223
13.887	-7.0108
14.6116	-8.65605
14.5451	-5.74093
14.8553	-6.10267
11.0394	-9.94497
14.892	-7.44536
14.5739	-8.58515
14.0175	-8.27732
14.9031	-10.3263
14.892	-6.20611
14.6876	-7.29378
14.2247	-7.29958
14.9664	-7.4271
14.1888	-8.73332
14.3489	-5.47883
13.8896	-7.9339
14.6951	-8.72322
14.4644	-10.2565
9.2425	-0.883939
13.6235	-8.68103
14.5637	-9.14485
14.3719	-4.91447
13.0667	-6.04782
14.1685	-6.82795
14.3103	-7.23063
14.2897	-10.131
14.7355	-8.26756
14.8836	-8.70318
14.3918	-7.22499
13.2154	-8.75665
14.5732	-8.65891
13.4442	-6.90669
14.4041	-8.51189
13.7778	-6.80941
13.9104	-8.22095
14.426	-9.65231
13.5547	-6.05432
13.9849	-6.28076
14.0086	-9.12864
13.7201	-10.4555
14.7211	-7.97965
14.7982	-6.21819
13.9222	-6.95031
8.11852	-4.43509
13.587	-8.09147
14.5501	-6.74685
14.8283	-6.68127
14.957	-6.93612
1.22693	-14.1887
14.7817	-9.09253
14.917	-9.12793
14.2705	-6.35199
14.821	-8.89713
14.9468	-6.6861
14.7734	-6.70095
13.3552	-8.06738
14.8484	-7.88824
12.8623	-5.28169
14.6273	-7.48365
14.932	-7.49873
14.9504	-4.0294
13.7759	-7.81501
12.9487	-7.98709
14.3294	-7.03598
14.8995	-7.48207
13.9522	-7.22215
14.9427	-9.36666
14.261	-8.31508
14.0834	-9.25857
14.2666	-10.6529
14.1811	-7.91247
13.7457	-9.51146
14.3831	-6.83921
13.4273	-4.96966
13.8615	-9.46079
13.7732	-5.02327
14.2205	-7.06022
13.9911	-8.9662
13.7539	-8.3883
13.5507	-5.36643
14.9819	-7.20511
14.2925	-6.72379
13.4934	-5.01779
14.1751	-7.73932
14.582	-6.79208
14.7958	-4.91549
13.5137	-7.66592
12.7375	-7.64334
14.323	-2.16627
14.8853	-5.67504
3.31442	14.7492
14.3364	-9.21152
13.9242	-7.30331
-0.0411193	-12.217
14.4912	-7.41676
14.7498	-9.38753
14.737	-8.28218
14.6233	-2.86882
14.8449	-7.97098
14.2447	-9.45365
13.4436	-6.10304
14.9619	-6.37281
14.7662	-6.5086
14.3338	-6.20286
14.973	-8.78984
14.7403	-6.23885
14.3387	-6.84633
14.6964	-8.66047
12.6754	-8.09138
14.6611	-7.03105
13.6551	-8.93457
14.9661	-7.99404
14.8989	-6.88847
13.8489	-10.0599
14.4508	-8.30323
14.9306	-5.89349
14.2631	-4.99159
14.4136	-10.0709
13.8858	-5.37961
13.8443	-5.98483
14.0724	-8.35909
13.7662	-7.57136
14.488	-9.24241
14.5166	-7.55556
13.9038	-8.23352
14.4003	-7.25573
14.8184	-7.23752
14.2879	-7.98818
14.5759	-5.80383
14.4994	-8.10983
14.1251	-7.03884
14.7461	-9.37514
14.044	-6.84493
12.5536	-7.12807
14.9437	-6.84745
14.4015	-6.9421
14.9842	-6.88382
14.5338	-5.48655
13.7545	-9.68149
14.5889	-6.00009
14.3165	-8.33547
14.7039	-7.06018
13.9901	-7.48069
14.6089	-10.0466
14.7301	-5.21081
14.6788	-6.9177
14.9409	-7.73942
13.9846	-5.35605
14.2859	-7.34055
12.7517	-7.1587
14.6469	-8.12319
13.4184	-8.13928
14.3083	-9.10844
14.4835	-8.88368
13.8667	-5.09063
14.2922	-9.65344
14.4808	-5.77831
13.6603	-8.76787
14.6181	-6.10124
14.7648	-8.35113
9.78245	-6.81687
13.7437	-5.84732
14.852	-8.39489
13.6291	-6.84678
13.778	-6.71753
14.3472	-9.08477
14.4941	-5.99128
14.9442	-7.06662
14.7939	-7.78797
14.9583	-8.34052
14.7174	-7.32478
14.7448	-6.91197
14.0947	-6.92694
14.2033	-7.22064
14.5082	-7.32951
13.7043	-9.81092
8.02928	-10.3869
14.8143	-6.66146
14.5072	-7.14111
14.4009	-9.6
13.3935	-8.74876
13.6501	-9.43529
14.2517	-7.17261
8.33497	-9.35098
14.5533	-6.10315
14.805	-9.47138
14.7658	-9.08176
14.6449	-8.28636
12.9425	-7.89976
14.1203	-8.94787
14.6128	-7.68752
14.4061	-9.51631
14.6083	-8.38013
14.1888	-5.63634
13.0716	-6.76743
12.6655	-8.49697
14.8211	-8.65742
14.9922	-5.97723
12.9986	-8.91146
14.666	-7.398
14.3071	-7.61465
13.7413	-7.08204
14.9429	-4.29763
10.1428	-3.10176
14.4461	-7.2769
14.3314	-5.95182
14.6978	-8.21901
13.2149	-7.86186
13.2872	-5.24687
-7.8336	7.58514
14.8665	-7.59733
14.9136	-7.58188
13.6951	-7.01696
13.2114	-10.3721
6.67058	-14.6964
13.9038	-9.56027
14.5968	-9.90942
14.693	-8.78105
14.0667	-8.02132
13.3451	-10.7544
14.4945	-6.21878
14.2454	-5.40609
14.7499	-6.30011
12.1242	-0.24055
12.8798	-8.30786
13.6094	-5.54157
14.9946	-8.54018
14.4868	-8.23226
14.3099	-8.17418
14.5004	-8.07883
14.8791	-6.8106
13.2821	-7.83349
14.6486	-7.89307
14.4139	-6.5614
14.1543	-8.6474
13.8816	-10.2401
14.3925	-4.86822
14.4506	-9.51729
14.7389	-7.95232
14.189	-7.22022
14.3329	-7.61987
14.5563	-9.45607
14.2895	-6.07572
14.3957	-8.0183
14.7163	-6.84289
14.5692	-8.7803
14.0197	-10.3251
14.5856	-10.3111
13.3753	-6.69919
14.6423	-6.28137
14.1015	-7.0608
14.3103	-6.66541
14.8743	-6.72007
14.3025	-5.64937
14.9476	-8.36775
11.4629	-5.01849
13.7857	-9.05215
13.8544	-7.51028
14.3657	-8.38401
14.9394	-10.5057
14.8441	-5.40202
14.665	-6.87463
14.8672	-10.3526
13.9344	-6.38411
13.7338	-6.91001
14.554	-8.90357
14.3198	-8.68704
14.0985	-5.35561
14.9111	-8.68452
14.3068	-5.88727
5.09103	-5.10196
14.5677	-8.61532
14.2652	-8.44041
13.7877	-6.68676
14.5156	-7.48656
14.7103	-5.74801
14.954	-8.6445
13.9767	-9.04629
14.2282	-7.27807
14.9723	-6.64437
13.9955	-5.65365
14.9858	-7.88636
14.3161	-7.52984
14.8582	-5.63638
14.1558	-7.90784
14.6381	-5.46951
14.6094	-6.59641
14.4764	-5.85144
14.9627	-7.7911
14.5134	-6.47327
14.9321	-6.04161
14.4794	-5.87009
14.573	-9.60286
14.667	-8.47539
14.4395	-7.25751
13.9229	-8.63497
14.162	-9.07678
14.9168	-9.42358
14.7212	-6.57357
13.193	-9.94265
14.5107	-4.89243
14.4495	-9.47075
14.6529	-7.38689
13.7183	-6.77371
14.3913	-9.4421
14.5315	-6.89126
14.4734	-6.01462
14.6168	-8.32762
14.9208	-6.33713
14.4376	-7.5805
14.5123	-6.41254
14.1801	-5.57716
14.6861	-8.08476
14.7374	-6.74959
14.327	-5.95943
14.4701	-7.80021
14.5394	-8.81017
14.9341	-7.48084
14.9091	-6.11759
14.6472	-8.62551
14.9572	-6.23548
12.9028	-7.51743
6.55414	-1.53224
14.3488	-8.43347
14.4269	-8.95321
14.1298	-6.42194
14.3734	-5.94539
14.7331	-5.42151
13.9505	-6.30457
14.4174	-6.6096
14.9489	-7.7317
14.9876	-9.2941
14.5824	-7.05728
14.8552	-2.85567
14.7863	-3.50959
11.8556	-12.5986
13.8452	-7.28031
14.3732	-9.82049
14.7911	-7.1256
10.1452	-8.27937
14.6677	-5.91999
13.5655	-8.69475
14.6632	-8.26918
14.7478	-6.39177
14.9137	-8.87359
14.2538	-7.47196
13.237	-9.14229
14.7902	-6.0684
11.5007	-13.2061
14.8072	-8.00206
14.5628	-6.67177
14.657	-7.70819
14.4804	-7.50757
13.6707	-7.1183
14.699	-7.24646
14.1959	-5.60217
14.6819	-5.76396
14.6063	-8.97277
13.5852	-6.29032
14.4072	-8.9625
14.1904	-8.14793
14.7573	-6.78287
14.994	-8.46002
14.2889	-8.31509
14.6007	-5.85505
14.9349	-7.08415
14.3814	-6.48099
13.9079	-7.24144
14.8663	-8.14072
14.2799	-5.27899
14.9074	-7.28608
14.9205	-7.5198
13.9861	-6.73938
12.5324	-8.27011
14.8751	-6.12233
14.9001	-8.37725
14.9551	-7.32043
14.8218	-7.51561
14.7596	-6.75904
12.974	-4.57441
14.5902	-8.59768
14.8658	-7.25986
14.9614	-7.47244
13.5112	-5.30394
14.2571	-7.93795
13.5874	-9.6426
14.0796	-5.89769
14.27	-8.4306
14.4709	-8.58444
14.3306	-4.52692
14.3601	-7.84737
14.6392	-6.40983
14.0248	-9.87476
10.4697	-3.06856
14.1772	-7.85064
14.7342	-6.86616
14.645	-6.96352
13.1351	-6.8283
14.231	-8.00894
12.4297	-5.20411
13.2037	-7.82224
14.9109	-7.52449
14.8716	-5.63722
14.9849	-8.5249
11.3531	-5.61071
13.5722	-6.48027
14.4971	-7.77193
14.836	-7.72291
13.9893	-5.26158
14.1823	-7.45678
14.773	-6.73973
6.00831	-11.8388
14.9733	-6.79826
13.8368	-6.51641
14.4102	-9.96831
14.6135	-8.04842
14.6699	-8.05009
14.8224	-6.83641
14.6344	-7.25722
14.5921	-7.80026
14.8959	-5.82013
8.00776	-13.0952
14.823	-4.47685
14.9018	-8.39692
14.4056	-10.157
14.1272	-8.97085
14.054	-7.67255
14.199	-7.66374
14.377	-8.87416
14.6266	-7.26555
14.9216	-8.12221
14.7162	-5.51891
14.5328	-6.92212
14.7473	-9.64052
14.2059	-7.18001
14.807	-7.4085
14.8999	-6.34919
13.8538	-5.07685
14.7541	-5.57484
14.6114	-7.21159
14.1356	-9.82122
14.8764	-7.99692
14.5777	-3.15468
13.866	-10.3804
14.694	-7.30528
14.6649	-5.97189
13.7068	-9.13004
14.6363	-8.26278
14.5322	-6.40096
12.733	-7.93318
14.4189	-3.93084
14.7284	-6.78694
14.5586	-7.29464
13.5507	-5.41466
14.4855	-7.76057
14.4643	-7.77349
12.3946	-10.3628
12.6941	-7.24395
14.062	-7.5467
14.261	-6.1537
13.9604	-5.56819
14.141	-7.88151
14.3729	-7.65226
13.9824	-10.329
14.9363	-7.48177
13.1293	-7.47831
14.5515	-9.03043
13.9554	-8.70012
14.958	-7.41166
14.7637	-5.58567
13.2159	-7.98273
14.3394	-8.06023
14.9393	-5.23792
13.8993	-7.57798
13.2512	-8.59364
14.4163	-9.18458
14.8593	-7.93105
14.8086	-6.72663
13.5558	-8.31538
12.9963	-8.34332
13.6888	-3.53582
14.6014	-6.65884
14.5308	-7.48744
13.4872	-7.43295
14.6562	-8.99012
12.1744	-7.26264
10.3278	-13.9171
14.7046	-5.55049
14.0309	-8.27558
14.9022	-8.29076
14.3591	-8.04306
14.0965	-8.9205
14.5579	-5.61375
14.9548	-7.15253
14.3665	-6.73279
13.8747	-6.93593
14.8276	-7.48742
14.8763	-7.00756
14.7409	-5.21403
14.7738	-9.55814
14.8838	-7.35629
14.5539	-6.11572
14.4291	-7.05915
14.7371	-7.90171
14.959	-5.991
14.8984	-8.92
14.6667	-6.75952
14.2262	-5.21268
14.7795	-4.53262
14.7935	-6.44803
14.8408	-7.37851
14.7746	-7.1946
14.6724	-8.10772
14.8723	-9.08849
14.7072	-7.47163
14.663	-5.94736
14.4719	-7.77277
13.3112	-6.07434
11.0378	4.66423
14.6934	-8.67998
14.6159	-10.0146
14.2442	-6.08485
14.5566	-5.74286
14.1564	-6.57491
13.6241	-6.56272
14.9565	-6.87881
14.9837	-5.68967
12.5519	-7.86735
14.6416	-7.45298
14.6104	-6.79549
13.1896	-7.73377
12.6572	-2.77215
14.8705	-7.07946
14.8814	-6.60118
12.7742	-10.4741
14.3168	-10.241
13.4414	8.90815
13.7293	-8.93229
14.5421	-8.6856
14.6062	-7.23738
14.9561	-10.5097
14.0151	-6.79317
13.7303	-6.07398
8.72902	-10.8781
14.7795	-6.88188
14.4903	-7.40961
14.5685	-10.2264
7.48893	2.94991
14.1902	-8.903
14.6927	-5.90273
14.2979	-9.03096
14.3954	-7.95995
13.9724	-5.90772
14.9404	-3.93176
14.8473	-8.34666
13.6341	-6.33085
12.6173	-8.29888
14.646	-8.72693
14.2008	-7.24145
13.8953	1.24801
13.2697	-7.94581
14.9178	-8.91163
14.9255	-5.33625
14.8228	-7.72373
14.5959	-6.29639
14.5932	-5.50764
14.1558	-9.63467
14.6488	-6.76514
14.9211	-6.28955
12.4712	-1.3717
14.5735	-6.91679
14.9879	-7.24482
13.5396	-7.15331
14.2613	-6.56646
14.3836	-9.12428
14.2177	-8.82049
14.9771	-6.45596
13.4411	-5.10195
14.6341	-4.08428
13.3953	-8.93769
14.488	-6.31972
14.2888	-8.75962
13.8254	-8.41402
13.5204	-6.55402
14.7889	-4.92429
14.5663	-8.31504
14.7491	-7.07045
14.5747	-8.01795
12.8222	-7.75332
14.5129	-6.50772
14.3227	-5.93039
14.4184	-6.41534
14.8272	-7.02157
14.5003	-7.86093
14.8893	-8.00981
13.9799	-7.44434
14.5048	-6.34414
10.0798	-7.1813
14.5739	-6.3397
14.34	-6.89383
13.2995	-13.6574
14.4417	-9.36069
13.5637	-7.499
14.0205	-7.62366
14.751	-7.81713
11.7148	-7.92833
13.4969	-8.04125
14.3969	-4.56153
14.3282	-8.5678
14.3498	-7.15876
7.50314	-13.7269
14.3843	-7.95902
14.0181	-9.40135
14.0667	-6.45924
14.6179	-6.57236
13.4455	-10.0128
14.5036	-6.85086
14.0458	-7.90063
14.7753	-7.69859
8.69668	0.394652
14.0677	-4.9945
7.48376	-7.58311
14.0253	-4.82941
14.8345	-5.56427
14.1733	-9.9579
14.286	-7.97336
14.2096	-10.0851
-5.85652	-6.21011
13.0717	-5.83542
14.8712	-8.25611
14.1111	-5.42001
14.3582	-5.99853
14.9645	-5.78324
14.6091	-8.23439
14.8389	-8.66815
13.996	-8.29757
14.8161	-7.21297
13.3452	-9.20854
14.736	-7.95922
14.8677	-8.16706
14.8825	-9.52922
13.7338	-6.68467
14.843	-8.78599
4.88679	9.06945
13.3746	-8.15748
5.45264	-3.53328
14.747	-7.20393
14.3936	-6.94647
13.6642	-8.7737
12.2962	-9.22367
13.361	-4.88977
13.9169	-8.18977
14.663	-6.39739
14.9153	-5.7434
14.2702	-6.80207
14.9466	-5.94553
14.6588	-5.69787
14.576	-4.89184
14.9931	-6.03912
14.9177	-7.49776
13.9123	-7.4801
14.155	-9.54822
14.9564	-7.37428
14.5331	-5.93687
14.1084	-6.34101
13.9062	1.57216
12.7056	-6.51125
13.9504	-7.51416
14.2675	-10.3832
12.9146	-5.87216
14.9916	-6.29836
14.7823	-9.17394
13.6991	-7.97104
14.1124	-5.03524
12.3759	0.374747
13.955	-8.95247
14.4826	-9.36181
14.9976	-8.21677
14.9769	-7.02924
14.6712	-7.77515
14.7482	-8.454
14.3585	-6.40783
10.8887	1.61517
14.3981	-8.66633
14.7831	-8.5646
13.2099	-5.77608
1.21811	13.6865
14.3462	-5.83293
14.9766	-7.0179
14.2991	-9.82471
13.5926	-7.41053
14.7846	-10.6407
5.57653	-10.9516
14.85	-5.75175
13.9361	-7.31888
13.5719	-9.03059
12.1072	-7.12496
14.5755	-6.67903
14.1064	-6.02255
14.4863	-7.93118
11.0712	-9.06565
14.7627	-5.41134
14.4977	-6.82487
14.4543	-5.69825
14.9929	-8.10091
12.8671	-8.19558
14.3448	-9.45967
12.1698	-9.81169
14.9463	-7.79767
12.3414	-4.48735
14.9487	-5.94472
14.6098	-8.33811
14.2648	-6.53911
14.683	-6.98234
11.6131	-3.97265
9.16163	-3.24707
12.1527	-6.19371
14.6134	-8.3078
14.8516	-5.91883
13.7092	-7.91182
14.2	-4.77285
14.6667	-8.10743
14.8449	-7.58181
14.4462	-4.84263
14.6523	-5.74931
14.7892	-9.74502
14.5594	-9.06607
14.2582	-5.96542
14.1896	-8.45181
14.4153	-5.49832
14.3972	-7.03501
11.7208	-3.40324
14.8408	-8.46087
14.492	-7.13324
13.2471	-6.3573
13.1752	-6.12458
14.4177	-9.56363
14.2682	-8.19986
14.5702	-9.28997
14.7277	-9.19547
14.9735	-5.27291
12.7912	-7.99841
14.9876	-10.8918
13.9392	-7.42116
14.2336	-7.2707
14.2977	-7.5562
12.2585	-11.7025
14.9697	-7.34099
13.5677	-10.3154
13.7582	-8.03981
14.6518	-8.16378
14.9922	-6.12435
14.7406	-8.72185
14.7857	-7.70268
14.3182	-7.39103
14.7938	-7.8103
13.7921	-6.2487
14.9801	-7.82357
14.6137	-6.66774
11.4244	-10.863
14.1087	-4.29104
14.8533	-7.40487
14.2123	-8.12624
14.6554	-4.7148
14.9659	-7.62334
14.964	-6.46465
13.9947	-6.9541
14.8354	-6.64317
13.8046	-7.49913
14.6681	-10.4811
13.7526	-7.89451
14.7877	-6.77379
11.2231	-10.1017
14.5667	-8.40146
14.7703	-7.24922
14.4416	-6.35331
14.873	-9.53588
13.9576	-10.2407
14.4758	-6.8741
14.9334	-5.67269
14.7032	-8.02299
14.7202	-8.33378
13.8561	-8.33791
14.6398	-8.46725
13.5116	-7.03724
14.6298	-8.66725
14.36	-7.8343
13.7046	-7.52379
9.11383	-11.3679
12.2446	-5.49557
14.2974	-7.05823
14.7636	-6.07785
14.9281	-5.55012
14.9388	-9.22563
14.337	-6.61389
14.9208	-11.3435
14.1523	-6.37171
13.9698	-4.8361
13.4123	-7.24244
14.7134	-6.30399
13.8841	-8.96413
14.6047	-8.66189
14.429	5.63053
13.1065	-5.53801
14.3385	-8.0459
14.8469	-8.17943
14.9286	-7.11216
13.7587	-8.21089
13.4807	-6.56919
14.2944	-7.46341
14.7236	-8.20707
14.66	-8.12361
13.6134	0.630851
14.3798	-6.45657
14.4257	-8.78327
13.9576	-7.70178
14.1899	-8.06975
14.386	-8.54529
14.5795	-8.80466
14.9158	-10.3875
14.7938	-8.80878
14.0325	-8.35775
13.6601	-8.48422
14.6396	-7.48056
14.5345	-5.20071
14.6612	-5.75161
12.5693	-11.0077
14.7728	-5.06487
14.1838	-9.36472
14.5996	-8.61318
3.85416	5.12394
14.4394	-9.73813
14.5959	-7.81062
14.7437	-5.54925
14.5463	-8.74941
14.7561	-8.46543
14.6646	-6.33481
14.8521	-5.99846
14.872	-7.32192
13.0644	-8.10949
14.0597	-9.04932
14.811	-6.60107
14.072	-7.51677
14.7768	-7.57417
14.2903	-5.62367
13.472	-12.1631
14.3674	-7.96477
14.4768	-8.2014
14.7695	-7.83231
14.3294	-9.65044
13.1739	-10.5105
14.6446	-5.69099
14.8038	-7.63614
14.6902	-8.40667
14.2983	-4.96863
13.8839	-7.19516
14.9178	-4.85539
14.8941	-5.10305
10.8207	-8.03609
14.3943	-8.47902
14.9135	-9.38402
14.7204	-9.46962
6.70501	-6.58499
14.4833	-7.99218
14.568	-5.00554
14.9864	-9.45951
11.4491	-5.74862
13.654	-5.49089
14.9454	-9.04829
13.6312	-8.20546
13.8993	-6.58842
14.1369	-7.33812
14.1899	-7.06576
14.471	-7.60996
14.0774	-4.97766
11.1796	-8.16363
14.8174	-7.50604
14.4076	-6.44966
14.9245	-10.829
14.4688	-8.31934
13.9167	-6.92919
14.477	-8.39502
14.9186	-7.69174
14.0475	-7.9247
14.991	-9.07802
13.7021	-5.42416
14.7172	-8.11952
14.2382	-6.82564
14.684	-7.79341
13.4356	-9.65025
14.1962	-9.61298
13.1599	-7.92096
13.8694	-8.07438
14.7687	-7.2607
14.8624	-7.39997
14.4222	-9.2552
14.3905	-10.5983
14.9676	-10.3112
14.9934	-6.35639
14.3525	-7.46548
13.8884	-8.49727
14.3778	-8.80072
14.8528	-7.86349
13.5915	-5.3006
14.7205	-8.31864
13.9997	-5.36774
14.9866	-6.29498
14.6598	-8.89586
13.7632	-13.7983
11.5972	-0.584906
14.2742	-6.18177
13.4435	-9.21881
14.9286	-8.76736
14.529	-5.1138
14.4457	-7.78894
13.2244	-5.17123
14.2625	-7.47998
13.8175	-5.5765
14.2558	-6.74436
14.8595	-7.09589
14.9778	-4.36236
13.9195	-8.44487
13.3474	-7.02723
14.6989	-9.41954
14.7613	-7.93613
13.3609	-6.47445
14.8882	-7.28912
13.6645	-7.36834
14.9415	-7.20596
13.6359	-5.43674
8.0962	-1.46192
14.6267	-8.83655
13.5499	-8.13192
14.2674	-8.01029
14.9948	-7.49177
14.431	-9.55198
14.3747	-7.71491
14.937	-8.27662
14.6398	-6.03631
12.6455	-5.05309
14.5603	-8.37171
14.6754	-5.82072
12.8639	-7.42217
14.7146	-7.77223
14.1582	-9.01512
14.7722	-7.68411
14.7472	-4.62626
14.6964	-6.7432
14.8869	-6.40475
14.9367	-10.3711
14.7962	-5.6183
14.7166	-7.53509
14.3737	-6.30299
14.976	-9.63881
13.9688	-7.45428
14.0608	-6.96548
12.8892	-7.37948
14.7795	-8.72824
13.5715	-7.76807
14.4954	-6.85669
14.9202	-6.34171
14.754	-8.57252
14.7837	-8.54103
14.7109	-6.42841
13.7851	-4.70018
14.9282	-7.32378
14.9283	-6.14623
14.7843	-6.07071
14.5207	-6.45681
14.8525	-9.20583
14.3687	-8.75319
12.7972	-6.1053
14.6405	-8.84254
14.9339	-7.52397
14.6884	-6.70089
14.3657	-7.31471
14.2841	-5.24638
13.6543	-9.43623
12.0751	1.76418
13.957	-8.92482
10.7763	-7.40539
14.0755	-7.76577
14.8143	-5.28879
5.18184	3.15494
14.7107	-9.03733
14.7296	-6.21395
14.8522	-8.59288
14.1018	-9.35942
14.7683	-7.41241
5.92093	-13.405
14.0256	-8.03766
12.8508	-5.36342
13.6423	-6.71297
14.5156	-8.84916
14.9675	-5.94678
14.3953	-6.42573
13.5373	-6.8649
14.2873	-7.60179
14.3872	-8.79753
14.9674	-8.83972
14.0669	-8.02271
12.1921	-5.76813
14.6581	-8.29086
9.27785	-9.15968
12.9415	-8.02803
7.22922	-11.7726
14.5931	-7.54318
14.9408	-6.92666
13.9505	-5.80542
14.0153	-8.24294
14.6039	-5.70836
14.8096	-6.52344
14.8168	-8.06573
14.9955	-8.31352
14.9985	-8.29228
12.9621	-7.91893
14.3015	-6.00418
14.958	-5.39087
14.836	-8.46934
14.5493	-7.05615
14.8367	-7.69766
14.8445	-5.09159
14.7853	-8.85625
14.2751	-7.9445
14.1502	-5.08037
13.9647	-5.86792
14.0465	-7.97033
14.1518	-6.13083
14.2114	-8.13984
13.5837	-8.8193
14.6485	-6.46446
14.5084	-10.0321
14.0882	-6.71947
13.5329	-4.56988
14.5421	-7.965
14.4178	-6.95805
13.9498	-8.62244
14.7126	-7.73545
14.8772	-9.31215
14.2869	-5.08682
14.0239	-7.26016
14.3107	-7.86256
13.8249	-8.38187
14.9005	-6.0715
14.1091	-6.7693
14.8535	-6.1824
13.7355	-8.15289
13.0148	-5.45162
14.7392	-4.53814
13.6505	-5.70084
13.2844	-8.18742
14.4377	-5.01029
14.0354	-5.80515
14.055	-5.55039
12.4865	-6.73975
14.5616	-9.38182
1.0469	-11.5412
13.687	-9.42289
14.7428	-5.83298
14.8302	-5.04392
14.6201	-8.94769
13.7411	-9.20744
13.8796	-7.01384
14.6546	-5.57974
14.9733	-5.8993
14.8579	-8.17557
14.9078	-8.5778
14.6699	-6.06515
14.1103	-10.4456
14.9882	-6.70332
14.7919	-6.00639
14.7364	-8.22231
14.8135	-6.79837
14.1852	-8.40887
12.085	-4.01526
14.3106	-5.72632
14.766	-7.33321
13.3764	-4.34416
14.5815	-6.90886
14.8931	-6.27488
14.8366	-4.12891
13.9338	-6.93342
14.1831	-6.04458
14.8431	-5.71713
13.4215	-7.33719
14.1057	-7.59359
14.8137	-7.97926
14.6446	-9.91094
14.842	-8.71052
14.7476	-8.8446
14.6675	-6.98605
14.6017	-5.61647
6.03364	1.14897
14.9552	-8.72923
14.4987	-5.89787
14.8953	-9.42254
14.9901	-7.37502
14.8956	-8.48256
14.5763	-5.8425
13.9802	-7.23411
13.6001	-9.4771
14.95	-6.41511
14.2208	-6.96449
14.1168	-6.42507
14.4514	-7.36788
14.0493	-5.96696
8.26165	-6.89571
14.1432	-9.725
13.6516	-8.68064
14.7574	-5.18286
14.8821	-7.94326
14.5906	-7.36579
14.172	-6.89633
13.1563	-8.5356
14.8129	-8.31628
14.7634	-7.22887
13.7296	-5.77314
14.9031	-7.36901
11.6571	-9.32237
13.1408	-7.37026
13.8887	-8.3346
14.1397	-7.14908
14.4506	-9.71239
13.8974	-9.04775
14.8711	-8.53359
14.2701	-9.00427
13.1898	-7.4781
14.2435	-4.78044
13.7202	-4.85743
13.891	-10.2181
10.7572	-12.0294
14.5001	-8.61046
14.8	-5.43572
12.1146	-8.38811
14.4804	-8.02744
14.2065	-4.81572
14.5008	-7.23121
14.3311	-7.63639
14.6353	-5.33418
11.9216	11.0306
14.4649	-8.39033
13.7899	-6.66188
3.18824	5.4746
9.95285	-4.20635
14.5446	-7.39304
14.9699	-4.57213
14.9162	-8.61561
14.2427	-7.04353
14.6928	-7.75657
14.2515	-6.8208
13.1498	-11.5117
14.3743	-8.71815
14.5175	-7.93859
14.7658	-8.33605
14.5015	-7.85685
14.511	-5.62903
12.7316	-14.0886
14.5458	-8.07171
14.4129	-8.48441
13.3581	-1.62806
14.0131	-9.57836
14.7836	-8.95777
5.02443	-8.36404
14.4198	-6.68988
13.2766	-7.07612
14.3104	-9.34272
1.77899	4.41739
14.4533	-3.36463
13.1811	-7.30069
10.5492	-12.4695
14.1539	-10.3415
14.8748	-8.53173
14.8132	-9.27169
13.6131	-8.43231
14.5321	-10.177
14.4414	-6.97946
13.7537	-6.52181
12.1583	-10.9654
14.8611	-5.19268
14.7767	-9.3165
13.8913	-7.92502
14.942	-7.16233
14.4474	-4.85023
14.4962	-10.2956
14.2522	-12.6547
13.3127	-8.61484
13.1941	-6.30668
14.6859	-8.73744
14.3858	-5.86467
14.0599	-10.9308
7.121	-0.219321
14.5539	-9.13179
14.2409	-8.7155
14.4665	-7.39957
14.9847	-6.76935
14.4478	-7.57223
14.6758	-8.33781
14.4132	-4.83553
14.7444	-9.63653
12.7479	-6.80471
14.507	-5.67948
13.4381	-7.22925
14.5996	-8.9779
14.9425	-8.22711
13.862	-8.04419
14.9777	-7.57612
14.7612	-9.28009
14.4515	-5.89203
14.9867	-6.76923
14.2285	-6.15293
12.8437	-6.04466
14.3063	-8.37659
13.8766	-8.56054
14.9419	-7.13705
12.8162	-8.46941
14.8508	-5.3686
14.7217	-8.27359
13.393	-8.66116
14.5696	-6.43973
14.1741	-8.31494
14.9775	-6.73404
14.6414	-6.83581
13.0787	-5.22914
14.2045	-8.38794
14.5743	-10.7447
14.9412	-9.12121
14.4306	-8.75389
14.9035	-8.10976
13.7082	-10.8512
13.9931	-8.17525
13.2733	-6.21089
13.4438	-10.491
13.8686	-8.87044
13.8952	-7.58638
13.9865	-7.28415
13.8594	-6.97279
14.9367	-9.97623
14.307	-7.33139
14.7712	-4.72327
14.5706	-7.85524
14.1944	-6.52753
14.6745	-8.08768
14.3108	-7.6591
14.9016	-7.70893
10.5761	-8.3865
14.7402	-6.94326
14.9212	-8.68834
13.6282	-8.06684
14.6334	-5.54523
14.6535	-8.37707
14.2043	-6.6298
14.3516	-7.88391
13.6241	-3.5711
13.6081	-7.94314
14.1899	-7.84157
14.5594	-6.54525
14.159	-7.37403
14.4374	-7.54338
14.9149	-5.62697
14.2783	-7.32874
14.5905	-6.41598
13.2669	-9.53859
14.8933	-7.59118
14.617	-8.02176
14.4092	-1.0548
7.22852	-6.47435
13.7556	-6.53758
13.2722	-6.57842
13.775	-8.38598
7.49533	-9.58824
14.9249	-8.7432
13.9608	-6.16734
14.9365	-8.73146
12.8118	-7.88291
13.1768	-7.35581
13.1197	-8.52582
14.5268	-8.1779
14.2995	-4.95998
14.8089	-11.2313
12.7257	-7.74449
13.9749	-11.6752
14.7722	-6.48216
14.9251	-5.61658
14.982	-8.34525
14.905	-5.46059
14.9893	-6.11474
13.8407	-6.12217
14.0638	-9.644
13.1958	-12.8272
13.8824	-7.39227
13.8677	-7.68354
14.0476	-8.67037
14.5244	-6.84707
14.1336	-6.53376
14.1639	-9.42554
14.4885	-6.35695
13.9791	-4.97152
14.9742	-8.47163
13.8921	-5.46158
14.2391	-6.71661
14.398	-7.71029
12.0084	4.25939
13.0386	-4.29914
14.4631	-6.80202
13.9433	-8.50423
14.9272	-8.90497
-13.0165	-3.91815
13.697	-1.50742
14.8843	-6.71257
14.9906	-9.08984
13.5387	-6.45429
13.6516	-5.45263
14.9745	-8.72005
14.3284	-6.04272
14.6896	-7.18379
14.9698	-8.11683
14.4356	-8.88268
14.9131	-8.42037
13.6137	-6.65886
14.4404	-6.01481
14.7139	-9.54645
14.8455	-8.29755
14.1018	-7.9751
13.7349	-8.81548
14.7377	-8.06029
14.6995	-7.23315
14.3809	-5.83769
14.884	-8.12759
13.698	-7.75111
14.2348	-9.84844
14.3195	-7.66339
14.0764	-8.78283
14.0953	-5.04087
13.9974	-8.27839
13.2382	-5.55775
13.6861	-13.2403
14.6202	-9.44754
14.7021	-8.59594
13.9436	-7.01243
14.4172	-6.10487
14.8963	-5.7313
14.4331	-6.98277
14.6379	-8.53942
14.9138	-10.1669
13.2744	-9.07122
14.2065	-8.75855
14.4294	-7.54238
14.4319	-7.81224
14.8626	-5.47155
14.3078	-7.34247
14.6065	-7.09916
14.4035	-8.74096
14.6534	-9.25956
14.7409	-8.3867
14.433	-7.84124
14.6204	-4.37899
14.3908	-8.33631
14.0957	-4.92618
14.7736	-7.84223
14.6785	-9.59794
14.5562	-8.19709
14.6064	-6.30826
11.6192	-9.6917
14.7018	-7.27648
12.6607	-11.3813
14.8613	-7.36235
14.3158	-6.17596
13.6053	-6.90488
13.9699	-8.19246
14.1485	-6.22226
13.049	-7.47037
14.3273	-8.44321
4.49408	-4.27159
14.2193	-6.40752
14.4202	-7.53462
13.2474	-2.7382
14.653	-7.51797
14.0078	-8.28865
14.1761	-8.67725
14.3416	-8.05285
14.2505	-8.62835
14.9087	-8.80787
14.8913	-8.09309
14.8928	-8.6973
14.9885	-6.86511
14.3751	-6.11326
11.7869	-2.56583
14.2797	-5.56068
14.7781	-4.28104
14.9263	-7.77355
14.4846	-6.07058
14.2449	-4.3183
13.5883	-6.60302
11.5437	-8.63733
14.5277	-8.93406
14.1526	-7.98594
14.9174	-7.80738
7.39121	-10.1323
14.9981	-6.15745
14.7163	-9.07964
14.5643	-8.51774
14.2964	-6.30146
14.3872	-5.6024
13.6776	-8.95723
13.7356	-6.58749
13.859	-6.10814
14.5534	-6.24257
10.0048	-2.19864
14.6623	-7.34211
14.6275	-9.39357
14.6086	-8.19652
13.9118	-5.64855
14.9032	-8.41191
14.1365	-5.09775
0.0705545	13.2909
14.5533	-6.33693
13.1682	-4.07854
10.6006	-3.03303
14.8458	-7.15518
14.9326	-7.37775
13.8539	-4.67217
14.1312	-7.35807
13.823	-8.12735
14.9378	-8.1781
14.9793	-7.38902
14.4671	-8.16931
14.158	-5.20216
13.8062	-10.3098
14.9784	-8.36927
13.0545	-7.6096
14.8698	-10.489
13.4662	-6.46388
14.5409	-8.2154
13.3	-7.03031
14.6798	-10.0191
14.5963	-9.1471
14.1966	-7.27328
14.5534	-6.20976
14.8967	-6.02088
14.175	-9.4846
14.5559	-7.7957
14.0262	-8.90643
14.5597	-8.38835
14.5781	-4.05669
14.985	-8.8836
14.6865	-9.28232
14.3778	-7.39188
14.2571	-9.88951
14.3075	-6.97975
14.9985	-6.10195
13.5473	-9.8461
13.9396	-6.14971
14.8771	-5.55311
14.2807	-8.24859
14.9286	-6.96653
13.7231	-6.55616
14.8551	-7.67582
14.2619	-10.3341
14.9309	-6.27625
14.2445	-5.21596
14.3765	-8.01363
12.9672	-7.20561
14.8374	-8.41288
14.6312	-9.91444
14.5809	-4.24704
14.9944	-9.07251
13.9439	-5.88431
14.9707	-6.87813
14.3984	-8.96168
14.5526	-7.86981
14.7864	-6.39966
14.0378	-6.52447
14.7101	-7.12472
13.7678	-9.66415
14.8253	-6.88783
14.7944	-8.48064
14.7468	-5.96535
14.8436	-7.28462
14.8727	-7.16707
14.9546	-5.47618
14.5449	-8.07865
13.3462	-9.51666
14.9486	-7.98332
13.8088	-7.84482
14.708	-6.26097
14.5673	-7.15695
14.6003	-8.97872
14.0551	-6.46117
14.7955	-6.01052
14.8946	-7.08823
14.2999	-6.81381
14.6408	-6.69388
14.9051	-6.70989
14.9319	-6.81767
14.3516	-8.23311
14.1251	-10.3278
14.8069	-6.53454
14.1543	-7.096
13.8871	-8.2281
13.8577	-6.58724
14.9125	-4.34821
14.4597	-6.48913
14.888	-8.33346
14.8034	-9.06919
14.918	-8.20583
13.587	-8.58158
14.9908	-6.60196
14.414	-4.99015
14.602	-8.24498
13.9626	-5.0806
14.1213	-7.122
14.3466	-9.33401
14.5784	-8.80716
13.1013	-7.80547
14.3777	-6.50342
14.0409	-7.87495
13.9844	-2.99953
14.7163	-5.91515
14.8981	-6.37687
14.149	-5.90839
14.6896	-7.0364
14.5394	-8.523
14.7955	-11.2872
14.6158	-8.7881
14.903	-7.52167
13.7337	-4.69065
14.9334	-9.32908
14.3495	-7.16582
14.8131	-8.41327
14.8169	-6.12093
14.8814	-8.94286
14.8007	-7.78031
14.797	-9.63365
14.2592	-8.28186
12.1894	-7.31877
14.7196	-6.36613
13.8958	-5.79263
14.6951	-9.14098
14.0588	-6.49503
14.5697	-5.78181
14.6429	-6.51403
13.5161	-9.20076
14.4505	-6.85101
14.6637	-7.65864
14.9816	-8.39176
14.0422	-6.16947
14.7507	-6.87182
14.8219	-6.47974
14.582	-8.70762
14.4539	-7.92324
14.6337	-9.30802
14.8856	-9.16705
14.5102	-9.92501
13.1346	-6.4168
14.5765	-9.31896
14.7216	-11.1363
13.1507	-8.18683
14.912	-8.79389
14.661	-7.98568
9.53166	6.9152
14.4899	-5.67861
14.2627	-9.53244
14.7971	-5.67033
14.5854	-5.77399
13.8284	-8.67315
13.4928	-6.99761
14.2292	-6.39511
14.822	-6.01134
14.8411	-8.53801
14.753	-7.31283
13.8373	-7.04127
13.7558	-7.65339
14.1906	-7.86815
14.46	-8.48902
14.7041	-5.25686
14.1036	-8.45076
14.7371	-8.53094
12.875	-3.4724
14.9653	-8.0151
12.2038	-8.50584
14.9411	-7.63702
14.4084	-8.61799
14.2135	-9.07221
14.5358	-4.81522
14.9664	-9.30342
14.7369	-7.46409
14.9432	-7.98473
14.9724	-7.9374
14.3327	-7.89692
-12.8893	-2.19826
14.874	-9.02428
14.6551	-10.4887
13.2845	-7.25028
13.7717	-8.63877
14.1386	-7.01864
13.6377	-7.68815
14.2243	-9.09689
13.6449	-5.27181
13.8668	-7.25475
14.4826	-5.54064
14.7461	-6.00284
14.4509	-5.19797
13.9113	-3.83168
13.8366	-8.34002
14.3972	-9.37541
13.9894	-7.67777
12.9122	-8.47596
14.7545	-7.62901
14.8462	-7.1999
14.9815	-5.77933
14.5349	-6.30217
14.9736	-7.21765
14.4191	-7.5873
14.9532	-7.3984
14.4175	-6.74108
13.2461	-3.92119
14.6283	-6.48059
14.3944	-8.21561
14.9379	-7.24509
14.5678	-6.61204
14.6561	-9.40685
14.9466	-7.61181
14.5893	-8.09446
14.808	-7.70702
14.8051	-6.21369
14.7135	-9.41736
14.7681	-5.32312
14.7497	-7.5248
14.5393	-7.80541
14.4207	-7.71216
14.7381	-3.01603
12.998	-7.04762
14.5354	-7.12213
14.5756	-6.59259
14.9844	-5.81166
14.964	-8.32306
14.2814	-6.25428
12.1853	-9.14512
13.6731	-5.77904
14.7925	-8.40701
14.7956	-8.70497
14.9288	-5.50336
14.6385	-6.32101
12.3784	-11.1104
14.2603	-8.83555
14.658	-9.87952
14.7781	-5.19068
14.6699	-6.9313
14.7235	-6.32152
13.4689	-8.92957
13.8265	-9.80509
14.862	-7.54033
14.013	-6.51298
14.5431	-6.92567
14.3828	-8.98199
14.7964	-6.25081
14.8383	-6.26468
14.1714	-8.47935
13.2468	-7.35359
14.3613	-7.65668
14.6869	-8.07801
14.4045	-9.86819
14.217	-7.12067
14.5916	-7.39013
14.5876	-7.68301
14.5994	-6.35527
14.5344	-6.3832
14.5188	-7.28587
13.7622	-10.756
2.17506	-1.1
14.3915	-7.52524
14.2691	-6.77069
14.4372	-9.23195
14.8028	-6.40541
13.7907	-8.30805
14.8904	-7.8556
14.9304	-5.58735
14.8202	-6.66459
14.4897	-7.06552
14.5648	-7.73106
14.6303	-9.34769
14.2232	-6.59289
12.905	-8.52563
14.8114	-9.92234
14.8782	-6.22952
14.8972	-8.77464
14.695	-8.51971
14.9704	-6.59501
14.8933	-8.83919
13.3654	-6.60252
14.9984	-7.66404
14.5157	-6.19114
14.6354	-5.93329
13.9446	-8.35028
11.6397	-7.98184
13.9454	-10.1741
14.2505	-7.6862
14.6242	-6.48285
11.3878	-8.1234
14.5596	-7.43704
14.1949	-7.22488
14.5314	-6.48722
14.0665	-8.35845
14.4022	-8.65711
14.7396	-5.62074
8.8248	-5.30129
14.052	-9.14278
14.4353	-6.18207
14.7285	-5.9004
14.7521	-7.40533
14.9277	-7.67291
14.1009	-9.04505
14.4889	-6.75152
13.7387	-7.52332
14.1668	-5.36655
14.7802	-7.06055
14.5064	-5.56232
14.8318	-8.75905
13.3825	-8.95908
14.438	-5.66037
14.3716	-7.86591
13.1303	-7.45753
14.8144	-7.57071
13.6882	-7.27643
14.9073	-8.94867
14.9247	-9.02211
13.6536	-6.63419
14.7648	-7.96129
8.01928	1.84213
13.2219	-5.34571
14.1491	-7.45818
14.9918	-7.8011
14.8461	-8.29455
14.9962	-5.06027
14.9829	-6.23426
13.7986	-5.37062
14.6539	-7.98948
7.40083	5.19518
14.9995	-6.84339
14.9798	-7.60401
13.9843	-9.04534
13.3643	-7.08945
14.3025	-8.12956
14.6318	-8.02174
14.6295	-6.90624
14.9233	-6.61881
14.5742	-9.19721
14.236	-6.25995
14.9807	-7.98014
14.3171	-8.01351
13.9552	-5.85319
14.6535	-7.84607
14.6631	-7.50063
14.9297	-7.25792
14.7441	-7.08224
14.4325	-6.64222
14.1997	-9.19262
14.8438	-6.5367
14.3759	-10.9006
13.8975	-7.11522
13.1448	-9.69581
12.2644	-8.9966
14.1545	-6.42326
13.3172	-8.24353
14.3603	-9.68188
14.8689	-8.83277
14.9202	-7.06138
9.58025	0.258375
14.6791	-7.7866
12.8766	-6.79061
14.1958	-6.42231
12.4786	-4.71126
14.8672	-7.64714
13.6972	-4.61283
14.749	-8.41869
11.8081	-4.12916
14.5893	-9.63529
14.9598	-11.1908
14.4282	-6.24348
13.8989	-5.78113
13.664	-7.71737
14.8222	-7.52674
14.7892	-9.10994
13.6519	-4.39691
14.9515	-7.16515
13.3234	-6.80678
14.7722	-8.89229
14.5264	-6.24222
14.5758	-7.66583
14.6416	-7.66046
14.9089	-8.22488
13.8318	-7.44181
14.8098	-6.511
13.773	-6.16995
14.5111	-7.06924
13.1299	-1.52048
14.1942	-9.08586
13.9652	-12.888
14.2775	-6.06584
14.1713	-8.56529
14.562	-8.60829
8.16269	4.11955
14.8822	-7.18538
14.2467	-7.34285
14.9624	-6.07057
14.6136	-8.65865
14.1513	-8.10043
13.571	-7.92073
1.60459	-7.3373
14.2986	-7.9238
14.9831	-9.25157
14.7576	-7.86481
7.93309	-9.66836
12.6773	-7.72031
14.4471	-5.93069
14.6044	-6.57771
13.9654	-7.08946
14.3429	-0.388888
14.9147	-6.63486
14.6902	-6.42573
14.6573	-6.5143
13.4883	-8.71865
14.0872	-7.49554
14.7068	-8.66624
14.9808	-8.28511
14.2795	-7.28091
14.3138	-6.59255
-8.94982	-13.7387
14.2222	-8.98251
14.6468	-6.39446
14.4758	-6.72612
14.8721	-7.20228
14.0288	-9.42508
13.771	-10.4208
14.4718	-6.99826
14.4717	-9.0604
14.2813	-5.81666
13.5544	-7.26208
14.7449	-9.16617
14.9211	-8.57665
14.7677	-5.78433
14.9896	-7.81669
12.1986	-7.30361
14.8578	-7.25182
13.6118	-6.60479
14.5234	-8.21831
14.2378	-10.0074
14.0593	-9.42833
14.1249	-8.73117
14.2833	-5.64914
14.3616	-9.36171
14.613	-7.6365
13.9441	-8.24599
13.8883	0.357396
14.5434	-7.51057
14.4401	-9.43069
14.991	-9.73196
14.4464	-6.61377
14.451	-7.53068
14.821	-7.54614
14.7058	-5.93562
14.3634	-9.19312
14.7993	-6.64693
14.8805	-8.49833
13.9724	-7.21654
14.0092	-5.03475
13.7787	-7.24491
14.5612	-7.06999
13.6503	-5.82278
14.8436	-7.16819
13.5584	-9.87282
14.8078	-5.93639
11.22	2.06164
14.6965	-5.57326
14.9109	-7.34744
14.2782	-3.30583
14.7727	-6.38828
14.9686	-6.72547
12.3021	-7.61155
14.2002	-7.72899
14.8842	-9.5295
14.5484	-6.80427
9.35334	-9.36501
14.4344	-8.4395
13.7184	-8.34828
14.612	-7.44413
10.4003	2.12489
14.1055	-6.75809
-1.11001	-8.06542
13.8305	-5.72168
14.3461	-8.26146
14.4597	-8.53922
14.4178	-10.1869
14.0213	-4.38268
14.5076	-10.2207
14.9867	-8.18643
14.5597	-8.87295
14.1493	-9.33936
14.7681	-5.92799
14.5948	-7.15736
14.9252	-7.44989
14.8151	-7.24441
14.8487	-8.24006
13.9859	-8.47862
13.861	-8.2221
14.9066	-8.57338
14.9698	-8.95986
1.77478	-13.6689
9.90059	-6.39747
14.2015	-8.17803
14.7873	-7.97988
13.7827	-7.23728
14.9342	-9.19893
13.9032	-5.73955
14.5063	-9.15718
14.6099	-7.92114
14.8356	-7.21059
13.6189	-3.0651
13.5418	-8.1327
14.3848	-4.40886
11.7423	-4.62729
13.5103	-7.86119
14.9849	-10.0852
12.5648	-9.56642
11.1747	-10.149
14.5661	-7.98616
14.9534	-8.80429
14.5981	-8.29826
12.9424	-5.29534
13.1647	-5.93338
14.6551	-5.96731
14.3608	-9.3066
14.7322	-6.25758
13.7499	-4.27317
14.6216	-6.302
14.9967	-6.60579
14.8977	-8.41055
14.0916	-9.57584
12.5819	-7.29385
14.647	-5.18943
14.321	-7.0929
14.8018	-6.13264
14.8149	-8.819
13.1835	-7.43927
14.2252	-6.13271
14.6145	-7.09928
14.9714	-7.12455
12.8635	-8.63236
14.8364	-7.64605
12.2522	-14.5218
13.6251	-5.44377
14.7788	-7.61848
13.9911	-6.92365
14.756	-6.62442
14.8475	-5.64022
13.9405	-6.3208
14.0089	-8.75445
14.7949	-6.22874
8.88812	-8.39187
14.9259	-6.92962
14.9311	-7.11223
14.9819	-8.20226
14.7436	-7.60117
14.5701	-5.45974
14.6896	-6.78553
13.4872	-6.65751
11.1906	-5.29368
13.977	-7.24242
14.2455	-6.88319
13.7101	-7.54787
14.9179	-7.10454
11.264	-9.28114
14.6393	-5.60255
14.9438	-7.79087
14.6438	-5.84113
14.8397	-7.31469
14.9731	-8.49157
13.443	-10.0134
14.5206	-7.79707
14.6619	-7.79989
14.8779	-7.97966
14.6896	-5.08362
14.3072	-9.06998
14.494	-7.93108
14.4568	-11.2845
11.28	2.43558
14.7922	-7.8061
14.5674	-9.49854
11.6866	-6.56297
14.7356	-6.67517
13.1317	-7.44577
14.9741	-4.88892
14.2614	-6.12241
14.6612	-7.6419
14.1778	-7.31609
13.7089	-7.05611
14.6504	-6.41324
13.8652	-8.50446
14.8304	-8.58777
14.2745	-9.35191
14.9311	-6.08892
13.9872	-8.44143
4.84172	-5.53792
14.5056	-8.84239
14.866	-6.91106
14.8143	-7.4996
14.8844	-8.12126
14.8031	-7.23333
12.0066	-12.9175
13.7096	-8.01189
14.2024	-6.94121
7.26944	6.16163
12.3837	-6.76813
4.63356	-2.208
14.4579	-9.14498
13.6048	-5.65438
14.6339	-7.77484
14.9724	-5.64704
14.6366	-8.84762
12.7852	-8.47996
14.5954	-5.10933
14.5321	-8.48082
14.7027	-8.20362
14.0889	-8.40648
14.9605	-6.47661
14.1	-8.02091
11.8342	4.20822
14.8347	-6.64109
14.5781	-9.06689
10.7898	-6.60177
8.68948	-9.31838
14.9988	-6.67811
14.9389	-5.60686
14.0586	-9.26918
14.0637	-4.55228
14.8956	-9.36699
14.8386	-5.01305
14.1792	-7.62088
13.6452	-8.89678
13.8455	-5.85171
14.0143	-7.76203
14.9085	-5.51619
13.5261	-6.29507
14.3678	-6.54781
14.995	-8.71987
14.7716	-8.91749
14.1753	-6.84565
14.9899	-7.9915
14.9882	-6.38114
14.0743	-6.52141
14.7465	-7.11172
14.208	-8.29748
14.5754	-9.57983
14.6382	-7.46349
14.6561	-6.32472
14.7815	-4.37946
14.2218	-7.92229
14.1156	-5.52974
14.4771	-7.47288
14.063	-7.01487
14.7903	-7.49674
13.4435	-6.88538
14.3224	-7.14545
14.0025	-8.77838
14.8808	-9.14387
14.3141	-5.32548
14.8734	-6.42922
14.7292	-5.92177
13.7884	-8.82883
14.7964	-10.1525
13.7464	-8.20556
14.446	-5.85418
11.1355	-3.96882
14.2975	-7.23916
14.7494	-7.90371
13.6391	-5.92841
14.3998	-6.04208
13.9536	-7.14264
8.57509	-14.3375
14.0302	-8.58025
14.6426	-3.01555
14.7238	-7.02171
14.3567	-7.06011
14.9758	-8.96331
14.7499	-6.98854
13.7861	-8.52635
14.8835	-7.09494
14.0754	-9.50371
14.2909	-7.40827
14.2135	-7.85436
14.2926	-9.98854
14.5657	-5.73118
12.1825	-4.08709
14.5894	-6.42773
14.7209	-7.95876
14.7119	-7.11861
14.2679	-8.39073
14.0952	-7.64066
14.1796	-7.95077
-12.6393	10.7726
14.4697	-5.97519
13.8116	-7.04186
14.8477	-5.77265
14.9044	-7.99743
14.1694	-8.18228
13.9474	-8.3843
14.9939	-4.83212
13.0046	-8.46815
14.6863	-7.35613
14.8468	-4.84698
14.0936	-6.4933
12.8837	-8.55996
14.9836	-9.35163
14.9128	-6.72351
14.38	-5.50937
14.3792	-6.30566
14.8642	-6.59018
-1.31865	-0.438858
14.882	-9.69835
14.3173	-5.8321
14.835	-11.6959
13.8511	-6.35444
14.2534	-5.66978
14.8678	-6.30765
14.5518	-8.13475
12.0666	-8.1338
14.1405	-7.49969
14.4707	-9.89758
13.903	-8.67068
14.5461	-6.66943
13.3823	-7.01362
-2.9898	-9.11855
11.2175	-13.4616
14.0039	-7.60725
14.3849	-5.84467
14.3179	-13.1007
14.7707	-8.73704
14.952	-5.94732
14.0548	-5.5004
14.6629	-7.68513
14.7074	-6.48242
14.1966	-6.52066
14.8369	-8.34111
14.9139	-8.263
13.5101	-6.914
14.3419	-7.03498
14.8708	-6.75683
14.2522	-5.64182
14.8718	-6.0878
14.8919	-6.21236
14.1572	-7.03029
14.0565	-7.3188
14.9693	-8.20972
14.933	-7.83511
14.7537	-7.90015
13.57	-7.09237
14.583	-10.0674
14.4977	-9.33495
14.5048	-6.58497
14.6984	-7.20093
14.352	-6.75825
14.8361	-4.9463
14.7242	-7.90947
14.5961	-4.65881
14.9215	-6.45673
8.94909	-1.61395
12.9777	-8.39197
14.7739	-8.79105
14.6607	-6.42283
14.9979	-6.98466
14.3527	-6.42299
13.0009	-7.95107
7.8019	2.27183
14.8321	-9.91172
14.3465	-4.80216
14.2583	-6.24868
14.1607	-9.9447
14.9428	-7.67098
14.9965	-6.23157
14.5396	-6.40704
14.9391	-5.65621
10.9573	-0.651141
14.8875	-8.1632
14.6821	-6.19499
14.7889	-5.75779
14.8242	-9.15284
14.8078	-7.51325
14.2	-1.7295
12.984	-12.7813
13.9088	-5.60994
14.6909	-5.90022
14.7626	-6.06202
14.397	-6.22179
14.1366	-4.96104
14.2667	-6.8507
14.9339	-8.1857
14.9639	-10.038
13.6345	-7.6711
14.6256	-7.15165
14.1312	-7.82936
14.935	-8.06684
-3.03283	-12.4477
14.748	-7.43354
14.8975	-9.45078
14.1618	-8.45539
14.7428	-5.18068
14.2761	-5.16403
14.2797	-7.74541
14.848	-7.46504
14.9262	-6.04626
13.5457	-6.74984
13.8413	-5.1397
14.9319	-6.91995
14.706	-6.74555
14.5243	-8.76657
14.9867	-6.60856
14.267	-7.29252
14.934	-6.8069
13.573	-7.43611
14.6067	-6.6838
14.8778	-7.83852
14.3077	-7.75801
14.0892	-7.64125
12.7221	-7.71398
