14.7929	-0.131585	2903.6
14.8818	-2.23122	2706.48
14.3151	-2.27867	1961.69
14.0373	0.27786	1881.87
14.7377	-2.49997	306.537
14.1698	-0.387688	1750.01
14.3404	-0.434158	343.872
14.8427	-3.72132	911.275
12.7461	-0.751216	285.54
13.3943	-2.04797	136.48
14.8387	-0.763397	1737.19
13.6129	3.47849	132.256
13.3003	-3.20666	618.737
14.9326	-3.28048	332.248
13.6852	-0.289691	133.216
14.3337	1.20971	144.944
1.4466	-10.8634	94.6569
14.7606	-1.27667	2028.37
14.3486	0.76932	187.512
14.9974	-0.967961	1438.95
14.4264	-1.60745	465.856
13.8144	1.02157	922.151
14.2732	-3.35155	2316.95
14.9804	-1.40356	193.624
14.9538	-0.139738	1687.69
14.9439	-0.642149	383.148
14.1611	-3.62079	179.146
14.3908	-2.74384	1101.7
14.8985	-0.665172	3060
9.9014	-1.05849	165.886
14.8973	1.1751	239.261
13.3233	-2.61248	1121.51
14.5058	1.14287	1322.52
14.8919	-0.918977	419.413
4.94127	-2.67302	216.883
14.5233	-1.72089	2244.7
14.4648	-1.77509	1913.05
14.3678	-2.29572	1542.49
14.2989	-2.54558	1360.55
14.2683	-2.96373	833.55
13.7885	-1.72126	1434.1
14.6751	-3.7512	1254.45
14.4366	-2.7061	417.887
14.5052	-0.614761	326.396
10.1106	-5.93911	155.566
14.6157	-4.86163	165.975
14.9536	-0.102872	3060
14.9271	-3.07573	852.964
14.9677	-1.01062	357.617
14.872	-1.36767	1245.85
12.0306	-2.3348	180.197
14.5041	-1.40065	204.142
14.8225	-1.61093	2250.93
14.6535	-1.02384	2784.3
14.2063	-3.12407	803.154
14.6433	1.67486	29.8156
14.3437	-2.29533	2379.34
14.8668	-1.37005	2983.4
14.7412	-1.4638	2032.71
13.4017	1.37377	921.343
14.9613	-1.20175	3060
14.2965	0.0891886	1188.66
14.7922	-0.652908	1276.04
14.3522	-1.13166	709.022
14.3094	-0.711755	539.87
13.9002	-2.19725	2368.27
14.7546	1.22229	397.565
14.5885	-1.09484	814.7
14.0375	-3.49371	137.803
14.7135	-1.12311	2984.34
14.4328	-3.05307	2682.6
14.7886	-2.2468	118.01
14.8416	-0.768216	392.483
14.9942	-1.64925	565.311
13.7519	-2.40574	1430.67
13.191	-0.569805	178.114
14.309	-4.9854	722.044
14.9723	-1.60124	712.393
14.8957	-1.98485	2139.34
14.7782	-4.67205	118.827
13.8385	-0.776127	290.143
13.1306	-1.76659	166.923
14.3057	-0.608037	51.1759
14.612	-5.77816	237.607
14.9597	1.33522	1252.87
14.2703	-1.69862	1005.79
14.7281	-0.377721	34.7432
14.6047	-1.53118	1817.4
14.3509	0.228113	61.0753
14.7349	-0.48584	2650.43
14.1398	-0.923553	315.69
12.8986	1.90454	504.566
14.3621	-0.242826	2538.76
14.3708	-0.911	935.685
13.6391	-0.670413	743.074
13.3564	-3.28016	1367.99
14.9043	-1.6881	707.946
14.8891	-2.53968	1319.54
14.2843	1.2016	916.776
14.9849	-0.970502	3060
14.0805	-1.77464	1591.56
14.0438	-0.7677	1488.11
14.9902	-0.549579	781.941
14.9496	-0.768271	2169.77
14.7485	-3.39899	1033.34
13.7454	0.692074	106.915
14.7377	-1.56073	535.928
14.6751	-1.27402	1568.03
7.04139	9.43616	127.895
14.5696	-1.71243	1504.91
14.5882	-0.973822	510.648
14.7092	-2.70157	2831.95
14.6878	-1.8365	34.7432
14.854	-1.62661	3060
14.676	-0.39289	250.149
14.9206	-1.67736	1105.35
14.989	-2.54299	313.778
13.7492	-1.69409	119.76
14.9703	-2.87201	1610.33
14.7151	-2.51481	1825.68
14.002	1.358	134.035
12.6045	0.462401	194.73
14.67	-0.808023	1222.44
14.987	-2.00736	657.775
14.6054	-2.4908	992.48
14.5393	0.692788	404.516
14.8534	-0.0303719	620.998
13.2497	-2.85698	67.9425
14.9125	-2.40893	1607.81
14.7425	-1.90674	626.274
13.742	-7.419	107.814
14.4708	-0.381348	1267.99
12.1718	-1.3836	1020.23
14.8023	1.38354	784.653
14.346	-2.00585	316.747
14.8087	-1.09765	2015.85
14.7699	-2.67484	1006.92
14.1834	-3.42853	1403.93
14.0724	-8.35909	45.5146
13.6523	-2.74772	1034.6
14.9466	-3.03651	354.387
14.1878	-3.22429	151.301
13.995	-0.992074	2362.39
14.6155	-0.592787	2095.9
14.2402	-3.43644	990.04
13.8066	2.81117	328.633
14.7322	0.7178	162.842
14.9934	-0.0224776	1563.15
14.5676	0.421274	2540.49
14.4961	0.628745	1466.87
14.9379	-2.61179	163.975
14.9842	-6.88382	214.537
13.9446	-1.39898	2210.38
13.5918	-1.14429	255.865
14.9053	-1.49371	1054.01
14.1925	0.0398979	633.442
14.2912	-1.40774	261.172
13.1019	0.0952786	414.501
14.8797	-2.02625	3060
14.9677	-0.884354	925.993
14.9197	-1.62248	57.6496
14.6072	-2.35888	334.884
14.3806	-1.37703	1019.33
14.6751	-1.79631	422.669
14.8697	-0.8722	180.129
14.5686	-1.96838	338.648
13.8085	-4.55116	103.193
14.45	-0.352369	1543.13
14.9445	-1.30502	157.862
14.3413	-2.18411	621.067
13.9182	-2.01219	2429.81
14.935	-1.59162	2048.76
14.4006	-3.02898	2482.09
14.7911	-1.66933	2168.55
14.0821	2.12609	1335.12
14.59	-1.87765	226.073
14.2735	-0.989908	1349.71
14.0863	-0.817802	1180.26
14.3457	0.710615	143.445
14.1074	-1.4341	568.765
14.419	0.940322	1970.21
14.4426	-2.88728	1127.49
14.8245	-1.36082	2044.83
14.9298	-2.15743	1307.56
14.7103	-0.87834	458.109
14.9858	-1.24276	241.74
8.61857	3.08528	175.184
14.7183	-1.09272	1998.91
14.5995	-1.61352	346.097
14.5696	-1.29082	956.829
13.5829	-1.42429	1307.42
12.8862	-0.2145	85.3692
14.8329	-3.99232	418.842
14.8666	0.586755	1928.59
14.9554	-0.103413	1778.15
14.095	-0.35109	1564.49
14.3605	0.754366	187.171
14.6185	-1.67202	2259.6
14.8456	-2.59516	173.625
14.3595	-1.07024	80.1676
13.2529	0.773621	151.945
14.7159	-2.22781	85.516
14.481	-0.938431	954.889
14.7466	-2.25043	589.455
14.3746	-1.05451	63.8187
2.36758	10.5371	243.902
14.645	-3.5599	1288.34
14.7266	-2.75908	1603.16
13.8724	-1.75304	2256.32
14.4203	-1.81159	918.234
14.8032	0.0601612	1.5926
14.9558	0.858391	1588.6
13.3617	-2.62608	239.969
14.5158	-2.63468	898.013
14.3041	-1.0484	1795.05
11.7968	-7.78412	513.718
14.734	-2.93891	2055.5
13.988	-2.53558	901.677
13.7656	-0.902786	1427.82
13.7826	-2.53021	361.655
14.7527	-3.37232	2674.56
14.58	1.41426	299.769
14.273	-1.094	2092.07
13.7031	-3.0458	1556.08
14.2104	-2.58442	325.431
14.7117	-2.54092	208.677
14.3338	-1.92571	1730.52
14.8824	-2.76835	132.632
14.883	-1.03446	2528.7
14.8156	-3.05577	659.917
13.9276	-2.20338	1963.13
14.5072	-2.63908	644.274
14.7081	-0.443259	663.126
14.3078	1.04111	30.7382
14.7448	1.31234	412.604
5.37399	13.4684	82.3429
13.8248	-1.61925	1222.54
14.3711	-0.409492	34.7432
14.5624	-0.687679	949.355
14.9917	-0.268394	3060
14.6365	-2.14269	846.781
14.7887	-1.41522	497.522
13.787	0.171752	221.56
14.2545	-2.478	1818.08
13.2451	-2.41031	803.002
13.5687	-1.99364	1844.12
13.4077	-2.44207	171.96
14.9843	-1.81526	1735.18
13.4735	0.80981	224.455
14.0239	-4.34933	259.944
14.919	-3.21861	561.207
11.5439	0.314921	155.904
14.3656	-3.25753	2084.01
14.1905	-2.69509	360.666
13.5983	-0.0757718	33.2515
12.0396	-4.41612	11.6302
14.8731	0.0364577	1286.34
14.9827	-2.35974	1950.06
14.2093	-3.13429	1664.18
14.2757	-1.66427	845.845
14.6385	-3.06754	115.492
14.7902	-1.29055	2810.12
13.9927	-1.30071	651.025
14.2169	-2.41902	1185.99
14.5249	-2.37572	1099.38
13.9348	-0.230004	2259.27
13.7279	0.224601	1398.29
13.8216	-2.6864	868.609
12.892	5.18304	128.418
13.6639	-2.64729	1104.36
13.195	-10.7712	135.527
13.5615	-2.50537	1243.56
14.2305	-1.94204	1440.52
14.0324	-2.29474	856.374
14.1563	-1.06393	565.83
12.7006	3.13369	27.3169
14.0297	-2.67655	2189.79
14.5115	-2.3669	1696.45
13.6029	-2.37783	1151.14
14.9028	-1.51938	794.43
14.3235	0.158605	737.44
14.843	-0.372552	2144.62
14.9525	-1.34873	3060
14.956	1.62055	784.224
14.8727	-1.83911	1151.45
14.5311	-2.32546	358.276
2.58084	-10.0876	271.305
11.3946	-5.76188	208.64
14.0812	-0.581203	438.903
14.9575	-1.09888	2815.86
14.6801	-0.368381	270.366
14.858	-1.99276	667.955
11.9181	-5.13092	4.71717
11.4956	-6.18074	490.1
14.8501	-0.505707	2895.85
14.9234	-0.978259	2379.92
14.6671	-1.04167	1697.26
11.051	-1.66938	77.0361
14.0715	0.763798	1379.65
14.8326	-1.40844	2416.27
13.9854	-1.85184	53.5506
14.7482	-2.73966	1833.41
14.9718	-1.61148	1396.44
14.5729	-1.06138	1600.35
14.8836	-3.6779	1124.93
14.8562	-1.86043	1402.26
14.7704	-2.36242	1927.21
14.7649	-3.45909	1672.4
14.2677	-2.51252	247.34
14.0279	0.767847	377.748
13.9588	-0.125368	385.591
14.1172	-1.69006	1658
13.458	-2.02624	1344.36
14.6142	-0.583687	478.547
14.6139	-3.56284	1263.54
12.5057	0.163965	215.845
14.9054	-2.83787	361.425
13.8111	-0.364472	1205.56
14.7521	-1.01958	139.381
14.4901	-0.0679793	663.578
13.8218	-2.9061	196.09
14.2159	-3.43873	1448.9
13.8369	-0.965964	117.613
14.5098	-0.66717	129.066
14.3488	-1.90406	920.33
12.6794	-6.24766	54.9655
14.7434	-0.315808	139.588
14.7051	-0.230849	2588.78
14.7638	-1.3542	2886.39
14.835	-0.898104	2086.34
14.981	-0.96877	2617.25
14.9904	-0.379559	1128.86
13.8589	-2.23498	1903.86
13.7563	-4.9376	325.428
13.6499	-2.72401	83.0782
13.3067	-1.91589	265.004
13.5531	-3.78157	1218.85
13.7928	-0.706062	133.633
14.1606	-2.76108	468.174
13.5649	1.57841	532.791
14.2844	2.58495	11.8329
13.6436	-1.60544	1446.41
14.1283	-0.850915	2345.06
14.2997	-1.06531	961.068
14.5931	-3.26902	124.957
14.8474	-3.1868	2802.46
14.9184	-3.16985	553.589
14.8295	-0.237034	2314.31
14.5201	-2.685	1662.14
14.9831	0.416004	2582.79
11.882	-0.564588	147.061
14.6201	-0.477116	328.943
14.1287	-1.82402	1662.64
14.3504	-2.80644	454.885
14.6428	-2.26967	2315.62
13.4635	-0.847424	310.437
14.4501	0.392427	575.95
14.8951	-2.192	909.46
13.4735	-4.945	114.237
14.9577	-2.27232	453.105
14.4592	-3.68006	476.867
14.4812	-2.18729	1663.41
14.6721	-2.05476	800.576
13.718	0.0755481	242.929
12.6427	-1.50669	623.268
14.7245	-2.23361	143.754
14.6552	-2.95466	2007.59
14.1999	-5.24641	110.561
14.745	-0.900089	1237.64
14.3537	-1.54601	1381.69
14.1544	-1.20213	2542.78
14.7771	-3.29812	11.8814
14.8265	0.892381	156.323
14.7578	-0.101023	1542.44
14.1026	-3.64447	29.7409
14.8116	-2.08151	345.678
13.5573	-1.4902	225.009
14.3584	-1.33469	524.559
14.9971	-2.85214	2524.86
13.8857	-1.69176	1070.15
14.4447	-3.94118	98.3496
14.4983	-1.45524	2606.34
14.1547	-1.06302	2112.57
14.9727	-2.13779	1258.13
14.7347	-2.89642	176.946
14.0655	-3.47112	939.985
14.3434	-2.08624	267.58
14.9879	0.0546633	2900.33
14.7423	-0.0730175	1588.47
14.9585	-0.0297369	364.995
13.4068	-0.616184	219.041
14.3791	-1.5844	1586.19
14.8166	-0.657029	425.643
14.9833	-0.0992307	1554.3
13.2501	-1.99521	1106.24
13.8871	-2.52222	1724.63
13.6581	-0.775639	574.468
14.4972	-0.973513	1145.41
14.9795	0.295845	1222.56
13.2209	-1.7672	1022.46
14.8243	-0.526171	1271.6
13.5831	0.155909	1239.8
13.1783	-0.989269	1451.8
14.5172	-2.5212	1088.27
12.935	-3.45617	842.781
14.8242	-1.03712	754.65
12.2674	-3.39502	209.819
14.8717	-1.41045	2143.23
13.666	-1.82304	1362.22
14.3137	-1.76241	2430.55
12.3528	1.11804	131.199
14.2065	-1.23627	1232.11
14.1717	-1.74293	1271.68
14.753	1.88147	194.001
14.3711	-2.64362	2521.3
13.893	-1.02876	2123.95
14.6657	-1.84152	677.217
14.2022	-0.378199	34.2907
13.557	-0.585664	855.942
14.9887	-0.581842	383.156
14.2177	2.5526	87.3968
13.4456	-1.54758	341.274
14.8159	-1.20914	3060
14.2435	-1.49581	2100.61
14.5328	0.536175	1771.68
14.483	-1.57919	115.768
14.9199	-2.26768	1139.92
14.9652	-2.49321	213.341
14.395	0.939849	289.893
14.5589	-1.64665	1650.4
14.9043	-1.68396	1257.54
14.4882	-0.738817	100.262
12.4011	-3.13328	128.968
-0.847743	-12.0515	735.019
13.2329	-1.31922	161.118
14.6127	-3.70222	1288.63
14.8466	1.07058	1587.34
14.8663	-2.18466	2439.19
12.6309	-0.807912	237.695
13.8522	-1.83232	708.03
13.482	-2.25469	1477.93
13.3032	-0.302657	124.183
13.655	-1.91322	1007.2
10.7244	0.715975	39.1961
13.6888	-3.21638	978.842
14.666	-2.04501	989.477
12.7162	-1.43524	301.325
13.1977	-1.61357	871.421
13.638	-2.1643	832.641
14.994	-3.76267	1389.45
13.9534	-4.63936	404.349
12.1174	-1.09641	201.705
6.22259	-6.69517	689.57
14.941	-0.963395	231.635
14.7223	5.15443	181.069
14.6221	-2.18893	134.759
14.579	-2.42344	1473.95
14.9651	0.185736	2048.09
14.397	0.0246421	486.407
14.5104	-1.11962	2644.29
14.3968	-4.76514	447.194
8.90898	2.00067	15.3888
14.7293	-1.23206	660.663
14.9402	-1.23381	2678.17
13.9542	1.15706	399.671
14.8041	-0.529007	528.341
11.6574	-2.26059	153.061
14.9149	-1.33897	2775.09
14.4796	-2.30159	2683.94
13.6373	-3.17125	74.8596
14.1896	-0.130258	1477.76
14.1937	0.875099	121.724
14.7487	-1.3231	1413.21
14.8501	-3.11862	149.432
14.952	-2.15485	2520.1
14.6338	-2.9244	2456.14
14.8804	1.52866	133.944
12.8449	-0.842003	517.195
14.4687	-0.0822158	1542.92
14.7162	0.481582	1916.77
14.8022	-2.95661	2537.12
14.8372	-1.55973	2939.22
14.5058	-3.43115	632.027
14.7369	-0.733113	168.941
14.9284	-2.64219	113.012
14.9193	-0.193518	289.35
14.9381	-2.90751	2852.07
14.8818	-0.717029	2483
13.0379	-2.96313	611.015
14.8014	-3.71409	1220.96
14.6954	-2.86299	1397.06
14.3264	-0.658865	136.569
12.697	0.939862	32.2087
14.981	-1.45901	2309.84
13.9748	-2.13671	1600.76
14.6114	-2.84007	231.686
13.8633	-4.3179	157.054
14.3697	-0.148636	2129.95
13.8074	-1.32226	1012.64
14.9626	-0.889501	3060
14.5086	-0.452236	1227.73
14.9363	-2.73553	456.978
13.8136	-2.31785	1952.77
13.6083	-0.484099	456.039
14.5793	-2.48729	452.506
14.8957	-0.217001	938
14.7347	-0.0123991	742.705
14.6452	-1.00109	824.402
13.821	-0.36866	471.099
13.0452	1.10941	38.0096
14.573	-1.77101	119.205
14.6738	-2.14184	1487.81
12.6603	-2.84145	263.661
14.7332	0.932902	217.707
14.722	0.0534079	2878.4
14.0093	-4.09501	103.05
14.4963	-0.121138	2724.46
14.4198	-1.89391	1364.79
13.6468	-7.04094	90.2129
14.2701	1.88612	236.249
14.7462	-0.104816	2002.08
14.0305	-1.37327	229.192
14.7161	-1.05905	1340.53
14.1499	-0.597172	1212.78
13.8659	-1.53223	2381.15
14.597	0.438363	2072.92
2.65697	-6.81416	66.2059
14.4865	-2.42836	636.628
9.7214	-4.24656	69.3027
14.9864	-3.21276	974.609
13.5562	-3.40975	2085.78
14.6856	-2.1344	1794.45
14.2954	-1.01732	179.308
14.8929	-1.86615	475.553
14.9562	0.467431	375.498
14.272	0.157799	1243.2
13.9715	-1.57667	806.062
-2.35201	-1.44736	480.347
14.6136	-2.46315	61.0336
14.1649	-2.79704	2043.61
14.2084	1.00847	1126.4
13.6878	0.946779	1789.93
14.3981	-0.16736	2839.29
10.0103	-6.41069	189.287
12.8324	-3.70166	0.773102
13.5735	-2.93056	55.998
14.4217	-0.333306	1856.03
14.1687	0.307675	269.186
14.326	-2.00984	1983.87
8.46975	4.54446	18.1115
14.5556	-3.00006	1117.62
14.6676	-0.289338	579.235
14.9425	1.66532	1857.1
12.7059	1.12393	369.975
14.7817	0.171088	77.9191
14.4723	-3.00498	516.811
13.3886	-4.42382	1502.12
14.7345	-3.69015	2177.63
13.8922	-4.06409	836.75
14.9701	0.323556	903.726
13.8094	0.152571	459.667
14.1248	-1.83495	1951.23
-7.64128	6.42006	149.955
14.5528	-0.766569	985.113
13.2354	1.09367	293.79
14.1208	-0.518553	986.52
14.9965	-2.87012	3060
9.89401	-5.39311	24.5205
14.3759	-1.62681	1393.45
14.8993	-2.49855	2442.66
14.775	2.36442	207.641
14.3125	-2.69961	1978.43
14.9916	0.343966	90.5787
14.1357	-1.00725	1769.57
13.9808	-2.43752	641.191
13.4843	1.77513	34.7432
14.921	-1.254	241.024
14.9951	-0.373559	578.353
14.274	-0.486466	843.522
14.801	-2.47667	2404.53
13.8405	-0.938507	1353.45
14.0152	-2.86279	17.3338
12.8131	-1.32149	879.607
14.0522	-2.78247	1690.76
14.4538	-1.64888	167.695
8.91992	-3.58251	100.62
8.11482	3.09307	138.68
14.5114	-4.40554	1458.02
14.3261	0.243987	818.226
13.9462	-0.58676	182.424
14.3289	-1.16892	2713.16
14.528	0.126441	268.13
14.652	-2.83255	966.662
13.5453	-2.97726	957.798
14.3674	-1.01896	793.665
13.8366	-2.38784	1856.55
14.8731	-0.066822	1711.36
14.1033	-1.53646	224.582
14.7706	0.538462	1543.88
14.5358	-0.404241	2308.89
14.8582	-1.87236	3060
11.7118	-4.25973	57.2796
13.684	-1.75394	577.557
13.8382	-1.62203	1467.3
14.6523	-0.128923	626.9
14.6896	-0.184359	1327.2
14.6155	-0.598618	369.146
14.2044	-2.0599	1280.24
14.6237	-2.82419	334.708
13.1954	0.682397	734.293
14.3609	-0.375132	211.404
14.8335	-1.04892	3060
14.5185	-1.43368	1369.92
13.5448	-0.326232	1018.58
14.7202	-0.756276	693.64
14.7475	-0.300752	1628.46
14.9792	0.0600341	462.849
14.0587	-1.93503	1992.74
5.13807	-13.2069	125.581
12.8008	2.67958	17.0681
14.8079	-1.38116	922.294
14.1059	-0.504882	366.628
14.4535	-4.51925	1859.8
14.636	-1.92769	1156.37
14.4253	-0.99719	103.49
14.0215	-2.1994	668.675
14.5854	-3.19903	137.241
14.6445	-3.96638	131.107
13.8218	-3.20343	932.121
13.9405	-2.13045	330.442
4.23954	-2.4438	151.356
14.8958	-3.21226	1059.55
13.1581	-2.88142	1747.98
10.4947	-1.42995	256.876
14.9428	-0.553416	2742.5
14.9796	-0.694648	114.084
14.1875	-0.790176	2527.02
14.7039	1.8527	303.425
14.3651	-2.7558	302.916
11.2013	-1.28351	99.8879
12.4239	1.51544	113.483
10.5743	-8.55748	179.014
14.2755	-3.16835	2025.49
14.3881	-0.577926	375.656
14.9334	-2.04323	157.758
13.711	-2.91631	947.332
14.4432	-3.62291	127.022
14.444	-1.36622	1440.93
13.1743	-2.87219	271.325
13.716	-0.560142	825.927
14.1988	-1.28869	2172.65
14.8937	-3.22646	2586.02
14.9481	-0.631104	472.7
10.473	0.360587	89.4825
14.3324	-2.35336	1242.48
14.5966	-1.39077	1988.11
14.5361	-0.811275	1090.39
14.4299	-1.0967	1667.26
14.4837	0.523517	382.777
14.1183	-1.38897	150.351
14.7454	-2.74789	690.246
14.9519	-0.797682	258.109
14.7836	-1.00709	943.753
13.6153	-2.29415	356.815
14.7897	-1.51808	1671.73
14.5774	-2.79785	1129.76
14.9196	-1.80147	441.88
14.1183	-1.00395	1129.69
14.5663	-2.51142	2379.5
13.726	-2.17109	1816.69
14.5101	-2.74253	502.722
13.4522	1.10069	536.399
14.8265	-2.44293	1903.11
14.447	-2.98562	1930.28
14.9491	-1.33044	938.366
14.0806	-0.696994	102.045
14.7805	-2.14459	70.1357
13.8244	-1.82664	1526.89
14.4866	-1.7006	1002.23
14.3736	-2.76788	565.114
14.5896	1.13754	876.631
13.7704	-0.931061	1919.64
9.58726	-2.23196	268.316
14.9728	-1.6291	2818.08
13.6043	-1.49883	755.776
13.7294	-1.71975	2221.89
14.6029	-1.29509	657.872
13.6488	-1.07971	981.822
14.8857	-0.268849	1397.98
14.6643	-0.977634	2281.09
13.9194	-1.62949	773.469
14.1932	-0.256268	84.9301
14.0203	-1.3361	605.325
14.3079	-2.20541	392.77
14.4807	-0.224455	2682.81
14.3581	-3.5349	2144.15
14.6829	0.090521	763.508
14.2803	1.13657	78.0747
14.6972	-3.6036	2333.12
14.9454	-5.02293	255.09
13.688	-1.52064	730.334
14.1532	0.599127	190.889
11.584	-8.7128	452.783
14.1986	-2.47518	1674.85
14.9096	1.51944	1376.72
14.8906	-1.2013	386.88
14.621	-3.54281	319.414
13.9179	-4.74103	312.056
14.5826	-2.38949	295.821
14.4677	-3.5794	34.2907
14.7906	-2.7294	608.682
14.4026	-0.535714	1940.52
14.4394	-1.1628	1006.5
14.8411	-1.24027	713.326
13.976	0.453622	1223.08
13.9526	-2.07173	2415.86
14.6645	0.588821	189.062
12.8969	-0.773402	954.564
13.8134	-2.83256	2000.88
14.1678	1.18632	162.025
14.155	-3.79521	160.352
14.9613	-2.61628	221.806
10.1622	12.1777	31.2979
14.2034	-0.384297	711.053
14.8415	-2.01786	1933.47
14.0824	0.767998	1345.2
14.9897	-3.53222	326.368
14.7367	-2.45066	2755.4
14.773	0.0849092	1210.15
14.1545	-1.04038	80.4827
14.5129	-2.92594	988.057
14.9967	-1.3356	1375.84
14.5788	-1.43476	597.207
14.1148	-1.32276	354.922
14.2861	-3.10206	228.372
14.9733	-2.04665	3060
14.5377	-2.08206	2087.41
14.5914	-0.240295	2716.71
14.564	-0.28769	340.704
14.3113	-2.00184	2382.2
14.8704	-1.46367	892.077
14.923	-2.08091	578.874
14.2745	0.203062	233.259
9.0673	-10.5383	3.97439
12.354	2.25648	152.024
14.9754	0.40688	146.613
14.8714	-0.141508	103.968
14.6349	-2.09319	1369.87
14.2973	-4.51407	1588.89
14.9498	-2.20344	2606.91
14.6628	-2.92451	157.139
14.9453	0.162426	17.5549
14.4501	-0.404991	165.213
14.4623	-2.78213	769.502
14.2078	-1.67503	2039.97
14.856	-2.63564	286.332
14.066	-2.98402	238.24
13.9046	-2.02154	2196.1
14.8209	-1.96696	728.551
14.2558	-1.79675	1993.59
12.9864	-4.04364	796.685
14.6928	-0.915025	884.898
14.2736	-3.16477	386.264
14.8441	-0.115304	549.293
14.9858	-2.03675	1097.92
14.0062	-1.6977	1841.24
14.8261	-1.86339	3060
14.4678	-1.38659	964.831
14.6263	-1.19116	1538.31
14.2197	-2.31731	1700.08
14.4507	-0.526897	466.295
14.6008	-1.23255	800.427
12.844	-0.822841	1538.76
14.9645	-2.29569	328.704
14.672	-3.27506	1436
14.6754	-3.4306	2479.67
14.879	1.28783	642.726
13.9031	-2.12776	1394.65
14.4203	-1.10726	2541.3
7.55146	-0.122346	248.284
14.4453	-0.685702	200.592
14.875	-0.411134	1339.25
13.252	-4.82816	536.73
14.9719	2.30617	117.134
14.6357	-3.23281	2228
14.1166	-0.523497	149.753
14.9132	-2.17277	1408.82
13.0562	-0.825843	104.952
14.8475	-0.737467	388.876
8.15214	-6.67152	100.68
14.9911	0.0830474	1409.96
13.9594	-2.58141	889.687
14.7974	-2.66056	2297.13
14.3442	-0.844213	798.855
14.7523	-1.44418	1503.8
14.9907	-1.85274	39.7366
14.0265	-2.34918	2385.97
14.499	-3.19989	1734.22
13.3501	-3.14519	149.256
14.8723	0.514932	152.015
14.3932	-1.21469	537.458
14.3658	-4.04086	969.486
14.8756	-2.70335	1581.05
10.4107	-9.83999	423.16
13.458	-2.03844	494.936
13.8231	-2.72899	1463.89
13.2071	-2.62072	305.545
14.7505	-0.838995	2064.91
14.2969	-3.0424	2035.3
14.7017	-1.04529	639.333
13.9758	-1.56357	1834.08
14.8324	-1.56083	200.489
14.6114	1.77772	1515.65
14.0617	-1.38224	2516.55
14.4326	-1.70109	13.1333
14.7234	-0.586537	2553.82
14.0599	-1.84027	916.328
14.9137	-0.313295	273.691
14.5641	-0.85263	1184.35
13.8899	-0.0923662	1265.42
13.3715	5.91237	15.2579
14.1825	-2.70734	76.0931
13.8937	0.0883616	1684.41
14.7461	-1.9654	2896.93
14.3248	0.463644	2556.17
14.9058	-3.47902	2601.09
14.6057	-0.0254782	1526.6
14.6774	-2.29903	539.086
14.2203	0.00473512	2305.34
14.9311	-0.288014	564.402
14.693	-1.71414	614.322
14.8703	-1.60427	375.298
14.515	-2.81218	2700.81
14.8534	-1.44789	591.85
14.8212	-1.00754	2251.7
13.9896	3.05554	331.976
14.7789	0.193985	1440.19
14.3623	-1.6718	955.642
14.832	-0.590947	3060
14.7558	-1.36371	119.206
14.8582	-1.53011	2397.53
14.3021	-2.88099	1098.98
14.5022	-2.26871	246.257
14.5584	-2.45315	205.604
14.8083	-3.32991	2594.21
13.579	-0.00956319	923.885
13.233	-0.46577	1236.73
13.738	-2.34206	198.787
13.2804	-1.45136	1764.75
13.4057	-3.49113	149.807
9.09831	0.611964	539.854
14.8354	0.45424	655.256
14.3994	-3.35501	1754
14.8775	-3.19202	539.121
14.3778	-2.29956	1935.88
14.2894	1.82953	974.515
14.4701	-2.66794	58.2736
14.4823	-0.409817	2401.41
14.7887	1.31942	1291.67
13.1197	-4.04633	486.689
14.0115	0.763294	111.272
14.3942	-0.915721	1059.76
14.7669	-2.57125	1981.82
14.5677	-2.47103	2419.52
13.3776	0.03688	1007.22
14.5958	-1.69599	1974.75
-1.35953	6.23876	65.3253
13.4617	-2.32335	34.7432
14.4141	-1.78536	473.509
14.6401	-0.394573	1654.08
13.5814	-3.55678	118.304
14.4159	-1.5369	1477.78
14.4695	-2.17451	609.344
14.1001	0.105852	486.283
14.5574	-0.955602	1732.3
14.5682	-2.752	1852.67
14.2819	-2.73513	819.691
14.7099	-2.83456	1688.91
14.0204	-2.8583	330.378
14.9247	-4.13235	2044.03
14.9338	-1.10052	182.388
13.7664	-1.24563	1675.99
14.3254	-1.68162	585.18
14.3311	0.0524867	1596.24
14.7099	-1.39305	800.929
14.5783	-2.31733	1491.88
14.0973	-1.05685	1675.36
13.7139	-1.55774	1837.59
13.8326	-0.869147	745.311
14.5544	0.150838	802.038
13.2554	-1.53695	502.117
12.4849	0.403102	131.889
14.1907	-3.54831	240.463
9.51052	-3.50515	326.698
12.8922	-0.23287	876.659
14.122	-3.08528	440.777
14.7234	-2.27925	541.09
14.8592	-4.09102	1365.05
13.9176	0.382507	2039.45
14.8826	-0.235388	112.34
14.8914	0.0867678	1077.06
13.923	-2.95489	729.551
14.9194	-2.706	81.4774
14.209	-2.70217	2163.9
13.6971	2.05256	162.789
14.0287	-0.148251	2069.08
14.6389	-1.01932	892.747
14.4055	-2.712	2054.31
14.2397	-0.960446	1487.65
14.1727	-0.0258646	1830.49
12.8788	-0.597226	380.509
9.48252	-3.77033	89.3872
14.3811	-0.665169	2631.47
11.3374	-2.29909	266.556
14.5805	0.314852	80.3719
14.3628	-2.25382	1376.84
14.8939	0.0574826	499.138
13.5308	-1.64113	297.372
14.9893	-1.66751	2415.79
14.6994	-2.39869	212.143
14.1494	0.946073	32.739
14.8245	-1.44079	2777.31
14.3798	-1.91469	2272.17
14.1354	-2.48947	2170.6
14.1198	-1.91069	173.659
14.9771	-2.28258	3060
0.00409099	-1.2569	521.198
14.2662	-2.00015	34.7432
13.6839	-5.39507	237.76
14.2514	-1.88046	802.461
14.7394	-0.941588	2857.8
14.9066	-0.2615	252.026
14.1351	-2.30591	1627.97
14.502	-1.58132	259.07
13.7273	-12.1218	190.603
14.1726	0.118537	139.723
14.0251	-1.1048	1418.49
14.9854	-0.523506	148.718
14.4054	-2.24699	2150.01
13.2743	6.87292	185.716
14.8679	-1.08867	373.718
14.2495	-2.74144	2453.93
14.6607	0.731316	645.602
14.6812	-3.95924	158.818
14.9658	-0.631445	1319.92
13.5351	-1.55462	1997.23
14.2611	-1.71078	233.115
14.1921	0.491417	603.657
12.999	-3.02842	40.2466
14.1673	-0.930419	633.674
11.7552	5.90264	283.306
14.5087	-2.26163	1440.44
14.3202	-1.58244	656.1
14.8073	-2.06679	240.734
14.4077	-1.78189	952.128
14.4644	-4.03307	312.994
14.1006	-0.8646	2207.83
14.109	-1.97577	1533.88
13.925	-1.52547	684.402
14.9978	4.55666	616.765
14.4286	-0.739468	1122.38
13.9138	1.82476	284.189
14.4833	-1.44627	961.739
14.3711	-2.6224	1667.89
13.0401	-3.15051	1176.43
14.9276	0.149591	674.377
14.8987	-3.8642	715.874
14.2923	1.17897	403.804
14.9949	-2.11848	2743.85
14.6482	-3.05705	1994.46
14.5352	-3.03121	2732.58
14.6625	-0.877527	801.094
14.4386	-0.120843	2338.43
14.9268	-1.24324	990.709
14.9939	-1.23731	59.5082
14.5372	-1.06904	2814.62
14.6324	-0.159499	2633.59
14.1253	1.14753	538.736
13.3802	-1.22549	1404.71
13.3325	-3.09437	1044.66
14.2556	-2.27332	816.162
11.8299	1.7381	84.7238
14.7304	-3.57722	2497.78
14.5143	-1.12537	1547.92
14.6614	-3.30649	2112.45
12.1973	-12.8316	301.314
14.8489	-1.9733	1619.44
14.4781	-0.429059	2605.12
14.1366	-3.91658	2048.05
14.813	-0.996421	2640.27
8.56193	-2.43606	1275.61
14.73	-1.6458	2929.38
14.7619	-2.39459	2440.28
5.30729	-9.18346	77.7389
14.4913	-1.69495	864.751
12.6737	-1.0007	93.9537
14.9801	-2.7956	1226.47
11.468	0.648327	159.844
14.9569	-0.142867	1010.81
14.7914	-1.46168	1024.22
13.628	-1.13398	2050.85
14.7146	0.618538	678.195
14.4197	-0.087003	216.671
12.6002	-1.73579	146.419
13.9559	-2.21409	1754.66
13.1421	-4.8575	142.756
2.91244	-4.37355	43.5013
14.7002	-2.38704	169.498
13.7381	-4.3443	53.017
14.8285	-3.87474	2207.7
14.982	-0.69233	27.4041
14.8169	-1.20697	2933.64
14.5426	-1.11496	811.282
14.2193	-0.915039	2522.44
14.1517	-3.03931	2387.21
14.2718	-3.22207	34.2907
13.145	0.0859365	1381.3
14.0533	0.447828	1081.63
14.9381	-2.09293	2951.84
9.7049	-0.665519	615.965
14.677	-4.90412	1025.86
14.3062	-1.13975	1420.7
14.3517	0.369687	960.792
14.33	-1.73516	1615.21
14.7448	0.184718	126.944
14.4121	1.0993	372.617
3.13208	-13.1137	201.97
14.5236	-2.80789	2884.07
10.2426	-4.98192	144.338
14.8174	-5.08129	800.193
14.0093	-1.22977	546.631
14.3414	0.436525	408.586
14.8219	-0.0568305	1533.7
14.2429	-0.704958	1476.65
13.3677	-3.41098	2046.84
14.8616	-2.08171	945.615
8.75966	0.152203	191.222
14.5921	-2.29797	2015.97
14.8382	-2.64233	1248.06
14.4878	-1.44931	129.468
14.7695	0.395694	610.147
13.7319	-1.24253	928.518
14.0951	-4.0452	4.50353
14.7669	-2.16368	2704.28
0.113643	-10.7459	34.7432
14.8036	-1.08428	2638.72
13.3077	-1.53887	1000.87
14.8702	-0.499279	535.485
14.0544	-2.48843	151.759
14.7537	-3.6147	694.541
14.9641	-2.23982	1983.21
13.9142	-1.55007	1278.79
14.099	0.934836	437.391
14.9293	-3.92791	991.289
12.3968	-0.726149	82.8515
13.8932	-2.30202	1694.19
14.4689	0.448215	2458.94
13.4773	-0.791476	523.409
-0.913906	6.83917	63.92
14.2709	-2.02332	375.423
14.4952	-3.60804	2093.77
14.5626	-1.60712	2573.18
14.5383	-4.49737	88.3711
14.0178	-3.11526	119.906
14.7024	-1.76826	1203.57
12.259	-2.12843	110.361
14.881	-2.50667	824.894
14.1229	-4.03734	330.229
13.5583	-2.79578	1347.99
14.9077	-1.96475	3060
14.7008	-0.490628	972.346
13.8224	-1.71516	1792.96
-1.63677	3.63432	1408.23
5.1712	0.512113	7.25011
14.7479	-2.20728	2670.23
14.5092	-2.79539	208.606
12.5434	0.348849	145.775
14.8797	-1.5455	2290.24
14.7094	-0.18467	2196.34
14.9011	-0.529773	547.089
14.9293	-0.495227	553.422
10.7505	-5.71589	7.68703
14.708	0.906453	1025.88
13.8862	-1.99013	1863
14.9351	-2.21767	2587.75
14.9111	-0.213638	2803.72
13.7922	-0.237994	996.395
14.4459	4.79383	47.9001
14.8933	-1.24693	3060
13.442	-1.80848	1488.83
14.3628	-2.68126	581.753
13.3127	-0.072745	1006.98
14.6152	-2.64725	1185.81
12.4446	-4.53695	133.475
14.423	-1.85086	2268.32
14.4132	-2.39873	445.882
12.1802	-1.99576	92.7227
14.6859	-3.41824	707.972
14.5225	-1.81997	533.338
13.6325	-2.86856	268.596
13.9013	-5.25393	39.2855
14.9365	-1.71779	2487.62
13.6194	-2.43851	567.419
14.9839	-2.68444	176.121
13.6551	-0.0441906	1797.29
8.29786	-5.72092	70.2879
13.6363	-1.2562	586.003
14.1808	-4.85437	1188.01
14.1468	-2.44276	1026.15
14.2426	-1.32363	629.618
14.0915	-3.01139	717.989
14.9967	-3.93681	299.979
14.4983	0.144873	2192.29
13.9006	-0.836084	783.896
14.2935	-0.42222	160.018
14.7692	-2.62735	3060
14.9447	0.339494	99.3186
13.9851	-1.61589	653.502
14.1668	-0.239958	146.107
14.7139	-3.01253	898.492
14.0869	-3.6759	240.41
14.8054	0.398079	1530.67
14.9225	-2.18429	234.028
14.7344	-1.90501	2761.97
13.6898	-2.25925	709.127
14.7553	-4.64459	221.412
14.7707	-3.35962	317.015
13.9757	-2.94155	927.647
14.7064	-3.96388	34.2907
13.9354	-1.28099	2138.49
14.8769	-2.31723	812.131
14.4994	-1.00426	1023.82
14.0964	-0.072264	485.518
14.1151	-1.24243	1217.27
14.6311	-3.4824	127.654
14.6267	-3.09404	934.693
14.6566	-1.09789	1423.72
14.9949	-0.209537	1600.85
12.9009	-3.99968	183.745
13.2693	-0.757728	358.849
14.8758	-1.34424	958.583
14.6531	-0.728705	848.533
14.1399	0.00196131	892.118
14.9274	-3.0603	2896.7
14.744	-2.01738	1535.07
-12.6583	6.8029	224.777
13.9808	-0.784184	2173.64
14.0866	0.351564	233.024
13.855	0.382566	924.42
14.1772	-3.51741	136.323
14.8155	-1.43293	2660.01
7.50105	11.5622	935.099
14.1099	-1.6818	2595.16
13.0673	-2.44703	89.6289
14.2944	-3.98527	2086.91
14.0097	-1.49139	63.2342
14.9239	-1.07134	2011.23
13.2315	-2.48824	186.461
13.1437	-1.66249	1430.9
14.6177	-0.21694	34.7432
14.8614	-1.97218	663.632
14.7891	-1.73796	2711.7
14.273	-4.33065	246.679
14.0496	0.452399	901.144
14.3023	-4.17027	804.154
14.8709	-2.12401	1353.69
14.7339	-1.06673	1040.38
14.1345	-2.17979	133.503
14.2502	-0.778597	1429.12
13.5616	-2.6848	281.923
13.4956	-0.932051	34.2907
14.9873	0.596774	564.023
14.6054	-0.412687	2083.09
14.6247	-0.95954	1721.65
2.30761	12.8652	400.851
14.2739	-2.57721	2389.5
13.6872	-1.69181	2227.23
12.9271	-3.00692	788.971
14.9883	-2.57781	362.723
14.9697	-1.60598	584.558
14.391	-0.622081	999.189
14.9478	0.763417	1817.12
13.8968	-3.48645	40.1685
14.6182	-2.30869	600.668
14.7302	-1.52904	1995.73
13.5359	-1.16082	1983.37
13.9721	-2.43143	2451.59
14.8879	-3.67141	251.421
13.4838	-0.995051	176.051
14.1798	-0.634898	2099.88
14.3632	-3.05096	2165.79
13.7067	-1.85232	755.62
14.7513	-2.9814	92.4584
14.4088	-2.23728	1180.93
14.9157	-1.05396	2513.56
14.6598	-1.29068	1421.84
14.2822	-1.76276	295.486
14.9282	-3.06371	1259.69
14.2115	-2.65336	1228.95
13.7708	-0.952899	403.232
13.0689	-6.02691	491.652
14.8393	0.728913	2693.59
14.2634	-3.07487	1833.31
13.5381	0.332405	122.524
14.5218	-0.218894	2462.27
14.4037	-2.05969	2207.81
14.8994	-2.32513	577.855
12.8091	3.13756	179.382
10.6793	1.87216	251.942
14.9236	0.22158	39.4127
12.569	-1.09351	744.387
14.4125	-1.15883	266.74
14.8539	-2.20331	2247.97
14.8	-2.26915	35.4392
13.7727	-0.5532	146.243
13.9662	0.0242725	60.1868
14.9344	-2.04812	310.247
12.4321	0.0464548	46.2917
13.8346	-1.29277	1564.6
14.8395	-0.93595	2656.93
14.5835	-2.13316	1474.32
13.5179	-2.59121	296.094
14.9349	-0.303972	2249.56
14.6916	-0.0834457	2887.37
13.4266	-2.14221	322.236
14.4506	-1.73123	1248.05
13.8977	-1.67134	1564.58
13.9384	-0.344015	147.713
4.98928	0.138998	244.482
14.8229	-1.71731	92.1326
14.5708	-0.961649	2570.62
14.7808	-0.814414	2378.26
9.03751	6.49259	19.8994
13.4743	-3.16445	1345.13
14.5652	0.506152	1015.25
13.8607	-2.73949	408.819
14.782	-2.7067	555.701
14.1371	-4.83588	356.09
14.4133	-0.109375	2505.02
14.2551	-0.15222	370.433
14.5868	0.0189538	684.803
14.0577	-3.03714	722.624
13.342	-2.62765	104.344
13.4561	2.20996	101.384
13.9382	-2.57203	406.071
14.6014	-0.325267	1718.08
14.9876	0.230084	803.157
14.1271	-1.33258	739.915
13.9298	0.862394	116.292
14.994	-3.41717	637.198
14.7615	0.0933082	175.635
14.72	0.696707	780.882
14.1365	-2.36412	647.853
13.4488	-0.785917	200.715
12.8954	-1.68736	131.801
14.7295	-1.21945	219.901
13.8422	-1.20795	2330.52
14.6781	-1.53084	1120.11
13.365	-3.67309	1003.01
14.1889	-2.15548	260.913
14.3996	-0.310276	2595.53
14.4795	-1.53741	267.458
14.2611	-2.26288	548.198
14.9485	-0.201443	874.957
14.6319	-1.16941	902.876
13.9949	-1.09952	700.709
14.6476	-1.69677	3060
14.756	-2.39158	604.364
14.1915	-1.39313	618.452
14.9821	-1.42703	2287.39
14.8646	-0.644881	1962.99
14.8667	-1.96639	2600.21
14.6324	-1.87133	853.903
13.7855	-0.172553	737.715
14.4605	-1.74364	1563.51
13.4836	-3.20698	1169.21
14.6198	-2.25276	825.642
14.3477	-0.842284	2185.21
14.9851	-3.89639	640.465
14.0406	4.42885	147.143
14.6126	-2.05803	1794.3
14.7937	-2.50203	339.637
14.5129	-3.12048	517.02
13.9391	1.77087	261.199
14.848	-0.847208	2866.61
14.0128	-2.49676	253.286
13.9464	-1.70009	1203.38
14.5353	-1.35842	2720.05
13.7955	-2.01745	77.4538
14.3928	0.204745	1338.07
14.2443	-3.00298	1149.22
14.2056	-1.64729	2606.22
14.0026	-0.213788	150.912
14.3043	-5.12275	116.136
14.9433	-0.375629	856.584
14.7961	-2.3338	3060
14.9535	-12.4852	122.998
14.6895	-1.63559	2521.25
13.0325	-0.679949	132.367
13.7499	-1.38031	83.7159
13.4728	-2.69079	2100.77
14.4662	-1.43824	295.426
14.4538	-3.40621	2413.77
14.8247	0.0718853	2645.98
12.474	-0.368822	398.092
14.418	1.64426	763.097
14.8342	-1.22507	2230.01
14.5724	-2.3454	167.106
14.2647	-2.95617	1182.1
14.6203	-3.54759	744.016
14.4422	-1.44893	1223.15
14.5773	-2.39199	946.345
14.7991	-2.81512	1452.48
14.7435	-0.77461	503.899
14.4466	-2.13691	1176.13
14.2009	-0.694873	505.321
14.9431	-2.14187	1110.03
14.9893	-0.858737	1388.02
14.9538	-2.30842	1784.37
8.30486	8.52776	177.4
14.9844	-2.58506	1891.54
12.4081	6.592	167.508
13.7781	-1.79477	144.214
13.5581	-2.0146	1485.14
14.5983	-0.354377	1072.08
14.9075	-1.03229	592.507
14.9369	-4.28942	2113.47
14.049	-1.34788	717.647
14.4595	-1.65552	745.604
13.3844	-0.0903204	1947.41
12.5678	-2.87636	187.599
14.5375	-3.11744	1622.79
14.8476	-2.03951	2411.77
14.4526	-0.904099	1582.06
14.7568	-2.01726	2098.94
12.648	-2.19399	38.9735
14.6882	-1.79423	2693.68
14.5075	-1.37209	2549.43
14.9483	-1.93053	2436
14.5826	-2.97514	1950.69
14.6975	-1.87031	202.615
14.9212	-3.24642	891.65
14.9907	-0.415245	3060
9.44059	5.5641	62.6564
14.8979	-2.56241	1407.41
13.1078	-1.67553	154.925
14.8112	-2.9367	457.752
13.9665	-2.66332	2038.77
14.5215	-0.191166	177.9
12.9067	-0.34588	33.5884
13.0963	-0.151065	1052.59
14.6015	-2.61672	2622.84
14.9934	-2.79038	1207.56
14.7503	-0.0752903	124.551
14.0376	-3.99367	832.31
14.432	-2.40839	113.44
14.4852	-2.19538	128.775
14.9611	-2.62967	121.235
14.8483	-4.39684	116.43
14.9896	-1.62961	689.161
-2.64007	-5.6212	13.474
14.6411	-2.24182	1067.23
14.8909	-1.0711	2423.34
14.8966	0.573046	604.433
13.7422	-3.76798	1659.81
13.4873	-0.787426	483.276
13.9787	-1.06361	401.338
14.4593	-1.27378	2598.08
14.6266	0.0292272	1433.09
14.2437	-0.733945	791.218
14.7372	0.348067	47.1577
13.4683	-3.04412	12.6464
11.0341	-2.15166	182.223
13.4069	-3.51963	266.37
14.8861	-0.476412	149.205
14.778	-0.505778	348.653
14.4974	-1.18129	1722.1
13.9852	-0.93183	2174.93
14.9951	-1.4588	1134.6
8.42498	-1.38789	263.298
14.5678	-2.18504	238.803
14.4715	-0.421522	2259.61
14.5604	-2.38535	1707.66
14.9244	-2.29551	1166.22
14.2586	-3.34379	139.746
14.9766	-3.05482	2500.37
14.6036	0.492049	218.424
13.8504	-1.19613	1991.37
14.3699	-2.31033	170.522
14.6136	-0.311146	2050.6
13.2408	-2.87276	162.794
13.857	-0.025693	36.1014
5.54698	4.59958	23.111
11.2744	-13.7537	270.644
14.4665	-2.95814	1383.71
14.3004	-2.33833	83.0389
14.5715	-2.39979	361.069
14.8373	0.00916634	1244.25
14.4662	-1.41637	1955.65
10.1465	9.13188	292.422
14.6164	0.0603171	2112.51
14.3748	1.38262	1041.04
14.8916	-10.3782	164.532
14.8424	-3.23657	1228.86
14.8666	0.309364	2388.27
14.922	-0.677479	2792.99
14.7664	-0.0499379	236.41
13.9069	-1.7879	1583.46
14.9312	-2.64283	412.834
14.5993	-2.44449	1052.78
14.9339	-1.12235	258.936
11.4647	-3.54359	53.2405
14.9561	-2.65587	618.698
14.9797	-0.290328	588.615
14.1101	-0.89928	1804.34
14.8049	0.921717	598.306
14.0103	0.091383	191.676
14.7544	-1.8043	125.285
14.6549	-0.952146	1318.53
14.321	-1.97287	1941.22
14.672	-0.851572	1617.58
14.7402	-0.0584204	93.7113
14.2885	-2.47383	989.274
5.6605	-5.79624	357.523
14.7341	-2.84347	238.282
13.4872	-1.55924	1821.64
5.45623	-1.30303	241.647
14.097	-2.41059	1825.86
14.4449	0.526811	298.33
14.5525	-3.8947	256.951
14.7171	-1.16139	1991.92
12.6038	-0.773741	635.272
14.9753	-3.06508	128.483
13.4351	-1.10978	1206.68
14.7239	-2.38937	1025.44
14.003	-3.20263	209.67
12.5226	-2.54884	888.634
14.701	-0.559104	1130.21
14.7879	0.720697	2379.47
12.794	-0.296682	128.309
14.4005	-0.88104	539.679
14.2495	-2.56609	2430.71
14.3146	-4.29749	663.859
14.5823	-2.52328	771.62
14.6296	-0.661486	455.277
13.4295	-2.91028	1045.99
14.9963	-1.10578	2725.46
13.9164	-4.04214	67.3737
14.2309	0.783633	441.227
14.12	-2.28707	416.895
14.4263	-0.450049	2619.83
13.8924	0.651766	1533.55
12.869	1.76574	34.7432
14.7534	-2.80439	1998.95
14.9585	-2.85759	1106.95
14.9937	-2.41514	262.216
14.8011	1.3468	1523.01
14.8115	-1.81037	574.018
5.15288	8.09007	290.377
14.3995	0.993114	96.7018
14.4986	-1.15533	1924.7
13.9899	-0.213156	1343.42
14.4686	-0.345932	2824.46
14.7794	-0.261258	2671.84
14.7798	-1.62892	2872.85
14.1866	-1.41794	2546.25
13.87	-1.65636	135.155
14.4199	-3.76327	265.064
14.6348	-2.04462	170.944
14.7574	0.0231411	2310.69
14.7741	-1.4489	34.7432
14.1251	-1.79357	86.4356
14.3479	0.54747	415.005
14.602	0.653629	1767.22
14.9282	1.32675	96.9951
14.9829	-0.698486	565.657
14.0686	-0.578855	1943.63
14.1478	-1.94992	596.371
13.4473	-2.46253	1432.99
14.6502	-2.20396	1841.49
13.0193	-1.34643	233.692
14.4533	-2.39745	710.495
13.8628	-1.19484	758.493
11.6585	-0.0480543	426.533
13.6683	-3.53749	143.946
14.9815	-2.0495	2583.66
14.3333	-0.194118	995.049
14.8881	-2.73406	2833.96
14.9034	0.0824424	273.713
14.3706	-1.21171	968.737
13.0656	-3.55016	98.1481
14.1326	0.514365	950.358
13.3955	-2.76823	705.77
14.4998	-3.27517	1727.58
14.701	-3.17774	1095.15
14.8543	-1.86178	83.6754
13.2801	-0.79969	517.647
12.9682	-3.03526	11.8814
14.7277	-2.92578	614.339
13.0844	-0.526994	1955.22
14.1272	-1.73476	1388.09
14.6691	-2.80512	783.973
14.9376	0.126376	2672.54
14.4733	-2.39838	437.319
14.9252	-0.265166	503.71
13.4721	-4.06592	689.592
14.6191	-3.06593	851.884
14.3415	-0.313855	982.623
12.493	-3.54811	34.7432
13.9164	2.30099	91.4409
14.3219	-1.29763	2519.57
13.9248	-1.05727	491.122
14.6532	-2.88311	37.9593
14.9343	-2.71833	2848.71
14.7027	-4.75147	42.5021
14.6615	-0.655843	383.348
14.515	-1.45508	1144.54
1.68997	4.02293	184.569
14.9218	-2.58734	1954.61
14.4777	-0.0516607	1085.65
14.9692	-2.94994	1436.91
14.8856	-1.21286	1085.59
13.856	-3.70142	1425.43
13.9803	-2.07946	409.978
14.8393	-0.451921	1462.86
14.5955	-2.20468	891.28
14.2396	-3.08484	1268.43
14.4432	-1.38225	394.077
14.6219	-2.86386	748.205
14.7613	-1.07517	883.072
14.194	-2.17518	1216.11
14.8334	-2.51889	24.1206
14.89	-2.09582	848.654
14.5144	-0.963015	2472.14
13.9949	-2.44663	585.312
14.4457	-1.5184	486.391
12.8569	-3.59262	145.926
14.7587	-1.24737	803.499
13.2109	-1.38266	720.083
14.4125	-4.30908	714.175
13.9891	-0.180624	2003.67
14.8656	-1.51563	2123.28
14.9473	-1.94326	2377.82
7.5138	-2.8173	23.1026
14.2964	0.441165	1706.66
14.667	-0.501992	2623.73
14.5272	-2.55256	508.126
14.2	-2.41607	892.644
13.8118	-4.97952	35.5144
14.9542	-2.31489	866.66
5.79284	-2.80232	215.363
14.9744	-1.35519	2356.77
14.7736	-0.471436	2242.85
14.9494	-3.37107	1843.09
13.9292	-2.66113	1882.84
9.66035	-2.43155	47.8287
10.5112	-2.51909	173.885
14.5959	-1.79971	1937.15
14.9583	-2.33704	917.027
14.146	-1.87924	923.686
14.9936	-1.36639	729.563
14.5124	-3.22027	510.308
14.9484	-1.95944	831.902
5.24215	2.17692	234.791
12.85	-0.561764	169.995
14.668	-1.06254	529.732
14.8418	-1.61595	560.043
13.4254	-3.92284	11.8814
14.3145	-4.43369	120.626
12.9578	-3.31054	34.7432
14.2244	-2.49346	1540.53
14.5573	-2.15412	350.015
14.869	-1.25917	2172.37
14.2034	-3.62067	555.362
14.8032	-2.99951	2707.82
14.8725	0.0888933	2238.64
11.8001	-5.49791	103.601
13.753	-0.381547	1762.19
12.9538	-2.95492	102.654
14.813	-0.68618	830.841
14.252	-0.390895	1409.12
13.1576	-0.113821	817.251
10.8476	-4.58505	157.394
14.7275	-3.40687	1450.78
14.75	-2.4148	105.093
14.3559	-2.06217	1486.08
14.9636	-2.44458	3060
14.1721	-1.73699	148.087
14.8234	-2.45449	75.5967
14.9739	-3.44971	897.621
14.7757	-1.70931	821.865
14.3781	-0.640875	2434.88
14.8402	0.87037	50.9967
14.9049	-1.84068	1457.71
14.9401	-2.44592	1888.25
14.4723	-0.667882	133.361
14.0935	2.05611	248.044
14.2826	-3.73171	233.73
14.0448	-3.02175	104.688
13.6282	-2.01764	1603.65
14.4437	0.581207	1051.35
14.3753	0.0868568	888.77
13.9798	0.345932	125.098
14.9908	-2.53865	3060
14.5337	-0.102878	157.721
14.4274	-1.45931	970.625
14.8554	-1.31114	2340.75
14.5308	1.35512	1381.54
14.9062	-0.436822	243.635
14.2948	-1.68802	1775.67
14.8748	-0.340706	1362.84
12.8772	-4.24592	74.4404
14.2216	-0.00370554	2338.63
14.404	-0.586009	1352.12
-0.351429	2.68598	74.3403
13.9113	-3.83168	606.172
13.6851	-0.707026	292.79
14.9171	-0.349384	2369.6
12.9955	-5.86113	137.136
14.7821	-2.88802	279.668
14.6991	-2.58018	2659.41
14.2123	-1.447	1999.87
14.6172	-3.82141	737.447
14.2195	-0.108459	835.089
14.4914	-1.08893	1099.06
14.1222	-4.10052	77.0476
14.2686	-0.415189	566.555
10.4188	-1.58448	168.939
14.7696	-0.0485315	3060
12.9988	-0.484332	283.944
14.9008	0.822645	483.109
14.0297	-1.88063	393.019
14.9406	-1.38593	1097.88
13.1488	-3.64932	803.056
14.7102	1.75842	786.537
14.5927	0.0382542	2727.2
13.0729	-1.72873	648.211
14.9221	-2.18105	353.858
13.9401	-4.40783	72.5183
14.9289	-3.16556	1692.65
12.3961	-3.00126	115.506
14.8563	-1.19496	1656.46
14.107	-3.29179	234.311
14.227	-2.42542	635.424
-0.573778	9.50759	284.267
13.5481	-2.18153	135.048
14.1664	0.824591	1006.49
13.6736	-0.532247	2317.63
14.5717	-2.84684	325.346
14.8119	-1.29515	191.318
14.0452	-0.9168	444.603
14.62	-1.56455	2953.11
14.123	-0.340943	758.243
12.9007	-1.32862	47.3743
14.2997	-1.83874	771.245
14.8461	-0.071456	486.755
13.5288	-0.443817	448.414
14.552	-3.32294	1030.56
14.9408	-0.0329995	2376.36
13.5644	-1.87405	675.07
14.7896	-3.11398	998.257
13.8008	-0.059096	843.787
13.8198	-1.39142	1678.94
14.8287	-1.59281	1659.89
13.7577	-1.98429	218.02
13.9223	-0.0158089	1659.06
14.7988	-0.766048	133.557
14.0539	-2.82291	2126.92
3.78396	-8.39187	58.5881
14.8472	0.48017	118.254
14.5144	-2.67793	2664.16
14.6633	-3.64875	383.113
13.3132	-2.67427	877.371
14.2953	-2.23533	137.262
13.105	-0.498339	336.831
14.4676	0.948047	50.6239
13.3805	-2.85181	1012.56
12.989	-1.92949	237.328
14.3344	-3.08965	1058.51
12.9815	-1.26001	1543.61
14.5087	0.357275	968.52
14.3847	-1.10368	2658.5
13.8155	-2.26753	1595.22
14.3484	3.17548	134.632
14.5085	-0.272172	2352.78
14.0587	-2.65997	1237.08
6.02715	3.14319	165.517
13.5456	-3.07667	139.149
14.5966	-1.4653	183.308
14.4506	-1.28714	1284.03
13.7199	-2.04225	335.981
13.6813	-0.614101	554.943
3.71396	-0.810858	321.281
14.8252	-1.79274	285.875
14.8988	-0.275528	899.169
14.2262	-1.05853	683.197
14.82	-0.626474	331.751
10.9935	6.39421	39.1961
14.4919	-1.40899	609.5
12.8232	-1.24019	150.588
14.7202	-0.79828	925.229
14.6917	-0.836209	101.16
14.6312	-0.466238	270.719
14.2067	-2.0127	2110.52
14.5594	-2.22818	1546.34
14.8638	-0.888661	426.038
14.2681	-2.82254	1774.42
14.507	-3.18125	12.1281
14.7851	2.42709	765.699
14.0548	0.537996	447.951
14.8554	-3.70285	102.384
14.8703	0.199015	814.229
14.2807	0.223926	658.94
14.1494	0.239035	307.537
13.3828	-0.56047	1087.9
13.79	-1.79035	661.333
14.5867	-1.58732	1717.82
8.8248	-5.30129	10.6467
14.3352	-3.69837	212.273
14.3751	0.278849	1073.75
12.9773	0.0401966	87.3988
14.6722	-2.9569	10.2596
14.9129	-1.45102	2441.14
12.8879	6.54227	41.8658
14.9383	-2.54191	447.351
14.5683	-2.08964	808.617
13.9382	-2.30451	1748.17
14.3886	-0.923748	950.857
14.2099	-2.59372	1214.08
14.9276	-0.377831	1396.29
14.3626	-1.56941	1433.61
14.8502	0.113322	1851.22
13.7961	-4.20481	39.9923
14.7147	-0.249528	561.256
14.9807	-2.09878	162.68
13.8247	-2.22369	1661.23
14.1382	-2.06155	880.842
14.4732	-4.68505	100.616
14.6779	-2.42197	1522.28
14.4141	-2.1615	1679.22
10.8045	-1.70681	260.537
13.9945	-2.69189	778.89
14.7361	-2.46053	521.355
14.3508	0.743626	1568.91
13.9886	-0.600982	424.126
14.541	-1.16621	1581.62
13.4649	-1.22589	1845.74
14.7323	-1.12289	1153.01
14.7452	-1.93616	3060
14.6956	-0.64919	801.701
14.4837	-0.937471	2304.94
14.6969	-0.745213	2306.52
14.7029	-2.90478	1460.27
5.3775	-1.22488	187.677
14.3361	-2.07232	2382.78
8.26175	5.24544	64.1941
12.8822	-2.74877	1107.97
14.8904	-0.737145	760.099
14.0048	-2.77669	1149.71
14.8481	-2.77049	643.519
14.2031	-1.21099	1261.07
14.0099	-2.47401	1002.01
12.9892	-0.0933793	674.483
14.3401	-4.08635	105.686
13.879	-0.00285807	2069.75
14.3979	0.349203	221.631
14.3254	-3.14066	414.282
5.01992	2.52841	26.2958
14.2421	-3.58796	169.687
14.327	-0.22727	106.793
14.9096	-2.8489	704.147
13.9019	-2.68533	148.567
14.9757	-2.39037	846.422
14.9452	0.780152	772.07
14.6662	-2.20786	1300.15
14.8938	-3.33935	149.566
14.4624	0.465632	1764.91
14.3746	-4.80889	108.829
14.5385	-1.47889	2654.78
14.8888	-0.156562	422.521
14.6004	-1.06978	343.199
14.5776	-3.3861	129.732
14.8677	-2.20718	892.107
14.1131	-4.24783	615.346
14.9578	-0.384648	115.854
14.0946	-1.3414	512.199
14.1561	-0.471225	1157.31
13.5401	-3.17229	1270.44
14.5171	-4.07267	669.52
14.2765	-1.42383	1003.29
14.7565	-2.12365	2945.88
14.1957	-8.44617	217.677
14.1011	-2.49992	844.613
14.1691	-3.03071	2543.17
14.8287	-3.92735	487.534
14.1791	-2.00689	2015.37
14.5823	-2.23755	578.263
14.8944	-2.31088	1260.29
14.8833	-2.80207	174.701
14.2752	-1.54331	226.235
14.9627	-1.12271	1611.75
14.9044	-1.30216	2880.42
14.1474	1.0096	1364.46
14.678	-6.08952	123.21
12.0165	1.08627	373.581
12.2927	0.658672	165.395
14.4051	-1.31495	2527.03
14.7354	-2.1563	2502.18
14.8422	0.262249	1870.23
12.8065	-3.7471	14.3463
14.699	-1.69657	2292.57
14.0488	-0.0121534	2205.51
14.2265	-2.8936	290.056
13.8079	0.626618	1070.92
14.6941	-1.15068	1949.41
14.8816	0.912879	1457.18
14.7083	-2.78884	3060
14.6019	0.810012	565.757
14.6009	-2.85142	918.256
14.1586	-2.97648	425.991
14.9278	-1.25917	504.516
14.2768	-3.34151	992.108
13.7457	-1.18808	215.859
14.3429	-0.388888	393.609
14.972	-2.77706	620.241
13.8809	-1.70456	33.6383
13.4527	-3.60386	250.18
14.469	-2.08554	693.74
14.3255	0.0298225	223.716
14.4988	-1.44351	1936.27
14.2336	-2.08866	1502.49
13.5541	-2.74237	1758.88
14.437	0.544194	2327.78
14.5752	-4.69273	512.6
14.5941	-1.56985	901.511
13.7283	1.24493	949.167
13.8076	-0.150022	258.297
14.3054	-2.16409	1315.41
12.4109	4.65049	9.06571
14.5638	-2.44846	2166.83
14.7453	-1.36387	1540.47
13.9359	-0.756816	116.1
14.8418	-0.61811	109.637
13.368	-1.57953	1818.7
14.7752	-2.54716	2141.85
14.5398	-1.47624	1203.59
14.8375	-2.81999	103.612
14.046	1.62921	98.1208
14.6089	-1.88328	512.415
-0.335451	-5.56454	532.371
14.6021	-0.583431	298.967
14.9857	-1.01995	1740.51
14.1747	1.02169	1380.12
14.234	-1.66324	1978.13
14.4981	-3.53494	1032.56
13.4789	-1.77419	1501.85
11.7042	-12.7504	11.8814
14.4791	-1.95256	874.548
14.2985	0.689944	139.539
13.3367	-4.60663	127.138
14.4891	-1.6307	1399.3
14.3057	-5.37284	742.321
13.6874	-1.78703	875.237
13.9396	1.4553	88.7024
14.0567	-3.24136	689.542
13.9505	-2.45655	380.683
14.9426	0.540076	540.827
14.9073	-3.0541	1665.75
8.98119	-4.7507	491.948
14.1502	-1.71612	116.074
14.7948	-3.57188	1233.43
14.5852	-0.393585	1239.21
14.3624	-0.194484	2199.01
14.0271	-1.44873	1986.09
13.3015	-0.700588	1336.18
13.9127	-2.43633	2073.74
12.6035	-2.16719	940.336
14.0164	-0.387857	72.1105
14.8775	-2.56583	158.708
13.3616	-0.779355	1546.4
14.3982	-1.23534	2713.78
14.7727	-3.21656	1081.8
14.3289	-1.63424	1327.6
14.2602	-1.531	2511.12
13.3716	-1.41615	1207.37
13.7474	-3.66538	1444.18
14.2742	-4.17904	84.0703
14.61	-2.77071	1387.72
14.3246	-0.783871	1074.52
14.9751	-0.406187	322.782
13.9023	-1.65346	781.749
14.7236	-3.53572	2005.83
13.8661	-3.39403	578.467
14.9475	-5.40681	950.899
14.7195	-3.72156	1853.46
13.1054	-2.1889	437.363
14.2648	-2.3917	2214.02
14.5918	-1.6851	2240.74
14.822	-1.22013	1718.06
13.7678	-2.10406	633.702
14.543	0.416958	32.412
14.6133	-1.44556	2655.94
13.5565	-3.22407	790.99
14.8188	-2.27668	483.388
12.2324	-3.92425	173.901
14.4318	-1.81815	1388.25
14.7863	-0.638488	159.871
13.9746	-0.99965	476.96
14.8564	-0.271103	3060
14.2338	-1.51322	1703.95
14.592	1.14357	365.75
13.0484	1.23368	110.827
14.7241	-3.37196	2337.95
13.719	-4.68506	117.6
14.0943	-1.33734	150.719
14.1755	-2.43289	1194.91
14.7191	-1.53352	11.8329
14.2925	1.06725	79.5725
14.9756	-1.3505	128.269
14.9204	-2.08813	904.879
14.475	-0.149753	1083.62
14.571	0.404834	2459.91
14.7768	0.185119	255.738
14.3436	0.189725	1563.27
14.8881	-0.681626	1078.85
14.6745	2.2459	131.244
14.3369	-0.242833	2394.7
14.8062	-2.72492	160.078
14.7544	-0.818373	1113.05
14.3515	0.658163	1110.84
14.6063	-3.62815	242.462
13.6763	-1.99589	455.38
14.6193	-1.97788	2654.5
14.3538	-2.50135	1772.51
14.8463	-1.76321	577.279
14.1253	0.372546	358.355
14.6051	-0.616642	2211.72
14.6762	-0.686978	257.378
13.5413	-0.108504	1310.32
14.6993	0.995007	518.99
14.4397	-1.65617	908.051
14.3525	-3.09756	898.969
14.8792	-1.11442	338.079
13.6323	0.177994	34.7432
14.2948	-3.65371	1733.56
14.8681	-1.6095	1365.48
12.8439	6.95803	37.2519
14.685	-2.61355	2339.66
14.2134	-0.305475	264.661
14.1491	1.23278	940.582
10.1101	-0.682903	156.393
14.6753	0.998277	1051.45
14.1627	-1.04272	1227.72
14.0281	-1.89838	463.018
14.6872	-2.13624	37.8954
14.796	-3.25475	272.296
14.7884	-1.33963	2770.51
13.5826	-2.75952	1356.28
13.8193	-2.80507	109.353
14.1301	-1.26459	2427.15
14.5725	-0.959128	2806.76
14.219	-0.697768	1663.53
13.9809	-0.281812	1535.86
14.6775	-1.3772	2177.19
14.0895	-3.09612	134.709
10.577	-11.0719	878.649
14.7121	-0.729885	2612.16
12.9841	-2.11604	218.314
14.5941	-1.69767	1067.23
14.8204	1.73589	277.05
13.332	-0.613663	608.057
14.4716	-1.13749	420.65
14.8089	0.138088	264.53
14.6218	-4.23517	1639.8
11.527	4.75177	227.994
14.4241	-3.23709	184.216
14.4758	-2.34728	2236.43
14.2067	-0.954764	1176.41
14.1811	-4.29882	116.022
14.3278	-3.16368	850.569
14.2443	-1.72978	2621.82
14.6991	0.232447	1564.88
14.3036	-0.774783	46.4926
14.403	-0.843186	383.326
14.5567	0.503931	2328.15
12.5523	1.78063	65.6288
13.3832	1.01778	979.775
13.5172	-3.67714	38.1882
14.5534	-3.13679	273.063
13.9606	-0.845946	1694.78
13.03	-0.831274	210.141
13.1159	-2.98533	795.505
12.8006	-1.29197	1026.52
12.58	-3.68881	857.07
14.9969	-0.756359	3060
14.5024	0.938646	130.924
14.9225	-0.742561	211.111
14.97	-0.866105	799.535
12.0385	-7.68251	217.127
13.3812	-2.08449	103.872
14.85	-0.941364	374.354
14.9006	-0.606295	688.857
14.9639	-0.847727	1028.27
14.5878	-0.273278	2661.02
13.4732	0.190613	985.294
14.5267	-1.4383	471.792
14.7411	-0.283298	212.245
12.1227	-3.00696	470.346
14.9495	-2.1643	2060.29
14.7787	-2.21703	2956.05
14.26	-2.14085	522.409
13.5384	-2.04743	1680.86
14.8501	-2.5327	1270.58
14.1022	-0.00789533	718.694
14.9475	-1.4157	1658.74
13.916	0.499153	1253.83
14.9141	-2.14677	1041.91
14.7859	-1.92244	578.282
14.4583	-1.46429	1727.34
14.7651	-2.13962	1219.7
14.8079	-3.62909	978.507
14.7106	-1.72163	2500.06
14.605	-0.487491	597.399
14.9932	-0.507444	3060
13.8504	-2.99331	1528.74
14.8798	-2.93342	1009.61
10.1618	-6.09872	54.7129
14.7628	-1.53043	2919.16
14.866	-0.478004	909.643
14.4951	-1.75231	1966.46
14.9961	0.064198	782.871
13.9532	-1.8801	127.907
14.8172	0.427741	453.164
14.6923	-0.163778	1427.22
14.8275	0.526298	675.034
14.8541	-1.57466	710.362
14.3963	-1.82719	109.445
14.8025	0.773347	2323.32
13.9392	-1.31582	103.543
14.6647	-0.0187692	2180.33
14.9378	-1.74356	2373.57
14.8023	-0.453581	664.267
14.9365	-0.36862	117.006
13.4435	-0.7188	481.412
8.89862	-10.3446	656.562
13.5746	-0.142123	1144.28
14.4162	-1.26436	25.6961
14.2485	-3.16797	590.158
13.4716	-2.4079	1881.72
14.9656	0.795291	1860.96
14.1926	-1.97343	379.457
14.5978	-3.49143	858.288
14.8252	-1.39789	3060
14.8743	-2.44255	2791.64
14.976	-2.13001	1269.76
14.6071	0.375348	124.077
14.9441	0.100411	315.309
14.5197	-2.15985	2853.09
13.808	-2.28516	261.35
13.6947	-0.964385	1375.66
14.141	-4.13987	1100.03
13.9432	-2.0019	1602.75
14.0376	-3.40833	438.354
14.5529	-1.10817	1712.43
14.2871	-3.3681	2010.34
14.6797	-0.347798	337.115
14.6756	-1.7544	2724.68
12.1608	-2.48954	92.4027
14.5146	-0.77901	231.785
14.0068	-1.05916	715.591
14.5811	-0.45077	698.145
14.5026	1.23483	1262.93
14.1294	-0.54143	1018.5
14.5354	-2.2294	1774.26
13.8024	0.491127	971.633
13.682	-0.504635	1149.73
13.9989	-2.5479	2221.45
14.1239	-0.613809	1630.7
14.1577	0.103947	743.786
14.3169	0.639255	1347.94
14.9138	-3.42829	1312.34
13.7539	-5.42595	1096.92
14.4307	-1.26002	1670.32
9.69928	-1.58708	34.2907
14.9839	-0.767223	432.461
14.8402	-0.995056	2931.67
9.25986	6.64796	20.587
14.6426	-3.01555	356.209
14.8968	-1.56685	1686.95
14.9246	0.100026	607.076
14.57	-2.20665	577.165
14.8948	-1.07136	1510.65
13.6722	-1.89139	373.62
13.7985	-4.25447	694.964
14.9199	-0.488207	2767.69
12.9327	-1.61827	1252.36
14.0677	-1.4161	1074.81
14.9075	-2.35967	117.35
14.0515	-2.29572	1047.52
14.4439	-2.90853	1982.62
14.4888	-2.48604	1117.18
14.3008	-1.73019	2108.63
14.892	-1.61372	3060
14.8537	-1.04421	1266
14.1842	-1.92112	2692.06
14.6383	-1.33378	1351.5
13.5244	-1.43591	2277.04
13.569	-1.96918	170.181
14.5587	-0.422114	776.219
14.5523	-0.305952	2589.08
13.6311	-2.26428	219.245
14.7472	-4.00926	679.468
14.8877	-0.567031	1504.66
14.9789	0.117899	50.4162
14.6811	0.603313	1953.84
14.3346	-1.77944	1629.11
14.8708	-0.573073	450.476
14.9388	-0.999095	2722.39
14.5207	-4.12507	1191.22
14.6115	-2.30072	2753.91
14.2821	0.714681	1649.37
13.1537	-2.04512	921.327
12.9721	-3.81781	73.3626
14.5941	-2.99558	967.77
14.8584	-1.0908	3048.12
13.5841	-4.1454	28.8084
14.5626	1.06233	224.388
14.2294	-0.156126	1193.04
14.7406	-2.1672	903.248
14.9015	0.233104	708.724
14.5748	-3.44061	453.365
13.8979	-3.50989	1609.56
14.7389	-0.901095	2450.67
14.9775	-1.41066	259.72
13.2838	-4.02971	11.8329
13.302	-0.102176	167.927
14.6885	0.363482	39.2855
14.392	1.47231	547.948
14.5499	-1.68875	935.824
14.7234	0.100042	2615.54
14.5794	-1.57765	1120.29
14.9373	-2.4327	483.559
13.1959	1.22386	230.179
14.1099	-1.1288	1674.47
14.0435	-1.50822	2001.53
14.8008	-3.93212	1315.97
14.7447	-1.67605	268.508
13.7743	-1.27365	470.849
14.2663	-2.76657	702.807
14.9352	1.1828	243.306
14.9622	0.70665	207.326
14.9359	-1.79745	2856.08
14.4396	-0.518311	1430.19
14.7811	-2.51028	129.798
13.9464	-9.43231	6.77138
14.4389	-1.14724	1801.84
14.7121	-1.86818	588.139
13.878	-2.29979	2018.17
14.0516	-2.80964	2307.16
14.4584	-1.79668	1509.35
10.9503	-2.39739	165.678
13.4929	-3.38243	691.144
14.4931	0.243824	10.6278
13.9876	-2.79192	1082.04
4.01344	5.58993	150.556
14.9318	-0.42245	2030.46
14.8712	-0.414842	3060
14.7548	-1.19788	320.047
13.5447	-1.48403	649.215
13.4749	-0.383311	156.688
13.6925	-2.92223	875.338
14.479	-2.59437	1844.38
14.7471	-1.17473	1338.53
14.2717	-0.713227	275.413
14.1956	0.357409	1448.81
14.9018	-0.925595	3060
14.8762	-1.59461	707.945
14.1171	-2.35894	417.063
14.2204	-2.71106	50.4727
14.5465	0.363584	1025.51
-10.6223	-9.94389	1.53562
13.2694	10.1242	293.056
7.88879	2.52785	145.038
14.3684	-1.92681	694.002
14.1457	0.091686	271.692
14.2239	-3.11398	2127.24
14.307	0.571531	630.169
14.7471	-1.66947	117.124
10.1725	3.89393	130.47
13.4802	-3.50177	3.45688
14.8367	-2.26548	860.937
14.5697	0.79177	1639.22
14.1063	0.893915	98.869
14.2128	-1.41915	403.23
14.038	-1.45204	435.616
14.4189	-2.85331	453.426
13.9733	-1.74139	179.452
14.328	-1.68507	2392.93
14.0294	-0.279485	396.721
14.0221	0.453787	532.108
14.0172	-2.41923	723.894
13.7172	-2.33332	110.507
14.9896	-2.22636	151.483
-4.99006	3.58291	164.407
14.3407	-3.92792	1260.45
14.8546	-1.56978	2662.84
14.9008	-1.9983	1028.92
14.8199	-2.20948	151.157
14.4912	0.0161281	170.01
14.5234	1.84564	87.3974
14.1852	-1.18393	2141.77
14.2466	-0.826308	1850.92
14.3274	-0.8677	2006.89
14.8477	-2.52864	1063.96
13.8662	-0.0971229	1181.05
13.5762	-2.19727	152.557
13.8596	-2.68581	556.265
14.1503	-3.51015	556.601
14.499	-5.59378	185.067
13.0627	-1.46315	39.1961
14.2086	-2.43144	128.187
9.72449	-4.44632	119.038
13.9608	-1.67123	1155.49
13.6458	-2.65095	959.446
14.066	-0.158917	444.021
13.528	-1.29216	172.156
14.5334	-2.41666	2552.16
14.5117	-3.87208	1714.58
14.1968	-0.0348299	2384.09
14.9067	-2.32888	1714.77
14.725	-2.7062	732.185
13.2243	0.101662	78.2183
-4.97419	-5.76673	329.239
14.3791	-0.486414	700.364
13.8998	-2.32775	2090.37
13.9041	-2.13878	25.1754
14.6715	0.722153	544.992
13.0606	-0.986777	115.147
13.8952	-1.97896	560.446
14.7082	-1.35338	2516.93
14.7874	0.471515	928.775
13.4133	-1.40989	652.409
14.5624	-3.03774	230.047
14.7678	1.79935	63.0022
14.4372	-3.49817	728.623
12.8439	3.72879	242.859
