14.6248	13.6221	2211.25
14.8568	13.17	319.628
14.756	12.5677	389.026
14.647	12.3828	748.913
13.4673	12.284	294.22
14.6272	14.8004	1440.27
12.647	13.1125	1584.77
14.7452	12.3983	671.164
14.9171	14.4094	645.776
14.7099	14.4684	2551.93
14.6683	7.29463	240.157
13.8811	14.1702	1607.4
9.85818	11.1858	122.538
14.6872	13.2351	1914.82
14.0947	14.3023	138.649
14.7357	12.3389	1842.49
14.8494	12.8396	2323.82
14.4257	14.5462	1703.94
14.6126	12.5342	1746.34
14.9813	11.7009	2060.68
14.1129	10.3563	785.819
14.3861	13.4214	868.633
14.5716	12.6055	504.284
14.9648	13.8891	2228.64
14.5958	14.9918	246.846
14.1141	11.79	1217.35
14.3385	13.8541	1665.52
14.999	14.2779	308.681
14.1475	13.2739	2327.85
14.8048	13.8737	1240
14.8943	12.9598	3060
13.4168	7.83524	189.823
14.1768	14.2073	135.663
13.8852	13.9415	184.16
14.3534	13.8648	2288.71
14.8516	14.4769	297.667
14.526	12.5026	142.377
14.3157	13.9783	2219.49
14.9949	13.8427	1504.26
14.6725	12.3228	377.937
14.888	12.4226	2132.55
14.7803	14.8606	1642.16
14.2248	13.5457	489.799
13.3508	13.2088	150.33
14.0302	14.5477	1618.27
14.4865	12.9854	2332.42
14.8187	14.4199	108.044
14.1455	12.1379	1820.85
14.2752	12.8222	1489.32
13.9517	14.7953	761.122
13.4099	12.1857	1191.26
14.4514	14.7967	813.882
14.6035	12.1754	549.429
9.9459	9.97342	181.874
14.3867	13.0797	406.59
14.7451	14.3846	1179.45
14.1028	14.4606	187.488
12.2826	12.8242	274.766
14.7913	14.3157	887.231
14.1016	11.9071	2253.28
14.8099	12.9205	1898.88
13.7521	13.5114	1134.46
14.1218	13.0106	2246.23
14.9667	14.0557	782.973
13.6591	4.82922	7.77295
13.9231	13.021	872.389
14.9656	13.9882	3060
14.9385	13.1308	3060
10.852	6.97178	101.459
13.7745	12.9742	703.903
13.4371	13.5152	2052.4
13.5082	14.8616	959.71
14.5835	12.6087	2796.35
14.4585	12.8735	603.427
14.7588	13.7745	2163.45
13.6587	12.7034	1996.11
14.6408	13.6679	190.798
13.8424	13.29	39.2855
14.6683	14.5452	2613.43
14.6298	11.3221	1585.12
14.9582	14.4999	2046.06
9.60747	14.9979	171.695
14.2457	14.3585	2141.21
14.5797	12.5713	478.811
12.5133	12.2245	109.404
13.8109	14.0038	886.433
14.955	13.8589	626.085
10.311	4.48608	166.917
14.4986	13.5038	1601.68
13.5019	14.674	276.504
13.3226	10.9112	279.683
14.9123	12.4003	2091.99
14.3203	12.7932	270.01
13.8902	12.8711	614.281
14.4075	14.372	2490.88
14.5507	13.8003	1887.44
14.5257	12.821	1868.39
14.4478	12.7646	2659
14.7947	12.9984	2092.02
14.9674	14.3378	297.721
13.8498	12.7866	400.416
14.674	11.7333	125.55
14.7309	12.3766	221.732
14.2065	12.415	1637.66
14.4291	14.0915	2670.61
14.9329	14.3882	2960.44
14.766	13.355	26.5894
13.7503	13.5789	558.294
14.8527	11.5982	1314.44
14.4636	14.9495	1569.47
13.7234	12.4631	205.645
14.8808	14.5427	413.939
14.3631	13.2687	462.524
13.9883	13.7418	208.055
14.9584	10.916	76.7459
14.5935	11.7619	1106.09
14.4307	11.9729	144.054
14.4245	14.0256	2553.17
13.9015	13.1988	904.547
14.3404	14.192	1082.41
14.2007	14.6412	112.546
14.7909	12.5131	190.068
14.425	12.6947	2705.28
13.0799	12.6299	333.569
14.2514	11.1372	405.489
14.4413	14.9765	2164.11
12.6266	14.5432	159.852
13.6084	13.1442	761.459
12.9447	11.2053	66.6604
14.3225	14.48	1017.31
13.9356	12.2389	646.452
14.9125	13.0252	1930.66
14.4001	14.3401	900.001
2.80784	11.1424	335.159
14.1607	13.8025	698.837
13.8144	14.3711	2056.04
9.14373	13.6693	141.709
6.4183	-0.178225	159.831
14.3414	13.0228	2207.32
14.3488	14.594	856.117
14.2476	14.937	732.067
13.2121	14.2957	32.9763
14.6666	12.9988	535.311
14.4602	11.2647	1465.81
13.8209	11.5171	671.726
14.6374	11.5208	1152.92
14.7685	13.6808	532.04
13.0502	13.1558	1405.3
14.5767	14.1973	1629.8
14.9238	12.6845	1024.78
13.7066	12.115	44.5288
14.6278	11.9555	671.11
12.2659	14.212	94.6138
14.9762	14.3193	1115.14
14.6124	13.9236	2009.25
14.1653	12.0406	1846.67
14.0175	13.6694	227.973
14.8464	12.9769	1477.14
14.2545	14.0114	2080.42
13.5158	11.6585	377.973
14.4492	13.4248	2531.16
-14.8077	11.8592	1042.33
12.9343	13.8643	239.645
14.9796	13.9216	2156.39
14.9027	12.9069	159.692
13.6655	14.7619	1677.4
13.8482	13.2776	1694.05
14.6757	13.9226	1113.26
12.203	12.9112	664.838
14.9611	12.9809	199.037
14.9015	11.4768	26.0176
14.3966	14.1205	171.579
14.993	12.5136	350.235
14.5756	12.7779	2693.27
14.6514	12.3845	2577.44
13.9971	13.6153	229.289
14.1015	14.4172	1274.86
14.6898	14.3179	606.513
13.8845	11.0501	1280.77
12.5316	12.437	116.917
14.9194	12.7277	239.262
13.5895	14.1809	2185.72
14.2361	13.7282	1044.45
14.0813	14.5605	125.209
14.4668	10.9466	1456.5
14.6281	12.1738	1489.71
14.0435	11.8728	335.316
13.5265	13.2378	638.854
14.6568	13.9217	2313.84
14.8869	13.7714	608.822
14.0768	14.1361	188.346
12.7797	11.6698	104.688
14.1249	13.4455	1075.01
4.06557	12.8186	418.723
14.5022	14.6084	2095.28
14.3444	14.6627	1119.5
14.8379	12.35	1375.25
14.3785	12.1963	2026.97
14.8193	14.3367	875.457
14.9058	12.6152	3043.26
14.5316	12.7792	211.729
14.9959	12.0806	1009.59
14.7797	12.3681	137.012
13.1555	13.771	381.151
14.9445	14.2825	309.401
14.9723	14.791	246.096
14.9037	13.2508	1678.78
13.5998	14.3288	2103.58
13.4806	12.5479	186.629
14.2071	10.9854	1031.65
14.907	14.0872	803.038
13.9398	11.2819	810.259
14.3969	14.8668	679.661
13.7745	11.2667	1782.37
14.6358	14.1978	1198.18
13.0616	12.4461	1229.15
14.7805	14.8428	137.317
14.5664	14.4798	1647.47
14.5626	13.04	1117.06
14.7857	11.7138	101.335
14.7245	13.2713	635.374
14.6366	14.3066	2654.71
14.9433	14.3129	2961.86
14.6886	14.6751	479.105
14.621	12.6755	2632.22
14.8043	13.6537	745.498
14.693	11.665	1669.14
14.1336	14.829	2195.94
14.0106	12.9992	2503.8
14.6003	13.1924	912.547
14.7952	13.2558	1384.78
14.1496	13.9418	721.413
14.7123	12.5244	315.348
14.7526	14.3635	518.044
14.0692	11.6992	217.102
3.3691	3.22587	260.88
14.2067	12.973	1424.76
14.562	11.8683	519.121
14.6462	14.5191	94.4973
14.5921	13.0692	1189.71
13.9058	11.6657	361.695
13.4165	11.6774	472.862
14.4835	14.1464	1102.72
14.6298	13.7833	520.119
14.439	10.8135	83.6598
14.6663	13.1725	702.448
14.9948	14.8018	881.723
13.551	14.219	718.994
14.5628	13.9261	435.374
13.4171	13.1048	136.183
14.2982	13.1938	808.149
14.3422	14.922	2185.21
14.7323	10.4603	630.691
14.4843	13.2305	439.958
13.8373	14.8388	419.428
14.5107	13.3778	452.725
14.4455	13.944	872.183
13.2897	13.5349	582.58
13.2817	6.36066	1.83738
14.1934	13.2189	1023.13
14.6603	12.5036	224.326
14.9066	14.4811	804.321
14.7378	13.6345	1955.92
13.9837	13.3406	1750.18
14.2051	12.4242	34.7432
14.0069	12.289	557.723
14.7647	13.4801	767.042
13.9669	12.7049	1582.71
6.09059	8.75349	27.3728
14.965	14.6764	400.198
14.8244	13.9605	3060
14.8583	12.8285	2129.06
14.0156	12.7845	164.114
14.8162	14.1219	2605.99
13.5171	13.5819	1161.93
13.8214	11.7918	98.8877
14.5768	12.7454	2701.39
14.5251	13.6966	1368.82
14.3203	13.577	2061.5
13.6493	12.8415	133.676
14.7306	14.7934	2594.37
14.6509	14.048	1283.29
14.7538	13.6259	1083.5
14.5234	14.4597	190.018
14.9714	14.6425	1456.65
12.6413	13.2196	709.839
14.4824	12.5543	850.71
14.5953	14.4925	154.581
14.4754	13.2541	1941.91
12	13.7424	335.319
12.8328	13.9384	1227.68
12.8218	10.8086	644.647
14.6132	13.4012	994.36
14.7432	11.5142	1133.18
13.498	11.1042	122.876
14.9697	11.8454	118.399
14.8421	14.324	889.581
14.1624	12.2528	2177.42
14.8211	12.291	1163.42
14.0912	12.3788	833.058
14.9293	12.3311	455.845
14.8407	14.7266	2403.46
14.2425	14.3282	339.044
13.3421	10.4929	6.90237
14.8913	13.228	2929.23
14.9604	13.748	196.791
14.9749	12.6452	2354.69
14.2232	13.9681	1576.8
14.5771	10.9797	712.015
14.9975	12.2034	1855.89
14.7794	12.5663	1130.73
14.5976	14.9599	1261.54
13.9544	13.8009	684.739
14.9778	13.2453	2876.06
14.4071	13.1195	2366.33
14.9626	13.0819	2642.59
14.1809	14.2015	874.262
14.5051	12.3076	688.887
14.3518	12.3576	548.932
14.837	14.8233	1458.79
14.1169	12.8537	787.708
13.395	14.2476	621.597
14.6346	13.5546	707.155
14.5155	14.9347	2328.5
14.2743	14.5335	242.533
14.1632	10.797	1450.96
13.2531	11.3073	95.4216
14.8174	11.4543	857.731
14.8568	13.5032	980.343
14.8674	12.6308	2626.1
13.7388	12.1215	1754.91
9.92051	10.5064	15.1984
14.9787	11.1391	1400.64
14.8601	13.7322	2933.86
14.704	14.0764	2208.86
14.3762	12.075	373.023
12.8556	11.588	185.396
14.7075	13.4061	1158.37
14.5048	12.0973	1307.68
12.8357	13.0655	136.121
13.6635	12.8914	1735.02
14.1624	14.1092	350.715
14.3302	13.31	1175.9
13.6214	13.2957	358.678
14.8475	14.008	454.929
14.0035	12.2194	63.4722
14.7062	14.8575	2472.38
13.3691	12.2592	148.371
12.9364	12.9742	252.964
13.192	14.5489	448.386
13.8522	14.0491	210.403
12.4334	8.62977	84.393
14.2185	13.8405	1046.15
13.9624	11.3246	1507.66
14.9185	11.6483	2829.16
13.2518	12.2502	1352.83
14.0581	12.9041	461.302
14.7152	13.5913	193.945
12.1793	11.9419	142.218
13.1158	13.7767	1375.96
14.9357	13.8736	2455.62
13.2339	13.8043	388.542
14.6605	11.9883	1780.23
14.9302	13.9863	1092.88
14.6185	12.1724	2019.52
14.8885	11.6737	1111.94
14.7083	13.5033	2904.74
14.6505	13.6695	74.597
13.802	14.8739	221.395
14.5838	11.1681	948.381
14.73	11.9369	2373.35
12.4318	12.7105	264.144
4.35062	3.54648	40.2466
14.5878	14.9666	1914.48
14.9452	12.9653	1473.36
14.6417	13.9445	360.382
14.3927	13.686	2504.77
14.1101	13.3573	1391.65
14.6974	11.5414	1498.71
13.2441	11.5304	341.998
14.5712	13.5522	1632.24
13.858	11.3834	247.766
14.6877	13.6419	2030.35
13.6442	11.5794	1133.84
13.0827	13.2962	122.799
13.877	13.0067	238.068
14.759	10.5927	135.576
14.4685	12.4795	1516.71
14.8545	13.711	1034.25
14.5774	13.017	796.608
13.8248	13.9182	862.241
13.7519	12.3209	349.361
14.3096	14.4353	562.656
14.3719	13.4778	2246.85
14.417	14.6492	1656.88
13.9874	12.6407	2017.35
14.3161	12.473	1167.07
14.9929	12.3521	3001.1
14.9226	11.5658	136.206
14.48	14.0472	610.382
13.9881	12.5907	1154.34
14.5676	12.0245	2346.78
14.6155	13.5298	1371.2
13.7062	10.6269	400.567
14.8486	13.2337	2485.84
14.2847	12.3101	704.305
14.5425	14.4697	747.897
14.6009	12.761	1931.89
14.8979	12.7674	384.464
14.6947	13.0937	2775.08
14.9541	13.5295	2193.59
13.7502	11.0001	601.312
14.8028	12.1486	400.788
14.9502	14.0013	1461.39
14.8508	13.0581	1602.27
14.7944	11.9733	405.546
14.6767	13.0463	2342.81
14.5935	14.3428	2934.55
14.6297	14.6266	604.311
14.5739	14.6731	692.229
13.8159	10.7333	1339.49
14.62	14.0412	2871.59
13.074	13.5667	165.582
13.7183	14.1387	111.902
14.2452	14.1648	1196.49
14.7106	14.9569	2427.72
14.5203	12.2236	397.58
14.4187	11.293	1644.69
14.1674	13.1905	2434.29
10.3423	13.0191	372.686
14.6473	14.3455	1405.1
13.7418	13.9386	1769.26
14.1268	12.3629	1880.59
14.7277	11.342	2641.96
14.2967	14.6135	981.996
13.9303	11.2716	7.52618
14.6983	12.2588	2802.03
14.9739	13.1463	464.103
14.9432	13.421	3060
14.9379	12.6482	122.185
14.414	11.919	1360.23
14.3248	14.2518	397.85
14.825	12.2799	2925.55
14.7582	14.5003	351.573
14.9601	13.6364	718.947
13.6461	12.372	431.648
14.7189	14.1943	2247.09
14.6887	12.2229	2482.79
14.6249	14.378	1569.56
14.741	12.1099	190.115
13.6047	13.3892	129.489
14.8048	12.9797	363.26
14.7317	14.2815	508.947
14.8214	13.5048	1216.04
13.0461	13.4926	469.609
13.9075	10.7553	927.046
14.7528	13.8434	1673.11
12.2601	12.0371	852.188
13.6521	13.0579	1749.71
14.876	13.9393	2952.83
14.6278	13.4591	2783.62
14.9356	14.8101	716.363
14.0108	13.9722	677.184
14.1367	14.1911	2528.68
14.7079	14.6189	2917.28
14.876	11.7059	1081.31
14.9591	13.9068	1034.2
14.9658	14.7525	2275.8
14.7805	12.0046	538.833
14.9154	14.1614	2805.85
14.4589	14.117	418.172
14.9034	14.1708	715.425
14.983	13.6483	410.78
14.608	12.304	1940.78
14.8288	3.01803	23.3993
14.4785	14.917	210.749
14.8424	12.4368	1631.71
14.7045	12.2866	1140.94
14.4815	11.5811	1239.48
13.8172	12.6591	1391.87
14.773	14.0344	2299.69
14.0188	14.0198	392.232
14.983	13.8597	1214.66
14.2004	12.0358	1184.04
12.6559	13.9251	34.2907
14.4825	11.4813	899.124
14.6877	12.1703	127.466
13.303	11.9925	587.525
13.4254	11.4238	1383.5
14.3347	13.4301	1470.16
13.3443	9.99633	76.5747
13.3668	13.0759	511.25
14.6679	13.2522	287.5
14.7926	11.5657	1448.42
14.6829	11.4299	2175.76
14.5653	13.1884	813.159
14.736	14.0108	2538.24
14.896	12.2167	3060
14.85	14.4455	890.797
14.9313	12.6437	447.041
14.4109	13.7799	1053.75
14.9896	12.7673	3060
14.3133	10.8416	475.97
14.5535	12.9989	2199.73
14.5472	14.9184	365.894
14.7125	14.6028	466.716
13.1492	12.3593	1628.3
14.6547	13.9763	2956.88
14.0906	13.141	1657.05
14.4332	13.3974	2030.03
13.4053	13.7724	254.501
13.9837	12.6752	424.997
-3.79223	0.20845	580.919
14.2638	13.9897	1173.39
14.5836	14.7705	2220.07
13.8491	12.8171	538.276
14.487	13.4343	401.734
14.7204	11.9657	219.094
13.9044	10.9869	1719.4
12.4031	-4.2116	167.194
14.4659	13.5055	2472.09
13.3971	12.4432	622.614
14.813	12.2763	2801.85
13.8474	14.9494	1261.31
8.0174	8.72287	161.143
14.6345	14.5525	2349.55
14.7445	14.9777	2207.25
14.8314	13.5981	2484.5
12.8578	12.9047	1168.34
14.9378	14.567	445.418
14.8197	14.762	212.661
14.2432	10.5522	326.494
14.4841	12.4144	489.336
14.7519	13.5799	1680.8
14.5344	14.0392	2175.78
14.7715	14.8995	2362.37
14.9943	10.7585	518.566
14.3195	12.0695	465.927
14.6641	12.3814	270.915
13.7054	12.7897	1912.94
13.7153	12.4758	2078.73
14.9593	12.789	579.852
14.4239	12.0693	179.405
14.6567	12.1758	754.345
14.7806	14.6539	1002.48
14.313	12.685	851.239
14.0087	8.20712	34.2907
13.833	12.3519	1439.56
14.5318	10.7913	181.957
13.8823	13.2174	577.288
13.6281	12.3303	807.812
13.8866	14.0784	146.035
14.5547	12.3787	545.985
14.1436	13.4082	1355.26
14.6958	11.6199	2460.72
14.4542	14.2929	1605.93
14.3002	13.4244	2728.18
14.9749	13.1861	2764.13
12.6374	13.1349	47.863
14.5212	14.6109	124.114
14.0336	11.5015	1207.44
13.0361	12.7633	546.604
14.5442	14.2977	777.613
13.3285	14.8449	789.643
14.5379	13.2433	533.802
14.4041	12.554	1503.46
14.9146	10.6698	107.298
14.6453	13.2335	721.604
14.8989	14.7371	2837.96
14.3878	14.2456	1435.36
14.7049	13.4893	1683.72
14.8285	12.7463	2227.43
14.7829	12.6779	531.996
14.6284	14.6731	980.872
14.5518	13.3182	2956.13
13.4746	12.988	1265.76
14.9054	10.9491	234.855
9.83922	2.31965	628.518
14.5806	12.0853	2008.99
14.5408	11.733	151.045
14.2638	14.2157	1003.42
14.1823	12.3736	528.193
13.7831	14.1041	1973.11
14.4584	11.6489	364.075
14.2704	11.166	978.611
13.8856	9.87733	735.629
14.7763	13.7533	2379.84
14.975	11.6942	109.012
14.9474	12.4856	153.214
13.3634	13.4578	1625.73
13.2697	14.4129	437.446
14.255	13.0789	1058.26
14.4409	12.9217	1481
14.6765	12.5986	1539.79
14.5598	13.2853	266.349
14.965	14.5086	1639.86
14.1594	13.2721	657.269
14.9854	12.9027	562.251
14.2913	11.7724	1351.92
14.7189	12.4805	242.014
13.6306	14.0268	1427.42
14.2835	12.2037	2477.14
14.7644	14.031	2346.14
14.814	14.1883	2729.02
14.7396	11.5921	251.926
14.4648	13.8251	2399.14
13.8695	13.4394	1844.12
14.9621	13.0073	427.757
14.0653	13.8306	2310.14
14.9753	10.6506	1871.76
8.38241	13.3315	832.228
14.7377	13.8558	2021.61
14.9117	13.2926	492.632
14.8757	12.1032	1939.36
14.8853	12.1347	1618.55
14.0782	13.9666	135.313
14.0236	12.8988	390.13
13.5898	13.1411	2221.06
14.9639	13.7006	3060
14.6925	13.8796	2050.1
14.9911	14.2222	1523.74
14.7904	12.8744	65.0435
13.3157	14.0195	94.8639
13.276	12.0324	1649.85
14.4903	11.7325	22.4093
14.9148	14.6248	1519.63
14.9122	11.5623	731.894
14.0847	7.28587	13.4671
14.8297	14.6974	2283.78
14.6124	14.0376	554.15
14.3115	14.2333	1627.34
14.9826	13.8926	449.087
14.0581	11.4922	735.039
14.5871	14.1693	994.951
13.978	14.5864	1905.25
14.6694	14.203	610.643
14.5366	12.6309	1135.18
13.9026	13.5644	1811.23
13.3577	11.8808	1946.26
14.3487	11.3946	1276.18
14.388	11.5095	2502.89
14.3374	14.4413	2087.56
14.7657	13.8289	418.365
14.8555	12.1813	3060
14.4635	13.5084	1451.41
14.6301	14.243	838.683
12.9616	12.9265	147.286
14.7013	12.7493	2915.1
14.7122	14.143	2507.59
14.3899	12.6796	856.211
14.7608	11.1209	499.859
14.8253	14.2411	788.251
11.3	11.1899	178.566
14.9992	13.4501	939.464
14.2833	11.535	19.6471
14.8422	13.4556	2276.19
14.3214	14.2847	1787.68
14.8404	10.8862	1868.86
13.1019	10.7501	1039.79
14.7743	11.9317	2065.88
14.9075	13.7787	2772.68
14.6915	12.7585	1191.64
14.5878	10.591	952.286
13.5959	13.9164	1126.1
14.2353	14.4383	1166.77
13.8256	13.7058	113.648
14.491	12.8234	1907.91
14.4549	11.6746	777.597
14.5591	13.4111	2719.35
14.9996	14.1557	536.382
9.4943	11.2439	76.2099
14.5978	11.2477	733.943
14.9492	13.2159	145.487
14.7625	14.9056	2514.7
14.4118	13.3802	2224.83
14.5184	14.0337	144.47
10.87	6.7298	881.307
14.3768	13.5783	139.61
13.8301	12.3125	374.695
4.23051	14.1455	44.7646
14.7919	13.2439	2373.43
14.6712	11.1648	1232.18
14.8622	13.3471	3060
14.764	14.2364	454.377
14.5324	13.3796	993.876
14.0123	14.948	2201.45
14.2456	14.9598	1752.91
14.6474	14.0637	2441.99
14.4664	13.9912	173.407
14.2055	13.5664	598.408
13.147	13.4596	766.19
14.8615	14.3461	811.114
14.0797	11.6951	11.8814
14.8737	12.3222	154.364
14.898	14.3743	585.602
14.8552	14.5498	1323.09
14.6961	11.6154	1162.63
13.5031	13.839	632.854
14.9657	11.8978	3060
14.3534	13.1046	1380.91
13.5843	14.4054	981.896
7.67168	12.1777	445.632
14.4375	12.7495	317.841
13.5364	14.2385	1036.37
13.5121	13.779	1691.69
14.8781	12.4483	1543.15
14.0257	11.3924	1608.8
13.9912	13.4945	1961.07
7.30291	2.02621	213.855
13.7684	12.6385	1068.83
14.7364	13.257	2616.71
14.0089	14.9566	1291.61
12.7676	12.953	267.023
14.8601	12.9691	602.985
13.3039	14.0291	178.62
14.8635	13.2893	1434.37
14.6199	13.4375	277.472
14.8931	13.1566	3025.71
14.8105	12.0176	190.145
14.3542	12.2555	224.961
8.83116	8.30922	174.309
14.1077	10.5007	1058.4
14.4763	12.9982	358.343
12.9845	6.18402	229.065
14.8205	12.8805	996.408
14.9054	12.628	2331.45
14.5833	11.5836	695.238
13.6538	10.1085	117.58
14.9334	11.5163	2459.56
14.9539	13.7953	1302.64
13.6121	14.8044	617.873
14.6944	12.5514	660.172
13.0417	14.6277	81.3423
14.5163	12.9667	2634.23
14.4329	14.6027	1061.94
14.9523	13.0645	114.61
13.8308	11.8537	272.94
14.0212	13.5357	106.809
3.20621	14.3541	166.788
13.117	9.46265	164.622
14.7822	13.8971	848.739
13.1425	13.8524	34.2907
14.7736	12.0681	263.194
12.0332	12.0935	36.8837
14.2332	14.2208	2480.84
12.7823	12.9997	71.391
14.8118	12.1751	1488.43
14.7771	12.5872	1009.26
14.1701	14.1266	575.515
14.8412	11.6796	1094.9
14.8129	14.3457	527.984
14.4263	13.3152	728.812
14.0827	14.3404	171.478
14.8242	13.2868	1395.91
14.2933	12.5043	382.766
14.9244	14.7352	122.778
14.9394	14.1895	3060
14.7393	12.1675	2937.45
13.4679	14.7213	653.85
14.8836	12.078	316.942
14.6724	12.2795	676.992
14.9679	12.7786	1682.32
14.8651	11.7461	1541.62
14.6906	13.0855	571.087
13.8045	13.1356	1553.47
11.5521	11.2597	201.57
14.021	13.3139	206.227
12.9403	13.7852	1495.11
14.9813	12.2307	128.398
14.9282	13.6966	1330.11
6.55707	8.9067	34.2907
13.9314	12.9864	1513.71
14.1417	14.2326	2287.62
14.9954	12.0427	1608.4
13.5354	11.1377	21.0687
14.8109	11.9733	2224.29
13.6182	13.9642	1539.51
14.4723	14.7168	509.732
14.9989	12.3313	3060
14.2197	13.1393	151.095
14.357	13.7241	13.8668
10.3675	7.46868	131.484
14.9267	13.2015	2253.19
14.5117	13.6221	1163.43
14.542	10.2697	120.492
13.5804	13.2041	982.606
14.9425	14.0336	2484.45
12.7752	13.4665	136.442
14.9467	13.7321	935.687
14.2413	14.1938	2226.96
14.9127	13.445	1722.77
14.6691	12.5072	467.64
-3.86658	7.21404	181.508
14.6856	13.1337	2761.42
14.9608	14.4778	1960.73
13.2656	13.8523	1221.05
14.9435	14.1722	736.597
14.1156	13.794	859.852
13.8653	10.5379	130.162
10.8656	-3.87881	551.424
13.9017	11.9779	1925.34
14.737	13.997	185.711
13.5112	12.1424	387.188
14.2787	13.5065	1881.67
14.3544	13.8013	1991.88
-6.54758	-14.3145	86.7981
14.7499	12.4618	241.284
14.1534	14.4288	2476.35
13.4614	13.9404	2135.73
14.5723	12.6445	39.2855
14.3799	12.1322	443.262
14.4887	13.82	437.885
13.7917	12.9535	1039.02
13.3712	6.3928	43.2457
14.3909	14.7248	2641.46
14.2938	14.3347	2269.25
14.5198	14.8406	2079.45
14.9451	12.3186	648.924
14.8403	14.0052	2438.1
14.8999	14.4251	1961.19
14.2143	12.76	471.161
13.4559	14.9364	225.559
13.3438	11.5411	12.4171
14.712	14.0834	1445.91
14.5657	14.5863	347.892
-6.34133	11.4563	101.97
14.739	12.4064	499.19
13.1328	13.1524	1836.71
14.3623	13.0525	176.864
14.2902	14.2523	1338.33
13.9772	13.9223	338.163
14.9915	14.0181	1357.58
14.5112	13.0493	827.445
13.7523	13.2983	371.472
13.2505	13.8297	1419.83
13.2945	13.0188	97.7261
14.4125	13.4736	1717.93
13.3827	12.6326	1342.56
14.8626	11.6958	2089.59
14.6266	11.8779	683.969
14.8249	11.2353	1726.41
14.0727	13.8183	2085.52
14.3141	12.1194	882.648
14.7573	12.7821	3048.12
14.8001	12.6391	750.701
14.007	4.89383	145.996
14.5851	11.2346	176.703
14.5072	13.2241	575.605
14.9427	14.3262	3060
14.6409	12.0878	851.343
14.7268	13.3921	77.3323
14.4702	12.367	486.142
14.182	14.1763	273.491
14.8294	13.3997	2756.27
14.7554	12.5298	2851.55
13.8491	12.4862	306.755
14.3372	13.5727	39.2855
14.5135	11.1568	1849.53
14.5687	14.7979	2660.78
14.401	12.432	942.38
13.4374	13.8451	1172.43
14.515	13.9654	2837.07
14.6489	14.5242	307.34
14.2519	10.9153	1614.91
14.5986	13.0006	125.148
14.5726	14.83	2125.58
14.0425	12.445	116.656
14.8575	13.1265	3060
14.7571	13.9128	1511.48
14.9613	14.9612	3060
13.9276	14.6214	478.048
13.7743	10.6732	319.776
14.7037	14.7241	2654.93
14.3427	10.946	34.7432
14.9684	14.2494	2663.34
13.9712	12.2393	1150.23
14.9003	12.6636	1029.31
14.9649	14.7291	2502.21
14.2049	14.01	2000.54
14.4739	12.0499	560.876
14.5064	12.2684	1594.52
13.216	13.4768	1746.22
14.498	14.7806	819.268
13.7367	14.3496	1809.3
14.1199	13.7535	1762.37
14.8013	13.0702	2057.09
14.1766	13.3279	1246.94
14.4871	14.4712	1442.87
14.9401	12.1424	2832.84
14.6924	12.7003	903.015
14.794	12.536	3060
13.6186	12.3667	235.563
14.7474	12.9337	1253.85
14.4703	14.5311	633.87
14.9112	11.9943	443.729
14.272	13.4346	394.643
14.5628	11.9186	718.137
14.6588	12.5649	854.865
14.3765	12.2215	1742.78
14.4742	13.3161	1571.77
14.7965	13.4544	2069.58
14.9524	14.1371	132.833
10.6421	5.52323	246.422
13.8506	12.3993	931.916
14.5355	14.8619	1117.52
14.52	12.3319	107.266
14.6199	14.1877	2130.51
14.7644	14.8056	683.106
14.1493	12.817	2093.53
14.353	11.7778	142.176
14.4144	14.5632	2368.77
13.2883	12.4802	541.648
13.8043	13.4177	2388.21
14.6049	13.3438	516.691
14.4679	12.107	175.813
14.7046	14.7578	387.071
14.5788	14.3067	1932.79
14.8719	13.4027	1069.32
13.5104	11.5427	1520.1
14.8835	13.0817	1806.7
14.5942	14.6214	248.839
13.6365	12.9011	1455
13.2035	12.0118	1758.41
14.1797	10.4124	269.771
14.2762	13.9475	991.5
14.893	13.142	2128.57
13.8163	13.8697	667.098
14.8333	12.9223	2778.69
14.4133	13.0348	2323.63
14.3026	10.8796	494.112
12.7363	1.84916	62.5533
14.5069	13.7384	1015.16
14.4985	13.1402	231.343
14.1932	14.6515	1425.79
14.7956	14.3996	255.404
14.9655	13.0142	2209.93
14.9823	14.8737	947.601
8.7536	12.7058	209.146
14.9241	14.2129	2660.18
13.2798	13.489	884.263
14.8532	11.8968	476.338
14.8613	12.5341	1063.69
14.7062	12.3673	1169.5
14.7603	14.1421	2716.16
14.1571	13.7821	109.917
14.4142	9.67275	244.846
14.8616	13.0346	650.946
14.3805	12.3491	123.796
14.5276	12.443	1993.8
14.3079	14.2499	416.049
14.7341	12.1721	588.031
14.033	12.3903	2235.03
14.7039	14.3931	346.978
13.1884	13.6019	726.72
14.2675	13.1722	2572.62
14.3362	13.3684	2594.63
13.1875	13.5241	1092.08
13.8568	14.6169	1937.13
14.5203	12.8755	1764.51
14.878	14.9663	669.384
14.1346	13.0619	1212.54
13.3188	14.2931	1499.93
10.2276	11.0546	162.74
14.9468	12.8945	121.026
14.6347	13.6336	1217.49
14.9074	11.5263	1144.14
14.9212	9.45773	618.687
14.1029	14.0466	1436.3
14.1972	13.3196	666.267
14.6767	12.6397	2927.88
14.9212	12.7356	2022.61
14.6257	12.0247	826.984
14.9983	11.9113	430.705
14.6913	12.9227	1637.04
14.363	11.7092	922.263
13.5948	14.5271	1641.52
14.7546	14.3062	2767.46
14.9192	11.6806	2888.19
5.73933	12.9592	288.233
14.9049	11.7701	462.83
14.8227	14.0148	2640.26
14.9931	13.6191	186.566
14.6098	13.92	528.586
14.5704	13.1196	2530.22
14.67	9.72023	125.204
14.9668	11.8421	1335.82
14.4515	12.3333	354.173
14.226	12.9358	253.204
13.8381	12.8776	701.068
14.7545	12.4916	2773.43
14.384	11.7312	1024.39
14.5231	12.959	2786.29
14.3592	12.3362	1961.32
14.3236	13.8206	618.966
14.5038	12.5722	1316.99
13.3081	13.2221	40.4324
13.8865	15	1813.06
14.9726	13.6179	384.142
14.977	14.1509	1992.22
14.815	14.2787	2771.07
14.227	11.2703	1347.05
9.54262	11.0641	28.055
12.8153	14.2798	610.417
14.5332	13.3213	2432.38
13.7141	14.1195	256.33
14.9456	12.5068	449.605
14.4335	13.0961	2677.19
14.3862	12.49	2205.19
14.9279	13.6949	3060
14.8415	13.3419	1315.76
14.8139	11.6427	1850.52
11.9933	13.8696	707.329
14.15	12.3412	1987.86
13.8123	12.607	2306.55
14.92	13.3555	383.735
14.5569	12.0239	1359.82
12.4967	12.7387	108.579
14.5301	11.789	2264.97
14.4648	12.9511	2481.98
14.6489	9.04867	268.428
14.9578	12.1753	367.373
14.8795	13.6612	822.163
13.6819	11.964	312.639
13.6756	11.7475	1035.83
14.3833	10.883	1728.18
14.3809	13.8199	695.1
14.0583	11.0725	1544.85
14.7743	12.7479	711.541
13.6913	12.9781	1548.98
14.123	13.5614	125.59
14.9285	14.7368	183.323
13.7206	13.2184	1104.86
14.8198	14.3384	1681.37
14.5003	13.403	684.943
14.1621	11.9759	241.12
12.4558	13.0129	86.8254
13.9119	13.2563	274.529
14.5432	14.0706	2458.34
14.3621	13.2188	1676.19
12.8853	5.94311	347.295
13.8496	12.0397	107.093
14.7082	12.0339	1070.87
14.5429	12.4754	2051.63
14.716	11.5719	2385.76
14.7547	8.91308	140.825
14.0388	12.1875	1701.78
14.8642	12.9511	1078.34
14.8766	13.9022	1556.04
14.9647	14.2438	34.7432
10.7691	9.06937	236.418
14.5134	12.2434	1250.72
14.2568	13.3028	1130.79
14.7011	13.3941	2436.16
14.6272	13.672	627.387
13.9736	13.2516	432.3
14.4047	13.1567	2714.7
14.4145	14.7971	732.454
14.2031	12.1129	965.591
14.3344	14.7012	1282.88
14.1506	13.272	519.816
13.9266	11.5998	104.673
14.4169	11.9681	2025.37
14.4766	13.6222	670.01
14.9902	14.8853	2830.34
14.2604	14.3571	2532.11
14.2985	12.4429	1314.72
13.8628	12.3557	1142.37
14.3187	10.7431	510.839
14.6033	14.3549	584.757
14.9616	13.8192	614.946
14.8963	13.7347	952.021
14.1714	14.5785	1647.04
14.5906	12.4848	2239.91
13.9111	14.7283	34.7432
13.9296	13.3198	1366.07
14.5958	11.2534	807.96
-2.97705	-0.869453	113.342
14.0302	11.8099	967.586
14.7592	14.3111	2567.29
14.4904	12.9235	1708.01
14.4403	14.2487	1477.14
13.9161	13.0934	929.914
13.1762	13.6827	883.791
14.8407	13.9541	1030.28
14.2589	12.6211	2552.8
14.8436	14.6218	1189.37
14.7946	11.9113	1430.67
13.3491	11.623	1343.17
13.8928	10.831	1056.98
14.9952	11.4298	449.101
14.9977	12.8116	2388.46
14.9814	12.1118	165.647
11.3801	11.7598	7.59064
14.9211	11.9321	2436.91
14.8596	12.5877	2771.97
14.6517	4.13461	18.9917
14.9009	12.2152	543.963
14.7451	13.6517	1254.23
13.7201	13.3492	34.7432
14.3488	12.9085	1719.15
14.9517	12.1945	1306.63
14.0163	13.2038	1707.29
14.9392	11.2509	389.435
14.8802	13.9957	367.688
14.6571	14.1006	2890
14.8148	12.8983	1076.33
14.7542	13.1615	2445.79
14.1693	14.1644	2631.36
14.9053	14.6926	1540.47
14.4734	14.0951	2080.68
14.9976	13.7471	2679.95
14.8301	12.7198	255.913
8.3419	8.86857	62.3033
12.9423	12.0838	1186.85
13.7073	12.307	280.687
14.508	10.7971	132.619
14.8401	13.9912	383.89
14.5802	14.6265	2751.85
13.8986	14.3442	2166.4
14.3557	13.2041	561.042
14.2994	12.0504	130.806
14.8493	14.4101	1463.66
13.7577	14.7128	355.99
14.5398	13.6558	194.852
7.74903	7.62935	160.564
14.8042	11.2894	32.5729
14.7528	13.1573	735.651
1.92966	-13.8638	379.898
14.8115	14.0456	422.086
14.6108	12.068	459.437
13.8366	13.5391	2334.57
14.7218	12.8858	2637.41
13.2437	14.9394	354.779
13.2892	13.8444	13.474
13.6302	13.8289	1238.64
14.0576	13.7911	443.176
14.9244	12.8845	887.88
14.4601	11.7302	1730.96
14.8353	11.1604	803.843
14.045	14.6018	585.333
14.0249	14.8193	160.705
14.3537	11.8255	1619.44
14.8278	12.1997	1942.65
14.8165	11.6313	743.238
14.7171	13.7421	1618.19
14.0113	11.4829	1220.18
14.2626	11.0085	28.4883
14.2621	11.6383	800.345
14.6476	13.6933	851.066
14.1268	11.0552	632.453
14.9176	14.4857	449.98
14.799	13.3236	2740.95
14.6761	12.9149	2469.66
13.8909	14.1303	1532.5
13.9098	11.6872	619.386
12.6061	11.5657	121.668
14.8271	13.509	1325.81
14.1295	13.7069	412.106
13.4521	12.5791	472.418
12.297	13.0856	11.0318
13.8958	12.7625	1591.83
14.4724	11.9012	1425.84
13.7283	11.7677	71.612
13.0317	12.8743	212.25
14.5691	13.8076	1745.7
14.1732	14.0081	2178.59
13.8405	13.5331	489.822
14.3881	14.5641	1740.71
14.8419	13.0039	2759.79
14.9636	14.648	134.895
14.3212	9.61807	29.8551
13.6452	12.312	1575.9
14.8686	11.0617	922.713
14.3254	10.5999	1151.5
14.7452	14.573	1778.44
1.12389	9.47981	406.709
14.5393	11.904	1180.61
14.7774	13.1887	2655.56
14.957	13.155	272.357
14.6898	12.9786	2549.55
14.1037	11.9916	2037.87
14.971	14.1982	2967.33
13.1811	12.7828	698.673
14.8359	12.7705	1931.8
13.3152	14.128	305.739
14.5752	13.9627	1685.67
13.9541	12.857	21.1328
14.3204	12.3285	2335.03
14.9216	14.6685	311.316
14.6244	12.7448	127.573
14.359	13.2355	2463.69
14.9878	11.8498	1153.27
14.7166	13.0123	654.03
14.1285	14.051	589.19
14.957	10.4331	331.684
14.7289	11.3814	1252.85
14.8497	12.6459	31.474
14.2687	14.3157	1648.06
14.4064	13.7443	20.9593
14.9637	12.9408	532.013
12.9179	9.44012	135.227
14.3725	11.8016	2793.88
13.4455	13.8498	468.067
14.8378	12.5584	2767.52
13.776	12.5149	1263.43
14.6959	12.8053	2478.2
14.7681	14.2474	1575.14
14.3541	12.6873	2399.26
9.34124	13.6338	106.761
14.5519	13.1023	1903.85
12.3673	14.02	9.71807
14.6088	14.0193	1974.3
14.9227	14.6535	268.605
13.4143	11.4888	359.097
13.9309	12.531	2581.78
14.3062	13.183	115.53
14.3168	11.6678	2556.75
14.0088	14.4063	148.914
14.8098	14.4033	1952.13
14.8431	13.9591	1709.16
14.4358	12.2059	128.603
13.183	13.6795	1930.15
14.8624	13.4451	2900.37
14.1722	12.6086	2312.59
14.4783	8.15361	147.936
14.9017	12.6476	2235.78
14.6683	11.7374	2537.23
14.9857	13.0112	75.2362
14.6526	14.6064	2721.91
14.7474	13.6562	495.525
14.7613	14.4011	1958.63
13.8913	12.9578	2059.1
14.4918	11.8459	954.484
14.9047	14.1942	260.392
14.2807	14.3514	245.309
14.9221	14.0987	2805.97
13.8261	14.3082	627.437
14.6016	13.0614	2085.13
14.7857	13.3194	2911.17
13.8216	14.6119	1453.19
14.6787	12.6499	1787.06
14.6107	14.2932	1467.35
14.9691	13.1383	325.943
13.1895	11.9346	817.906
14.4031	11.816	1168.03
14.3692	14.3218	2562.9
13.934	13.2864	1975.63
14.4709	12.7912	606.829
14.9058	11.563	280.547
14.8487	14.6682	1826.74
14.2672	12.6989	1203.94
14.2641	12.8694	153.117
14.187	14.0371	2665.65
10.9411	14.5742	71.1739
13.8489	11.9516	1514.41
14.4019	14.528	2097.71
14.5158	10.7633	34.2907
13.809	13.5921	1607.97
14.4722	14.8115	433.908
14.9103	13.8266	1128.11
14.7788	14.1818	2188.11
14.9424	12.7668	2347.31
14.9746	13.3682	1279.25
5.3643	12.4194	8.92299
14.5348	11.6148	214.817
12.8521	12.2608	1219.41
13.7091	13.6141	2047.64
12.9515	14.1265	109.72
14.7419	11.7615	2397.94
14.1997	11.9634	514.225
14.4416	14.8554	1920.7
14.4684	13.8308	1793.39
14.7387	12.8804	570.055
14.6706	12.1944	502.32
14.9459	14.6552	701.658
12.3129	12.2557	34.7432
14.9486	13.4837	1382.54
14.1865	10.8951	42.2805
13.8776	14.3506	1236.16
13.7957	11.8566	1396.76
11.445	9.83402	151.419
14.733	12.6641	2930.86
14.9257	12.5025	2797.08
14.2684	13.0703	109.547
14.8382	14.1555	1141.2
13.4224	13.377	1838.36
14.5681	12.8615	266.217
13.0493	13.3219	1104.76
13.7948	14.2788	610.346
14.729	12.9631	1262.64
14.8875	13.34	1313.23
14.8673	13.3275	828.455
13.9437	13.2984	1157.53
14.784	13.3923	995.085
13.6906	14.5513	1284.75
14.9352	12.9669	644.6
14.2923	13.3699	1128.77
14.7283	12.5972	2814.55
14.9974	11.8684	1618.5
14.9191	14.4212	1602.33
14.9309	14.3316	2020.16
14.8844	11.6116	2498.81
14.0162	10.9612	112.534
14.737	13.1701	2896.15
11.5053	8.39847	184.666
13.6628	11.1783	1235.91
14.5597	14.0279	2876.48
14.243	13.0345	959.823
14.3829	13.4501	1254.6
14.9753	12.8818	524.768
14.6987	13.6773	1122.45
14.5038	12.2937	591.528
13.8593	12.5268	230.475
14.03	13.1443	509.244
14.354	13.7168	1361.41
13.8711	13.7305	99.5401
14.6324	14.6636	2768.51
14.8635	11.063	1500.39
13.9839	14.7619	2054.22
13.4918	13.3257	177.313
14.83	13.9494	2301.49
14.911	12.507	2081.84
14.3318	12.5528	1897.59
14.9532	14.3037	2692.09
14.6279	12.4354	2594.89
14.9945	13.3945	2206.62
14.791	14.6614	2952.87
14.5422	13.6086	511.593
14.3519	13.2911	2713.43
14.2608	13.4146	1657.33
14.4393	11.2291	1644.36
14.5154	14.0243	971.972
14.8875	11.139	115.018
14.8678	12.4008	310.968
14.8601	12.8662	744.344
14.8761	13.8277	2677.44
14.5887	13.9646	2289.32
14.8469	13.4797	1138.94
13.9839	13.5305	409.996
14.5006	11.8953	2227.5
14.1165	12.8746	374.321
14.1224	12.4838	1102.92
14.5418	13.1749	2550.32
14.3127	14.7186	169.025
14.7418	14.8968	1407.18
13.0721	11.1613	109.861
14.78	12.728	2361.31
14.719	13.7125	2052.98
14.0698	12.9189	2403.14
14.301	13.3246	2099.96
14.1437	14.6258	1970.87
14.7194	11.9272	2847.52
14.7927	14.281	732.752
14.7725	14.7599	968.776
14.2397	11.791	2237.74
13.8945	12.814	110.693
14.5574	11.466	2047.91
14.9062	13.5674	598.129
14.4722	13.3794	498.072
14.6609	11.2877	1049.2
14.9144	12.9974	200.849
14.9693	13.8467	3060
13.9178	14.9736	1827.3
14.9198	14.6407	646.803
13.795	14.202	2273.66
14.651	14.2864	562.746
14.0525	12.12	1459.7
13.5615	12.318	496.374
14.6631	13.2731	410.169
14.3997	12.7576	1412.2
13.4356	14.4813	1366.7
13.7495	12.4327	969.061
14.6351	12.2391	2533.34
13.2586	10.7282	912.588
14.3124	10.6331	1349.14
14.9442	14.0801	2654.08
14.0466	13.3672	855.378
12.3559	13.7713	202.428
13.4718	13.976	1281.85
14.9932	12.871	248.487
14.887	14.019	750.467
14.9491	14.0808	942.38
14.6556	13.0315	603.118
14.4731	11.2712	2065.94
13.5334	9.4363	159.421
14.3648	14.2363	287.111
14.8847	13.6999	250.188
14.8457	14.2806	518.366
14.1186	11.5592	704.551
14.73	14.0939	1224.78
13.4105	14.9009	165.668
14.9571	13.6688	459.891
14.332	12.6258	1560.64
14.9111	14.8495	422.197
13.5714	14.1821	469.216
14.5677	12.6987	412.882
13.9973	10.5886	679.643
14.7036	13.8615	97.1518
12.7549	11.072	315.495
14.4439	13.2129	1278.26
14.8437	13.1805	2182.1
14.5185	14.445	2752.81
12.3625	13.1511	98.7013
12.9978	14.7881	1120.28
14.63	13.8187	100.686
14.4331	12.1514	40.7304
12.8414	13.1624	22.8618
14.4871	12.9177	1066.84
14.9343	13.5231	657.327
14.6909	14.3604	2891.44
14.9639	13.3721	557.298
13.7189	14.1856	1459.56
14.5491	14.3494	1022.8
14.6307	13.916	856.284
14.8099	12.5419	1748.38
12.4577	12.9482	217.079
14.6578	9.05606	1503.11
14.8762	14.2491	3060
11.0819	7.63651	171.757
13.6339	11.9507	112.667
14.5386	13.5254	291.989
14.2757	12.4932	907.724
14.7052	13.4682	2037.87
14.3035	11.5715	1764.44
14.7057	13.5271	2656.24
13.9967	11.4341	2067.58
14.4152	13.1856	455.033
14.7972	14.1077	2525.96
14.2454	11.4833	471.956
13.7134	13.7779	1052.83
14.8454	14.7327	198.702
14.7826	12.3377	1467.89
14.8179	14.6902	2912.74
14.8158	10.4127	829.632
14.7215	12.6469	731.362
13.5146	10.8435	125.362
13.5413	13.297	4.65125
5.96974	9.71795	66.4468
14.1464	12.2906	410.148
13.371	13.4538	1639.46
13.3072	11.7567	1580.62
14.8073	14.5363	691.711
13.5907	11.5875	506.83
14.9082	10.7957	1066.28
14.5883	12.1475	2669.49
14.92	13.4868	141.223
13.8045	12.9413	122.102
14.7752	13.5145	1909.23
14.9649	11.4667	552.525
14.8933	13.5181	725.234
14.8991	12.6949	121.241
14.7679	12.9268	138.92
14.898	13.5062	1939.57
13.8609	13.2825	460.145
14.7046	9.66832	744.028
14.6958	14.0108	254.064
12.8987	13.4287	465.166
14.8715	12.9829	188.59
12.6865	7.23398	132.603
13.4319	12.8171	663.512
14.9697	14.4442	429.382
14.6243	13.8267	1288.38
14.9687	14.5697	3060
11.6438	10.9657	117.678
14.2949	11.8517	806.801
14.9301	14.8073	2027.16
14.3433	12.4141	868.654
14.9094	12.1537	1286.68
14.2325	10.6981	1294.47
14.3535	14.1517	2536.53
14.6169	11.4565	648.016
14.9927	13.6547	1610.82
13.4472	13.5415	1443.7
14.3408	12.9185	1004.42
14.9999	14.7501	480.478
14.7971	14.3929	1871.84
14.8374	12.0825	1538.94
13.8693	12.0171	1079.06
9.82691	14.2543	129.275
14.7239	14.2897	2302.9
14.6862	13.3899	205.951
14.2181	14.5731	421.121
14.597	13.9522	316.854
14.6267	13.1952	2642.23
14.7074	12.4	337.115
14.2159	12.1017	1869.51
14.96	14.9095	1189.97
14.8372	12.2322	981.528
13.3488	13.3349	781.937
13.6428	13.2738	1123.68
14.2955	14.1077	1834.02
13.7635	14.7481	248.68
13.9488	13.1643	2208.45
13.3704	14.0578	34.7432
14.4419	12.476	1370.56
14.5934	12.6218	2763.02
14.2552	13.389	1927.04
13.9167	12.6408	161.014
14.8745	14.8004	2365.42
13.9762	14.8453	118.647
14.7888	14.2781	1581.46
14.6293	12.9506	1086.7
13.6525	12.4438	1428.83
14.7158	11.6666	2782.66
13.7452	13.2435	2149.61
14.4938	14.0494	2278.38
14.5229	12.7912	2410.63
13.1517	12.5683	367.559
14.9287	14.3191	1277.98
14.8344	14.4838	998.546
13.9291	13.7764	1838
14.9496	14.2784	1001.21
14.7162	13.7379	813.427
14.7744	13.5387	1654.19
14.9656	14.5786	2329.24
14.5919	11.7392	48.5949
13.9855	12.4998	1807.65
14.1225	13.3488	1252.7
14.3873	14.1293	724.148
12.8419	11.1137	394.027
14.8955	14.6838	3060
14.3613	12.7866	1017.81
14.797	13.2791	1851.31
14.8353	12.9155	721.74
13.5408	13.4479	352.11
14.8675	10.4339	1034.06
14.509	10.8028	348.411
14.9552	13.3695	1006.03
14.8851	11.8385	173.316
14.9284	14.1553	34.7432
14.915	10.6976	2178.41
14.552	12.4446	2407.6
14.3374	14.8664	1963.35
14.9331	14.4035	1620.9
14.8344	12.9249	532.238
14.0525	14.7922	1917.76
14.8029	13.7208	626.2
14.9903	13.6998	2054.18
14.037	14.6752	504.252
14.6635	14.4318	2888.35
13.9632	1.38881	22.8599
14.8054	13.0028	2898.4
14.8222	14.9827	1487.31
14.9157	12.9278	579.732
14.6822	11.5721	89.5903
13.6216	13.7289	1944.24
14.986	14.4741	2912.5
14.7545	13.9874	2548.16
14.5107	12.8334	2516.91
14.5404	12.5303	201.586
14.7476	14.9822	966.42
14.9986	14.0412	897.937
14.6168	13.1614	2582.08
14.1807	12.5343	377.024
14.9698	14.7618	849.425
14.9655	12.4871	165.429
14.583	12.1803	2038.96
14.7118	14.6909	2692.64
14.7935	12.3935	1985.56
13.5992	11.6766	34.7432
14.5558	11.4409	1322.99
13.7454	12.5757	822.619
14.7305	12.7307	1815.41
12.886	6.44484	504.052
14.8497	14.0097	1193.29
10.6107	12.2501	164.35
13.4641	13.1714	1889.01
13.9689	14.5857	14.9495
13.4249	9.92756	645.076
14.4468	14.1208	306.513
14.2776	13.1026	323.944
14.4591	10.8743	2033.57
13.4575	12.944	1127.06
13.8234	12.5555	666.75
14.1916	13.8484	1346.55
14.83	13.0114	916.633
14.4915	12.353	509.464
14.535	13.4854	2488.16
14.68	11.7066	609.889
14.7022	13.3488	450.27
14.8187	13.4231	3060
14.9321	13.6224	3060
14.6485	13.561	478.444
13.5553	13.9202	2106.59
14.446	14.8284	2326.31
14.878	14.1744	679.691
14.1531	12.4369	1506.34
14.6021	13.992	1510.77
13.1723	12.3613	107.614
14.7232	12.9109	1783.33
14.689	10.7988	1049.79
14.5052	13.9641	1484.01
14.6483	13.2659	2393.69
13.5209	10.3725	108.046
14.8314	13.146	880.878
13.3736	14.1397	1808.6
14.1842	10.6339	108.895
14.9989	14.716	131.972
14.7665	13.4656	1026.29
14.9982	14.9008	2200.84
14.7807	13.7797	2203.65
13.8082	13.491	1235.98
14.9169	13.3051	2940.79
14.563	14.0746	289.712
14.9806	14.1976	649.461
14.9	12.2552	3060
14.6741	12.7049	1352.45
14.9743	12.5669	1890.01
14.8517	14.7031	813.423
13.9215	12.6788	1734.87
14.9551	12.362	961.048
14.8311	12.4653	127.508
14.686	13.7347	40.2466
14.5249	12.4571	1624.78
14.6921	14.1804	2847.6
14.6833	12.6256	395.41
14.6266	14.8293	205.813
14.0802	13.5058	2536.79
14.4706	12.7449	1409.81
14.1277	11.5994	453.352
14.4369	12.96	155.694
14.7129	14.0933	1927.19
14.0018	13.3926	1690.4
13.9239	12.1355	1747.82
14.7601	13.4383	465.19
14.9166	11.5018	1659.35
14.7818	13.7573	815.567
14.0811	11.9674	446.906
14.0891	13.4413	462.076
14.8229	11.8226	1925.18
14.3904	13.369	460.017
14.3399	13.8964	948.966
13.358	7.79905	194.898
14.5427	13.4705	2755.76
13.8677	11.9013	1697.8
14.5792	11.6768	167.154
13.8531	12.5339	65.6195
9.82522	6.22041	121.1
13.8791	12.554	1139.53
12.0982	14.556	94.3563
13.9558	13.7991	209.158
14.8092	12.6513	440.989
14.422	14.9881	2662.76
13.3476	12.4717	583.314
14.2774	11.7449	2312.33
14.6194	13.2955	592.658
13.0067	14.2354	68.0582
14.6124	13.8072	2955.79
14.3381	14.4934	1441.76
5.15135	11.0139	130.645
14.7937	12.5033	648.006
14.0709	11.3083	1213.02
14.8431	13.7456	2616.93
12.9028	14.1598	310.199
14.3457	11.1463	218.133
12.6055	11.9489	108.88
14.3276	12.0242	1566.39
14.7812	11.0595	560.79
13.366	14.5411	1911.34
14.9081	14.6311	3060
14.9696	12.662	148.37
14.0284	13.4571	1004.6
14.0487	12.9376	2568.34
14.479	14.4267	577.055
13.9172	10.3381	182.704
14.7145	12.8695	120.494
14.8498	13.8651	392.368
13.799	14.2624	329.007
14.78	12.7458	398.174
14.2156	13.88	2199.84
14.491	13.6675	2314.76
13.8459	14.002	877.119
14.7135	12.7664	96.0893
14.4596	12.4948	1102.78
14.7932	14.5649	739.066
13.1687	11.3939	162.05
14.5259	14.3135	151.194
13.6053	13.4137	124.748
13.9296	12.7629	1866.67
14.588	11.7724	321.33
14.2245	12.8104	2482.95
14.7571	14.4561	2903.65
13.351	13.0256	1242.7
14.8682	11.9528	292.966
14.7427	12.8679	1542.65
14.8284	11.942	2302.81
14.5534	14.445	2882.13
14.5912	13.3509	2329.04
13.9373	13.7405	932.309
14.13	14.3807	1984.66
14.7323	13.3875	2369.98
13.3645	13.3406	1370.8
14.9229	11.3379	1180.61
13.1308	13.8201	1089.33
14.8064	11.8354	1200.7
14.9921	11.907	1454.16
13.3595	13.572	1775.94
14.2397	12.6466	2000.01
13.5068	14.0306	657.652
14.1429	13.972	955.497
13.4798	13.796	182.168
14.7939	13.0187	981.915
14.3475	14.3337	1027.57
14.3907	12.396	1260.72
14.3922	14.3245	2299.82
14.7291	13.5675	2700.61
14.8911	12.2986	2801
14.8948	14.0125	164.663
14.8792	13.6086	198.069
13.8137	11.365	1713.56
-2.40534	4.57405	104.477
14.3834	12.7038	1553.24
14.7025	14.1212	1790.4
13.711	12.9918	2116.53
13.8924	13.9266	1563.1
14.766	14.3502	661.042
14.5213	13.1751	2618
14.6051	14.8608	296.842
14.3753	14.125	131.111
13.6646	12.9241	772.98
-8.4156	-4.65318	465.144
13.4537	13.4078	118.456
13.4756	12.5902	229.877
14.3316	13.8301	2624.76
14.5324	13.3452	418.339
14.5754	11.0375	649.207
14.0233	14.8527	303.751
14.4786	14.1986	2469.49
14.7631	13.7731	1085.87
14.1493	11.7793	2116.42
13.2212	12.8344	105.833
14.5235	13.3769	1472.38
14.2478	14.9043	732.069
14.6358	14.913	938.208
14.7541	14.9761	2150.12
14.6844	14.0907	493.106
13.5858	12.2184	158.675
14.8286	11.8884	1415.16
14.1625	13.1721	1336.88
13.6168	14.0486	1387.33
14.0172	14.9137	80.1164
14.849	14.6563	2249.76
14.5045	12.5047	859.178
14.3831	14.9907	2291.91
14.4058	13.424	2148.88
14.318	14.2832	939.078
14.9011	13.6464	594.087
13.5855	13.7702	1050.26
12.3184	13.2809	99.625
14.0539	14.563	2372.9
14.9653	13.8541	703.325
14.4089	12.44	1920.95
14.7335	14.8652	1083.16
14.3652	13.0707	488.784
13.0491	13.8505	34.7432
14.3661	14.233	657.753
14.3688	13.1048	40.4586
14.5368	11.6983	1226.27
0.437739	3.7184	125.796
14.5987	13.3595	538.625
14.7692	14.9805	355.621
14.5876	13.2497	2357.44
14.5718	11.744	1421.72
14.3992	14.7704	2796.87
13.7585	11.1992	1644.87
12.9524	12.6061	443.518
12.9549	11.8193	7.41665
14.9347	12.351	271.846
14.1877	13.5338	118.945
14.6754	8.23073	182.941
14.4203	14.8318	703.206
14.5263	13.5444	1362.78
14.2363	12.8504	1009.42
14.3594	12.4744	2627.47
14.6957	12.7649	2893.15
13.9202	12.6356	639.894
13.7718	14.3244	1718.72
14.4108	14.4173	20.3103
14.9335	12.9747	549.421
14.3866	12.6304	243.455
14.1348	14.9628	527.995
14.7425	13.4656	162.605
14.9085	13.4143	498.464
14.6006	13.5349	122.124
14.9382	13.4025	2236.65
13.6934	12.772	237.315
14.7534	12.7377	528.735
14.0923	12.0614	679.068
14.7433	13.8283	1594.39
14.7402	14.4228	1802.28
14.3638	13.3575	2577.11
12.8319	9.87411	110.663
13.389	14.3813	411.632
14.1721	13.9082	270.415
14.8933	11.9903	2206.25
12.0485	8.92539	140.024
12.8806	13.512	906.189
14.8002	12.4294	780.433
14.7013	12.7613	702.654
13.8457	13.168	99.0171
14.2853	14.4945	1789.11
14.1417	12.7727	316.533
14.7245	11.1548	176.827
14.5999	14.7087	1708.64
6.92106	7.36953	175.781
14.1285	13.5887	2126.81
13.4485	12.5453	672.639
13.3229	13.1205	569.11
14.1586	10.8037	1359.55
-0.24374	6.20171	35.2625
14.7677	12.7308	584.816
14.8794	13.3337	2004.32
14.6955	13.7839	2725.51
14.0497	14.1489	75.0729
1.65819	7.36573	2.97341
14.3959	13.4677	1058.55
14.297	12.7279	975.293
14.1755	12.2609	1731.55
14.5089	13.3572	1446.06
14.4536	10.6633	1165.52
14.2679	14.1688	2357.3
14.7593	14.044	777.937
14.8724	10.8283	125.261
14.6243	14.1427	344.918
14.9454	12.6188	2567.19
13.9536	14.9252	338.503
14.3236	14.7026	785.152
9.84761	5.29389	281.183
14.7914	14.0977	314.982
13.8506	11.8223	376.244
14.5548	14.7414	1597.77
14.7358	10.5618	103.022
14.7887	12.3815	2728.36
13.8904	14.6308	1833.9
11.2807	10.652	219.496
14.5136	13.0353	2456.27
13.4246	12.3037	1638.43
14.8066	12.2545	9.60044
13.9581	13.5196	596.972
14.7909	9.17022	312.737
14.7331	13.1526	2417.49
14.6899	13.9699	1045.2
14.7503	14.8432	64.3011
14.4627	12.9136	1040.35
14.8766	14.1467	4.24591
13.3635	13.2728	648.905
13.9636	12.2723	816.322
14.8862	13.1122	3060
14.9959	11.6653	2046.37
14.4386	14.3571	1823.31
14.95	14.8423	2902.8
13.4294	12.4437	1262.84
