-14.4412	-14.2513
2.8622	-10.2193
-7.90681	3.64188
-14.0802	-11.9933
-12.4435	-11.82
-2.74801	-12.3074
-11.6466	-4.88919
-13.8916	-7.6674
-14.6462	-14.3922
9.18351	-1.49024
7.62913	6.01065
-14.0141	-11.0716
-13.8429	-13.6769
-14.5005	-12.691
-7.78118	-10.5955
-13.483	-13.8193
-8.12422	-8.35084
-12.7928	-14.8442
-11.7309	3.72201
-13.3187	-0.990885
-12.4309	-5.62603
-12.0857	-6.53176
4.6711	10.2996
-11.7949	-13.0051
-13.424	-10.5906
-12.4357	-10.3486
-10.6466	-13.0618
5.87872	-14.0087
-7.7304	-10.4248
-14.5823	-5.21795
-11.446	-13.239
-12.9417	3.25053
-7.82341	-13.4244
-0.329204	5.94411
-13.5363	-5.00921
-13.5643	-10.8148
-14.6554	14.4747
-0.234645	-2.6516
-14.8059	-8.5936
-13.7419	-9.44661
12.7338	-7.05487
-10.9363	-5.62911
-12.8652	-13.0545
-0.23879	2.4639
-12.0787	-10.6286
11.3977	5.94874
-6.16865	-6.81891
-9.5835	-14.4183
-7.82822	3.37354
-12.2745	-6.58917
-14.328	-8.16451
-14.5844	-14.9333
-11.3256	7.41008
-14.38	9.40743
-14.0241	-10.3048
-10.5025	2.74532
-3.59559	1.09447
-8.44646	-6.45278
-14.8044	-7.0895
-7.30639	-11.2981
-12.4209	-9.46315
-13.0684	-10.9674
-14.5411	-14.7392
-7.20724	1.40846
-14.0934	-5.98326
-9.34303	-4.70023
-11.455	-4.26281
-14.3578	-11.2111
-12.0009	-9.30939
-8.92241	-4.21818
-14.5096	-11.965
