1.77489	-7.5379	301.472
14.8721	-11.449	456.49
14.4953	-11.4835	2090.25
14.155	-11.9573	831.32
14.0955	-12.4979	1001.36
13.7415	-10.099	941.146
14.9531	-10.3564	3060
14.9688	-13.2759	43.5432
14.4447	-9.37905	404.54
14.172	-9.84965	60.5787
14.971	-9.96768	471.951
14.6582	-11.7908	431.244
14.5271	-9.56868	2822.69
14.4906	-8.23501	0.725521
12.4982	-8.99282	229.755
14.7671	-11.7472	1107.04
14.0105	-10.4292	1303.97
11.978	-6.69415	244.814
13.8439	-9.46747	773.926
13.4183	-10.2188	1337.88
14.9031	-10.3263	2317.37
14.6469	-11.53	1963.81
14.7746	-10.8199	2660.19
14.6282	-10.7918	34.7432
14.5174	-10.2496	2819.96
14.8172	-10.9576	449.202
14.9197	-12.1895	1921.59
13.2001	-10.6162	395.463
14.5288	-10.6708	394.706
14.2501	-10.3499	2222.77
14.1153	-9.18077	2582.66
14.6951	-8.72322	1941.02
14.4644	-10.2565	314.215
14.841	-9.61022	380.196
14.4822	-10.5296	203.612
14.5813	-10.2033	392.968
13.7506	-10.5781	1143.28
14.927	-10.1471	647.212
14.8868	-10.9929	3060
14.7721	-10.4939	2426.62
14.9165	-9.63373	2657.83
14.893	-10.9253	1134.9
14.6168	-9.78533	549.737
14.9048	-9.9532	1836.73
14.256	-12.5224	1016.04
13.608	-10.7348	371.462
14.7135	-9.19488	322.465
14.2897	-10.131	1680.79
14.1127	-10.6842	1087.1
14.7474	-9.85825	2722.78
13.2154	-8.75665	256.167
13.7495	-11.3681	108.751
14.1791	-11.5622	499.727
14.5732	-8.65891	33.7013
14.9285	-11.1566	1240.2
14.2628	-11.3455	1181.12
14.7041	-10.6734	2709.93
13.4928	-11.1129	1220.04
14.426	-9.65231	524.128
6.62337	0.523951	168.499
14.725	-11.1003	1397.04
14.9631	-10.2274	1969.59
13.7201	-10.4555	141.695
12.6752	-10.6933	483.315
14.5275	-9.98362	364.915
13.2989	-9.402	1512.32
14.3788	-10.7082	2511.19
13.7339	-8.51385	1516.04
13.3122	-8.59484	131.592
14.7817	-9.09253	1011.08
14.917	-9.12793	235.577
13.7169	-12.0841	299.152
13.7026	-13.6273	120.78
13.461	-11.618	777.203
13.7759	-7.81501	232.047
10.4716	-10.0934	179.96
14.4944	-9.90995	771.759
14.3717	-7.55806	754.954
13.3489	-9.8008	1518.6
14.8995	-7.48207	1336.29
14.7458	-11.2667	957.604
14.5251	-10.6864	2210.03
14.6333	-13.5775	1639.28
14.9427	-9.36666	93.8969
13.6719	-11.2631	675.576
14.6265	-10.7458	138.868
14.2666	-10.6529	477.488
14.2674	-11.302	892.455
14.3125	-9.03032	504.596
14.9338	-10.1838	2887.7
14.569	-10.8578	1074.56
14.6534	-14.0594	827.454
14.8278	-9.14539	688.935
14.1843	-11.4305	564.695
12.3874	-11.6115	180.622
12.841	-6.59265	194.599
13.9911	-8.9662	420.157
14.5752	-8.58246	959.093
14.422	-12.2442	448.76
14.8207	-9.75451	1045.98
14.8805	-11.0224	2928.48
14.8986	-9.5645	2069.49
13.8711	-10.5972	1330.21
14.8914	-11.9649	1086.09
14.6329	-10.0793	849.5
13.2293	-10.184	1520.03
14.9	-11.9928	3060
14.8853	-5.67504	104.298
14.5281	-9.86489	945.537
14.3364	-9.21152	306.566
14.7462	-11.8383	1898.61
12.8159	-10.0258	1004.53
14.9408	-10.7068	661.311
14.2529	-10.9688	1843.71
-4.10907	-3.56823	67.5916
14.446	-13.1375	911.82
14.5113	-7.12947	24.7768
14.4879	-11.1007	1375.49
14.7196	-13.1984	1084.48
14.6964	-8.66047	2013.14
14.1165	-9.63974	682.846
14.4029	-9.25852	2392.6
14.9921	-11.863	832.465
13.516	-11.1999	480.742
13.8489	-10.0599	1823.19
12.8602	-9.05307	80.6384
14.4136	-10.0709	1643.09
14.888	-10.1751	2653.33
13.5562	-10.407	1118.06
14.8106	-9.50102	622.672
14.9625	-11.4704	1858.96
14.0724	-8.35909	118.196
14.4974	-12.1095	2675.08
13.9909	-10.2598	2233.4
13.7768	-11.1036	393.469
14.0162	-9.7263	923.875
14.613	-9.19544	372.19
13.7542	-13.4622	119.28
14.7106	-8.05918	652.403
14.2879	-7.98818	75.9115
13.9958	-10.6128	278.308
14.4625	-11.0988	1973.64
14.9106	-11.3576	2928.62
14.9044	-9.03207	206.185
14.7461	-9.37514	288.642
14.5968	-11.5525	314.479
14.9982	-11.6588	1014.83
14.7577	-9.67756	2650.59
13.7545	-9.68149	502.284
12.5171	-9.50668	651.317
13.8191	-11.0437	464.549
14.7214	-9.31339	625.884
14.4294	-13.297	416.242
14.9753	-12.2359	264.193
14.6036	-9.61161	2775.89
14.6089	-10.0466	1713.66
14.9556	-10.857	665.038
14.6697	-11.5785	2119.87
14.4685	-10.9553	339.691
14.8734	-12.476	202.43
13.1595	-9.15043	503.916
14.1767	-11.0801	607.213
14.9099	-11.703	261.715
14.884	-10.9109	2658.57
14.2922	-9.65344	1265.11
14.8169	-10.6445	2677
13.9831	-11.3852	2266.42
14.9921	-12.1033	722.371
14.6175	-11.1989	2576.97
13.8085	-10.9673	1854.75
12.7462	-9.37947	167.06
14.852	-8.39489	1402.45
14.4368	-12.6958	495.567
14.3407	-10.0637	476.398
14.6994	-12.5351	1567.86
14.3472	-9.08477	701.643
14.677	-9.03374	2740.54
14.6791	-9.74894	1645.71
14.8859	-11.9934	2535
5.7774	-11.6691	61.4513
14.9583	-8.34052	158.361
-6.71538	9.87349	409.596
13.9727	-9.54679	1624.07
14.7786	-9.49981	1451.85
8.02928	-10.3869	156.964
14.7856	-8.16549	700.166
14.4009	-9.6	443.429
13.3935	-8.74876	407.804
13.9245	-9.71212	615.261
13.6501	-9.43529	376.736
14.805	-9.47138	2820.17
14.6742	-12.4752	186.405
13.9361	-11.2263	1672.59
14.4554	-10.9162	1882.63
-2.12416	-13.1681	254.251
12.3776	-12.625	106.178
14.3906	-10.0688	70.8946
14.1203	-8.94787	1807.43
14.8135	-10.2222	1819.43
14.4061	-9.51631	610.334
13.9812	-12.47	1535.92
14.5343	-9.29019	2537.98
14.3071	-7.61465	68.7753
13.7915	-10.6136	1439.31
13.2149	-7.86186	70.7612
14.2487	-11.0572	1832.86
14.2212	-9.67609	1436.68
14.2727	-10.3623	500.746
14.9515	-13.2086	1396.29
14.6376	-10.1323	136.248
14.3151	-9.78555	1891.31
13.883	-10.8001	1745.06
14.9668	-9.88545	326.459
14.7713	-11.4009	804.327
14.4418	-11.87	1103.76
14.9624	-12.4639	72.4224
13.1665	-11.6421	1164.08
13.9038	-9.56027	1455.65
14.5968	-9.90942	313.105
12.521	-7.43044	11.3246
14.3688	-13.359	670.253
14.3471	-11.7737	350.105
13.0547	-9.66232	101.825
14.332	-9.8751	1335.04
14.7324	-12.2842	1710.7
14.1251	-10.6229	2246.67
13.9052	-10.8769	337.232
14.1374	-10.5476	2570.97
14.8613	-12.1424	2869.51
14.3662	-10.3817	2449.56
14.9946	-8.54018	811.394
14.3579	-9.68334	1539.47
13.195	-10.7712	157.846
14.6804	-9.33204	117.201
13.7545	-11.9398	951.429
13.8062	-10.8731	1995.54
14.9243	-9.84015	141.335
14.5772	-11.9596	649.096
14.6507	-11.5452	2739.16
14.6486	-7.89307	727.485
14.9478	-10.6472	2656.12
14.8716	-10.8044	643.202
14.5423	-11.5891	2582.23
12.6192	-9.75574	166.599
14.0548	-9.53282	829.764
14.8523	-14.0145	100.027
14.5009	-11.2235	1722.47
14.7375	-9.72724	1959.43
13.5069	-10.977	259.826
13.6565	-11.3362	1876.18
13.7006	-13.2172	375.472
14.189	-7.22022	289.64
14.5563	-9.45607	592.099
13.8835	-10.6228	133.385
14.5692	-8.7803	238.383
14.5856	-10.3111	319.661
14.1906	-10.1846	1910.67
14.7352	-9.83607	87.8088
13.5701	-9.80678	712.908
13.8033	-8.91899	1834.67
14.2679	-12.0441	679.511
14.3279	-12.4301	147.289
13.249	-10.8251	371.409
14.2081	-12.015	1350.77
14.9394	-10.5057	2297.12
14.8346	-9.65947	306.688
14.1315	-9.73273	2096.51
14.2873	-11.12	2359.39
14.8672	-10.3526	2668.14
13.1823	-11.9761	1791.65
14.4437	-8.70386	1134.28
14.4793	-10.2798	919.242
14.9111	-8.68452	129.573
14.8835	-10.2718	1038.65
14.4119	-10.2697	2609.62
13.4019	-10.5602	491.643
13.3367	-10.8269	276.849
13.4112	-10.574	1680.06
14.3137	-10.6561	2705.15
14.9298	-9.50874	784.04
13.3411	-10.3893	1260.74
12.9585	-9.45236	108.084
14.9627	-7.7911	1433.44
14.0003	-11.1686	677.526
14.236	-8.82808	1586.42
14.058	-11.9083	1042.83
14.7904	-8.53863	1552.58
14.7688	-12.1748	686.498
14.573	-9.60286	910.615
14.1833	-10.3182	431.487
14.9	-9.37131	2822.16
14.8925	-9.25519	125.38
14.4162	-10.9702	181.996
14.814	-11.0389	626.32
14.7096	-12.3813	140.125
13.1181	-11.5472	373.024
13.9229	-8.63497	249.785
14.1717	-10.0595	791.194
14.162	-9.07678	345.633
13.5084	-11.0225	1835.28
14.4806	-9.24746	1283.68
14.6734	-10.7833	586.035
14.9168	-9.42358	793.816
14.0058	-10.9052	706.452
14.1262	-10.1823	649.456
14.4495	-9.47075	559.97
14.8986	-11.4575	300.286
14.3913	-9.4421	118.704
14.1626	-10.7742	282.979
14.2459	-10.3742	815.733
14.6735	-12.3145	1699.86
14.6168	-8.32762	1173.72
14.8283	-10.7593	1252.39
14.2381	-9.3849	2446.29
14.4098	-11.4226	2063.84
14.9119	-11.2088	113.707
13.8221	-12.1308	300.904
14.983	-11.7397	183.254
14.4701	-7.80021	174.846
14.6472	-8.62551	1738.41
14.153	-12.0789	1742.41
14.9158	-9.27337	2225.23
14.6086	-9.67924	410.317
14.932	-10.764	513.44
14.9876	-9.2941	1961.53
14.9099	-10.4577	2353.42
14.1132	-8.6727	103.174
14.1161	-10.0503	1387.77
11.9053	-9.22315	169.732
14.3732	-9.82049	410.065
14.4386	-9.59362	1803.85
13.849	-12.3332	1387.62
14.5112	-11.2336	126.221
12.8063	-12.1273	34.2907
10.2922	-10.2819	114.275
14.9532	-12.1638	438.956
14.9137	-8.87359	980.299
14.2538	-7.47196	274.888
14.9036	-12.1013	2653.2
14.4574	-11.7383	98.5463
14.8865	-10.4478	1201.42
14.8038	-8.86197	2168.94
14.6595	-10.6644	1221.4
14.657	-7.70819	858.705
14.4608	-11.4682	2296.92
14.9697	-10.5172	1979.69
14.4719	-11.6719	2516.86
2.65115	-4.90752	295.287
14.2107	-10.5045	2252.32
14.8938	-9.23734	653.109
13.8427	-12.6901	34.7432
14.8689	-9.54722	420.567
13.2494	-9.21596	193.692
14.4586	-10.1515	2224
14.8091	-9.73026	413.457
14.4582	-10.3799	2792.3
14.064	-12.7493	937.209
13.5201	-5.84915	224.863
13.2305	-5.32009	58.3658
13.2962	-12.3364	1306.88
13.9403	-9.29122	637.165
14.5503	-12.7944	105.747
3.58175	-5.19499	223.7
14.92	-10.0487	2341.84
14.8888	-9.46141	1829.87
14.6212	-7.25607	7.79951
14.5878	-11.4272	2302.94
14.9519	-11.8286	3060
14.8663	-8.14072	191.014
14.8686	-12.3742	1449.57
13.3606	-9.71767	1463.01
13.6124	-14.3883	151.118
14.6538	-11.836	179.6
14.4352	-11.4422	2208.28
13.7864	-9.91257	245.24
14.9876	-10.5398	2901.92
14.1761	-11.8983	312.647
14.9282	-10.2166	3060
14.2571	-7.93795	884.707
14.7743	-11.2318	1945.15
14.7203	-8.83806	924.215
14.9916	-10.726	2935.9
13.2121	-10.5283	984.58
13.9525	-12.0891	235.7
12.3909	-14.203	258.617
14.8363	-12.4844	389.933
14.8225	-9.93801	956.795
14.8649	-9.99802	2656.37
14.231	-8.00894	340.988
14.945	-11.0065	3060
14.7177	-10.3224	2289.25
14.8575	-9.73673	1223.55
-4.30931	0.021389	33.1167
14.1382	-10.66	982.661
14.4102	-9.96831	1711.93
14.4671	-9.73902	1670.86
14.8679	-11.7823	2043.46
14.6415	-11.6853	1651
12.9379	-11.9433	1531.56
14.8224	-6.83641	360.755
13.2176	-6.59225	31.6665
14.774	-10.6461	870.934
14.8157	-10.9028	1905.3
14.4056	-10.157	1476.03
13.6625	-12.7126	1605.3
14.6478	-11.6794	727.147
14.8886	-11.9019	1459.96
14.2265	-11.5539	207.453
14.2908	-11.6764	567.97
14.8653	-13.6326	731.986
14.6788	-10.9413	1489.43
14.9159	-11.044	223.019
14.7473	-9.64052	791.399
14.9546	-10.8787	3060
14.07	-11.7332	2533.9
14.352	-10.1305	2051.1
14.8173	-11.2699	1028.07
14.8764	-7.99692	950.741
13.5244	-10.7827	1620.16
13.866	-10.3804	338.098
14.4667	-10.7353	2482.58
14.6117	-10.7783	316.143
14.9934	-12.1546	2344.27
14.6363	-8.26278	375.083
14.7336	-11.3928	265.564
14.7414	-12.5296	486.576
14.5252	-11.2682	1165.16
14.6975	-11.4654	1895.7
14.9436	-12.8908	253.315
14.2857	-10.7615	1585.05
13.199	-10.96	626.12
14.494	-9.64757	2739.11
14.0812	-10.8556	2578.46
14.6153	-12.4034	499.433
14.4855	-7.76057	469.392
14.4643	-7.77349	1979.45
13.8821	-11.5264	909.621
13.4548	-9.7154	135.699
13.1996	-10.1445	1530.47
14.9771	-11.5909	559.272
13.93	-10.5206	127.38
14.3092	-12.0829	1710.42
14.4764	-12.6233	262.621
14.6567	-9.38205	666.147
13.8389	-12.6539	633.751
13.828	-11.5422	1964.59
14.4596	-10.8303	854.938
14.5371	-9.49096	372.772
14.0595	-9.08229	1028.56
14.7963	-11.7867	380.382
14.9454	-11.4406	336.86
14.6785	-9.37195	2472.69
14.9805	-10.9294	2477.9
14.3394	-8.06023	531.74
14.8784	-12.3861	2415
14.336	-8.75645	440.417
14.4163	-9.18458	1762.46
12.8383	-10.3928	1528.27
13.5558	-8.31538	524.297
13.8893	-10.3359	913.591
14.6562	-8.99012	440.521
14.8915	-9.88818	561.01
14.0309	-8.27558	1054.69
14.3591	-8.04306	727.017
13.4346	-9.45896	395.563
14.513	-10.8744	2300.48
14.659	-10.4913	765.275
13.4922	-9.8854	1404.53
14.339	-11.3553	2459.85
14.5664	-11.9076	86.8515
14.3998	-11.0492	1718.44
14.7409	-5.21403	168.732
14.49	-10.4251	2391.12
14.7738	-9.55814	406.887
13.0538	-10.1043	1616.75
12.8665	-10.1433	863.222
13.5464	-10.903	200.608
13.9147	-11.5864	1812.12
14.5903	-10.4631	787.393
13.2207	-10.1294	1009.86
14.7371	-7.90171	1828.23
14.7106	-10.0138	981.459
14.7444	-11.5451	462.532
14.8523	-11.7891	2815.72
14.9645	-13.219	290.307
14.5163	-11.0712	717.7
14.5007	-11.0193	2294.29
14.6594	-13.3104	1768.54
13.7572	-9.32164	1956.85
14.3067	-9.91245	616.065
14.4667	-11.2476	218.381
13.8873	-9.75801	770.232
14.1289	-10.7861	378.034
14.3164	-11.68	2053.89
14.8692	-10.2404	2908.61
13.8867	-12.4679	1608.89
14.2372	-10.8198	1948.71
10.2151	-9.44639	110.978
5.11683	-2.09558	34.7432
10.4407	0.920786	122.042
14.8097	-12.6667	2117.43
14.3168	-10.241	949.072
14.3957	-9.43069	1227.74
14.75	-13.0833	900.764
14.5421	-8.6856	1871.83
14.4908	-10.5845	2778.19
14.957	-10.2734	1163.29
14.6116	-13.0262	786.707
14.9156	-12.3711	1232.34
14.0049	-10.5112	776.748
14.9637	-11.0516	259.361
14.1282	-11.2314	371.062
14.3848	-9.43799	707.908
14.2861	-11.6115	879.713
14.7013	-11.225	2451.8
14.7299	-8.86257	2964.47
14.5042	-11.4543	1224.56
8.2442	-13.9454	84.6735
14.045	-12.6437	370.483
14.714	-13.178	125.954
13.6763	-10.238	1964.91
14.8546	-8.8238	933.683
13.2793	-12.1481	105.068
13.7307	-13.1357	1726.96
14.6273	-12.0758	782.618
14.8776	-10.6927	2761.02
14.1763	-9.96771	1688.98
12.6173	-8.29888	35.2674
13.7988	-11.6996	910.298
14.4216	-9.44909	1337.62
14.646	-8.72693	1061.97
14.8068	-11.374	382.337
13.3239	-12.9485	1206.01
14.0489	-11.8836	2244.1
14.5654	-13.8602	938.581
13.5558	-11.0882	869.135
14.8037	-12.0526	2437.49
14.7536	-11.5537	273.561
14.9107	-11.3138	384.52
14.1558	-9.63467	1808.27
13.9	-9.71152	1019.23
14.7139	-12.2997	162.586
14.3988	-11.0148	132.242
11.9688	-2.82769	423.292
13.4541	-13.8027	96.6429
14.8924	-11.0734	1109.13
14.7491	-12.2537	96.6009
14.3931	-11.02	1721.11
14.8458	-9.93762	737.078
14.4497	-8.87687	2398.51
14.0129	-10.2604	1305.47
14.2177	-8.82049	149.53
14.3409	-11.4306	2286.97
14.9515	-10.8079	1939.24
14.9035	-11.8952	557.042
14.2888	-8.75962	1365.21
14.979	-11.9183	375.382
14.9182	-11.4283	3060
14.9785	-11.2827	311.952
14.5133	-9.3278	2631.38
14.806	-9.5986	145.815
14.0624	-9.49679	2411.54
14.1781	-9.88039	239.908
14.66	-11.6411	2047.98
14.4312	-7.85883	323.914
14.6009	-13.6407	1461.19
13.8524	-8.90549	127.143
14.8893	-8.00981	1634.67
14.9921	-10.0502	3022.5
14.5075	-10.0957	937.305
14.3102	-11.1246	1574.69
14.4417	-9.36069	2248.95
14.2182	-9.30083	1492.63
13.8093	-8.03771	103.352
14.5673	-10.9219	2277.37
14.1753	-11.3087	1869.22
14.0181	-9.40135	626.502
14.8009	-12.4909	1092.15
13.9329	-11.9298	455.103
14.99	-10.1914	3060
14.6848	-11.5656	34.2907
13.7458	-12.7218	1505.08
13.636	-11.0868	213.305
14.3573	-11.2655	460.871
14.6691	-11.1228	1263.29
14.1733	-9.9579	1052.75
14.5373	-11.2632	1896.37
13.9273	-12.5955	233.762
14.7786	-11.0831	1382.49
14.1373	-10.6403	135.861
14.2096	-10.0851	1661.03
14.5001	-11.1146	1174.16
14.8389	-8.66815	617.239
13.9201	-11.4532	693.228
14.3238	-8.79797	1063.29
14.3814	-11.1114	540.096
14.8825	-9.52922	2018.84
11.6269	6.22957	902.437
14.68	-9.95079	1187.07
13.798	-10.273	1017.85
14.9141	-11.8036	1324.35
14.2945	-10.2306	1618.21
14.6235	-10.7814	2625.35
14.3016	-11.3508	2381.42
14.9896	-11.0812	1049.22
13.8814	-9.28909	2016.14
14.2624	-11.6738	2462.39
12.6094	-9.92529	589.028
12.2962	-9.22367	46.8207
12.8625	-9.59761	93.1031
13.6893	-12.6766	987.167
13.5436	-10.2553	1016.12
14.5888	-12.1951	1556.45
14.5358	-12.2265	315.655
13.8419	-11.7553	509.578
13.3384	-7.80131	123.854
13.9718	-11.5995	1669.29
14.2675	-10.3832	1045.78
10.8996	-10.8662	86.3093
14.9865	-11.3024	34.7432
14.8632	-13.535	1118.41
14.7008	-9.98296	2534.07
14.4826	-9.36181	1878.36
14.7502	-9.49683	287.434
13.2571	-11.6057	763.051
14.4194	-11.4408	593.115
14.9976	-8.21677	556.538
14.4873	-9.77752	1752.85
14.4046	-9.36075	104.183
14.4667	-9.65426	835.173
14.9112	-12.3366	1608.6
14.981	-9.70907	266.844
14.6425	-12.3821	121.665
14.2237	-10.7977	1965.83
14.2118	-12.7002	69.8594
14.0414	-10.339	2616.61
14.9753	-11.9407	808.309
12.9246	-12.2727	200.151
13.1963	-10.5503	1933.59
14.3631	-12.9106	1362.75
14.7654	-11.2422	427.712
14.2991	-9.82471	493.068
14.7846	-10.6407	1334.45
5.57653	-10.9516	142.793
13.1628	-12.0932	648.659
14.6843	-12.723	302.29
14.4043	-9.07945	921.273
14.2412	-12.9869	358.292
13.6549	-9.13802	1112.79
13.9353	-13.9693	809.961
14.3917	-10.8884	2280.72
14.3541	-9.48771	1078.67
12.1802	-12.3277	151.636
14.2733	-11.6292	680.04
14.1498	-9.89388	2579.48
13.8186	-8.66941	445.663
14.9347	-10.3283	2426.02
14.3448	-9.45967	1427.27
14.4544	-11.4868	911.627
14.0303	-7.70812	769.884
14.4405	-13.5132	1767.49
14.8578	-10.2361	3060
14.9639	-10.3315	403.843
14.6098	-8.33811	153.353
12.9803	-12.464	83.3241
14.2885	-10.216	2684.18
14.3464	-9.73508	2723.73
14.8807	-10.2683	1363.77
14.2033	-10.5284	2096.82
14.6134	-8.3078	49.9828
14.6173	-11.2801	2009.59
13.6445	-10.8922	953.877
14.7892	-9.74502	2004.14
14.056	-8.10535	780.014
13.6988	-10.7705	756.968
14.9853	-11.3086	334.539
14.1493	-11.3561	977.768
14.9931	-8.35141	1682.11
13.8979	-12.3918	285.872
14.5594	-9.06607	443.766
13.83	-12.7254	202.772
13.9719	-9.42375	706.559
14.6769	-11.6048	608.245
14.9436	-12.2352	464.23
14.6698	-10.9116	239.269
14.5615	-11.4857	1023.04
14.9253	-11.2194	518.109
13.7048	-11.7712	2207.77
14.9032	-12.0231	127.828
14.5702	-9.28997	1249.75
14.1984	-12.3804	1155.49
14.9205	-10.6822	2146.93
14.544	-11.3461	635.398
13.6978	-13.3119	34.7432
12.7912	-7.99841	176.688
14.9876	-10.8918	3020.8
14.4956	-10.5313	489.266
14.1961	-13.348	98.3118
13.5896	-9.85303	878.326
14.6142	-10.1174	1676.08
14.5721	-11.8735	1050.1
14.4931	-10.5472	447.663
13.3579	-11.6567	153.692
13.7582	-8.03981	88.7888
14.8644	-10.3717	1458.88
14.99	-11.1981	3060
14.5602	-9.72235	753.055
14.4723	-10.2489	2813.13
14.2863	-11.1313	2471.39
14.871	-11.635	154.876
13.7921	-6.2487	132.81
14.8949	-11.9522	116.573
14.8533	-7.40487	574.205
14.2123	-8.12624	115.553
14.2805	-13.1753	519.003
13.4784	-12.9212	109.022
14.9228	-9.91874	318.883
13.7137	-11.6813	138.519
14.3926	-11.369	696.449
13.304	-11.2523	739.651
14.1853	-10.7558	2113.36
13.6752	-10.4605	1974.91
14.0433	-10.0632	1971.27
14.8372	-11.535	305.121
14.9009	-11.5238	3060
14.5552	-10.9324	1711.74
14.6681	-10.4811	164.3
14.9118	-9.9506	2911.91
12.0667	-12.0792	71.3691
14.6369	-10.9062	816.92
14.7247	-12.005	2553.03
14.7703	-7.24922	1008.5
14.873	-9.53588	1614.93
13.1252	-9.61	1525.92
14.9161	-8.99248	3060
13.9576	-10.2407	2214.13
13.1121	-11.2793	1.19245
12.4325	-12.309	133.25
13.6804	-10.6274	305.834
14.7202	-8.33378	1204
13.9296	-12.3193	965.321
14.6398	-8.46725	668.929
14.976	-13.9916	293.948
14.5321	-10.4684	168.467
12.819	-9.55183	97.2442
14.5634	-10.4777	221.257
14.031	-9.32995	354.477
13.4503	-11.457	2016.32
13.5703	-11.5678	302.733
14.4133	-10.984	349.281
14.0069	-11.8922	111.41
14.9388	-9.22563	155.816
14.1693	-9.12388	338.857
14.9208	-11.3435	2314.72
11.3702	-7.11958	132.067
13.904	-12.4954	1070.75
14.2901	-11.1041	378.72
14.8172	-10.8939	1322.15
14.7395	-10.9221	2941.66
13.8972	-10.4556	897.757
14.8466	-10.6281	1126.97
14.66	-8.12361	79.9211
14.3841	-10.14	107.088
14.4257	-8.78327	2203.27
14.1899	-8.06975	109.174
14.9158	-10.3875	2028.97
13.7854	-11.6208	97.733
14.7948	-9.86632	404.784
13.9998	-11.4444	2455.72
14.5248	-10.109	1309.8
13.6981	-8.41283	176.131
14.6083	-11.2308	493.139
11.7709	-12.4403	110.688
14.0475	-11.8898	2196.12
14.8317	-8.22928	37.6426
14.4655	-11.7149	426.093
14.5809	-10.7702	405.503
14.6952	-11.2006	1659.58
12.5693	-11.0077	149.535
14.9995	-11.0482	2683.66
14.6481	-10.5589	774.524
13.5203	-9.05354	603.896
14.5456	-9.55965	22.5838
13.8106	-12.4245	102.524
14.1373	-9.66636	2412.76
14.0366	-11.5307	2257.16
13.7317	-9.67058	1357.56
13.5561	-10.9446	1636.36
14.7561	-8.46543	959.973
13.7459	-6.05338	129.746
14.0597	-9.04932	127.818
12.121	-12.6167	91.5121
14.5811	-10.0796	2760.46
14.8244	-10.8909	1321.81
13.7936	-10.4658	1236.12
14.5336	-11.8806	1170.83
14.8422	-11.3115	195.055
14.8286	-10.2851	261.621
14.2471	-10.4184	164.13
14.8058	-9.65918	341.431
13.8373	-14.1337	121.957
14.8487	-11.7838	842.65
13.6626	-11.8375	862.54
13.8371	-9.88675	782.96
14.3758	-11.3975	295.131
14.6883	-10.6209	2309.71
14.5554	-10.8391	681.593
10.8207	-8.03609	24.9407
13.7995	-10.5911	1372.95
14.8351	-10.6589	2456.03
14.6169	-11.3537	2679.78
14.5557	-9.2734	1990.94
14.7733	-13.3623	830.884
14.7684	-11.8385	3060
14.6428	-9.22591	246.532
14.7204	-9.46962	235.011
14.561	-12.2075	1564.76
14.9669	-11.2052	243.662
14.9779	-11.2935	177.699
14.892	-12.0983	1620.89
14.041	-11.0922	555.255
14.0686	-3.50244	561.056
14.9864	-9.45951	1158.41
14.8299	-12.4227	1598.58
14.3265	-12.2036	534.929
14.7245	-10.5457	930.102
14.0821	-12.08	555.852
13.4418	-9.98785	295.891
14.307	-10.3541	1687.1
14.9245	-10.829	1233.49
13.7991	-12.4012	1128.74
14.477	-8.39502	1323.14
14.9231	-9.64432	3060
14.4134	-8.9852	677.596
14.3921	-11.018	299.733
14.8809	-12.9271	675.656
12.8769	-14.4587	34.3244
14.9669	-9.11706	203.241
12.9051	-10.4499	163.086
14.7198	-9.10418	1208.94
13.6469	-8.81305	730.453
14.7133	-12.9027	108.049
13.4356	-9.65025	344.564
14.1962	-9.61298	149.527
14.8721	-10.6013	575.441
14.6672	-10.8003	624.531
14.6179	-12.562	1780.06
14.3905	-10.5983	724.27
13.7919	-8.677	1937.55
13.9895	-12.5612	585.524
14.9676	-10.3112	2165.19
13.5041	-11.366	1072.54
13.8884	-8.49727	215.559
14.2462	-11.922	34.2872
9.78009	-6.48632	598.776
13.659	-11.2505	399.477
14.9974	-11.3644	71.2965
14.5201	-10.5194	338.229
14.1647	-11.6769	557.736
14.786	-12.1932	677.771
14.1701	-10.3889	440.609
14.4802	-11.2144	2343.54
14.7461	-12.2898	113.703
14.8231	-9.666	1943.31
14.9098	-9.73638	1456.89
14.8876	-12.1918	2041.36
13.5683	-7.67715	131.434
14.8424	-10.8806	1282.46
14.6989	-9.41954	1013.72
12.7599	-10.2096	39.1961
14.7613	-7.93613	1424.47
11.9718	4.38338	66.4087
14.381	-9.97013	2262.41
13.1167	-10.8572	121.633
14.4457	-11.3669	1068.05
13.7685	-11.7042	1391.89
14.7537	-9.00027	237.331
14.431	-9.55198	2340.27
14.0637	-10.595	1263.93
14.9821	-10.7151	3060
13.9791	-10.496	2401.03
14.4766	-9.01597	433.897
14.327	-10.7721	348.86
11.4772	-4.39452	809.244
14.6251	-11.6518	222.599
14.3495	-8.95933	1488.03
14.9367	-10.3711	678.238
14.9668	-10.2464	579.556
14.9994	-10.3724	1349.15
12.8767	-8.2491	13.474
14.976	-9.63881	2188.56
14.7599	-13.037	283.072
-9.37964	-6.50973	8.97113
14.2885	-8.89333	2444.39
12.2485	-12.602	101.654
14.9222	-10.1959	373.975
14.7837	-8.54103	394.157
14.1664	-10.3202	713.308
14.8063	-10.0578	2570.6
14.2319	-11.9282	561.205
14.4683	-10.3088	2511
13.7965	-10.3054	1265.2
-3.9395	-3.93324	17.7475
14.7729	-11.5027	2450.66
14.8863	-10.7606	3060
14.3687	-8.75319	295.654
14.6405	-8.84254	1167.65
14.6859	-13.1905	1883.93
14.9677	-10.4278	583.78
14.4699	-11.5724	931.575
13.8976	-9.75874	1990.85
14.8183	-10.7856	2791.94
14.9921	-8.99808	924.641
14.7294	-10.6542	479.228
13.8616	-10.0909	2328.77
14.6774	-8.04933	284.3
14.7107	-9.03733	2484.18
14.9622	-11.9429	1115.67
14.4057	-9.73917	343.62
13.4353	-11.5888	1279.83
14.7478	-11.4805	2612.78
14.4734	-9.00983	1907.93
14.5468	-11.6666	108.836
14.1018	-9.35942	369.335
14.8774	-11.7311	1981.23
14.811	-10.8378	1197.81
14.2574	-11.8506	1372.46
14.0256	-8.03766	142.757
12.8829	-6.58753	89.9405
14.7402	-10.0007	1651.79
13.7643	-12.4529	731.81
13.793	-11.0683	643.138
14.3405	-11.7445	1557.66
14.4419	-11.6918	2513.53
14.4978	-12.0513	630.373
3.91036	-7.04483	1331.13
14.7756	-13.1032	139.738
12.1712	-2.8286	161.58
13.0448	-12.1231	160.693
14.7621	-11.5773	163.138
14.8524	-10.6365	2243.54
14.363	-9.91077	1951.55
14.5443	-10.61	623.95
14.0626	-12.4291	895.177
14.9674	-8.83972	1623.45
13.3826	-11.3439	655.546
14.3738	-11.9215	1604.47
14.9774	-12.0636	1554.99
14.9304	-8.77862	2751.02
13.3726	-11.5835	250.656
14.9985	-8.29228	2252.48
13.149	-11.0122	1593.52
13.3158	-12.4215	1617.53
14.6692	-11.3344	1910.31
14.9779	-11.0137	3060
14.9995	-12.111	2739.04
13.1112	-10.711	82.7511
14.9568	-11.56	1222.27
11.9238	-12.208	138.137
14.6429	-8.86214	2004.75
14.4407	-8.78103	396.88
14.7714	-12.5747	1774.01
13.6886	-11.083	63.0199
14.9338	-11.9609	1112.88
14.0617	-9.01098	134.103
14.5711	-10.3506	2006.91
14.8326	-9.80766	368.06
14.6624	-11.5683	1555.11
14.9512	-10.5061	792.467
14.7899	-11.6621	443.456
14.4084	-12.3252	374.088
13.9999	-11.9962	612.807
14.9935	-10.9068	3060
14.5919	-9.56903	1151.92
12.7209	-2.69688	51.2245
14.8772	-9.31215	627.217
14.4094	-9.6407	2691.69
14.4791	-8.96732	1682.22
14.926	-11.3905	2436.37
14.9199	-11.2823	363.596
14.7921	-11.4223	889.95
14.9775	-8.79965	1852.28
11.9582	-9.18412	16.7022
-2.74119	-12.7165	159.924
14.4861	-11.7174	698.959
14.5692	-11.6043	2506.4
14.9055	-10.0295	1555.67
13.4514	-12.861	348.196
14.6139	-9.36688	473.486
14.4856	-9.71828	835.588
14.9667	-9.73825	1186.35
14.3535	-11.1981	134.625
14.3269	-10.8178	2674.62
14.9078	-8.5778	1287.92
14.1103	-10.4456	125.731
14.9139	-9.49481	630.709
7.27919	-6.38753	362.318
14.9748	-10.4019	1517.94
14.6001	-11.9638	2049.26
14.7364	-8.22231	2474.73
14.5279	-13.3821	322.514
11.68	-13.2644	166.021
14.3335	-10.8413	326.159
13.5285	-8.69615	106.554
14.7771	-11.0482	598.729
14.0649	-9.46018	2466.19
14.769	-10.4435	1792.41
14.6956	-11.5991	445.699
14.9498	-11.5073	587.686
14.6446	-9.91094	819.367
14.6475	-7.69654	2162.42
14.842	-8.71052	1330.65
14.4161	-10.9053	1500.51
14.7476	-8.8446	1477.22
13.9032	-12.5174	62.2953
14.8832	-11.3944	237.621
14.8716	-9.93474	411.023
14.661	-8.90748	270.099
13.8866	-10.4641	2042.93
14.9641	-12.0886	603.388
14.7403	-10.1196	1196.49
14.9531	-10.707	111.511
14.6658	-9.66884	356.064
14.4453	-12.3476	495.342
14.8953	-9.42254	55.3468
14.9186	-10.6148	1187.73
14.7664	-10.9926	478.869
13.9067	-12.495	966.825
13.981	-10.7926	731.803
14.3881	-12.1617	2044.98
14.0333	-11.6823	845.911
14.8843	-11.9012	577.922
14.8191	-10.4017	3060
14.3112	-8.86238	1015.14
13.9661	-11.2322	1155.75
14.1129	-9.69635	1991.61
14.526	-10.7984	2741.43
14.8667	-9.85833	3060
14.5906	-7.36579	249.208
13.1135	-3.63253	261.892
14.4543	-7.83627	8.18997
14.5858	-9.08945	2560.01
11.7814	-9.82899	181.795
14.8373	-11.1174	308.184
14.5885	-11.3412	1238.94
14.6684	-9.97212	1031.51
13.4823	-12.2327	1840.69
13.9823	-11.2572	396.079
13.7227	-11.8264	833.872
14.8934	-8.44145	785.727
14.6737	-12.6561	1592.8
13.9134	-13.0616	298.952
14.1392	-12.4555	1898.4
14.2884	-11.2366	1293.91
14.436	-11.5596	182.673
14.4506	-9.71239	728.012
14.4526	-13.2665	1427.47
13.8974	-9.04775	318.915
14.2701	-9.00427	371.554
14.1405	-8.82356	2014.16
13.891	-10.2181	2031.47
14.9254	-8.62732	2764.45
14.5001	-8.61046	1204.64
14.1775	-9.32799	416.232
14.4257	-10.7096	1092.4
13.2886	-12.6314	722.943
14.7415	-11.1608	2200.31
14.1486	-12.9786	1031.65
13.5673	-10.8259	145.429
14.531	-9.89733	345.836
14.6943	-9.54001	2458.98
14.9446	-9.92588	182.228
12.2523	-2.66992	137.832
9.92171	-12.4722	461.874
14.3908	-9.06955	2642.32
14.2169	-10.3658	412.37
14.8797	-11.9809	122.569
14.8671	-10.6193	930.838
14.5912	-11.815	2879.23
14.8495	-8.66229	1949.77
14.8379	-11.5593	662.509
13.7764	-10.7981	1272.73
14.3781	-12.0117	1251.96
13.8498	-11.1387	2153.65
14.2728	-13.0087	318.198
14.0635	-12.7936	891.936
14.2759	-11.2886	558.12
14.5175	-7.93859	175.26
14.4024	-11.9735	2203.73
13.7596	-9.49447	2163.26
14.644	-10.4338	1320.11
14.9322	-9.12828	2141.89
13.8759	-12.3742	218.552
14.4129	-8.48441	1662.24
14.8816	-9.8394	3060
14.0131	-9.57836	149.457
14.6068	-9.99162	736.645
14.4226	-12.177	287.137
14.5072	-9.12068	2454.62
14.9241	-11.7879	25.4815
14.8821	-11.8548	1495.88
14.7889	-10.679	2944.61
14.1554	-12.7257	1399.55
14.4533	-3.36463	194.649
14.1539	-10.3415	885.533
11.2297	-3.4439	267.36
14.6396	-9.92311	1695.38
14.8132	-9.27169	1077.42
13.4243	-12.1695	708.315
14.8394	-12.4825	134.874
14.6682	-11.2313	2758.29
14.5321	-10.177	6.548
14.1409	-13.0175	1227.53
14.7767	-9.3165	661.619
13.0867	-9.28184	326.397
14.5881	-11.3688	2527.36
13.3809	-8.89986	622.667
13.7268	-11.0331	278.257
14.4182	-11.8945	768.51
14.4962	-10.2956	357.256
14.6155	-11.5015	2289.63
13.6983	-10.3755	1220.87
14.9244	-12.1518	657.825
14.0377	-12.5097	892.403
14.0599	-10.9308	1001.42
14.1157	-11.0721	670.045
14.1219	-9.66886	734.218
2.04061	-5.44466	376.148
14.5539	-9.13179	599.888
14.4658	-10.0989	2244.14
14.6882	-11.5277	690.495
14.7313	-12.1353	1119.15
14.336	-9.58524	2337.75
14.6758	-8.33781	503.16
14.6727	-12.421	125.84
14.1672	-7.47033	170.351
14.9853	-10.2558	2587.56
14.7612	-9.28009	1377.66
14.5599	-10.4415	2540.88
14.1758	-12.5248	129.924
13.032	-10.4591	130.589
14.7289	-9.65728	2681.8
14.7409	-11.5945	1320.47
14.2812	-10.2206	2590.71
11.3836	-12.6953	104.678
14.6326	-12.3757	264.627
13.2687	-5.18342	8.90163
10.5486	-10.6149	130.593
12.8117	-8.96446	793.668
14.9584	-11.1234	602.434
14.1741	-8.31494	1983.48
14.1278	-9.54612	270.903
14.0473	-10.9782	1687.43
13.7916	-11.5339	353.588
14.8602	-9.94674	1890.25
14.5743	-10.7447	528.434
14.3029	-11.4294	2765.39
14.9412	-9.12121	180.333
14.2433	-11.0759	1982.2
14.9985	-10.8028	2818.44
14.9035	-8.10976	1396.24
13.7082	-10.8512	998.48
13.4438	-10.491	997.621
14.9122	-10.8381	888.991
14.8553	-12.3499	37.1236
-11.0654	-5.69036	56.8331
12.7905	-10.2692	154.538
14.9367	-9.97623	821.467
14.8378	-10.8136	253.58
14.5107	-10.5374	2298.02
14.8494	-10.4011	2671.88
14.1061	-12.5067	2081.61
14.3236	-8.79037	418.915
14.4732	-13.5507	1028.63
14.0307	-9.97102	1290.29
14.9987	-11.4907	697.021
14.4857	-12.3751	1582.6
12.9493	-10.2081	92.0557
14.8313	-10.4231	1629.56
13.7002	-11.521	1179.3
14.487	-10.0041	1287.48
13.1867	-13.0412	629.714
9.36899	-2.82772	4.06315
14.931	-10.1394	2033.79
14.2103	-12.8109	803.714
14.3451	-11.3659	876.93
14.1396	-7.78949	1472.07
14.8396	-13.0526	576.664
13.2679	-10.6211	216.662
14.5114	-10.9136	331.671
14.4145	-10.2007	112.558
14.9355	-9.50147	759.406
14.1496	-9.28374	290.485
14.9249	-8.7432	356.31
14.9365	-8.73146	1384.73
14.2758	-9.38315	1716.83
13.7338	-10.731	122.527
14.6977	-9.8785	997.261
14.8626	-9.53453	1533.49
13.4399	-9.9397	1837.01
14.7744	-12.8927	1439.17
14.513	-9.49362	2864.39
14.0906	-10.6714	2160.86
14.2841	-9.52424	270.276
13.6904	-9.33002	1781.5
14.8089	-11.2313	1610.19
14.5668	-13.554	307.316
13.4087	-12.0354	31.319
14.8215	-10.3222	1131.25
13.9749	-11.6752	1763.51
13.9957	-10.3413	88.9306
14.9001	-11.405	854.114
14.714	-10.0758	642.202
14.4027	-8.1065	1882.34
12.3654	-12.2529	147.699
11.7914	-9.62278	221.737
14.4097	-9.61288	908.913
12.8413	-9.91255	423.041
13.8508	-10.7208	395.061
14.8805	-10.5451	2430.93
13.6385	-11.3156	244.722
13.9252	-9.69014	1907.62
13.3215	-10.5149	333.176
14.0724	-11.1189	616.177
14.8208	-10.9579	3060
14.6994	-10.0636	246.612
13.9433	-8.50423	307.98
12.7605	-8.18307	957.267
13.3619	-11.0246	639.279
13.2826	-9.0502	1577.31
14.9906	-9.08984	2819.2
14.4378	-11.9037	989.453
0.031507	6.81229	639.401
14.9663	-10.4377	1851.77
13.1874	-12.0206	127.177
14.8208	-10.5203	701.494
14.6568	-8.89779	147.403
14.3154	-11.6901	780.057
14.8181	-10.8325	2295.64
11.5792	-7.69332	148.236
14.9698	-8.11683	905.222
14.4616	-11.9829	2047.78
14.2954	-9.70766	1168.38
14.9131	-8.42037	2078.07
13.8708	-12.2828	96.9582
14.2071	-10.6691	540.323
14.6471	-10.3709	2468.17
13.4627	-12.5617	104.423
14.7139	-9.54645	763.609
14.1803	-12.6551	1207.19
14.2844	-12.6046	1817.93
13.0733	-9.897	420.956
14.0549	-9.8249	166.415
14.5109	-8.54439	101.42
14.7183	-9.10924	1929.55
14.896	-13.1045	781.997
14.5205	-9.93825	2153.29
14.2348	-9.84844	112.132
14.1449	-12.4424	703.379
14.5767	-11.7379	2407.45
14.6202	-9.44754	1819.29
14.8116	-9.15286	3027.1
14.5677	-10.4645	503.959
14.8368	-12.1363	2428.05
14.9951	-10.305	3060
14.095	-11.6593	2431.01
14.6806	-10.0108	2644.32
14.6379	-8.53942	2219.43
11.9997	-10.5324	179.208
14.9138	-10.1669	1437.43
14.9351	-9.38762	1547.9
14.6932	-9.9738	2739.39
14.5824	-9.99374	2247.8
14.3738	-9.73938	2491.71
14.9912	-9.28568	985.709
14.7409	-8.3867	719.861
13.9822	-11.9612	5.20915
14.1091	-9.57911	2394.11
14.7379	-10.2932	21.6659
14.6785	-9.59794	1732.09
14.914	-10.5567	2062.38
13.956	-11.4376	619.631
14.3188	-8.71449	1850.11
13.9038	-11.933	956.829
13.8095	-8.91975	977.002
4.49408	-4.27159	27.043
14.4011	-10.332	2737.85
13.9703	-10.4875	1651.48
14.5026	-8.46867	466.019
14.2392	-10.0731	1231.94
14.1361	-10.5516	13.2432
13.9848	-8.42898	1709.22
14.9087	-8.80787	2274.26
13.801	-12.3954	0.82556
14.1094	-11.4317	1487.51
14.7769	-11.2983	316.27
12.39	-11.0205	869.498
14.4892	-9.31195	1315.07
13.7802	-12.3937	1305.36
14.717	-11.4387	794.214
14.9865	-11.0441	1370.05
14.243	-13.9131	16.3032
14.1318	-12.2237	962.684
14.8378	-9.19576	1131.9
10.2268	-4.27617	236.893
13.2655	-8.88004	946.178
11.5437	-8.63733	39.1961
14.2935	-12.0521	1171.63
14.9547	-10.1472	3060
7.39121	-10.1323	181.805
14.7967	-11.2395	281.455
14.489	-12.5036	245.711
14.9722	-11.2822	511.463
14.7163	-9.07964	1637.57
9.32608	-10.6585	292.424
14.8916	-10.3782	2695.37
14.5569	-10.1986	1053.74
14.963	-11.8594	461.935
13.6606	-11.0502	5.2534
14.6306	-11.4776	1024.83
13.8587	-12.4862	702.287
13.9113	-10.2445	760.29
14.3845	-12.2798	1066.25
14.7561	-11.525	1148.53
13.5207	-10.8696	928.917
14.6908	-9.28601	534.593
7.81004	-6.46363	137.801
14.1824	-10.1844	810.57
14.0963	-12.1587	497.689
14.9592	-9.02278	880.136
14.6805	-12.3201	2526.38
14.8647	-11.0535	213.646
14.3569	-11.1026	444.642
13.6598	-11.3184	630.166
14.955	-11.4954	2458.53
14.7471	-10.5012	2638.3
14.3843	-11.6334	872.185
14.9035	-10.4148	335.061
14.0905	-9.85194	45.0541
13.6279	-9.74006	66.9669
14.1112	-12.5621	1143.3
14.9783	-10.9894	2415.87
13.8062	-10.3098	115.752
14.3506	-12.9717	405.973
14.0237	-11.2568	522.176
14.0691	-12.4878	1575.38
14.0289	-9.02915	1792.69
14.6542	-10.127	2387.85
14.896	-12.2878	2745.16
14.8942	-9.04035	2084.33
14.8698	-10.489	1534.78
13.9128	-9.21495	2337.8
13.7498	-9.89438	895.133
14.5049	-11.3087	1495.72
14.0982	-11.3509	500.722
13.4819	-11.2323	1765.45
14.1459	-13.2818	982.429
14.5437	-8.72132	202.21
14.086	-12.2844	1742.82
14.5963	-9.1471	2246.79
13.6555	-10.6468	28.953
14.8706	-12.0499	514.271
14.3088	-9.33311	1411.22
13.6342	-10.6859	716.658
14.175	-9.4846	716.767
14.4382	-11.779	653.738
14.5077	-8.7329	1477.6
13.8876	-9.41667	489.137
13.5823	-8.04418	1630.12
14.5851	-11.8708	799.793
14.0095	-11.184	367
14.6865	-9.28232	138.3
14.7616	-11.9809	731.915
14.2571	-9.88951	430.422
14.874	-11.741	607.228
14.6203	-10.3232	2821.2
14.781	-10.221	1150.12
13.5473	-9.8461	1012.17
12.5819	-10.0326	123.421
14.2736	-12.7679	1276.67
14.939	-9.5102	667.07
14.4462	-9.65191	151.529
14.4506	-10.6133	1625.55
14.9598	-9.49237	297.206
14.6376	-11.2232	2413.04
14.6312	-9.91444	1364.65
14.6541	1.63494	204.41
14.9356	-12.5024	609.532
14.4746	-10.5726	2592.99
14.3984	-8.96168	1735.53
14.2602	-11.4971	248.983
12.3638	-12.6828	120.622
14.7944	-8.48064	884.802
14.9992	-12.0468	2214.07
12.9655	-10.9294	317.651
13.9179	-11.1463	794.465
14.3249	-10.7139	2754.69
14.1514	-11.2497	716.584
13.8164	-11.329	2179.43
13.9985	-10.5456	735.522
13.3462	-9.51666	1298.74
14.8687	-9.93791	2768.55
13.6893	-10.9143	845.02
-5.14868	-7.21821	166.856
14.6749	-9.45251	1346.39
14.3346	-9.74262	1055.83
14.5673	-7.15695	69.9152
14.5852	-10.3514	256.116
14.5049	-9.31095	1823.96
13.7412	-9.67562	1508.36
14.8099	-10.6699	2125.37
13.3363	-11.9396	322.306
13.6398	-11.3723	504.781
14.1251	-10.3278	1211.14
14.8025	-10.5497	244.699
14.4662	-11.5268	922.993
13.1824	-12.2943	48.1301
13.8871	-8.2281	34.2907
8.48878	-11.4456	433.273
14.2548	-11.8411	125.197
14.8034	-9.06919	1480.28
14.3647	-12.8747	1446.33
14.8481	-12.1376	466.974
11.7024	-9.2913	197.851
14.2763	-9.94042	1403.06
14.0985	-10.173	2475.74
14.2767	-10.5624	2062.03
14.5303	-12.8078	1498.11
14.2792	-12.3774	1873.3
14.3466	-9.33401	1718.72
13.9959	-10.4069	1175.68
14.6585	-11.0799	1454.31
14.4132	-10.2873	2468.84
-0.309854	-14.9132	60.2656
11.7633	-8.40721	63.6053
10.8973	-12.7591	39.1961
13.8208	-9.75878	446.291
13.8783	-11.3716	214.77
14.0765	-12.3965	1665.73
14.7955	-11.2872	2169.13
14.9355	-11.6323	675.564
14.3376	-11.329	1658.32
14.9334	-9.32908	622.683
14.3799	-8.92403	164.87
14.7923	-10.8135	241.991
14.1064	-9.40382	2124.42
14.8007	-7.78031	1079.06
14.0156	-10.1843	349.375
14.6815	-9.29734	1832.86
14.797	-9.63365	1561.73
14.2681	-11.9803	633.431
14.6545	-9.82133	127.143
13.9034	-11.4586	306.926
14.8102	-9.71594	1217.23
14.764	-11.0537	2684.45
14.8668	-10.3794	413.714
14.1069	-11.5621	1761.3
14.6951	-9.14098	342.264
14.5122	-11.5187	1054.31
14.8786	-12.4262	1467.56
14.9816	-8.39176	1637.59
14.4106	-11.9675	216.449
14.567	-12.1349	524.962
14.6039	-13.3853	684.83
14.0049	-12.1499	1445.15
9.14967	-11.4913	126.876
14.9882	-9.89088	1843.44
14.5291	-11.7067	589.555
13.9291	-9.03427	113.436
14.5102	-9.92501	1569.93
14.5765	-9.31896	1481.75
14.7216	-11.1363	905.699
14.1666	-13.104	1050.56
14.3861	-12.3335	379.985
14.2627	-9.53244	563.934
12.0817	-9.93249	156.762
14.9083	-9.45585	742.669
14.5789	-10.817	1146.68
14.6869	-10.0873	1382.16
14.6628	-11.6588	340.226
13.8373	-7.04127	95.0436
12.4397	-9.72872	1071.9
14.9452	-9.91387	2486.68
14.3707	-11.1846	708.269
13.9835	-9.53561	588.949
14.7371	-8.53094	634.223
12.6653	-5.41952	335.81
14.043	-11.3945	363.124
14.0749	-12.0049	239.224
14.6894	-11.2061	235.808
14.5002	-6.68137	180.665
14.2135	-9.07221	1670.14
13.8129	-10.7903	544.754
14.9664	-9.30342	1906.47
14.6146	-11.7367	1597.3
10.4555	-13.4875	144.833
14.5513	-11.1149	631.607
13.748	-7.29453	411.568
14.8181	-10.0175	3060
14.8995	-11.3519	147.579
14.9447	-8.48408	2366.65
13.9166	-11.2385	1086.42
14.3298	-11.0827	433.294
14.1912	-10.7225	1889.82
14.3233	-12.2241	364.312
13.4437	-13.4665	142.45
14.1563	-10.9133	691.525
14.8522	-8.73378	158.511
14.9421	-14.881	11.8329
14.6551	-10.4887	382.246
14.9201	-11.9103	2440.03
13.6449	-5.27181	123.617
12.8885	-11.0099	159.781
14.8891	-9.78439	1788
14.4842	-9.68776	1357.64
14.881	-10.0839	463.241
14.7585	-10.4528	2966.82
14.3133	-11.1206	1189.52
14.7908	-10.2088	2036.73
14.913	-11.535	178.626
13.4205	-5.85095	96.8477
13.7989	-11.3577	968.882
14.7897	-11.6034	369.468
14.0701	-10.4043	2461.05
14.5623	-11.0437	210.765
14.6971	-11.5495	211.549
13.5313	-10.0604	342.751
14.9766	-11.1803	249.675
14.6561	-9.40685	532.575
14.7974	-9.64373	641.437
13.6377	-9.55699	129.67
14.9466	-7.61181	1489.84
14.0972	-9.59561	414.947
12.9156	-9.43142	985.387
14.7272	-12.0719	219.012
14.2526	-8.36472	399.337
14.4324	-12.1322	89.7133
12.8122	-11.0059	176.286
14.3038	-10.9323	1913.52
14.2877	-10.0091	1486.02
14.6791	-10.0962	559.285
13.5081	-12.9452	1112.55
14.6569	-10.0237	221.283
14.8991	-11.0737	1965.14
13.821	-14.9096	90.5043
14.3625	-13.1099	78.475
14.658	-9.87952	1719.52
14.3864	-9.42446	1494.77
13.8265	-9.80509	969.553
14.7373	-12.3476	2131.39
13.874	-11.0059	561.005
14.7843	-11.5508	175.982
14.9512	-10.3005	159.422
14.3828	-8.98199	500.462
14.9513	-11.4555	2532.84
14.3971	-9.6591	1750.06
10.0006	-11.3052	181.309
14.5813	-8.89756	400.873
14.2087	-9.86231	770.421
14.2238	-10.9547	2547.71
14.9501	-10.9155	1988.98
14.1714	-8.47935	1335.54
12.5911	-9.2894	1191.62
14.7071	-10.8159	2455.05
14.4469	-10.001	2579.63
14.9732	-10.9727	1656.59
14.5901	-10.7729	2898.66
13.5788	-9.30582	857.612
14.4838	-10.4009	451.427
14.5811	-9.51085	159.453
14.5119	-11.5892	119.54
14.4045	-9.86819	1667.92
14.2089	-12.0211	1762.73
13.6942	-12.5646	115.475
14.2294	-10.8419	2278.15
13.8937	-10.4113	1913.27
14.6484	-9.91668	734.106
14.1166	-11.195	333.946
13.6876	-11.6208	359.848
14.7374	-11.185	729.413
14.8297	-9.76162	2866.89
14.2842	-12.3057	157.422
14.7168	-9.11099	1840.62
13.992	-12.3072	1505.62
14.8729	-9.94053	143.376
13.3201	-10.6234	254.945
14.5887	-11.9168	150.418
14.0202	-9.99017	2481.88
14.7602	-11.423	2923.89
13.7342	-11.6537	90.1624
14.6303	-9.34769	392.143
14.8114	-9.92234	2470.66
13.4788	-10.85	794.617
13.6501	-11.9663	114.538
14.0815	-12.5767	1474.05
14.1167	-10.6557	1494.72
14.2776	-9.97061	1452.68
14.7683	-11.6786	1400.76
14.3556	-12.6374	433.497
13.8759	-10.147	1143.29
13.3052	-10.7298	1399.25
14.7241	-9.6296	214.646
13.5762	-10.8641	99.5573
14.2505	-7.6862	174.107
13.0483	-11.0817	196.714
14.3194	-10.6991	2325.26
13.9233	-10.6444	2305.42
13.732	-11.0689	674.644
11.5193	-12.8023	22.4312
14.797	-11.5149	2811.54
13.7047	-11.3015	172.622
14.9146	-14.7097	138.144
13.6876	-10.0249	2302.58
14.1009	-9.04505	252.636
13.7387	-7.52332	1443.75
14.9851	-12.8009	145.789
14.2446	-9.8779	2069.11
14.7628	-11.4469	2484.36
14.6919	-7.18471	79.4517
13.5305	-11.0686	635.853
14.2699	-11.5604	706.713
14.7524	-11.2564	1293.26
13.7701	-10.014	996.025
13.3703	-13.5854	39.2855
10.9594	-8.47466	125.954
14.7878	-6.90829	210.889
14.4352	-11.1788	2739.61
14.9247	-9.02211	1930.65
14.421	-8.98312	916.399
14.6865	-12.5137	801.603
14.6544	-10.2048	1437.31
14.6186	-9.37481	655.434
14.7324	-9.80181	3060
13.3375	-6.20063	177.902
14.4828	-10.8353	751.45
14.9633	-9.6913	3060
14.2388	-10.1447	2691.13
13.9163	-11.6715	67.9116
14.7494	-10.3885	2804.06
13.6065	-10.7887	1527.97
14.9181	-10.0506	2522.38
14.9537	-10.1856	1210.16
14.8573	-10.4959	750.912
14.2612	-8.8012	447.303
14.736	-11.7825	1684.24
13.9843	-9.04534	1310.75
14.7264	-9.08241	40.2274
14.3024	-9.93932	2519.73
13.7216	-10.0505	751.101
14.4197	-11.384	2122.88
14.4194	-10.5663	1257.67
13.8001	-11.9781	481.886
14.5825	-8.25282	715.73
14.1997	-9.19262	1666.26
14.1125	-11.7574	2030.78
13.147	-8.96616	1161.31
14.8038	-11.2444	329.493
14.749	-8.41869	168.285
14.8312	-11.8123	661.511
14.9598	-11.1908	536.403
14.9863	-10.4329	1049.9
14.9104	-10.8243	2483.42
14.576	-10.245	1950.88
14.5706	-11.2836	952.042
14.4272	-8.68747	2467.65
14.9519	-11.4053	449.943
14.7942	-9.66817	2502.08
14.1325	-12.3027	1194.25
13.5907	-10.0654	39.5453
14.694	-10.9142	1937.35
14.2595	-10.2141	2088.58
14.026	-10.3697	1523
14.9947	-9.4468	2463.4
14.6958	-12.0609	2386.82
14.5505	-12.1122	2535.56
14.9622	-11.9333	302.369
2.16324	-8.54903	31.5007
14.5758	-7.66583	165.86
14.5317	-9.84381	1989.63
14.4662	-11.0885	2480.9
14.9854	-11.6604	155.985
-5.90301	-11.7527	1270.94
14.8817	-10.2897	1410.33
5.06341	-12.8766	276.469
14.1942	-9.08586	1541.12
13.9652	-12.888	89.4485
14.3174	-11.0828	2628.36
14.1713	-8.56529	915.156
14.562	-8.60829	1489.05
14.838	-11.8627	226.949
14.717	-13.7747	843.264
10.9694	-14.8402	99.7942
14.2717	-10.8697	1911.26
14.9091	-10.0973	1256.16
14.1513	-8.10043	108.356
14.7501	-9.32168	418.368
14.6342	-10.8635	880.831
14.9831	-9.25157	378.657
7.93309	-9.66836	112.25
13.748	-11.8399	542.945
13.9483	-9.43863	41.5924
14.0421	-9.96288	388.301
14.184	-10.9288	762.545
13.6951	-10.2835	1778.96
14.5545	-11.6039	811.894
13.7902	7.32808	234.62
14.6169	-10.094	30.5546
14.0577	-10.1201	1639.65
14.8918	-9.26464	774.711
13.8258	-7.6419	2.72958
14.4978	-12.6679	1840.25
13.7225	-10.0389	1531.69
14.7553	-9.28275	2501.66
14.8273	-11.3944	265.207
14.9808	-8.28511	239.49
14.6317	-10.6886	706.41
14.3775	-10.0626	2092.69
14.8411	-14.0354	518.032
14.3283	-10.2342	1082.56
14.7731	-11.3908	586.504
13.8043	-11.1991	828.587
13.9169	-10.5587	1087.04
13.6778	-9.86562	18.7306
14.0288	-9.42508	1193.57
14.7135	-11.7937	383.628
13.219	-10.5998	86.8336
14.7449	-9.16617	402.433
13.9805	-9.21213	1278.45
14.8759	-10.5004	652.25
14.5266	-10.4869	265.346
13.8688	-11.9297	2171.3
14.1226	-9.47569	318.488
14.522	-11.834	1522.69
14.6942	-10.4325	563.454
14.9613	-10.709	211.096
7.5674	-4.41559	63.3296
14.2378	-10.0074	1351.24
14.9264	-11.0714	530.452
13.5258	-10.8757	1741.37
14.3172	-11.9415	1316.62
14.5082	-13.8781	117.055
14.9002	-10.7052	996.942
14.7942	-10.4613	212.686
14.6993	-9.58382	2597.71
14.4401	-9.43069	973.961
14.991	-9.73196	399.987
14.7377	-9.42444	1493.04
14.0041	-11.4612	1113.57
13.8963	-10.9584	2052.97
13.2996	-10.2206	13.2502
13.5254	-9.07068	1059.68
14.6577	-11.4649	2080.1
14.7999	-11.6458	250.303
13.8377	-8.93345	374.586
14.4759	-10.9652	1912.03
13.3648	-12.2376	81.2727
13.5584	-9.87282	626.346
14.6237	-12.4074	1267.94
11.22	2.06164	98.1649
13.8902	-11.3472	257.971
13.9726	-11.1864	1776.37
14.3896	-10.6665	24.4753
14.9961	-11.5934	1883.39
14.1536	-12.8471	142.132
14.4429	-9.70332	355.832
14.6482	-10.2071	2688.27
14.36	-11.2759	2446.48
14.7296	-12.0697	1254.82
-7.86986	-7.26566	38.9955
14.7464	-9.01366	583.187
14.4137	-10.3097	1777.6
14.1407	-10.1666	2034.98
13.5159	-9.98464	1018.49
14.7478	-10.3757	384.471
14.9497	-9.30231	2200.61
14.4579	-9.51624	837.458
14.5076	-10.2207	1436.25
14.9867	-8.18643	108.161
14.9733	-11.4198	599.335
14.2514	-9.47275	900.396
14.6106	-10.8458	168.677
13.674	-10.6821	391.67
14.1127	-12.0832	2209.57
13.4839	-9.24563	1354.09
14.5597	-8.87295	2068.99
14.1493	-9.33936	864.2
14.7285	-11.2671	345.595
14.8015	-12.0884	1708.56
14.9425	-12.9518	126.282
14.9066	-8.57338	124.321
9.90059	-6.39747	11.7681
14.8039	-11.1169	3060
13.335	-12.531	630.996
14.9731	-9.32748	1070.74
14.8195	-12.7077	116.546
14.2899	-11.299	1835.95
14.2805	-12.7662	942.551
14.4785	-12.0431	459.386
14.9342	-9.19893	415.235
14.571	-10.961	830.482
13.8021	-11.0458	256.957
14.991	-10.1029	3060
13.2357	-10.0816	869.435
14.0902	-10.4988	512.871
14.9534	-8.80429	38.3682
14.4907	-9.00413	464.689
14.4519	-9.96111	2862.39
13.2037	-11.1118	176.374
14.2147	-9.64006	1614.27
14.5158	-8.28842	1200.16
14.8563	-14.2233	100.906
14.9881	-9.19837	575.273
14.0004	-9.15413	1711.77
14.3608	-9.3066	259.216
-2.23655	-8.5475	640.515
14.8382	-10.4441	2078.48
13.7499	-4.27317	112.928
14.8429	-12.3632	505.645
14.8165	-9.68348	2146.69
14.5452	-10.2572	766.384
11.2845	-4.44104	195.048
13.7976	-10.161	116.322
14.3825	-12.0257	2012.62
14.6627	-12.3082	1528.72
14.3751	-11.6934	1778.62
14.9242	-10.9836	2124.83
13.98	-10.2853	2004.07
13.1835	-7.43927	345.477
14.289	-14.1682	55.3973
12.8194	-10.4908	119.686
14.4145	-10.3819	1627.72
14.6573	-12.0637	230.235
4.28694	-12.5821	3.63936
14.1546	-12.4328	231.959
14.5534	-11.1607	2204.56
14.7541	-11.2511	4.82666
14.7504	-10.9014	2846.49
14.0135	-9.32192	1137.78
14.0499	-10.9008	220.445
14.092	-10.4792	1263.97
13.6887	-11.8045	1778.29
14.7812	-11.8912	347.313
14.4789	-12.73	643.489
13.2684	-9.74807	294.606
14.959	-11.1764	251.369
14.962	-10.7167	352.779
14.7299	-11.4848	2933.29
13.9858	-10.8847	330.275
14.5998	-12.8042	279.222
14.5164	-11.7573	1285.61
14.8213	-9.2176	1677.07
14.6118	-11.5476	1151.02
2.02964	-14.0681	8.05086
14.4649	-11.5565	772.454
14.3319	-11.1785	145.636
12.8049	-14.9259	3.33768
14.5982	-9.51087	2832.61
13.8862	-8.22861	220.963
14.8985	-9.54306	100.308
7.57165	3.80957	1501.5
14.5809	-8.55857	2350.92
14.1822	-12.8812	269.731
14.5992	-10.4457	966.377
14.239	-9.95891	1250.35
14.5674	-9.49854	815.47
14.1161	-12.3236	564.946
14.5288	-9.58708	559.08
14.8988	-11.2718	2814.91
14.313	-8.86212	2045.76
13.5998	-8.56518	547.782
12.6587	-9.77345	104.14
12.8406	-14.1664	31.2308
14.4799	-10.2282	1533.2
14.9062	-11.4079	2401.89
14.3915	-8.57278	2219.4
14.5086	-12.0261	473.355
13.981	-10.5461	345.538
14.8092	-11.1224	2663.77
14.2102	-11.7917	1816.97
13.8318	-11.5729	198.616
14.1419	-10.0387	80.7482
13.7379	-7.53345	186.906
14.2745	-9.35191	526.899
13.1683	-11.8039	88.7648
14.981	-4.9542	506.093
14.6302	-11.9857	1185.86
14.9076	-9.58937	3060
14.6295	-13.4164	892.035
13.3915	-12.399	1780.87
14.8769	-12.063	988.86
14.9705	-12.4006	2347.88
14.1178	-11.9663	145.887
14.6877	-9.02024	206.834
14.4127	-9.27037	2504.03
14.4616	-13.8842	11.8814
14.1964	-12.122	402.958
13.8836	-12.2265	1544.33
14.8169	-12.616	2114.01
14.9789	-11.8479	2277.58
14.7027	-8.20362	1715.55
14.1	-8.02091	133.87
14.4625	-11.2634	929.534
14.4139	-9.4219	2014.26
14.3949	-11.8226	2226.03
14.5184	-9.4789	704.134
14.8274	-9.59178	416.099
14.7112	-11.557	154.641
14.8003	-10.0558	464.571
13.4488	-10.7899	459.415
14.836	-13.3228	570.354
7.03516	-14.1822	818.305
14.5144	-12.5658	1898.21
13.6014	-10.7035	1959.34
14.1171	-11.3065	1321.57
14.9806	-10.744	2316.19
14.8637	-9.33698	459.679
13.6384	-10.9651	72.9735
13.7212	-11.1946	898.356
13.8771	-11.0257	1170.09
12.1613	-8.82262	269.568
13.2936	-9.65896	641.824
12.8155	-9.7028	543.736
14.7186	-9.67254	2959.74
14.7716	-8.91749	233.009
11.0877	-9.17211	172.158
14.06	-10.0777	1694.34
14.9512	-13.8873	902.199
13.9106	-10.6028	1450.71
14.6597	-11.2846	719
14.5754	-9.57983	733.456
14.7367	-12.6645	210.234
13.6052	-12.2295	1362.98
11.7687	-10.5522	82.1178
12.8128	-10.7017	106.646
13.8675	-11.3134	1654.31
14.2246	-11.1384	1539.05
14.5914	-9.9869	1129.38
11.9476	-9.6852	54.6536
14.1274	-12.6145	154.765
14.4586	-11.6775	1482.84
13.9278	-10.4944	249.133
14.5538	-11.2927	987.789
14.973	-11.3393	1214.64
14.063	-7.01487	116.853
13.8072	-11.0851	1853.92
14.9786	-9.99316	1704.15
14.3639	-9.774	2783.8
14.3734	-11.828	1264.07
14.3002	-9.61182	2463.98
14.794	-10.8391	1568.67
13.8931	-10.5026	1263.87
14.7964	-10.1525	11.8814
14.6316	-9.25503	583.594
14.9464	-10.7448	165.438
14.5227	-8.99938	405.446
14.1705	-12.0671	750.652
14.7752	-11.7781	200.193
14.0337	-10.4261	2305.79
14.0944	-12.0147	631.018
14.9256	-10.8017	856.966
14.6426	-3.01555	195.657
14.6589	-10.6665	426.551
14.0312	-11.5976	1064.66
14.406	-10.4883	2573.97
14.9384	-9.59856	2852.7
14.0223	-9.5104	271.719
14.5936	-9.45308	342.882
13.9187	-10.7847	666.745
12.1727	-7.25065	72.6069
13.9242	-10.5624	123.963
14.6958	-11.4669	598.284
14.9835	-11.5712	1008.58
14.1125	-10.9857	827.604
14.153	-9.91474	343.803
14.2926	-9.98854	2510.28
13.9033	-11.7494	2447.54
13.8705	-10.4974	1186.06
14.7209	-7.95876	654.276
14.6527	-10.5697	731.935
14.5663	-11.5312	923.507
14.7484	-10.7255	978.116
14.2217	-9.83068	761.874
13.5329	-10.0709	420.27
14.0952	-7.64066	34.2907
13.6392	-9.50182	396.098
13.4665	-9.63072	52.85
14.2342	-10.5267	2131.41
14.2302	-12.4911	693.368
13.8171	-10.7559	1637.06
14.9044	-7.99743	85.8703
14.8537	-1.04421	18.101
14.3711	-12.3904	1662.28
9.23414	-14.6012	208.052
13.414	-9.49252	1599.05
14.6337	-12.2452	96.2301
13.6278	-12.6055	58.0485
14.9836	-9.35163	1744.82
13.259	-12.0492	241.381
14.9318	-11.8149	162.217
13.5876	-13.4456	196.331
14.5383	-11.0693	1855.33
14.3912	-8.92614	976.876
14.3606	-9.43702	1756.52
14.882	-9.69835	223.485
14.6394	-12.5889	1661.11
14.835	-11.6959	525.734
14.7067	-10.0883	1507.28
13.9379	-11.5285	1477.46
14.4707	-9.89758	426.711
14.8259	-10.6001	930.986
14.6757	-12.1603	1047.51
14.454	-9.93335	2539.37
14.9548	-10.1628	1291.36
14.4615	-13.477	91.3429
14.6454	-10.2691	1417.33
14.8119	-8.80306	309.739
14.1732	-9.63628	982.871
14.6261	-10.9164	169.486
14.3179	-13.1007	667.38
14.7779	-9.77959	2788.59
14.3676	-9.55048	303.15
14.9968	-11.792	118.285
13.2419	-9.39991	1370.78
14.6629	-7.68513	305.579
13.4687	-10.8198	1239.04
13.6428	-9.07779	579.693
14.6207	-9.97113	753.912
14.0015	-9.95822	2021.81
14.292	-10.6715	1019.01
14.8314	-10.3422	1253.58
14.7522	-8.9938	2781.84
14.9209	-11.6975	472.931
14.6767	-11.3882	378.983
14.4169	-11.7512	837.117
14.5063	-11.4066	54.8583
14.4554	-8.843	118.856
12.9413	-11.5923	6.51147
14.0645	-8.81806	981.694
14.3645	-11.2945	1109.24
14.5082	-14.156	438.609
13.9401	-11.8914	107.32
13.9393	-11.376	987.897
14.9386	-10.005	3060
14.7794	-9.20023	2693.84
14.8819	-8.98803	837.58
13.9614	-8.71796	2131.79
13.4351	-13.2307	400.254
13.0096	-11.8984	148.095
12.9445	-1.20176	250.365
14.5195	-10.7073	2813.94
14.766	-9.20396	227.454
14.8321	-9.91172	496.942
14.3743	-10.2643	145.505
14.2522	-9.98465	1042.82
14.2338	-11.1419	1996.24
14.2246	-11.7223	1847.59
14.8242	-9.15284	743.194
14.4651	-9.43732	884.736
14.9483	-12.151	236.785
14.2978	-12.017	2374.86
14.9395	-8.97845	872.563
13.9423	-8.41549	2126.3
14.7924	-11.5693	1732.65
14.4856	-9.70567	118.861
14.5113	-10.6766	1123.81
14.9339	-8.1857	356.341
14.9639	-10.038	1425.19
14.9335	-11.4255	1865.46
14.609	-11.1294	529.864
14.5179	-10.5012	886.819
14.0539	-13.1139	262.893
14.2636	-8.76473	929.468
14.8975	-9.45078	298.501
14.1618	-8.45539	570.481
14.8874	-11.549	2529.75
14.9921	-11.1326	3060
14.8985	-10.7305	509.888
13.8094	-11.0217	388.773
14.5431	-8.71945	2310.93
14.4859	-11.8772	2077.52
14.908	-11.9942	2544.32
13.3808	-10.3529	1310.63
14.3493	-10.5353	34.7432
14.4799	-11.0308	123.41
14.2304	-10.3939	1016.9
14.626	-11.7505	130.693
14.9036	-13.3234	1178.43
14.2007	-11.5958	203.653
14.7819	-12.0115	1958.68
14.4777	-10.3005	1217.27
14.6476	-10.5875	905.07
14.8228	-8.9612	624.863
14.3983	-10.2931	2679.77
14.1164	-8.58733	2160.14
14.8601	-10.0306	1411.66
14.1843	-11.2411	1201.53
-0.984875	-9.48724	679.648
13.85	-9.6043	1983.04
14.5243	-8.76657	463.529
14.2588	-12.8114	2274.2
14.3408	-10.8172	67.6198
14.4546	-12.8434	173.2
12.6282	-11.8115	202.218
14.0135	-10.6043	2121.29
13.8307	-9.27681	1518.14
13.3715	-10.1832	1356.7
14.8397	-10.5814	2666.14
