-13.4611	-7.37139	451.265
-3.13094	11.4567	198.939
-3.26574	11.974	54.2951
-10.7915	-4.85733	1691.63
3.62102	-12.4437	593.596
-3.70007	-7.2951	22.8353
1.15455	12.4153	418.651
3.51326	1.64326	28.9081
-14.8605	-10.8207	33.0405
-10.5154	1.51386	630.724
-1.60317	7.16421	245.774
-10.5526	-14.5776	34.7432
-6.8687	-4.51824	237.443
-1.68275	-9.80757	72.1377
-14.4242	-12.2553	134.396
4.93514	-5.04632	190.862
-11.6068	-14.1349	56.8452
-12.5121	-14.7407	234.206
-8.47436	-8.62766	227.826
-8.57073	-8.52518	10.6112
-13.7115	-13.4124	99.1497
-14.2027	-14.5139	145.762
-0.347909	-14.8332	137.375
2.09451	-7.31133	233.74
-14.9313	-1.82463	94.4969
-1.19263	2.45239	1081.23
-8.54428	4.51411	127.755
-12.0465	-12.7741	185.08
-5.69932	-4.36652	422.054
-7.89193	11.1754	822.396
-13.6187	-10.7181	118.059
2.85173	4.61995	105.461
-9.79664	-14.3673	2.51087
-9.47207	-14.4992	1787.63
6.75949	-0.771437	152.289
-5.70548	-8.10069	252.977
-10.9171	-7.51056	561.1
-7.82471	-14.4983	511.412
-1.93095	6.03918	186.199
-7.72231	7.68694	26.6955
-1.49511	-13.0221	230.291
-13.5289	-13.4871	45.7678
-11.3305	-14.6583	197.08
-13.26	-12.289	275.946
4.23299	12.9822	33.4592
-8.89099	-9.87324	168.127
