-14.5912	5.653	1897.44
-14.7206	4.79349	791.064
-10.4921	-0.746926	48.8537
-14.2295	1.59969	752.126
-14.8259	3.77783	502.608
-14.7847	3.07838	629.98
-14.4589	2.7683	1063.09
-4.82594	-2.15177	161.921
-14.4687	4.64512	2514.02
-14.8691	6.1535	2469.84
-14.3726	5.86633	2179.39
-14.8884	3.59448	34.2907
-13.5237	4.68481	1648.8
-12.3465	7.69296	39.2855
-10.5468	6.08589	83.9124
-13.5747	4.77206	670.62
-14.4369	6.17931	537.465
-14.6873	5.48757	128.931
-14.3791	6.09487	106.48
-14.4135	3.1707	2029.03
-14.8401	3.11511	3060
-14.7174	5.04301	169.535
-14.7259	5.3348	254.256
-14.9272	3.99528	679.977
-14.2771	4.95707	2057.81
-13.743	2.76879	1509.69
-13.4895	5.10993	95.7627
-14.9504	3.8703	931.662
-14.1173	3.49919	2195.58
-14.149	4.34021	1367.76
-13.7483	4.56973	634.681
-14.7383	3.6707	312.351
-13.7364	4.47151	1627.02
-14.7908	2.41941	823.968
-13.9251	3.76144	1443.31
-13.141	4.77863	266.697
-14.5463	6.38917	311.081
-13.9435	6.49536	1772.91
-14.6668	5.92133	2850.16
-14.7139	5.42348	2422.34
-13.7351	4.05416	543.51
-14.5842	4.5258	2864.05
-13.8272	6.9157	144.862
-14.5086	5.91765	2555.71
-10.3501	5.48057	33.203
-14.286	4.75767	1084.18
-14.9219	4.30097	2775.8
-11.3727	-0.476122	336.413
-14.062	2.48617	143.28
-13.8057	4.2478	929.233
-14.7055	3.9652	2221.76
-14.6068	3.28648	312.25
-14.8128	3.64989	1785.4
-14.8991	3.70981	1906.64
-14.9445	6.12104	1557.88
-14.5182	3.58781	905.387
-14.5432	5.31071	2254.36
-14.9265	3.01873	66.0093
-14.9223	5.22042	859.742
-13.584	3.27411	797.12
-13.32	5.2449	264.604
-14.8318	4.04083	1580.52
-14.6442	5.58626	662.41
-13.7675	5.16626	228.975
-13.7107	4.18172	795.983
-14.1855	4.14889	1087.85
-14.6854	4.92756	386.332
-13.6434	4.37357	2259.77
-13.7048	5.55683	2045.88
-14.4956	4.32837	2788.61
-14.8451	5.09916	2947.47
-14.6582	4.52736	95.8841
-14.4567	3.55928	632.242
-14.8243	2.8711	1206.99
-13.088	8.58697	306.661
-14.8311	3.37892	123.965
-14.5857	6.37693	1378.76
-14.4559	6.5064	1970.74
-14.0944	3.15589	1581.06
-14.3818	4.02171	992.979
-14.9273	4.5766	1261.44
-14.9326	3.17865	3060
-14.9465	2.85029	596.013
-14.822	4.49575	3060
-8.54134	3.34917	158.482
-14.3676	4.91639	247.673
-13.4299	5.51476	1347.58
-14.2222	3.0489	202.725
-11.7658	8.18081	618.587
-14.9019	4.1913	327.338
-14.9984	4.4448	475.328
-14.5794	1.33478	264.02
-14.8676	2.66593	1251.49
-14.8172	6.36631	1948.69
-14.9166	6.18184	199.484
-4.21179	11.0474	277.567
-12.8909	5.57258	39.2855
-0.922585	-1.31803	474.431
-13.6521	5.78322	338.628
-14.9581	3.52653	192.941
-14.9677	3.81483	444.77
-14.9316	2.74628	1816.79
-14.8139	5.03363	1951.87
-14.993	7.72817	11.8814
-14.5317	5.5143	135.043
-14.428	4.58	2741.25
-14.413	3.98927	1603.11
-14.2111	2.68127	743.99
-14.6183	3.76706	1089.77
-14.6524	3.01129	2648.99
-14.7583	5.83053	218.441
-14.9245	6.10343	265.159
-14.9545	5.07288	1935.77
-14.739	5.2012	2279.08
-14.8046	3.8525	2631.11
-14.5462	5.61737	1776.25
-14.1922	2.44311	664.617
-14.6433	3.52266	1506.18
-14.0057	4.47469	244.624
-14.7383	4.52485	1944.82
-14.6124	5.60199	2320.87
-14.5768	4.85209	1072.75
-14.4672	3.00805	1934.74
-14.4691	4.04221	1441.87
-14.4404	6.79047	2011.44
-14.8321	6.87424	382.855
-14.1166	3.47604	2202
-14.238	4.50787	210.718
-14.6732	5.56787	1224.12
-14.0236	2.84082	167.908
-14.3418	3.46153	268.194
-14.5858	4.60684	810.85
-14.9838	4.8833	753.042
-14.6479	4.39155	1481.37
-14.7904	5.25548	1457.11
-14.5994	6.01934	1391.01
-9.59756	1.023	111.155
-14.4344	7.46027	730.94
-14.9708	4.51476	2228.97
-13.6152	4.24571	144.642
-14.3674	2.76209	758.633
-14.6015	1.42684	136.983
-14.8034	5.85563	1320.38
-14.6101	3.9494	2585.82
-14.5957	4.6895	710.391
-14.8032	3.72121	504.16
-14.4911	3.39821	593.42
-14.978	4.96007	2066.34
-13.3285	1.55813	413.293
-14.7578	2.44479	497.381
-13.8199	5.09021	2304.55
-14.754	4.69626	368.067
-14.9903	8.78663	73.3782
-14.9237	-0.451706	311.04
-14.3076	4.30801	784.108
-14.4626	5.66919	2822.35
-12.7386	2.42648	195.362
-12.9174	5.50906	1178.12
-14.85	4.60598	1615.3
-14.701	4.18735	2009.8
-11.8058	4.12043	4.36858
-14.704	6.8674	2519.34
-13.408	4.01329	708.902
-10.0722	2.07503	363.377
-14.9733	6.65157	2013.93
-14.5287	6.58304	1131.38
-14.1196	4.38833	1156.73
-14.9967	6.35017	730.688
-13.4521	3.75154	896.715
-13.641	3.91996	1461.57
-14.5745	5.1604	1779.05
-14.9165	4.02342	2955.43
-12.3218	6.68375	83.1925
-14.809	4.21942	1554.5
-14.1754	5.66175	2195.26
-5.86012	2.27563	165.485
-14.9541	3.36055	2288.89
-14.5233	5.38491	292.384
-13.5414	4.02043	154.062
-12.7971	4.68955	39.2855
-14.8291	3.47869	330.391
-14.438	4.79268	575.349
-13.6066	5.35646	41.6578
-13.8345	2.85464	75.8338
-14.965	4.69893	2830.06
-14.7145	6.35842	837.06
-14.6956	3.61443	2561.84
-12.2893	-3.51786	208.463
-13.7258	2.73797	51.5476
-13.1348	3.522	1171.83
-14.1285	7.26375	63.8325
-14.4759	5.75897	1255.81
-14.3099	4.07123	35.7011
-14.8383	3.03786	328.892
-12.7168	-0.659664	128.769
-6.31376	8.00974	149.619
-13.8793	5.14132	2062.93
-13.5072	4.04522	1411.77
-14.4038	4.53015	2481.84
-6.33629	8.87208	42.2217
-14.4953	3.26117	2861.57
-14.8976	5.03186	135.172
-13.7433	6.28194	741.009
-14.6757	3.22315	1414.03
-14.3495	1.69907	134.906
-14.6261	6.75165	2172.54
-14.5964	5.01658	405.211
-14.8661	6.60585	1431.68
-14.5669	3.74947	608.376
-13.8222	6.1374	762.359
-14.7388	3.917	2102.14
-14.8406	5.54399	168.183
-13.3562	3.69887	135.572
-14.0689	4.0264	2477.44
-14.7354	5.37856	2895.85
-14.8473	7.26679	843.245
-14.9398	6.44831	316.2
-14.4637	3.59665	2159.5
-14.5187	3.60582	469.274
-14.4127	8.36478	1108.95
-14.6933	2.16123	1131.43
-11.5	-1.3825	432.516
-14.2858	3.47758	11.8329
-14.9073	6.15498	1696.12
-14.6732	3.71107	2791.98
-13.9254	6.84697	1793.18
-14.1526	7.40418	989.384
-14.9206	4.99782	2848.9
-13.5454	6.68047	1095.74
-13.7742	3.77503	145.598
-14.4342	3.56134	1940.54
-14.7777	2.72719	1732.03
-14.543	5.81665	832.295
-14.3044	5.52371	1529.64
-12.7691	4.44461	178.193
-14.7497	3.84391	769.393
-14.4988	-5.23159	579.854
-14.5002	5.337	439.523
-14.8498	4.19678	1766.01
-14.602	7.6512	11.8814
-14.3111	5.83502	1694.47
-14.667	6.00664	1364.4
-14.9306	5.44949	1188.78
-13.5423	3.35488	1421.68
-14.9965	3.21626	1517.33
-13.1106	-0.662286	190.794
-13.6514	3.4222	805.664
-14.5069	3.44508	2342.6
-14.5807	3.88397	1918.75
-14.6097	4.92608	1009.47
-14.6635	3.62043	1516.56
-14.3287	3.83739	1850.54
-7.6921	2.70793	232.244
-14.9259	9.7298	239.211
-14.5647	3.04551	374.022
-13.6808	4.18453	224.788
-14.6476	2.52067	112.516
-13.4388	-0.908954	145.051
-14.2433	3.17364	221.955
-14.5261	4.82576	368.956
-14.709	5.88485	866.823
-14.722	6.14927	11.8248
-11.6376	6.71327	33.1445
-13.38	3.79315	1083.7
-14.8938	3.36724	331.026
-14.1679	4.182	2569.18
-12.7411	-2.69963	84.5562
-14.8692	3.96368	2425.3
-14.8773	4.84484	432.452
-13.5738	5.48725	865.788
-14.7316	6.29714	338.277
-14.81	3.49181	948.818
-14.671	6.36148	480.414
-13.3266	5.67724	331.882
-13.7877	5.73508	8.21669
-13.5576	6.36363	104.081
-14.8961	3.44966	128.767
-14.7838	5.22333	2406.53
-14.7281	4.90367	478.722
-14.8735	4.37808	2593.55
-14.9427	5.43026	171.995
-13.7496	5.56584	1935.86
-14.3151	4.65674	1437.91
-14.5296	2.48755	1658.26
-14.4274	4.10344	1424.44
-14.5934	4.28365	1141.09
-14.599	6.36951	2099.59
-14.3346	4.86797	775.032
-13.3722	5.73338	1653.56
-13.3282	6.87952	302.256
-13.2749	12.6291	191.376
-14.8491	5.80128	626.126
-14.8469	4.04738	952.926
-13.6842	5.56342	2269.08
-14.055	5.14787	2414.2
-14.9148	2.96387	227.376
-14.668	3.67939	1372
-14.2795	5.02878	733.504
-14.7203	6.03047	1385.17
-13.9906	3.18028	2343.88
-14.4411	6.25244	279.909
-14.5557	4.88671	1314.78
-14.1532	4.12812	514.284
-14.1338	6.33013	814.981
-14.6012	2.6867	133.173
-14.1739	3.93197	2362.34
9.24422	3.70665	45.0831
-14.8712	5.53736	519.425
-12.7908	3.40924	82.6719
-14.8667	4.38534	1561.46
-14.2602	4.34616	1042.5
-14.1414	3.86634	306.103
-13.208	4.08026	312.175
-14.7615	2.91054	1239.51
-14.8801	3.47144	2291.34
-14.3398	6.24941	117.155
-14.3529	5.92363	267.962
-14.4544	4.71355	1759.55
-14.7742	5.53687	58.9336
-14.3091	2.71312	462.128
-14.3468	4.93704	2546.52
-14.2852	6.22714	1126.15
-14.8823	6.97233	137.918
-14.3179	4.34476	1941.46
-14.6408	3.34943	1569.11
-13.9281	5.78001	1521.51
-14.972	3.90292	638.376
-13.7752	6.22709	821.476
-14.6691	4.06133	1588.26
-14.7665	4.54511	734.018
-14.9537	4.64189	1108.97
-12.6702	4.72169	1252.84
-13.5373	3.27827	777.038
-7.09161	7.28749	1109.08
-14.486	5.21766	271.315
-14.5764	4.27245	1475.55
-14.8779	5.06447	845.118
-14.8236	5.61276	301.866
-13.6424	4.22902	1526.32
-14.0089	0.0292005	154.724
-14.8718	3.1825	560.293
-14.9033	3.58507	131.334
-10.3417	-5.56236	93.5396
-14.7821	3.80285	1323.11
-14.4157	4.60081	1088.56
-14.2394	2.64547	739.315
-14.3039	6.58542	597.033
-14.1648	3.95644	1832.96
-14.9333	3.46328	98.032
-14.5144	4.59425	978.495
4.57843	3.3703	785.407
-13.9724	5.58627	1200.82
-14.3694	3.28416	2599.23
-14.3137	4.13817	214.021
-12.4728	4.49452	58.7063
-12.3541	5.58102	572.706
-9.91787	-3.37579	78.21
-14.1723	4.11102	383.481
-14.944	4.40499	1504.77
-14.916	5.62282	339.551
-14.4872	4.93864	2741.61
-14.3972	2.67018	2131.83
-12.8424	5.29201	1131.32
-14.8252	6.067	1400.38
-14.5888	2.99409	1898.93
-14.4123	3.26502	476.536
-14.8669	3.28158	2507.08
-14.2433	5.10682	398.849
-13.855	5.96323	1686.61
2.08274	0.0803793	275.538
-14.761	3.45106	11.8814
-12.8604	5.96272	224.821
-14.5971	4.90386	684.888
-14.883	9.96612	82.8214
-13.8706	5.44928	642.864
-12.876	4.55747	852.998
-14.1764	2.36902	136.883
-14.7497	5.16432	903.26
-14.6491	5.3711	531.012
-14.2591	1.93361	619.84
-13.7903	3.97414	1329.57
-14.2744	3.87051	805.927
-14.7799	6.80931	71.7573
-14.7222	4.65191	2891.47
-14.6312	5.41393	2599.21
-13.281	1.65022	1445.28
-14.1038	7.75809	586.262
-14.5898	4.16459	1873.56
-13.682	5.01311	11.549
-14.8694	4.22577	510.918
-14.4269	2.69449	82.1391
-14.6484	4.87658	882.417
-14.1425	5.89997	2117.1
-13.7913	3.14138	24.5958
-14.0932	5.59966	120.528
-14.9226	4.53742	1301.94
-14.3889	6.08111	125.887
-14.2244	2.31439	84.7259
-14.4681	6.03381	2150.93
-14.8795	6.38427	416.528
-8.33381	-0.411936	612.074
-13.7997	3.65449	2137.95
-14.6939	5.97579	1206.15
-14.4408	4.41458	1907.56
-13.5045	5.41414	2031.91
-14.7605	4.25698	126.483
-14.0777	4.48441	1124.41
-14.7102	5.31173	606.686
-14.2143	4.28535	1617.27
-13.9985	4.62673	2041.19
-13.6676	3.80348	1213.51
-13.799	3.8075	279.328
-11.7446	4.84693	84.6198
-13.9859	4.97549	100.087
-14.9283	3.31993	824.658
-13.0707	6.08979	1227.74
-14.9359	4.37648	803.033
-14.7057	5.60233	264.713
-14.5734	7.11874	2132.08
-13.1218	-3.45259	47.9522
-14.1325	5.00056	2467.27
-14.5394	6.67026	1416.37
-13.0713	4.77579	821.997
-14.6004	5.52123	920.037
-14.9017	4.86814	192.204
-14.5822	6.06613	535.309
-14.7793	2.56243	2497.93
-14.3518	3.50596	757.43
-13.258	-2.27176	94.8498
-13.9436	7.05873	193.743
-14.9974	4.57144	1837.84
-14.3727	5.20071	746.238
2.30648	-8.48433	1.20717
-13.3756	2.98355	433.199
-14.9897	3.14386	2432.53
-14.1091	2.11387	832.14
-14.8491	5.73363	663.835
-13.8943	1.45901	121.863
-14.4543	8.16551	927.925
-13.2121	6.70718	445.008
-13.3369	0.229466	458.113
-9.43678	5.15985	92.8757
-14.6636	5.62332	811.002
-14.4381	4.09815	1514.53
-13.062	3.85756	1707.45
-14.6818	3.14935	807.077
-14.2216	3.16896	456.395
-14.716	2.61751	842.43
-14.9471	5.12428	1463.32
-14.0014	1.32793	203.373
-14.344	4.87703	1955.21
-14.3222	6.08066	382.876
-14.8756	3.55448	961.165
-14.2485	6.81869	2246.47
-14.0183	5.78985	361.654
-13.1174	2.84121	227.904
-14.0409	4.77745	2029.1
-13.4383	4.27294	534.169
-13.7734	4.57092	2041.41
-14.1374	3.87784	2601.66
-13.8238	6.59532	604.978
-14.1016	7.90086	106.246
-14.3543	3.0074	2605.32
-14.9246	5.98845	1865.31
-14.8685	5.89587	1520.96
-14.01	5.44715	613.302
-14.9322	4.55729	1858.21
-14.9128	4.97003	151.235
-14.9712	4.22929	2747.14
-14.0094	2.71865	197.308
-10.6206	3.04557	311.238
-14.7925	5.81788	2354.53
-13.9586	3.05869	737.685
-14.5536	3.06942	634.919
-9.87455	14.5485	179.914
-14.7653	3.85093	773.515
-14.3607	6.42153	2088.79
-14.6032	3.34479	905.365
-14.7429	4.89739	939.18
-14.9377	3.00392	345.991
-14.2208	4.62055	737.226
-14.8191	5.46685	153.212
-14.1538	1.7483	765.679
-14.7503	4.57303	2290.1
-14.4073	0.733517	207.153
-14.4232	6.68244	691.168
-14.8239	6.18744	1447.04
-14.2867	5.00876	1230.9
-14.693	8.31552	108.421
-14.7945	4.70277	3060
-13.5359	6.20912	218.821
-14.7205	3.3469	685.078
-14.6085	4.85282	431.1
-14.4634	4.09562	1861.93
-14.1736	4.20609	1213.82
-14.0384	6.12406	1773.6
-14.6559	3.16901	265.482
-14.3596	7.24353	245.059
-14.5438	4.22829	2664.82
-14.0698	5.15032	551.223
-12.682	4.13291	206.818
-14.9352	3.42866	402.02
-14.8553	5.20074	3060
-14.8638	3.98266	211.067
-14.828	0.925396	117.893
-14.9049	3.87685	2857.97
-13.5558	4.83483	907.091
-14.1318	5.8645	1.67018
-14.862	5.65021	928.192
-14.3973	3.9331	120.27
-14.4222	2.78242	129.237
-11.3027	5.63753	410.932
-14.1788	2.32733	390.409
-14.6349	3.61148	1144.47
-14.7586	4.16416	718.66
-14.0665	3.35679	786.062
-14.5675	6.74942	1806.82
-9.50707	14.018	113.391
-13.7118	6.39919	287.418
-13.9644	3.26158	1983.14
-14.1081	4.53399	1571.7
-12.7485	4.3561	37.3266
-14.7604	4.68074	2781.44
-11.8278	3.35455	39.2855
-13.8034	2.40065	1472.01
-12.9701	4.17968	1221.06
-14.481	5.21639	1800.34
-14.6266	5.98866	1711.58
-14.0467	5.16775	1289.64
-14.5146	2.05662	149.711
-12.9021	5.89843	102.817
-14.3041	4.20924	425.24
-14.5018	3.84098	278.755
-13.487	3.81203	1597.73
-14.96	4.76947	3060
-13.8045	6.91488	405.472
-13.6258	5.42688	485.366
-14.8536	4.2178	2319.07
-14.1094	3.37223	320.035
-13.7433	7.63255	1517.82
-14.9178	5.09445	1433.02
-14.2939	5.14296	876.679
-14.96	1.8286	1956.63
-14.8262	1.97649	218.511
-14.7515	6.27848	2297.47
-14.06	5.64755	1186.57
-14.7243	5.88516	1918.39
-13.9536	2.83715	2131.73
-14.9975	4.00539	3060
-14.9202	5.00983	92.0502
-9.43484	5.43512	472.947
-14.7763	3.31536	468.977
-14.4445	6.71585	1862.06
-14.9925	5.06869	528.019
-14.7244	4.51211	2350.94
-6.69435	-0.722344	13.0645
-13.5583	3.82616	405.39
-14.492	5.46382	695.082
-14.9533	3.94612	100.238
-13.5838	2.84222	1064.8
-14.6243	4.94937	1675.1
-13.9157	1.90803	733.391
-13.4227	5.00216	1653.19
-14.8193	2.7441	132.783
-12.4408	5.03386	76.5654
-14.5622	0.848842	207.853
-13.9959	1.90549	1186.28
-14.4484	5.10567	2386.39
-13.2756	7.6132	106.935
-14.6322	3.36101	1411.48
-14.35	5.60103	941.67
-14.9368	2.08215	605.809
-13.9903	3.95766	310.9
-14.5091	5.2402	729.816
-14.8117	4.27712	3060
-13.7326	4.69906	118.415
-14.7734	6.48139	469.734
-14.5549	2.56527	2262.21
-14.9116	3.03398	254.687
-14.2348	4.35557	581.13
-14.4123	3.67915	1137.91
-14.9597	5.47255	662.039
-14.7214	4.43988	167.835
-14.1973	3.83403	2290.9
-14.7167	5.64294	571.856
-14.6982	4.22446	933.379
-14.3527	4.97175	678.583
-14.479	3.70445	1414.45
-14.6947	4.59779	483.955
-13.1397	4.53505	571.544
-14.8171	5.38937	359.443
-14.3192	3.457	1608.7
-14.4383	4.91668	1778
-14.2031	4.45467	1585.21
-13.9474	4.47695	1445.47
-14.8554	3.71678	1601.21
-14.1324	5.3956	171.681
-14.2012	4.87279	347.007
-13.576	6.11197	632.475
-12.5622	5.02682	150.438
-14.4483	4.58479	149.525
-14.8472	4.53825	255.204
-14.5613	3.6382	2776.19
-13.8498	4.30429	1596.39
-13.6995	6.16132	754.879
-14.3755	6.30984	2539.21
-14.9291	4.56533	109.928
-14.1959	6.29811	2224.78
-14.6142	5.30205	1133.4
-14.5478	3.33011	2356.43
-13.4238	3.91189	1782.9
-13.7866	6.02536	722.046
-14.9947	3.72238	907.206
-14.9546	4.48966	962.475
-14.8676	3.33101	3020.71
-14.8568	3.76684	1641.37
-14.4335	4.41801	18.6528
-14.8544	4.70228	2395.04
-13.4577	3.16625	1147.26
-14.678	5.67837	2086.38
-14.4446	4.64983	336.09
-14.4851	4.7851	278.333
-13.844	7.98167	159.995
-13.6797	5.38776	191.286
-14.1569	5.28918	39.1961
-14.9684	5.30345	1168.25
-14.7156	3.31608	849.04
-13.4218	6.53135	286.805
-14.1603	7.26369	135.174
-11.2273	5.49428	91.9144
-13.431	4.15522	560.268
-11.8699	4.32306	162.19
-14.9785	4.30468	2455.31
-14.8971	3.81282	2915.82
-14.0264	3.64457	656.396
-14.5631	7.33674	214.03
-14.817	2.78296	594.574
-13.5724	4.29644	2248.69
-14.7273	5.80563	273.794
-13.5402	-4.37767	217.02
-12.2962	4.13619	178.894
-12.7015	3.2203	80.5706
-14.6578	4.09182	518.921
-14.8125	4.74645	3060
-14.6955	11.8544	250.722
-14.6012	6.15875	122.044
-14.6456	5.92295	2928.31
-13.0193	6.18269	1016.5
-13.3963	7.44461	734.085
-14.9348	3.42191	614.025
-7.82348	-3.21472	280.161
-14.8264	3.88532	2000.73
-14.4268	3.77909	1563.3
-14.4031	5.5859	2326.68
-14.9671	3.07425	658.314
-14.7154	6.62663	811.108
-14.5848	4.86686	2895.71
-14.5791	3.05998	184.947
-13.9358	4.98144	1408.89
-14.865	4.25178	823.627
-14.685	3.8219	2521.48
-14.23	5.21054	2104.08
-14.5113	2.89885	1615.23
-14.9613	5.40241	1871.06
-14.5222	7.13213	465.198
-14.4709	3.52695	21.8448
-13.4485	5.72784	1108.29
-14.8565	4.73275	726.932
-13.6566	3.15466	1008.5
-14.1529	7.10435	177.391
-14.6773	5.53168	696.088
-14.4016	5.80164	683.16
-14.4306	0.633825	194.52
-14.7296	4.7388	115.771
-14.7737	5.47525	2059.27
-14.9069	3.82373	2802.84
-14.3925	2.87845	1109.97
-14.2449	5.04573	760.971
-14.4231	3.09206	2331.25
-14.1774	6.45113	2110.04
-14.5105	6.69066	2192.23
-14.1298	4.41642	103.1
-14.9911	5.01799	3060
-13.5758	6.16184	593.433
-14.7687	7.01381	1631.4
-14.679	3.45319	1146.36
-14.4389	4.25374	2243.46
-14.3003	2.95951	1012.31
-14.9639	2.68382	500.683
-14.2701	4.37618	255.58
-14.402	3.12506	483.763
-13.548	1.22524	180.319
-14.6258	4.50802	1254
-14.9321	5.75902	2233.67
-14.3728	5.4787	1643.79
-13.3819	3.56141	735.061
-13.1119	3.75043	1893.68
-14.3516	4.95151	254.139
-14.6262	5.56229	2519.2
-14.8628	4.04725	828.488
-14.898	5.43117	685.644
-14.9725	5.18132	840.122
-14.1588	2.82826	86.4305
-14.96	6.33197	645.528
-14.0869	5.486	1191.57
-14.9959	1.79801	131.005
-14.3818	6.45262	2252.65
-14.85	1.87296	834.267
-14.5444	3.09773	605.612
-13.8938	7.43069	138.999
-14.312	5.4434	665.87
-11.7401	0.95715	20.9524
-14.3509	5.53726	2675.62
-12.9394	5.36221	245.5
2.05326	6.13112	12.5912
-14.7764	5.42732	2952.15
-14.2194	3.55836	376.466
-14.7979	3.57788	2024.04
-14.4263	4.42502	321.057
-8.26082	-3.07577	44.1407
-14.8166	4.48285	2280.21
-14.4959	4.32866	315.66
-9.22137	-9.44283	134.429
-14.298	5.75496	735.588
-14.2259	3.65606	1997.34
-14.6527	4.14867	2813.56
-11.2785	-13.0406	34.7432
-13.6941	4.05322	2045.5
-14.803	2.47291	840.059
-14.0411	5.1277	2402.73
-14.5273	6.31227	518.427
-14.1986	2.8807	1204.5
-13.0517	0.930551	262.879
-14.3086	2.47579	585.845
-13.9296	3.53982	34.7432
-14.8054	4.01751	2968.49
-13.8754	6.86878	1664.45
-13.4159	4.56753	34.7432
-14.6631	3.51653	2119.06
-14.636	4.30864	1800.67
-14.2642	6.7776	791.591
-11.04	1.77237	461.009
-14.9467	3.99873	3060
-13.2203	2.66742	600.387
-14.2836	3.02214	134.176
-14.393	5.64403	849.321
-14.7244	-0.786942	177.353
-13.8816	4.98253	1735.59
-11.3357	-0.0438913	513.881
-14.5152	3.02639	259.9
-14.8206	5.83471	3060
-14.3772	5.3761	2106.87
-14.9431	4.75811	982.473
-14.6624	5.25948	2787.02
-14.7242	6.23515	1128.64
-14.6848	4.17489	1899.41
-13.7089	3.21382	2078.43
-14.7629	6.23196	433.21
-14.8129	4.24555	2786.81
-14.7373	4.68953	1501.33
-14.3784	2.07561	304.74
-14.0791	2.37985	161.341
-14.834	5.2811	933.466
-14.4152	4.37029	266.173
-14.2534	6.38979	1016.51
-13.8844	3.82926	119.032
-14.9863	5.63267	797.858
-14.4205	4.40837	537.504
-14.8372	4.21716	2343.63
-14.7579	5.40113	1249.58
-14.9148	5.44438	210.285
-14.0881	10.5803	539.832
-14.9321	5.40519	368.81
-14.0041	4.84267	2128.95
-13.9639	3.89758	721.373
-13.9395	4.07721	1163.19
-14.9261	4.96723	364.188
-12.9374	5.02409	611.08
-14.9806	6.05639	1304.45
-14.7745	2.72824	1819.96
-14.747	3.88358	2943.06
-13.8426	5.54702	902.235
-14.0972	2.10256	114.841
-14.9165	2.35818	754.115
-13.9867	5.74366	409.286
-14.5203	4.03346	654.235
-13.6586	3.53958	1527.9
-14.8831	5.38045	672.784
-14.938	5.09184	1739.02
-14.9581	3.15416	1049.04
-14.2292	5.53239	783.279
-10.3566	6.48964	123.89
13.2627	-7.33894	454.637
-14.7416	6.70904	111.283
-14.9294	2.68569	573.151
-14.8998	3.48332	65.7719
-13.3782	5.19828	504.035
-13.2772	5.3694	798.023
-14.2873	5.45664	2006.77
-14.4321	2.89766	697.427
-14.4118	4.7598	2595.04
-14.8304	5.25191	351.3
-13.4454	5.07531	967.224
-14.7723	6.92087	111.518
-14.2819	4.6269	826.97
-14.5375	4.78415	1471.22
-14.0467	4.54117	786.702
-14.8452	6.35372	113.947
0.0631462	6.08029	106.726
-14.5083	4.59713	98.9814
-14.191	5.46789	1985.28
-13.8918	10.9095	122.474
-14.2503	7.17468	318.804
-14.6001	4.21738	2776.06
-14.3573	5.6315	2579.79
-14.98	3.74812	636.073
-14.4047	4.28307	307.667
-14.7564	6.57534	506.2
-12.1102	7.96207	72.7893
-13.4425	2.93208	210.983
-10.5157	4.68399	254.716
-13.2191	6.20446	776.968
-14.3432	5.82747	2293.64
-14.0303	2.84992	107.702
-14.1286	6.83254	78.4302
-14.0813	5.76868	1934.82
-13.7043	2.20187	161.109
-13.2894	6.07243	1508.26
-14.6711	2.81451	1962.15
-14.1727	6.56502	1024.55
-14.4947	5.54581	2807.73
-14.6987	3.11617	389.529
-14.5129	3.57097	1120.39
-13.5282	5.28788	954.368
-14.4801	3.35034	287.68
-14.4213	5.94415	726.302
-14.8962	4.12242	2792.29
-11.0913	9.56618	106.857
-14.1337	4.44307	2475.18
-5.64502	-3.17317	597.973
-14.4571	5.08693	2241.13
-14.8661	4.48233	1923.41
-14.9762	3.9741	2169.62
-14.9675	4.44685	805.221
-13.6895	4.5197	2295.29
-14.8341	2.89098	362.062
-14.3966	3.86229	389.82
-14.8893	4.95237	1281.09
-14.201	4.71396	77.5927
-12.8294	5.81547	140.119
-13.7013	2.10739	118.91
-13.2533	4.32568	1319.11
-13.7015	5.16424	1879.44
-10.6486	5.68098	187.47
-14.7596	4.84946	332.835
-14.6266	4.30359	1233.83
-14.6428	5.02929	1843.14
-14.8836	4.82025	2143.76
-14.7987	4.32996	1561.96
-14.5763	4.75086	757.908
-14.817	6.57877	218.043
-14.8837	3.20464	295.596
-14.9467	4.02934	836.715
-14.1503	3.31566	599.706
-14.5466	5.27039	1334.19
-14.7049	6.43836	1040.32
-14.0963	4.38466	1814.72
-14.0199	4.65937	91.6031
-13.6936	5.55896	1210.64
-14.9368	4.47855	1427.74
-14.9575	3.27975	1755.16
-13.8719	5.66106	2330.11
-14.9629	5.236	2174.93
-14.148	2.70829	198.898
-14.6156	4.32957	1312.04
-14.6362	5.85983	469.303
-14.9474	3.82622	471.244
-14.9335	1.14093	664.572
-13.4948	9.2149	94.0196
-14.6481	4.08653	857.003
-14.2809	4.33844	2517.53
-14.82	4.11114	2072.91
-14.7221	2.93475	2139.43
-13.7384	3.22049	989.279
-14.5551	4.44132	2668.45
-14.1722	4.74932	420.357
-14.5651	5.46312	2364.63
-14.7858	2.12043	91.8966
-14.9015	5.41459	11.7258
-14.5355	5.68577	819.372
-12.997	5.61319	240.802
-13.1396	5.96133	102.899
-7.63933	2.00953	329.113
-14.019	3.43994	1377.88
-14.5145	3.79984	1176.2
-14.0805	4.30296	492.071
-14.9387	2.6485	2729.01
-14.9983	3.54971	322.427
-14.8782	1.31124	1089.09
-14.48	5.23589	1812.37
-13.2462	3.84109	1887
-11.6288	7.71882	140.291
-14.2755	4.23496	2760.94
-14.7812	5.48926	2152.18
-14.7063	3.1159	2877.67
-14.5039	2.20672	167.866
-13.8049	5.85691	156.845
-14.3765	3.37674	1255.96
-13.5491	3.14909	1641.54
-14.9405	4.05343	799.479
-14.1338	6.06702	942.721
-14.5108	4.58796	34.7432
-14.5964	5.12462	1718.28
-14.9893	10.0919	166.286
-14.9135	3.12055	1312.08
-13.9176	6.84254	818.616
-14.3634	3.5273	644.112
-13.8054	4.91388	1342.6
-14.8973	3.95941	155.57
-14.0294	4.78936	1222.9
-14.8061	4.15782	1135.17
-14.4326	2.65587	1185.59
-14.8773	7.02259	1668.51
-14.1584	2.96417	1353.62
-14.875	2.51458	2597.44
-14.9851	4.68298	2267.24
-14.2208	2.7907	192.379
-14.2364	5.79186	207.869
-14.9485	4.70707	656.78
-14.9938	4.61454	2407.94
-14.4696	6.9197	1377.64
-14.1302	3.87237	1564.31
-14.8299	3.72433	2227.36
-14.2434	3.38364	2022.16
-14.6015	3.72374	1309.54
-14.1902	2.56172	1059.47
-14.6685	5.49471	1346.21
-13.5099	1.85179	594.537
-14.3346	4.23823	2057.23
-14.8356	5.57286	3060
-14.3206	3.36621	1261.7
-14.9881	2.36511	1594.78
-13.349	4.03052	36.4346
-14.0088	13.703	121.115
-14.729	6.2481	1399.04
-14.4578	4.90583	330.033
-13.0132	5.47313	34.7432
-14.9218	4.06627	1982.36
-14.7834	5.61981	1387.2
-12.7765	5.41446	1279.88
-14.9101	4.64319	1154.74
-13.3251	5.39767	321.584
-13.7242	6.06412	114.2
-14.8789	2.75807	2459.08
-13.5723	4.31368	1152.37
-14.8961	5.50482	475.356
-5.87073	11.1251	212.583
-14.9393	2.13744	386.733
-14.2828	3.56843	176.904
-14.9288	2.38059	514.749
-13.872	2.10234	690.688
-10.8327	3.88018	170.479
-14.5758	4.33925	446.502
-4.41018	12.3616	21.2883
-14.2177	4.1553	792.261
-14.2832	2.60094	1540.07
-12.0238	9.65516	508.113
-14.8214	3.45568	393.972
-14.9274	4.57288	2812.46
-14.4957	3.66174	1387.46
-14.6466	5.14471	1167.62
-0.547363	8.9159	662.547
-14.9518	4.74952	2923.86
-14.8204	5.47789	2437.17
-14.7628	6.99891	1328.69
-14.0871	6.53922	343.867
-14.6361	6.81666	830.93
-13.7369	4.87412	287.625
-14.5122	6.43521	895.299
-14.8565	5.61435	74.0962
-14.5358	2.65445	2602.09
-14.931	2.86714	1605.79
-14.3521	2.80669	1312.07
-14.9257	5.93493	123.804
-14.7191	3.04231	1635.89
-14.9934	5.37637	1811.8
-14.8992	2.28288	301.888
-14.3231	4.45642	2683.23
-14.9389	7.38685	1133.09
-14.9957	4.42085	2935.53
-14.085	5.82374	1779.17
-14.9153	6.16293	1497.69
-14.6071	4.10561	2766.12
-14.99	7.30473	1533.51
-13.8465	5.27095	1536.38
-13.7794	4.32078	1610.96
-14.6311	3.57651	582.879
-12.871	2.39593	775.772
-14.883	6.79305	116.875
-12.316	3.81949	148.84
-14.5777	2.96856	871.708
-14.3705	3.93254	303.055
-14.9941	4.30225	222.55
-14.6826	5.49098	113.971
-14.8837	3.90261	1461.27
-14.2553	4.01804	1858.59
-13.7825	6.15193	1202.21
-14.2367	4.39104	2497.05
-13.479	2.10036	1374.44
-14.6277	5.82602	2339.24
-13.4468	1.97021	520.908
-14.9024	2.97435	139.499
-14.7504	5.11256	1945.41
-14.6304	4.2088	834.223
-14.2288	3.34002	210.776
-14.4778	4.03425	155.514
-11.079	-2.64802	252.681
-14.7443	3.17243	832.628
-14.3831	2.4789	163.339
-13.4651	6.40791	1045.09
-14.2722	4.24145	118.324
-12.1752	4.24627	145.783
-14.9159	2.92106	2941.34
-14.025	4.92543	1772.44
-14.6714	5.71422	372.889
-14.8118	3.21348	740.743
-14.1751	3.03509	703.925
-14.1782	5.75271	1148.65
-12.4804	4.51529	563.542
-14.4438	6.17318	9.44618
-14.4406	4.25761	113.703
-14.302	6.03135	137.204
-14.9091	4.22146	1946.99
-14.9434	4.35431	1056.29
-14.8909	3.04913	734.187
-13.0397	4.96898	1256.34
-9.89767	4.07705	152.153
-14.0144	3.53053	1110.36
-14.8972	4.30597	546.518
-14.4162	6.35483	27.2047
-14.5545	6.2441	1380.86
-14.5827	4.00859	109.609
-14.7428	5.52702	1678.06
-14.5316	5.08273	2680.08
-14.9319	3.35197	11.8329
-14.4924	6.54053	1719.59
-14.1857	3.13299	1460.3
-14.4627	4.40263	651.638
-13.5148	4.80535	920.158
-14.2198	3.54364	60.9515
-14.8481	3.23516	386.311
-13.5942	4.90813	539.485
-14.5822	3.15733	1243.15
-12.5694	3.14529	137.399
-14.6848	5.7538	605.73
-14.8336	5.98368	2151.28
-14.1212	6.23852	489.077
-14.1128	3.80931	174.851
-14.7181	4.15002	667.36
-12.5088	4.6584	949.401
-13.9113	5.46813	257.773
-14.6649	5.68137	544.028
-14.8415	5.17796	1454.92
-5.04695	-10.2551	178.846
-14.0682	4.79472	1588.43
-14.187	4.54364	2089.33
-14.5699	4.82911	743.891
-14.5598	2.98788	1941.3
-14.8332	2.37793	874.851
-12.5811	3.60053	189.747
-13.0207	3.69652	833.614
-14.4623	4.24619	2074.81
-14.9082	2.25702	1658
-14.9299	3.22282	2622.31
-14.5265	1.04494	53.7433
-14.7568	2.30514	108.281
-14.9697	4.1427	203.865
-14.7277	3.52705	674.345
-14.1129	3.71723	2256.62
-12.8788	6.25919	188.617
-14.3485	3.45738	625.049
-10.2455	-7.45309	286.39
-14.3797	5.80332	518.807
-14.0863	5.32122	969.717
-14.0097	5.60098	1341.38
-13.1178	3.92556	764.644
-14.3327	3.83104	1536.43
-14.7064	3.57172	151.173
-14.0933	7.05186	119.438
-14.5128	5.70063	340.036
-13.8656	6.40759	524.389
-14.4779	4.57677	2632.53
-14.4679	6.66868	1865.25
-14.8787	4.95257	805.371
-14.8622	5.11759	1189.88
-14.7033	7.38266	1372.53
-14.8659	4.67081	1987.18
-14.6823	5.4341	370.265
-14.675	4.53992	577.869
-13.7071	3.55605	681.594
-14.6884	6.18729	407.823
-13.4556	6.38507	1469.24
-14.4164	3.61122	1343.3
-14.4836	3.52236	1331
-14.8316	5.30252	1388.99
-14.4583	4.9139	124.348
-14.4076	4.47304	1513.41
-14.9383	3.9379	4.82666
-14.5848	7.17744	419.078
-14.1753	2.59745	363.228
-14.941	5.88989	299.567
-14.6269	2.13907	131.457
-14.3982	3.93709	453.888
-14.87	6.31246	2015.17
-14.7679	3.40541	1670.32
-14.6546	4.86249	593.268
-13.6507	11.642	105.182
-13.7005	4.80283	104.632
-14.106	6.04444	126.603
-14.9603	2.81301	2916.13
-14.0555	4.16366	2443.88
-14.7723	3.15703	2832.68
-14.171	3.08202	303.298
-14.1744	4.4871	537.257
-14.8853	5.44605	679.45
-14.4425	2.75012	568.2
-14.9652	5.56367	2183.94
-14.5917	7.3886	101.237
-14.871	4.63394	2027.41
-13.9694	2.74166	1724.44
-13.8461	2.62154	1170.62
-11.1025	5.0953	253.24
-13.402	3.88906	162.823
-13.8229	5.08049	225.494
-13.2727	3.40775	233.42
-14.3436	4.15638	2534.33
-14.8836	4.16027	497.238
-14.0681	5.57093	1657.06
-14.5306	5.15593	137.109
-13.4028	6.92252	843.976
-14.6484	4.29145	2121.82
-14.1204	4.85905	2144.57
-13.9403	3.68307	2243.1
-14.5902	3.23896	457.349
-14.956	5.64048	417.169
-14.8427	5.49703	136.182
-14.5135	6.35	923.563
-14.3002	6.2731	344.692
-14.7386	5.85335	757.821
-13.6544	2.86208	1082.48
-14.6566	3.91474	2621.7
-14.9363	0.231316	125.139
-13.2568	3.55956	779.054
-14.0878	2.98377	2176.07
-14.288	4.58877	1196.15
-14.4659	3.74968	366.881
-13.1029	7.16475	999.59
-13.3501	4.04109	932.72
-14.9805	2.96258	191.072
-14.5572	1.89325	417.214
-14.0635	5.47772	158.32
-14.9733	4.19545	1350.88
-14.9269	5.70372	3060
-14.6883	6.36145	1842.47
-14.5395	5.80578	594.435
-14.9177	4.52985	435.012
-14.5163	7.48054	920.9
-14.5606	5.48796	315.543
-13.7209	4.5246	1535.75
-9.82116	6.30202	90.5747
-14.3233	5.06053	1755.7
-13.3157	4.76374	347.2
-13.8835	3.84737	2089.99
-14.0623	4.59569	1868.42
-14.2654	4.35561	837.952
-12.1779	8.64327	101.741
-12.1887	5.45969	94.4623
-13.9373	3.57816	1967.68
-14.3467	5.45527	251.642
-14.1492	4.6127	654.892
-14.042	5.51276	824.05
-14.164	5.62336	1739.49
-10.9204	-10.0927	55.9356
-13.2557	3.95742	796.148
-14.8765	4.5242	514.194
-12.8816	6.26151	486.353
-14.9411	2.37364	2813.12
-14.0702	4.89206	1000.03
-14.396	5.32316	903.016
-14.2891	4.09182	1146.38
-14.0203	2.69408	1220.52
-14.995	3.98226	520.893
-14.729	3.97397	2668.89
-14.9745	5.19215	2210.77
-14.1196	2.90064	1491.1
-13.5159	5.41435	256.543
-13.1214	5.212	433.768
-13.8591	3.34085	98.3214
-14.1289	5.4348	1821.48
-14.3351	3.50383	2409.86
-14.776	3.10873	1194.06
-14.5846	13.3086	336.3
-14.7124	4.07829	336.139
-14.1041	7.00143	355.971
-14.9783	6.20476	3060
-13.4303	3.43372	146.777
-14.3359	6.09802	282.616
-14.9866	3.96878	123.784
-13.0095	4.68735	468.288
-14.6756	2.46731	2460.68
-14.9108	2.84709	1612.45
-14.6174	4.8169	1899.98
-12.6823	4.19261	0.359683
-6.73513	11.707	8.33872
-14.8544	3.52693	1634.59
-13.5968	2.94416	127.432
-10.2927	7.86177	114.15
-13.9438	4.15086	1341.28
-14.902	7.52541	1687.65
-14.7701	4.62046	920.544
-14.1983	3.89639	912.937
-14.8106	4.62471	577.203
-14.6672	3.59902	1591.08
-14.9856	3.67071	362.429
-14.8814	2.69976	1356.54
-14.5221	3.84645	532.126
-14.6565	5.28898	2212.41
-14.6242	4.0221	666.608
-13.7086	1.7385	1456.85
-14.7003	4.9002	595.253
-14.0911	3.20152	1428.54
-14.7854	6.91093	514.437
-13.5665	5.48827	163.04
-14.7665	3.88207	716.732
-14.9072	3.66244	2648.23
-14.6475	3.71602	1316.1
-11.0869	1.74416	226.374
-13.3855	4.8777	808.102
-14.0702	0.771282	558.034
-13.9435	6.94321	1051.57
-14.4572	4.00135	2228.61
-14.9485	7.03343	150.833
-13.8629	6.23814	272.84
-14.5558	3.99624	478.993
-13.5701	6.91109	884.511
-14.1135	4.58587	923.68
-13.8235	4.12754	2349.66
-14.7472	1.85699	768.974
-14.6391	5.89399	1078.71
-12.9177	5.07381	172.862
-5.43926	3.50417	39.2673
-13.8068	4.86372	1984.5
-13.9162	5.95786	133.264
-13.8252	1.92507	1166.21
-14.0668	5.97815	1447.03
-14.9272	4.99379	184.068
-13.7732	3.24183	1924.15
-14.2794	4.17235	2377.83
-8.65951	3.98525	15.2428
-14.4218	2.85761	2313.33
-14.107	6.34966	128.905
-14.9966	3.91334	127.12
-14.5795	3.3366	1788.18
-13.3118	4.65992	1575.96
-14.1847	5.04803	57.2969
-14.641	6.20556	2122.8
-14.5569	4.75	1925.59
-14.454	2.174	116.735
-14.582	5.05247	597.024
-14.8766	3.52915	690.825
-14.9617	4.86654	1177.25
-13.7162	4.13609	94.503
-14.0756	5.29839	944.681
-14.6427	3.50483	570.212
-14.8703	4.57931	606.748
-13.7884	3.45137	2183.21
-12.6691	2.10007	1056.39
-14.6613	5.32024	503.007
-14.4325	2.19144	2012.13
-14.9872	3.53512	2685.43
-14.4285	1.11149	277.859
-14.8788	6.6767	67.7016
-14.7968	3.33613	218.037
-14.9997	5.82223	723.735
-14.4061	1.61306	528.345
-14.7612	6.25623	593.05
-13.7439	1.89809	1619.7
-14.4016	4.56119	608.149
-14.9882	4.87359	1869.32
-14.6309	-0.702069	266.805
-14.2612	4.32912	2570.96
-14.9672	5.17559	1719.28
-14.5205	2.58987	2089.83
-14.6813	3.76042	436.829
-14.0611	4.17985	2388.74
-14.4213	0.994426	58.9666
-12.8997	6.89909	30.6599
-13.2128	5.45873	995.812
-14.5165	4.17022	2205.64
-12.7091	4.0945	927.78
-13.9493	3.97675	436.336
-14.6709	4.62522	143.905
-13.8993	5.68616	1002.69
-14.7687	4.25044	555.09
-14.0813	3.8533	34.7432
-14.7465	4.48187	614.486
-14.4211	5.80953	247.687
-14.1316	5.06611	591.29
-14.7343	3.2263	2407.16
-13.3887	4.7052	1869.69
-15	5.87475	532.734
-14.6768	5.69404	116.267
-14.7567	5.14453	225.189
-14.9227	5.20807	143.669
-14.5454	4.14694	35.1121
-14.5403	3.06251	1193.55
-14.822	6.36888	91.0256
-13.512	-0.377258	5.67211
-13.2877	3.88652	1725.98
-14.9873	5.49047	1980.21
-14.0531	5.56891	665.407
-14.7574	4.87474	1965.36
-14.602	5.80849	1892.89
-13.1756	3.40701	139.034
-14.6953	5.68488	277.855
-5.07746	0.395458	177.255
-14.5524	4.35349	1532.23
-14.4644	4.79598	2037.58
-14.9043	3.94979	1102.99
-14.7309	5.28266	1352.39
-14.8952	3.8205	488.608
-14.7274	3.93138	2205.29
-14.6368	3.4685	1303.63
-13.445	5.41161	1990.92
-9.03611	8.05694	345.593
-14.8739	2.87562	1480.51
-14.0344	3.7729	2380.76
-14.7316	2.47339	641.799
-14.3742	2.9244	2398.75
-14.7565	5.15316	883.487
-14.0092	6.33214	1866.99
-13.6836	3.2901	639.916
-9.3154	0.830361	401.958
-13.6482	4.49932	2143.63
-14.4483	4.81541	854.594
-13.8868	3.63378	1464.86
-14.563	5.00074	1710.38
-14.1025	4.64306	72.3554
-6.7296	8.22768	653.026
-13.9854	4.12719	606.438
-14.1568	2.6558	2043.55
-14.6988	4.6072	2568.63
-14.3145	2.81264	1456.92
-14.5663	1.37538	619.962
-14.7258	6.66761	378.003
-13.3793	2.04615	1249.88
-14.6107	4.74417	390.812
-14.8598	6.00713	220.249
-14.0659	5.62995	1975.36
-14.5073	4.46828	841.696
-11.9521	1.31159	111.112
-14.6528	5.93947	396.42
-14.6601	3.81126	2575.09
-14.6374	3.36025	291.644
-14.7717	4.21401	2950.5
-13.6115	6.75871	641.799
-14.0824	6.20715	2025.28
-14.9998	2.4473	2325.35
-13.2602	0.699673	136.541
-14.6902	4.26855	1112.57
-14.5474	4.66253	423.22
-14.9463	7.18383	1989.32
-14.9394	3.45008	130.003
-14.0673	4.53076	1907.31
-14.1565	4.06449	62.4723
-14.3447	6.69485	316.191
-14.4096	3.7433	1213.22
-14.6339	4.80457	1203.07
-11.5586	4.82068	174.14
-14.4595	5.18127	82.9916
-14.7558	5.48706	1930.27
-14.9386	5.30554	1182.18
-14.8955	4.97181	897.706
-13.9925	5.60682	1436.08
-14.5834	4.39359	2008.89
-14.6686	4.2756	1660.81
-13.8179	6.80953	1069.29
-14.6399	2.62016	1924.53
-13.2393	4.90266	142.64
-13.9804	3.36154	1223.12
-14.2558	2.87941	148.846
-13.8212	6.53625	934.924
-13.7768	3.8063	2046.16
-14.9914	4.81051	107.98
-13.3791	6.84892	1659.52
-14.8881	3.06066	2395.15
-14.3876	6.73823	2018.32
-13.5525	6.15811	1536.09
-14.6949	3.70709	1864.91
-14.9585	6.78576	1130.39
-13.9593	4.46652	1586.94
-14.8895	2.57694	237.482
-14.7009	-0.448948	66.4874
-14.9762	5.84636	2104.91
-14.3435	2.95872	984.981
-14.2162	2.43379	160.449
-13.0361	3.92726	892.723
-14.9735	4.24185	1525.85
-14.5928	7.05579	630.263
-14.8884	6.10053	2024.63
-13.7375	0.404345	64.1673
-14.8654	4.15565	208.474
-14.9457	2.83973	1290.65
-14.5264	5.05726	1487.56
-14.8174	5.76613	333.222
-13.7241	4.35927	640.39
-13.9886	5.54228	1044.28
-12.017	3.08188	141.525
-14.2695	4.21247	307.936
-14.267	2.14006	115.267
-14.7085	6.07196	2472.58
-14.7994	3.85504	296.374
-14.6416	3.01659	2190.61
-14.8716	2.97222	2809.22
-14.3276	5.91111	618.789
-13.7898	6.1064	1099.83
-14.5508	2.31846	489.957
-14.7813	3.01167	2060.27
-14.6489	6.03969	2524.43
-14.4338	4.27207	1170.1
-14.5175	2.41229	441.221
-14.9631	4.9387	95.6612
-14.4837	3.75887	1926.01
-14.5073	4.79575	717.514
-14.7577	3.61564	2384
-14.699	4.22348	980.438
-13.9856	4.64754	2396.6
-14.7377	4.56059	2590.52
-13.2723	4.58895	264.191
-14.7768	3.68216	1954.2
-13.2457	6.29031	1068.16
-14.6712	2.2376	177.119
-14.9067	2.04593	1097.82
-14.5518	5.38278	1524.43
-14.5657	3.71824	887.97
-14.439	2.01328	908.773
-14.4397	4.47393	989.247
-14.8854	3.7192	287.221
-14.4486	6.32796	270.024
-13.9614	3.74039	727.52
-14.3459	3.84598	846.908
-14.3376	6.36384	445.152
-14.3716	2.42466	268.012
-14.7545	2.74206	886.674
-13.513	6.18433	1319.19
-14.6116	4.29169	123.666
-13.6074	4.54649	1080.8
-14.5847	4.70003	1419.3
-14.2083	4.00496	2384.83
-14.1352	4.71393	1065.02
-14.4864	5.02926	1493.78
-3.69283	3.53121	201.447
-14.455	1.48842	240.908
-14.5641	2.67831	537.85
-14.1661	3.19762	1025.08
-14.5292	4.64033	1949.39
-14.7141	1.11233	240.573
-14.4585	3.69929	339.437
-13.7295	2.48276	410.515
-14.8901	6.93439	2187.77
-13.9339	3.01821	36.5066
-14.9581	4.47199	3060
-14.1268	4.88717	2484.7
-14.5192	5.77833	1288.33
-14.0145	4.5444	286.613
-13.7292	5.26785	962.055
-14.4324	5.8526	329.474
-12.7019	6.07972	136.029
-14.7895	6.09057	320.549
-14.8865	4.67122	467.819
-12.946	6.90602	39.2855
-14.9565	3.58753	395.944
-14.013	2.09499	2062.19
-13.4511	2.55974	618.936
-13.8311	5.42283	1956.84
-14.9239	3.13252	264.635
-13.6151	3.9352	1179.55
-14.708	5.81501	1158.22
-14.9122	5.85751	491.465
-14.5301	6.88098	124.13
-14.6918	4.10614	1793.94
-14.1397	4.96587	2376.36
-14.9659	2.43004	876.473
-14.2316	2.04058	98.3119
-13.954	5.45853	386.207
-14.2092	5.24244	2365.71
-14.8062	6.57614	2643.55
-13.8713	4.76458	1963.28
-13.2323	5.31575	985.102
-13.9712	6.49294	442.449
-13.2092	5.59551	1564.37
-14.8043	3.56777	366.904
-14.5891	3.89509	12.1364
-14.4031	3.37493	1513.75
-14.7535	5.93749	720.559
-13.4076	2.76788	801.257
-14.9196	3.36739	230.898
-14.1132	7.17308	70.1332
-13.9992	3.47392	2343.81
-13.4457	3.80853	1426.23
-14.1132	5.77223	600.629
-11.639	7.84422	175.542
-14.5116	5.59406	500.086
-14.9946	6.94421	406.781
-14.3697	6.54872	1215.21
-14.8464	5.61872	2222.27
-13.5753	-10.9755	203.861
-14.9992	3.50278	279.904
-13.2286	2.65477	1028.89
-14.4961	3.70981	767.976
-14.6707	2.87483	2473.15
-5.20355	7.12068	204.046
-14.6784	6.23194	371.639
-5.8614	8.46156	154.282
-14.2221	4.77685	125.541
-14.6684	4.23063	133.142
-14.8724	5.08009	2714.05
-14.0931	4.75952	1008.24
-12.3275	-1.88144	178.965
-13.7797	4.67331	1078.9
-14.3149	2.65699	1958.25
-14.3582	6.29799	2160.97
-14.9101	4.80934	409.498
-14.4562	5.69453	108.905
-14.8418	2.52364	343.722
-14.6806	6.21891	715.151
-14.5261	2.71809	94.3829
-13.81	4.84914	1001.07
-13.9238	6.25631	573.893
-13.4996	5.52639	147.255
-13.6745	3.90845	45.6742
-14.5809	3.17841	109.57
-14.4746	5.30446	122.054
-7.83987	-5.46692	144.604
-14.8357	3.24598	2118.08
-12.9933	4.64503	1365.21
-14.9397	2.24099	2312.63
-14.9358	6.24882	1236.02
-14.5313	4.17036	2101.29
-11.4969	8.34221	130.56
-14.0778	6.75259	1534.12
-14.2719	3.61629	853.455
-13.9091	4.81682	1140.11
-14.3021	4.19024	2526.42
-14.9501	3.92431	693.024
-14.6244	3.41715	1590.43
-13.2477	5.15261	138.796
-14.9117	4.05333	3060
-14.9454	6.83293	1090.49
-13.3087	3.59409	1401.09
-14.8789	5.78049	614.988
-14.824	4.87021	225.649
-14.9553	6.14681	104.053
-14.6911	3.40566	1422.58
-13.4114	3.37028	217.632
-14.587	2.63037	383.334
-14.197	4.23936	1963.01
-14.1501	7.23791	68.0413
-13.8144	4.57393	1726.89
-9.95113	0.428936	9.67479
-14.5117	5.16505	512.886
-14.9739	4.13997	1176.84
-14.3809	3.77966	523.013
-14.479	0.691894	94.2147
-13.884	4.72915	237.772
-14.5722	4.6228	956.816
-13.8168	3.99916	1795.25
-14.8394	4.29358	205.877
-14.2793	5.37403	1317.63
-13.092	1.87437	391.394
-14.8839	5.67596	11.8329
-14.1633	0.254649	33.2845
-14.9069	5.15724	1646.24
-14.6356	3.64675	1378.14
-10.8479	7.43823	1147.22
-12.1441	9.95409	44.9892
-13.6744	4.98756	1241.83
-13.5662	4.80713	1114.79
-13.5188	6.14794	409.689
-14.8815	3.72612	1626.31
-14.6095	2.7741	1675.32
-14.4212	3.97795	2072.16
-14.1281	2.46804	163.458
-13.5571	3.65421	1222.86
-14.1876	4.88917	1089.98
8.19602	10.6247	159.633
-14.5223	3.26792	340.211
-14.519	3.65532	1959.13
-14.8849	3.32586	109.9
-10.3417	1.7328	116.816
-13.9035	4.96387	102.145
-11.4229	8.54107	189.227
-14.132	4.17209	1656.31
-14.9103	6.31208	2902.72
-14.9233	3.99787	790.042
-14.9568	3.28542	2894.1
-14.5262	5.85882	596.791
-14.631	5.23956	984.162
-14.2705	7.961	84.3924
-14.7686	2.06626	535.728
-14.0121	6.06843	120.276
-14.4956	2.97403	881.979
-13.971	3.79082	130.691
-14.9963	4.38637	60.46
-14.5198	5.91751	322.348
-7.95267	9.77059	9.91944
-14.3425	6.98669	1283.85
-13.5436	5.53659	2069.42
-14.9313	6.26595	116.258
-14.6116	2.61184	1424.8
-14.6018	7.06243	1916.6
-14.8403	3.47874	956.91
-14.8223	5.09618	2543.11
-14.8764	3.83171	909.219
-13.1612	5.64892	878.67
-14.411	4.45066	1120.61
-14.9595	3.33458	121.524
-14.9123	4.69865	135.182
-14.3925	5.0217	2717.78
-14.1654	5.13017	936.622
-14.409	4.45364	92.3329
-14.6248	3.42741	1061.48
-14.913	2.97922	1636.43
-8.25244	-12.5798	62.6419
-14.203	4.35799	1031.2
-14.469	3.87049	1613.48
-14.0048	3.59461	36.3035
-14.0726	4.53002	1961.91
-14.8086	4.87632	585.407
-13.803	3.00851	1431.15
-14.6234	6.19115	2257.94
-14.2937	5.41821	2758.47
-13.9448	5.13654	273.656
-14.6267	5.49197	429.637
-14.5079	6.67356	2041.61
-14.3113	4.24329	2320.94
-13.689	5.07293	1341.41
-14.9886	3.2133	213.789
-14.7839	5.61513	2704.4
-14.7449	5.6434	2958.34
-14.7997	4.82454	2829.07
-14.134	3.47237	198.653
-14.3358	5.07231	1829.97
-14.2331	6.40866	483.628
-13.923	5.69292	1067.59
-14.5783	6.49183	2601.35
-14.5916	4.00813	803.462
-13.8902	4.56874	1721.99
-14.3179	3.74213	1357.06
-14.8881	5.02016	964.97
-14.0324	3.56828	281.834
-14.9846	3.58122	164.659
-14.899	5.41894	329.274
-14.8721	4.59123	2946.5
-14.8988	4.83857	193.864
-14.8931	5.44338	1671.42
-14.8662	5.26111	2675.42
-12.9615	-4.58735	58.8768
-14.226	5.06755	1308.53
-14.9576	3.17914	3060
-13.4977	5.15334	1631.5
-13.6917	6.36484	305.84
-14.6988	5.54219	2464.53
-14.5816	7.52512	931.879
-13.3876	4.90679	61.0847
8.93482	-7.65383	205.501
-14.3096	5.37435	1903.94
-14.9912	2.65225	1991.09
-14.3992	4.32768	897.748
-14.8168	6.44677	266.211
-14.0637	2.54987	1315.69
-14.4625	5.39864	1519.99
-14.1165	6.79295	1728.92
-3.57478	-9.32713	193.562
-14.2085	2.8823	1647.46
-14.3622	4.71933	2119.82
-14.1526	6.30627	38.4721
-14.6889	4.11753	1690.47
-14.9047	5.39442	2911.46
-13.2437	3.71244	1547.57
-12.5544	5.38882	778.308
-14.9143	2.98679	463.782
-14.4156	4.81166	1037.91
-14.0478	2.18692	280.451
-14.8871	4.7875	1497.39
-14.6127	5.24194	2124.42
-6.39208	1.24713	77.9551
-14.2179	3.72763	581.9
-14.975	4.14469	411.794
-13.6053	4.43289	1714.09
-14.1769	5.46433	811.736
-14.9213	2.90104	1999.61
-13.4684	5.81027	88.4766
-14.9203	5.3196	901.821
-14.4441	3.29853	1894.04
-14.7893	3.36409	2930.82
-13.827	4.51338	123.462
-12.7947	2.50209	137.316
-14.6624	4.0361	668.062
-14.2827	5.21938	276.154
-14.803	2.91253	1057.08
-14.9035	4.34608	2826.4
-14.1758	3.38558	1503.48
-14.1829	6.10833	454.297
-14.6536	4.84481	226.939
-14.6061	3.81829	119.466
-13.2936	5.60031	1145.27
-14.1984	6.11005	515.625
-13.4165	4.82158	1488.01
-14.9154	5.38148	3060
-14.622	4.39161	1591.36
-14.2266	3.37694	2050.44
-13.3832	3.77695	1682.64
-14.5516	4.04043	359.732
-13.6066	4.05075	1576.01
-13.6949	5.01912	1599.47
-14.6678	5.91967	635.457
-14.6932	6.10627	430.514
-14.2158	3.36159	1316.2
-14.3796	3.47728	1812.32
-14.0783	5.22106	1618.58
-8.31629	-5.52962	44.8694
-14.6343	4.20267	2513.52
-12.6032	3.44861	170.04
-14.2219	5.11398	2175.55
-14.1633	5.76981	1619.71
-13.9651	7.11496	395.483
-14.1171	5.51756	1526.55
-14.7267	4.429	915.54
-13.9922	2.50808	1827.39
-14.9923	6.17543	180.982
-13.5386	2.64104	1996.97
-13.4999	4.2292	2076.1
-13.1519	4.364	168.886
-14.7902	3.27744	2802.56
-14.6804	2.55159	1449.66
-13.8369	5.66426	2302.33
-14.9903	4.08491	1746.46
-9.53164	6.8676	287.014
-13.7094	8.72862	127.638
-14.7573	5.59826	1421.8
-14.8399	4.96475	168.269
-14.6873	4.53429	68.9633
-13.9238	2.82482	136.652
-14.8108	5.26636	240.391
-13.186	2.57216	662.323
-12.7994	3.86566	240.462
-14.8931	5.4733	917.023
-14.0896	6.13411	490.051
-12.8193	3.50275	1018.99
-13.0879	5.36808	1231.42
-13.9314	3.92036	2229.74
-14.7053	4.19464	2611.65
-14.3942	6.78469	1970.47
-13.5655	2.70234	1874.89
-14.9112	6.40513	574.028
-14.3892	3.61073	1286.17
-14.411	5.04179	2705.96
-11.1087	2.73775	102.992
-14.3057	3.81553	458.254
-14.9201	2.98168	1206.55
-14.1996	6.05884	1092.94
-14.9973	2.272	126.226
-13.4732	4.03857	180.17
-14.7345	7.41099	1571.2
-14.5254	3.37512	925.165
-14.3522	3.70286	1062.49
-14.934	6.22056	1180.81
-14.7901	4.41352	2278.94
-11.6087	6.99222	16.8191
-14.2529	5.6902	2567.16
-14.7471	3.52632	6.4901
-14.798	5.41558	468.514
-14.5184	5.00845	1324.13
-5.34667	2.88896	128.672
-14.9008	3.81294	2927.9
-14.8568	4.40442	381.263
-14.9156	3.57182	1504.03
-14.7267	6.38059	1014.07
-14.8489	4.77191	2829.88
-14.0266	6.14097	1763.49
-14.4651	5.19179	182.649
-10.6326	7.71567	172.293
-14.5805	5.89276	445.733
-14.5012	7.1548	1438.64
-14.5464	3.95986	1844.68
-14.5554	8.42683	89.4867
-14.7872	4.65441	2926.08
-11.7913	3.63588	142.587
-14.2643	3.89005	1661.35
-11.8908	7.78201	71.5727
-13.6615	7.03048	1530.39
-14.9833	4.13871	413.602
-14.9571	5.2618	2320.09
-10.5105	5.74156	54.5336
-14.5873	4.64081	2926.55
-14.6488	4.90153	675.97
-13.8895	2.38415	454.951
-13.6539	3.66916	1852.55
-14.9639	3.50416	268.448
-14.4838	2.64209	1642.68
-12.716	5.60481	91.892
-14.5153	2.9007	1545.03
-13.718	4.28596	2235.95
-13.652	-0.943105	101.155
-13.6543	3.6791	1668.45
-13.3078	6.00865	283.323
-14.9227	3.95107	535.787
-14.3201	5.05157	642.896
-13.9335	3.32732	2133.2
-13.7911	5.0244	522.605
-14.5633	3.79033	2005.21
-14.2206	4.61238	2555.18
-14.9958	4.1224	1488.22
-14.8767	4.10792	261.191
-14.8684	5.46677	1213.88
-14.5449	6.26659	2714.89
-14.3144	2.76175	229.377
-14.4514	5.70132	181.884
-14.7763	4.63358	2563.77
-14.7255	3.98267	2078.36
-14.7714	5.28858	493.589
-14.7269	2.54811	787.667
-14.6472	2.53401	528.905
-14.1373	3.1485	704.526
-14.1928	6.41901	230.156
-14.9262	5.10389	843.615
-14.7957	5.21597	2151.32
-13.424	3.34175	181.224
-14.8751	3.71591	2435.26
-12.6702	-6.85461	265.062
-14.2199	3.87871	922.336
-14.8925	4.99388	2043.11
-14.6688	3.9968	2563.09
-14.5026	4.68557	855.405
-14.0184	4.66692	2538.9
-14.9863	5.45618	2217.31
-14.9181	1.81785	1957.72
-14.9944	4.30574	3060
-14.4655	3.41404	2389.19
-5.63971	3.36273	150.866
-14.5572	5.61116	22.6932
-12.3077	1.06226	809.909
-13.4166	3.27347	179.642
-13.7193	5.34619	640.226
-14.4878	3.69577	138.216
-14.507	5.8056	1607.76
-14.7187	4.95591	304.014
-14.247	5.14959	2546.27
-14.1849	5.78027	34.7432
-13.297	3.53126	1437.86
-14.8414	5.52187	893.594
-14.5623	2.62729	244.985
-12.6495	6.39176	576.124
-9.09657	8.63666	234.804
-13.8543	5.1656	1476.67
-14.5405	5.96038	286.318
-13.9635	4.07059	634.724
-14.9851	6.12685	2728.53
-14.5704	5.47485	342.133
-14.9828	4.84006	1562.51
-14.9362	4.25449	866.809
-14.967	5.9041	1290.48
-14.6326	4.79978	2449.97
-13.8235	4.67237	445.524
-14.981	5.08893	271.142
-14.9318	3.56775	705.429
-13.4791	6.08557	14.6489
-14.5325	4.83675	111.855
-14.188	4.85381	11.0492
-13.9648	4.8853	1777.13
-14.9125	3.8216	2516.8
-14.0929	5.78788	1200.48
-14.3625	4.50867	2722.9
-14.0483	3.10511	646.376
-14.9587	3.44887	500.903
-13.8731	4.58295	2374.84
-14.4922	6.8838	73.888
-14.7281	5.04188	317
-14.111	4.66007	1689.31
-14.6468	5.29976	308.811
-14.4099	5.38436	921.611
-14.0908	5.51265	1066.83
-14.6367	2.59665	117.801
-14.6879	2.16941	1348.96
-3.2791	-2.21918	37.1648
-14.7178	3.10086	129.267
-10.1788	3.19916	444.114
-14.7215	3.92905	658.229
-12.965	0.454059	123.176
-14.4344	7.2344	1335.74
-13.4604	3.49649	2031.87
-14.5394	6.63053	2406.84
-14.4257	2.19785	1687.17
-14.907	6.56571	137.264
-14.0223	5.70283	2461.55
-14.744	4.83155	2389.92
-14.5277	4.2499	442.039
-13.6995	3.99167	222.099
-14.717	3.30664	250.563
-14.6572	4.56591	1214.72
-14.2784	3.87964	1171.71
-14.0127	7.38825	45.8925
-13.3883	3.46311	1796.19
-10.1819	11.5147	60.8976
-13.8672	2.92946	480.293
-14.9993	6.81826	2190.51
-14.4679	3.03226	2151.86
-13.562	2.25719	73.5464
-14.713	4.88506	2377.05
-14.6397	6.63624	557.19
-14.8878	5.00595	455.575
-14.7521	4.19752	580.939
-13.0419	4.42577	126.337
-14.8909	5.37473	736.409
-14.4756	0.773042	90.6973
-8.15763	2.16598	0.3565
-14.9851	4.47299	917.542
-13.9178	6.06743	738.778
-14.9549	4.00724	435.15
-14.1353	4.33481	1415.42
-14.1241	4.66102	2216.67
-11.4683	3.84236	84.7303
-14.9007	5.45929	318.666
-14.2989	3.08011	832.638
-14.7715	3.2062	3060
-14.4087	2.21476	2033.25
-13.8517	-1.34887	125.32
2.52574	7.70913	6.32007
-14.9507	2.39922	2217.2
-14.4824	2.67171	126.092
-8.90288	2.21636	247.676
-14.9717	6.09804	107.983
-12.569	4.83399	1496.53
-14.2221	2.96369	1948.63
-13.6642	-3.08303	22.8363
-14.7531	5.90013	195.684
-14.9965	4.28234	1147.29
-14.9273	4.2773	452.634
-14.2126	3.97272	256.498
-14.5666	1.89647	130.614
-14.8945	7.70605	849.274
-14.6978	5.1643	2367.04
-14.5448	2.25293	880.259
-14.5417	5.00309	1880.49
-14.9635	6.43957	1165.68
-14.6414	5.3426	2371.02
-14.6467	3.88949	1728.85
-14.6733	4.09797	1132.75
-14.9469	4.86202	3060
-14.9567	5.99487	2120.25
-14.6078	3.23892	1164.75
-14.9478	2.46264	1643.31
-14.8217	4.41257	1133.21
-13.3036	3.27218	959.532
-14.9817	2.37849	1082.21
-14.7173	7.20814	163.402
-14.9915	4.47894	2079.96
-14.9119	4.22408	983.626
-13.7835	4.63156	1433.71
-13.6495	-6.3644	591.056
-13.276	4.05026	1848.54
-13.9019	5.17832	1260.34
-13.9486	4.17118	288.524
-14.6739	3.37859	366.37
-14.0176	3.06729	433.406
-9.83055	6.51377	100.773
-14.9622	4.80094	791.619
-14.4562	5.00578	558.049
-14.8518	5.73485	3060
-14.8652	0.884996	94.9959
-13.7061	6.39843	992.743
-14.3798	7.566	1496.97
-14.9958	2.95768	519.462
-14.4591	5.98893	780.859
-13.9707	3.15214	1602.97
-14.1478	6.65652	934.382
-14.5596	3.50477	401.385
-8.79114	3.36207	197.096
-14.7073	4.17518	2664.53
-12.5168	1.54463	9.93271
-14.6796	5.13971	382.871
-13.4388	6.23563	158.45
-13.6822	4.0657	113.781
-14.0068	5.1828	1552.51
-14.2311	5.73397	1698.97
-14.6597	4.38449	989.734
-14.6566	2.8971	877.014
-14.8085	4.44211	1399.06
-14.8241	4.44306	88.8677
-13.9563	6.30374	1753.21
-11.0113	8.28788	7.55259
-14.4415	4.80051	446.607
-14.4563	4.86846	2663.22
-14.0762	2.91669	187.447
-14.0346	6.19417	131.758
-14.4412	6.81877	668.739
-14.9328	5.64378	145.868
-10.3904	2.98821	80.2849
-14.7698	1.24696	882.319
-14.3497	2.57622	2010.87
-13.7491	5.02232	1182.41
-13.9873	2.18573	202.9
-14.0143	5.47392	1036.81
-14.3718	7.27512	1603.83
-14.8755	4.54364	2744.62
-14.2742	3.79713	1617
-14.0702	6.19329	2363.97
-14.0438	4.20805	562.795
-14.8049	2.4098	2434.35
-11.2291	5.51593	45.982
-14.5738	2.57935	647.959
-14.4652	5.68375	666.791
-13.3996	10.0062	172.986
-14.692	4.42377	2825.2
-13.5318	6.00924	210.061
-14.4169	4.92685	1496.1
-14.7515	3.6158	2103.31
-14.4479	3.52264	1455.35
-14.7717	6.95484	101.075
-13.8113	8.81489	138.185
-12.9405	6.30788	825.808
-13.9146	4.69209	177.165
-14.8375	3.45927	124.234
-12.4431	4.49152	406.073
-14.0361	5.6651	114.201
-14.3406	7.834	504.195
-13.7305	6.08627	143.535
-14.2922	3.66221	701.07
-13.9712	3.6795	1150.4
-14.663	3.39628	818.486
-13.9725	3.08131	393.199
-14.1148	6.28998	107.185
-13.3564	3.22493	201.793
-14.3903	3.85255	1960.56
-14.5246	2.2388	113.795
-14.0637	6.17714	996.288
-14.8362	3.02558	1378.5
-13.0158	12.2749	461.584
-14.6457	3.50046	922.703
-14.8295	4.5569	735.27
-14.5563	9.14975	97.7447
-10.8183	5.19817	81.0242
-14.9818	4.37108	891.948
-14.9037	5.07625	631.163
-12.2688	2.39322	879.955
-14.2637	5.64208	2047.18
-14.5907	4.94773	1754.32
-13.9106	4.67863	2453.69
-13.0392	2.68151	228.318
-14.8115	5.59695	904.707
-14.7271	2.51713	2363.15
-14.8842	4.80995	1761.21
-14.8068	3.38573	255.811
-14.7679	3.95806	437.027
-13.694	3.85436	269.564
-14.7522	4.53966	1090.95
-14.9547	7.01189	1406.27
-14.0677	7.5752	196.197
-14.5336	5.8972	322.044
-8.3414	-8.51135	165.478
-14.3355	3.38522	549.596
-13.6617	5.44413	141.905
-14.9822	4.00455	522.003
-14.4056	6.26592	543.321
-14.5385	6.55633	355.579
-13.883	4.05218	1123.63
-14.7334	2.12525	2357.54
-14.9431	3.32514	905.531
-14.5528	4.58301	564.255
-14.17	7.07398	1744.4
-12.2878	11.6409	311.092
-13.7905	3.574	144.649
-14.2428	0.772423	154.451
-10.7797	2.26559	1.50863
-5.68602	2.09976	209.323
-14.6803	5.53079	2790.74
-12.7814	-0.424076	92.7085
-13.8847	1.88031	845.95
-14.984	4.04792	270.255
-14.8071	2.33405	850.172
-14.9401	4.02541	2451.35
-14.8445	3.34301	1339.08
-14.4589	6.17085	2012.77
-14.3167	5.18748	1042.17
-14.1871	3.7587	2298.51
-13.2032	3.68228	220.239
-13.1665	6.57325	1037.55
-14.7132	5.88241	641.545
-14.1002	4.11401	1523.25
-14.8893	5.3905	1305.31
-14.5401	6.71699	731.939
-14.1014	5.30043	1118.72
-13.7675	3.7198	1274
-15	5.13438	1120.25
-13.7865	5.4914	1787.69
-14.7051	2.25849	123.898
-14.6862	5.84658	1327.18
-14.6652	4.04813	935.399
-14.8109	3.44107	759.686
-12.235	-0.845273	145.245
-13.9216	3.88665	1713.34
-14.2637	2.77819	2613.73
-13.0252	6.88555	512.333
-14.7509	6.43969	92.9543
-13.5527	6.44841	368.906
-14.6765	5.87182	889.935
-13.2898	5.08573	158.855
-14.7766	5.04502	2949.13
-14.5095	5.90474	127.881
-14.7684	4.53257	2503.21
-14.894	3.5424	860.488
-14.9353	3.32087	107.937
-14.0357	6.64742	2125.01
-14.7207	3.56591	1372.52
-14.9752	4.00642	3020.21
-14.8069	3.21597	2813.35
-14.874	2.14994	832.417
-14.7344	3.48078	34.2907
-14.9159	2.77789	566.739
-13.8379	1.99738	144.942
-14.5558	7.03384	1312.41
-14.8166	6.38097	196.428
-14.9263	5.90021	734.593
-14.5748	2.63382	1393.34
-14.7226	4.13255	634.469
-14.2588	2.86709	1289.11
-14.9564	2.803	2067.2
-14.7545	3.49819	333.494
-14.6116	3.67728	1265.74
-14.9446	2.84581	1104.27
-13.6019	4.17762	1140.06
-14.013	4.62388	368.259
-14.5667	7.48999	32.8126
-13.7637	4.66671	1613.16
-0.775677	3.69339	42.802
-13.7891	4.13942	251.31
-13.8374	5.50178	432.142
-14.6051	5.5171	1861.58
-13.1457	6.37239	39.1961
-14.6318	6.88515	113.078
-14.6262	3.10242	2145.52
-14.0498	7.0635	1715.52
-13.6581	5.42118	276.913
-14.5752	4.88961	2259.37
-14.661	2.58485	514.755
-14.8276	5.32147	21.7591
-13.6104	7.3984	125.72
-14.5549	5.01301	1401.29
-14.7974	4.42503	490.102
-14.8363	4.24562	355.05
-14.8042	4.08484	1515.68
-14.8085	4.05083	741.296
-14.7373	9.28809	70.315
-14.8368	5.31236	3060
-14.2724	4.78621	2335.92
-13.9844	6.22015	1397.72
-14.6084	4.31602	662.81
-13.3612	4.49018	170.915
-13.7154	4.09339	744.524
-14.7732	6.00034	606.351
-14.184	5.92095	985.478
-14.7118	2.4034	1671.73
-14.2255	2.05071	959.079
-12.1512	4.72869	78.7468
-14.6861	5.61123	798.671
-14.9045	5.65218	1547.97
-14.745	6.50991	414.209
-13.383	4.93953	1466.48
-13.3854	-1.23912	30.4428
-14.4743	3.55163	105.86
-14.5928	3.92502	269.438
-12.3546	11.4484	72.3598
-9.5842	-8.85593	331.054
-14.2563	7.23743	854.565
-14.9039	4.21525	1714.62
-14.8029	5.08329	688.755
-8.15162	5.42317	84.5636
-14.8487	1.8407	197.805
-14.7179	5.49314	2042.25
-14.744	4.73472	1205.99
-14.1051	5.59422	84.7991
-14.6277	3.90543	2861.12
-14.4007	5.65612	360.81
-14.5841	5.81416	1880.66
-14.9722	5.64946	147.986
-14.5435	4.43561	485.008
-14.8925	5.63328	1771.49
-13.5874	4.59656	60.818
-14.9564	5.41008	463.874
-14.1682	4.38797	639.437
-13.4872	2.85308	59.539
-14.9719	5.08786	1078.6
-14.2943	3.97512	487.226
-14.1784	3.77708	58.4889
-14.4399	5.05482	225.267
-14.9513	5.16158	737.872
-14.9361	-1.30075	34.7432
-14.3056	4.89506	285.334
-13.8453	4.87963	91.6186
-14.8391	7.10625	2233.06
-11.4768	3.54717	111.265
-14.346	5.35204	40.2274
-14.1741	3.59707	991.455
-14.5243	5.53161	1769.4
-14.4187	4.88513	1808.38
-14.0671	2.64661	159.625
-14.8308	3.14395	665.825
-13.4396	3.50031	921.691
-14.8159	4.44451	3043.29
-14.8309	5.21167	2933.36
-13.8429	3.04459	2180.65
-13.2355	5.12829	62.1545
-14.8798	4.11352	2956.12
-14.481	4.46316	2444.16
-14.7347	4.85449	662.751
-14.7212	3.15957	998.898
-13.6869	7.15008	271.27
-14.6188	3.32701	512.366
-12.4245	2.60711	111.176
-14.9828	5.9611	1775.77
-14.6331	3.48755	766.128
-14.7217	2.96731	149.565
-14.4002	4.87388	712.488
-14.6179	5.79166	547.774
-13.3938	4.26996	949.998
-14.2104	3.03635	1616.25
-13.4426	1.59359	869.7
-14.092	5.70291	690.618
-14.5886	3.62219	698.6
-14.919	4.46543	1564.2
-14.1873	3.09423	202.713
-14.5754	3.45288	2630.49
-13.1132	2.71655	102.941
-13.4101	5.62367	103.539
-14.4589	7.17319	332.018
-14.5996	5.37381	2875.9
-14.4276	4.25245	1396.18
-14.0806	6.34971	2356.85
-14.9237	4.88501	3060
-14.3198	3.77148	2442.06
-13.6494	4.03929	1632.57
-13.5768	6.50316	34.7432
-13.4445	7.07507	131.312
-14.4738	4.5207	2463.44
-14.4621	3.38172	2473.56
-14.801	4.27569	1137.1
-13.6133	-6.94582	11.8814
-14.7628	4.79441	237
-14.8037	6.06613	2280.58
-13.6994	7.39444	728.394
-13.9464	4.72262	1697.05
-13.8651	4.02796	2326.36
-14.4189	3.65344	773.707
-14.6332	4.22887	426.601
-14.43	3.93372	84.7798
-14.1799	3.74488	256.883
-14.3842	2.80452	191.635
-9.71963	5.68433	152.329
-14.8266	5.40357	2897.51
-11.8321	0.885516	38.692
-14.9598	6.55996	1691.73
-14.4495	3.12745	2529.43
-14.7855	6.188	460.22
-14.5064	3.2769	2328.23
-14.8155	7.35249	753.074
-8.01519	1.2123	133.337
-14.0592	6.29682	1102.13
-14.9203	5.48484	2602.29
-14.5297	5.64342	339.889
-14.6764	5.35857	148.236
-14.7008	4.07702	1585.72
-14.1764	6.90847	481.05
-10.4341	6.81754	197.312
-14.6296	4.07739	353.83
-14.0192	4.2121	525.815
-14.2568	6.78388	186.517
-14.1572	3.80712	159.274
-14.9631	2.35999	2159.84
-14.6104	3.83028	2347.18
-14.4352	3.66326	130.163
-14.8506	3.20824	1997.09
-13.8906	6.01879	205.557
-14.1598	3.05616	82.1678
-13.9474	3.95423	853.948
-13.3703	4.14091	554.348
-13.2696	4.68315	1112.34
-13.3354	4.93002	304.345
-14.8188	3.14773	1778.98
-14.6626	1.69036	702.645
-14.7874	3.50447	1810.67
-14.1429	1.81647	1309.1
-14.4106	4.83075	1255.94
-14.8198	4.77815	1980.22
-14.602	3.61287	226.614
-14.339	1.76131	52.8763
-14.7378	4.82901	2745.29
-14.0662	3.66769	1127.71
-14.6853	3.03155	1939.64
-14.7313	4.25018	796.171
-14.6245	5.0566	773.272
-14.639	5.51695	1491.57
-14.9168	3.00816	953.952
-14.6929	3.00971	977.13
-14.5374	6.7194	579.398
-14.0968	2.23454	1487.39
-14.9675	5.17566	3060
-14.2773	5.53987	2383.6
-14.9454	5.12875	2471.43
-14.8354	3.39	106.17
-14.1444	5.73885	198.938
-14.4871	2.2026	1126.24
-14.8806	3.97456	2668.06
-14.6451	3.88204	352.114
-14.9802	5.86532	3060
-14.7092	5.48391	806.425
-14.676	3.81923	246.101
-14.977	3.44068	617.498
-14.969	4.0841	1577.15
-14.6859	4.24318	185.328
-13.5099	3.84888	129.863
-14.7103	1.6343	482.874
-14.1985	3.54931	2452.89
-14.7923	2.85585	2912.46
-14.7267	1.33086	472.666
-14.7362	3.2467	165.574
-14.5591	5.29007	650.602
-13.8962	5.93704	1094.51
-14.464	6.33424	1481.83
-14.1966	2.55871	1095.27
-14.9006	5.15626	935.027
-14.1434	5.24803	116.681
-14.8503	5.24635	1686.79
-14.7778	5.7829	709.533
-14.7374	5.12026	2453.52
-14.6673	2.99251	393.047
-14.5366	2.38124	2564.46
-14.4426	4.03004	1630.64
-14.6311	4.53887	1894.71
-13.7993	5.14867	475.287
-12.1929	4.78607	93.3308
-13.7929	5.80139	516.07
-14.524	3.824	497.546
-14.3053	5.88086	637.05
-14.6398	4.29479	1399.47
-14.1481	3.53791	2425.29
-14.1569	2.97892	724.891
-13.3771	3.79356	1472
-14.7046	7.26561	932.115
-13.7932	3.00389	690.535
