-5.03264	-12.6068	574.916
-3.57719	-14.5823	2807.56
-2.72559	-14.6649	1513.43
-4.91966	-14.6386	795.062
-3.37712	-14.2356	1069.83
-5.29293	-11.8691	153.455
-4.46059	-13.7771	1763.72
-3.26997	-14.9498	2026.96
-2.78615	-14.1595	270.916
-3.21882	-14.8651	3060
11.4601	-6.54094	81.2482
-2.83597	-14.6268	2411.37
-7.59465	-14.227	34.2907
-3.97838	-13.7334	1067.48
-5.1037	-13.9512	147.738
-3.95237	-14.3888	2388.89
-6.50101	-14.0936	1031.26
-6.5303	-10.946	235.343
-4.87449	-14.477	1705.05
-5.20914	-14.765	245.293
-6.27173	-14.2159	2625.19
-3.32339	-14.5428	1695.16
-3.45871	-14.854	127.781
-4.84151	-14.4682	660.043
-3.24905	-14.1326	2029.32
-3.54067	-14.6654	2461.91
-5.13801	-13.1892	138.859
-2.39391	-14.8141	484.43
-5.54863	-14.4702	34.2281
-6.77195	-14.4589	144.378
-4.83051	-14.181	129.372
-4.07819	-14.9465	2252.27
-2.55168	-13.8867	735.514
-5.77873	-13.5389	477.619
-2.37514	-14.5973	1853.1
-3.00551	-14.9835	992.728
-5.80714	-14.7164	770.826
-3.66884	-12.7605	611.501
-4.264	-14.8506	2261.61
-5.07914	-13.9462	1701.4
-5.92284	-14.0263	975.615
-6.63834	-12.8299	916.83
-4.37066	-14.5153	1138.64
-2.13194	-14.6282	1024.56
-6.41876	-14.7703	535.61
-4.3559	-14.4907	310.628
-5.62426	-13.7776	371.285
-5.03796	-14.8483	938.541
-2.28383	-14.487	110.415
-4.1935	-14.8136	2913.25
-3.23995	-14.9859	185.046
-4.64506	-14.4701	1323.49
-4.18405	-14.407	867.595
-5.60398	-14.473	2047.63
-7.80383	-14.1436	797.982
-3.43372	-14.5741	1387.3
-3.81272	-14.5153	713.865
-5.27381	-14.8089	1252.3
-6.2415	-13.7089	2282.01
-4.65416	-14.3019	1828.65
-6.25643	-13.7394	872.138
2.64211	-5.38279	172.993
-5.51022	-14.7383	2750
-4.53153	-14.8872	1587.32
-6.66628	-14.3043	2274.23
-3.44662	-14.9138	2161.47
-5.28999	-14.5717	1248.89
-1.80067	-14.8606	343.086
-3.37234	-14.7307	535.748
-5.93689	-13.9029	643.085
-6.83498	-14.676	2334.82
-6.85921	-14.9463	1464.12
-6.38769	-14.9613	531.146
-4.74136	-14.9879	670.814
2.83375	-10.5994	384.184
-3.80887	-14.1533	958.364
-3.80013	-14.4075	2299.63
-8.06605	-11.549	102.143
-3.89022	-13.6601	738.069
-3.80508	-14.02	278.386
-2.20686	-14.6694	427.784
-6.57008	5.47743	255.487
-3.34295	-14.313	2217
-2.32978	-14.8455	128.068
-5.32433	-13.9871	34.7432
-6.08259	-14.4402	166.421
1.91206	-11.6937	55.7926
-4.08643	-14.0439	2088.78
-3.7395	-14.9141	169.959
-4.4866	-14.1503	2115.17
-3.05942	-13.9213	448.918
-4.53613	-14.2601	2304.38
-5.20844	-14.6356	511.979
-4.7512	-13.5536	644.15
-5.1565	-14.4483	2587.93
-8.09301	-14.4893	779.824
-3.73481	-14.194	379.238
-6.64236	-13.3038	86.4697
-2.98075	-14.9583	137.889
-4.49252	-14.8335	2935.21
-4.24484	-14.8086	359.946
-5.21578	-14.303	2179.04
-4.37268	-14.8362	1643.26
-6.48928	-14.627	1124.59
-5.66055	-14.8099	3060
-3.24538	-14.1291	1594.83
-3.61675	-14.9857	3060
-5.24375	-14.8161	1136.22
-6.34086	-14.9417	29.9752
-3.78696	-14.6192	2842.94
-6.94605	-14.847	121.506
-4.9609	-14.4328	201.503
-4.98356	-14.567	312.902
-5.73371	-14.9405	2406.77
-5.76271	-13.5383	769.421
-5.8067	-12.8464	10.9994
-3.24517	-14.097	2235.44
-6.06868	-14.7956	2385.81
-4.74047	-13.9021	1088.17
-3.90621	-13.034	1406.84
-4.71153	-14.8374	687.746
-3.93541	-13.804	239.007
-3.78241	-14.4223	681.976
-5.99082	-14.4953	1494.95
-6.1605	-14.236	698.217
-3.26707	-14.4025	2150.48
-6.57496	-14.1636	310.55
-4.43608	-14.6096	1250.58
-3.07801	-14.6727	360.571
-4.77752	-14.8453	2785.3
-4.09815	-14.8482	2533.7
-5.24938	-14.5186	2731.59
-4.7131	-14.9895	482.392
-1.29274	-14.6584	130.532
-6.24454	-14.7601	961.919
2.0951	-6.14125	26.9954
-1.62388	-1.54171	259.019
5.46486	4.30745	15.3834
-4.28215	-14.5726	128.808
-12.5686	-14.4346	303.969
-4.42321	-14.8473	145.704
-5.17622	-14.8212	771.709
-5.48947	-14.0955	2214.39
-7.79069	-14.7626	93.0933
-3.54651	-14.8821	839.149
-5.09571	-13.6623	162.179
-2.85704	-14.1461	126.406
0.542333	-11.7365	170.092
-2.91209	-14.2574	194.949
-3.13694	-14.7741	2520.33
-2.70454	-14.7555	342.688
-4.03051	-14.9771	1290.15
-3.25646	-14.9221	937.899
-5.27435	-14.9571	134.359
-5.39438	-14.3483	1255.69
-6.4528	-13.9008	112.242
-5.42753	-14.4496	11.3881
-4.47259	-13.8362	1792.84
-4.67178	-14.2268	2328.43
-6.59903	-13.0313	1456.36
-6.04875	-14.5681	2437.62
-2.63761	-14.7527	1408.26
-13.5872	-11.809	1327.58
-3.22759	-14.2653	1648
-3.0878	-14.6799	437.23
-5.33557	-14.2823	130.458
-2.50172	-13.586	1079.4
-6.44794	-13.3922	63.959
2.11103	-14.6322	309.55
-1.96054	-14.0598	1550.17
-3.40887	-14.7006	923.703
-4.34975	-14.4561	2816.72
-7.91045	-14.34	113.414
-4.68052	-14.7885	842.103
-3.84815	-14.3583	144.23
-1.78469	-14.9272	83.7235
-5.73141	-13.4439	313.544
-5.48072	-14.7152	1939.69
-7.34598	-14.9358	1387.78
-4.08413	-13.6745	1964.89
-3.52956	-13.4815	285.776
-4.67993	-13.6938	1224.44
-4.9431	-14.85	2736.38
-5.43249	-14.8583	779.348
-4.75755	-13.5411	558.636
-1.20518	-13.7129	192.137
-5.92379	-14.7302	95.2729
-3.71425	-14.718	772.732
-6.44261	-14.5736	112.921
-3.74157	-14.7757	1438.07
-10.9282	-10.1189	259.723
-3.24032	-13.8398	1255.04
-6.70429	-14.9151	1640.39
-2.80125	-14.3829	2441.31
-4.10864	-14.1666	334.63
-4.49278	-14.8491	953.594
-5.96776	-14.8783	994.698
-4.13036	-14.9694	911.374
-3.23629	-14.9319	510.954
-6.40589	-14.5961	132.931
-2.75436	-14.8094	1311.01
-5.9216	-14.6674	2808.39
-4.89078	-14.4036	2636.71
-4.40134	-14.9771	2697.8
-6.78637	-14.4217	1790.45
-4.88414	-14.3898	1959.81
-6.73018	-14.4671	1506.93
-4.07067	-14.9007	2989.01
-4.57678	-13.8229	937.338
-5.43352	-14.8268	2384.37
-11.7163	9.1328	853.94
-6.06307	-14.3155	535.581
-11.8971	-14.5716	203.031
-1.06631	-12.6941	118.826
-3.19762	-14.5709	693.747
-6.02841	-13.2178	770.822
-4.9192	-13.5929	708.997
-3.24481	-14.2769	562.966
-6.2298	-14.7508	893.583
-5.62824	-12.5681	217.409
-5.10077	-14.2024	423.366
-7.33589	-13.4536	1508.76
-6.05545	-14.741	507.508
-5.69145	-12.4254	231.908
-5.69043	-14.8749	2205.64
-5.07928	-14.5924	2660.08
-6.27262	-14.6855	2769.39
-4.67445	-14.8518	1878.57
-5.1916	-14.912	1330.36
-3.20949	-14.9324	320.859
-4.1889	-14.8694	2894.52
-4.86507	-14.5693	1583.44
-5.48005	-14.3718	2693.59
-2.9543	-14.6212	1552.7
-4.62792	-14.6085	2434.31
-4.63968	-14.5545	1554.61
-3.83261	-14.8089	2960.25
-3.02798	-14.9564	2897.28
-4.25838	-14.6258	985.463
-4.33665	-13.7743	39.4914
-6.03681	-14.3131	1761.59
-3.68446	-14.8726	1301.62
-6.34627	-14.3889	1267.74
-3.77332	-14.7403	267.118
-1.95221	-14.709	1894.91
-2.87656	-14.9604	1202.08
-4.68524	-14.7767	2360.95
-5.43075	-14.3528	2413.2
-6.03056	-13.8293	17.1603
-4.41866	-13.9792	295.645
-2.43486	-13.9853	1242.42
-3.72538	-14.1762	1684.12
-3.34643	-14.8229	209.525
-2.41385	-13.2614	1515.68
-5.71563	-14.1656	1768.86
-5.51285	-14.91	1443.08
-5.068	-13.5971	1692.55
-4.86133	-14.8793	656.164
-5.18701	-14.7877	357.39
-4.14493	-14.455	523.111
-4.89761	-14.8714	672.737
-6.04532	-14.994	716.298
7.90905	-9.53265	621.678
-7.05069	-14.8018	876.636
-2.75448	-13.9816	133.038
-5.57347	-14.8971	1134.2
-6.19448	-14.8394	1134.86
-4.89702	-14.1257	507.763
-4.72683	-12.3657	291.427
-2.87009	-14.9269	807.742
-4.5184	-14.837	1587.88
-4.76043	-14.2658	2252.86
-6.20283	-14.4553	234.584
-3.69995	-14.9976	949.726
-0.92196	-13.869	687.708
-3.04318	-14.9989	1195.25
-5.49783	-14.386	1220.69
-4.52445	-14.7002	2446.26
-4.33671	-14.9365	1336.42
-6.90484	-12.4532	128.367
-3.99551	-14.5431	379.115
-6.40678	-14.7626	444.877
-6.10849	-14.4825	11.8814
-4.22415	-14.2421	1682.21
-4.23554	-13.8373	721.181
-4.02462	-14.7516	1521.65
-3.96639	-14.633	2675.41
-3.27169	-14.698	848.102
-5.64711	-14.4401	1637.03
-6.18823	-14.4954	664.522
-3.13811	-13.9503	1240.46
-5.9291	-14.9905	1520.25
-5.76949	-14.3098	779.066
-2.70122	-10.8003	165.028
-2.31051	-14.2718	1084.66
-3.37267	-14.1398	355.204
-3.3371	-14.9797	1295.84
-12.0781	-11.9335	604.491
-5.19817	-14.8818	582.247
-6.38033	-14.8967	1436.43
-4.46666	-14.0575	1589.25
-4.4825	-14.6118	1730.28
-3.61595	-13.3386	489.101
-5.63423	-14.8492	267.591
-1.97978	-14.8881	198.761
-4.06522	-14.203	270.682
7.25097	-9.69948	152.955
-6.71484	-9.02335	198.916
-2.84963	-13.2287	831.567
-4.40719	-14.6353	677.998
-4.92202	-14.9672	940.035
-3.94286	-14.6798	2905.51
-4.44307	-14.2	1765.43
-5.04696	-14.6269	363.365
-6.1522	-13.854	526.199
-1.86929	-14.5208	592.149
-8.77263	-13.2885	192.149
-4.54773	-11.9736	153.503
-14.0467	-0.289828	284.305
-6.05392	-14.5629	737.7
-7.66428	-7.47903	236.55
-5.0791	-14.0373	1718.1
-6.40561	-14.883	1530.66
-5.44042	-14.9625	858.396
-3.78109	-14.3443	186.644
7.71951	-13.5487	185.718
-2.02356	-13.6804	1389.78
-5.72848	-14.1382	571.332
-3.35104	-14.2384	1583.54
-4.36012	-14.6348	715.75
-3.02701	-13.5966	109.077
-4.47738	-14.8853	3025.71
-2.34322	-14.3777	661.428
-4.475	-12.5635	108.443
-5.88198	-13.5853	1998.56
-1.30321	-13.2654	114.419
-4.15031	-14.9597	3060
-8.41082	-14.8409	1218.15
-4.32928	-14.3189	2165.67
-2.8296	-14.1288	11.8814
-7.29359	-14.9781	1730.96
-0.563428	-6.40213	218.426
-6.29028	-13.5644	123.443
-4.01433	-13.5549	1206.01
-4.65125	-14.0194	466.008
-5.29497	-14.1703	50.6075
-5.68982	-14.6725	693.462
-3.15185	-14.9496	1103.79
-3.77264	-11.4154	152.336
-6.19798	-14.3267	323.325
-5.49359	-14.8721	2390.25
-4.59034	-13.1131	1583.1
-2.50568	-14.8692	832.371
-3.85921	-14.5515	1476.35
-3.17482	-14.1184	1892.13
-6.91698	-14.7708	1202.18
-4.87198	-14.4726	685.59
-5.81887	-14.2897	1296.82
-7.44092	-14.9832	1727.91
-4.69422	-13.8182	963.365
-3.10417	-14.4336	1416.65
-4.86116	-14.831	1324.2
-6.92794	-14.8069	1398.44
-5.34038	-14.8202	3054.74
-3.3144	-14.3906	361.955
-3.67094	-14.2624	39.2855
-2.02194	-7.4739	151.03
-4.88829	-14.4862	2518.26
-3.38112	-13.9436	1420.41
-3.63227	-13.6058	321.899
-3.07515	-14.1204	1557.22
-3.45114	-13.8873	578.102
-2.91399	-14.8407	923.845
-3.54317	-14.8028	260.222
-3.77349	-13.7546	1431.96
-2.90579	-14.7471	399.979
-6.86448	-14.8133	1411.72
-4.60123	-14.6053	1403.53
-2.5757	-14.9838	1296.65
-3.63234	-14.6989	2310.29
-5.5042	-12.916	267.765
-4.93131	-14.3703	323.388
-4.96469	-14.7586	2789.91
-2.38409	-14.5593	2633.32
-6.26716	-14.9625	766.523
-1.57888	-6.06988	50.6149
-3.52844	-14.9258	1321.06
-3.94463	-14.1598	543.621
-5.17031	-14.0045	225.126
-5.62017	-13.8165	142.305
-4.89341	-14.7301	1219.04
-4.07589	-14.9358	1665.74
-3.92369	-14.8872	2329.44
-6.73671	-14.769	454.136
-3.79902	-14.4038	497.463
-3.57858	-13.9269	590.382
-10.8654	4.539	483.645
-5.06336	-13.4654	742.898
-5.28911	-14.3473	2474.02
-3.93457	-14.4179	2072.5
-7.28676	-14.8538	1425.6
-6.00461	-2.0642	329.294
-5.37053	-14.9552	505.599
-4.7663	-13.5965	1528.42
-3.43882	-13.0856	863.457
-3.96728	-14.8428	1285.68
-5.67045	-14.9596	1763.21
-5.80683	-14.5579	427.953
-4.85187	-14.7576	1183.12
-1.31583	-12.3229	83.9235
-6.13838	-14.9044	822.734
-2.69208	-13.9942	2176.82
-5.94164	-13.4227	867.818
-3.67578	-13.9906	2162.23
-2.54723	-14.0988	1347.07
-4.51537	-14.7235	555.727
-6.85208	-13.9006	838.653
-4.91439	-14.5706	1149.93
-4.98566	-14.836	515.299
-3.00157	-14.6991	2741.71
11.0007	-4.42771	231.807
-4.20838	-14.3607	526.866
-5.91059	-14.941	208.463
-5.58974	-13.7269	543.393
-5.62925	-13.2199	63.4456
-10.0131	-3.24481	140.072
-3.00096	-14.5402	2345.64
-3.813	-14.699	771.48
-1.75176	-13.8674	116.147
-3.63937	-14.9858	2237.67
-6.68162	-14.8404	1426.57
-10.6365	-8.2169	230.69
-4.67375	-14.6941	1755.56
-6.20327	-14.0189	1470.95
-4.33048	-12.7626	918.36
-2.39776	-14.9351	823.814
-3.29316	-14.8619	2922.51
-4.47031	-14.5232	638.863
-2.48559	-14.9856	1208.48
-6.55985	-13.3976	931.426
-1.07234	-14.947	653.202
-3.3607	-11.811	97.4548
-5.11866	-14.8473	2484.85
-3.8506	-14.9583	1575.02
-13.1691	7.74144	83.5229
-5.72885	-8.46357	329.934
-1.09657	-14.8417	1138.66
-4.56264	-14.37	1874.05
-4.58906	-14.8134	2940.78
-1.31723	-14.553	1539.42
-4.22224	-13.6326	1065.81
-4.89373	-14.2566	1817.04
-5.14331	-14.3087	2505.6
-7.54173	-2.14494	141.291
-4.31464	-13.7618	581.238
-5.63655	-14.959	618.192
-4.59242	-14.5384	1060.24
-2.98392	-13.6267	1932.69
-4.11657	-14.6996	2933.19
-6.77236	-13.3784	796.553
-4.39401	-14.5792	353.018
-3.67963	-14.3941	2608.15
-4.19201	-14.8509	401.532
-3.00999	-14.7448	2745.89
-3.73745	-14.838	1693.97
-3.5004	-14.5517	165.19
-3.51758	-14.5539	870.155
-3.6259	-14.5473	1295.56
1.81472	-12.6508	397.195
-3.18418	-14.158	1002.29
7.61637	-7.11198	39.2246
-3.46436	-14.0451	1330.56
-4.56384	-14.3082	324.098
-5.28998	-12.5149	28.88
-3.71366	-14.5296	55.0286
-5.31669	-13.7284	254.854
-3.29788	-14.6047	409.09
-2.40398	-14.5467	514.183
-6.42558	-14.2972	2316.3
-4.71998	-14.425	362.051
-3.86768	-14.7377	450.809
-4.10509	-14.2016	1155.92
-3.19824	-14.3933	144.39
-5.27533	-14.8634	508.346
-2.77288	-14.8663	363.742
-3.00947	-14.9599	645.311
-3.93998	-14.2125	2170.6
-6.50195	-14.9447	211.622
3.54048	-6.66484	245.88
-4.8353	-13.8089	888.745
-4.18063	-13.6255	1591.99
-6.0031	-14.4244	1121.93
-3.10582	-14.4163	933.911
-12.2631	-11.2172	390.899
-4.04566	-14.186	2045.44
-5.55694	-14.0531	228.67
-5.56182	-14.6402	739.328
-3.97728	-14.5106	872.895
-3.93963	-14.9022	1777.26
-6.70784	-13.481	251.754
-7.84387	-8.75829	17.6829
-4.28512	-14.1866	2437.32
-7.31156	-13.5731	959.53
-6.4932	-12.8987	174.728
-1.175	-14.9257	130.354
-4.69572	-14.4764	218.983
-5.17776	-14.4292	2106.99
-5.19892	-14.9913	481.249
-3.03954	-14.5599	1140.84
-2.61998	-14.545	2675.73
-6.32805	-14.0797	1648.31
-4.22363	-14.9704	1161.83
-2.54824	-14.4394	1991.3
-5.94865	-14.0519	747.862
-4.22564	-13.5848	2291.83
-5.24789	-14.2088	382.995
-4.63342	-14.449	2254.46
-2.58387	-14.6687	611.896
-2.53636	-3.42131	86.8991
-4.56769	-14.5848	2785.28
-4.49447	-14.0355	116.204
-1.32736	-14.9794	1529.71
-4.95649	-14.9911	159.025
-4.24189	-14.8117	192.132
-6.22413	-14.4175	1271.55
-6.16702	-14.1569	2083
-5.33175	-14.8482	986.912
-5.16519	-14.8675	849.526
-4.38876	-13.5819	1211.59
-4.74375	-14.3602	494.179
-3.77886	-14.7141	359.544
-3.61441	-13.9127	1436.45
-4.75667	-13.5624	1018.12
-4.69254	-12.6697	72.3102
-3.85256	-13.1499	1860.94
-4.1636	-14.933	1132.47
-4.40484	-13.7613	411.195
-4.06175	-14.7478	2888.65
-2.56757	-14.6094	1021.13
-7.3486	-14.5334	442.19
-3.14076	-14.6367	1552.91
-4.85511	-14.9821	1576.96
-4.78615	-12.6391	190.919
-6.9507	-14.7412	1645.67
-6.28523	-14.9832	388.8
-5.08905	-14.9462	469.145
-4.57427	-14.6384	2481.31
-2.8603	-14.3226	1245.13
-4.16942	-14.522	1576.78
-5.35884	-13.354	651.718
-3.57572	-14.3483	153.039
-5.33577	-13.9159	60.8199
-5.39903	-14.044	512.073
-2.39184	-14.2276	2234.06
-7.7989	-14.2839	394.674
-3.23127	-14.613	2688.86
-3.974	-14.6486	1542.55
-4.81858	-14.9007	1313.37
-4.81763	-14.8192	1865.95
-4.10865	-14.0914	1766.09
-4.88006	-14.7053	2625.1
-3.13386	-13.7077	639.498
-4.10772	-14.9039	428.738
-3.47262	-14.4882	67.3912
-5.28251	-14.6146	2827.03
-6.64088	-14.0471	114.334
-3.8159	-14.1581	1147.05
-4.05087	-14.7247	1114.06
-3.16706	-13.9476	382.213
1.39184	-13.0901	115.735
-2.77411	-14.8115	481.984
-2.75905	-13.7684	347.014
-4.24312	-14.7726	127.837
-2.34099	-14.3663	518.359
-6.39267	-14.3358	1743.36
-4.24899	-14.3575	183.249
-7.31867	-14.9286	553.213
-6.86381	-14.8094	1338.61
-3.43008	-14.8766	2784.02
-3.45276	-14.2587	34.7432
-5.07901	-14.6614	609.795
-5.60807	-14.1364	1422.84
-3.64417	-14.7764	1829.21
-4.18557	-12.7468	774.045
-5.92483	-14.6444	1605.43
-4.8606	-14.7328	2664.95
-4.18873	-14.8733	616.946
-3.2711	-13.6792	1029.36
-4.3813	-14.0992	2476.28
-3.10921	-14.8887	1352.41
-4.07443	-14.9078	3060
-5.1526	-14.2552	479.521
-2.09582	-13.9016	440.453
-5.78587	-14.9502	1289.71
-3.2322	-14.9973	995.053
-4.50148	-14.1463	1367.12
-3.92293	-14.8815	676.426
-3.82541	-14.7905	301.46
-4.12572	-14.7413	937.697
-5.35224	-14.5611	1855.56
-4.14354	-14.9094	726.657
-7.99269	-14.2571	42.9939
-7.14299	-14.835	1507.36
-2.90045	-13.1688	269.147
-6.36519	-14.9508	2124.87
-4.73857	-14.7424	2907.52
-5.1241	-14.4215	2448.79
-3.86138	-14.2885	619.329
-2.13768	-14.8782	1035.32
-4.23682	-14.2642	624.856
-6.37865	-14.292	521.577
-5.78893	-14.9849	367.386
-7.56358	-7.14864	128.809
-3.75375	-14.1244	1626.58
-2.97538	-14.632	564.029
-4.39985	-14.7921	2908.07
-6.21376	-14.9164	811.441
-3.17968	-14.8342	1359.53
-3.94536	-14.2572	2054.19
-2.89112	-14.2636	573.604
-3.70378	-14.2849	337.529
-4.81812	-14.5764	2827.64
-3.86334	-12.6728	179.698
-3.68819	-14.9923	887.309
-4.13497	-14.8857	3060
-4.97358	-14.9932	1510.13
-6.39112	-14.7662	387.257
-4.99098	-14.8084	402.318
-7.51153	6.97363	227.494
-4.84596	-14.9722	190.894
-3.2626	-13.9942	2042.16
-6.37995	-11.9159	65.1193
-5.92412	-13.8152	111.501
-3.68438	-14.7637	949.61
-6.44504	-14.9069	1328.34
-6.66673	-14.4442	2326.66
-3.10685	-14.6849	2212.36
-4.0463	-14.3731	1045.86
-5.38422	-14.804	1843.99
-3.98778	-14.7278	700.107
-1.85205	-14.0223	156.502
-4.52802	-14.8106	854.039
-3.32763	-13.764	563.188
-3.03601	-7.70829	219.663
-3.07025	-14.9989	630.593
-6.28796	-13.7745	700.483
-5.83171	-13.1389	828.713
-2.12985	-13.7915	126.997
-4.0602	-14.2484	1062.61
-9.01224	-13.3575	140.696
-4.88203	-14.9326	2136.75
-6.50151	-14.956	906.092
-5.11238	-14.9743	1985.08
-1.61584	-12.8628	98.4618
-3.22948	-14.6676	180.984
-5.22601	-14.1332	1173.11
-4.17794	-14.932	2914.18
-6.95237	-14.9343	186.748
3.30194	-7.67635	102.325
-2.44708	-14.1933	137.185
-6.14363	-14.6852	1181.27
-5.81381	-14.29	894.506
-2.93407	-14.0466	2395.16
-4.14553	-14.9621	582.314
-3.37146	-14.4217	1477.21
-4.38018	-14.5058	341.876
-5.56149	-14.2841	732.069
-5.56711	-14.8533	2209.66
-1.39564	-13.953	1108.46
-5.73081	-14.7423	875.684
-4.77264	-14.7344	799.636
-4.74333	-12.9473	876.183
-4.89456	-13.2414	1940.6
-3.96591	-14.868	2381.18
-4.08225	-13.9506	122.571
-2.10297	-13.8916	709.915
-3.96893	-14.9762	435.895
-3.38981	-14.9621	2945.7
-4.89746	-14.8255	371.006
-6.44735	-13.0244	349.21
-5.8504	-14.7945	1395.37
-5.3014	-14.5097	2003.35
-4.58455	-14.9526	3060
-5.18306	-12.9574	95.476
-5.77148	-13.6654	23.2747
-5.82551	-14.9749	1228.34
-5.90706	-14.594	241.192
4.54927	-14.4771	546.945
-4.83173	-14.2814	253.515
-3.53349	-13.951	943.917
-3.12675	-13.9594	276.998
-2.37008	-14.658	223.543
-3.12346	-14.2607	1669.89
-2.77001	-14.9775	476.591
-4.87009	-14.593	174.132
-5.84719	-14.5412	1744.32
-5.46662	-14.9562	766.142
-5.83301	-14.7012	528.829
-5.0268	-14.8409	2988.56
-2.41664	-14.4727	906.243
-3.71261	-14.9917	609.998
-3.7908	-14.2263	630.954
-5.13753	-14.872	1848.99
-10.7812	-13.7553	34.1642
-3.10926	-14.6686	833.815
-3.17439	-13.9498	1977.37
-3.99085	-14.1186	409.663
-4.10419	-13.4522	925.733
-2.35794	-14.6057	1718.77
-2.52136	-13.6008	396.275
-5.77066	-14.5309	921.004
-4.1734	-14.935	569.44
-5.37461	-13.5762	824.361
-3.35379	-14.408	343.093
-5.86507	-1.95528	253.657
-2.75398	-14.4684	597.896
-6.23448	-14.048	707.362
-2.90073	-13.1702	830.034
-3.67591	-14.4834	1686.02
-3.68681	-14.3992	277.472
-2.24172	-9.98464	25.0004
-5.32432	-13.9262	1060.96
-5.78365	-14.6965	1367.98
-4.79516	-14.8432	2062.6
-7.13978	-14.8005	1011.37
-2.24778	-13.3571	265.632
-6.48639	-14.8447	1342.15
-3.69334	-13.4392	338.544
-5.72903	-12.7659	1171.86
4.08816	-11.8729	7.68154
-5.36754	-13.6223	472.454
-6.32353	-14.7704	257.223
-3.40136	-13.9839	1713.65
-11.7765	-10.6368	124.217
-6.61101	-14.8592	2465.56
-4.15186	-14.3427	1573.82
-5.31605	-14.8098	1591.17
-5.63218	-14.7988	943.45
-6.13124	-14.6568	605.123
-3.42751	-14.8567	44.0318
-4.33534	-14.2753	1109.74
-6.33688	-14.3026	1302.21
-4.59511	-14.6147	820.397
-2.72815	-14.7942	1755.44
-6.17167	-14.3638	706.088
-5.68296	-14.7708	666.76
-4.51205	-14.9937	127.146
-2.85163	-14.9758	112.733
-9.7784	-11.2724	202.755
-4.38099	-14.4276	1442.85
-4.98695	-13.4065	669.926
-4.04372	-12.2172	466.836
-5.59123	-14.6451	1425.22
-3.55889	-14.0623	1458.97
3.82666	-10.2736	160.735
-8.04979	-10.8992	148.342
-3.93989	-13.6939	804.519
-2.98035	-13.1652	723.721
-4.92885	-14.7756	2846.16
-6.25159	-14.0476	231.143
-7.11836	-14.535	912.048
-6.67898	-14.2253	1436.84
-4.3074	-14.9671	2923.22
-4.04951	-14.811	831.836
-3.78832	-14.7507	2821.17
-4.98462	-14.4989	2234.08
-4.83407	-13.6559	145.007
-3.82763	-14.9267	487.113
-9.89414	-2.74759	222.688
-5.14841	-14.3181	2711.38
-5.04594	-14.5398	1252.04
-4.24676	-14.119	1834.41
-3.47908	-14.8477	3048.17
-6.78184	-14.1027	654.975
-4.14893	-14.4549	1635.53
-5.72384	-14.1819	147.974
-2.49518	-13.5589	1323.82
-4.72923	-14.3242	1315.51
-4.07127	-13.3277	1036.35
-4.91154	-14.8679	453.458
-4.80542	-13.6078	1852.99
-5.06617	-13.8179	339.282
-6.17531	-14.8948	890.237
-3.33923	-14.9068	263.122
-3.48252	-14.7928	245.243
-4.58189	-14.7253	631.539
-3.16707	-14.9781	768.708
-3.94023	-13.6748	1235.68
-4.42324	-14.4932	2672.2
5.1553	-12.2058	65.3264
-4.79938	-14.0665	1171.92
-3.27842	-14.1455	1351.97
-6.33104	-14.7325	1009.31
-5.92991	-13.7934	208.931
-3.91287	-14.7816	1929.06
-3.87419	-14.9885	3060
-6.14503	-14.3128	2771.93
-3.27561	-14.0177	1903.07
-5.42675	-13.3998	974.699
-3.80874	-14.0714	446.905
-4.64233	-14.9184	2728.22
-3.86322	-14.7382	2514.27
-12.4832	-12.9151	217.939
-4.39905	-14.2431	2351.97
-6.26906	-13.7521	1138.53
-4.02668	-14.4919	919.432
-4.42098	-14.6071	288.766
-3.06717	-14.2666	675.091
-9.01844	-13.1983	48.7874
-3.53597	-14.7778	400.172
-2.8706	-13.912	861.14
-2.86299	-12.7759	240.757
-5.61296	-14.8371	641.713
-4.95054	-14.8459	148.132
-5.37186	-14.8361	2736.28
-4.18275	-14.1237	1991.49
-6.46499	-14.976	145.627
-4.47991	-14.9541	268.56
-4.27534	-14.1047	962.981
-2.31706	-14.3559	764.411
-4.64338	-14.8178	373.897
-4.38176	-14.902	1318.49
-3.71663	-14.6396	919.06
-6.23255	-14.4475	1409.17
-2.99174	-14.7938	34.7432
-6.2344	-14.9608	2783.03
-5.2993	-14.0182	1158.61
-5.17209	-14.8654	158.656
-2.90442	-14.0444	1115.13
-4.57696	-13.6921	141.68
-5.29053	-14.3224	2509.77
-1.83661	-14.1145	1130.87
-4.09178	-13.561	42.1848
-5.28194	-14.7857	3060
-5.98571	-14.0112	1608.24
-5.5524	-14.7662	671.567
-4.58875	-14.1205	772.743
-6.75625	-14.2917	2216.94
-6.47413	-14.9787	2176.42
-3.97715	-14.4266	2519.42
-3.84633	-14.304	462.212
-3.76314	-14.6219	2760.87
-6.5845	-14.3686	1007.21
0.19183	-6.71055	372.681
-7.50526	-14.3807	807.683
-5.83343	-13.8073	1026.34
-2.95703	-14.7894	634.561
-4.20321	-13.2843	1784.63
-3.03058	-14.8511	2955.51
-4.77975	-14.9179	1687.94
-3.97335	-14.1949	599.324
-4.01779	-14.964	519.809
-4.81013	-14.271	49.8054
-3.152	-13.9119	1022.88
-3.43542	-13.2539	595.038
-9.23378	-2.8893	127.271
-2.91856	1.70283	144.941
-8.18052	6.42015	300.558
-2.97151	-7.03069	109.171
-4.43865	-14.5791	2301.01
-5.75127	-14.9101	139.11
-1.78434	-14.4812	660.845
-5.83505	-14.9285	555.791
-5.15272	-14.9926	122.22
-2.68137	-14.8531	2902.19
-4.46261	-14.6392	126.727
-5.55112	-8.99698	135.488
-6.86629	-14.4129	1967.88
-4.64109	-12.8964	742.54
-5.46661	-14.7614	422.681
-7.53175	-14.3279	775.734
-3.36906	-13.2034	1405.97
0.509245	-5.29961	133.315
-5.75288	-14.664	2344.52
-5.65291	-14.1662	1297.17
-5.51734	-14.9771	822.632
-2.25164	-13.5081	925.253
-7.81229	-14.7647	101.619
-2.30233	-13.7004	92.7505
-4.87297	-14.3436	1343.2
-6.25755	-14.1866	2607.45
-2.04923	-13.3908	114.451
-4.71546	-13.9031	2145.06
-4.35729	-14.9129	1887.3
-4.33121	-14.6916	378.397
-4.55572	-14.6271	1606.26
-5.18764	-14.837	1583.52
-5.20516	-14.9294	875.69
-4.30461	-13.4809	1019.59
-6.04862	-13.7874	1376.86
-5.14668	-14.7729	1720.8
-2.34276	-14.3529	1072.82
-4.35172	-13.9207	1095.88
-4.0404	-13.8199	952.402
-4.13117	-13.2501	800.849
-7.32806	-10.056	13.3949
-3.4948	-14.2887	763.592
-8.96875	-13.1353	406.387
-4.18487	-14.5884	1569.19
-5.86238	-14.9709	227.597
-4.69829	-14.7909	507.292
-3.21296	-13.9464	1824.48
-4.66644	-14.4746	2387.95
-3.40289	-14.7571	1641.08
-5.00688	-14.7316	3050.35
-4.41726	-14.7095	1591.57
-3.32986	-14.6571	366.517
-2.44414	-13.6509	903.398
-3.88568	-14.3438	1245.34
-3.99524	-12.5642	26.9274
-6.76652	-14.5693	211.58
-1.04653	-11.0792	261.386
-5.0067	-14.608	644.284
-5.98585	-14.9338	300.038
-3.28018	-14.5087	2161.3
-2.10518	-14.7151	171.756
-5.09854	-14.8532	2828.68
-5.5469	-14.7014	217.203
-5.32852	-14.9336	671.487
-6.95337	-13.3393	216.404
-9.53348	-14.4282	48.9149
-4.29638	-14.8112	1325.88
-4.50907	-14.5861	1705.31
-3.41686	-14.9446	208.174
-3.43797	-14.6512	2880.12
-4.33716	-14.2553	257.129
-1.56092	-13.2972	167.982
-4.88616	-14.0311	696.947
-5.85425	-14.6347	1156.51
-5.3889	-14.2828	285.786
-5.27374	-14.1476	1827.29
-3.58625	-14.6163	775.406
-4.69556	-14.9804	3060
-6.00949	-13.8826	2159.8
-5.44095	-13.841	358.108
-6.26123	-14.3314	283.053
-3.32529	-14.4634	1446.88
-4.34813	-13.5372	467.615
-2.61102	-13.7629	1585.95
-3.26367	-13.9733	85.1913
-4.91054	-13.6966	1748.41
-2.76437	-14.8919	364.679
-6.54816	-14.5114	919.359
-5.50068	-13.5072	78.6713
-5.80177	-14.1296	1034.5
-3.28637	-14.8539	376.203
-1.25477	-14.4411	910.196
-4.01071	-14.0738	1857.42
-5.20124	-13.8383	435.979
-3.65013	-14.075	1338.74
-5.44635	-14.6704	1740.7
-6.24009	-14.908	2948.47
-3.0507	-14.8509	587.93
-4.40728	-14.3321	1682.79
-2.86816	-14.116	1494.66
-4.13638	-14.8094	258.429
-2.16573	-13.7577	1297.29
-3.71327	-14.242	2192.87
-7.18851	-12.7165	145.87
-4.28959	-13.8396	541.015
-6.45881	-13.78	2183.07
-5.18304	-14.834	702.022
-5.67975	-14.3387	196.975
-3.05181	-13.8179	1316.53
-7.16483	-10.7962	182.935
-5.54948	-14.7039	1554.77
-2.40084	-14.6124	2037.66
4.01736	8.07341	462.004
-6.04614	-14.0267	638.617
-5.00688	-14.9871	1808.16
-3.53037	-14.9224	1971.62
-4.97256	-13.4322	1555.41
-3.40644	-13.6715	256.529
-5.86535	-14.2618	102.53
-1.68741	-14.575	760.507
-6.55063	-14.8429	1207.96
-3.88348	-13.3273	1094.18
-6.09725	-12.3158	110.485
-6.43539	-14.5247	947.418
-6.19499	-13.4418	129.124
-3.46438	-14.8722	86.5776
6.21744	-14.3428	416.538
-5.30512	-14.8259	987.866
-5.13147	-14.391	246
-5.52501	-14.4484	107.403
-4.0452	-14.9989	2959.03
-6.00115	-14.7811	599.352
-3.2599	-13.6611	530.385
-5.13443	-13.9432	1631.45
-3.65395	-14.9018	902.894
-5.99034	-14.8942	1795.13
-5.40518	-14.526	2639.66
-9.1731	-11.9223	122.911
-5.98989	-14.7323	2626.08
-3.23658	-14.3511	133.162
-5.43736	-12.9049	121.695
-3.88665	-14.509	137.681
-10.9203	4.27559	33.4592
-6.14583	-14.2298	954.084
-5.57678	-14.9992	207.588
-4.63766	-14.8729	606.175
-4.64733	-14.4808	1601.47
-5.96441	-14.0004	127.713
-3.27155	-14.9994	905.005
-4.72615	-13.6523	434.876
-2.75593	-13.8833	1398.06
-5.44281	-14.1257	597.239
-5.40031	-14.9388	2900.74
-3.3175	-14.3378	2600.36
-5.02574	-14.7121	355.724
-1.5357	-14.918	1357.52
-12.3788	-14.1014	140.014
-5.65451	-13.9244	2111.73
-2.63626	-14.6942	337.173
-5.17045	-14.8703	1438.08
-3.03299	-13.5724	1799.23
7.78782	-13.6665	159.579
-2.71758	-14.908	2858.82
-4.60289	-14.8587	1147.79
-0.347558	-14.7233	157.126
-3.99586	-13.7635	94.6516
-2.13084	-14.6654	472.437
-3.61556	-14.9184	1106.38
-14.7268	6.31613	811.976
-4.65859	-12.1359	236.503
-5.8694	-14.5588	1245.88
-5.42573	-14.9066	579.003
-4.00459	-14.7175	3048.17
-4.1965	-14.6904	1770.81
-6.1948	-12.6411	229.322
-4.51015	-14.5086	798.082
-5.46262	-14.7765	739.236
-7.83493	-11.8764	141.726
-5.12477	-14.968	3060
-4.67061	-14.8869	181.896
-7.35172	-14.5511	795.893
-3.95909	-14.9863	2623.31
-2.41377	-14.8198	566.352
-4.97603	-14.8931	1962.56
-5.87674	-14.9373	201.474
-3.55399	-14.5544	2948.33
-1.69955	-14.4691	1429.01
-6.00738	-14.8778	1556.21
-5.21074	-14.5586	1258.37
-7.37111	-14.7981	330.833
-3.26976	-14.0195	158.159
-3.38297	-12.9903	276.516
2.06196	-2.73803	313.392
-4.23427	-13.7645	235.461
-3.78007	-14.159	688.065
-5.9383	-13.9162	1251.77
-3.55591	-14.9634	3060
-3.68036	-14.2168	1415.17
-4.7494	-13.8361	1404.96
-4.94779	-14.122	1990.29
-5.04533	-14.2178	928.578
-3.15495	-14.1805	754.903
-3.94114	-14.6201	2808.34
-5.43863	-14.7854	2416.63
-4.11599	-4.22202	142.098
-6.42504	-12.5727	167.722
-4.46974	-14.2689	1842.81
-4.0815	-14.3889	2813.1
-4.57985	-14.8528	2639.84
-4.06711	-14.6439	303.267
-5.59736	-14.0632	1705.97
-6.7845	-14.3766	27.6191
-6.41378	-14.8996	1743.23
-5.05017	-14.9955	2041.22
-1.11013	-12.9191	69.3159
-5.2775	-14.8769	3060
-4.1063	-14.4135	120.781
-3.27153	-12.8415	334.28
-4.99354	-14.6324	807.401
-3.85656	-14.9336	3060
-5.38988	-14.7694	255.203
-4.04626	-14.9112	1181
-2.06229	-13.3969	103.356
-4.88388	-14.5733	1789.09
-3.38662	-14.1998	433.098
-3.80144	-14.1786	1981.8
-5.95479	-14.7664	1245.64
-3.2419	-13.97	1221.57
1.23078	-13.7018	272.832
-5.11685	-14.8391	1282.37
-4.30621	-13.9155	1337
-4.17716	-13.1417	123.573
-5.33363	-13.4338	1698.86
-2.14469	-12.7172	283.3
-2.81697	-14.5769	372.48
-4.27653	-14.8367	1993.87
-5.8953	-14.8329	155.471
-5.40727	-14.818	722.683
-3.78079	-12.1356	87.9548
-4.26013	-14.9871	1209
-4.53449	-14.2152	1000.99
-5.20672	-14.8489	438.16
-5.9595	-14.1025	1734.32
-4.72166	-14.7638	1336.01
-4.65673	-14.1574	404.007
-5.23257	-13.9096	1967.55
-3.53184	-14.1405	367.442
-3.42843	-14.726	2681.42
-6.12945	-14.9399	329.182
-4.98157	-14.3699	466.6
-3.92328	-14.4431	653.438
-3.89257	-14.2947	2090.36
-5.35948	-13.751	363.078
-6.20394	-14.1571	1427.56
-4.51958	-14.9464	1771.41
-6.52158	-14.4778	1385.77
-3.22805	-14.0909	1766.59
-2.86337	-14.5818	1843.79
-5.20399	-14.3496	1080.25
-3.81121	-14.6698	697.281
-3.05158	-14.6349	2029.16
-4.14848	-14.9634	110.088
-5.87997	-14.8343	826.776
-4.0138	-14.6163	281.731
-4.0796	-13.5887	97.4067
-1.49972	-14.2033	137.757
-2.36293	-14.2208	1309.17
-5.0554	-14.2839	91.9013
-3.17657	-14.1834	1799.77
-3.42016	-14.8846	1863.3
-6.52353	-13.5788	457.708
-4.77104	-13.2	445.442
-5.3264	-14.2525	139.17
-3.95576	-14.7974	2848.94
-9.99669	-13.8759	527.091
-2.9387	-14.953	155.721
-7.18043	-13.8521	969.355
-3.65914	-14.2977	2215.08
-2.93221	-14.7776	1695.45
-5.7695	-14.9216	2870.91
-5.37197	-14.9686	1198.38
-3.80817	-14.9716	616.244
-2.9695	-14.762	2673.08
-1.99532	-14.7948	2255.02
-5.75146	-14.8251	403.009
-2.58711	-14.9068	43.4637
-3.58087	-14.8811	446.195
-4.76444	-14.5284	198.07
-4.00182	-14.5048	2392.73
-6.20391	-13.132	101.351
1.73859	1.4029	276.244
-6.04032	-14.3289	109.237
-1.80504	-14.9619	384.907
-5.96406	-13.8259	1370.8
-5.70392	-14.5975	2613.27
-4.37374	-12.8594	350.147
-3.44127	-14.0907	560.424
-4.04077	-14.5549	1164.54
-6.63592	-14.5283	197.956
-5.84133	-14.968	1148.28
-4.58176	-14.4523	1615.98
-3.84101	-14.7837	2748.91
-5.03584	-14.135	1609.24
-4.02296	-14.6893	2045.74
-4.9507	-14.8961	2839.44
-5.41231	-14.8851	269.606
-3.81544	-14.5964	106.538
-3.04218	-14.7641	131.93
-5.3647	-9.21017	142.565
-0.548781	-12.846	83
-4.0146	-14.7995	899.329
-5.30036	-14.1742	951.855
-4.98631	-14.342	127.228
-4.51163	-14.1076	2232.86
-3.48785	-14.7368	2125.57
-4.28429	-13.1907	152.564
-2.56954	-14.1421	516.698
-3.4987	-14.6662	1459.79
-3.93077	-14.4842	895.142
-6.1273	-14.5377	1949.09
-3.19251	-14.8665	1627.98
-4.66396	-14.3694	2414.45
-5.5525	-14.4529	162.064
-6.00068	-14.2571	1422.25
-3.81317	-14.8591	309.496
-4.08376	-13.9659	107.693
-2.85681	-14.0799	128.931
-6.85518	-14.7639	2151.66
-4.61872	-14.3043	607.008
-5.81285	-13.8825	297.572
-2.49204	-14.0858	294.617
-3.8171	-14.988	1056.23
-3.6375	-14.7653	892.929
-4.26302	-14.1056	2547.26
-3.42544	-12.4727	151.397
-4.06596	-14.5521	1595.89
-5.2482	-14.9216	593.274
-3.47184	-14.9704	1086.39
-5.3563	-14.4189	159.484
-3.06565	-14.0212	959.145
-6.27796	-12.4016	138.916
-4.73707	-13.9606	146.736
-4.95851	-14.4729	2157.08
-4.32002	-14.5061	234.229
4.50826	-13.9311	6.04951
-5.14161	-14.4848	238.954
-2.64528	-14.8477	1335.53
-4.66896	-13.8973	681.869
-4.45217	-14.2789	613.595
-9.53284	-11.2415	62.5146
-3.1496	-14.9408	3060
-8.05261	-14.0543	232.467
-2.9457	-14.8058	428.535
4.21195	11.2041	8.47304
-6.53838	-14.9706	1970.29
-6.20574	-14.7956	2528.24
-6.68745	-14.3202	1608.75
-5.72085	-13.783	180.612
-5.38149	-14.6429	1592.28
-4.41268	-14.6245	484.857
-11.6785	5.89932	206.23
-5.29916	-13.9243	1429.39
-4.20842	-14.9974	167.121
-3.96998	-14.6229	1381.21
-4.37854	-14.9167	1401.28
-4.43494	-14.5296	1025.74
-6.00957	-14.0956	1653.01
-2.73467	-12.8277	497.539
1.07937	-14.7738	110.515
-2.69196	-14.9029	2300.21
-4.21859	-13.9991	558.737
-5.29046	-13.9319	535.606
-6.09674	-14.4368	532.776
-3.80019	-14.2846	2158.78
-4.70774	-14.7189	1710.76
-5.56786	-14.8421	476.928
-3.26237	-14.5347	2559.99
-5.50636	-14.4737	1698.11
0.767878	-14.9233	162.64
-3.05475	-13.9124	100.138
-2.37431	-13.5243	1731.41
-3.21037	-14.7733	2768.97
-3.45582	-14.816	2545
-4.82385	-14.6809	1504.42
-6.08922	-14.3411	213.092
-5.81715	-14.3476	1959.38
-4.10616	-14.5994	2686.27
-5.76649	-13.9004	1867.12
-4.17663	-14.7502	1814.17
-2.96117	-14.481	1251.09
-4.80832	-14.1954	1300.78
-6.23207	-13.7586	881.325
-4.28918	-14.5286	2637.71
-6.21096	-14.1465	2584.16
-5.52476	-14.9866	1283.93
-4.03471	-13.9157	2159.68
-6.02993	-14.8612	101.421
-2.05578	-14.9139	2110.87
-6.9081	-14.2934	288.434
-3.35913	-14.8523	516.376
-5.58203	-14.8032	2934.4
-4.61821	-14.9796	1133.89
-3.33854	-14.6304	2100.22
-5.02091	-14.6784	521.001
-4.54105	-14.723	817.619
-4.34554	-14.9729	666.584
-4.87298	-3.04885	419.625
-6.88468	-11.8466	221.662
-5.28703	-14.4586	2492.46
-7.28844	-13.9983	1507.8
-4.61394	-14.6068	1082.41
-3.38508	-14.7809	136.326
-3.83439	-14.7662	3060
-5.86427	-14.952	891.092
-3.98449	-14.7056	641.752
-5.57161	-14.9325	1208.19
-5.69791	-13.7175	1101.11
-2.80404	-14.903	2624.19
-4.12399	-14.0358	704.311
-2.93145	-14.7621	38.0789
-2.90436	-14.951	1076.89
-4.90061	-14.4942	2121.32
-3.46969	-14.9102	1678.55
-6.85035	-14.8261	2429.52
-6.09132	-14.3918	2748.31
-3.07724	-14.9085	801.753
-4.92631	-14.8208	535.682
-3.25541	-14.7928	128.073
-4.36385	-14.4926	1744.47
-3.31088	-13.867	595.889
-2.58867	-14.0014	322.203
-5.93018	-13.8447	911.443
0.921978	-7.21828	543.09
-2.17912	-13.5561	1378.56
-5.46898	-14.9179	1797.3
-3.57017	-14.7984	265.332
-4.99502	-14.4602	738.929
-7.22156	-14.5632	1386.46
-3.70774	-12.533	194.629
-2.91466	-14.5917	86.7008
-5.30021	-14.7219	325.77
-2.99294	-11.7421	93.4663
-3.00532	-14.9616	979.869
-2.65947	-14.4555	125.761
-4.33592	-14.6211	389.697
-4.80781	-14.9798	414.272
-4.0073	-14.4549	259.229
-3.50435	-13.2496	348.178
-4.25222	-14.5427	617.523
-5.76951	-14.8111	1524.06
-5.07053	-14.8646	817.137
-5.78503	-14.2828	124.478
-1.51765	-14.7153	11.8814
-3.28633	-14.4575	1937.39
-6.10258	-13.9285	1732.88
-3.2784	-14.2581	48.543
-7.03829	-14.1363	864.109
-5.42913	-14.9352	1327.89
-4.83574	-14.3984	1039.31
-4.80716	-14.2711	580.56
-3.80344	-14.3279	1660.4
-3.24573	-14.3307	2473.12
-4.47229	-14.9907	64.5396
-4.76368	-14.9323	2006.39
-2.66235	-14.843	634.838
-1.6145	-11.2222	7.01
-2.76588	-14.949	2343.93
-9.41336	-13.2536	88.67
-4.92429	-14.1152	2302.6
-4.69023	-14.2356	1369.65
-3.47342	-14.4651	2189.65
-4.55011	-14.7268	295.327
-5.51655	-13.5922	62.7337
-4.39508	-12.378	40.6286
-4.26854	-14.8347	802.258
-6.80947	-14.9907	2171.1
-5.76625	-14.8939	206.091
-3.75429	-13.133	1590.56
-2.88349	-14.3461	165.438
-4.02798	-14.0052	1001.46
-6.2582	-14.4635	577.685
-5.30486	-9.47536	224.053
-4.30467	-14.5178	160.012
-2.85063	-14.727	2239.04
-7.022	-14.5704	693.099
-8.53953	-13.6451	115.066
-5.64454	-14.8664	3060
-3.05161	-14.5247	83.2004
-7.24655	-14.2527	1600.79
-6.18863	-13.8282	1066.23
-5.35531	-14.9411	2157.54
-5.24681	-14.7999	1220.41
-5.32345	-14.6336	2616.38
-5.88491	-14.6994	2849.73
-5.93413	-14.5206	1129.06
-6.58522	-13.8809	636.075
-6.0505	-14.9855	1815.6
-3.7388	-14.8227	2676.67
-4.88861	-14.1561	1037.25
-6.7447	-14.9397	1516.9
-1.86811	-14.2707	987.901
-4.47387	-14.8948	2238.94
-9.41249	-12.796	164.828
-4.11354	-14.2255	1426.21
-5.31294	-14.9815	1154.24
-5.91349	-14.7306	1411.64
-6.61661	-14.7773	1258.03
-4.38978	-14.6914	2816.57
-7.55466	-14.1319	114.765
-3.221	-14.8168	505.261
-3.6484	-13.8862	2284.2
-4.51775	-13.1681	280.513
-2.42249	-13.5737	980.457
-4.99453	-14.9979	1749.14
-3.68539	-14.7191	105.5
-4.03676	-14.2703	2662.56
-5.4802	-14.9095	253.556
-4.45816	-14.8229	1495.49
0.539352	-14.6351	39.2855
-2.05461	-14.8821	2055.63
-3.81156	-13.8865	1607.78
-6.48252	-13.8358	920.866
-3.42051	-14.4577	1901.37
-4.26096	-14.9675	150.519
-3.35845	-14.689	696.801
-4.15764	-14.2684	2551.73
-3.66187	-9.81831	58.0669
-3.54429	-14.5531	2434.31
-4.76688	-14.1777	734.592
-5.46021	-14.6043	726.556
-0.355399	-3.43847	234.255
-1.43811	-14.9255	823.225
-4.82135	-12.6147	155.981
-5.33709	-14.5938	226.937
-1.47255	-14.8835	1564.88
-3.94261	-13.626	39.2629
-4.79241	-14.5829	379.08
-3.48681	-14.6456	922.35
-5.28613	-14.5738	1038.84
-5.70495	-14.4718	2208.23
-5.45287	-14.3012	660.311
-6.65874	-13.199	75.064
-6.76512	-14.8248	169.751
-4.93414	-14.9832	892.709
-3.77668	-14.2737	1827.97
-4.57198	-14.7425	409.554
-2.84894	-14.2984	749.938
-6.43684	-14.2169	1924.08
1.47893	-13.5536	294.363
-3.69975	-14.4169	2597.7
-5.44291	-13.3464	1634.48
-4.79004	-14.3313	2636.21
-3.69716	-13.7171	1186.38
-5.29274	-14.7645	395.343
-3.0453	-12.872	1304.61
-4.55919	-14.2668	756.407
-4.55375	-14.1495	664.551
-3.85573	-13.6178	1020.12
-5.04273	-14.5605	128.65
-3.98656	-14.3379	2198.61
-3.29466	-14.3149	1772.25
-10.0535	-12.009	136.587
-5.47158	-14.6547	1689.95
-5.17163	-14.83	479.338
0.320036	-14.8051	424.089
-5.72423	-14.7541	2674.91
-4.5078	-14.3712	791.881
-2.97819	-14.8286	1085.53
-4.22683	-14.8266	2492.04
-5.52973	-13.4554	719.629
1.42145	-12.0656	197.134
-4.40368	-14.9404	1491.47
-2.9484	-14.3638	1628.61
-5.63734	-14.3069	2701.28
-5.47439	-14.9788	1158.77
-1.319	-6.69074	179.888
-7.29033	-14.1412	243.541
-3.31348	-14.0163	1816.25
-6.40561	-14.7222	172.996
-4.22854	-14.066	2404.89
-5.83786	-13.9849	746.35
-5.09438	-12.8983	1087.53
-3.55646	-14.9293	1884.57
-3.047	-13.6062	187.641
-6.01677	-14.914	732.575
-6.35244	-14.8852	1514.14
-3.84232	-14.0024	390.764
-3.00273	-14.3606	2256.99
-6.98403	-14.7827	1918.3
-4.22091	-14.0645	458.233
-0.458619	-10.8373	183.719
-3.9422	-14.9022	206.617
-5.76541	-14.6817	106.054
-3.53417	-14.9985	129.315
-7.72327	-12.9681	834.123
-3.93268	-14.7744	2506.54
-5.20344	-14.6846	620.446
-4.09189	-14.3084	437.106
-1.87092	-14.5421	45.3529
-5.66146	-14.323	1102.26
-4.53834	-14.6886	1270.83
-5.48751	-14.5552	2486.53
-6.33519	-14.1455	197.72
-5.01597	-13.8285	274.358
-3.51126	-14.643	1239.24
-1.36882	-13.8729	762.543
-6.90385	-14.4697	1840.08
-3.701	-14.8952	2949.79
1.37363	-10.6942	148.399
-4.8073	-13.6112	219.107
-1.70547	-14.9052	207.36
-4.71918	-14.1775	11.8329
-2.91268	-14.9936	466.892
-2.52786	-14.5995	126.599
-3.55217	-13.8901	1385.61
-4.46942	-14.8477	1552.15
-6.85602	-13.9966	134.836
-6.03216	-14.9797	1684.78
-6.7342	-13.6899	786.59
-8.07792	-14.0179	103.735
-5.99295	-14.725	720.9
-2.85764	-14.6837	170.159
-6.53505	-12.7826	771.737
-4.78448	-14.3559	1861.81
-3.86627	-13.4069	1551.73
-3.43863	-14.6796	2919.65
-5.49464	-14.6013	767.584
-2.89134	-14.6924	2446.98
-5.88532	3.58547	32.8972
-5.00718	-14.7384	2435.6
-5.59611	-14.3029	2730.54
-4.81044	-14.8154	1619.5
-5.81487	-13.9276	1307.73
-2.12464	-14.5657	123.73
-7.14134	-13.1441	1125.91
-3.83308	-14.0797	651.186
-5.2221	-13.1503	723.686
-5.43369	-14.9559	1717.13
-5.72727	-13.7505	1138.92
-4.09712	-14.2869	1928.72
-3.72601	-13.7975	1831.92
-5.47924	-14.1899	1617.65
-4.07516	-14.3658	517.534
-5.35481	-10.9521	156.619
-2.88066	-14.974	2029.76
-2.79606	-14.5017	921.92
-2.58218	-14.8719	2016.04
-4.63429	-14.6808	1709.74
-5.17033	-14.2908	2504.13
-6.10466	-14.9194	1425.47
-4.7551	-14.8722	2424.32
-3.98432	-13.3507	77.911
12.1531	-7.64029	209.912
-4.82999	-14.9399	2745.42
-5.39825	-13.6984	1054.53
-5.77818	-14.5603	2708.93
1.53223	-13.5368	548.125
-5.69896	-14.5123	209.035
-3.40327	-12.5729	34.7432
-5.63335	-14.8975	61.0677
-4.81578	-14.5863	459.306
-2.60112	-13.9735	427.522
-2.51511	-14.8247	366.667
-2.66302	-14.3129	193.761
-3.6091	-14.6797	1275.85
-6.97579	-14.9623	1989.77
-8.27817	-14.7618	751.414
11.8791	-5.63378	36.2382
-4.0721	-13.695	843.63
-3.69854	-14.2652	1555.04
-3.33494	-14.5478	2823.62
-2.69743	-14.9781	1808.57
-3.9743	-13.7612	457.141
-3.59335	-14.9558	2808.08
-5.14069	-13.8833	282.641
-3.91438	-14.5038	2035.34
-5.36329	-13.1456	1842.98
-2.98262	-14.5202	382.912
-4.86727	-12.9676	757.832
-6.27798	-14.3262	209.228
-3.82983	-14.1595	318.94
-3.93706	-14.071	300.226
-6.27155	-14.3831	1779.07
-4.37153	-13.9995	164.477
-4.21998	-13.4096	1446.47
-1.77513	-14.1142	474.503
-5.96771	-4.8514	1.1575
-4.91247	-14.9412	3060
-4.16043	-13.5644	157.095
-5.21554	-14.89	2344.28
-5.86797	-14.3119	64.3948
-4.28135	-14.7275	2649.05
-4.25036	-14.9389	539.945
-6.24277	-13.4068	1176
-4.12482	-14.9582	1725.58
-2.2209	-13.9744	915.927
-6.64041	-14.2723	648.139
3.90032	-10.6151	75.2838
-4.50552	-13.6252	1388.76
-5.10406	-14.8476	658.114
-14.6003	-12.1619	219.838
-4.48684	-14.5107	224.165
-4.18012	-14.5964	400.332
-4.18534	-14.7802	440.99
-4.83705	-12.4094	612.614
-4.78216	-14.6391	2822.62
-6.52563	-14.6582	699.087
-4.21249	-14.9588	2169.28
-1.93983	-13.5819	1243.78
-4.85952	-13.4702	40.2466
-7.48234	-14.4956	866.485
-2.70185	-13.6857	2027.63
-5.22863	-14.8654	150.598
-4.97186	-14.4629	817.737
-7.88846	-14.67	235.48
-4.98114	-14.6665	193.886
-4.0407	-14.8731	2963.53
-5.2707	-14.0008	23.0561
-3.5415	-14.3242	531.329
-3.70255	-14.9058	2313.95
-3.24853	-13.553	1828.52
-3.74453	-14.9877	61.359
-5.62054	-14.3939	2547.44
-5.37324	-14.3832	2816.11
-5.08843	-14.7971	1071.49
-4.64081	-14.9092	190.029
-3.46231	-14.424	541.604
-4.47924	-14.3464	331.716
0.257783	-10.9749	8.07626
-4.91705	-14.9563	415.55
-5.77431	-14.3427	1570.53
-1.97397	-14.9306	144.484
-4.2412	-14.1797	778.544
-10.9192	-10.6424	134.579
-5.77766	-14.7685	2030.91
-4.66167	-13.3314	672.46
10.7812	-2.41582	62.5086
-6.44938	-14.7335	1594.75
-3.33896	-13.5642	14.7989
-4.10929	-14.2478	687.332
1.33379	-7.09463	1230.1
-4.26226	-14.5548	1308.21
-4.21948	-13.8036	125.361
-2.6758	-13.4885	1752.14
-4.14017	-14.5119	1013.34
-4.99167	-14.1793	942.357
-3.60901	-14.3943	600.671
-4.71099	-14.849	3060
-7.15443	-14.9343	653.945
-8.99291	-12.9216	103.131
-5.95304	-14.927	33.1474
-4.74817	-14.0064	433.618
-2.44116	-14.15	141.646
-3.04507	-12.7228	54.6753
-1.27601	-14.663	490.01
-6.79601	-12.8482	747.083
-5.00488	-13.9126	1252.78
-3.93093	-14.3461	690.197
-5.22107	-14.6688	821.995
-4.89549	-14.2407	531.967
-5.01834	-14.2226	2374.24
-6.32694	-14.4947	852.85
-3.48498	-13.711	822.559
-6.45895	-13.2538	93.7027
-5.46665	-7.5934	74.1424
-2.43155	-13.9743	186.01
-5.41421	-14.7961	3060
-6.25637	-14.7528	1100.85
-3.70789	-14.3096	401.944
-4.85204	-14.4806	688.04
-5.73734	-14.7212	1659.42
-7.0509	-14.8458	91.9349
-5.90089	-14.5671	117.633
-3.78117	-14.5191	2806.82
-6.2026	-13.5071	251.528
-3.50138	-13.5485	242.772
-3.01314	-14.3649	420.35
-4.58677	-13.6932	1284.45
-12.9447	-7.31602	183.668
-4.92624	-14.8871	2755.9
-5.56571	-14.3055	630.695
-6.23132	-14.0044	1097.3
-3.87348	-13.7337	1984.82
-4.81412	-14.7832	1612.64
-6.52869	-14.4105	285.981
-5.90873	-14.4389	34.7432
-4.57176	-14.1508	1438.18
-6.63614	-14.3375	763.894
-4.32748	-14.402	2340.49
-7.05655	-14.5172	68.9727
-4.24888	-14.676	592.6
-5.28051	-13.9967	965.871
-2.42105	-14.2059	384.453
-4.96896	-14.1014	879.949
-3.00684	-14.9472	3060
-4.63616	-14.62	2866
-3.96049	-14.9675	2727.81
-6.9037	-14.6287	1910.39
-4.93979	-14.3457	119.184
-3.83471	-13.4691	1526.68
-5.42403	-14.5905	2159.76
-4.65695	-14.4227	2455.37
-4.99405	-13.9449	2365.07
-6.01335	-14.2367	124.721
-4.21549	-14.6305	1312.4
-4.77642	-13.9998	1107.83
-4.32932	-14.8703	2267.54
-4.72143	-14.8653	1887.7
-2.54454	-14.7658	381.613
0.683045	-14.5952	103.563
-3.06505	-14.9435	974.68
-10.7135	-13.7126	120.647
-4.6468	-14.7205	1395.65
-2.92275	-14.3909	1235.8
-5.26714	-13.6172	814.766
-2.02598	-14.988	2456.79
-6.59692	-13.6779	540.212
-3.80832	-14.8924	1813.12
-4.76847	-12.7434	630.087
-5.34363	-14.5424	2801.5
-3.77597	-13.948	456.611
-5.91347	-14.1997	517.031
-2.52321	-14.8671	828.694
-3.61617	-14.5891	1343.98
-4.64395	-14.7518	56.0737
-6.11383	-14.7331	106.747
-2.16435	-13.4274	994.77
-4.76011	-14.1785	2121.58
-3.94436	-13.2562	103.747
-4.96901	-13.7491	270.983
-4.14421	-14.5244	1297.02
-3.73379	-13.7129	599.407
-2.92668	-14.2752	1845.93
-3.5174	-14.9599	327.237
-4.40632	-14.831	3060
-6.08927	-13.8838	825.433
-4.18025	-14.8898	2888.37
-5.33537	-14.9651	444.349
-4.45843	-14.4138	993.272
-7.09486	-14.2194	123.705
-5.57539	-14.6803	176.864
-3.27024	-12.7656	183.873
-2.62127	-14.7918	1748.12
-6.91363	-14.4138	920.067
-4.66725	-14.6624	1526.65
-2.96172	-14.4469	1067.63
-2.76878	-13.7737	1174.09
-3.96235	-14.8666	961.22
-4.49111	-14.917	2811.89
-4.50179	-14.6718	1259.64
-2.33019	-14.8517	877.409
-3.31649	-14.2324	498.207
-5.00139	-13.9336	945.745
-3.96592	-14.7907	2581.28
-4.01208	-14.4049	1894.41
-0.482323	-14.1909	97.8529
-4.46519	-14.915	1690.53
-5.52844	-14.5042	1341.21
-3.65129	-14.4904	2538.42
-4.37453	-14.8721	275.213
-3.71697	-14.8735	2669.06
-5.10561	-14.304	1579.3
-3.65301	-14.971	1719.2
-3.27032	-14.4685	998.425
-0.47935	-9.98367	77.2288
-0.923654	-13.8678	189.773
-3.56656	-14.5278	1061.98
-3.60323	-13.7821	223.702
-1.46476	-10.0445	232.877
-4.52717	-14.5818	1777.76
-4.77539	-13.9343	1797.49
-10.749	-9.45714	22.9854
-3.69688	-14.5184	488.67
-5.51613	-14.8736	3060
-5.37781	-14.7665	1657
-3.64795	-14.4018	1474.87
-2.25224	-14.9782	994.655
-4.29946	-12.9852	178.667
-5.71879	-14.753	2825.18
-5.65897	-14.8635	1392.61
-2.7168	-14.9703	947.051
-4.71241	-13.5094	1702.11
-3.3932	-13.0565	500.905
1.47299	-0.928607	57.4201
-2.71627	-14.9033	1908.31
7.92347	3.14766	77.8924
-4.86776	-14.0551	265.978
-6.10442	-14.781	115.353
-5.04477	-14.7149	1814.21
-3.74089	-14.5131	414.15
-3.9887	-14.9862	214.604
-5.37244	-13.9098	115.007
-2.23747	-13.3218	241.568
-3.54103	-13.0108	630.748
-6.00374	-14.7878	1056.62
-5.85332	-14.6976	2052.99
-6.10186	-14.7209	2294.55
-6.03432	-14.0505	169.484
-6.1468	6.47569	34.2907
-5.021	-14.9247	808.331
-2.80691	-14.9278	1557.74
-3.7727	-13.3721	168.745
-6.06027	-13.703	157.31
-7.46081	-10.4934	68.7469
-4.72521	-14.6736	2831.84
-3.95714	-14.8823	651.714
-4.00626	-14.8882	33.3063
-6.60684	-12.6992	129.87
0.686898	-14.605	109.992
-3.65652	-14.9397	566.457
-3.99346	-14.4993	2324.69
-4.081	-14.8733	3060
-4.86686	-14.8702	1643.27
-4.54563	-14.4991	542.56
-2.91483	-14.2971	1637.32
-6.49186	-13.154	1597.13
-5.51895	-14.6203	1874.28
-3.08931	-14.8639	1926.13
-5.83398	-14.0717	549.881
-4.1522	-14.5916	1044.78
-2.75429	-14.5822	1946.13
-5.89186	-13.7356	447.201
-4.76159	-13.9886	829.407
-4.04066	-12.2409	255.616
-5.21617	-14.8063	2157.76
-4.87965	-14.9394	1472.07
-5.61916	-14.3698	194.263
-5.34568	-14.3994	768.116
-5.1623	-14.9592	1523.82
-5.44091	-14.0095	462.679
-6.16478	-13.2158	329.784
-12.228	1.41066	91.9709
-2.13802	-13.9965	346.99
-4.75186	-14.8394	3022.65
-2.4393	-13.9617	663.1
-5.16526	-14.3424	632.981
-5.62047	-14.5522	156.288
-4.80196	-14.8132	2483.01
-5.4274	-13.5301	103.759
-4.55164	-13.1001	131.284
-4.19247	-14.2634	761.281
-4.81893	-14.267	1131.92
-3.74376	-13.367	14.7043
-3.37446	-14.6088	965.798
-2.63253	-14.8752	2823.37
-5.36806	-14.4887	2009.55
-4.13881	-14.8243	2822.21
-3.19731	-14.9743	1313.51
-5.88365	-14.1558	340.112
-3.56307	-14.2236	126.52
-4.46728	-14.0066	465.352
-6.67701	-14.6183	130.15
-8.80445	-14.8616	205.588
-3.53073	-13.4024	1702.59
-5.18452	-14.2922	1016.2
-4.50776	-14.2016	1190.55
-5.76915	-14.8888	2334.03
-5.30597	-14.369	2592.4
-3.91281	-14.2163	1864.98
-5.74568	-14.9898	647.554
-4.07839	-14.271	1085.52
-4.05116	-14.7221	136.218
-6.18013	-14.1509	2198.7
-4.81058	-14.1011	1042.71
-7.60037	-14.5027	61.7989
-4.63323	-14.9786	155.082
-1.87523	-14.571	2241.57
-4.25192	-14.8694	1277.71
-5.89711	-14.8198	1834.32
-4.64127	-13.9906	651.146
-5.78963	-14.0913	2233.87
-4.58557	-13.6286	548.092
-1.42385	-14.6981	266.385
-4.89035	-14.3692	2591.82
-3.16346	-14.6907	1710.43
-5.19012	-14.9734	126.917
-3.41653	-14.507	2244.7
-3.57254	-14.2003	2175.28
-0.678435	-14.8294	232.153
-5.75373	-14.6435	82.5069
-1.62511	-14.9775	1650.09
-4.4369	-13.9646	1275.08
-2.27309	-14.725	800.99
-3.66034	-14.4487	2040.44
-7.91035	-14.9842	193.139
-5.37509	-14.2724	2143.59
6.41149	1.7233	242.399
-4.07347	-14.6877	262.462
-7.88506	-14.9858	152.528
-4.93919	-14.3607	792.115
-2.31848	-14.2047	1677.73
-3.03157	-13.5877	1527.11
-2.86811	-14.865	2763.5
-6.4565	-14.4281	154.795
-4.30459	-14.2311	1131.88
-6.31274	-14.0436	1922.72
-3.23167	-14.685	2320.33
-5.49409	-13.8893	873.101
-6.46022	-13.9433	879.508
-4.7421	-14.3343	1287.51
-0.0467851	-10.0703	40.3536
7.02432	-10.301	358.067
-6.36861	-14.562	242.869
-4.2255	-14.3307	1277.07
-5.42759	-14.1101	1914.55
-1.99302	-14.734	576.54
-2.92517	-14.6662	656.184
-2.55085	-13.9469	1114.17
-2.09018	-14.3537	2167.07
-5.33667	-14.8119	36.0824
-4.64288	-14.9713	431.256
-3.80461	-14.3672	288.274
-3.43675	-14.3574	640.048
-4.12959	-13.4974	116.555
-4.0307	-14.6213	2049.75
-3.37876	-14.4679	2692.11
-3.99519	-14.8618	2781.73
-2.65296	-13.2351	215.148
-6.04764	-14.9021	2768.61
-2.16941	-14.0329	195.538
-3.10255	-14.9181	2193.51
-4.99044	-14.776	772.578
-2.0368	-14.9231	2390.53
-2.93771	-14.9282	359.554
-5.70446	-14.398	1158.74
-3.56731	-14.2584	564.802
-2.99225	-14.4377	2204.08
-4.1392	-14.3393	1063.28
-6.1	-14.706	2764.2
-6.71936	-13.3179	82.4479
-5.54793	-14.628	1841
-4.49688	-14.541	529.907
-6.32085	-13.2504	914.479
-4.69489	-13.8998	631.058
-6.16158	-14.7359	526.239
-5.09254	-14.501	406.943
-2.84949	-13.8564	116.415
-7.61721	-12.9313	212.462
-3.24068	-13.3117	34.7432
-6.28234	-14.7409	1122.84
-0.566195	-14.5134	108.19
-5.05431	-14.0484	2307
-4.41637	-14.5839	774.361
-2.10086	-14.857	136.09
-3.86966	-14.9745	1034.45
-2.33767	-13.5322	277.177
-7.30472	-14.2118	1492.91
-5.91434	-13.6404	1702.39
-5.30294	-13.927	2144.31
-5.39197	-14.6307	1588.17
-6.70378	-14.4769	373.701
-4.24389	-13.9569	43.3721
-5.56967	-14.9758	2266.12
-3.71406	-13.7924	797.879
-5.4542	-14.8907	583.329
-3.65299	-14.8153	341.161
-6.36884	-14.3453	1446.59
-3.86026	-14.5979	2812.4
-3.32824	-14.6085	751.353
-3.77429	-14.5175	2775.74
-3.70444	-14.8085	2399.42
-6.78819	-12.1932	257.739
-4.09451	-14.7971	2885.34
-3.94613	-14.9171	2092.36
-3.988	-14.972	2814.6
-4.01829	-13.953	1686.69
-0.934296	-14.6225	166.335
-1.55941	9.05036	168.472
-4.88475	-14.6599	295.857
-6.11199	-14.2348	357.719
-4.30578	-14.3088	2121.47
-3.60517	-14.0852	1199.6
-3.26867	-14.829	235.939
-4.40906	-14.9386	1781.1
-2.69665	-14.2381	252.127
-3.45421	-13.8539	411.962
-5.31809	-14.4318	2560.7
-4.61319	-14.534	1855.85
-6.33983	-13.8796	584.43
1.63548	-7.59607	168.829
-1.57945	-14.613	108.593
-5.98469	-14.917	322.006
-4.2634	-14.5735	574.564
-6.71982	-14.2024	2350.22
-4.46593	-14.7274	2000.43
-4.04823	-14.9123	755.594
-5.52662	-14.6079	646.831
-2.7064	-14.9908	910.133
-4.76178	-14.8409	2141.05
-2.48818	-14.8518	618.554
-2.08339	-14.9581	1715.54
-9.16013	-13.99	75.001
-4.98922	-14.3204	2654.33
-5.63983	-14.0475	2341.92
-6.72718	-13.0823	176.862
-3.08887	-14.558	1372.95
-5.64828	-14.8202	1526.33
-1.96241	-14.4872	806.886
-5.59324	-14.7842	2130.48
-4.33971	-13.769	505.521
-4.7158	-14.5619	496.808
-4.45227	-14.4704	2786.92
-6.17868	-14.5525	1839.32
-2.36777	-14.4637	2066.86
-5.12328	-14.8808	2830.29
6.25421	-8.5801	156.058
-5.51681	-14.0841	1898.4
0.789552	-7.28317	311.84
-3.16569	-14.6824	2559.35
-5.97597	-14.9585	799.326
-5.14865	-13.5943	968.981
-2.48061	-14.9043	2288.75
-4.7514	-14.9478	2706.35
-5.50795	-14.4554	218.536
-5.89317	-14.0167	1233
-5.3817	-14.1196	880.921
-1.70229	-14.1587	1718.93
-3.37814	-14.7508	744.179
-4.23539	-13.3579	224.732
-5.46067	-14.1417	484.184
-2.67735	-14.9161	453.493
-6.57819	-14.1652	253.478
-4.24293	-13.5409	925.764
-3.03674	-13.2128	1261.01
-0.597888	-13.2154	242.828
-6.39526	-14.3251	222.015
-3.99941	-14.4925	681.118
-3.91466	-14.4943	2171.94
-2.37479	-14.9552	1463.32
-3.90214	-14.8055	1076.76
-3.87794	-14.4053	366.305
-7.25303	-14.9899	310.391
-1.34308	-14.6879	86.0568
-3.73612	-13.9631	2177.52
-4.18082	-14.17	1029.03
-5.30107	-13.545	608.068
-5.12197	-13.8525	1294.82
-3.22588	-14.0562	2002.04
-4.72095	-14.4083	145.459
-1.67464	-14.9038	75.3378
-5.77545	-13.9763	2045.07
-3.92795	-14.9341	1072.67
-1.34136	-14.5537	130.792
-3.6248	-13.6412	1235.9
-3.99777	-14.713	2771.04
7.73819	-12.8679	316.719
-4.0713	-14.3979	1891.6
-5.01454	-13.6527	2005.23
-2.52706	-13.1001	0.97822
-2.94063	-14.3458	107.293
-3.20807	-13.8439	669.344
-7.66516	-14.4655	1734.67
-3.90548	-13.7511	1721.91
-2.11712	-14.6459	127.999
-5.7279	-14.8489	1288.61
-1.83972	-14.3405	998.957
-1.8507	-14.6899	317.363
-5.66602	-14.5809	449.477
-6.88089	-13.982	154.757
-5.53426	-13.08	1440.63
-4.53085	-13.5091	111.177
-5.50834	-14.7908	1764.91
-7.21794	-14.483	1084.72
-5.19236	-14.306	1917.49
-6.15009	-14.6351	825.032
-2.67368	-14.393	415.917
-3.53742	-14.295	339.753
-6.17698	-14.805	2565.3
4.39412	-12.5371	150.734
-1.36233	-13.5021	111.319
-5.59627	-14.942	79.0018
-5.71101	-14.9743	1080.85
-5.20857	-14.0701	426.61
0.0107302	-13.0778	102.582
-3.84214	-12.9349	620.325
-2.17384	-14.6345	1374.65
-5.55871	-14.5364	1296.64
-4.64058	-14.6146	664.141
-5.19491	-14.6728	2037.43
-5.55404	-13.4739	1854.54
-5.04602	-14.906	2270.99
-5.75313	-14.9131	689.708
-3.79257	-14.6018	719.147
-5.87323	-14.5721	1410.37
-4.48721	-14.7015	2924.01
-5.71073	-14.7544	422.551
-4.34168	-14.786	743.654
-1.81552	-13.9121	337.157
-4.41647	-14.8514	2933.51
-4.31577	-13.096	225.872
-4.98122	-14.7098	1310.97
-5.68729	-14.2563	547.718
-4.60724	-14.9756	2546.7
-2.12675	-14.5881	1269.98
-7.24774	-14.5712	120.887
-6.55925	-14.821	2191.74
-5.87823	-14.0684	114.89
-4.9591	-13.8718	1476.34
-4.433	-14.3977	1172.58
-5.12276	-14.1111	2537.94
-2.56973	-13.4525	1060.03
-4.90268	-13.0946	678.722
-6.87744	-14.9064	34.2907
-0.900567	-12.4995	227.078
-2.98971	-14.6851	1813.49
-5.47859	-14.3961	2146.38
7.10773	-9.96777	0.728255
-5.24008	-14.8036	794.092
-2.34756	-13.0848	484.668
-5.71831	-14.1017	1449.39
-5.47865	-14.3435	896.4
-1.61011	-14.8254	275.217
-5.22348	-14.2129	1750.54
-3.69817	-14.1784	874.973
-3.46198	-14.4171	672.651
-3.62409	-14.8406	3060
-7.4943	-14.3118	159.912
-3.5157	-14.8353	889.335
-4.76533	-14.4663	805.552
-3.14053	-13.5622	829.686
-2.44696	-13.831	1397.73
-3.80617	-14.628	605.45
-5.00116	-14.0832	1062.05
-4.59492	-12.9118	202.197
-5.84383	-14.9291	1588.23
-5.82926	-14.4051	1047.89
-3.8107	-14.849	2052.48
-3.85864	-13.998	1975.33
-8.73062	-11.8886	167.88
-2.94639	-11.6385	34.7432
-3.19576	-14.3534	665.318
-3.1759	-14.5711	502.723
-4.16059	-14.7029	472.115
-3.99178	-14.9119	1250.82
-5.29893	-10.2954	116.288
-3.8799	-14.3899	2494.22
-5.234	-14.958	1821.44
-2.287	-14.2499	810.057
-4.17465	-14.3916	2072.33
-5.74693	-14.3973	1832.81
-4.38988	-14.0682	397.617
-5.79449	-14.8624	478.31
-4.89801	-14.5234	780.458
-3.68809	-14.3823	2762
3.21011	-14.7382	85.0313
-5.86686	-14.4712	1222.28
-3.9795	-14.9473	2451.85
6.55332	-5.17193	90.9366
-6.04376	-14.871	176.649
-4.9218	-14.0496	1936.1
-4.25995	-14.678	2894.41
-5.01035	-14.3078	1331.91
-4.67916	-14.8333	161.985
-4.88236	-14.6983	2589.76
-4.26484	-14.6779	1624.57
-3.78904	-14.9979	3060
-4.08191	-13.7866	1353.22
-4.04226	-14.9688	425.671
-3.66605	-11.7598	140.48
-4.7724	-14.2095	455.891
-1.5315	-14.804	1154.57
-4.6029	-13.8803	175.014
-3.88351	-13.1061	421.934
-4.1931	-14.9889	787.483
-5.16575	-14.9649	1960.68
-7.13919	-14.2486	619.259
-2.46688	-13.1576	1384.87
-6.76263	-13.8817	1152.85
-5.93172	-14.3855	623.473
-3.37922	-14.013	1369.75
-3.46253	-14.2015	2233.16
-3.93167	-14.8199	221.399
-5.94198	-14.9744	92.5078
-5.76163	-14.2048	300.463
