-9.96539	8.22193	644.947
-4.00491	14.9118	45.9269
-1.42969	13.57	1.40407
-10.8548	14.7662	182.875
-2.55387	4.91373	63.7133
-13.4556	9.78694	30.4473
-10.6294	14.5311	90.8649
-6.45421	14.9214	170.429
-10.2078	14.0663	39.2855
-1.64558	-13.1354	56.8636
-7.59354	-2.23006	22.9192
-5.86277	12.9346	239.699
-7.51747	7.3182	91.8298
-1.17363	8.32327	249.277
-11.6445	14.9618	177.193
1.40466	0.523628	1144.73
-11.5014	14.8729	135.236
-4.64534	8.55391	80.7302
-9.88988	13.003	91.1738
8.0772	7.21133	809.72
-11.4328	12.9602	223.105
-7.25352	-11.9244	49.8961
-14.5001	14.1477	151.854
-6.11585	3.93128	192.968
-8.98814	14.57	240.68
-8.91343	12.7594	180.553
1.8843	11.3309	249.796
-11.8114	7.64063	171.55
-1.91091	8.73604	51.9383
14.4141	13.418	172.603
-12.8579	-14.2573	94.5867
0.351244	9.96557	8.07651
-8.34491	10.8729	212.982
-10.8541	-5.74617	106.201
-9.92473	14.5891	181.585
-11.9072	12.5897	178.73
-7.4017	9.50052	280.172
-0.672123	10.5311	56.6322
-6.97297	14.7011	224.425
-4.65515	13.132	116.891
-3.75179	14.0612	225.295
-10.3075	13.1343	55.4791
-7.75624	14.8981	168.292
-0.226212	3.27618	189.311
-7.9536	10.6167	144.864
5.05789	10.8559	272.316
-9.04768	11.4951	670.348
-10.2315	13.9161	105.709
12.1254	4.81275	21.8501
-7.82329	12.401	142.744
-7.49167	-2.39144	166.251
-9.84541	13.6604	283.743
-9.1982	13.7098	75.3703
-13.0113	12.2997	113.099
-12.0323	13.539	177.783
-11.0824	14.9053	199.361
-10.0227	13.9439	66.2076
-13.3291	2.25297	189.934
1.89675	14.1357	188.679
-11.8533	10.5253	167.867
-14.2152	14.1256	29.5876
-2.66878	12.6136	268.924
-9.25915	11.6468	120.605
-2.96184	11.0095	24.9115
-13.9191	4.03054	316.964
-4.96492	11.8207	51.8551
-11.8742	12.067	60.9277
-10.8149	13.2558	108.586
-12.9703	-10.0511	1.57838
-9.31551	10.5687	12.1172
-1.5111	14.2562	187.598
-3.43054	12.1427	63.8312
0.257379	2.58917	487.808
-4.84084	12.7404	150.904
-11.4573	13.1449	128.079
-12.8092	14.7334	126.729
-13.2522	10.7754	161.983
-14.3936	13.2265	459.875
-0.416511	12.5352	149.745
-10.9462	13.1679	717.06
-8.94027	14.1081	133.046
-13.6051	14.5287	86.702
5.34606	11.789	301.542
1.16036	-11.4322	149.011
-1.75479	14.5668	132.627
-7.7452	14.6236	141.534
-6.352	12.4599	201.115
-13.6621	13.725	134.713
-0.941251	-0.500996	698.836
-11.8676	4.18755	749.017
-13.3297	2.68384	268.066
-7.15838	13.781	20.447
-7.16693	12.2844	232.948
-7.63389	14.9861	163.914
-7.3929	12.3635	17.6643
-11.8413	10.8219	252.773
-5.02438	9.75844	110.373
