-14.4823	8.39319
-14.5912	5.653
-13.1996	8.31806
-14.6415	9.16578
-13.5411	7.97473
-14.7473	10.0779
-13.3056	9.26269
-14.6322	11.5021
0.954816	-3.66881
-14.5275	6.36001
-14.9518	9.20441
-13.8023	5.89971
-14.9865	10.5069
-14.5024	8.50223
-12.4924	8.05949
-14.673	6.61361
-12.0441	7.49455
-14.652	8.62995
-14.4986	8.35423
-14.3726	5.86633
-14.715	8.90843
-14.747	8.60612
-12.8329	9.46126
-12.4917	7.72041
-14.5475	8.05192
-14.0296	6.89949
-14.7198	6.48808
1.1622	3.57307
-1.69151	3.28514
-14.5014	8.12561
-14.5446	8.1565
-14.0587	9.03039
-14.2561	8.6172
-14.3791	6.09487
-14.7437	7.90233
-14.2957	8.83792
-14.7259	5.3348
-14.4568	9.11362
-14.3022	7.26378
-14.2037	9.23731
-14.3564	8.2541
-14.6094	7.55028
-14.149	4.34021
-14.0549	7.23602
-11.9841	8.83016
-10.0916	2.02978
-13.9382	8.59132
-14.9048	9.2252
-13.0084	6.04308
-14.8085	8.49209
-14.8097	8.72747
-13.9435	6.49536
-14.7139	5.42348
-14.8949	7.67304
-14.53	7.17315
-14.3329	8.56654
-13.8809	8.31249
-14.3366	6.90685
-14.8381	9.40771
-13.7427	7.484
-13.4674	6.25556
-14.3728	6.84514
-14.9374	7.04359
-14.0234	6.39183
-14.5158	7.40823
-13.9778	10.6186
-13.8272	6.9157
-14.5086	5.91765
-14.8224	7.15916
-14.642	7.47113
-14.6968	6.74404
-14.9781	8.31115
-14.7605	6.77244
-14.6753	6.80812
-14.9445	6.12104
-14.5432	5.31071
-14.2733	9.80456
-14.9365	7.05258
-11.7268	5.40319
-14.7526	8.89958
-14.9223	5.22042
-14.4633	6.33802
-14.0402	7.90383
-14.9086	8.45178
-14.9293	8.3514
-14.4742	6.92017
-14.8816	7.0967
-13.7499	6.34179
-14.4737	8.84569
-12.6285	9.2387
-14.2317	4.26187
-14.7662	9.46011
-14.5857	6.37693
-12.8845	7.55687
-14.8362	8.0332
-14.9811	7.87618
-14.0269	9.25657
-14.9295	7.71216
-14.1037	7.08049
-14.1984	12.6937
-14.2702	7.37984
-14.8666	8.45739
-14.9346	6.47297
-13.7233	10.4205
-11.5717	9.62372
-14.7774	8.64987
-14.8172	6.36631
-14.0959	7.37865
-13.9472	6.55781
-14.2326	9.53839
-14.9166	6.18184
-14.7702	8.16829
-14.8261	6.65154
-14.993	7.72817
-14.8183	8.74294
-14.5317	5.5143
-14.5687	8.02786
-14.8782	8.06826
-14.739	5.2012
-14.7201	5.58521
-14.8381	7.15966
-7.03657	-3.90534
-14.8806	9.55013
-14.1505	7.11291
-14.0155	8.81738
-13.1886	8.58102
-14.4404	6.79047
-14.2188	9.17084
-14.602	7.72579
-14.8321	6.87424
-13.9932	8.23072
-14.4661	5.74228
-14.2595	7.37417
-13.935	8.46709
-14.1306	7.73899
-13.4341	7.93186
-14.5858	4.60684
-14.6364	5.42716
-14.7739	7.80632
-14.9484	8.37467
-14.5994	6.01934
-14.8106	8.0406
-14.4344	7.46027
-12.1626	8.51397
-14.489	9.19703
-13.9797	7.43993
-13.4976	10.0363
-14.8378	7.63789
-14.8842	7.34372
-14.8846	6.60547
-14.1338	7.96913
-13.2766	8.78806
-13.9331	7.9943
-14.3948	3.86371
-14.1559	10.3721
-14.334	6.54522
-14.5691	9.4895
-14.9903	8.78663
-14.8494	7.76702
-14.997	6.92798
-13.2106	1.85331
-13.9853	8.84296
-14.5651	7.91812
-14.7783	7.24227
-11.8058	4.12043
-12.5895	7.10983
-14.4981	6.97032
-13.582	7.29175
-14.704	6.8674
-14.7496	8.55162
-14.5737	9.13647
-14.2907	6.50512
-12.0757	6.89392
-14.9733	6.65157
-14.5859	9.40541
-13.0724	4.60363
-13.9109	8.85183
-14.5055	8.22333
-14.7576	8.426
-14.9967	6.35017
-14.9675	6.19823
-13.8937	9.81666
-13.8783	7.31638
-14.5745	5.1604
-9.39805	-0.324553
-14.9165	4.02342
-13.9656	7.57756
-14.357	9.50205
-13.897	8.52473
-14.7748	8.51925
-13.722	9.64706
-14.7696	6.81224
-14.5233	5.38491
-14.7295	9.16849
-14.038	8.8965
-14.6261	8.27898
-13.6066	5.35646
-14.7551	6.6552
-13.8921	8.00351
-14.4785	8.69937
-14.5119	5.93017
-14.7145	6.35842
-12.097	6.82879
-9.45346	-3.25492
-14.1285	7.26375
-13.8937	7.80129
-14.5343	8.13391
-14.6963	7.50258
-13.5256	7.00349
-14.8976	5.03186
-14.2422	9.09255
-13.8009	6.66785
-14.4565	6.32024
-13.9723	7.05383
-14.6261	6.75165
-14.5964	5.01658
-14.8661	6.60585
-14.5669	6.39518
-14.8178	8.41896
-10.596	3.62815
-14.7869	7.48857
-14.6337	9.15933
-14.0668	6.64544
-14.8473	7.26679
-14.6741	9.26667
-14.9398	6.44831
-14.6958	8.20945
-14.4127	8.36478
-13.4898	5.87897
-10.9888	3.70607
-13.6564	5.80794
-14.8574	8.08178
-14.0932	7.99154
-14.1526	7.40418
-14.3211	8.0613
-13.844	8.77915
-14.9755	8.97287
-14.7027	9.58838
-14.3044	5.52371
-14.5464	9.23451
-14.771	9.36708
-13.4907	5.01673
-13.8924	7.80195
-14.6565	5.54088
-14.4456	8.48003
-14.039	9.23707
-13.0438	6.75279
-14.8391	7.41382
-13.8576	6.17986
-2.42747	10.2652
-14.602	7.6512
-14.667	6.00664
-14.9306	5.44949
-14.8009	5.9347
-14.8645	8.71966
-14.671	10.0669
-14.4516	9.56669
-14.6689	7.26396
-7.6921	2.70793
-14.7628	10.3061
-14.9259	9.7298
-14.9324	6.52837
-14.5448	8.85411
-13.8753	-14.3212
-14.1138	6.85365
-14.0812	7.85783
-14.6319	6.70398
-14.3861	7.30132
-14.4634	7.86605
-14.3701	6.27268
-14.7316	6.29714
-14.9395	8.41465
-9.65601	8.78033
-14.671	6.36148
-14.6558	6.16696
-11.1639	-2.58827
-14.8252	5.79193
-14.9832	7.78216
-14.1663	5.18738
-14.7452	7.01503
-14.8762	7.7197
-14.9539	6.54327
-12.7584	8.37973
-14.0715	5.98683
-14.1589	9.66287
-14.599	6.36951
-14.3886	10.5388
-14.5788	7.04056
-14.8491	5.80128
-14.0256	7.29939
-14.4697	9.42301
-8.9997	3.53212
5.4411	-12.3937
-14.8202	9.1315
-14.9494	8.72953
-14.4411	6.25244
-14.0989	6.29447
-13.8207	9.33135
-14.1338	6.33013
-13.5171	5.73378
-14.0724	7.82866
-14.0835	10.7475
-14.6055	8.16434
-14.7168	8.75563
-14.5234	7.96411
-13.7498	7.75889
-14.1563	7.8328
-14.8273	8.80701
-13.8947	8.64947
-14.5055	9.17643
-14.7049	7.0402
-14.3529	5.92363
-13.4005	6.88705
-14.8334	7.41399
-14.5885	7.26592
-14.8678	8.56339
-14.4177	8.10112
-14.4416	9.21177
-13.9662	7.0361
-14.244	7.80158
-14.5271	7.33662
-14.7552	9.25204
-14.5424	5.95871
-14.8823	6.97233
-13.9281	5.78001
-13.7752	6.22709
-14.4684	7.09431
-14.5857	6.75391
-14.8779	5.06447
-14.0127	8.31322
-14.5443	9.07526
-12.2367	10.314
-14.6227	6.5637
-13.8908	6.67466
-14.3039	6.58542
-14.9399	8.61586
-14.3541	6.2881
-14.2433	5.92014
-14.9887	8.51376
-14.3484	7.90812
-14.9706	6.18131
-14.9977	8.75874
7.87151	6.32195
-14.4097	7.80204
-13.3889	6.17331
-13.9821	8.98913
-13.911	7.38687
-14.916	5.62282
-14.8228	8.41009
-14.5767	7.88867
-14.9981	8.26926
-14.7088	9.78816
-14.5532	9.9918
-14.3487	5.92007
-14.971	8.10451
-14.6962	6.33508
-14.8252	6.067
-14.8506	8.07754
-13.7284	6.80022
-14.7846	7.81685
-14.9531	8.55653
-13.1127	8.79781
-14.3967	8.38185
-9.37766	9.22557
-14.466	6.06941
-14.0603	8.50625
-14.9512	7.18308
-14.9289	8.29303
-12.8359	11.0363
-14.761	3.45106
-14.8721	8.56104
-13.3646	7.1763
-14.5365	9.75392
-14.883	9.96612
-14.8531	8.86137
-13.8706	5.44928
-13.8209	5.40757
-14.8574	7.25623
-13.5229	7.48605
-14.1038	7.75809
-14.4212	7.68496
-14.6102	8.6745
-14.2225	9.03205
-14.6332	7.26799
-14.8303	10.0188
-14.4011	8.5926
-14.7604	7.06213
-14.9226	4.53742
-14.3889	6.08111
-9.58315	6.5696
-13.4972	7.51992
-14.9087	9.11609
-14.3408	6.88502
-12.544	7.24052
-14.9839	8.05642
-13.5446	5.97081
-12.1924	14.5036
-14.7075	8.04875
-14.4933	5.79138
-14.7709	7.15065
-14.6939	5.97579
-14.6895	8.19395
-14.9128	7.19533
-14.2581	9.17815
-14.3142	5.857
-14.3533	9.76639
-14.7057	5.60233
-14.5734	7.11874
-14.423	6.4355
-14.3801	6.70608
-14.9071	8.60138
-14.5394	6.67026
-14.7903	8.65924
-14.1846	9.37063
-14.5822	6.06613
-13.6253	5.91999
-14.863	9.11031
-14.3727	5.20071
-14.3378	6.89449
-12.6058	7.8223
-14.718	8.76059
-14.8238	5.85546
-14.6564	7.22375
-14.8491	5.73363
-12.2905	4.75721
-14.387	8.11181
-14.4543	8.16551
-13.8445	6.05689
-13.3648	9.03128
-14.6368	7.40511
-14.4774	6.84466
-14.6825	6.34694
-13.8585	7.36389
-14.6071	8.04994
-14.0183	5.78985
-14.5619	9.49697
-14.5536	7.74454
-14.4721	7.25972
-14.6011	6.14633
-14.1559	9.74153
-14.1016	7.90086
-14.7445	8.39322
-14.7029	9.46919
-14.942	7.73424
-14.9246	5.98845
-14.8685	5.89587
-14.6205	9.73903
-13.9308	6.97023
-14.4853	9.09404
-14.9156	6.83404
-12.6821	6.25426
-14.936	7.61924
-13.0749	7.91108
-13.7061	7.62662
-14.7445	7.83019
-14.9257	5.76791
-14.7818	6.06917
-14.3607	6.42153
-13.577	6.35026
-14.6378	9.46646
-14.9662	9.36323
-14.7429	4.89739
-13.9566	5.97575
-14.9385	7.95157
-14.8191	5.46685
-14.3806	7.76786
-14.917	7.86257
-14.7379	11.4196
-14.8217	6.99497
-14.9423	6.35476
-14.9653	9.01284
-14.5178	8.8168
-14.9429	7.22622
-14.4232	6.68244
-14.8239	6.18744
-14.2867	5.00876
-14.693	8.31552
-12.9515	5.9963
-14.3455	5.80703
-14.9667	8.1747
-14.7424	8.73136
-14.6085	4.85282
-14.6332	8.0826
-14.8958	8.72929
-14.0317	7.61904
-14.3886	5.92056
-13.5018	7.37719
-14.3596	7.24353
-14.501	8.08432
-14.0698	5.15032
-14.6496	7.40801
-14.2635	4.78993
-14.9055	8.86516
-14.4263	8.23618
-13.5347	5.51166
-14.861	8.07359
-14.7032	9.13962
-14.2588	8.93717
-14.5218	7.71545
-14.586	6.99705
-14.5675	6.74942
-14.7622	7.02842
-14.1108	7.14962
-14.4404	9.06108
-14.4697	7.69039
-14.8575	8.69398
-4.63685	1.2436
-12.5918	0.332313
-14.6266	5.98866
-14.8506	9.42094
-14.7763	8.46831
-14.6352	9.48044
-14.7545	6.7886
-14.7629	6.22593
-13.8045	6.91488
-14.8481	9.97881
-13.6258	5.42688
-12.9867	7.64208
-14.8674	6.91824
-14.4436	7.13858
-14.9884	8.52969
-13.7433	7.63255
-14.3641	7.36608
-14.688	7.10035
-14.4606	7.08093
-13.6744	8.10618
-14.5425	7.22774
-14.8279	8.94345
-13.9674	7.20828
-14.1506	8.12166
-14.2939	5.14296
-13.6651	6.87403
-14.7613	9.1808
-14.6216	7.81751
-14.662	7.71365
-14.4808	9.41241
11.8392	-1.44554
-12.1154	7.42596
-14.7243	5.88516
-13.1887	8.14431
-14.3614	8.37553
-13.3256	8.18647
-14.4445	6.71585
-14.824	6.54713
-14.4836	9.43947
-14.938	9.03829
-14.0007	7.43258
-14.492	5.46382
-14.0145	9.11515
-14.8544	11.0454
-14.6494	9.07774
-14.1249	8.31485
-14.7895	6.80595
-14.782	5.88559
-14.35	5.60103
-14.8598	6.84318
-14.2672	10.0401
-13.661	8.38996
-12.8034	9.33634
-13.3043	6.92302
-14.6522	5.86832
-14.7158	8.36035
-14.7734	6.48139
-14.3008	8.58978
-14.4195	10.1165
-14.5683	7.33238
-14.7167	5.64294
-14.9844	6.81251
-14.3278	10.6173
-14.5519	8.20182
-14.8749	7.44249
-14.7172	6.81336
-13.5618	6.8484
-14.9063	8.15878
-14.8171	5.38937
-13.6092	8.72555
-14.0375	7.75703
-14.7313	6.74357
-14.7572	8.37448
-13.9466	6.43991
-14.9749	8.7693
-14.9287	9.03823
-14.7413	8.25395
-14.824	8.37975
-14.8139	5.94962
-14.9509	7.58872
-14.6579	7.31451
-14.2609	6.79693
-13.6995	6.16132
-14.6871	7.73105
-13.447	6.43521
-14.7804	7.97281
-14.2409	5.59304
-14.5015	9.81089
-13.7866	6.02536
-14.254	6.18818
-13.9968	7.0539
-14.4564	7.07752
-13.8	8.74929
-13.7481	8.90415
-14.0972	4.89266
-14.3984	8.47946
-14.1569	5.28918
-14.4898	8.71275
-13.4218	6.53135
-14.4166	7.27483
-14.1603	7.26369
-13.8312	8.64533
-13.6151	4.85064
-14.3068	7.22087
-13.7182	7.68085
-14.2536	8.31889
-13.6598	8.71196
-14.6293	8.38348
-14.5631	7.33674
-14.7382	8.02147
-14.5285	7.24242
-14.7273	5.80563
-13.1717	5.57897
-14.898	9.18251
-14.2195	10.2956
-14.9344	7.05338
-14.6846	8.32512
-14.6915	9.82049
-12.749	8.24455
-14.956	5.68127
-14.1079	7.38485
-14.1077	7.043
-14.2101	11.0516
-14.7154	6.62663
-14.4761	8.98536
-14.6538	6.1315
-14.2431	8.72084
-14.5222	7.13213
-8.26518	8.36554
-14.2528	8.98056
-13.8279	11.5991
-14.5638	6.19565
-13.4485	5.72784
-14.837	7.63673
-14.6408	6.84041
-14.968	6.85526
-13.3034	6.53083
-14.1944	6.47242
-14.7928	7.60403
-14.1529	7.10435
-14.7737	5.47525
-14.2449	5.04573
-14.9292	7.22224
-14.1538	6.7089
-13.8491	8.74975
-14.9951	6.28414
-14.3037	5.79921
-14.6914	6.11018
-14.5105	6.69066
-14.5162	7.66953
-14.4939	6.13814
-13.8435	8.85715
-14.8413	4.78964
-14.7687	7.01381
-14.6257	6.75848
-14.8985	7.8954
-14.5821	9.64423
-13.6908	6.89033
-13.548	1.22524
-13.5319	9.92653
-14.9877	8.60686
-14.9563	6.53481
-14.3728	5.4787
-14.3516	4.95151
-12.6212	3.65476
-14.96	6.33197
-13.6509	6.78983
-13.8938	7.43069
-13.8974	7.14775
-14.312	5.4434
-14.6986	7.36598
-13.9429	6.32705
-14.9557	8.20358
-14.103	7.22977
-14.298	5.75496
-14.5809	8.47489
-14.7294	8.42131
-14.9879	8.82556
-10.3688	12.1616
-14.8907	7.42725
-14.5273	6.31227
-14.8288	8.81858
-13.5509	7.58874
-13.923	7.80702
-14.5977	8.97983
-8.1434	7.44519
-14.1257	9.75179
-11.2905	-1.09445
-14.8657	6.93668
-14.9101	7.97409
-14.9344	7.4859
-14.4325	8.18631
-14.9904	8.96351
-14.2642	6.7776
-14.44	4.52018
-13.953	10.4831
-11.7121	3.99182
-14.3073	8.32152
-14.7057	6.96044
-14.5532	5.74833
-14.2941	7.42868
-14.6651	8.67893
-14.393	5.64403
-14.8508	10.3361
-14.8012	7.99126
-13.8816	4.98253
-13.996	3.19279
-14.9653	7.11753
-14.1857	6.82543
-7.349	-2.80515
-13.5332	9.61833
-14.7242	6.23515
-13.3474	6.61787
-13.6513	8.5234
-11.4705	9.68819
-14.5396	8.59867
-13.7212	8.17468
-14.2359	6.45707
-13.435	7.97798
-14.1142	7.06047
-14.2283	6.96239
-14.834	5.2811
-14.7689	6.70893
-14.9863	5.63267
-14.5014	6.68243
-14.5221	7.22415
-8.87518	1.03852
-14.9588	6.99031
-13.6793	5.5898
-13.6264	5.12856
-13.3756	9.08362
-14.8542	6.59737
-13.6874	8.36107
-14.7579	5.40113
-14.5876	6.68106
-14.8689	7.93285
-13.7584	8.85627
-14.2138	7.17976
-14.9723	9.41733
-9.73307	5.73994
-14.2271	9.12272
-13.995	9.02379
-14.8153	7.09096
-14.9321	5.40519
-14.3469	6.02821
-14.9261	6.76693
-7.2319	7.6053
-14.3207	6.54609
-14.9834	8.69543
-14.9261	4.96723
-14.2615	4.61315
-14.8858	7.81889
-3.22224	-0.558781
-14.8048	6.51419
-9.63101	8.84515
-14.9806	6.05639
-14.7383	7.46974
-14.8459	5.31701
-14.9032	8.21266
-14.1396	7.21857
-14.6724	7.36289
-13.8426	5.54702
-14.4264	8.1485
-14.263	7.94348
-13.9523	8.81127
-13.9438	8.55469
-14.938	5.09184
-14.7416	6.70904
-13.3782	5.19828
-14.9878	7.12524
-14.0071	8.60326
-14.3885	7.31936
-14.3948	6.39271
-14.8304	5.25191
-11.0978	9.40814
-13.219	6.86338
-14.7723	6.92087
-6.72495	13.691
-13.5959	7.55344
-14.5375	4.78415
-14.8452	6.35372
-14.6867	10.0747
-14.4077	6.36173
-13.6145	7.32598
-14.2503	7.17468
-14.6636	8.09792
-13.8232	7.48874
-14.7564	6.57534
-14.3657	7.04892
-13.2439	6.04886
-13.5149	10.1714
-13.9299	7.97963
-14.9895	8.23738
-13.6679	8.86359
-14.4519	7.71302
-14.9156	8.14613
-13.8004	4.48428
-14.8503	5.41068
-13.977	9.42541
-14.566	8.60168
-12.6491	10.6412
-13.9639	7.45313
-14.5168	8.09021
-14.2721	7.23737
-14.129	7.68377
-14.5896	8.27029
-13.2225	7.00954
-13.6141	6.81949
-14.821	8.57259
-14.0057	8.60547
-13.7323	7.50239
-12.8683	8.47565
-14.0964	8.16346
-13.4699	4.42955
-14.9762	3.9741
-13.1569	6.52524
-14.9627	7.36716
-13.9885	7.42702
-14.7384	8.75964
-14.8545	10.0327
-14.2035	4.30087
-14.0248	8.45249
-14.7009	7.315
-14.9571	7.22187
-14.3721	10.2071
-14.5523	8.27891
-14.6428	5.02929
-14.4356	7.34298
-11.649	6.63504
-12.8224	6.10363
-14.0376	7.22911
-14.5253	7.63837
-14.817	6.57877
-14.1961	10.9375
-13.6366	4.65375
-14.3212	7.07115
-14.7049	6.43836
-13.6102	6.71808
-6.14051	8.36363
-14.6441	6.86649
-13.9512	9.1537
-14.6081	8.26931
-14.5913	8.186
-14.8836	6.61597
-14.5965	6.24381
-14.9991	7.24863
-14.8907	6.23574
-14.1767	7.1291
-14.8979	6.05566
-13.8975	10.8378
-14.9015	5.41459
-14.7578	4.11714
-14.1386	7.50911
-10.455	7.44792
-14.8195	7.6979
-14.8375	10.1737
-14.9316	7.5521
-14.7446	8.09777
-14.7466	7.19361
-14.1738	9.14722
-14.9933	8.67298
-12.7806	5.66563
-14.0982	6.29128
-12.7209	7.9387
-13.8049	5.85691
-14.9627	7.86283
-14.1431	8.85687
-14.3733	5.91179
-14.3948	6.15493
-14.1705	8.61428
-14.1081	6.22898
-13.0033	9.71801
-14.2015	7.84624
-14.0959	10.9014
-14.1874	9.06446
-13.9176	6.84254
-13.8594	6.97563
-14.969	9.43631
-13.6497	9.57053
-14.248	8.74419
-14.8773	7.02259
-14.2497	7.34915
-14.6852	9.84792
-14.2434	3.38364
-14.2027	8.2806
-14.6685	5.49471
-14.739	7.17261
-13.3111	9.55236
-14.5356	8.53506
-14.3498	7.78046
-14.7373	8.0948
-13.92	7.94866
-13.9362	8.89238
-14.3186	8.09498
-14.8859	8.28529
-14.1661	5.10725
-14.3144	8.36774
-14.729	6.2481
-13.543	8.66791
-13.8044	9.22349
2.18367	14.9512
-12.9647	6.01671
-14.5181	7.42588
-13.0216	-1.11609
-14.9601	6.83018
-13.1504	8.36557
-14.7107	7.77287
-13.6721	8.8165
-13.429	6.93721
-13.7242	6.06412
-14.913	8.18851
-14.4832	6.16529
-10.3677	4.40196
-14.145	7.12071
-5.58254	5.67113
-14.8992	7.8737
-14.3902	10.6643
-14.8257	8.93173
-14.9816	7.3237
-14.913	8.03614
-14.5256	7.83965
-14.3957	7.0619
-14.6259	6.04587
-12.969	8.13693
-12.9141	6.16907
-14.9819	7.36389
-13.419	7.83542
-10.5478	9.83824
-14.0824	8.73591
-14.1961	8.74788
-13.2831	6.44161
-14.7628	6.99891
-14.0871	6.53922
-14.7193	7.29255
-14.8357	8.30346
-14.6361	6.81666
-13.5935	9.50458
-14.5122	6.43521
-14.5889	9.53179
-5.31777	5.22788
-14.8565	5.61435
-14.4163	9.31992
-14.8129	8.24331
-14.9875	6.96589
-14.1284	6.61283
-13.5601	8.74046
-14.9934	5.37637
-14.9664	5.06601
-14.9389	7.38685
-14.1438	7.91016
-14.4073	3.45261
-13.7085	9.23424
-14.085	5.82374
-14.4478	7.79642
-14.6742	8.51529
-14.99	7.30473
-14.2754	7.0012
-13.8465	5.27095
-14.5287	9.51018
-14.9087	7.69192
-14.4841	7.32701
-13.9434	8.85438
-14.2966	8.45727
-10.6656	6.72796
-14.3293	7.03203
-13.9277	7.55541
-13.8834	8.549
-3.90866	13.1882
-14.6826	5.49098
-14.4836	7.23973
-14.6466	7.99919
-14.3924	6.49493
-13.2501	6.15388
-14.5106	7.22772
-14.0007	7.87599
-14.8174	7.31649
-14.9619	7.78546
-14.3538	10.0905
-10.8507	4.02482
-13.7632	8.01883
-14.7442	6.68492
-12.9588	7.15617
-14.9753	7.56477
-14.5789	8.82435
-14.1281	6.08064
-14.9123	7.97675
-14.2098	5.86137
-11.638	8.45884
-14.0208	6.96268
-13.569	5.75034
-14.3875	9.54808
-14.1782	5.75271
-14.8756	9.01347
-14.4438	6.17318
-14.0218	6.49642
-14.7679	8.46311
-14.9651	6.05006
-14.9872	7.61876
-14.9083	8.57868
-14.7502	6.51238
-14.9172	9.51316
-14.2021	8.87391
-14.964	5.91197
-14.5455	6.36544
-13.7374	6.27556
-14.812	5.91646
-14.5545	6.2441
-14.9859	5.94516
-14.5594	8.02002
-12.6801	6.76756
-14.4598	8.69673
-14.4184	7.23392
-13.5004	8.90647
-13.5148	4.80535
-14.0384	6.58729
-13.8868	8.54734
-14.9876	7.92527
-13.989	6.16751
-14.9045	7.82339
-14.6907	9.07295
-14.6444	7.56131
-14.3586	7.69088
-14.1391	5.90563
-14.6586	6.39258
-14.6029	8.81927
-14.8415	5.17796
-14.4056	9.98882
-11.7556	10.3851
-14.2958	5.68833
-14.4574	7.79994
-14.8047	6.22907
-14.5455	8.22407
-13.4406	6.77791
-14.8456	7.79055
-14.9638	7.92092
-12.5647	6.83764
-14.4875	6.78149
-14.9606	7.07022
-14.1312	7.57387
-13.4256	8.57443
-14.2357	5.97118
-13.025	6.60237
-14.7695	9.69662
-14.2889	6.20252
-13.8781	8.14474
-14.6842	9.45317
-14.5282	8.33216
-14.5441	7.17365
-13.7496	6.41348
-13.9331	8.45282
-13.6457	6.56764
-14.5756	8.59101
-14.8961	7.97301
-14.4035	6.52581
-13.8045	8.2619
-14.2132	5.43089
-14.9119	8.57616
-14.816	5.81195
-14.9268	6.24042
-12.3	6.61152
-14.9768	7.6849
-14.249	11.9437
-14.1709	9.10617
-14.0933	7.05186
-14.6354	7.48096
-14.7007	5.04186
-14.8787	4.95257
-14.8622	5.11759
-14.7033	7.38266
-14.6823	5.4341
-14.7386	8.66066
-14.81	6.42016
-14.8797	6.80872
-14.6884	6.18729
-13.7761	8.00072
-13.932	5.2979
-14.9348	7.88111
-14.0577	0.741182
-14.5848	7.17744
-14.9407	8.31549
-14.5369	7.53655
-14.1999	8.57046
-14.9194	7.18476
-14.405	7.42186
-14.9213	7.12582
-14.106	6.04444
-13.8976	8.22478
-14.6774	7.35383
-14.6573	8.27617
-14.1744	4.4871
-13.8834	8.90575
-14.4895	7.83319
-14.5917	7.3886
-14.0749	8.59704
-14.7615	9.0933
-14.8339	7.66643
-14.2578	7.71245
-14.5705	6.88502
-14.9869	8.0747
-14.5926	9.95449
-14.6	10.1792
-14.4854	6.30256
-13.4427	10.6193
-13.6568	10.2066
-14.494	6.12106
-14.3406	8.21333
-14.0378	7.01704
-14.2798	6.93698
-13.61	7.36737
-14.8541	6.07836
-14.2275	6.16635
-14.416	7.19126
-13.3483	-3.2858
-14.7386	5.85335
-14.9901	8.12526
-13.9357	7.47575
-14.3828	8.38577
-14.127	7.87996
-14.9247	6.68896
-14.6033	7.98178
-14.5817	6.37432
-13.0142	6.70864
-14.5314	7.22125
-13.4	7.71292
-14.9504	7.54351
-14.6883	6.36145
-14.6434	9.91727
-14.7633	7.37208
-14.5163	7.48054
-14.5606	5.48796
-14.9775	8.11952
-14.9577	7.7682
-13.5388	7.98487
-13.8702	9.17408
-14.8921	10.4195
-14.8147	8.98428
-13.6427	6.60895
-14.7561	9.55069
-13.721	11.4578
-14.4684	7.13014
-14.9197	8.5653
-14.8677	8.12557
-13.9685	5.6401
-13.2866	8.76342
-13.4299	9.48463
-10.7812	8.69058
-14.0001	8.93292
-14.5405	3.1692
-13.9661	10.0397
-13.7937	8.8696
-14.1029	7.05216
-14.7619	9.05032
-13.727	8.69608
-13.7846	5.05961
-13.9264	6.92154
-14.0778	7.4925
-14.3779	7.42647
-14.7148	7.9056
-14.8075	7.78413
-14.5708	8.34801
-14.6321	8.07684
-11.8311	-12.9386
-12.0135	4.847
-14.3588	6.3228
-14.5187	6.80599
-14.3891	7.05828
-14.1873	7.54738
-14.1289	5.4348
-14.9228	8.21576
-13.6387	8.00656
-14.7436	7.39775
-14.1041	7.00143
-14.016	7.37446
-14.9208	10.3159
-13.4471	6.74928
-4.20393	13.3062
-14.9867	7.73468
-14.7617	6.98758
-14.0368	6.88304
-14.0588	7.63155
-14.0261	8.10791
-8.01548	-1.49792
-14.9067	5.81296
-14.9366	7.15507
-14.1223	9.31159
-14.7256	10.032
-12.6584	5.02707
-13.0579	3.52254
-12.6823	4.19261
-14.2697	8.37072
-14.0932	7.93913
-14.9093	8.76354
-14.5187	9.00244
-8.26059	1.21478
-13.3613	9.73215
-14.4369	7.19545
1.31541	7.33523
-14.9568	8.64226
-14.9939	5.86611
-14.748	6.53425
-14.0748	7.28967
-14.7854	6.91093
-13.5665	5.48827
-14.6326	6.00474
-13.3195	10.1946
-13.9435	6.94321
-14.6483	6.56238
-14.9485	7.03343
-13.9451	7.27744
-14.0765	7.43369
-13.8629	6.23814
-13.5701	6.91109
-14.797	6.90556
-14.2708	8.43741
-14.0873	8.90178
-8.92812	8.67082
-14.7937	11.7529
-13.7937	6.83461
-14.7751	12.3773
-14.2731	6.53774
-14.8966	7.99718
-14.8308	5.18819
-13.5068	7.27534
-14.1016	7.38077
-13.9162	5.95786
-14.8151	9.22725
-14.5341	7.25366
-13.8574	8.13042
-14.7016	9.04025
-14.1722	7.40963
-13.3358	9.15673
-14.0059	8.58802
-14.08	9.08112
-14.107	6.34966
-14.6535	8.25325
-14.5774	7.41274
-14.6612	7.69862
-14.6542	7.04468
-13.4465	7.78844
-14.7511	6.50743
-13.764	6.59019
-13.9588	5.3526
-14.4554	8.78592
-14.2775	8.48842
-12.3481	6.80721
-14.5628	8.49947
-13.5809	8.90669
-14.9253	8.77071
-14.437	7.80372
-13.5718	7.0529
-14.2293	7.7002
-14.9104	7.73099
-14.8788	6.6767
-14.9997	5.82223
-14.2221	9.48836
-13.7698	7.38178
-14.6315	9.27077
-14.9062	7.86942
14.9821	-1.42703
-14.7612	6.25623
-14.8133	7.82308
-14.5765	7.78296
-14.7464	0.824842
-14.9672	5.17559
-14.6767	7.21472
-14.5035	7.25342
-14.2237	4.2006
-14.3222	8.13424
-14.6195	9.39677
-14.9785	10.2815
-12.3675	8.18483
-14.807	6.40859
-14.1097	6.19687
-13.8993	5.68616
-13.532	6.43023
-14.8906	8.10827
-13.8885	11.5841
-11.3371	6.03686
-15	5.87475
-14.6768	5.69404
-13.1149	9.165
-14.8094	6.94546
-14.1813	7.14172
-14.192	9.16886
-14.2697	7.36485
-7.16335	8.56484
-14.8225	7.45703
-14.2901	8.18613
-14.6953	5.68488
-13.7924	6.4377
-13.6583	7.53065
-13.4115	5.83316
-14.0674	5.56704
-14.0869	8.56703
-14.3983	5.85864
-14.9912	7.78683
-13.9457	7.02514
-14.0036	6.04182
-14.4334	7.97737
-12.4347	14.088
-14.426	7.31373
-14.0407	7.65194
-14.665	5.71394
-13.1759	6.21528
-14.5234	10.0484
-13.5205	7.29167
-14.7047	5.73263
-14.8484	7.12826
-14.0747	8.229
-14.4208	8.59527
11.6257	-13.2337
-14.205	7.28421
-14.1064	8.4748
-14.7258	6.66761
-14.9916	7.49265
-13.9816	8.49351
-13.1139	1.42739
-14.0207	8.22389
-14.7962	7.49592
-14.457	8.28373
-14.6528	5.93947
-14.241	6.98173
-11.2431	-6.32762
-13.958	7.43097
4.22907	-11.7007
-12.1133	-1.96537
-14.3922	8.17126
-14.9463	7.18383
-14.6835	5.58292
-12.1671	4.97019
-13.2709	6.9281
-14.9483	6.88057
-14.8668	8.05123
-14.7782	5.42575
-14.2543	7.38487
-14.6871	8.73708
-14.7422	7.47168
-14.9862	5.75356
-13.885	7.36463
-13.7433	6.06488
-12.7814	8.62104
-14.9386	5.30554
-14.9415	8.39345
-14.7763	7.4064
-14.7241	7.44815
-13.5226	9.59868
-14.1923	6.67028
-14.3876	6.73823
-14.964	7.49773
-14.5316	9.44025
-14.9585	6.78576
-13.9968	9.53288
-14.5759	5.3717
-14.9652	10.3019
-14.913	7.21931
-14.0309	7.6672
-14.5124	7.12537
-14.1236	9.46151
-14.6905	8.18789
-14.5928	7.05579
-14.9785	7.34499
-14.8884	6.10053
-14.4353	6.58137
-14.7529	7.94909
-12.0591	6.61291
-14.9163	8.12123
-14.6695	7.50884
-14.0256	6.99034
-14.5264	5.05726
-9.6996	7.7011
-14.6365	7.41402
-14.2376	9.09401
-14.8669	9.13907
-14.9116	8.25847
-13.9886	5.54228
-14.5768	7.09259
-14.1916	8.8982
-14.1801	7.30866
-14.5918	8.2125
-14.2246	10.0826
-7.88387	8.02252
-14.3276	5.91111
-14.9945	7.84921
-4.97227	9.38615
-13.7898	6.1064
-14.8622	9.2309
-13.6424	7.12185
-14.4972	9.2758
-14.9663	6.32686
-14.2367	6.91105
-14.3973	8.20983
-14.5073	4.79575
-14.9757	6.13939
-14.6936	5.82946
-14.6396	4.94588
-14.455	7.7362
-13.1609	7.3596
-13.3738	9.2288
-14.0744	7.15337
-14.4486	6.32796
-14.0836	10.5686
-14.9646	5.86291
-11.3244	0.141519
-14.0817	8.54577
-13.9363	7.9259
-13.9809	9.13929
-14.6884	6.53764
-14.7886	7.17187
-14.9955	8.94253
-13.9236	9.19977
-14.7009	8.62573
-13.9683	7.95325
-14.0931	8.9922
-14.4879	7.88372
-14.8542	8.42108
-14.7895	6.09057
-14.483	8.09619
-14.8214	11.8113
-14.5216	9.79014
-14.2883	8.14926
-6.16929	-8.67632
-14.9122	5.85751
-12.7056	9.09256
-14.5301	6.88098
-14.9493	12.6272
-14.6154	8.55298
-14.5337	9.88274
-13.1501	8.30242
-14.6746	5.57625
-13.9613	8.75932
-14.9432	8.86111
-14.0542	9.20863
-14.5764	9.77934
-13.4357	7.27962
-14.7672	5.93911
-14.3132	7.16316
-12.7873	7.98706
-14.3371	9.55689
-13.9712	6.49294
-12.7518	9.66581
-0.316066	13.5083
-14.1132	7.17308
-14.0106	9.24742
-14.2438	8.10242
-14.9631	6.40883
-14.6659	8.9603
-14.9897	7.84802
-8.837	2.42325
-14.9839	8.78433
-14.7022	7.45449
-14.9946	6.94421
-14.3697	6.54872
-0.243722	3.77747
-14.8464	5.61872
-14.8693	6.29071
-12.2846	5.79612
-13.1555	8.03839
-14.8141	7.01499
-11.7533	8.13581
2.79101	5.0674
-14.1764	9.62019
-12.5172	7.94184
-14.8724	5.08009
-14.6604	9.24056
-14.7363	8.24815
-14.4901	8.49087
-14.2207	8.64795
-14.6431	9.88608
-14.5528	7.60143
-14.3582	6.29799
-14.8684	9.18175
-5.18238	0.821893
-14.5104	5.00532
-14.7137	9.18631
-14.8164	9.0602
-14.4562	5.69453
-14.3876	8.77338
-14.7077	8.18376
-14.6806	6.21891
-14.381	6.8714
-13.9321	8.1002
-13.7434	8.68681
-14.6813	7.93159
-14.6131	-0.703062
-14.9358	6.24882
-14.6392	8.77708
-13.928	8.21783
-12.3759	6.28082
-14.9454	6.83293
-12.4196	3.44558
-14.1399	9.88631
-14.481	7.12001
-14.5359	7.96145
-14.9553	6.14681
-14.7209	7.0711
-14.6138	6.60096
-14.3346	6.46025
-3.6207	6.31531
-13.6306	8.83008
-14.3561	7.81891
-14.926	8.35472
-0.481137	13.6733
-14.6524	2.58343
-14.4189	7.71537
-14.6767	5.7095
-14.8891	8.5327
-14.826	7.426
-14.6139	7.69637
-14.2002	7.94292
-14.8675	8.21136
-14.6285	8.85566
-14.5488	7.80386
-14.9978	9.30359
-14.9145	8.30509
-14.8839	5.67596
-14.8353	7.08293
-13.5188	6.14794
-14.699	5.65897
-14.2598	8.04683
-12.0648	3.64802
-14.9139	9.69732
-13.6197	8.36915
-14.7391	9.82309
-14.8426	7.28187
-14.6276	8.60334
-14.8763	6.14892
-14.9958	9.32287
-14.9569	7.52438
-14.519	3.65532
-13.3888	7.65636
-14.7122	6.10822
-14.5915	6.79407
-13.4983	8.81426
-14.6988	7.0325
-14.9728	7.80133
-14.9103	6.31208
-14.8591	6.74369
-13.542	6.8578
-13.1024	2.28557
-14.6249	7.0001
-14.1175	7.19345
-14.2705	7.961
-14.1893	8.39877
-14.1915	6.78893
-12.3427	7.09027
-14.5198	5.91751
-7.95267	9.77059
-14.6859	8.0406
-11.9866	12.7018
-14.3425	6.98669
-14.5962	7.78822
-13.7428	7.3112
-14.9313	6.26595
-14.5783	7.26935
-14.7645	7.28351
-14.4532	6.69794
-13.0985	14.1412
-14.6018	7.06243
-13.0025	7.74188
-14.8793	7.46167
-14.9674	8.747
-14.8883	6.12539
-13.793	7.23908
-14.6613	8.75507
12.2959	9.85167
-13.3555	7.70773
-14.7933	12.1584
-14.0726	4.53002
-14.7376	9.63641
-14.7845	9.45173
-14.2278	7.95605
-14.6219	9.00671
-14.8991	7.49157
-11.9362	8.86806
-14.6267	5.49197
-14.4921	6.18432
-14.5079	6.67356
-13.0367	5.80889
-14.4957	9.1056
-14.8999	6.80666
-8.66353	10.8096
-13.4782	6.76136
-12.8922	9.44354
-14.9178	8.13704
-13.8875	6.14586
-14.0905	6.60783
-14.7552	9.22596
-14.536	8.11304
-10.9717	9.33605
-11.9081	13.9326
-14.3934	9.52296
-14.9977	8.67081
-14.047	9.59552
-14.6778	6.69728
-14.6128	6.16004
-14.9795	6.07959
-14.899	5.41894
-14.8274	6.52931
-14.8132	6.68689
-14.1147	8.56376
-14.3491	7.0266
-14.3311	8.21449
-14.9908	11.2583
-14.5816	7.52512
-14.1989	7.7038
-14.6932	7.5092
-13.6439	6.04087
-13.8648	8.32846
-13.6098	9.88579
-14.4494	6.68499
-14.8168	6.44677
-14.1519	4.80643
-13.8771	7.08702
-14.6126	7.19746
-14.2825	13.3371
-14.5115	7.0213
-14.9606	4.98846
-14.4625	5.39864
-14.1165	6.79295
-14.6023	5.98759
-14.4398	7.38763
-14.9959	9.44379
-13.9722	5.20762
-14.0764	8.74298
-14.2185	5.34849
-14.8533	8.86114
-13.7314	7.2305
-14.1023	5.8622
-14.1952	8.32859
-13.7979	7.61743
-14.9418	9.22662
-14.9162	7.14302
-12.7608	7.62244
-14.6151	8.89541
-14.994	7.39048
-14.2596	6.81191
-14.7605	7.69914
-13.8255	8.04259
-14.3799	9.34569
-14.6527	6.52489
-14.7065	8.21646
-13.4161	5.81889
-14.8294	8.01367
-14.0958	8.09929
-13.8834	9.47711
-14.9121	6.68805
-14.4202	8.50507
-14.6572	6.05702
-14.7298	6.81676
-14.6701	10.3447
-13.7983	6.48827
-13.3394	6.43849
-14.5741	8.35721
-14.1984	6.11005
-14.6991	10.2866
-13.8005	7.50908
-14.7429	6.91257
-14.9695	9.08616
-14.8542	7.86417
-14.6932	6.10627
-14.8349	9.53389
-14.6968	6.50378
-13.6086	6.30653
-13.9651	7.11496
-13.1725	9.50918
-11.4438	6.00149
-1.0703	3.96579
-14.9923	6.17543
-14.4584	8.50967
-14.874	8.187
-14.8938	5.70721
-14.9493	6.61884
-14.9903	4.08491
-14.712	7.01022
-13.7094	8.72862
-12.9752	8.75338
-14.4401	7.80112
-14.3183	7.88
-14.6413	8.00685
-14.8108	5.26636
-14.9912	7.63309
-13.7138	7.97625
-14.8317	8.15582
-14.9428	9.90842
-14.5252	10.3567
-14.605	7.43988
-14.3942	6.78469
-14.9112	6.40513
-14.7166	7.15246
-14.778	8.31968
-14.7036	7.42316
-14.9066	9.61731
-14.7345	7.41099
-14.934	6.22056
-14.7925	9.90839
-14.2231	7.67592
-13.6622	8.61448
-13.1412	8.41062
-11.6087	6.99222
-14.008	8.77859
-14.2647	8.95454
-14.9758	7.39451
-14.824	7.05903
-14.9344	4.91497
-14.6452	8.40415
-14.7205	6.68293
-14.7267	6.38059
-14.691	7.46463
-14.0266	6.14097
-13.5911	7.1333
-14.5844	7.84071
-14.9731	5.87664
-14.5448	5.9623
-13.5713	7.7339
-14.555	8.76397
-13.0306	9.73595
-13.985	8.00642
-14.5805	5.89276
-14.9826	5.97835
-13.5771	6.84381
-14.4487	6.50053
-14.3693	10.0095
-14.2455	9.11804
-14.6518	8.49782
-14.4714	8.12988
-13.7478	8.22467
-11.8908	7.78201
-13.635	8.84775
-14.7137	8.58347
-14.8954	8.45843
-13.8844	7.89167
-13.9496	7.77112
-14.5635	7.08726
-14.7396	7.15475
-14.7831	7.68366
-14.9455	6.80681
-12.716	5.60481
-14.7533	6.3062
-14.4598	7.1046
-13.3078	6.00865
-5.64174	12.7399
-11.4614	8.4488
-14.8751	8.05333
-14.8742	9.88232
-14.2731	7.16787
-12.3918	9.0169
-14.8559	9.47725
-14.6837	6.97948
-14.5568	9.28968
-14.5692	7.15585
-14.6067	6.00878
-14.802	8.16828
-14.2495	8.97491
-14.8333	7.26763
-14.5825	7.67996
-14.2339	5.69576
-14.4473	7.8856
-14.7714	5.28858
-14.4028	6.53
-14.8532	8.23693
-14.826	5.78155
-13.8533	8.48788
-14.8384	7.94905
-4.82904	7.90354
-14.9262	5.10389
-13.4627	8.33111
-13.3748	7.85577
-14.3331	9.19421
-14.2944	9.83687
-14.734	8.22317
-12.3077	1.06226
-13.8189	9.63744
-14.3179	5.96285
-13.1717	6.10674
-13.4521	7.03075
-13.8472	7.36174
-14.7701	6.18661
-14.9677	7.1284
-13.743	5.04306
-14.9851	6.12685
-14.5704	5.47485
-14.4238	7.28082
-14.5218	6.3932
-14.0783	8.40385
-14.3488	9.00207
-14.0731	8.67283
-14.967	5.9041
-14.4296	7.66867
-14.4492	7.97303
-14.5942	9.73983
-14.7352	11.0376
-9.31781	-10.6514
-14.895	9.37089
-13.9128	6.16629
-13.6411	6.50772
-14.7917	9.69375
-14.4922	6.8838
-14.4111	5.4958
-12.257	8.52252
-14.7198	6.87759
-14.7283	8.40792
-14.9349	7.47251
-14.4099	5.38436
-14.8867	7.84219
-14.5176	8.29822
-13.9611	6.89972
-14.1209	6.75437
-14.6176	7.32228
-12.1794	10.6215
-14.4831	8.92086
-14.7275	8.1441
-14.907	6.56571
-14.1271	8.79016
-13.1878	5.14551
-14.3347	7.5501
-13.8593	6.44999
-13.9326	6.62145
-13.1877	6.45321
-14.385	5.06727
-14.4384	7.48385
-14.6572	4.56591
-13.4544	6.42164
-14.2784	3.87964
-14.4879	7.84947
-14.6251	8.26452
-14.9993	6.81826
-14.8114	8.49799
-13.6752	5.03476
-14.1124	8.5014
-14.5853	5.78661
-14.4852	8.41081
-14.3691	5.26411
-14.475	9.69108
-14.6397	6.63624
-13.9285	6.3707
-14.6146	7.00874
-13.963	5.58333
-14.8389	6.58551
-9.68136	4.93098
-14.7036	6.9514
-14.6284	8.03533
-14.9007	5.45929
-14.8675	7.80923
-14.8809	7.82417
-14.9636	8.0705
-14.7777	6.52656
-13.5331	9.45421
-14.9856	6.80984
-14.0483	5.76314
-14.3735	8.15852
-13.3929	5.49508
-14.342	4.56915
-13.2816	7.98089
-14.4267	8.45102
-13.9157	8.25993
-14.2419	6.81231
-14.7114	7.08148
-14.5778	7.39634
-10.4833	5.2874
-14.8945	7.70605
-14.5417	5.00309
-13.9758	9.23864
-14.5597	8.97048
-14.5886	7.73697
-13.9051	7.54783
-14.0194	6.82653
-14.5075	8.96245
-14.4752	7.48297
-14.7042	9.31455
-14.0423	7.7694
-14.1155	10.1781
-14.9614	6.69819
-14.8378	10.5015
-14.9208	5.91295
-14.7173	7.20814
-14.7189	9.08685
-14.2886	7.58873
-14.3075	6.97383
-13.9019	5.17832
-14.5953	7.30081
-14.8374	8.09496
-14.4562	5.00578
-14.1997	9.65566
-14.9818	7.72739
-13.2983	8.81215
-9.31996	3.45902
-13.5512	7.37417
-14.5164	6.52091
-14.3798	7.566
-14.7181	9.14414
-14.6262	9.13172
-13.571	7.9321
-13.6554	8.72226
-14.8529	8.81561
-14.4591	5.98893
-14.6351	8.77843
-14.7734	6.97962
-13.9445	9.69613
-13.7137	8.4478
-14.4635	7.63289
-12.5168	1.54463
-14.6416	8.17036
-14.0194	8.69442
-12.6526	10.4706
-13.8123	6.60561
-14.3006	6.99798
-6.09766	10.3567
-14.9783	7.56735
-13.747	9.18175
1.37099	0.317269
-13.9563	6.30374
-10.6814	1.83535
-14.0346	6.19417
-14.7632	7.81574
-14.4412	6.81877
-14.9857	7.3767
-14.0443	7.49552
-13.3542	7.94142
-14.7751	8.31406
-14.5995	8.74059
-6.46766	0.67997
-14.7401	5.61344
-13.2707	8.33166
-14.3718	7.27512
-14.032	7.18527
-14.8224	8.58014
-14.5991	8.53371
-13.8134	8.46899
-14.4652	5.68375
-13.3996	10.0062
-14.6556	7.97362
-13.2931	8.37323
-14.7717	6.95484
-14.9402	7.15493
-14.9583	8.83954
-14.1686	8.15233
-14.9657	5.71192
-9.32764	8.13449
-14.9991	8.50474
-14.6348	7.01879
-14.5703	8.11773
-14.4456	9.07919
-14.9447	9.22056
-14.3511	7.15049
-14.9979	7.96895
-14.618	7.30147
-14.8058	9.29658
-14.0637	6.17714
-14.6862	7.1833
-13.3825	6.8371
-14.1366	7.41819
-14.4139	8.28646
-14.0512	3.73424
-14.5563	9.14975
-13.7598	6.38452
-14.917	6.78703
-13.2887	5.66505
-13.9594	6.63916
-13.9297	6.78171
-14.3474	7.86066
-13.6195	8.7949
-11.553	9.6375
-14.4727	9.43972
-14.9547	7.01189
-14.0677	7.5752
-14.7078	9.19575
-14.5336	5.8972
-14.5593	6.64157
-13.6191	9.22992
-14.5385	6.55633
-11.6853	8.14441
-14.6775	7.61729
-14.9805	6.94682
-14.8286	7.74117
-14.962	8.14635
-10.7797	2.26559
-13.7481	7.3517
-14.6803	5.53079
-12.819	8.20671
-14.0542	8.19291
-14.5659	6.34443
-12.9617	12.1539
-14.0295	5.46042
-14.377	8.42896
-14.9021	8.86135
-14.5159	9.28268
-14.1698	7.8876
-14.7132	5.88241
-14.8697	9.1256
-14.9348	7.85483
-12.0516	8.97033
-14.8893	5.3905
-14.5401	6.71699
-14.9953	8.02025
-13.4142	5.957
-10.3168	5.28288
-14.1269	6.74696
-12.9286	9.80807
-14.973	9.03997
-11.6299	8.09395
-14.0342	9.25404
-14.5727	9.05525
-14.3597	7.25616
-14.8439	6.71347
-14.8251	8.13547
-14.514	6.27744
-14.7509	6.43969
-13.5527	6.44841
-13.9231	4.3491
-13.6606	6.67631
-14.668	9.12322
-14.5095	5.90474
-14.4154	8.17562
-13.8961	8.31295
-12.2145	0.34881
-13.4156	7.64345
-13.8761	8.59278
-14.859	7.2871
-14.8166	6.38097
-14.3606	5.52444
-14.9728	11.4841
-14.3226	6.13195
-13.7691	8.38108
-14.6642	10.0668
-14.5871	7.45874
-14.1031	8.58383
-14.6086	8.01331
-14.9648	8.17609
-13.7788	6.60489
-0.775677	3.69339
-14.6318	6.88515
-14.6339	7.9596
-14.602	8.15561
-13.4393	7.93661
-14.8809	7.29243
-13.9161	5.96051
-13.6104	7.3984
-14.878	7.19472
-14.5414	8.62245
-14.2855	6.66523
-14.4744	6.8321
-14.3943	9.21626
-14.4427	7.31424
-14.0724	8.7218
-14.7373	9.28809
-13.4947	7.54554
-14.978	6.32369
-13.9388	7.10537
-11.0641	6.32741
-14.4602	7.30886
-13.6049	8.65939
-14.9505	7.90015
-10.1069	3.40131
-14.602	8.98842
-13.9524	8.81574
-14.2869	10.9069
-14.5821	9.63041
-12.293	6.39548
-2.84081	4.25719
-14.5356	8.57115
-13.7302	5.12885
-14.1274	6.52667
-14.2988	4.5796
-14.6534	8.31604
-14.5113	8.40267
-8.92126	14.8662
-14.6861	5.61123
-14.7319	8.87912
-14.1102	7.05438
-14.862	7.11222
-14.967	7.06306
-13.4931	7.16774
-14.8029	5.08329
-14.8437	9.32133
-14.444	8.10922
-14.342	6.03171
-14.1872	5.66894
-14.8442	7.68359
-14.4558	7.77663
-13.8954	8.07049
-14.144	7.15983
-14.4007	5.65612
-14.4503	9.31222
-13.973	7.64508
-14.9723	7.48241
-14.2666	6.85173
-14.5744	8.03907
-14.8087	7.28227
-14.4003	7.87031
-13.6342	10.1569
-13.7802	7.69812
-14.6826	5.92648
-14.4244	6.82038
-14.968	7.04731
-10.5601	-2.131
-14.9623	8.5854
-14.6616	10.2638
-13.5177	8.4774
-14.4717	6.06204
-14.9041	8.30877
-14.9513	5.16158
-14.5386	9.61063
-14.3056	4.89506
-14.8391	7.10625
-14.0231	6.38829
-14.7936	5.77345
-12.463	9.88134
-14.3765	7.7447
-14.6783	7.23527
-14.4976	8.94852
-14.2189	7.53542
-12.8238	10.6007
-14.272	8.31088
-14.3971	7.6775
-14.4907	7.30589
-13.9488	9.28354
-14.9276	7.63775
-14.7727	7.88635
-14.8888	9.12157
-14.8754	8.2359
-14.4891	-0.0551824
-14.54	7.40158
-14.6583	8.00533
-14.1364	7.72502
-14.9828	5.9611
-14.3009	6.04247
-14.9059	6.44661
-14.9485	6.81224
-14.8244	9.04441
-14.6677	7.91741
-14.9596	7.51139
-13.6704	7.4341
-14.087	7.47639
-14.4555	6.19335
-14.4589	7.17319
-14.0806	6.34971
-14.8523	5.88037
-13.5768	6.50316
-14.8244	8.98269
-14.0046	8.598
-13.4445	7.07507
-14.801	4.27569
-14.8037	6.06613
-14.5508	9.68459
-14.6179	6.71242
-13.8978	7.8036
-14.1051	7.66329
-14.5616	7.63255
-14.5967	8.64733
-13.4053	5.81582
-10.307	8.39204
-13.7037	7.62468
-13.8798	7.35304
-14.9598	6.55996
-14.7855	6.188
-14.7494	8.09742
-14.8599	10.1589
-14.7058	8.53019
-14.1203	5.11699
-13.2663	5.89939
-11.3417	5.68477
-14.8155	7.35249
-13.7248	7.19696
-14.0592	6.29682
-14.7129	7.33122
-14.5297	5.64342
-14.6827	6.74787
-14.4211	10.1323
-14.1826	10.0386
-14.6378	8.1155
-14.6927	7.71271
-14.9804	9.88596
-14.406	6.80718
-13.8484	6.07594
-14.2568	6.78388
-13.8913	7.72626
-13.7837	6.74419
-12.1118	5.4529
-14.9907	8.05631
-14.09	10.131
-14.8686	8.84556
-14.4045	10.6175
-13.7633	5.41495
-13.5825	7.43197
-14.4489	8.94799
-13.3464	1.6498
-14.6926	6.69303
-14.996	3.4999
-14.8239	7.40212
-14.7544	6.68453
-14.026	6.60694
-13.6373	7.37806
-14.5679	9.23628
-14.7378	4.82901
-14.4784	6.25295
-14.7441	8.05178
-14.4211	4.85467
-14.9126	10.5998
-14.3136	6.61832
-14.4493	6.15271
-11.5795	4.84539
-14.5666	8.06242
-14.2697	6.27137
-14.4142	8.38008
-14.9567	8.73366
-14.2289	8.40825
-12.316	10.7999
-14.6692	7.17741
-14.1689	7.89518
-14.9623	8.14076
-14.2488	8.67263
-13.8463	6.98104
-14.2572	7.33601
-14.8088	9.65129
-14.8791	7.03206
-14.5741	7.60882
-14.8795	7.59746
-14.624	9.50857
-14.8987	7.23272
-13.6874	7.41484
-14.9717	8.62031
-14.942	7.15243
-14.5591	5.29007
-14.464	6.33424
-13.9959	6.06627
-13.87	6.1939
-14.7027	8.03771
-14.1434	5.24803
-14.8739	8.72884
-14.6998	9.62114
-14.7778	5.7829
-13.2917	9.62655
-14.543	8.7245
-14.9371	8.83504
-14.9203	8.39599
-14.9461	6.45977
-14.7599	8.35994
-11.1299	5.66927
-14.8334	8.55619
-14.691	10.1043
-14.3053	5.88086
-14.6398	4.29479
-14.4071	9.77701
-14.2391	6.95672
-14.7697	8.00157
-14.7046	7.26561
-13.0795	8.36355
-13.272	9.40854
-14.4968	8.61645
-14.8021	10.2169
