11.9424	12.9411
-14.8459	-5.57386
12.8216	14.8983
14.7588	13.7745
10.0351	4.11977
14.8412	11.2829
-0.767937	-13.6488
14.9433	14.3129
14.6826	9.70551
12.3955	2.11514
10.0113	13.1617
14.9749	12.6452
13.4782	9.65095
12.808	7.98839
14.4636	0.387039
14.7105	8.88217
14.7125	14.6028
13.0449	13.0306
10.3588	5.26153
14.7285	2.233
9.57502	11.779
11.4079	14.7941
14.6712	11.1648
11.8881	12.9999
10.6205	11.8047
12.7931	14.835
5.18184	3.15494
11.2941	11.985
-7.02613	12.3104
12.6255	2.14764
6.28527	-4.51544
10.4298	8.22416
14.5153	12.0706
13.2463	14.0058
13.4454	14.2387
8.83338	5.58394
14.6631	10.9797
9.31698	13.8982
6.04543	13.3995
-8.96714	8.65739
14.7056	13.8158
12.9622	12.0577
13.8489	11.9516
11.4896	12.1963
11.9918	11.7887
12.475	11.4973
14.3633	8.75862
13.5789	13.6912
14.8774	0.33339
14.6307	13.916
13.002	6.89774
-3.06191	5.91274
13.0709	1.33067
13.9762	14.8453
9.42053	-14.1547
9.84199	5.9373
13.9632	1.38881
14.1657	9.86953
-2.31787	-12.176
6.46753	3.57613
12.8276	14.1237
13.0631	12.7715
14.7152	10.5908
12.6617	11.7171
14.9921	11.907
13.5068	14.0306
1.23635	5.62506
0.437739	3.7184
11.4388	10.2144
-2.11453	-0.921332
14.95	14.8423
