-14.9461	-7.24915
-0.73125	-8.61992
-4.2301	-6.99967
-14.7251	-14.3063
-5.67525	-14.7991
-13.9391	-10.8739
-14.6462	-14.3922
-10.2889	-6.41394
3.95269	8.42132
-12.0893	-12.322
-11.9204	-9.82831
-2.75099	-7.96305
-12.7225	-10.4465
-0.613058	14.1582
9.59242	3.56284
-11.5977	-14.2471
-11.3095	0.655315
-12.7411	11.499
2.04823	14.8691
-14.1189	-9.62163
-7.56358	-7.14864
-10.4369	-6.53755
-7.7304	-10.4248
-12.9417	3.25053
-10.2994	-3.39555
-11.1946	-3.91199
-10.5281	7.11074
-14.8331	-11.9153
-0.329204	5.94411
-6.18505	-8.36246
-11.4586	-4.57226
-7.71809	-9.04888
2.09648	-2.39221
-7.5059	3.08208
-14.799	-10.4829
0.106066	-4.62733
-13.0584	-10.7721
-2.76915	-0.775086
8.40965	-0.48728
-7.21641	-13.2838
3.0941	-12.0853
-12.2466	-14.0222
-14.8375	-11.3433
-10.7966	-14.1528
-13.4638	-14.1112
-11.6294	0.279524
-9.01783	-5.89376
-8.64428	-7.84146
-14.3719	-14.3145
-14.6663	-12.683
-12.5195	-12.1075
-13.739	9.73512
-4.1294	1.0899
0.754388	13.025
2.68426	6.38967
1.98687	-13.3847
-14.9932	-11.6424
-0.166555	3.64101
-13.4233	-9.84345
-7.38378	-11.0998
-8.5777	2.11783
-10.0296	-7.12619
-14.7474	-13.8292
-7.74262	-7.98609
-13.3332	-14.8402
-13.1682	-2.2748
-14.6325	-3.86202
-13.3791	-14.465
-6.7702	-3.64136
-13.26	-12.289
