14.8533	11.9304
14.8568	13.17
9.50771	11.2132
14.756	12.5677
14.3116	11.9346
14.703	9.42617
14.3811	11.3148
14.985	9.31046
14.2957	9.30391
13.6279	8.82925
14.5213	12.2063
14.2431	10.0012
14.0743	11.3158
13.2603	9.93725
13.2868	10.6602
13.9226	12.0689
14.9348	9.15642
14.6373	12.0163
13.7371	8.92954
14.7187	11.9421
14.8494	12.8396
3.48944	14.3759
14.8544	10.3332
14.9813	11.7009
14.1129	10.3563
14.3205	11.3834
14.4664	11.0081
12.685	9.78055
14.1141	11.79
14.7225	8.14039
14.3385	13.8541
14.0525	11.505
14.1988	10.4144
14.7011	10.2263
14.6267	9.94885
14.6074	8.11636
13.9219	11.4269
14.2236	10.6436
13.4588	10.2742
12.4685	9.71519
13.7699	10.4731
13.7591	10.2279
14.65	10.0172
14.9873	10.9203
-7.90402	2.1098
13.037	9.28245
14.2479	7.98386
14.888	12.4226
14.9358	9.77749
14.909	10.2182
14.7708	12.8611
14.9802	11.2486
14.1455	12.1379
14.9606	9.80929
14.2895	9.26746
13.9742	7.22932
11.6727	3.80738
14.3078	10.699
14.7301	10.8299
12.7023	11.3282
14.9785	10.4793
14.2242	9.96297
14.4565	11.0622
14.8892	9.96485
13.9522	11.5058
12.0251	5.8835
14.1016	11.9071
14.8099	12.9205
14.627	10.1415
13.6799	9.57856
14.8126	11.1053
14.3013	11.8168
12.7125	14.9932
14.3954	9.50949
9.3226	7.56375
14.8219	9.57389
13.7745	12.9742
14.1267	9.95504
14.0298	11.4501
14.7244	7.7723
14.6864	11.7029
13.7229	11.9811
14.5	9.34651
13.7372	9.22204
13.6782	10.0576
14.8225	10.9929
14.6298	11.3221
14.5797	12.5713
10.3892	8.7447
14.7049	11.4829
13.4078	9.54341
14.8161	10.4559
14.773	11.7917
14.2065	8.18381
14.6716	8.61767
14.0599	8.0964
14.6352	10.8699
14.9053	10.6802
13.9599	10.2642
14.1929	9.53939
14.9829	10.895
14.7753	7.41174
13.8367	10.0928
14.979	10.6549
13.7002	10.0075
14.8623	9.92656
13.2371	9.74054
13.2776	10.9917
14.674	11.7333
14.7364	8.81373
14.0817	9.31681
14.8365	8.1409
14.3055	12.5813
14.6826	9.24809
14.8527	11.5982
13.9569	11.9653
4.0872	2.22965
14.8329	9.55296
14.9697	8.14
14.9584	10.916
14.689	10.785
14.5228	10.4248
14.814	11.0383
14.7253	10.5734
13.0799	12.6299
14.9331	10.5092
14.9395	9.5693
14.2514	11.1372
14.8312	11.3015
13.9365	10.3054
14.8656	7.57728
13.6084	13.1442
13.9356	12.2389
14.7773	11.7234
14.9799	9.12385
14.9637	8.58801
12.8151	10.9748
13.7378	9.44088
14.1806	8.0772
14.9433	10.2203
13.9612	10.0808
13.4984	12.8385
14.6666	12.9988
14.7907	11.2964
14.4602	11.2647
14.2265	9.39713
13.812	11.0341
14.8424	11.6634
13.8712	10.2798
13.8209	11.5171
13.594	8.92748
14.6374	11.5208
14.8159	10.376
12.3771	12.6194
14.9824	11.7632
14.9829	9.46484
13.7066	12.115
14.7966	8.4565
14.6278	11.9555
14.4906	9.18213
14.8412	11.2829
14.8391	8.51564
-11.0972	-6.28953
12.7174	10.3995
13.857	8.69835
14.1653	12.0406
14.3465	9.07837
14.92	10.1158
13.5194	11.2015
10.2467	7.45437
14.8049	9.2645
14.6952	9.42041
14.3891	8.41779
14.9384	9.54076
14.7483	7.68708
14.9899	11.783
14.5837	9.7449
14.9324	11.7562
13.5217	8.47826
14.6411	10.4866
14.9974	12.1837
12.8244	10.7579
13.8575	7.94448
14.7354	11.5235
14.8979	9.82871
14.7502	10.8302
14.2621	10.004
13.7403	9.23555
14.4668	10.9466
12.8068	13.9281
14.2358	12.197
13.8892	10.0244
14.5785	11.4386
14.4308	10.316
13.0665	10.5234
14.5957	10.8108
14.6281	12.1738
14.3553	12.5253
14.0435	11.8728
14.7751	8.77842
14.4657	10.3818
14.8869	13.7714
13.7287	11.2544
14.7002	10.4313
14.0992	11.2363
14.7252	8.55649
13.8236	11.0014
14.9959	12.0806
14.8496	10.3961
14.9142	11.7016
14.9037	13.2508
14.12	10.7275
7.26137	0.892777
14.7047	9.69385
14.9134	11.5519
14.1646	12.2462
14.6048	9.45914
14.6595	8.75664
14.1589	12.2306
13.7979	10.7145
14.7857	11.7138
14.2182	9.17071
12.8894	10.8171
14.792	11.0044
14.9781	7.74427
12.8206	10.1074
14.198	9.31598
13.7637	10.3121
13.6096	8.51545
14.693	11.665
14.2318	8.86801
14.0106	12.9992
14.9255	10.3215
13.7708	11.7869
14.0692	11.6992
14.2067	12.973
14.562	11.8683
12.7746	11.1254
14.8897	10.9767
14.8411	8.25817
13.9729	9.26309
14.3571	9.33875
13.283	9.01841
14.4984	11.4842
13.1838	11.629
13.9058	11.6657
14.9132	9.75558
14.439	10.8135
14.8584	9.02646
14.7213	9.04531
13.7446	12.1892
14.1592	11.6161
14.4817	10.4339
14.5169	9.09917
14.8765	11.5323
14.4183	8.21348
13.4716	9.59766
14.8287	10.4786
13.7239	11.6459
14.4401	10.7107
14.1084	12.5697
14.7323	10.4603
14.628	10.6911
14.6826	9.70551
14.3326	11.226
12.8314	8.24286
14.4326	11.859
14.4914	9.69104
14.8336	9.94865
14.97	8.54724
14.9835	10.8108
7.99746	10.352
8.72551	3.15171
12.8087	9.51838
14.8184	8.15672
14.9311	11.3727
13.7605	8.14884
14.3642	10.6161
14.6032	7.3763
14.6	8.86901
14.546	10.8122
13.9669	12.7049
14.5423	10.5419
14.3589	11.9269
14.7182	9.46535
14.8871	11.8038
14.9798	11.7513
14.4507	11.7204
14.486	9.71482
14.7947	10.3794
13.8214	11.7918
13.3766	10.5783
14.728	10.6086
14.7752	10.2952
13.6071	10.7034
14.4389	7.08582
14.1215	10.0956
14.517	10.2163
14.4819	11.732
14.3456	11.4387
13.9434	10.1916
14.9482	9.33632
6.89601	1.74717
14.5621	8.92548
14.439	10.3159
14.6785	11.5603
14.7802	13.6246
14.3135	10.3356
14.3962	8.52131
14.4054	10.1299
14.8316	9.52771
14.927	8.57262
14.8733	7.47957
14.8947	11.6862
14.5397	10.0945
13.498	11.1042
14.9161	9.39886
13.9484	8.00498
14.2969	10.2678
14.0192	9.10604
14.7035	10.2913
14.7573	10.281
14.5281	9.32395
14.9697	11.8454
14.6676	9.16194
14.6083	10.6732
13.8219	11.7212
14.0912	12.3788
14.9293	12.3311
14.7378	7.94846
14.9863	7.73055
14.9062	11.934
14.5363	11.7637
12.4742	9.68233
14.4487	9.10643
12.4885	6.89788
14.7206	9.47983
14.8313	11.448
9.17792	5.45777
14.7795	10.5835
14.746	6.20896
13.4782	9.65095
13.7485	10.652
13.4593	8.97751
14.5879	9.5062
14.8671	9.80222
14.812	12.6519
13.8821	9.07706
14.999	9.60655
14.8742	9.53624
13.1008	10.6346
13.8228	9.94091
14.0104	9.01212
14.985	11.2671
13.8337	11.0271
13.499	8.42575
14.9402	9.51948
14.3323	9.72746
14.1632	10.797
14.8554	11.1166
14.8958	10.6278
14.8174	11.4543
14.8568	13.5032
14.6089	8.84046
14.6747	10.2329
14.6592	4.53136
14.6617	8.51318
14.5085	11.8938
11.2418	11.4791
14.5553	11.0187
14.9787	11.1391
14.6347	10.1068
14.704	14.0764
14.7665	8.65079
14.1764	8.88282
14.7487	9.13231
12.8556	11.588
14.9303	12.0179
14.3974	11.8227
14.7783	9.28227
14.5938	10.324
13.3691	12.2592
12.9364	12.9742
13.206	9.08589
14.8751	9.80612
14.7405	10.6617
14.2185	13.8405
14.289	11.9303
14.9185	11.6483
13.2518	12.2502
13.3302	10.0115
14.5238	7.76523
13.8709	9.95694
14.6716	10.0922
14.9615	11.0787
14.8885	11.6737
14.9994	12.0464
14.2707	12.132
13.1846	11.4969
14.5838	11.1681
13.1613	9.41423
14.0717	10.7288
4.35062	3.54648
14.4603	10.3904
14.016	8.96142
14.4766	9.64972
14.7519	12.5345
14.402	10.8014
14.884	10.2951
14.1101	13.3573
14.6974	11.5414
14.6983	12.5517
14.9002	10.1016
14.12	9.279
13.6862	11.2382
13.858	11.3834
13.8846	8.33826
14.9781	10.2575
14.759	10.5927
14.5858	7.50912
14.62	8.45852
14.9146	8.66753
-1.5075	0.68834
14.3729	11.4024
14.9494	8.00347
14.9145	10.1822
14.7877	11.1418
14.6774	9.92274
14.0101	12.0141
10.9632	13.9028
13.711	9.51464
14.926	11.6225
14.4268	7.30743
14.6155	13.5298
13.7062	10.6269
14.6197	7.86222
14.7246	10.7011
14.8979	12.7674
14.0273	11.2192
14.1304	9.85017
13.7502	11.0001
13.6843	8.97542
14.7582	6.16071
14.9226	9.21051
14.8508	13.0581
14.7944	11.9733
14.3569	10.5896
14.2911	10.1014
14.2494	9.55234
14.9132	10.8943
14.7424	11.0954
14.5776	10.7136
14.4187	11.293
12.8476	-1.59806
14.0133	10.149
14.7105	8.88217
13.9303	11.2716
13.5579	11.2762
14.9869	11.4995
14.6387	10.9479
14.3781	9.87071
14.9471	10.3776
14.5691	8.13698
14.5149	11.5595
14.6705	8.95667
14.6554	9.2489
14.741	12.1099
13.4484	9.00283
14.8544	9.66127
12.4609	13.216
14.8641	9.52035
14.7706	10.241
14.9102	9.63645
14.9581	9.67391
14.8666	10.3733
14.4759	9.93623
14.4664	6.92679
14.9592	9.66461
14.2935	11.0571
14.3799	11.4691
13.9231	7.95423
14.3998	10.1603
14.9498	11.1473
14.7724	10.1117
14.4295	11.9994
14.9004	10.6001
14.3092	11.6689
14.4809	8.83543
14.2054	9.74566
14.4081	10.2333
14.8424	12.4368
14.2038	8.76677
13.7092	10.3283
5.74672	9.10417
14.6201	6.4089
14.0188	14.0198
13.8688	8.93459
14.3181	8.55647
14.4825	11.4813
14.6877	12.1703
14.4087	10.1504
14.0364	9.25259
14.7926	11.5657
14.6184	11.5827
14.5343	9.18765
14.6401	10.3071
14.4109	13.7799
13.9219	9.4047
9.14547	7.38385
13.3497	7.68691
13.2647	10.4209
14.9843	10.2237
14.8668	11.428
14.7536	11.0819
14.2092	9.57868
14.9567	9.84223
13.589	10.9105
13.8334	8.95572
14.5639	10.1286
5.23678	-14.1352
14.584	10.9007
13.9926	7.67048
1.01002	-6.119
14.7238	8.2602
11.4576	9.23405
14.0841	10.0143
14.9045	7.92706
14.1747	10.4987
13.8958	9.4894
14.7204	11.9657
14.8147	10.9646
14.5465	9.51302
13.9709	13.9071
13.9044	10.9869
13.9842	10.504
13.7099	9.40595
14.8689	8.90589
14.6096	10.0899
14.0755	10.8379
14.3382	11.4788
13.6532	10.8082
14.4149	11.3153
14.5503	11.6964
14.2432	10.5522
12.9948	13.2303
14.4165	9.11484
14.2574	8.17781
13.2929	8.68561
14.4841	12.4144
14.3103	10.8561
14.1324	11.6383
14.9858	9.39742
14.9943	10.7585
14.2332	11.0674
14.6641	12.3814
14.9295	9.67813
13.2701	13.5868
14.1184	7.688
14.0849	11.277
14.1401	11.0622
9.50977	8.2841
14.9166	11.5105
14.4907	12.2757
14.7725	10.863
14.0382	10.7292
14.9205	9.8756
13.3569	9.5179
9.98307	11.8049
14.9071	9.81408
14.0422	11.1342
10.9494	9.95534
13.9315	11.1595
13.5733	7.52236
14.0087	8.20712
14.9652	11.2494
14.483	11.0315
13.3117	9.522
7.6195	-1.88113
14.5318	10.7913
13.2099	9.79512
12.3245	8.69701
14.5547	12.3787
13.9587	11.43
13.2099	10.0098
14.1649	9.08688
14.8528	8.27995
14.3712	11.6118
14.4826	11.6285
14.0336	11.5015
14.1217	9.36294
14.8789	9.57722
14.7811	10.9881
14.4067	10.3224
14.8158	12.4253
13.8479	8.70502
14.3938	10.183
14.9268	11.0731
13.6898	10.7188
14.4049	8.65637
14.5774	10.6907
14.7259	9.24397
13.7485	11.2034
14.0308	8.45642
14.9146	10.6698
13.266	9.42643
13.9815	11.6855
10.8796	0.307254
12.5332	7.22683
14.9691	8.64881
14.9627	10.1352
14.5101	8.92183
13.0217	10.3566
14.319	9.22344
12.5113	14.1734
14.7829	12.6779
14.927	11.0267
14.9733	10.0444
13.4367	9.49422
14.7456	10.6883
14.4695	8.56846
14.9054	10.9491
14.3655	9.4514
14.5408	11.733
14.6455	11.2604
14.1823	12.3736
13.7427	10.5695
14.9261	12.0067
14.2704	11.166
13.8856	9.87733
14.8897	10.5187
13.4901	10.5858
13.4404	10.675
14.8001	10.9458
13.4268	10.3596
14.7912	10.1121
14.7672	9.77991
14.2238	12.2326
14.9474	12.4856
14.5147	9.74812
7.77488	7.95308
14.1721	9.29342
12.6899	12.8379
14.775	8.93851
13.9404	6.99598
14.6215	8.59871
14.9481	10.4465
14.5827	10.5335
14.7426	11.4439
14.6995	10.7298
14.8538	9.3631
14.5946	8.04566
9.59124	13.841
8.18003	10.1963
14.008	8.94575
13.9129	9.17065
14.4551	10.6483
14.8693	10.9286
14.0313	9.91951
14.0564	9.52321
14.6678	10.1942
14.9259	11.2881
14.2913	11.7724
14.7189	12.4805
14.6784	9.45406
13.5001	9.91582
14.9688	11.0014
12.4123	9.50994
14.9774	10.5972
14.4227	11.9281
13.8611	12.3284
14.5673	8.56863
14.296	14.2231
14.9753	10.6506
14.7655	8.38998
14.6514	11.7489
14.2574	11.2901
14.8757	12.1032
14.8853	12.1347
14.8024	11.2066
14.1121	10.3552
13.3698	13.2853
11.0819	3.92979
13.6657	10.6504
12.3391	8.12233
14.0465	11.8725
14.4077	10.794
14.7786	9.81264
14.4903	11.7325
14.9043	10.4961
14.9869	10.3676
14.4573	9.32958
14.7151	13.2236
14.9122	11.5623
14.8892	9.12316
14.3577	9.18874
12.9273	10.86
14.0581	11.4922
14.821	10.363
14.5237	11.3978
12.9521	9.75371
14.9881	9.58757
14.5648	10.3131
13.6802	10.9589
14.9247	8.62121
13.2653	10.7482
14.3487	11.3946
14.9147	10.898
13.8249	10.4215
14.388	11.5095
14.8377	10.1874
14.7581	9.4021
14.9547	9.89094
14.8808	9.26123
14.8672	10.3994
13.7196	12.7803
14.9415	8.73068
14.9999	11.3302
13.7025	7.82957
14.2467	6.40578
14.2544	8.88487
14.8551	11.3236
14.7455	7.71086
13.9363	10.9561
14.0995	7.60682
14.6748	10.7887
14.3899	12.6796
14.7608	11.1209
14.4211	10.3556
14.6033	11.349
14.2591	11.1316
14.9071	9.18556
14.3899	10.2099
14.3371	10.2162
13.1019	10.7501
14.2232	9.88179
13.7476	11.2363
14.7743	11.9317
14.6771	9.45072
14.7275	9.33798
14.3929	10.53
14.4223	10.6124
14.3041	9.37317
13.6022	8.56399
14.4436	9.89283
14.8595	8.95667
13.5536	11.1098
14.5639	9.60124
14.5878	10.591
14.8121	9.84842
10.366	8.88358
14.4014	8.00837
14.6302	8.06164
9.4943	11.2439
13.5737	9.30635
14.2073	8.75286
14.6388	11.5735
14.3656	9.14395
12.3786	13.166
14.5978	11.2477
14.9492	13.2159
14.8925	9.96226
14.2011	10.4722
14.089	11.084
14.3884	10.0998
14.3636	11.8375
14.6712	11.1648
14.4728	10.2441
13.6254	11.6202
13.8286	9.52063
14.5324	13.3796
14.9044	11.3534
13.9291	10.9501
14.5856	10.6878
14.5155	11.6492
14.5503	9.0633
14.5096	11.5317
14.7166	8.71401
14.5275	7.82861
14.2506	12.3201
14.7915	4.03173
13.6997	9.27076
14.5195	9.42793
13.686	11.113
14.7331	10.2678
14.0797	11.6951
14.8737	12.3222
14.351	13.7532
14.8826	11.294
12.9507	9.0738
14.6961	11.6154
12.9956	12.2886
13.9607	7.31777
14.1473	10.8588
13.4131	9.23596
14.5156	9.33529
11.492	10.6486
13.3461	13.428
14.8407	10.6606
13.757	8.54893
12.9187	10.2351
13.9727	10.2202
13.9413	9.1085
14.9718	7.70378
12.6579	12.0861
14.0069	9.44706
14.8856	8.54031
14.2477	8.15624
14.7343	8.18854
11.6133	10.0808
6.00031	0.89452
14.7527	12.2089
14.8931	13.1566
9.79888	12.3865
14.7915	10.0991
14.4031	10.3206
14.3542	12.2555
14.9208	10.262
14.7801	9.54141
14.0468	8.8725
14.5896	8.32895
14.448	11.2631
14.9445	11.3457
14.6331	11.208
14.9439	11.3547
12.9651	9.32856
14.6492	11.6447
13.7818	9.18205
14.5379	7.75042
13.5941	11.5075
14.5833	11.5836
14.9334	11.5163
13.5863	8.14445
14.9188	7.70224
14.3018	9.69045
12.7536	9.41045
14.9523	13.0645
13.5359	8.52208
14.2812	11.6418
14.9042	10.4229
13.9653	7.84314
13.8308	11.8537
14.9644	11.1831
14.7501	11.4372
13.8582	9.27615
13.1464	8.7696
14.1252	12.6694
14.9723	9.50627
14.0329	11.6555
14.3092	8.64222
14.2408	11.6512
14.0725	10.3967
14.9504	9.44085
14.9767	11.9924
14.7236	9.01534
14.6816	8.61331
14.022	10.0862
14.9479	10.6503
7.8832	5.90923
14.769	9.77663
13.8758	9.95721
14.8118	12.1751
14.1249	10.2937
14.7032	11.3209
14.3377	9.80053
14.0751	9.49419
14.8412	11.6796
13.9322	8.19384
14.2311	11.2657
14.9591	9.43159
14.2843	10.6127
14.7066	8.43401
14.8613	10.1399
14.6625	8.82815
14.8836	12.078
14.6724	12.2795
14.9164	10.4434
14.6334	11.4025
14.6322	10.2402
14.8651	11.7461
14.9054	10.5438
14.7	10.9595
14.3083	10.6017
14.9724	12.0458
14.3822	10.2762
6.55707	8.9067
12.416	12.0151
14.9845	11.3606
14.4054	7.5733
14.5906	12.0543
13.5354	11.1377
13.2898	8.42441
13.7655	10.2948
14.6111	11.3445
14.3739	10.0287
14.9186	9.26193
14.085	9.23116
14.9343	10.2699
14.922	10.3059
13.4259	11.0765
11.9694	12.803
14.3029	9.09548
13.8716	10.107
14.542	10.2697
13.9273	10.1535
14.3872	8.7251
13.8375	10.142
14.9127	13.445
14.4612	13.0404
14.5013	10.3441
14.7867	10.4219
14.8455	11.5093
14.8845	11.7894
14.5875	11.3714
14.8946	9.73703
14.657	11.3415
14.465	9.49261
14.9144	10.4376
14.9818	11.5435
6.63166	3.88607
14.9109	8.66993
14.9111	10.2432
14.4727	8.9853
14.9312	8.32534
14.983	10.1437
13.8329	10.1466
13.4585	7.35839
14.8497	9.87488
14.5499	10.2748
14.5042	10.1622
13.7793	11.2641
14.3031	10.4876
14.7765	9.71107
13.9299	10.1799
14.18	10.3591
12.1932	9.25819
14.7181	9.77072
14.0429	9.44261
13.7617	10.3034
13.8015	10.6641
13.0699	9.92624
13.8554	10.7335
13.7513	10.265
14.3141	12.1194
14.4628	8.16858
14.8327	11.3129
13.401	12.9965
14.9028	8.03312
13.763	7.77886
14.4365	10.9729
14.5071	9.71732
14.1141	10.9126
14.5851	11.2346
6.55293	5.45957
14.4043	11.0741
14.0011	10.5427
14.8103	9.8093
14.6409	12.0878
14.7268	13.3921
14.6049	12.4798
14.7249	11.4086
14.1846	10.2408
10.5414	7.69399
13.3571	9.50578
14.6851	9.65595
14.7554	12.5298
13.8491	12.4862
14.2187	10.7318
14.5135	11.1568
14.2347	11.1962
13.4137	12.3233
14.4744	10.9766
14.401	12.432
13.94	10.1508
14.6729	10.4747
14.1615	9.70993
12.6559	8.30956
14.0425	12.445
14.913	10.0736
14.4742	10.483
13.7743	10.6732
14.8425	11.8165
14.6657	10.3424
14.4698	10.0224
14.2672	9.52726
14.6427	8.37142
14.246	10.7949
14.4664	8.14513
13.9863	11.8769
14.3297	10.1588
14.4739	12.0499
14.2966	11.1045
14.8665	11.0226
14.3378	11.184
14.6889	9.55872
12.9012	10.5479
13.5378	10.8781
14.5702	11.0323
14.6924	12.7003
14.5314	9.45727
14.5826	11.2413
13.9726	9.73484
13.9406	12.2692
14.8041	10.5087
3.34355	2.81955
13.7863	9.19918
13.3833	10.3763
14.5315	10.8713
14.3765	12.2215
14.7504	8.26775
14.4439	10.4347
14.1488	9.15149
13.8223	11.5754
14.2089	9.39757
14.6751	10.3517
13.2274	9.69999
14.52	12.3319
14.9365	9.14858
9.18575	8.40586
14.3442	11.2259
12.2313	9.52851
14.4421	11.5997
13.8591	9.95461
13.7581	9.59099
14.1493	12.817
14.5611	10.9604
14.7238	11.8024
14.374	10.7158
14.9557	9.24838
14.6864	10.6881
14.353	11.7778
12.9215	12.4612
14.7464	10.8228
14.4679	12.107
13.9055	10.5838
14.1758	10.6342
14.8145	10.869
14.9309	12.6905
14.2026	10.2739
14.3586	9.28476
14.2605	9.95384
14.9309	8.94116
13.5104	11.5427
12.9223	10.2825
14.1797	10.4124
14.3768	10.554
14.3317	9.17393
13.7457	10.3341
14.3026	10.8796
14.035	7.6348
-2.64393	7.90264
14.0487	11.1471
14.5016	10.5378
14.7311	10.9072
14.1146	8.99418
14.2816	8.96731
14.2342	9.87032
13.9065	3.77613
14.6055	10.9013
12.6841	11.0747
14.897	11.0427
14.1639	11.4463
13.2946	10.0183
10.2414	12.4015
14.0069	10.1926
13.7591	9.61535
14.1289	10.3262
11.4807	13.0134
14.73	9.67428
13.0264	13.9852
14.4323	8.70948
14.1049	10.0224
14.4142	9.67275
14.5265	9.728
14.3805	12.3491
14.4944	9.42382
14.3242	8.53752
14.8681	9.40239
14.8982	11.343
14.2228	11.273
14.6411	10.5327
14.7341	12.1721
10.6448	2.39952
14.0306	11.5339
14.1008	11.556
14.243	9.10914
13.2396	10.4972
13.2969	11.8931
14.2308	10.6507
14.4042	9.28093
14.2135	11.7121
14.8186	9.78429
14.7699	11.0337
13.8366	8.92236
14.6267	10.1752
9.76159	5.83039
14.192	10.6306
14.0879	9.79272
14.0565	10.9404
14.256	10.2064
14.9074	11.5263
14.9212	9.45773
14.1091	9.84
13.61	7.32385
14.6966	11.1156
13.5264	7.55683
14.5767	11.7804
14.5565	10.1096
14.9872	9.169
14.6257	12.0247
14.6607	11.3861
14.2688	8.54367
14.9983	11.9113
14.9316	10.0402
14.7717	9.97621
13.9757	10.8302
14.8281	12.0739
14.3303	10.5331
11.0895	13.0387
14.4395	8.82048
14.9192	11.6806
14.8232	11.5061
14.9049	11.7701
14.3777	10.0996
14.4562	9.38232
14.5901	10.596
14.729	10.2922
14.7893	9.15769
14.9702	11.3402
14.7368	9.13393
14.67	9.72023
14.8558	11.014
14.7852	8.9008
14.9668	11.8421
14.8418	9.73796
14.4515	12.3333
14.3368	10.7058
14.8215	10.8482
14.9438	8.46933
14.384	11.7312
12.5991	7.63643
14.3592	12.3362
14.8758	11.4527
14.5779	11.5639
13.8101	10.2124
14.9916	9.31281
14.1629	10.3058
14.5038	12.5722
13.3893	11.5188
14.6427	11.2389
14.227	11.2703
14.3013	10.9334
14.7407	11.419
14.1736	8.69638
14.9121	9.36786
13.7987	9.38413
13.8722	10.5624
14.2461	8.92262
14.15	12.3412
14.8923	9.80376
13.8326	10.806
14.5999	9.04706
13.8367	11.9507
14.3918	9.41616
13.4839	11.9846
13.0883	10.1873
14.9956	9.10669
12.7361	8.81728
14.8726	9.22282
14.9169	9.67541
13.7769	9.41001
14.8378	9.96665
14.9249	9.87284
14.9578	12.1753
14.8795	13.6612
14.3833	10.883
14.808	8.51861
14.0583	11.0725
14.0169	9.73904
14.7378	8.5837
13.5579	9.91594
13.6913	12.9781
14.1312	10.2442
14.2079	11.2978
14.5659	9.75148
14.3697	11.8434
9.05236	13.1612
14.8198	14.3384
14.008	11.4098
14.3448	9.85515
14.9665	8.69898
14.7544	9.46437
13.6535	11.0415
13.4922	10.2679
14.5003	13.403
14.9746	11.3134
12.4558	13.0129
14.681	9.45569
14.9881	11.6913
14.5755	10.7017
14.5367	10.5288
14.703	10.408
13.8057	10.9689
14.3621	13.2188
14.9118	11.3041
14.716	11.5719
14.28	11.2185
14.7547	8.91308
14.1223	8.67207
14.9571	11.023
14.0035	9.84244
13.7854	10.9889
14.3572	8.59039
10.7691	9.06937
14.5134	12.2434
14.3009	10.3756
12.085	12.7153
4.65902	6.45354
14.5536	11.1355
14.5818	12.5762
13.3279	8.91541
14.7143	9.33749
14.7666	11.4322
13.9266	11.5998
14.4169	11.9681
13.4642	11.185
14.4487	10.8438
14.3399	10.6436
11.758	4.91354
14.3062	10.9072
14.3187	10.7431
14.1107	8.69407
12.8123	6.25776
14.5484	11.1452
14.8963	13.7347
13.8444	10.7062
13.898	14.7164
14.135	10.3059
14.5843	6.36216
14.8737	9.47687
7.63821	9.00832
9.85638	14.6961
14.8799	11.2984
14.6786	10.4954
14.5958	11.2534
13.5755	10.026
14.7326	10.9373
14.9574	9.69451
12.8121	8.15487
14.4904	12.9235
14.7573	9.32789
14.5933	10.1789
14.7256	10.0953
14.8733	11.3289
14.9058	10.395
14.9422	9.67654
14.1804	10.7692
14.4289	13.2203
14.7946	11.9113
14.6433	7.81572
14.8345	9.98681
14.2441	11.1531
13.8928	10.831
14.9952	11.4298
14.9977	12.8116
14.5003	11.218
14.9211	11.9321
14.8596	12.5877
13.8962	9.53577
13.9635	9.13294
12.75	8.06468
13.7823	9.31123
14.0207	12.1786
14.8647	9.58444
13.7201	13.3492
14.9517	12.1945
14.9392	11.2509
14.8802	13.9957
13.91	10.0769
14.8301	12.7198
14.5187	7.8777
10.8078	13.371
14.2562	10.006
13.7073	12.307
13.7536	10.5806
14.3959	10.3564
14.508	10.7971
14.7324	11.7395
12.0246	11.0205
14.4584	8.84925
13.8731	9.14312
14.3557	13.2041
13.579	9.37142
13.3494	8.44842
14.9795	10.0556
14.6711	9.79809
14.6631	10.9797
14.4299	8.66196
14.2454	10.575
14.4455	11.5881
14.8663	10.1022
14.8042	11.2894
14.982	9.80647
14.8171	11.642
14.588	10.3043
13.8545	8.73983
14.6108	12.068
14.4002	9.58834
12.251	10.9345
14.8535	9.37008
14.7476	10.0294
14.8164	8.64391
14.6944	10.1102
14.6834	9.02945
14.7315	11.799
14.9244	12.8845
14.8509	9.67484
14.7449	6.24433
14.0911	11.3192
14.8353	11.1604
14.3537	11.8255
14.8165	11.6313
14.8893	8.99809
14.9961	13.0001
14.0113	11.4829
14.2626	11.0085
14.6785	9.36026
13.9036	9.00693
14.8276	7.21893
14.4817	9.46506
14.9199	10.5054
14.5992	10.2119
14.8398	9.80778
14.5029	5.11869
14.0426	10.2689
14.5265	11.8191
13.9098	11.6872
14.2392	8.65702
14.6682	10.4208
14.1595	8.9582
14.8809	11.3908
14.9448	9.56629
14.0309	10.1767
13.3626	12.1235
13.5301	8.92133
14.3361	9.42849
13.8693	12.6598
14.9205	8.12751
14.9798	10.2904
14.0244	10.5172
14.7488	9.63766
14.1896	9.69061
14.8419	13.0039
14.4528	11.0301
14.7874	9.32346
14.2169	9.71323
9.51876	13.0013
12.8476	13.4788
7.63629	12.4518
14.3592	9.1935
13.0249	10.6582
14.1556	9.83916
14.8686	11.0617
14.3254	10.5999
14.9753	11.8212
14.2137	8.49937
14.5744	12.7141
13.4627	9.19268
13.9865	11.6994
14.971	14.1982
14.5661	10.9516
14.8359	12.7705
13.774	8.37503
13.7677	10.9237
13.1929	8.25115
14.9891	10.7094
13.9541	12.857
12.7367	11.0208
12.9166	12.1518
3.73738	-10.8862
13.5419	10.1553
14.1624	10.0432
13.6612	11.8677
14.9916	11.7506
14.9294	10.2819
14.5869	10.0298
14.9878	11.8498
14.0342	9.46205
14.957	10.4331
14.7289	11.3814
14.6781	9.75288
14.5299	9.64386
9.59774	3.18597
14.9637	12.9408
13.4193	10.3776
14.8468	10.9051
14.8933	10.6719
14.265	9.43141
14.8834	11.2562
13.5905	12.1251
14.5545	10.5692
8.952	8.35513
14.3541	12.6873
14.9053	11.5247
13.0937	11.5029
14.8466	8.12085
13.4143	11.4888
14.7384	11.7113
14.8506	10.4242
14.7937	10.6533
14.4303	11.0902
14.7298	11.2782
14.996	10.1765
14.1715	10.4889
14.034	9.82091
14.9847	10.1258
14.1694	10.5769
14.5594	12.1435
14.574	10.9677
14.4783	8.15361
14.6969	9.93079
14.7292	10.3906
14.817	11.1243
14.9017	12.6476
14.1369	10.3367
14.2662	11.7932
14.6683	11.7374
12.9625	10.6498
14.5843	9.74895
13.4985	9.78554
14.1556	8.51866
14.2092	13.1367
14.0339	9.17227
13.7992	10.7055
14.5038	8.30092
14.713	8.28416
14.949	11.8421
14.2391	10.6943
14.6236	8.24045
14.5963	10.7498
14.0905	10.9021
13.7789	8.07426
13.4056	11.1328
14.8271	13.7278
14.748	9.82814
14.5774	10.4002
13.5699	8.18116
13.547	10.6868
14.0605	9.01247
14.1764	11.1823
14.8156	10.4694
13.9236	12.4385
14.3558	11.5751
13.5831	13.4861
14.9449	11.5407
14.5411	10.9049
12.1083	7.34277
14.9058	11.563
14.2811	12.396
14.2641	12.8694
10.3294	9.02001
14.2496	9.64109
14.1996	8.99351
14.3415	10.8271
13.8489	11.9516
9.46823	10.6604
13.6152	8.30929
12.8646	11.7027
14.9722	10.9286
14.2222	7.93281
14.5348	11.6148
14.8031	9.95294
14.7387	12.8804
13.5896	11.6648
14.1444	7.31091
14.8325	10.3481
14.1865	10.8951
14.768	10.0987
14.4576	9.55981
14.8926	10.9932
13.7957	11.8566
14.6415	8.86801
14.5098	9.85609
13.2788	7.78706
14.8545	8.98945
13.1721	9.856
14.0697	9.5307
13.4435	7.73382
14.0607	10.2177
13.8806	11.4491
14.729	12.9631
14.8875	13.34
14.8673	13.3275
14.9026	11.2866
14.1921	11.4789
14.784	13.3923
2.88042	11.3517
14.7087	9.5379
11.0077	14.1195
14.8864	11.2124
11.0011	8.57039
14.3017	11.2388
14.4429	10.3883
13.8294	8.01407
14.9352	12.9669
14.9018	10.1362
14.2923	13.3699
14.1931	7.8455
14.5266	11.2334
14.9974	11.8684
14.928	10.5979
14.8844	11.6116
14.7811	11.1019
14.1794	11.13
14.0162	10.9612
5.97749	-0.780283
13.833	10.2854
11.6265	9.82472
13.9387	9.36941
13.6628	11.1783
14.7461	10.751
14.9631	9.43422
14.8009	12.2788
13.6032	11.816
14.885	10.2706
14.2124	9.26694
12.6391	8.61465
13.8593	12.5268
14.8713	9.31548
14.4714	9.76416
12.6407	4.36467
14.354	13.7168
5.07386	7.20514
13.0695	11.601
14.5539	10.1829
13.9579	10.5066
14.8904	10.0314
14.8635	11.063
13.2707	10.5592
8.75459	10.6995
14.9062	10.336
14.7459	9.27065
13.7411	11.279
14.1436	11.134
13.8754	10.9156
14.7185	11.3707
14.273	12.5727
14.7935	9.28339
14.952	7.92614
12.5004	5.11532
14.599	11.3346
13.8526	8.66332
13.7344	3.06019
2.67114	13.8349
14.9305	9.03015
14.478	9.7549
14.7837	10.3834
14.6279	12.4354
10.1939	1.46638
9.69658	10.9353
13.8563	9.68738
14.8139	12.0281
13.9175	11.8935
14.2803	11.7134
14.3051	9.82949
14.4393	11.2291
14.8875	11.139
14.8678	12.4008
13.5497	8.66736
14.4648	10.2609
14.8601	12.8662
14.6355	11.2729
14.3929	11.678
14.6722	8.64847
6.3491	1.74918
14.9363	9.46925
10.8697	9.8586
14.5528	11.5089
14.4579	8.79343
14.7749	10.1855
6.57656	1.96478
12.2197	8.852
14.7527	9.86324
14.2481	11.8617
14.8906	10.2238
14.6239	11.1254
14.3536	8.9367
14.0511	10.9035
14.0968	7.80212
14.7921	7.72178
14.8464	7.5872
14.7663	9.99753
14.2397	11.791
14.8092	11.1253
14.5574	11.466
14.2434	11.0655
14.5298	10.3128
14.3109	10.0184
14.367	8.41544
14.246	8.2846
13.3073	8.63499
14.4599	9.81711
13.9904	7.79497
14.651	14.2864
14.6137	12.6601
14.0525	12.12
11.3689	10.0948
14.0194	10.2162
14.1942	8.79442
14.1098	12.1322
14.3124	10.6331
14.1617	7.31284
14.7389	9.40855
14.9693	8.63503
14.816	10.5745
-4.95841	5.18542
14.8233	9.12894
14.3355	9.89906
14.7814	10.5938
14.1186	11.5592
14.6667	9.53563
13.8952	3.44983
14.8682	10.3075
14.0082	9.89241
13.9973	10.5886
14.9551	10.9535
14.9689	11.8997
14.9857	9.0493
14.9965	8.50925
14.995	10.1461
12.2741	11.2493
13.4539	10.1442
13.6578	9.98302
14.3633	8.75862
14.9262	11.7607
14.3629	10.179
14.7544	10.2208
14.4331	12.1514
14.9161	11.3257
14.5473	11.0436
13.8158	9.35231
14.9972	9.3655
14.7179	10.1363
13.7323	12.5061
14.663	11.5273
12.1701	9.22439
14.7752	10.9507
14.2892	11.6654
14.3817	11.6525
14.741	8.52845
14.1964	11.0443
14.93	10.9817
14.0057	8.71528
14.5185	10.1775
14.2757	12.4932
14.9859	11.2824
14.7762	11.1197
14.5904	11.9493
14.3035	11.5715
14.5406	9.49692
14.3679	9.65318
14.2454	11.4833
14.8509	9.39545
14.9511	9.11588
13.2498	12.2345
14.5018	7.91
14.9225	12.096
14.9137	9.11675
14.7826	12.3377
11.599	10.7289
13.8647	12.3352
14.8509	9.58475
14.5953	10.6933
13.6847	13.1457
13.5755	9.663
14.6301	10.0851
14.8158	10.4127
13.0761	11.2763
13.9179	10.0647
14.9174	10.8527
14.9683	11.0058
14.9608	11.0595
13.7648	9.40147
14.8522	9.11906
14.9792	11.2538
13.3647	10.701
14.4046	12.4583
14.8129	10.9188
14.6443	12.012
14.1405	9.85019
13.5907	11.5875
14.5883	12.1475
13.6339	11.1247
14.761	11.212
14.2879	14.2891
13.8883	11.6715
12.2693	7.60167
14.9649	11.4667
14.5688	11.4534
14.8991	12.6949
14.6998	10.7884
14.7679	12.9268
14.7046	9.66832
14.8513	8.62858
13.0788	12.6697
14.7712	9.03336
14.8964	10.0556
14.6267	8.56126
14.71	9.92692
14.7065	9.3548
14.1596	9.81991
14.8715	12.9829
13.546	9.32577
13.2032	11.3232
14.6803	9.31835
14.2671	10.3245
14.9681	10.458
13.6505	12.3354
14.743	10.442
14.8923	13.4119
13.6045	8.51455
14.2325	10.6981
14.3091	11.4631
14.5475	10.8579
14.6169	11.4565
14.4391	10.6221
14.3408	12.9185
14.1462	8.29777
14.3264	9.88734
13.9342	10.9802
14.8374	12.0825
14.2928	9.77372
14.965	11.5063
14.7756	10.0611
14.6862	13.3899
13.6909	10.168
14.2926	10.3905
14.0672	8.33641
13.4777	9.65978
14.5758	10.3251
14.125	9.15484
14.6503	11.8228
13.7652	14.426
13.1562	11.0539
14.931	10.0776
13.9167	12.6408
13.1813	11.9628
14.5238	9.08072
13.9266	11.2231
14.2957	10.1368
13.8707	11.5991
14.6756	9.96633
14.5919	11.7392
14.7134	9.83218
14.8743	11.1078
14.1225	13.3488
14.9902	10.6892
14.8639	10.0911
14.5967	9.43414
14.3097	8.48687
14.8047	11.5129
14.3613	12.7866
14.8353	12.9155
13.4026	11.6612
14.5787	8.97159
14.5668	9.93982
14.9882	11.7843
14.8675	10.4339
14.509	10.8028
13.9472	9.38822
14.7097	12.7541
14.915	10.6976
13.6948	9.92169
13.5638	9.64443
13.9368	8.26294
14.2156	10.982
12.6043	12.3383
14.6031	10.2669
13.2106	0.138529
13.6044	12.1633
14.4663	11.4216
14.9657	8.42739
14.7528	9.43035
14.8269	11.8818
14.6822	11.5721
14.9204	9.74283
14.7148	10.0015
14.8803	11.0447
14.941	9.563
14.5374	9.39821
13.5153	6.76342
14.3106	7.78504
14.9655	12.4871
14.1657	9.86953
14.583	12.1803
14.8332	10.5085
13.8709	9.09013
14.5558	11.4409
14.2149	10.8031
13.7767	11.5053
13.8498	10.7672
14.3736	8.58884
14.5096	10.8852
14.7362	10.0784
14.4591	10.8743
14.9913	9.97377
12.9303	10.9281
14.5224	10.5141
14.7851	9.00104
13.8405	10.3669
14.0046	9.81677
14.83	13.0114
13.6352	10.1578
14.568	8.86223
14.68	11.7066
14.8058	10.5861
14.9994	9.29512
14.1531	12.4369
14.2351	10.3228
12.4186	9.05733
13.3311	11.369
14.689	10.7988
14.9444	7.44581
14.2786	11.5255
14.1991	11.8081
14.1842	10.6339
14.4706	9.08342
14.1377	9.63135
13.5042	8.45314
14.8472	7.41477
14.1185	9.94911
14.1485	10.2715
13.7831	4.89085
13.7351	8.17939
14.7167	10.5202
14.5236	8.66025
14.0855	11.2212
14.019	10.7188
14.9088	11.5958
14.8311	12.4653
13.7844	10.3153
14.9238	11.356
14.5786	10.2911
13.6509	10.1779
12.4535	12.1825
14.4619	12.1526
14.0253	10.093
14.9115	11.412
14.8279	10.7362
14.8317	10.3289
14.8204	8.25625
13.0018	13.1976
14.1277	11.5994
14.345	11.3838
14.7697	8.80426
14.4369	12.96
14.7578	11.8138
14.7601	13.4383
13.2482	10.5694
14.8719	10.1941
14.4948	11.4261
14.8569	10.0917
14.7307	9.02243
14.9166	11.5018
12.9746	8.98796
14.8756	8.14886
14.281	11.591
12.4722	7.64234
14.1017	9.89157
13.358	7.79905
14.5985	12.186
13.8589	11.1188
14.0394	11.2184
14.9757	10.3107
14.5792	11.6768
13.8531	12.5339
9.82522	6.22041
14.4401	11.1731
14.8092	12.6513
13.3942	11.1586
14.4872	8.57367
14.8682	9.53278
14.9396	10.9059
14.478	10.5178
13.78	8.81834
14.6398	9.8595
14.8663	9.2199
13.6437	10.2228
14.5508	10.6067
14.0256	12.8885
14.3457	11.1463
14.9006	9.38625
14.5517	9.51683
14.5725	9.01114
14.7812	11.0595
14.7152	10.5908
13.5258	10.0008
14.4194	10.2068
12.7021	10.017
14.5681	8.99499
13.2605	7.6123
14.6334	10.6596
14.5935	9.08695
14.4722	11.7469
13.6111	8.92349
14.2982	11.1525
-5.25052	11.5641
14.6005	11.7803
14.3064	8.61553
14.78	12.7458
11.6314	12.2926
3.95694	7.40963
14.548	10.2957
14.8845	10.7048
14.6621	11.1497
14.3948	8.63856
14.0405	9.80374
12.678	10.529
14.914	8.65188
14.8734	7.71717
14.8754	9.35639
13.14	14.3667
13.4365	9.53664
14.588	11.7724
13.352	12.1028
14.8682	11.9528
-1.95519	7.12383
14.7488	9.89456
13.9345	13.6734
14.8284	11.942
14.8997	9.53288
14.8856	9.76072
14.8031	9.97077
14.9229	11.3379
14.2119	10.0325
14.9116	9.13793
2.48067	7.12231
14.6457	9.92746
14.5245	10.9292
14.2074	9.30772
14.8632	9.76695
14.9921	11.907
14.6037	12.5134
13.9341	11.5407
1.56656	-0.645447
14.777	9.23097
14.5434	9.09596
14.8105	9.8082
14.8521	11.5395
13.5822	5.84737
14.8693	11.6531
14.7698	8.68651
14.4098	11.7116
14.801	10.5946
13.6517	11.1055
14.9926	8.46276
13.9292	10.4072
14.1891	10.4202
14.6178	11.7546
13.5501	10.1974
14.4317	10.3289
14.4837	11.8751
14.4634	8.86604
14.2815	11.6293
13.9739	10.7301
14.4314	11.8924
12.9346	11.754
13.0085	10.8518
2.50339	-2.5145
14.202	9.53876
14.8671	9.43897
14.9147	11.2178
14.2266	10.9209
14.5754	11.0375
14.4122	9.57104
14.8004	11.8827
13.9834	10.3505
13.7514	8.46118
14.7795	11.0287
13.8555	8.56576
14.5955	12.1583
14.5837	10.7762
14.9085	11.9215
14.8008	9.68922
14.2487	10.5956
14.1493	11.7793
14.5946	8.78889
14.5168	8.63741
14.7068	9.96501
9.10964	1.61684
14.279	12.07
14.4765	11.6763
14.3954	13.5394
14.433	9.34996
14.6757	10.3546
13.0495	10.6405
14.3488	10.0912
13.831	8.58742
14.9011	13.6464
14.817	8.28259
14.2555	10.2212
14.3942	10.6421
14.8799	9.37532
14.3688	13.1048
11.9919	5.61401
14.8669	8.45229
12.5833	11.8756
14.9995	8.96069
13.3828	10.1316
14.688	11.5868
14.7792	11.7388
14.7739	9.47449
14.8475	9.13393
14.5718	11.744
13.7585	11.1992
14.2472	10.3463
14.8926	10.1006
14.821	7.69328
13.5345	9.07278
14.6754	8.23073
14.3341	11.18
13.7215	10.2062
13.4291	8.01987
14.2363	12.8504
14.2347	9.75663
14.6164	9.23625
13.5938	10.607
13.9202	12.6356
14.984	11.9573
14.9311	11.5362
13.9741	9.47033
13.5695	10.6894
13.6934	12.772
14.7534	12.7377
14.5154	10.4632
14.0923	12.0614
14.8505	9.8705
14.209	10.022
14.0793	9.7075
14.7433	13.8283
14.4521	10.4613
14.0819	9.24582
14.451	11.7345
14.8645	11.3817
14.4221	10.811
14.22	10.8936
14.8892	7.81073
14.7778	10.5954
12.5072	9.51829
14.4611	9.86693
14.7087	10.4794
14.6011	10.6541
14.1016	9.5229
14.8319	11.7194
14.6533	11.5521
14.2154	12.1898
13.8509	10.8159
14.1964	10.1283
14.9739	10.7997
13.3229	13.1205
14.6006	7.72951
14.1586	10.8037
13.9472	10.0785
13.7881	8.05341
14.7677	12.7308
14.8305	8.99316
13.6359	9.60658
14.393	10.4226
14.1734	8.79193
14.3547	9.49088
14.425	10.6494
14.0001	11.6129
14.5727	8.66545
13.8921	10.477
14.7305	10.895
14.4536	10.6633
14.8724	10.8283
14.9187	8.44993
14.1788	10.0224
13.5175	12.2584
14.418	11.739
14.4067	10.9589
14.9555	11.3233
13.4088	11.293
14.494	7.41503
14.6001	11.4667
14.5498	9.16404
14.7623	8.89237
13.8506	11.8223
13.6449	9.8163
14.7358	10.5618
12.9252	11.4284
14.9947	12.3715
13.2243	9.77831
13.4392	8.57463
14.2917	10.4344
14.2592	11.5428
14.7909	9.17022
13.3952	11.3965
14.8114	11.7241
14.8154	11.3477
14.8578	10.0098
14.9438	10.2877
14.9993	10.116
11.4206	2.0798
14.0078	11.6722
13.7021	10.6631
14.7455	11.6618
14.269	11.8298
13.1275	10.488
13.2478	10.7533
14.694	9.38047
14.0153	12.357
14.9731	10.9171
14.8275	8.69239
14.1699	10.1452
11.6414	5.62584
14.4836	11.8242
14.9959	11.6653
13.4224	9.14423
14.9987	10.0152
14.5602	9.34175
