-8.43371	-13.5328
-5.52751	-13.5719
-1.09712	-8.83549
-3.92498	-12.6915
-2.62953	-14.2579
-10.0799	-13.8329
-13.6858	-11.0021
-4.28078	-10.1807
-1.82477	13.4112
8.54544	-8.60736
14.1632	0.579061
7.00792	-12.0066
-6.68162	-14.8404
-12.5248	9.41706
-14.007	-6.35696
-6.59382	-13.7231
-4.71725	-4.32926
-9.37238	0.00541379
-13.1485	-2.33402
-1.83446	0.593262
4.07483	-3.37154
0.621837	-7.40372
-10.756	-1.11486
6.46365	-4.64762
11.7468	-12.5804
-10.5975	-13.1825
-11.5671	6.71633
-3.68517	-10.265
-14.2806	-10.8732
-11.2186	6.82832
10.4454	6.07571
-10.7479	-12.5619
-4.87008	-12.4148
9.73498	-12.7097
10.2221	-14.3028
-14.2535	12.6049
-10.9054	10.7553
-2.41601	-6.03477
-6.74332	-1.62949
-10.9314	-14.8538
1.99542	-5.19258
-12.021	3.42336
4.87493	-4.15537
3.24586	7.7854
-4.38341	-13.2318
0.549648	-2.09612
-1.3078	3.62354
-5.00363	-14.0131
0.719162	-12.9526
-3.89674	6.74493
0.479725	10.1349
2.75677	-1.14887
7.68593	12.0841
-6.49988	-11.0245
-13.7608	-1.85523
-14.2829	-11.3302
-5.87811	0.327254
7.52375	-2.07192
-8.34695	4.17632
3.4421	-13.5408
-11.7429	-13.6756
-1.16583	-3.96927
-3.8621	-13.333
-10.0463	-5.43885
-0.895455	-8.01178
4.04694	6.71233
-6.63183	-3.88543
9.83097	4.22209
-13.0047	-9.23544
2.2714	-2.77898
1.03085	-13.2576
6.18472	13.9116
-4.91634	-5.34534
-5.66602	-14.5809
-10.8698	-1.95402
-13.596	6.20738
-6.42556	-12.5063
-11.1696	-3.36742
-14.433	-14.3552
