2.99588	11.1359
10.894	14.4184
-1.71495	11.518
2.1616	0.414596
-5.03074	12.4778
-7.17008	-7.61489
9.04943	-10.3374
0.455577	8.57289
4.01707	2.08772
-6.77625	13.2207
8.97502	10.733
2.5612	9.8953
9.87124	-8.62316
2.36041	9.69283
-0.512096	14.2248
2.10211	14.1393
13.6513	1.5624
10.473	5.22971
-4.16885	10.4853
3.18207	1.07106
2.54607	11.7904
-4.06439	12.3742
1.43898	14.1905
0.0736073	10.1355
-0.776983	12.4788
6.60059	14.1495
-5.40714	11.7448
-2.4852	11.2122
12.1918	11.1505
-10.9047	10.2314
8.55839	3.18057
8.55124	14.5995
1.40144	13.9591
4.73089	13.2345
-0.22762	14.0024
-4.78902	6.23205
-7.851	11.6568
8.06272	13.7598
2.85428	13.4277
-0.561884	14.6596
2.25191	12.8173
-10.2172	10.9832
5.45737	12.3731
-2.08992	11.5558
-8.03689	14.0669
-4.3621	9.65773
5.06837	11.7412
8.27431	13.4792
3.95171	14.6794
-1.87473	12.5781
-3.35771	6.8076
4.89302	14.977
6.20003	14.3222
10.1353	6.95523
-2.83016	5.68893
-4.10744	11.4986
-4.58636	11.9142
-6.94121	14.1335
1.27172	6.8823
-0.630309	14.7979
-10.514	2.43695
-3.4972	8.87778
-0.32721	14.9267
-0.487705	5.37985
-5.11801	11.9857
-0.635711	14.9722
3.4533	8.19788
14.2958	-5.73238
1.22699	12.5209
6.52049	13.6577
3.89128	11.8979
4.83884	13.2045
10.5073	12.1365
8.70912	11.5885
9.97641	8.01902
4.39244	14.1508
3.68991	13.9951
-2.45677	13.2627
-14.3159	-2.8587
-8.44048	12.8808
-12.2786	11.8831
14.0826	13.3354
3.53427	13.4559
-4.58194	6.87331
-0.921896	14.6494
-2.3531	2.07281
1.89908	12.5248
6.63167	14.4606
-3.37968	5.35338
5.17384	14.5728
2.03904	14.581
-0.56773	6.9417
-3.70415	-0.907183
0.423953	13.7522
-0.0373885	7.81639
2.50001	5.80652
5.4538	14.4212
5.30825	13.6724
-6.53253	9.10951
-0.898983	13.7236
0.642845	14.1079
-1.71083	14.7056
-0.112283	9.7914
0.574828	14.5771
-2.88188	5.02448
-12.5406	-0.250271
2.34271	14.8778
6.17667	12.4419
-8.01629	14.3187
-2.42586	10.4938
4.41504	13.5354
2.3695	12.2067
-3.48351	14.4132
0.801839	13.8142
-4.35708	14.2997
-0.379042	14.6091
-13.5805	7.08907
-6.24511	-12.602
-6.57276	12.1917
-10.7879	10.642
-5.85298	-1.23149
-5.42156	11.7704
2.22234	8.22836
8.48541	3.19992
13.9683	-2.83777
3.04556	11.9964
-7.73303	4.77192
-4.37034	8.95266
-0.812232	14.1523
7.81186	14.4804
1.37132	13.9696
-14.9006	-0.446581
10.1231	9.51037
-0.0519304	12.5834
12.1871	13.414
-1.76408	11.7889
3.2339	14.2139
14.5875	-4.88364
-4.6015	13.8061
-2.51064	13.2809
-2.31873	14.0079
1.50655	14.3193
-9.93624	4.01306
2.89804	12.1567
-8.42113	-5.44375
3.39262	12.6242
-12.8292	-1.68277
-14.0177	-8.34954
0.801062	-6.40957
8.24409	7.82917
-0.649212	14.5117
5.33149	13.9574
3.55904	13.3308
14.8928	12.9907
