8.69773	13.6188	13.6152
14.5014	14.1493	2371.48
14.6272	14.8004	1451.1
-11.5031	13.9335	58.7243
14.0947	14.3023	958.312
14.8494	12.8396	116.103
14.4257	14.5462	685.622
14.7138	14.7935	1611.43
13.8852	13.9415	1467.02
14.8516	14.4769	682.276
14.9949	13.8427	680.992
14.3243	14.2961	2151.3
14.7803	14.8606	1311.61
-7.3693	7.53901	158.142
6.65681	7.26593	197.752
12.8736	11.3371	267.932
14.7451	14.3846	1804.83
-0.963695	12.4682	787.707
13.5082	14.8616	1102.98
14.279	14.9882	699.695
13.5019	14.674	1064.54
14.6621	14.3749	116.202
14.7947	12.9984	85.1936
14.9329	14.3882	99.5643
13.9883	13.7418	2020.08
10.8359	14.958	161.79
14.4413	14.9765	651.557
14.3225	14.48	1562.62
13.7563	14.0694	140.409
14.359	14.2422	129.654
13.0502	13.1558	161.503
14.6124	13.9236	657.188
14.4262	14.9498	500.167
12.9343	13.8643	205.533
14.9027	12.9069	157.476
13.4435	14.1567	450.322
14.6898	14.3179	203.559
13.1197	13.5779	836.669
14.7797	14.0504	618.731
14.5022	14.6084	691.837
14.9798	14.865	397.733
14.3969	14.8668	1267.37
5.34457	-3.23256	108.577
14.5664	14.4798	1148.46
13.9376	14.8553	896.624
14.8619	14.1999	1456.38
14.7526	14.3635	2193.28
-8.63721	14.9043	65.9886
14.6462	14.5191	363.759
14.6298	13.7833	124.958
12.8237	13.2645	49.9818
14.2982	13.1938	1465.77
13.2817	6.36066	173.044
14.7378	13.6345	353.33
14.965	14.6764	2449.88
13.7309	14.098	1590.45
14.2261	14.2229	2056.38
14.7452	14.7566	545.107
14.837	14.8233	1120.71
14.7932	14.8488	1871.49
14.2743	14.5335	525.442
13.9449	14.8664	107.558
14.2098	14.3118	818.713
12.5168	10.762	323.105
14.5878	14.9666	515.001
13.7546	8.85166	134.909
1.975	14.8794	224.771
13.877	13.0067	112.917
13.8248	13.9182	1497.44
13.1139	14.0023	1251.63
14.3096	14.4353	1515.29
14.417	14.6492	257.983
13.9817	12.4743	81.2167
9.47469	14.131	39.1961
13.732	14.8884	119.642
14.7106	14.9569	467.091
14.0819	14.9555	1682.47
14.3248	14.2518	1411.26
14.7582	14.5003	1248.13
14.6249	14.378	1186.89
14.8214	13.5048	559.948
14.7528	13.8434	116.325
14.876	13.9393	107.169
14.4589	14.117	745.662
14.4785	14.917	1626.99
11.7732	14.9707	153.318
14.3347	13.4301	614.661
14.4348	14.7133	2193.28
14.85	14.4455	1266.3
9.48861	8.69166	63.2781
14.2638	13.9897	1090.23
14.5836	14.7705	105.456
14.5599	14.5281	145.451
-6.11663	13.9536	237.975
14.5495	14.7988	2186.57
14.7445	14.9777	77.6648
14.8197	14.762	357.605
13.8726	14.6217	1687.98
8.91419	11.8209	139.171
6.30501	-8.80557	194.912
12.9336	7.14817	101.358
11.0092	5.37642	162.801
14.4542	14.2929	864.915
14.5212	14.6109	2160.35
13.3285	14.8449	303.166
14.3878	14.2456	1024.64
14.8285	12.7463	263.443
14.6284	14.6731	1860.69
14.5404	14.3007	102.301
14.5929	8.98541	156.589
14.814	14.1883	229.823
9.11639	9.14824	177.751
-3.04382	-12.2527	190.988
13.9271	13.2018	185.707
12.7936	14.4547	178.123
12.2145	7.34152	302.065
13.6912	14.4506	580.6
14.6766	5.99695	152.058
14.5184	14.0337	1231.15
14.764	14.2364	1933.6
12.1836	12.6045	473.595
14.3219	14.9554	289.844
14.7166	8.71401	202.679
14.2456	14.9598	857.973
14.2055	13.5664	118.811
14.8552	14.5498	70.8108
13.4424	14.9269	329.052
14.1993	13.6156	180.051
12.6149	13.778	136.575
13.8109	14.8586	296.894
14.2647	14.8528	342.735
13.5204	13.9902	293.789
14.7598	14.96	924.423
13.6121	14.8044	149.548
13.117	9.46265	222.387
14.0122	14.9987	1721.38
14.1701	14.1266	1919.07
3.60945	2.69366	287.913
14.5885	14.727	211.638
13.0251	14.983	100.286
14.4723	14.7168	1783.92
14.5117	13.6221	249.974
10.9204	13.0526	271.678
12.7752	13.4665	8.73113
14.9435	14.1722	2323.4
12.6909	13.8453	335.405
12.9775	14.7816	453.363
14.3909	14.7248	21.3571
14.8999	14.4251	663.297
14.5657	14.5863	2549.06
13.2505	13.8297	16.432
14.0727	13.8183	309.448
14.182	14.1763	1477.45
13.8979	14.6304	1057.96
10.4528	11.7823	150.104
14.6489	14.5242	1679.39
14.8572	14.3913	2570.52
14.8203	14.8166	115.528
14.9684	14.2494	184.686
14.498	14.7806	1356.32
14.1199	13.7535	123.624
10.4325	-3.33673	780.637
7.96881	11.16	322.227
14.7965	13.4544	740.191
8.14255	10.1471	1.95128
14.5942	14.6214	2073.81
14.2762	13.9475	1019.75
12.7363	1.84916	204.155
14.7956	14.3996	883.813
10.3429	5.59798	420.218
14.8023	14.779	2825.12
14.3079	14.2499	405.489
-0.262378	12.2358	38.6031
14.878	14.9663	1907.78
14.8227	14.0148	210.441
8.2892	11.7623	129.682
2.33999	7.60962	29.6846
6.11204	5.21508	205.971
10.1653	3.76702	206.236
12.4889	4.79479	138.102
14.977	14.1509	657.568
8.5591	2.92589	23.0715
4.65042	9.50703	163.117
14.3809	13.8199	2001.14
11.2418	8.63577	312.792
13.7247	10.2698	262.025
14.123	13.5614	1841.42
14.9285	14.7368	838.113
14.8186	14.6396	120.888
14.8766	13.9022	705.122
13.2858	14.0556	69.8995
14.4145	14.7971	1022.92
12.8893	11.34	184.566
13.3469	13.2033	136.959
13.9111	14.7283	1708.21
14.8436	14.6218	1870.63
14.7451	13.6517	20.3503
14.9053	14.6926	988.153
12.5739	13.5782	306.756
14.3603	14.7733	864.892
14.8493	14.4101	1417.97
14.3494	13.9961	1480.34
8.32023	13.7663	186.19
13.2892	13.8444	149.111
14.1591	14.4275	379.813
14.196	14.7327	976.624
14.9176	14.4857	1292.25
13.7391	14.7817	861.349
14.1295	13.7069	987.939
5.71405	13.6254	50.2206
14.9849	14.7478	139.7
13.4521	14.1893	40.2466
14.9636	14.648	2203.06
14.7452	14.573	1146.72
14.683	14.8572	1270.23
14.5313	14.6468	115.322
14.9436	13.4221	1156.93
14.9358	14.6415	823.011
14.1745	14.8265	1791.51
14.7681	14.2474	1262.66
12.3673	14.02	199.727
14.0088	14.4063	1825.08
-5.98003	-3.68443	159.139
14.8431	13.9591	139.015
12.9747	14.8401	71.1401
14.9047	14.1942	1045.63
14.2807	14.3514	121.117
13.5286	12.6136	90.9305
13.8216	14.6119	34.6051
14.7639	14.7999	2395.56
14.5703	14.7274	2692.17
13.9314	13.0923	5.59421
14.9103	13.8266	818.263
14.5616	12.1348	103.767
14.9459	14.6552	2154.92
-10.8598	-0.913274	97.0547
14.5975	13.9781	1855.27
14.6929	14.9184	703.459
-1.6173	9.88385	1344.62
14.9191	14.4212	1041.89
7.76937	11.582	150.423
14.6987	13.6773	1771.8
14.4298	14.5992	105.644
14.4892	14.5007	1721.89
14.5422	13.6086	189.897
14.5154	14.0243	1847.03
14.108	13.1036	138.549
14.1437	14.6258	39.3023
14.816	14.6432	394.025
14.9198	14.6407	1851.62
14.287	14.5047	241.498
14.6226	14.6301	621.066
11.3544	9.34932	78.7872
14.9442	14.0801	405.919
14.0466	13.3672	676.497
14.9491	14.0808	170.869
14.604	14.746	167.129
14.8457	14.2806	299.299
14.73	14.0939	627.85
13.4105	14.9009	149.441
13.5714	14.1821	772.68
11.1544	9.28653	334.625
12.6133	13.4197	143.845
14.1191	13.393	224.509
-11.7958	-6.42667	7.91934
-12.0903	10.9836	169.676
14.5491	14.3494	1438.93
14.1929	14.9778	115.624
14.4427	5.41401	190.894
12.6124	14.5958	614.596
14.8073	14.5363	345.263
14.4406	14.4702	283.961
13.8045	12.9413	1514.32
14.6958	14.0108	2430.2
-0.640127	11.847	573.677
14.9697	14.4442	1306.86
14.2761	14.906	1469.69
14.134	14.907	687.848
11.5362	13.0829	132.417
7.36991	10.8851	465.934
14.597	13.9522	2114.35
14.96	14.9095	189.591
13.5811	14.7622	1542.13
13.7635	14.7481	1627.78
13.3704	14.0578	41.7678
14.4419	12.476	768.506
14.8745	14.8004	186.006
14.7888	14.2781	1158.19
14.0248	14.4179	740.231
14.6685	14.5622	2707.97
13.6525	12.4438	11.8329
14.8341	14.9477	568.544
14.9496	14.2784	623.079
14.9656	14.5786	718.931
14.3873	14.1293	396.102
14.8842	14.7782	252.585
-11.1457	1.41314	137.25
14.7476	14.9822	904.384
14.9185	14.2446	1693.32
14.2776	13.1026	608.537
14.5913	14.3047	718.236
14.446	14.8284	470.633
14.6021	13.992	1280.61
14.5052	13.9641	512.706
14.8314	13.146	427.488
14.9989	14.716	596.107
14.6266	14.8293	2482.28
12.6818	14.8429	902.212
14.2539	14.3386	2391
12.5159	14.4827	161.637
11.1041	10.0445	183.083
14.5275	14.1191	1098.24
13.251	14.1869	476.167
13.8178	12.5851	118.252
14.3765	14.7944	2505.13
14.0931	14.1776	2166.42
14.9034	6.84563	237.108
13.799	14.2624	597.258
13.8978	11.8909	129.056
12.0649	14.7381	34.2907
14.7932	14.5649	500.95
12.6939	14.5461	887.05
2.39855	-8.91961	41.9901
14.1429	13.972	164.12
14.7291	13.5675	197.153
12.8083	11.2692	134.313
14.5213	13.1751	133.799
13.132	14.8496	205.431
14.6051	14.8608	257.278
14.3753	14.125	2346.57
11.9004	13.7004	127.349
13.9682	10.9073	159.063
14.4786	14.1986	338.878
14.2478	14.9043	1371.54
14.7541	14.9761	545.018
14.3942	14.0634	763.379
13.6168	14.0486	196.278
14.3831	14.9907	143.869
11.9631	1.53953	319.794
4.03398	2.09931	271.675
14.8494	14.8657	1358.39
14.9653	13.8541	635.41
-5.80585	-10.3835	163.594
2.67468	-14.3557	117.458
14.4203	14.8318	205.949
14.4108	14.4173	4.82666
13.2648	13.5801	205.737
13.9275	11.3399	168.966
13.6337	14.1642	176.083
14.3638	13.3575	130.482
13.1731	14.6851	1669.83
14.9733	14.9279	430.7
13.2949	14.8592	495.834
13.3513	14.311	446.928
13.9536	14.9252	1582.25
7.83643	5.11038	299.877
14.7914	14.0977	2254.64
14.7327	14.858	1787.12
7.59724	-7.50884	571.298
14.5965	14.7171	1923.68
