-14.2388	11.888
14.3489	-5.47883
14.6485	5.6456
7.8511	-7.21947
9.27503	-9.32928
7.45344	-9.60295
3.63742	-13.0352
-7.58642	13.2719
14.8037	-12.0526
14.7661	-12.8193
11.7925	-5.10649
14.7096	-8.79009
-7.35537	-6.98652
13.318	9.05921
10.5822	13.2
-1.52711	8.0448
10.778	-10.7859
-1.81143	-5.95416
0.469373	-12.3444
2.40511	-0.138842
10.8557	0.0630612
13.9641	-11.5604
4.57644	2.50748
5.8899	11.3383
11.1227	-6.79132
-12.3257	8.52701
7.40634	-0.718314
9.31247	-11.7505
8.84438	14.1623
10.033	-12.2913
-1.67752	-7.62741
6.97741	-0.655409
-5.87307	-13.4027
12.7917	-11.8726
2.45195	-14.3663
13.811	-5.83111
-4.08982	-6.2847
5.24835	-3.6535
11.6352	-0.952898
-9.78289	-13.4576
13.9911	-13.0344
13.9726	-11.1864
7.07872	7.40049
4.47809	-5.91391
-3.05856	-5.30194
13.9329	-0.0274432
1.67213	-11.2207
14.6199	-0.291504
12.6008	-0.705495
-7.73922	4.67965
14.3676	-8.70953
