-14.6354	0.988227	12.3423
-14.8477	0.306132	1182.58
-13.6693	0.112362	907.019
-14.3904	3.67086	1756.12
-14.2295	1.59969	468.958
-14.4834	2.81137	137.881
-14.8259	3.77783	1568.95
-14.0118	-0.977638	897.106
-14.2654	2.07848	2241.29
-14.0115	-0.0469262	716.928
-14.6106	-0.0202039	821.765
-14.2729	0.0904306	352.705
-13.6004	0.380607	1932.17
-10.4933	-2.19871	39.2855
-14.6649	1.74558	2124.72
-14.5213	-0.225536	99.8418
-14.7142	1.40516	825.71
-14.8361	2.56938	3060
-14.5298	0.974597	406.083
-13.481	2.73895	455.17
-14.8988	2.33653	277.693
-14.5388	1.54587	2697.25
-14.9859	0.901363	3060
-14.8721	2.03926	1957.51
-14.8635	0.254293	2767
-14.9431	0.672281	2780.75
-14.6428	1.72568	707.092
-14.4901	2.62905	476.511
-14.9272	3.99528	1192.42
-13.9752	0.426002	406.29
-13.7073	0.922111	466.079
-5.4172	-14.165	190.121
-14.0337	2.32047	925.022
-14.2872	-0.764443	1885.58
-14.9504	3.8703	1496.02
-14.692	2.35555	815.41
-14.5566	0.374032	2348.21
-14.8208	1.83114	2602.59
-14.7383	3.6707	2420.33
-14.6712	2.13101	2284.84
-8.94206	2.00861	264.945
-14.7908	2.41941	1104.57
-14.0201	0.68333	291.352
-14.6446	2.40627	2058.93
-13.8564	0.683059	1336.04
-9.16374	-8.52574	328.725
-14.9395	0.0389909	141.938
-14.1138	2.92631	239.731
-14.2537	1.3349	1860.54
-14.6669	0.592841	685.365
-11.0499	2.31264	430.122
-13.5729	0.146469	509.781
-14.4305	2.22977	1789.07
-14.7566	2.65351	1956.5
-14.9275	0.296871	1414.85
-14.5435	0.757474	1638.43
-14.9006	1.11518	860.524
-14.9701	3.0775	1321.33
-10.3501	5.48057	123.387
-14.5262	0.466437	1407.58
-14.7971	-1.33372	1025.15
-14.5749	1.43119	1120.6
-14.6068	3.28648	1789.64
-14.7605	6.77244	215.08
-14.56	-0.324891	132.862
-14.8226	2.39504	400.664
-14.5143	2.77232	837.53
-13.7851	2.19899	741.177
-14.2846	2.40563	819.232
-10.5991	10.0438	158.92
-13.5719	1.9247	530.921
-14.8318	4.04083	164.838
-14.5266	0.642193	1243.8
-14.5286	1.42152	356.416
-14.7102	1.62258	162.338
-14.1855	4.14889	630.454
-14.5417	2.75085	365.25
-10.8878	3.39986	148.175
-14.628	0.479428	196.207
-14.4567	3.55928	1045.52
-13.4696	2.38462	96.8933
-14.8243	2.8711	1466.06
-14.0094	0.627498	1353.3
-14.3818	4.02171	134.67
-14.1257	-0.104708	1901.37
-14.1527	1.75668	1242.57
-14.9465	2.85029	2463.99
-13.9961	0.496686	2119.25
-14.1696	0.968708	1396.21
-14.0241	2.1449	1734.58
-10.0279	-6.17645	167.015
-14.2222	3.0489	1964.12
-14.0369	0.501479	534.738
-14.928	2.30501	1296.91
-13.7975	3.44225	72.1722
-14.5794	1.33478	2237.18
-13.4455	0.295471	4.82666
-13.6264	0.148752	603.121
-14.8075	0.999671	1776.88
-13.9368	1.14107	1047.43
-14.8676	2.66593	433.741
-14.9885	-0.104097	1290.03
-14.9412	0.189091	1976.11
-14.2378	1.23981	397.478
-14.2051	1.87068	487.863
-14.9229	1.51147	255.787
-14.2339	2.71969	877.634
-14.8063	0.140729	186.38
-14.9316	2.74628	1243.21
-13.3743	-0.671605	522.766
-14.0828	1.11314	726.132
-14.5841	1.5278	636.25
-13.9948	0.663643	244.88
-14.6458	0.819121	1065.9
-14.3526	-0.895023	120.617
-10.7557	5.2276	176.949
-14.8807	0.851674	1406.49
-13.4463	0.958183	1979.2
-14.6657	0.483604	2603.53
-14.4377	2.93957	131.905
-14.9075	1.28214	935.477
-14.5283	1.77978	1487.44
-14.3613	1.88672	179.24
-14.9394	0.670906	869.271
-14.8269	2.6868	98.2295
-13.8442	-0.29698	892.12
-14.0418	2.53333	697.094
-14.2391	2.39227	442.303
-14.8491	-0.727813	2546.6
-14.6479	4.39155	1455.23
-14.3383	0.303089	2335.15
-14.7143	0.380576	2718.45
-14.9007	1.77075	535.781
-13.6152	4.24571	80.054
-14.8681	1.24174	386.69
-14.3674	2.76209	1602.37
-14.6015	1.42684	783.494
-14.5523	1.14199	2027.79
-14.7224	0.158957	577.977
-13.3285	1.55813	1398.91
-14.8351	-0.121155	424.521
-14.5942	1.56751	199.468
-14.9195	0.552351	34.7432
-14.7877	-0.795559	977.954
-14.9237	-0.451706	2272.49
-14.4664	1.46161	1238.9
-14.6814	1.17564	2750.02
-12.8892	-0.456258	796.456
-14.287	0.384413	2537.56
-14.8709	1.60876	2947.03
-12.736	3.95708	163.237
-14.9706	0.861123	457.688
-14.8171	1.86618	2843.78
-14.0677	3.22966	220.767
-14.1078	2.50904	2323.63
-14.2952	1.58427	210.294
-14.6953	3.01909	2505.98
-13.8901	3.78699	1545.13
-13.396	2.34469	106.522
-13.9032	-0.155641	1328.06
-14.8749	2.1852	2788.61
-14.367	2.937	487.321
-14.9858	-0.260244	1645.92
-14.6274	5.68286	155.628
-14.5698	-0.432324	1663.95
-12.3749	3.09713	101.339
-13.513	0.697528	123.349
-13.8345	2.85464	995.218
-14.8525	-0.970693	135.361
-14.9175	1.92069	2008.62
-14.3833	2.59676	1720.24
-14.2456	1.94776	2605.42
-14.6033	-1.15405	936.125
-14.3401	1.96326	2084.6
-13.735	-2.70778	38.4888
-14.226	1.4773	1115.42
-14.446	0.314834	2501.95
-14.4542	0.170195	1668.46
-14.1175	-0.156128	1247.92
-13.7161	1.46748	1919.88
-13.1976	0.188598	127.385
-14.7239	2.21078	951.259
-13.3494	1.24724	723.596
-13.7445	1.64779	1646.49
-12.4908	2.70786	118.045
-14.2863	1.0349	567.865
-14.8316	1.91254	389.113
-14.4038	4.53015	118.433
-14.6757	3.22315	741.61
-14.8103	-1.1348	397.195
-14.636	-0.526418	1685.45
-14.9225	2.00648	2432.25
-13.8222	6.1374	207.995
-13.9591	0.415664	139.035
-14.7388	3.917	70.7584
-14.1867	2.245	1030.35
-14.7896	3.0813	693.529
-14.9795	1.15834	744.649
-14.7645	1.09157	546.26
-14.5187	3.60582	516.925
-14.6636	0.571292	1511.14
-13.9632	0.537541	844.743
-14.1355	2.39319	2202.41
-14.6933	2.16123	1584.84
-11.7229	2.27005	130.888
-13.9247	1.00412	600.454
-13.8827	-0.709536	467.254
-14.6911	1.79348	1337.31
-13.2776	2.28151	1274.18
-14.7038	0.905368	1534.34
-14.1452	-1.42127	985.855
-14.3872	1.71667	2789
-14.3651	0.271158	229.268
-14.717	1.85312	197.72
-14.5015	0.652703	1252.34
-13.4972	1.58875	2170.39
-14.9965	3.21626	40.443
-13.4093	1.59997	761.994
-14.8712	2.00573	2473.12
-13.0507	0.677706	508.649
-14.2571	-0.0882609	961.978
-14.4086	1.77498	1558.67
-14.6476	2.52067	1694.8
-14.6634	2.86412	2412.92
-13.9248	1.75877	1449.67
-13.9609	-1.28802	204.032
-13.6725	3.91033	1475.51
-13.38	3.79315	444.788
-14.1228	0.433965	358.402
-12.8861	4.2016	128.062
-13.025	1.61542	1199.67
-11.6223	1.97645	117.082
-13.7889	-1.19141	1655.74
-13.9362	2.50123	2432.81
-14.2944	1.04751	540.734
-14.7732	2.2902	704.048
-14.81	3.49181	449.183
-14.7444	0.521198	845.489
-13.9939	0.473469	136.986
-13.338	4.77446	32.984
-14.805	0.62038	916.169
-14.6412	1.1117	508.119
-14.7593	1.10807	871.204
-14.5766	1.75145	2149.42
-14.5296	2.48755	833.053
-14.3346	4.86797	236.448
-14.7649	1.50309	2290.17
-13.6738	2.98225	154.365
-14.8469	4.04738	1974.16
-14.8417	1.09857	133.165
-12.5333	1.46735	181.822
-14.8365	2.12961	2507.27
-14.6238	1.97229	1321.29
-14.2128	2.13623	1186
-14.9801	0.440154	3060
-14.7104	-0.885998	379.044
-14.3753	-1.09155	143.084
-14.4665	1.76079	91.4081
-14.6205	0.661664	2812.23
-14.1739	3.93197	138.728
-13.8362	-0.154663	958.462
-14.7642	0.810191	1673.84
-14.2931	0.249296	92.5635
-14.4957	1.51092	252.643
-14.8004	0.457667	940.708
-14.6192	3.02534	1761.09
-14.4673	-1.04051	493.991
-14.4546	1.2778	993.961
-14.756	2.09231	2631.78
-14.2498	0.831235	660.984
-14.1414	3.86634	315.057
-14.9964	0.732453	904.348
-14.7615	2.91054	1820.49
-14.8801	3.47144	768.662
-14.8334	7.41399	100.762
-13.6992	1.20941	529.372
-14.6313	-1.36513	274.314
-14.3341	-0.0527679	297.375
-14.1959	1.61087	423.963
-14.3838	3.33142	768.625
-14.3091	2.71312	350.918
-11.5271	3.63435	271.964
-14.6553	0.943205	2245.88
-14.3179	4.34476	146.597
-14.6408	3.34943	111.535
-14.5943	1.21481	577.765
-13.5697	0.468772	941.389
-11.2221	2.32153	90.496
-14.1686	1.16792	2698.19
-14.8606	-0.174757	1347.07
-13.2524	1.67145	228.551
-14.9362	1.11121	3025.26
-13.9855	0.377497	673.927
-14.225	1.87133	1642.28
-14.8533	3.19786	969.424
-14.5767	-0.181208	2188.98
-14.7621	1.37392	143.687
-14.8718	3.1825	501.394
-14.9137	0.630771	2062.97
-13.5943	2.50038	122.522
-14.2963	1.84578	1943.12
-14.6272	-1.28867	1289.99
-12.4153	2.39082	19.8261
-14.6866	1.04181	198.256
-13.8694	-0.802865	154.084
-14.6872	1.23831	664.119
-11.739	0.457999	96.6996
-14.6708	2.57976	2748.64
-13.2621	3.14327	1822.73
-13.4745	12.4309	580.835
-14.7892	0.982319	1015.35
-14.542	1.77311	619.581
-14.3694	3.28416	125.384
-14.0445	1.01477	394.054
-14.1723	4.11102	791.602
-14.944	4.40499	1555.23
-14.6539	0.267145	348.813
-14.5178	1.80615	718.816
-14.8322	3.13925	1985.22
-13.5552	0.848627	651.52
-14.7249	-0.519487	112.262
-14.8359	1.1946	401.982
-14.6447	0.0548425	118.995
-14.4548	2.49294	452.397
-14.4123	3.26502	1428.33
-14.6775	-1.101	418.561
-13.5411	4.75377	416.131
-14.4178	1.32546	2637.43
-14.0418	-0.321431	277.541
-14.3439	-0.325169	112.97
-14.8703	1.73744	2833.11
-14.9601	0.913815	459.822
-14.647	3.9878	440.272
-13.901	1.02058	2101.21
-13.7783	0.502755	564.877
-14.7358	2.55251	1113.31
-14.3075	0.931104	1689.3
-14.1431	1.13395	1309.64
-14.7419	2.39068	2894.95
-14.3905	0.109482	1759.08
-14.5345	1.50577	2284.6
-14.0598	0.311228	1116.89
-14.9905	2.61599	2234.6
-14.7195	0.932757	2557.87
-13.5774	2.544	1807.01
-14.1764	2.36902	628.343
-14.6493	0.39367	1217.73
-13.7697	2.64636	1034.53
-14.2591	1.93361	1862.3
-14.2744	3.87051	267.015
-14.7208	2.10657	1840.84
-14.83	-0.533717	606.917
-14.1296	0.18789	1993.59
-14.3761	0.480681	1761.34
-1.86275	9.427	31.0978
-14.7836	-1.39957	325.183
-13.281	1.65022	420.978
-14.3858	0.533867	2677.76
-14.1957	3.19564	864.132
-14.9502	-0.0711089	1556.8
-14.3378	-1.27153	2031.46
-14.1273	2.75118	2197.86
-14.4127	-0.308138	215.231
-13.4608	0.00350255	146.746
-13.1782	0.445276	1837.17
-14.8848	0.423215	132.737
-13.5849	0.256998	122.358
-14.686	1.14196	2081.27
-14.1911	1.65897	2057.46
-14.2244	2.31439	579.487
-14.7458	1.32179	997.258
-14.7186	0.552988	2942.94
-13.876	1.08561	894.647
-14.7649	2.39022	1457.73
-14.0693	0.31149	1353.74
-13.3676	0.983088	867.611
-14.1887	1.22024	260.883
-14.923	1.3835	3060
-13.938	0.594301	2118.89
-13.6676	3.80348	197.197
-14.9697	0.836767	380.588
-13.0529	2.18411	675.205
-14.3239	2.13726	2438.23
-14.9283	3.31993	315.588
-12.8165	0.49394	34.2907
-12.7411	11.499	407.978
-14.5293	0.947159	2127.48
-14.1325	5.00056	11.8814
-13.3863	0.578994	34.7432
-14.4113	-0.495066	2115.71
-14.9541	0.765309	1210.59
-14.7793	2.56243	562.065
-14.3518	3.50596	2061.71
-14.9735	-0.0285276	1950.13
-8.66591	-6.14057	191.053
-13.6224	0.592719	672.262
-14.8864	2.17513	283.749
-14.4834	-0.565176	2230.15
-14.8747	0.141861	361.091
-14.4314	-0.0332134	361.588
-13.7065	-0.185243	1013.08
-14.9304	2.0371	11.5397
-14.9897	3.14386	385.791
-14.8609	1.62432	1399.48
-14.5644	1.6237	1410.81
-14.1091	2.11387	1074.83
-13.8943	1.45901	1563.57
-9.43678	5.15985	27.9255
-13.4709	0.589507	1870.07
-14.9277	1.25587	880.12
-14.5013	1.60159	2039.36
-14.6818	3.14935	1540.83
-14.2216	3.16896	142.651
-14.7064	2.39607	2343.9
-9.85767	3.72216	65.2742
-14.7284	1.63878	819.221
-14.0014	1.32793	647.069
-14.3988	0.169055	577.51
-14.6723	0.44592	358.89
-13.9964	1.94152	1848.89
-14.4749	-0.0860503	2152.61
-14.7125	1.06254	716.998
-14.1975	2.05197	562.286
-14.3532	-1.59643	444.828
-14.6984	-1.52712	2111.02
-14.9871	0.13947	1445.29
-13.75	-0.494693	1074.67
-14.5745	1.1743	1453.01
-14.2732	0.951329	2706.74
-12.6528	2.39669	1054.79
-14.2556	0.509547	1818.59
-13.1118	0.779813	255.817
-14.0094	2.71865	13.2502
-14.6783	-0.0256074	2469
-14.2992	0.212336	361.284
-13.7452	0.0326842	264.442
-13.6865	0.596007	760.38
-7.47642	3.70785	211.302
-13.1473	2.51085	695.385
-14.1538	1.7483	976.564
-14.4073	0.733517	1562.22
-14.7595	-0.325431	327.997
-14.545	0.978839	483.495
-14.7185	-0.130004	197.69
-13.7345	-0.21565	155.175
-14.0198	1.24259	2399.93
-14.7271	-0.0845348	566.503
-13.9511	4.94951	857.283
-14.8628	0.993547	799.146
-14.7205	3.3469	1891.34
-14.0641	1.46199	1628.59
-14.5595	0.416015	456.85
-14.0101	2.36398	1112.92
-14.0649	-1.71701	408.869
-14.4822	-0.661487	1973.93
-14.1788	0.0623596	496.036
-14.8916	-0.717981	717.009
-14.9352	3.42866	2156.52
-14.828	0.925396	76.6134
-9.50245	2.73254	196.13
-14.4924	0.825712	1086.86
-14.4259	-4.30809	241.463
-14.5101	1.61712	280.23
-14.5174	0.514605	1836.2
-13.636	-0.107466	177.113
-14.4715	2.64544	2780.15
-14.4222	2.78242	940.814
-13.9644	2.40829	1708.18
-14.4232	1.05171	1883.93
-14.1788	2.32733	392.091
-14.71	-0.932874	445.308
-14.7856	-7.40218	9.31157
-13.6742	0.300213	1733.94
-8.51705	-1.2002	187.895
-14.8941	2.40327	1491.47
-11.8896	0.190649	132.795
-14.8266	0.516882	420.823
-14.7508	0.609538	272.1
-14.5146	2.05662	2173.66
-13.9046	2.94047	1908.26
-14.636	-2.02184	86.4604
-14.675	1.05314	778.392
-12.6066	2.57262	992.354
-14.6196	0.396924	831.446
-14.0497	-0.778285	1622.67
-14.4446	0.670053	2773.57
-9.34132	7.25709	57.2686
-14.7074	-0.194693	1109.17
-14.8277	2.785	184.885
-14.7912	2.52439	392.669
-14.96	1.8286	254.199
-13.9956	0.821333	2353.5
-13.6383	-1.41677	51.2008
-14.2813	0.64334	2329
-14.1047	0.955747	1041.07
-14.8668	2.1451	131.633
-14.9547	1.28541	1883.57
-14.8131	0.356444	1139.44
-4.82927	0.819576	553.021
-14.1599	0.389591	294.139
-14.5659	1.6575	2934.56
-14.7763	3.31536	1586.43
-14.5107	2.97553	2324.38
-14.0917	2.38864	1904.55
-12.6082	0.927441	30.8469
-14.1959	1.10513	2598.08
-14.7943	1.15063	1823.92
-14.6165	1.18155	2770.73
-14.629	2.09271	485.989
-14.4303	1.01318	950.589
-14.6118	1.64049	1561.57
-14.3102	1.44608	2508.92
-14.9533	3.94612	764.137
-11.8355	2.0742	128.312
-10.023	-1.06955	50.6081
-14.8922	3.14285	1613.93
-14.6243	4.94937	140.358
-13.7193	1.41517	1104.71
-14.8145	1.63024	197.036
-13.9157	1.90803	465.506
-14.8193	2.7441	326.016
-13.9959	1.90549	94.0509
-14.7239	-1.0546	543.095
-14.724	-0.557096	1205.56
-14.1886	-1.53954	536.076
-14.314	-0.220418	1347.75
-13.5196	2.42784	1431.02
-14.9368	2.08215	1347.23
-14.6868	1.40313	1698.87
-14.2377	2.98868	2036.85
-12.4298	2.09802	182.306
-14.4226	1.11683	2610.46
-14.9116	3.03398	2623.48
-14.2348	4.35557	323.135
-14.5246	0.116901	365.347
-14.6756	1.48167	96.6108
-13.4742	8.0424	38.0983
-7.08614	12.4605	177.02
-14.3679	2.30475	2059.39
-14.8169	0.219792	537.735
-14.8086	2.75847	2947.68
-14.4892	-0.83384	606.535
-14.5323	1.83142	1193.12
-14.6947	4.59779	141.644
-14.3192	3.457	1116.99
-14.9301	0.123883	742.423
-14.9548	-0.163351	74.1168
-14.7506	2.165	195.343
-14.5764	1.76006	1467.51
-14.0045	0.690908	1278.19
-13.7919	2.78602	264.803
-14.1869	-0.714447	1860.77
-11.4055	3.70758	115.965
-14.9765	0.382382	2611.58
-14.7173	1.03496	2876.97
-14.0478	0.83775	1950.23
-14.5478	3.33011	230.822
-13.8331	0.583135	492.826
-11.0836	-3.90361	171.353
-14.9947	3.72238	1030.32
-14.4513	1.59117	2836.63
-14.1576	0.681453	782.23
-14.2314	-1.40621	1341.77
-14.3532	0.0510445	1987.44
-13.9663	0.19677	1544.78
-14.9048	0.43531	920.068
-12.6906	-3.14294	131.81
-14.2173	1.37667	1183.82
-14.9832	0.547893	506.672
-14.5011	0.594464	245.081
-14.1799	0.665944	324.442
-14.7156	3.31608	1865.35
-14.1176	3.05898	2461.04
-13.9257	1.52123	104.641
-14.4028	1.85667	2659.07
-14.3105	3.1696	397.315
-14.4204	0.415085	2789.61
10.0482	-1.51352	458.756
-14.0876	1.67775	1542.45
-14.4928	1.53243	620.217
-14.9171	1.3053	2994.02
-14.817	2.78296	2148.19
-14.8539	0.0604816	1590.75
-13.5937	-0.0356214	1006.32
-14.5586	2.43075	2887.68
-13.3591	-2.7435	88.9442
-13.3409	1.90504	683.306
-12.7015	3.2203	34.2907
-14.6723	1.11156	2948.81
-14.8806	1.73851	1501.27
-14.8989	1.90193	2399.57
-14.3006	0.442347	2641.5
-14.9348	3.42191	1214.02
-13.9199	2.16858	1426.92
-12.8148	-1.86592	98.0161
-14.1812	1.94023	891.184
-14.9674	-0.082569	2309.88
-14.4796	3.76725	103.022
-12.6333	6.03715	383.737
-14.2056	2.76912	392.737
-13.6146	2.7944	28.6027
-14.9671	3.07425	2401.69
-6.63757	-5.65611	450.738
-14.8858	1.20255	1618.23
-14.5791	3.05998	34.7432
-14.7803	1.38129	1513.81
-14.9429	2.38352	285.414
-14.685	3.8219	116.343
-14.9515	-0.5605	1247.61
-14.5113	2.89885	680.254
-0.182514	-0.112473	226.057
-14.5815	0.540608	559.989
-14.6894	-0.424592	2257.7
-14.5427	2.28001	2883.05
-14.0575	1.22774	2190.43
-13.9426	2.9295	1250.89
-14.4166	-0.0976255	451.723
-4.06773	-7.24051	200.364
-14.9518	2.81098	737.94
-14.3553	-0.318892	682.123
-14.9284	0.0631671	121.002
-13.6374	1.78253	715.842
-14.5759	1.35086	2744.69
-13.3851	-0.758568	1708.48
-14.7205	1.32673	2768.95
-14.1311	0.788021	2617.48
-14.3024	0.83192	563.39
-14.7296	4.7388	2014.5
-14.3925	2.87845	94.2682
-14.2046	-0.943786	456.124
-13.7193	1.48947	1279.94
-14.6192	0.511997	2710.91
-14.4231	3.09206	317.838
-14.6937	-0.832818	170.802
-14.4501	2.41057	248.266
-13.5254	2.36252	675.916
-14.3003	2.95951	218.377
-14.9639	2.68382	148.269
-14.402	3.12506	1656.53
-14.9255	0.836668	2700.05
-14.6586	-1.60509	2027.35
-14.1229	3.06687	2147.4
-14.3247	-0.191074	1034.02
-14.1605	0.494243	1062.6
-14.4759	-0.873398	257.911
-14.3058	2.51587	1816.95
-14.7401	2.30841	2011.22
-14.9277	0.5573	875.217
-14.2433	-0.108173	109.484
-14.6377	2.29245	978.671
-14.9959	1.79801	1512.95
-14.9628	1.56976	2859.02
-14.85	1.87296	115.238
-14.0237	0.870861	2420.53
-14.8737	-0.0504801	85.2673
-14.9828	0.872992	1384.33
-13.3542	3.32106	99.7652
-14.7741	-0.269335	1658.27
-14.5351	0.189149	1353.79
-11.7401	0.95715	79.5177
-14.9001	-0.227852	1108.35
-14.348	-0.508233	889.103
-14.3954	1.34178	1951.11
-14.8229	2.91664	1387.78
-10.0569	-6.20656	268.668
-14.764	-0.476404	1139
-14.7979	3.57788	455.773
-14.4322	1.04418	1068.78
-13.7399	0.599311	910.314
-14.9028	0.176754	359.444
-13.9625	2.30151	1546.25
-13.8003	3.25657	170.507
-13.8546	-0.267037	685.056
-14.5778	-1.38583	1845.4
-14.9812	2.80898	482.701
-13.9296	3.53982	1011.18
-14.6878	2.49136	2721.05
-14.815	-1.6596	164.388
-14.9335	0.198185	2196.23
-14.656	-0.470762	666.635
-14.6367	0.316999	1710.67
-14.2981	0.58516	59.6946
-14.4293	1.82926	376.431
-13.9497	2.07021	1267.55
-14.5448	1.5947	2625.28
-13.8412	1.58264	1586.28
-14.3677	3.25771	2017.99
-14.3952	-0.400218	843.117
-11.04	1.77237	34.7432
-13.6971	1.06095	1076.88
-14.9517	-0.433819	1070.7
-13.4959	1.01513	110.148
-14.7244	-0.786942	1204.26
-14.8232	1.94305	2539.61
-13.5827	1.77801	580.949
-14.9177	0.356743	140.468
-14.7605	1.19372	1981.25
-14.5334	1.8323	356.742
-13.996	3.19279	730.798
-11.3357	-0.0438913	343.064
-14.882	1.74851	1448.23
-14.3207	0.712341	2533.7
-12.0175	0.720283	122.683
-14.8094	2.79691	93.3353
-14.6848	4.17489	669.16
-14.7482	0.550123	282.38
-13.4273	0.157516	112.725
-14.6944	-0.059032	747.439
-14.1895	-0.748432	1888.3
-13.6529	1.77452	124.209
-14.7551	0.55727	279.468
-14.3784	2.07561	2378.29
-14.3986	3.15845	1230.56
-14.0791	2.37985	1717.64
-13.4104	0.186384	122.536
-13.6588	1.0836	241.99
-14.9863	5.63267	90.8288
-14.0602	2.30875	2527.89
-11.9011	-0.815665	3.72566
-14.8287	2.17884	232.144
-0.581125	4.90132	122.75
-14.8645	-1.74206	166.33
-13.38	-0.247501	1031.46
-14.1137	2.83163	646.099
-14.2344	0.142475	597.681
-14.9471	1.98911	3060
-14.6761	0.239771	372.115
-14.0628	3.85661	843.711
-13.8634	2.45531	1984.94
-14.6432	1.27447	1144.51
-13.6982	0.907462	707.065
-14.9083	2.25847	1005.85
-14.829	1.04793	2937.74
-14.1953	2.98548	599.04
-14.5167	1.18477	549.119
-14.1197	1.08623	2357.94
-14.8788	1.00134	948.78
-14.3228	1.28116	1243.5
-12.4351	2.25822	52.4608
-14.8931	-0.291792	2668.04
-14.0972	2.10256	396.105
-14.9165	2.35818	2048.27
0.436135	10.3539	11.8814
-14.3281	1.43012	1184.23
-14.5203	4.03346	1827.31
-14.6716	-0.131434	2585.62
-13.7541	3.51139	1859.85
-10.9853	0.716275	30.4446
-14.0719	2.07783	1868.3
-14.6363	1.28957	2810.65
-14.9581	3.15416	126.291
-13.18	0.297945	712.186
-14.6658	-1.03151	170.851
-12.5285	0.00181232	34.7432
-14.7856	-0.0591175	2895.46
-14.9686	1.37869	583.416
-14.9851	0.544818	2100.51
-14.9084	4.3956	3.26331
-14.2361	3.06809	2086.27
-14.438	1.06194	1141.7
-13.5861	1.78551	246.717
-14.4495	1.26733	6.37688
-14.6854	0.541566	1578.38
-14.5591	2.9794	1859.24
-14.0484	0.795489	1166.7
-13.8665	-1.1979	30.7897
-13.4425	2.93208	1237.09
-14.9497	-0.994581	2294.71
-14.4686	2.3417	199.16
-14.298	1.50141	1721.33
-14.8996	1.50096	658.661
-13.9009	2.61851	1876.9
-14.9637	1.77985	133.583
-14.9705	3.01892	188.257
-14.7554	0.501816	999.193
-14.2854	2.26791	940.006
-14.0252	5.27743	127.882
-14.1891	0.623128	815.717
-14.5782	0.67035	2675.66
-12.7598	3.66316	439.883
-13.7043	2.20187	825.133
-14.6987	3.11617	2037.97
-14.8962	4.12242	57.1522
-14.6534	2.3227	1509.38
-13.8884	0.27859	1809.38
-13.6015	1.41476	667.937
-14.2221	0.955995	567.069
-5.64502	-3.17317	34.7432
-13.4008	4.37276	1195.08
-14.6398	1.45291	2810.91
-14.2531	2.93477	344.295
-14.1967	1.84686	1802.08
-14.8909	-0.633332	104.983
-14.8341	2.89098	697.015
-14.6326	3.48776	2032.83
-14.4319	1.04918	1105.41
-14.4714	-1.62761	1153.96
-14.8113	1.35421	1691.32
-13.9706	0.877975	482.979
-14.7554	-0.367987	114.418
-14.1003	1.93645	1665.16
-14.9802	0.893973	2268.08
-14.8647	0.249444	1293.7
-14.5203	2.09763	2681.88
-14.8768	1.27781	1467.93
-14.8837	3.20464	445.952
-13.6613	-0.279917	168.855
-14.5466	-2.62993	88.2761
-14.6249	1.83646	813.811
-14.4514	2.4695	2363.02
-14.8134	1.90915	1884.37
-14.0223	-3.50892	66.946
-14.3272	0.516463	709.254
-12.8092	0.574424	389.098
-14.3993	-0.587133	898.692
-14.7729	1.30098	2298.35
-14.6896	1.28371	2950.35
-13.9436	1.54682	206.098
-8.27101	5.04475	132.22
-14.1562	4.32251	95.8866
-14.5343	-0.10056	1613.52
-14.9147	1.67883	585.673
-14.7221	2.93475	328.291
-14.7154	1.44723	2049.63
-13.6787	2.53545	435.959
-13.7736	-0.822376	853.202
-14.4942	2.25826	2618.75
-14.5224	0.616301	1336.36
-13.8975	10.8378	165.66
-14.4864	0.0269154	171.958
-14.8508	1.33139	2513.32
0.378501	5.05556	710.224
-10.8602	-3.28894	114.831
-14.9387	2.6485	330.986
-14.9983	3.54971	1193.91
-14.8782	1.31124	993.306
-14.6888	1.09506	507.857
-13.7748	-3.17526	71.6326
-14.4909	-0.371207	1251.87
-13.1712	2.82247	1641.8
-14.9135	3.12055	309.021
-14.5945	0.670633	1875.83
-14.5786	1.14317	163.099
-14.4578	-0.391782	1019.71
-14.1433	-0.70511	446.167
-13.5928	2.30936	28.4951
-13.8772	1.58867	614.663
-14.3727	2.27893	2705.48
-13.7643	2.464	1674.5
-14.3988	-1.08695	125.369
-14.8648	1.10062	499.945
-14.8678	1.77371	3060
-14.4326	2.65587	1225.45
-13.3836	1.50624	1631.13
-14.875	2.51458	156.623
-14.3791	0.295629	1129.8
-14.5111	1.01214	1434.66
-14.7796	0.749095	563.592
-14.7823	-1.32226	226.91
-14.1302	3.87237	1023.52
-14.1902	2.56172	1373.81
-13.5099	1.85179	746.708
-14.281	3.54045	104.773
-14.9214	-0.170003	104.636
-14.416	-0.452978	64.0386
-14.2572	-0.547022	2295.08
-13.3905	2.41108	1989.3
-14.5311	-0.987986	342.503
-13.5468	2.55169	231.582
-13.9519	2.35086	238.584
-14.9881	2.36511	612.705
-14.4468	1.41659	1728.56
-14.7695	1.2571	824.069
-14.5793	-1.00367	325.705
-14.6019	0.794882	2701.76
-14.9086	1.36494	1950.76
-14.6698	-1.00197	1224.78
-14.9218	4.06627	1054.55
-14.0421	-1.12111	102.961
-14.9101	4.64319	519.583
-14.2679	0.564031	1711.79
-13.5138	2.67633	1309.79
-13.4865	-0.0523338	92.2636
-13.149	1.76099	524.845
-13.8171	3.98629	367.399
-13.8207	0.164685	378.954
-14.4793	-1.3455	164.83
-14.5202	-0.100507	815.392
-14.6964	2.33774	2678.27
-8.6719	-13.0074	272.609
-14.8789	2.75807	415.616
-14.4305	0.714185	112.19
-14.1282	1.10457	2387.9
-13.8465	-1.78101	785.994
-14.2629	7.077	424.395
-14.8255	0.105609	246.791
-14.6251	-1.53223	5.78081
-14.8429	0.557166	1375.06
-13.9956	-0.218642	814.053
-14.8709	-0.0282684	143.276
-14.2828	3.56843	1311.94
-14.9288	2.38059	2545.25
-12.8854	1.11062	177.911
-8.62684	6.40485	225.834
-13.6339	2.84364	1126.2
-14.1465	2.96083	987.66
-13.9732	-1.0546	177.95
-14.9146	0.588665	15.8606
-14.2832	2.60094	110.962
-14.8214	3.45568	1362.63
-14.4957	3.66174	969.447
-14.6785	-1.44351	1829.29
-13.9155	1.31651	1418.51
-10.8475	3.74579	40.5385
-14.2321	1.50987	139.261
-14.9102	0.921935	1845.19
0.0193932	1.77145	157.869
-11.9789	-2.08905	194.799
-14.5472	0.759845	2712.48
-14.5069	1.94679	1152.9
-14.2316	0.345326	1860.81
-13.2688	1.89744	131.821
-14.1708	1.30236	213.323
-14.8992	2.28288	674.935
-14.7668	2.43128	175.161
-14.9005	1.81712	2874.17
-14.6151	1.9932	860.73
-14.4679	-0.185778	473.611
-14.0304	-0.33578	307.259
-14.9957	4.42085	124.471
-14.3071	1.73106	1779.29
-14.7838	-0.0501552	573.344
-13.3574	2.86097	478.162
-14.4673	0.562502	2198.27
-14.8477	2.87463	773.005
-14.9017	0.760143	1909.18
-13.3602	0.770854	1345.89
-14.1822	0.556883	277.139
-14.6311	3.57651	812.003
-4.77392	0.287322	259.574
-12.871	2.39593	386.146
-14.9424	1.76134	1802.58
-14.9454	1.45644	1886.15
-13.8937	1.20592	133.4
-13.3615	2.2824	1467.81
-12.6996	-2.14128	126.101
-14.8276	1.95119	2797.8
-10.2056	-2.57508	115.904
-14.6292	-0.231865	430.73
-14.6634	2.54525	2618.73
-13.479	2.10036	214.41
-13.9575	-0.0207405	679.341
-13.2691	2.10686	1926.75
-12.9632	6.92416	113.929
-14.9024	2.97435	1771.12
-14.8162	2.96452	1276.71
-13.9782	1.18305	682.598
-14.4864	-0.164451	1228.23
-13.9312	-0.936516	321.542
-14.6333	0.887731	1365.71
-7.40502	-7.54855	82.2569
-14.0498	0.549651	775.253
-14.6037	1.9755	402.091
-14.5613	1.34729	2798.26
-14.037	2.25247	1892.3
-14.0669	3.05414	1245.51
-14.254	2.23308	2488.73
-14.3693	-1.92308	1186.69
-11.079	-2.64802	161.263
-13.9342	-0.267653	807.218
-14.2066	0.111066	782.455
-14.2515	2.21497	1919.32
-14.7221	1.2176	1323.72
-14.4264	0.00731774	237.029
-14.7364	-0.864607	595.009
-14.4106	1.67821	1166.02
-14.7729	1.03799	2763.57
-14.5135	2.79763	616.493
-14.8118	3.21348	1388.78
-14.55	3.9159	424.512
-14.3095	3.30678	1818.12
-14.8879	-1.18637	951.35
-14.2689	3.37649	2344.31
-14.9434	4.35431	728.934
-14.8909	3.04913	1442.62
-14.685	0.499591	2783.21
-14.8896	-0.229016	708.741
-14.5833	1.39105	469.042
-14.7513	-0.587708	2247.82
-14.7693	-0.632368	2697.61
-0.947309	-5.98282	251.414
-14.2987	3.49547	1734.34
-14.9854	0.593953	774.731
-14.9312	-0.792214	1644.32
-14.6492	1.32651	902.474
-14.4706	2.63815	388.996
-12.0084	2.95771	738.985
-12.6679	-0.728431	114.979
-14.3057	3.18793	1891.33
-13.5956	-0.0983712	165.956
-14.2192	0.485134	1119.94
-12.2352	-6.04396	153.738
-14.7023	0.638661	564.612
-14.7396	0.510308	1523.21
-12.1633	-0.763436	129.892
-14.7694	2.91725	281.032
-14.7355	-1.09423	899.023
-13.5148	4.80535	123.661
-14.9803	1.07381	2104.27
-14.9052	3.02017	1511.36
-14.6718	2.16012	3060
-14.9478	1.78754	2210.08
-14.4382	2.14595	181.645
-14.2747	2.36658	2234.62
-14.606	2.17036	480.088
-14.972	2.22035	2791.57
-13.1556	1.55325	401.242
-14.1984	-0.589375	2088.38
-14.2515	1.50719	151.775
-14.8566	2.64712	2007.22
-14.353	2.86234	691.008
-14.8388	-0.148173	39.328
-14.447	1.78868	2265.62
-14.9367	3.02526	1779.41
-14.2504	2.43921	1434.06
-14.7201	0.776338	371.69
-14.0429	1.10854	938.536
-14.6833	0.259732	462.61
-14.8332	2.37793	1692.91
-14.3992	1.30013	605.727
-14.8845	1.11178	2546.96
-14.9082	2.25702	1243.55
-14.0479	1.90358	2329.98
-14.5265	1.04494	957.802
-14.5009	-0.275752	1118.81
-14.6003	2.68035	1053.79
-14.0411	1.35877	167.854
-14.2541	2.89791	1811.84
-13.3107	1.38142	225.481
-14.3331	1.19735	554.828
-14.7676	1.49455	2197.32
-14.8656	-0.389786	617.934
-12.6935	2.21221	578.982
-14.3485	3.45738	637.858
-14.7411	0.349628	1632.02
-14.8313	1.73087	819.061
-14.7769	0.0212926	522.457
-13.9789	1.28763	2244.6
-14.2761	0.830955	2522.38
-14.9701	-1.19157	1016.5
-14.7861	1.41035	3060
-14.7537	2.1426	1520.47
-14.947	0.872659	780.329
-13.6308	1.62357	1943.95
-14.0559	1.91315	2058.84
-14.3137	-0.642207	248.91
-14.5367	2.42957	1716.67
-14.5714	3.07626	1826.93
-14.4684	2.24963	500.007
-14.2968	0.0316207	261.245
-14.9383	3.9379	1944.2
-14.6022	2.02563	2230.57
-14.1753	2.59745	2003.64
-13.854	1.21286	278.777
-14.6269	2.13907	1176.22
-14.7288	0.555376	827.584
-14.7679	3.40541	1012.39
-14.9593	0.157692	1683.44
-14.9603	2.81301	143.875
-14.7282	1.93789	1847.2
-14.8172	2.00303	2749.16
-14.6785	1.93895	492.749
-14.0727	0.644488	307.297
-14.4425	2.75012	1973.34
-14.2429	3.17224	1375.69
-14.4349	2.11714	904.151
-13.7291	2.26919	514.744
-14.937	-2.08483	271.097
-14.871	4.63394	284.657
-13.9694	2.74166	441.017
-13.465	3.20439	990.762
-14.4829	3.11023	874.568
-13.6259	0.987899	151.788
-14.836	3.18042	2122.01
-14.4491	0.888219	2447.47
-14.6484	4.29145	938.18
-14.6549	1.24994	2669.86
-13.5673	1.84098	111.94
-14.5101	0.754794	111.891
-14.9374	0.364196	429.731
-14.5902	3.23896	380.277
-14.956	5.64048	259.755
-13.3549	-0.296315	761.706
-14.5562	2.15739	2170.62
-11.3227	4.22881	121.965
-12.8902	0.195444	34.7432
-14.8838	-0.171314	1151.29
-13.6544	2.86208	503.103
-14.9617	2.34947	3060
-14.679	11.2918	47.3739
-14.7177	2.95874	3060
-14.9393	1.46249	449.034
-14.0878	2.98377	34.2907
-13.2727	-2.5582	14.5709
-13.7211	2.25894	133.792
-14.5072	1.97726	2805.49
-14.2878	2.89011	364.243
-14.0328	1.39459	156.112
-13.9045	3.36498	489.86
-14.5572	1.89325	224.263
-12.4735	5.70393	269.158
-14.9733	4.19545	1709.12
-13.6368	1.95336	1809.53
-10.2755	1.19077	3.44338
-14.7989	0.206149	133.777
-14.7143	-0.40434	2400.98
-14.7873	-0.111878	1990.26
-13.0396	4.66509	321.368
-14.5559	0.670085	2189.51
-14.7935	-0.0335811	635.353
-14.9226	-0.0232883	725.909
-14.4535	2.3236	2353.38
-14.2654	4.35561	200.449
-14.9886	1.01027	2969.2
-14.8181	1.96539	178.651
-14.2978	2.166	805.674
-14.711	0.480882	2856.66
-14.3794	-0.119923	417.81
-14.8031	1.22136	34.7432
-13.6899	-0.345766	113.45
-13.8838	0.447714	2376.44
-14.8668	2.5976	155.205
-14.0976	1.82329	1737.55
-14.538	2.23943	951.283
-14.1528	1.03155	97.4926
-14.9834	2.76177	2869.69
-14.982	1.31214	2469.5
-14.9543	1.32537	3060
-14.2929	0.10941	1294.75
-14.7535	3.01896	2501.21
-13.5583	0.882867	410.236
-14.4156	-1.1387	2032.43
-13.815	3.20926	164.254
-14.6244	2.47475	1168.02
-14.5814	0.279691	741.855
-14.2891	4.09182	1519.72
-14.0484	-0.0405247	384.886
-14.5861	2.05791	2838.72
-14.7301	-0.437448	500.374
-14.678	0.571644	2746.73
-14.9523	1.39962	137.847
-14.8191	0.906764	101.771
-14.1196	2.90064	324.731
-14.7941	1.46141	1004.67
-13.1422	-1.76997	874.281
-13.8082	0.613318	170.368
-13.147	-0.5401	1027.81
-14.9979	2.31145	199.657
-14.8549	0.392028	1167.71
-14.1015	-8.35819	126.477
-13.8591	3.34085	295.191
-14.9264	2.67175	2353.18
-14.776	3.10873	752.675
-14.6148	1.858	1824.05
-12.9655	1.65916	152.322
-14.3907	1.42354	585.296
-14.2338	0.696147	1870.69
-14.925	1.56648	3060
-14.9727	1.01387	3060
-14.6461	0.845789	758.076
-14.9825	0.687736	676.862
-14.9887	1.13054	436.545
-12.5579	0.0574243	431.46
-14.9903	-0.344826	1373.67
-14.7909	2.25606	605.882
-14.8444	0.823345	1723.92
-14.5516	0.700781	755.784
-14.8182	2.47104	261.235
-13.7313	-1.83909	17.1412
-13.201	2.86236	138.275
-14.2363	-0.57704	748.418
-14.5945	1.46027	2762.52
-14.7601	1.7125	2761.23
-14.9108	2.84709	1078.73
-14.9114	2.5779	2401.1
-13.5968	2.94416	792.305
-11.3765	-3.33089	10.8587
-14.7305	0.601702	2976.1
-14.3358	1.97865	2576.88
-14.3021	3.01314	965.661
-14.9465	2.95458	953.897
7.5765	-11.1366	332.31
-14.9281	1.76896	2057.42
-14.5079	3.3607	186.182
-14.8353	0.938488	724.567
-14.8814	2.69976	1703.46
-2.93316	10.9507	165.936
-14.6242	4.0221	1113.34
-0.563234	2.26343	183.773
-13.7086	1.7385	386.437
-13.9514	0.0671328	2125.7
-14.8508	-0.128768	2226.87
-14.6541	2.07635	1285.89
-14.9505	2.11483	134.409
-14.5293	2.65839	935.478
-14.9659	0.51672	2628.14
-13.6449	0.153213	430.281
-9.75455	-1.79253	155.872
-14.9014	2.87143	2117.77
-14.5041	0.89126	2447.63
-14.9714	1.33053	1411.44
-14.5962	1.00772	1582.28
-13.4724	2.97918	105.2
-14.5236	0.482113	1852.13
-14.6744	2.74233	1617.25
-13.8828	0.227375	1822.74
-14.8704	3.06821	129.477
-13.8235	4.12754	74.275
-10.2857	-4.49083	197.505
-14.7472	1.85699	394
-13.5236	0.552721	61.5436
-14.7733	1.54235	2002.92
-14.481	0.114763	149.097
-14.7184	1.6678	2791.35
-14.8261	0.409096	1263.05
-11.4392	1.06804	87.4058
-14.6819	0.13488	2857.96
-14.0622	0.922955	216.804
-14.684	0.63006	734.39
-14.9599	-0.476798	1534.26
-12.1709	8.4114	753.843
-14.5321	1.23058	124.685
-14.9998	2.75915	66.7326
-14.4218	2.85761	143.898
-14.5356	2.39941	234.997
-14.4298	3.18644	1505.12
-0.913769	11.6877	152.569
-14.5795	3.3366	1008.34
-14.998	-0.644492	264.131
-14.9265	1.14203	49.0063
-14.5801	0.846827	568.995
-14.4194	3.01709	1933.9
-14.4441	1.87158	830.758
-14.309	0.503476	2596.28
-14.5406	1.95166	798.511
-10.4801	-1.18402	110.767
-13.4899	3.00764	280.409
-14.6427	3.50483	1080.34
-14.6802	0.359127	237.753
-14.1159	3.07764	1948.37
-14.4325	2.19144	626.643
-14.4285	1.11149	1284.21
-13.8655	-0.0382158	2215.45
-13.9008	0.192194	714.506
-14.7968	3.33613	1164.62
-14.2204	0.556312	2367.48
-14.1279	0.572375	1689.39
-14.4061	1.61306	1372.26
-13.7439	1.89809	124.76
-14.5325	1.28337	594.943
-14.6309	-0.702069	1694.15
-14.6545	0.0153309	2281.31
-14.6521	0.828115	751.72
-14.8748	0.841987	2716.23
-14.8754	2.62089	3025.26
-12.7722	1.79771	642.936
-14.9402	3.10045	216.693
-12.8827	1.10342	453.072
-13.7511	3.07623	1328.57
-14.6813	3.76042	269.027
-14.206	2.89994	1453.99
-14.9472	1.38833	1604.79
-14.8389	0.32688	2652.48
-14.4213	0.994426	34.7432
-14.9926	1.79158	882.34
-14.7495	1.18837	1030.47
-14.3282	3.94094	1785.33
-14.3975	1.29166	2375.16
-14.1467	-0.219857	1513.03
-12.992	0.743673	991.762
-14.993	0.424305	2593.02
-14.8699	-1.09442	1042.22
-14.9955	1.35177	2026.07
-12.5318	0.663364	422.027
-14.8301	2.18674	698.018
-13.6721	1.72112	722.555
-14.7479	-0.0369002	897.956
5.12559	3.87696	238.369
-14.1236	0.642946	1964.28
-14.7262	1.25342	1017.03
-14.6732	2.8344	1554.39
-12.8831	2.5141	103.582
-14.8934	0.0402882	144.379
-14.5064	2.54284	1574.4
-13.3049	1.39148	1094
-13.7949	0.606134	1505.47
-14.9043	3.94979	1663.34
-14.7105	0.874143	2859.96
-14.7309	5.28266	1435.37
-13.8915	0.791131	1483.33
-14.8952	3.8205	2225.69
-13.3461	-1.19604	1423.53
-14.6368	3.4685	495.185
-14.9958	-0.463548	1912.39
-14.7538	1.18567	1039.64
-14.6895	-1.0677	377.53
-14.4095	-0.714148	1560.26
-14.5371	1.81386	2008.38
-13.5786	2.65519	132.091
-13.7992	-2.58348	252.157
-14.3742	2.9244	161.566
-14.098	1.15565	222.362
-14.6737	0.531376	1601.08
-14.0699	1.75329	734.879
-14.3145	2.81264	110.143
-14.7085	2.98049	2752.8
-13.1783	8.31689	144.806
-14.5663	1.37538	1784.71
-13.3793	2.04615	240.368
-13.3894	2.05701	1662.8
-14.5991	3.00005	205.752
-14.9425	-1.53805	54.7352
-14.7022	0.251772	348.621
-13.991	1.84781	487.883
-14.7792	1.86094	2839.47
-13.9956	-1.03773	122.644
-14.4052	0.479692	151.137
-14.9998	2.4473	734.648
-14.5725	1.98735	1018.72
-14.5474	4.66253	308.135
-14.4775	2.09085	281.449
-11.0435	1.43617	325.818
-14.4089	0.501851	1109.32
-14.4786	0.91346	2525.61
-14.8591	0.46061	1082.14
-13.223	-0.591462	375.118
-14.4623	2.97898	2390.5
-13.6613	0.99412	1105.45
-14.809	0.480538	1868.56
-12.8872	6.53731	158.145
-14.7711	2.23735	95.5675
-14.518	0.409965	2803.44
-14.6399	2.62016	1006.54
-13.9804	3.36154	704.868
-13.3334	0.407233	1270.06
-14.3284	-2.06044	680.38
-14.5274	1.10555	375.386
-13.7169	1.09217	1104.17
-13.9109	2.01384	779.865
-13.6904	3.4151	166.134
-13.9958	1.01038	1136.8
-14.8842	1.45413	1349.79
-13.5221	1.3613	401.906
-14.0691	2.28786	2392.85
-14.8895	2.57694	600.788
-14.8177	2.20902	993.962
-14.0988	1.20558	2293.54
-5.80478	-2.67991	93.2224
-14.2162	2.43379	413.878
-14.6064	2.57553	96.2766
-14.8968	2.96604	1827.67
-14.267	2.14006	2353.95
-14.3346	1.45815	2235.3
-14.6416	3.01659	234.226
-14.9253	0.937549	3060
-13.7505	2.35282	1988.04
-14.595	3.64776	171.172
-14.6048	1.46551	2090.89
-14.8286	0.139945	692.537
-13.7828	-1.04734	141.971
-13.2727	3.64991	6.64121
-14.6756	0.344804	779.395
-14.5508	2.31846	898.209
-14.611	0.976721	505.215
-14.7424	2.11734	2562.62
-14.5175	2.41229	738.689
-14.8855	1.19378	989.156
-14.3563	1.85644	2640.08
-14.5367	0.573581	1144.73
-14.5421	-0.76631	1363.2
-14.9265	-0.341087	1010.6
-14.9533	0.618241	2713.86
-14.083	-0.000135687	116.35
-14.8173	0.0691776	594.398
-13.9044	4.27729	1502.35
-14.6712	2.2376	2882.88
-14.439	2.01328	186.523
-12.9148	0.84755	777.973
-14.17	2.63569	401.708
-14.8358	1.91279	536.784
-14.7585	0.352883	434.679
-14.3716	2.42466	147.078
-14.7545	2.74206	600.89
-14.8861	1.3227	103.174
-13.9133	-0.367171	1598.65
-13.8251	0.65805	1734.27
-12.2347	6.67737	458.068
-13.6818	-0.875179	1483.01
-13.5934	0.550916	1731.86
-14.7333	1.34057	791.561
-14.544	-0.872274	1301.46
-14.8656	0.456487	569.146
-14.289	1.13555	1841.47
-14.4864	5.02926	87.7598
-14.455	1.48842	462.405
-14.8589	0.543914	2149.66
-14.5847	2.44005	1419.22
-14.1263	0.201661	980.649
-13.8021	1.2999	2158.27
-14.7141	1.11233	2617.28
-13.548	0.515075	96.3111
-13.7295	2.48276	280.397
-13.9339	3.01821	193.735
-14.5479	1.41491	1568.96
-14.9854	2.57763	39.0795
-14.8351	-0.606929	317.187
-14.9535	0.573652	448.94
-14.3382	1.64238	1424.25
9.98828	-8.24582	17.657
-7.81458	9.64455	20.0777
-12.7275	1.04574	497.441
-14.7027	0.344024	211.669
-14.7928	1.96787	1517.52
-13.0192	1.93108	161.687
-14.0904	1.94436	642.952
-14.9565	3.58753	2664.06
-14.2505	0.56676	2654.58
-14.4649	3.44646	522.41
-14.56	2.38045	807.216
-14.9239	3.13252	1618.72
-14.2295	0.305503	2509.75
-10.9095	6.70252	128.113
-13.1025	3.04837	59.5958
-13.9419	1.25321	1635.55
-14.2373	-2.44379	91.9478
-14.8507	-0.388253	2364.67
-13.4058	2.26314	1087.23
-14.9659	2.43004	731.644
-14.7121	2.32251	264.136
-14.2316	2.04058	1379.47
-14.9008	2.02129	1260.22
-14.7749	1.03483	2925.52
-12.9791	-0.0235206	109.137
-14.5977	1.16069	874.295
-14.9621	0.0219337	340.018
-13.4714	3.5676	947.312
-14.8043	3.56777	2501.06
-12.2934	2.17135	245.924
-13.0398	2.1646	1152.58
-14.2104	2.12136	1489.46
-6.98995	1.84514	391.498
-13.9531	2.75998	10.1445
-14.9196	3.36739	1444.19
-14.911	0.696082	2124.05
-14.1771	2.81893	1841.61
-13.872	1.44257	1455.19
-14.0257	2.99633	1225.52
-13.7867	1.59553	536.847
-14.9504	0.643248	932.201
-13.5027	3.54993	127.266
-14.2496	0.979214	376.003
-14.1271	2.01118	2414.58
-14.6697	2.15883	2602.4
-14.5924	-0.271207	502.068
-14.6688	0.917335	2937.06
-14.6707	2.87483	209.922
-13.488	1.96497	405.571
-14.7012	-0.0514716	2712.94
-13.576	1.81218	841.26
-14.8067	-0.895299	1136.84
-14.3317	0.457121	138.103
-14.0393	1.08435	2382.82
-14.2218	3.74866	128.715
-14.5981	0.691997	1524.16
-14.4531	-0.332635	603.282
-14.8418	2.52364	82.813
-13.9228	1.75462	1947.85
-14.4456	1.85374	2425.57
-14.2152	1.714	1897.2
-14.5261	2.71809	2739.8
-14.0375	0.0884826	690.147
-14.237	3.26492	945.289
-14.583	-0.406253	2462.29
-14.6786	-0.178566	1418.98
-14.7396	3.36205	1192.46
-14.7792	-0.135772	1258.09
-14.6931	1.10765	3060
-14.277	-1.69148	10.172
-14.9397	2.24099	538.864
-14.2898	0.959017	1942.16
-14.6131	-0.703062	1579.68
-14.8023	-0.771409	2197.22
-13.2918	2.84468	1761.03
3.17615	-10.2808	700.119
-12.9627	5.91635	108.162
-14.3782	3.27273	2137.8
-14.4911	-1.36124	1933.09
-14.3371	1.96438	2569.34
-14.5117	2.6402	2603.75
-13.6683	2.45098	1617.31
-14.9537	1.03785	1098.57
-12.4676	0.683112	11.8814
-14.1937	0.968244	405.739
-13.4114	3.37028	1796.19
-13.9174	6.63364	3.15375
-14.209	0.0911217	348.601
-14.937	-0.312864	686.409
-13.6409	1.87969	777.152
-14.3809	3.77966	822.488
-14.6455	-0.515403	2026.99
-14.3673	2.26516	1374.42
-14.6896	0.298021	378.516
-14.1463	2.69819	121.369
-8.39619	3.60795	284.791
-13.9344	3.00195	1944.38
-14.4412	-0.83026	1549.79
-14.9301	1.79774	3060
-14.8299	1.07695	1661.5
-13.3736	0.708252	399.678
-13.5487	1.62623	80.7417
-14.4911	0.712347	277.67
-14.8656	3.32959	44.5253
-13.092	1.87437	961.026
-14.1617	1.83507	1873.36
-14.1633	0.254649	357.32
-14.1655	4.21014	111.339
-14.8352	0.328148	1261.04
-14.8211	2.33027	2299.62
-13.9976	0.403761	1045.2
-14.1281	2.46804	1042.06
-13.5828	2.54789	2010.08
-14.5223	3.26792	2495.3
-14.5852	0.0278869	1285.42
-14.1654	2.59948	513.082
-12.7665	1.65313	1064.88
-14.9892	1.36012	94.5198
-14.9233	3.99787	1536.68
-14.9261	1.60711	415.529
-12.7548	0.101851	369.101
-14.5827	1.49956	60.7273
-14.3162	1.63584	1118.1
-14.9922	2.42236	3060
-14.063	2.72576	1231.21
-14.8469	0.724753	1078.58
-14.4791	1.29977	227.388
-14.4956	2.97403	1141.75
-10.9842	4.25125	33.707
-14.4406	1.75381	1068.7
-14.6123	1.06053	722.03
-14.9845	0.899964	230.126
-14.4727	1.22062	2820.05
-14.9534	0.243056	3060
-14.8403	3.47874	2103.09
-13.6626	-0.608592	1883.32
-14.981	1.43894	221.27
-14.5929	2.05433	233.797
-13.643	2.855	215.476
-13.1726	0.980596	1641.13
-14.8187	2.60051	2059.04
-14.67	3.06631	1743.45
-13.9119	-0.336219	620.234
-14.9595	3.33458	706.142
-14.5615	0.12417	1656.07
-14.9472	0.786483	2431.54
-13.6237	0.0541784	1207.31
-14.913	2.97922	723.381
-14.6517	1.37091	1669.09
-14.8579	0.356055	410.889
-13.6334	0.229245	1453.33
-13.3576	1.9103	157.168
-14.9374	1.83219	24.6119
-14.7507	-0.274625	1069.92
-14.2238	-0.478285	867.381
-14.5943	-0.489781	293.746
-14.3113	4.24329	43.3189
-14.9022	1.27432	811.323
-14.9853	1.38598	639.907
-14.7115	1.40309	2960.8
-14.3951	1.99031	1631.91
-14.5121	2.3775	2821.07
-14.4921	1.60144	2749.25
-14.8466	3.30832	138.609
-4.34423	5.38873	141.63
-14.9868	0.940371	1406.1
-14.9741	1.9167	3060
-14.8907	1.0714	1851.58
-14.7903	-1.17707	67.3867
-14.9846	3.58122	205.563
-14.9915	0.138414	45.5994
-14.0399	2.07924	210.159
-14.893	1.74943	688.408
-12.1347	2.63261	102.823
-14.9453	0.744841	39.2855
-14.7306	0.0257508	111.859
-13.0626	1.21555	249.744
-14.8703	1.1156	2284.62
-10.1964	3.82533	34.2907
-14.5559	0.431577	618.168
-12.9866	0.191375	652.771
-14.1344	-0.30298	1644.14
-14.9767	2.29627	242.041
-14.6865	2.09039	1896.93
-14.3992	4.32768	1459.58
-14.3312	1.08333	2213.71
-14.0637	2.54987	425.905
-14.3559	2.04802	747.451
-13.6026	-5.78524	152.654
-14.8839	1.18922	2144.38
-14.5715	3.1764	706.65
-14.4345	1.94195	265.222
-14.242	-1.82408	1095.91
-3.57478	-9.32713	344.231
-14.7652	-0.115341	649.267
-14.3457	1.66347	598.686
-14.5069	0.838563	80.5937
-13.5937	1.93844	421.479
-14.2406	1.40218	501.424
-14.5939	0.744467	593.347
-14.5089	0.592907	947.064
-14.6989	-1.10047	651.431
-14.6515	1.80139	2802.47
-14.0478	2.18692	1466.5
-14.9325	-0.442061	2736.98
-4.44356	-9.73315	164.463
-14.0695	1.18328	106.137
-14.4437	2.87472	2352.11
-14.6903	2.11895	1441.57
-14.6573	2.77219	2586.32
-14.7884	0.0568886	2145.32
-14.7844	0.402603	215.908
-9.69976	9.04184	48.1195
-14.8217	1.85339	145.072
-14.9436	-0.137181	658.351
-14.368	1.49841	1334.62
-14.9645	2.2971	2059.45
-14.2579	3.35389	1471.96
-14.8719	-0.310332	91.9111
-14.803	2.91253	1879.42
-12.0362	-10.3008	227.728
-14.6923	1.45069	415.564
-14.1758	3.38558	578.097
-13.8921	2.14538	2144.87
-14.6692	1.15569	97.1292
-14.6973	0.899035	814.912
-14.4932	2.17426	1442.32
-14.2335	1.95156	2198.65
-14.4533	1.73721	89.5465
-14.7074	0.614097	2944.07
-14.7367	1.5909	122.488
-14.622	4.39161	624.851
-14.3515	2.66898	2533.3
-14.5387	1.63565	152.914
-14.514	1.89077	824.434
-14.3796	3.47728	718.796
-10.0057	1.94699	125.292
-14.4099	0.630584	2278.87
-12.6032	3.44861	228.568
-14.4406	1.50972	732.577
-14.1633	5.76981	192.177
-13.7899	-2.06287	114.207
-14.9298	-0.871351	2007
-13.9922	2.50808	137.258
-14.2395	-0.685986	1165.27
-14.3547	1.41541	1696.99
-14.7048	0.425904	667.857
-14.9714	0.189418	738.519
-13.6745	0.246146	101.96
-14.3559	2.91713	106.447
-14.5786	1.39924	2456.45
-14.9658	-0.445121	906.382
-14.9879	0.713169	2836.17
-14.1502	0.569975	238.491
-14.7802	3.71272	245.766
-14.7071	0.336726	2149.4
-14.401	0.0174305	407.31
-14.4064	-0.885956	1927.59
-14.9087	-0.40135	1672.42
-14.7369	2.31888	349.519
-13.6337	-0.746712	1159.53
-12.7297	1.69727	21.0274
-12.3503	-2.21531	184.495
-14.9524	2.87809	3060
-14.7096	0.494613	1333.53
-14.6688	1.22732	1441.79
-14.4131	1.90739	144.282
-14.7979	0.94358	120.488
-14.9201	2.98168	1853.45
-14.9973	2.272	2323.97
-12.7832	0.628949	67.3457
-12.4463	-2.31294	113.356
-14.5254	3.37512	1816.75
-14.818	2.76955	3060
-14.579	2.13643	2628.39
-14.5184	5.00845	1425.36
-14.6337	2.07135	72.2457
-14.2552	-0.757171	58.422
-14.3785	-0.0565353	56.2767
14.323	9.84294	820.518
-14.9469	3.13006	3060
-14.9878	1.81484	2416.52
-14.4637	-7.12565	19.2335
-14.6626	0.733718	40.2274
-14.5573	0.47074	1917.72
-14.9658	2.63904	3060
-14.955	1.33603	6.04951
-13.6608	3.96206	551.192
-13.1797	2.95555	426.958
-14.231	1.70541	1149.67
-14.8766	0.525818	150.268
-14.8742	0.583533	610.608
-14.6392	2.3524	2290.69
-13.3118	2.50224	899.925
-14.9368	2.8098	2142.78
-13.9352	-3.85631	174.261
-14.9164	2.15376	131.51
-13.8895	2.38415	412.408
-13.6539	3.66916	15.3665
-14.5153	2.9007	947.407
-14.4219	0.395345	2227.17
-13.6932	1.89914	1764.32
-13.652	-0.943105	34.7432
-9.22042	-5.92067	119.431
-13.9335	0.832377	1370.39
-14.9227	3.95107	1745.91
-14.863	0.240315	1391.48
-14.4945	-0.130461	881.095
-14.9342	2.63401	2231.1
-14.5633	3.79033	873.419
-11.3163	-1.98475	34.7432
-13.5657	1.10439	1364.48
-12.6786	3.09976	138.418
-14.7949	0.0612801	1322.36
-14.8346	2.22811	2725.92
-14.3144	2.76175	1797.83
-14.3274	0.700313	1094.35
-13.6477	1.27757	1679.05
-14.5137	-0.902394	853.531
-14.7269	2.54811	205.796
-14.8535	0.638657	1930.77
-13.7848	0.286864	1707.57
-14.7401	0.826103	1214.56
-14.7885	1.10384	2827.17
-14.7714	0.257643	381.706
-14.9838	0.932364	1083.24
4.24501	10.8225	62.6341
-9.88026	1.36752	114.051
-14.2947	1.48447	569.34
-14.64	1.50011	1529.52
-14.7637	2.53603	1099.02
-14.22	1.64896	2116.69
-14.2199	3.87871	1415.98
-14.9276	0.688129	105.553
-14.5026	4.68557	466.508
-14.9181	1.81785	1102.28
-14.6586	0.889267	1671
-14.4655	3.41404	332.828
-14.8083	1.02224	306.661
-13.4166	3.27347	1225.46
-14.8534	0.295162	137.418
-14.4878	3.69577	420.075
-14.1827	1.93209	2074.51
-14.4596	-0.936239	174.049
-13.5864	2.68674	1712.63
-13.7518	2.25946	1157.46
-13.6039	-0.976248	841.471
-14.8073	0.970469	796.179
-14.5623	2.62729	1752.84
-14.4777	1.93563	514.307
-14.9673	0.939427	680.353
-14.9021	-0.0429327	1454.11
-14.2985	1.44107	2494.26
-14.3596	0.240267	126.51
-14.7439	2.18439	242.718
-14.9011	3.10005	2293.96
-14.9362	4.25449	652.326
-14.3713	-0.152956	1042.76
-13.3145	1.27794	908.557
-14.4569	-0.118743	962.079
-14.8292	1.88241	692.953
-14.7731	-1.54423	1246.49
-14.6186	-0.318117	40.4324
-14.3619	-0.0263951	2407.35
-14.1409	2.39903	2109.79
-13.4294	2.4939	532.029
-14.6167	1.51003	2162.55
-14.9587	3.44887	321.652
-14.2492	-0.0269539	2086.06
-14.1692	1.46204	149.094
-14.9365	2.44756	1254.68
-9.21079	-1.68445	324.894
-14.4393	1.93104	872.935
-12.0711	-1.5461	121.537
-14.4247	2.4381	1375.03
-14.6367	2.59665	1887.61
-14.6879	2.16941	1450.48
-14.7178	3.10086	2520.73
-14.0212	0.482676	117.84
-14.1446	-0.203487	2081.39
-14.8338	2.3505	2910.69
-12.965	0.454059	1430.57
-13.9423	1.18395	649.436
-14.7677	1.30074	1079.66
-14.3043	1.84794	2146.43
-14.8771	3.90231	757.75
-14.8882	0.738501	2839.56
-13.8216	-0.662802	1723.16
-14.4257	2.19785	684.165
-1.00086	-12.2909	210.061
-13.6055	10.1718	15.4587
-14.8404	1.13937	3060
-14.305	1.59631	95.0075
-14.4419	1.04703	576.705
-14.78	0.156701	2683.74
-14.2488	1.14486	666.087
-14.988	1.68494	807.115
-14.1546	-0.204568	865.031
-14.9116	0.850286	2144.08
-14.6782	0.897801	2730.21
-14.1737	0.591424	394.615
-13.5249	3.45824	103.439
-14.4756	0.773042	113.972
-14.816	-0.380872	2243.26
-13.463	1.37307	155.676
-14.867	-0.342429	217.044
-13.4017	2.75484	106.394
-13.8971	-1.13858	42.5038
-14.9628	1.54744	2561.84
-14.4087	2.21476	651.716
-14.9507	2.39922	842.796
-13.9871	1.5014	358.419
-13.7479	2.03686	139.686
-14.2221	2.96369	39.2855
-13.6742	4.72691	239.448
-13.6642	-3.08303	47.0301
-14.042	0.594247	1412.12
-13.8574	3.59712	563.311
3.99882	-1.48707	240.884
-14.6164	0.60538	2901.85
-13.2942	1.13017	186.913
-14.5666	1.89647	538.376
-14.9761	-1.01457	790.803
-14.8081	0.736711	2015.73
-13.5854	0.978158	1854.91
-14.5047	1.06792	1758.53
-14.6978	5.1643	491.697
-14.5448	2.25293	650.699
-14.2275	1.98964	450.629
-14.5339	1.00826	1537.27
-14.2695	1.14268	684.218
-14.1217	2.24199	91.9376
-14.1952	1.0569	2629.77
-14.0851	1.86664	1388
-12.7819	1.54906	1534.23
-14.9236	1.66846	1923.01
-14.9706	0.568233	1577.06
-14.7447	3.60338	98.1623
-14.0051	2.29343	1433.83
-14.8599	2.14289	778.773
-14.6733	4.09797	256.703
-14.2528	-0.877385	383.678
-14.6078	3.23892	1552.74
-13.888	0.919255	464.546
-14.9478	2.46264	618.309
-13.7724	-5.58135	106.295
-13.9076	2.15826	407.492
-14.6798	1.18698	559.84
-14.7872	1.67125	2482.93
-14.1532	1.3022	133.628
-12.4795	3.843	153.173
-14.9817	2.37849	5.60036
-14.112	2.65215	792.409
-14.9915	4.47894	416.252
-12.8978	0.542485	537.225
-12.6636	1.26744	156.724
-13.6185	2.69359	995.421
-13.6337	3.95545	162.057
-13.8152	0.0129847	555.77
-14.9283	2.52818	3060
-14.6202	1.54555	199.029
-14.7201	0.691888	1672.37
-13.445	-0.247671	237.812
-14.9298	0.478599	2041.66
-13.9044	-0.421797	40.2466
-14.6849	-0.00578763	1756.91
-14.1158	3.11993	2317.12
-13.3367	0.557627	267.791
-14.2288	0.412902	1127.21
-14.8076	1.00302	3060
-14.7735	2.01154	1891.7
-13.872	2.06818	1382.39
-14.9996	-0.380168	1084.56
-14.0011	1.95574	612.849
-14.6727	0.729745	2867.85
-14.0086	-0.216207	337.884
-12.6802	4.19124	244.925
-14.6358	2.22673	474.097
-14.4971	1.49752	47.3068
-14.1445	0.274006	168.665
-14.4228	1.34113	1685.83
-14.4388	0.411474	2648.08
-14.6771	3.02503	987.973
-13.9528	-0.217573	1411.29
-14.0318	3.50403	247.497
-14.3766	1.01537	1570.29
-14.7698	1.24696	648.658
-12.7643	-3.54743	54.0883
-14.3497	2.57622	114.51
-2.78451	3.77878	152.22
-13.9873	2.18573	711.013
-14.0143	5.47392	435.153
-14.7056	3.18625	2710.88
-14.5406	0.688963	504.016
-13.6855	0.733945	120.867
-14.8049	2.4098	625.651
-14.6637	-0.427272	432.501
-13.402	0.959806	214.753
-10.72	6.42844	547.591
-14.5738	2.57935	2094.72
-14.4619	1.68812	2337.14
-12.9581	2.5983	96.7362
-13.952	0.722777	2132.42
-14.6316	-0.211172	316.283
-14.4169	4.92685	328.807
-14.8135	2.02042	128.322
-14.5476	1.87642	123.212
-14.4479	3.52264	122.245
-14.3214	2.28111	357.965
-14.9378	2.79735	2956.55
-14.7419	-0.674113	250.895
-14.4769	2.07823	2283.54
-13.036	2.8188	144.514
-14.9358	0.960204	132.044
-13.9363	0.286232	1679.89
-14.2922	3.66221	1242.32
-13.9712	3.6795	188.611
-14.7819	0.477055	378.411
-14.663	3.39628	958.127
-14.9397	0.532346	3060
-14.1644	0.431685	104.732
-14.9881	-1.54377	341.305
-14.5246	2.2388	231.391
-14.0794	2.65914	1645.22
-14.668	0.313296	2657.5
-14.902	3.20246	611.908
-14.6457	3.50046	775.61
-9.35699	3.24031	110.752
-14.9226	1.24211	97.8453
-14.6989	1.03373	2783.38
-14.671	0.16406	738.615
-14.2731	2.76841	88.7085
-13.4022	5.7123	136.945
-14.6112	0.0205217	196.307
-14.7276	2.17627	2725.72
-14.7271	2.51713	392.907
-14.1231	0.202364	465.707
-14.996	1.66348	2839.52
-14.8413	-0.186991	364.332
-8.65203	-4.63101	161.544
-14.5506	0.10423	2361.33
-14.1351	2.32058	2413.48
-5.28151	-0.23504	366.36
-14.6754	-0.737862	963.307
-14.9822	4.00455	1718.51
-14.1811	2.30957	1018.62
-14.9099	0.819353	2070.24
-14.7334	2.12525	368.618
-13.9825	-3.39482	104.622
-14.9431	3.32514	490.262
-13.1056	1.5695	157.732
-14.6547	2.84165	306.339
-14.0545	0.70143	1933.38
-14.059	0.99147	728.646
-14.4513	0.87486	541.677
-13.6361	2.21155	173.523
-14.9093	3.13881	2786.33
-7.99985	-0.79051	191.231
-12.9202	1.34876	905.39
-14.4388	0.0512663	863.425
-14.2428	0.772423	289.395
-13.7022	1.75372	144.771
-13.4144	-1.01264	502.239
-14.0631	0.34228	726.309
-14.5751	0.453613	1360.73
-14.9385	-0.0347668	1087.53
-14.5784	2.63614	2191.1
-14.2404	1.07091	1788.1
-13.3517	0.882521	1805.73
-14.329	1.24954	2157.93
-13.2861	-0.207617	40.4866
-13.6111	1.04717	895.696
-14.9401	4.02541	608.646
-14.8445	3.34301	511.637
-14.4218	1.1195	413.294
-13.9845	0.839667	1873.05
-14.9733	1.62417	377.978
-14.7469	0.0778779	2542.27
-13.2032	3.68228	289.762
-14.0057	-0.149382	2123.88
-14.774	1.13068	2294.16
-14.9025	1.34422	156.07
-13.6358	-0.282441	259.587
-13.8985	0.0266481	2015.59
-14.6148	2.69005	39.1961
-14.3124	-1.05765	923.157
-14.7051	2.25849	2445.65
-13.904	-0.37755	419.246
-14.4022	2.74838	1154.14
-14.8843	1.15587	808.614
-14.2302	2.59525	2280.33
-14.8109	3.44107	1552
-13.9352	1.81116	672.315
-10.2141	3.91418	219.364
-14.4908	1.11373	1895.53
-13.2593	0.698854	595.56
-13.3915	0.920376	1279.3
-13.8675	1.65192	239.601
-14.3404	1.92241	1065.74
-14.6154	0.727342	857.903
-14.6406	-0.0812832	2937.98
-14.3636	-0.952387	155.473
-14.894	3.5424	725.84
-14.6423	1.55194	679.343
-14.8174	-0.188929	2458.32
-12.8105	-1.48777	100.977
-13.9348	-4.39165	221.263
-14.6428	-0.00430757	1293.64
-13.6025	1.85927	887.728
-13.9941	0.162517	1628.14
-14.8069	3.21597	109.455
-14.874	2.14994	2081.81
-14.9159	2.77789	1014.98
-13.0105	1.00199	1356.49
-14.5748	2.63382	1196.54
-14.9564	2.803	992.795
-14.8475	2.4961	800.518
-14.7545	3.49819	1954.23
-14.37	-2.45827	249.732
-14.9446	2.84581	486.731
-13.6025	2.58212	1322.55
-14.2331	0.576438	735.453
-14.4295	1.48559	2036.31
-14.7969	1.73302	1997.11
-14.8743	0.783538	508.616
-13.4485	1.74338	2003.87
-13.5758	0.842724	1068.32
-14.6621	-1.01256	1460.97
-14.8484	0.53749	424.206
-13.8203	2.97801	1389.23
-13.7891	4.13942	1632.88
-14.9134	-0.0959753	2611.79
-9.89523	3.61692	102.134
-14.9509	3.0996	118.67
-13.1443	1.47901	532.407
-14.4406	1.05511	2012.71
-13.9371	-0.0299012	1599.71
-14.5752	4.88961	420.969
-14.9062	1.71296	2423.01
-14.788	3.07304	65.1864
-14.661	2.58485	1569
-14.9741	1.66847	24.7231
-14.974	1.63781	1028.22
-14.8188	0.949955	509.485
-14.8248	2.90964	3060
-14.8582	0.240242	363.873
-14.3815	-1.05059	752.463
-13.6109	0.108471	1163.17
-14.8429	-0.0840652	485.639
-13.7438	0.783021	611.798
-14.5006	0.599573	2273.35
-14.7095	-0.283834	1146.15
-14.6084	4.31602	440.011
-13.3612	4.49018	645.623
-13.9459	-1.99411	692.889
-14.3913	2.48671	1152.94
-13.6702	-2.62741	1409.44
-14.2769	-1.62787	2045.35
-13.7015	0.924895	1223.5
-14.8187	0.588567	122.313
-14.3892	3.10258	554.206
-13.3854	-1.23912	652.655
-14.5928	3.92502	481.265
-14.4722	1.23444	2641.52
-14.7114	0.128963	1019.82
-14.7223	3.13803	1715.97
-14.9144	-1.60051	1652.1
-13.6257	0.890187	708.776
-14.0235	1.83973	2205.31
-14.297	-0.686666	2033.53
-13.5738	1.60926	1910.8
-14.6778	-1.063	1518.45
-14.7532	1.24031	1028.99
-14.8342	0.438101	2210.42
-13.6571	1.24536	34.7432
-14.8565	0.722208	2928.28
-14.5301	2.03109	626.085
-14.2775	-0.141112	34.7432
-14.6487	1.13444	2623.36
-14.9723	7.48241	41.7793
-13.9893	0.441107	135.335
-13.7296	1.62223	606.79
-14.8241	1.92334	64.5493
-14.2889	1.60713	1418.42
-10.1115	-1.48565	256.69
-13.4396	1.85924	1461.85
-14.0545	1.78562	811.786
-14.4485	1.44912	2578.52
-14.1741	3.59707	1300.71
-14.6331	-0.495387	1085.42
-14.8308	3.14395	299.315
-10.7535	-2.66095	41.3202
-14.0321	0.461277	1528.98
-14.9436	2.7927	1688.51
-14.0456	3.57628	1462.34
-14.5879	1.89086	2262.74
-13.7557	1.44417	603.353
-14.9173	3.49193	2064.21
-13.7329	0.745521	1732.45
-14.5872	-1.19454	284.111
-12.7263	1.15531	19.6118
-8.36136	7.32618	170.407
-14.852	1.26708	410.438
-14.7211	1.8722	1892.86
-14.3041	2.9716	357.151
-14.3139	-1.79009	84.0844
-14.7212	3.15957	83.5684
3.90595	-10.5461	11.8814
-14.3636	2.43134	824.713
-14.918	0.644344	2164.41
-14.453	3.09547	423.291
-14.4115	2.45709	1362.35
-5.12126	2.35995	59.3863
-14.997	-0.854599	2045.01
-14.6188	3.32701	1029.39
-13.0935	-0.429984	190.503
-14.4073	2.27832	495.756
-1.33988	-13.153	644.75
-14.1547	-1.24715	482.953
-14.4918	0.565403	842.009
-14.7217	2.96731	909.546
-14.2104	3.03635	950.303
-14.5828	-0.343737	191.823
-13.4426	1.59359	553.092
-14.4554	-1.48397	220.251
-14.948	1.00004	2620.24
-14.9952	2.02762	416.616
-14.6244	-0.265445	1304.68
-14.6172	-0.0899717	648.287
-14.4345	2.23908	815.092
-14.5979	-0.915085	1456.7
-14.6945	2.90424	625.757
-13.6494	4.03929	123.347
-14.712	1.34431	1598.45
-13.6133	-6.94582	171.861
-13.3264	2.60697	766.822
-14.7877	1.57262	1605.22
-10.9915	3.13629	11.3578
-14.4856	0.560633	2174.54
-14.9697	1.40205	344.512
-14.919	1.37282	3060
-14.7766	2.04371	1866.39
-8.01519	1.2123	26.0386
-3.79107	1.53159	376.512
-14.8619	0.58023	705.32
-14.1195	0.664068	1928.95
-14.6628	0.26068	124.742
-14.7964	1.39521	1629.42
-14.6467	1.23618	1260.94
-14.4356	0.932883	675.608
-14.9569	-0.331689	256.541
-14.0192	4.2121	1750
-14.9492	0.615981	1507.42
-14.9282	-3.81215	12.5305
10.7394	-0.114921	668.395
-13.7808	0.775095	85.9052
-14.9631	2.35999	900.164
-12.2867	-7.21919	36.5139
-14.7414	4.11513	749.817
-14.0856	0.0381345	234.968
-14.8621	0.150931	425.277
-14.8125	1.6105	2405.41
-13.3943	-3.81147	306.27
-14.1598	3.05616	277.75
-14.2001	2.49105	1301.57
-14.8323	2.10313	2742.21
-14.6626	1.69036	1332.9
-14.848	1.9481	907.863
-14.2067	0.0805618	1777.84
-14.1429	1.81647	759.113
-14.4254	-1.25773	1216.4
-14.602	3.61287	2162.93
-14.6853	3.03155	170.629
-13.7994	3.80952	2032.35
-14.9994	0.258316	2749.81
-14.9168	3.00816	522.814
-14.355	2.88621	2364.85
-14.6929	3.00971	536.077
-5.95877	-0.391854	171.006
-14.3529	0.176544	1739.46
-14.755	0.523267	2867.23
-13.6639	0.635624	750.653
-13.8104	3.35675	123.539
-13.3662	2.36326	379.237
-14.4871	2.2026	1670.13
-13.7187	1.22374	1283.52
-14.977	3.44068	231.153
-14.782	-0.0588342	465.101
-14.7877	-0.107513	681.936
-13.9705	2.85805	1224.65
-14.7103	1.6343	1622.67
-14.1007	1.69927	956.749
-14.6284	2.73665	89.64
-14.7427	0.594193	909.173
-12.9869	12.134	190.879
-14.4928	2.10948	988.508
-14.661	1.18047	858.175
-14.2127	2.20935	1442.03
-14.7362	3.2467	2771.9
-14.8123	0.342603	2568.93
-14.8996	1.0435	905.179
-14.2274	-0.23184	973.768
-13.393	-1.61827	104.942
-13.9985	2.85373	457.359
-13.5842	3.46544	103.664
-14.4368	1.8194	235.705
-14.7787	2.77128	361.712
-14.6673	2.99251	1108.94
-13.7091	2.59673	1411.16
-14.5366	2.38124	211.303
-14.524	3.824	817.86
-13.7891	2.17822	215.308
-14.8515	0.740018	479.889
-14.2314	1.76022	1333.06
-14.6128	-0.0225259	468.182
-13.67	0.0542723	210.568
-13.9861	3.52103	2106.65
-14.111	3.09826	1858.54
-13.9636	-0.376514	1188.43
-14.8174	-1.58586	221.705
-14.2698	2.1369	484.391
-14.8147	-0.582567	2278.2
-14.764	2.54502	2890.87
