-14.0325	-9.88208
-7.51511	-13.4624
-0.732718	4.55589
-6.42739	-13.5656
-4.22986	8.47221
5.40889	-7.34023
-14.1909	-9.40727
2.30011	-12.5943
-11.1098	7.83749
-3.87967	-7.28306
-9.89256	-10.7258
-6.59382	-13.7231
-9.13413	8.09903
-12.5242	-13.8968
3.10277	11.9814
3.21656	-12.9452
-6.78749	-10.9369
-13.4334	-3.71412
-14.3286	-14.256
3.1055	-13.1992
-14.5803	-12.8943
-7.86069	-3.79207
8.59477	11.4781
-12.8323	-14.7616
10.4454	6.07571
-9.80923	-11.0763
-4.57444	-3.8925
3.1689	-6.738
-14.2149	-12.8731
-4.37401	-11.592
8.10655	-5.52248
-2.07529	-9.85722
-14.0136	-14.0419
-8.47509	-14.4767
9.88664	2.48629
-9.25944	-14.3892
-2.56783	-5.83842
0.257783	-10.9749
2.48605	-1.78861
-14.9537	-3.87803
-7.8513	-9.78623
-6.9404	-12.9286
-14.716	-14.3214
8.26	-14.5045
-1.53444	-11.2927
-13.916	-10.4325
-10.9003	-13.1116
13.2324	-6.74932
-14.1608	8.23773
-14.4102	-6.96109
-8.84787	-13.6607
10.4769	-12.5144
0.324346	-5.20349
-10.8589	-14.9344
-8.73272	-10.0066
