-2.37893	8.7568
-11.0476	-4.60536
-4.77204	2.46438
-7.6036	-0.542549
-9.61743	13.5824
-9.317	4.90439
-10.3805	6.26216
-9.5283	1.08391
-12.4194	6.89583
-9.63892	5.83707
-2.62051	10.1745
1.35585	8.3749
-5.74437	11.2726
-7.88091	4.78788
-11.3374	14.4632
-13.4242	11.0476
-5.79204	13.213
-6.98972	-3.59819
-7.65585	10.5214
-9.39663	-0.589338
-14.526	11.8458
-14.4804	10.8542
-10.3991	9.64907
-2.34771	-13.0831
7.56998	2.14493
-12.0558	12.5219
-3.40057	-6.79522
-4.07518	1.59299
-0.576932	-9.53376
-2.64903	4.24471
13.8467	-10.991
-8.51922	-11.2202
3.57491	1.56463
-8.43902	1.42985
-14.4418	14.4848
-0.221039	-10.3531
-8.93451	-12.2015
13.316	0.357421
-13.3894	-6.79898
-3.7383	7.42762
-7.84804	10.3336
-2.83613	-13.9764
-14.7788	8.99604
-12.4086	14.9615
-10.3477	5.79719
-9.14674	2.30183
-11.7122	2.48189
2.09934	-5.94139
-12.716	-13.2474
-11.0799	12.8077
8.65374	-8.1351
6.31927	-9.4662
-8.15241	-3.14192
-8.89781	-3.83013
1.9916	9.44511
-10.4114	12.1594
