-2.13815	-13.3775	76.3255
-11.5192	-14.53	265.055
-6.14733	-14.4276	37.6376
-7.46621	-14.4073	213.745
-9.40395	-11.7574	566.612
-12.89	-13.6824	355.339
-14.0175	-13.2104	301.228
-4.92452	-5.33811	129.062
-6.83746	-6.93782	158.465
-11.6698	-11.4928	34.2907
-13.8713	-14.8143	173.398
0.315261	-6.94472	23.828
-4.0311	10.0966	450.213
-14.5129	-12.3978	186.81
-0.623073	-8.31122	21.4797
-1.5824	-13.0521	0.695703
-8.06623	-10.5835	68.3908
-6.24532	-11.7705	174.204
-14.2246	-9.07745	164.124
-10.8113	-12.5073	104.201
4.80852	-1.69531	118.447
-12.5189	-12.524	53.3209
-2.292	-12.1356	49.6936
-1.41807	0.43378	22.9103
-13.6355	-13.6762	293.622
-2.20175	-7.86278	234.639
-10.316	-14.7114	165.638
2.02733	-10.9678	102.309
-12.1018	-14.8457	338.821
-14.4683	-11.7722	122.506
-2.1074	8.71335	169.226
-7.33674	-13.4865	232.781
-4.59474	10.026	196.949
-14.2769	-5.66743	713.779
-10.1559	-13.5936	118.877
-7.89457	-14.4325	392.997
-11.5564	-13.6916	111.513
-13.8673	-10.8646	7.98018
-8.31598	-5.47802	105.618
-9.76364	9.57593	260.724
-13.574	-13.5517	18.3141
-12.4636	-14.2988	111.23
-14.4301	-11.9352	34.2645
-11.0335	-10.5786	104.73
6.19665	0.210322	39.8541
-13.4627	-14.7367	151.491
-1.18495	-0.594114	278.201
-10.1045	13.4931	85.1703
-4.00182	-14.5048	207.613
-10.6973	11.51	124.864
-0.288107	9.8986	181.838
-9.09498	-12.2396	336.545
-12.0716	-14.7804	171.958
-9.92885	-11.9622	214.797
-7.61987	-9.2716	54.2041
-12.1836	-9.43822	446.911
-8.42222	-12.8205	134.798
-11.404	-14.7638	34.2907
-13.8945	-10.1265	53.7226
6.16178	-13.7403	2048.26
7.04398	1.11473	249.645
-10.7403	-12.2414	151.06
3.05862	-11.0122	285.106
-14.716	-14.3214	10.6924
-9.11333	-9.90916	240.54
1.21316	-13.8286	671.328
-8.39064	-6.35673	107.328
6.24814	-7.7927	428.626
-9.77344	-12.2358	191.169
3.64171	6.64102	72.8741
10.7679	-1.4204	5.20085
1.54391	-11.0766	508.445
-14.1646	-12.9948	217.761
-11.5012	-10.1147	151.193
-13.0822	-11.8451	120.7
-10.3445	-12.6172	155.657
-10.7223	-10.0391	40.2466
3.30992	-1.77769	117.79
-7.30631	-7.05111	330.544
-11.6384	-13.2662	151.048
