14.7144	-5.91959
14.0043	-5.27601
14.3151	-2.27867
14.9448	-4.27644
14.7377	-2.49997
14.2784	-0.504212
7.27491	-13.9408
14.9515	-4.63598
14.5517	-4.69599
14.4533	-5.72557
14.0634	-5.47053
14.2055	-5.04788
14.8261	-5.70103
14.2966	-2.71555
14.8427	-3.72132
14.9156	-4.90594
14.792	-5.90833
13.8081	-5.5241
13.3003	-3.20666
14.053	-6.72196
14.9326	-3.28048
14.9377	-4.54394
14.7469	-6.17096
14.5451	-5.74093
13.7527	-4.65771
14.2768	-3.99183
14.9398	-4.15753
14.3564	-5.34848
14.8232	-4.30793
11.1461	-3.05054
13.9064	-2.96295
13.0523	-3.68223
14.3486	0.76932
14.3506	-6.09167
14.8744	-4.7318
14.2732	-3.35155
14.0268	-4.35998
14.1611	-3.62079
14.3489	-5.47883
11.5435	-0.0776044
14.8195	-5.47028
14.2775	-4.58674
14.4345	-2.82395
14.3835	-6.83348
14.4825	-3.40713
13.3738	-5.95325
14.3719	-4.91447
14.6751	-3.7512
14.6057	-1.03418
14.6157	-4.86163
14.4765	-5.26619
14.9257	-3.69444
13.4996	-6.47322
14.8079	-3.7717
10.3384	-5.92
14.0454	-4.01687
14.2063	-3.12407
14.7131	-3.86668
10.5743	-3.87015
14.1752	-4.09015
3.89435	-7.93138
14.8179	-4.59689
13.6805	-3.10176
14.0375	-3.49371
13.943	-4.42039
7.26241	-12.3867
14.7982	-6.21819
14.7886	-2.2468
13.7454	-4.80943
14.6193	-3.42911
14.0593	-5.68523
14.309	-4.9854
14.8283	-6.68127
14.612	-5.77816
14.8383	-5.75174
-5.13418	-5.28492
14.113	-4.25875
13.8094	-4.83658
14.4061	-3.40283
14.0876	-2.41584
14.5202	-5.2119
14.8924	-5.25984
12.8886	-3.67437
14.9504	-4.0294
14.5932	-2.38832
13.4821	-6.41959
14.7545	-2.69246
14.6143	-4.59745
13.1792	-2.87679
14.375	-4.15766
14.4551	-5.92174
13.7862	-4.90609
10.4467	-1.97955
14.7979	-3.8501
14.2149	-4.26764
14.0805	-1.77464
14.0473	-4.0965
14.0027	-5.71969
13.7732	-5.02327
13.5507	-5.36643
12.8485	-5.7745
14.2925	-6.72379
13.4934	-5.01779
14.683	-6.12232
14.4333	-3.02035
12.5263	-5.03027
14.5152	-3.83999
14.7958	-4.91549
14.7797	-2.95054
14.323	-2.16627
-1.17597	-12.6711
14.9627	-3.95871
13.6977	-5.63991
14.7142	-4.04205
14.3852	-4.46525
14.5851	-3.1646
14.7662	-6.5086
14.4182	-4.91023
13.5067	-2.26131
14.7403	-6.23885
14.6054	-2.4908
11.7255	-6.93335
13.7178	-3.47171
14.7687	-4.53041
14.9661	-7.99404
13.2497	-2.85698
14.1673	-5.14671
14.9125	-2.40893
14.8817	-5.39733
13.8362	-3.82274
14.9989	-4.19936
14.3345	-5.79086
14.9306	-5.89349
13.6902	-7.19959
13.4605	2.29416
14.1834	-3.42853
14.7076	-4.95612
14.1878	-3.22429
14.9686	-3.342
13.7117	-5.19694
14.2402	-3.43644
14.1642	-4.75645
14.9168	-4.43218
14.9437	-6.84745
14.9842	-6.88382
14.7626	-5.79629
14.4009	-4.36918
14.5338	-5.48655
14.4475	-5.66704
14.9053	-1.49371
13.1021	-4.83529
14.5889	-6.00009
13.3918	-4.93946
14.7122	-5.12555
13.991	-2.52147
14.6526	-4.26438
13.8834	-4.52025
14.6751	-1.79631
14.5686	-1.96838
13.8085	-4.55116
14.7301	-5.21081
14.8506	-4.03154
14.3796	-4.72819
13.9846	-5.35605
14.9123	-3.92657
14.9405	-5.37096
14.4333	-5.29533
14.8929	-5.43064
14.3257	-3.16723
14.0734	-4.66346
14.6469	-8.12319
14.9508	-5.61097
14.3976	-4.07902
14.1803	-5.55604
14.8779	-6.4769
14.4808	-5.77831
14.6343	-3.41567
13.9018	-4.51454
14.6762	-6.56129
14.6449	-3.08793
0.15743	-4.22983
14.4643	-3.34472
14.4044	-3.65214
14.5995	-1.61352
14.8329	-3.99232
14.2302	-3.11158
14.9996	-4.5022
0.337894	-12.0143
14.558	-3.46466
14.4941	-5.99128
4.26402	-2.4246
14.8236	-4.33813
14.4359	-5.73122
13.8077	-4.75115
14.6992	-5.33086
14.6169	-0.73749
14.9182	-4.97877
14.7448	-6.91197
9.90994	-5.09184
14.5082	-7.32951
14.645	-3.5599
14.7754	-3.75305
14.7266	-2.75908
13.7496	-4.59819
13.849	-7.02177
13.3617	-2.62608
12.9568	-7.07961
14.378	-1.44725
14.404	-5.3632
14.828	-5.13553
14.9791	-4.33481
14.6598	-4.79446
14.3962	-6.04542
14.1312	-7.05755
14.9563	-3.10845
14.9932	-3.37043
13.7826	-2.53021
14.9453	-5.80622
14.8145	-2.94856
14.9493	-4.57098
10.0804	-3.13394
14.2104	-2.58442
13.4312	-4.09975
14.7117	-2.54092
14.3886	-2.97014
14.5072	-2.63908
14.9922	-5.97723
14.4599	-5.0869
13.8857	-4.41237
14.9429	-4.29763
14.9557	-5.66395
14.1651	-2.30896
14.112	-4.26153
14.6776	-5.7082
14.8635	-4.91889
14.9426	-4.67194
14.0239	-4.34933
14.919	-3.21861
14.2283	-6.29345
14.303	-4.64029
14.5946	-3.05102
9.38924	-0.566738
14.6124	-2.72518
14.9862	-5.24746
14.6113	-4.92751
14.873	-4.1555
13.3473	-3.66905
14.4945	-6.21878
14.2454	-5.40609
14.3737	-4.17199
13.8915	-4.11759
14.7499	-6.30011
14.2169	-2.41902
14.9201	-6.35854
14.9092	-3.46039
13.6705	-2.59578
14.9126	-5.87237
14.8948	-5.91721
14.5249	-2.37572
11.9502	-7.3919
14.0687	-2.63747
14.9042	-3.50022
14.4569	-4.42542
14.0324	-2.29474
14.5115	-2.3669
12.4028	1.49462
13.3372	1.20287
14.3925	-4.86822
13.3658	-1.67026
14.5762	-6.07334
14.0839	-3.40494
13.778	-2.90467
14.8624	-5.66694
14.5461	-5.95569
14.7163	-6.84289
13.8588	-7.92375
14.6423	-6.28137
14.858	-1.99276
10.1622	-2.97307
14.7648	-3.3864
11.4629	-5.01849
14.5372	-3.85781
13.3785	-3.00051
14.8381	-2.9298
14.8441	-5.40202
14.8836	-3.6779
13.8806	-5.48049
14.4346	-5.26505
14.9355	-5.38132
14.8561	-4.92109
13.6276	-4.2926
14.892	-4.58141
14.3068	-5.88727
14.3724	-4.78852
13.0602	-5.96934
14.5334	-5.60922
14.5253	-3.14116
14.6566	-6.3029
14.7118	-5.24694
14.9018	-3.28131
14.8476	-4.66947
14.5156	-7.48656
14.7103	-5.74801
13.6654	-5.79596
14.5394	-6.41661
14.6139	-3.56284
14.9723	-6.64437
14.9054	-2.83787
13.9955	-5.65365
14.5921	-3.984
13.1329	-3.02417
14.4764	-5.85144
14.905	-4.38201
14.5134	-6.47327
14.9321	-6.04161
14.916	-2.93312
12.6794	-6.24766
13.7557	-3.63522
13.7563	-4.9376
11.118	-6.8899
13.3067	-1.91589
14.2959	-4.67085
13.5531	-3.78157
14.7281	-5.72232
14.1283	-0.850915
14.349	-3.52114
14.5107	-4.89243
14.6548	-5.22981
14.4765	-2.42087
13.7452	-6.18111
12.3764	-5.45886
14.1801	-5.57716
14.1679	-5.54359
14.8384	-5.2259
13.2523	-4.02671
14.7374	-6.74959
14.4592	-3.68006
14.4812	-2.18729
13.7355	-5.50106
14.9116	-5.68086
14.3219	-4.54561
14.823	-4.22171
14.0963	-4.90192
13.7891	-2.66082
14.9572	-6.23548
14.6086	-5.58274
14.1999	-5.24641
14.5449	-5.50722
14.7331	-5.42151
14.6939	-4.98336
14.8517	-6.0353
14.4447	-3.94118
14.7561	-4.1207
14.9727	-2.13779
14.7347	-2.89642
14.0655	-3.47112
14.6609	-4.20384
14.9316	-4.9766
6.54629	5.0201
14.8896	-5.14683
14.6955	-5.5154
14.9411	-5.28318
14.6902	-4.96554
14.5424	-5.35895
12.7933	-4.66587
13.2501	-1.99521
14.7478	-6.39177
13.2417	-3.0299
14.4268	-2.44149
14.8726	-3.7393
14.5172	-2.5212
13.666	-1.82304
13.1827	-5.47594
12.959	-3.27917
13.7398	-3.43065
14.9434	-3.84044
14.4621	-5.90157
14.6819	-5.76396
13.2354	-3.95218
13.5852	-6.29032
14.7855	-3.96649
12.7771	-5.02451
14.6636	-4.48437
14.7573	-6.78287
14.9388	-4.31036
14.1263	-3.62364
14.6074	-3.02265
14.9552	-4.30632
14.8793	-4.98028
14.8532	-3.1283
-10.5029	-10.0444
14.9199	-2.26768
-11.5469	-0.316379
13.9079	-7.24144
14.2126	-5.27534
14.3015	-6.14836
14.2799	-5.27899
12.6684	-3.47105
14.9043	-1.68396
13.9861	-6.73938
14.8289	-5.01241
14.9285	-4.305
14.4708	-3.70137
14.7772	-5.46575
13.9195	-2.04297
14.6127	-3.70222
14.5517	-4.5533
14.561	-3.20033
14.4513	-3.2774
13.7274	-4.67264
14.3306	-4.52692
13.482	-2.25469
14.9174	-4.33078
13.6888	-3.21638
14.2401	-4.22585
13.0946	-1.53218
10.4697	-3.06856
14.0255	-4.09772
14.994	-3.76267
14.3465	-4.99792
13.9534	-4.63936
14.3186	-7.41265
14.5129	-5.82381
8.99256	-3.17594
14.5658	-4.31837
14.8716	-5.63722
14.061	-3.11217
14.579	-2.42344
14.9733	-6.79826
9.40906	-6.35878
14.3212	-5.77816
14.3968	-4.76514
12.6562	-6.30039
13.4816	-4.94593
14.0338	-5.45342
14.8417	-4.57939
14.8959	-5.82013
14.3758	-4.11041
14.823	-4.47685
14.9018	-8.39692
14.0442	-4.57837
-3.07719	3.20359
14.7519	-6.14098
14.8501	-3.11862
14.7162	-5.51891
14.5328	-6.92212
14.5983	-5.51753
14.6684	-3.71945
-8.0638	1.06031
14.2364	-3.52242
14.5976	-3.6549
14.5564	-3.23204
14.807	-7.4085
14.9284	-2.64219
14.131	-5.93452
14.7541	-5.57484
14.714	-3.98652
14.8014	-3.71409
14.6954	-2.86299
14.0182	-2.38342
14.6494	-3.39236
14.5777	-3.15468
14.7238	-6.6188
14.3795	-3.17174
14.6114	-2.84007
14.4667	-10.7353
14.9956	-4.84449
13.877	-5.09868
13.8633	-4.3179
14.6649	-5.97189
14.7501	-4.19946
11.5082	-5.21358
14.9461	-4.09218
14.4189	-3.93084
14.8786	-4.59214
14.6774	-4.22759
14.6452	-1.00109
14.719	-4.90315
14.0093	-4.09501
14.606	-5.21957
14.968	-4.45398
14.3078	-3.55869
14.4485	-5.37732
14.8138	-5.62771
13.6666	-4.73569
12.8707	-3.29552
14.0941	-5.0243
14.7571	-5.21928
14.69	-4.3328
12.7632	-2.5796
14.9963	-5.54146
14.4865	-2.42836
14.8685	-5.46004
14.3729	-7.65226
14.6402	-2.89988
13.6351	-1.71186
14.9778	-3.9894
14.5757	-4.54435
14.8929	-4.47485
14.9769	-6.19125
14.5529	-4.04911
13.4104	-4.42943
14.9393	-5.23792
14.4194	-4.98414
14.8336	-5.05477
14.4634	-5.05232
-2.35201	-1.44736
13.2029	-5.50141
13.6888	-3.53582
14.9472	-5.18645
12.8348	-4.76497
14.3995	-4.61377
13.6185	-4.94074
14.6092	-3.84681
14.5579	-5.61375
14.8729	-3.14634
14.033	-5.10118
14.6661	-5.68897
14.7887	-5.62563
14.4723	-3.00498
14.6927	-3.84083
14.7409	-5.21403
14.7345	-3.69015
13.8922	-4.06409
13.9175	-5.83785
14.4036	-4.122
14.9091	-5.92928
14.5539	-6.11572
13.2055	-6.11586
14.959	-5.991
12.2993	-4.0647
14.9945	-3.48262
14.0221	-3.95069
14.6667	-6.75952
14.2262	-5.21268
14.7795	-4.53262
14.8051	-2.31781
12.4242	4.33738
14.8408	-7.37851
14.5952	-4.29045
14.9681	-5.95421
13.2107	-6.05322
13.827	-2.19128
14.9908	-2.93442
14.663	-5.94736
14.0522	-2.78247
14.1564	-6.57491
13.4988	-4.99715
14.048	-5.09948
14.9837	-5.68967
14.3653	-3.99692
14.6743	-5.07424
13.4722	-2.62152
14.5114	-4.40554
13.1694	-3.07501
14.7483	-3.18343
14.954	-4.54232
13.8633	-3.17909
14.862	-2.91499
14.0937	-6.44861
14.6961	-5.36253
8.96171	-13.2336
14.6062	-7.23738
14.2118	-8.13156
13.4564	-5.48866
14.9197	-4.7582
14.8372	-4.76054
14.8041	-5.28539
13.7303	-6.07398
13.3266	-4.64354
4.63913	7.02704
14.6237	-2.82419
14.7795	-6.88188
13.6547	-5.5652
13.4019	-6.39246
14.8561	-4.12964
14.1279	-3.99945
13.2349	3.01763
14.7508	-5.23889
10.3753	-7.33978
14.4928	-4.59323
14.9404	-3.93176
14.8079	-1.38116
13.6341	-6.33085
14.4535	-4.51925
14.5854	-3.19903
14.6445	-3.96638
14.9255	-5.33625
12.0933	1.81992
13.9405	-2.13045
-4.78035	9.80669
14.9686	-3.68717
14.8958	-3.21226
12.4712	-1.3717
14.2684	-3.69585
14.3651	-2.7558
14.2613	-6.56646
14.8829	-3.58982
14.2889	-5.12197
14.6341	-4.08428
14.0397	-2.87189
14.9347	-3.70124
14.4201	-3.93536
14.6464	-3.16503
13.711	-2.91631
14.5128	-4.12164
14.4432	-3.62291
13.5204	-6.55402
14.7889	-4.92429
14.9173	-3.96798
14.8937	-3.22646
14.3324	-2.35336
14.1272	-5.82622
14.7897	-1.51808
14.6677	-3.75823
14.6738	-4.97207
4.67398	0.0405765
14.947	-5.59562
13.555	2.54907
10.7491	-2.91594
14.5739	-6.3397
8.92112	-6.98004
12.4031	-4.2116
14.3969	-4.56153
13.3578	-4.60677
14.3498	-7.15876
14.8315	-4.77162
14.0667	-6.45924
14.3736	-2.76788
13.3456	-7.1566
13.9689	-5.20322
14.7963	-3.66665
14.4131	-4.97166
13.5064	-4.46779
14.5896	-5.09654
14.4956	-5.15423
14.7814	-2.39246
14.954	-4.30469
13.524	-2.57034
14.3581	-3.5349
14.9052	-5.3696
14.8893	-4.24548
14.6972	-3.6036
13.0717	-5.83542
14.1111	-5.42001
14.6571	-3.74775
13.807	-6.21733
14.9454	-5.02293
14.1436	-4.35962
14.9645	-5.78324
14.9354	-5.8382
13.5734	-5.40374
13.1497	-2.74399
13.0321	-2.39302
14.8574	-6.10185
13.8665	-5.60532
14.8906	-1.2013
13.7338	-6.68467
14.7081	-5.15263
14.4605	-3.76963
13.675	-5.34413
14.1525	-5.89519
13.8354	-2.93004
14.6304	-4.85042
14.8514	-4.64337
14.155	-3.79521
14.9613	-2.61628
12.8219	-4.08119
14.9153	-5.7434
14.2898	-4.61718
14.0452	-4.73424
13.8315	-4.66222
14.9466	-5.94553
14.9897	-3.53222
14.576	-4.89184
13.9081	-2.12427
13.1174	-3.51844
14.8913	-4.05946
14.6709	-5.60271
14.5331	-5.93687
14.1084	-6.34101
14.5514	-5.80861
12.893	-12.5824
14.5089	-4.08699
14.5788	-1.43476
14.2861	-3.10206
14.2213	-2.89952
14.8032	-3.08133
14.9751	-4.92833
14.9873	-4.77022
13.2356	-5.42755
13.6235	-7.75748
12.3521	-4.66862
14.0781	-5.11789
4.21738	-13.4947
14.8867	-6.32462
14.3712	-4.24615
13.0972	9.26062
14.6349	-2.09319
13.9723	-4.78326
13.2099	-5.77608
14.9488	-4.35405
13.7696	-4.79783
13.9774	-4.08457
14.6628	-2.92451
14.1845	-3.08173
13.7908	-5.1382
12.9974	-4.00635
14.919	-5.60216
14.2873	-4.82049
14.856	-2.63564
14.85	-5.75175
14.9162	-4.23331
14.066	-2.98402
13.8439	-5.49401
14.1032	-6.37616
14.1064	-6.02255
14.5598	-2.50246
14.8209	-1.96696
14.7627	-5.41134
14.4543	-5.69825
12.9864	-4.04364
14.6658	-4.75182
14.648	-3.74798
14.5814	-5.4297
14.4639	-3.81691
14.8965	-3.32961
13.9175	-3.14558
14.2736	-3.16477
13.3245	-3.87505
14.1799	-4.57078
13.2239	-3.75891
12.3414	-4.48735
14.2197	-2.31731
14.5029	-4.41862
14.7321	-3.86638
3.05961	-3.35053
14.8516	-5.91883
14.9978	-5.58941
14.9995	-3.86248
14.6667	-8.10743
14.4462	-4.84263
14.6523	-5.74931
13.6804	-4.56766
14.2854	-5.0795
13.8609	-3.37008
14.6754	-3.4306
14.2582	-5.96542
14.9164	-3.31697
14.816	-5.56718
14.3869	-4.11744
14.4153	-5.49832
13.252	-4.82816
14.7063	-4.21559
14.9132	-2.17277
14.5103	-5.07563
14.7594	-3.81187
1.06286	-9.33745
9.83502	-6.82278
14.9735	-5.27291
14.9713	-3.96405
14.8582	-3.33979
14.3658	-4.04086
13.458	-2.03844
12.9239	8.03318
13.2071	-2.62072
13.4758	-1.8651
14.2644	-6.07521
14.9166	-5.87436
14.8988	-4.20171
14.2483	-3.22731
14.6719	-6.02373
13.8216	-4.4625
14.7443	-2.0299
13.5813	-4.81397
13.9997	-4.39138
14.061	-5.52985
14.0813	-6.08754
14.1087	-4.29104
14.7478	-1.83386
14.6554	-4.7148
14.9874	-2.769
14.964	-6.46465
13.8046	-7.49913
14.3123	-5.70827
13.7618	-4.29338
9.48019	2.23772
14.9058	-3.47902
14.2832	-2.65522
14.8634	-5.68797
14.7877	-6.77379
14.7987	-3.97307
14.4416	-6.35331
14.5151	-5.68159
13.9446	-3.99634
14.8278	-3.99134
14.8703	-1.60427
14.4758	-6.8741
14.9334	-5.67269
14.8468	-3.53577
14.3328	-4.4043
14.6709	-4.64496
14.974	-2.91878
13.8888	-5.6634
14.8274	-3.35062
14.7954	-3.77704
14.8793	-3.93671
13.8388	-4.75903
13.6765	-3.17137
13.9877	-4.30354
14.7636	-6.07785
14.9281	-5.55012
13.0551	-3.70766
13.9698	-4.8361
13.9198	-4.75317
13.4123	-7.24244
14.5022	-2.26871
14.5584	-2.45315
14.8737	-5.09516
14.9658	-3.30055
13.738	-2.34206
14.3994	-4.36805
14.0907	-4.07507
14.4083	-3.06152
14.365	-5.50658
14.0745	-5.53002
14.8775	-3.19202
14.4654	-3.83
14.0418	-2.17979
14.19	-5.48795
14.3778	-2.29956
14.8114	-5.01627
14.9069	-4.23604
13.9715	-6.2227
14.9772	-5.78144
14.5345	-5.20071
14.5522	-4.02879
14.6612	-5.75161
14.7728	-5.06487
13.9826	-5.14914
14.7049	-4.76062
14.9556	-3.32714
13.9751	-4.32484
13.1197	-4.04633
14.2652	-6.08212
14.8998	-3.4178
14.1979	-3.98965
14.8727	-4.84995
14.7437	-5.54925
14.7382	-6.159
14.7669	-2.57125
14.9225	-3.34934
12.7819	-3.43722
12.9573	-3.18472
13.4617	-2.32335
14.6068	-4.49264
13.9184	-5.94368
14.992	-5.38227
11.3721	-0.274844
14.2819	-2.73513
14.0204	-2.8583
13.9567	-3.0129
14.3254	-1.68162
10.5995	-12.7796
14.5065	-3.75569
14.5783	-2.31733
13.6841	-5.71312
14.2026	-6.68846
14.9178	-4.85539
14.8941	-5.10305
13.6775	-5.87448
14.8285	-4.50174
13.32	-4.44953
14.2233	-5.22287
13.2554	-1.53695
14.2543	-3.63624
13.6143	-5.50058
14.568	-5.00554
11.4491	-5.74862
-2.15924	-3.67043
14.4494	-3.72748
14.8579	-3.22962
13.9866	-3.73289
14.122	-3.08528
13.6588	-3.94429
12.4943	-5.32647
14.8579	-4.94792
14.7234	-2.27925
13.752	-3.44257
14.9181	-5.50164
14.0774	-4.97766
12.4936	-5.09097
14.8592	-4.09102
14.4054	-5.15758
14.8025	-5.19019
14.6443	-4.19158
13.9597	-5.05651
14.0475	-7.9247
14.2152	-5.29868
13.6525	-6.07349
13.7021	-5.42416
13.5696	-4.35906
14.434	-5.10494
14.9098	-4.06936
14.55	-5.84467
14.4874	-3.87518
12.9325	-4.7838
2.98144	-6.82078
9.17401	12.3277
13.7535	-3.2229
13.7909	-4.74371
14.5773	-2.90345
13.4889	-4.99385
13.3741	-5.99769
14.9934	-6.35639
13.826	-4.23429
12.8607	-6.05066
7.02246	-5.05431
14.9768	-6.50255
12.7219	-5.35015
14.108	-4.56786
14.2514	-1.88046
13.8304	-4.74678
14.5288	-3.58988
13.7191	-5.59631
14.6497	-4.65414
14.529	-5.1138
14.5589	-5.48757
14.5123	-3.04511
13.2244	-5.17123
14.8598	-5.26238
13.8175	-5.5765
14.2558	-6.74436
14.6254	-3.36159
14.7465	-2.09864
14.9778	-4.36236
12.3448	-4.88133
14.6812	-3.95924
14.2502	-6.34803
13.74	-3.44185
14.8311	-5.65292
14.3221	-5.84536
13.6359	-5.43674
14.9948	-7.49177
13.7932	-3.2195
14.8467	-4.89317
14.3747	-7.71491
14.4728	-4.0494
14.6398	-6.03631
12.6455	-5.05309
14.7393	-5.85993
14.3916	-2.98867
14.237	-4.94286
14.7472	-4.62626
14.6964	-6.7432
14.6925	-5.35282
10.8477	-4.52908
14.7962	-5.6183
14.8947	-3.26802
14.3737	-6.30299
13.3022	-2.54038
-9.3984	-9.83591
14.8987	-3.8642
14.8428	-5.61632
14.9202	-6.34171
14.6482	-3.05705
13.7851	-4.70018
14.9282	-7.32378
14.9283	-6.14623
14.7843	-6.07071
14.5207	-6.45681
13.6689	-3.47238
13.2206	-6.51978
14.7304	-3.57722
13.6131	-5.31124
14.2501	-3.02057
12.0751	1.76418
13.1773	-5.58203
14.6056	-3.83987
14.4726	-4.9491
14.8644	-3.73755
14.625	-6.16089
14.6419	-5.25468
13.8135	-4.23908
12.9169	-4.96746
14.4291	-5.70811
13.5474	-6.79159
14.6182	-3.05247
13.2882	-5.27991
14.3124	-4.12457
13.6423	-6.71297
13.523	-5.96295
12.6002	-1.73579
13.9559	-2.21409
13.1421	-4.8575
14.6236	-3.29335
14.3953	-6.42573
12.1913	-3.00479
14.5923	-3.51529
11.4088	-7.23349
13.7381	-4.3443
14.4291	-4.55109
13.8195	-2.29886
14.1888	-5.42852
14.8285	-3.87474
14.9279	-4.9122
14.2929	-6.92312
14.6202	-5.56317
14.3143	-5.5264
14.2557	-5.90329
14.5859	-3.54726
14.714	-3.7081
14.9151	-5.84436
14.4244	-3.93832
14.677	-4.90412
14.9014	-5.77365
14.7673	-3.94832
14.8168	-8.06573
14.4092	-5.17418
14.8174	-5.08129
14.958	-5.39087
14.8445	-5.09159
14.3544	-6.37351
14.1502	-5.08037
13.9647	-5.86792
14.0941	-3.53233
14.8616	-2.08171
14.7125	-3.70698
14.3455	-4.01892
14.0042	-3.29408
14.9924	-3.34153
14.0951	-4.0452
14.2466	-4.2832
14.9961	-5.70633
14.2869	-5.08682
9.80355	-4.54716
13.6965	-5.38003
14.9005	-6.0715
13.4169	-5.14145
14.1091	-6.7693
14.5498	-4.00579
14.8535	-6.1824
14.2651	-5.66521
14.9293	-3.92791
14.6418	-4.1141
13.8985	-4.5078
14.4377	-5.01029
14.9789	-3.19069
14.5528	-6.76253
14.2709	-2.02332
14.7071	-5.2495
14.6037	-4.70235
14.4185	-4.46881
14.7428	-5.83298
14.0178	-3.11526
14.8302	-5.04392
14.8388	-4.2507
13.8796	-7.01384
14.6546	-5.57974
14.9733	-5.8993
14.5103	-4.21084
10.9849	-3.68111
14.6699	-6.06515
14.1229	-4.03734
14.9882	-6.70332
14.9666	-3.78673
14.3991	-3.44196
11.829	-4.9202
14.8135	-6.79837
14.9554	-2.98081
14.3106	-5.72632
14.6121	-4.30411
14.766	-7.33321
14.8366	-4.12891
13.2826	-4.5252
13.1617	-4.70179
13.6443	-6.17703
14.8431	-5.71713
14.2754	-4.42133
14.6984	-3.62674
13.9899	-4.82256
13.0293	-5.04698
13.8482	-3.02638
14.9486	-3.98879
13.1208	-3.7863
14.4987	-5.89787
14.3628	-2.68126
14.6152	-2.64725
14.95	-6.41511
14.4985	-5.12554
14.2208	-6.96449
13.1199	-0.0414875
14.1168	-6.42507
14.494	-5.15847
14.6859	-3.41824
14.8565	-3.93327
13.9832	-5.04575
14.1494	-4.82717
13.9013	-5.25393
13.0391	-7.07452
13.8558	-4.1944
14.7574	-5.18286
14.2003	-4.07133
14.2995	-4.54034
13.3292	-5.0105
14.4606	-5.33087
14.1808	-4.85437
14.4513	-4.37534
10.4084	-5.25495
14.0915	-3.01139
14.9967	-3.93681
14.8739	-4.658
13.0588	-2.85899
14.7139	-3.01253
14.8352	-4.67193
14.0869	-3.6759
14.1081	-3.68391
14.9793	-3.81521
14.9052	-4.70819
14.6377	-3.37406
14.256	-6.36721
14.7553	-4.64459
14.8971	-2.67013
14.1669	-5.10951
14.7707	-3.35962
14.7634	-6.14421
11.6652	-0.89247
13.6221	-6.74878
13.9757	-2.94155
14.8	-5.43572
14.2103	-4.47635
14.2065	-4.81572
13.0108	-4.32595
14.6353	-5.33418
13.3316	-4.57639
13.9743	-5.82935
14.6267	-3.09404
13.0454	-1.41476
14.0602	-2.78163
12.9009	-3.99968
14.8323	-5.0359
14.4125	-4.68823
14.8631	-3.88959
14.9699	-4.57213
14.4877	-7.23146
12.7534	-2.14515
14.2515	-6.8208
13.5933	-6.10501
14.5229	-4.0999
14.2944	-3.98527
13.605	-4.46331
14.9239	-1.07134
13.6604	-3.32746
14.8614	-1.97218
14.273	-4.33065
14.3023	-4.17027
13.4956	-0.932051
14.233	-4.37569
12.7021	-9.44653
14.6577	-4.71453
14.4317	-5.71579
14.9251	-4.0033
14.4533	-3.36463
12.9271	-3.00692
14.9883	-2.57781
14.3694	-4.26768
14.8989	-6.39983
14.3785	-6.04203
14.2378	-2.72077
14.0856	-3.8927
13.7537	-6.52181
14.8611	-5.19268
13.6529	-5.32117
13.8054	-5.58842
14.8879	-3.67141
14.9636	-3.88342
14.1301	-3.09188
14.3632	-3.05096
14.841	-4.75964
11.2101	-11.8437
14.7513	-2.9814
14.4474	-4.85023
14.9157	-1.05396
14.6128	-7.25027
14.9614	-5.52098
14.718	-5.34946
14.3548	-2.41456
14.2498	-5.76597
14.617	-5.60601
14.8994	-2.32513
14.5113	-2.87246
14.4132	-4.83553
13.8545	-4.40317
14.912	-4.62814
14.507	-5.67948
14.2257	-4.22571
14.1557	-6.19357
14.5835	-2.13316
13.5179	-2.59121
12.8437	-6.04466
13.4266	-2.14221
13.8338	-4.436
14.0731	-4.2725
14.8508	-5.3686
13.2687	-5.18342
14.6443	-3.70872
14.6529	1.19828
13.7354	-3.80228
14.7185	-4.05061
12.7908	-7.7509
14.9775	-6.73404
14.4261	-3.18282
13.4221	-5.05771
14.051	-5.22157
13.5632	-5.55708
13.1925	-3.66207
14.8477	-4.45647
14.0577	-3.03714
14.4441	-5.76124
13.8594	-6.97279
14.307	-7.33139
14.4997	0.972544
14.7712	-4.72327
14.8798	-3.48196
14.1944	-6.52753
13.7304	-2.98248
10.97	1.80595
14.994	-3.41717
14.6334	-5.54523
14.9342	-4.98162
14.3767	-4.08187
14.5594	-6.54525
13.365	-3.67309
14.4583	-5.09767
14.9447	-4.91137
13.6023	-5.18756
14.6902	-3.55968
13.6903	-4.83959
9.86209	5.48186
13.5536	-5.48019
13.2423	-2.05897
14.2427	-5.99768
14.756	-2.39158
14.9719	-5.14563
13.4636	-4.67207
14.6679	-5.18539
14.0369	-4.47559
14.544	-3.59929
14.9851	-3.89639
14.8556	-4.99166
14.7693	-5.64212
14.9539	-4.10927
14.2995	-4.95998
14.6477	-3.87273
14.6409	-5.53025
14.9539	-5.7442
13.6848	-3.16313
14.9251	-5.61658
13.9173	-3.8853
13.9231	-2.5927
14.2276	-5.42875
14.2741	-4.94142
14.9618	-5.84529
14.905	-5.46059
14.9893	-6.11474
14.9222	-3.67126
14.2585	-6.51547
12.1025	-2.83274
14.1297	-6.62643
14.3043	-5.12275
14.9915	-4.45601
14.4757	-4.19705
13.9791	-4.97152
14.8204	-3.60958
14.4538	-3.40621
14.8647	-6.01021
14.7399	-5.38377
13.3113	-5.4253
14.0587	-3.71658
13.8921	-5.46158
14.5724	-2.3454
14.8185	-5.16534
14.6203	-3.54759
14.2391	-6.71661
14.9914	-3.46712
14.4466	-2.13691
14.8843	-6.71257
13.053	-5.05476
14.942	-4.69169
14.8547	-4.87471
14.4595	-3.01626
14.3538	-5.37168
14.2654	-5.75924
14.9616	-4.76067
14.9988	-5.17344
14.3302	-4.43691
14.6711	-4.61953
14.8455	-8.29755
14.3735	-4.94642
13.8444	-7.5286
14.9585	-4.4749
14.9369	-4.28942
14.4595	-1.65552
12.5678	-2.87636
14.1407	-3.47668
13.9617	-4.95981
14.5375	-3.11744
14.8476	-2.03951
14.8869	-3.50669
11.2553	-4.2252
14.9437	-4.20128
14.2045	-6.06499
14.7811	-3.38094
14.0953	-5.04087
14.06	-2.94128
14.5606	-4.17728
14.014	-3.18227
13.6861	-13.2403
14.0389	-3.01393
14.9212	-3.24642
14.8979	-2.56241
13.9924	-3.9549
14.9339	-4.35736
14.0807	-7.0131
13.9436	-7.01243
14.8112	-2.9367
14.2447	-3.90892
-7.00354	-14.4486
14.1362	-4.23534
14.9224	-4.62523
14.0376	-3.99367
14.432	-2.40839
14.9611	-2.62967
14.8483	-4.39684
13.768	-3.4306
12.0889	-5.94599
6.98439	-3.60418
14.818	-3.44362
14.5238	-4.62768
14.8626	-5.47155
13.9238	-4.07662
14.2536	-6.29591
14.7839	-4.4891
13.902	-2.94656
14.6042	-3.60081
14.6204	-4.37899
14.8725	-5.56714
14.0957	-4.92618
14.7632	-3.15722
14.6302	-4.04503
11.9051	-4.31991
13.9873	-6.30791
1.95152	-12.5489
13.6053	-6.90488
13.3357	-4.42772
13.9562	-6.80745
14.4408	-3.82245
14.6782	-5.38841
14.2586	-3.34379
2.53561	-13.0724
14.9766	-3.05482
14.9198	-5.41217
14.8661	-4.61609
14.7781	-4.28104
11.0433	-4.81664
13.3601	-4.47467
14.5581	-5.71808
14.8218	-3.93198
7.36079	-11.6119
14.9833	-4.20718
14.4662	-1.41637
14.7563	-5.15611
14.9981	-6.15745
14.3884	-4.73641
13.3641	-5.05867
13.8073	-5.10435
14.6747	-4.62681
14.4452	-3.02594
13.9129	-2.55772
14.5448	-5.54352
14.7775	-3.89393
14.9312	-2.64283
14.823	-3.28231
13.9194	-5.29481
14.3872	-5.6024
13.1216	-5.90097
9.09427	-0.163198
14.38	-5.07901
14.0194	-1.14303
13.7356	-6.58749
14.3254	-4.49577
14.7544	-1.8043
11.4447	-1.26338
14.8937	-4.77529
13.5022	-2.93168
14.75	-5.15472
14.1428	-4.81372
14.4764	-3.71492
14.2141	-3.31222
14.8415	-6.46754
14.6713	-4.49937
14.0076	-3.91238
14.9786	-2.85079
13.9118	-5.64855
14.7341	-2.84347
14.522	-2.9946
13.8868	-5.63621
14.8151	-4.69962
13.1682	-4.07854
14.5525	-3.8947
14.2289	-4.06726
14.0544	-4.45372
13.8539	-4.67217
13.5699	-5.38697
14.5591	-5.87649
13.665	-4.28338
13.7035	-4.6291
14.5977	-4.55551
14.6135	-5.4192
14.0252	-5.24243
13.9164	-4.04214
14.6218	-4.83732
14.9671	-3.27011
14.5196	-5.10812
14.3183	-5.87455
14.6214	-3.3618
14.2904	-6.48936
14.8487	-6.40876
14.3658	-5.98497
13.5628	-4.19758
12.9191	-5.37768
14.3518	-3.53316
14.5781	-4.05669
14.4199	-3.76327
14.6961	-3.19554
14.9985	-6.10195
14.1251	-1.79357
13.9396	-6.14971
13.9916	-6.06106
14.8771	-5.55311
13.9916	-4.18591
13.6532	-4.73185
12.7809	-0.735429
12.556	-4.95231
14.9309	-6.27625
14.2445	-5.21596
13.0193	-1.34643
13.6683	-3.53749
14.0784	-5.13984
14.5809	-4.24704
14.6641	-3.92525
13.9439	-5.88431
14.6736	-3.14438
14.9999	-5.16143
14.7864	-6.39966
13.6219	-6.25123
14.8253	-6.88783
14.8283	-6.86162
5.02835	5.60413
14.9902	-4.01731
13.9881	-3.81812
14.4998	-3.27517
14.8499	-4.81981
14.9259	-3.12498
14.9546	-5.47618
14.67	-4.6439
13.7809	-6.71303
14.6172	-6.99711
14.3885	-5.42103
14.6691	-2.80512
14.5964	-2.73525
14.8052	-3.50621
14.8666	-3.03742
14.8946	-7.08823
14.8724	-4.22763
13.0456	-5.06374
14.3773	-4.8266
14.0422	-2.61336
14.6191	-3.06593
14.0819	-5.50937
14.1544	-5.62726
14.7232	-3.06577
12.892	-4.93597
14.6532	-2.88311
14.8978	-4.70325
14.2018	-1.76414
13.8577	-6.58724
14.9125	-4.34821
14.7027	-4.75147
14.7118	-3.01159
14.0437	-5.64593
14.515	-1.45508
14.3529	-3.58437
14.414	-4.99015
13.856	-3.70142
14.7163	-5.91515
14.6896	-7.0364
14.5394	-8.523
14.7146	-5.34566
13.9949	-2.44663
13.7337	-4.69065
12.9666	-5.1818
13.8911	-5.93301
13.4137	-6.02487
14.8169	-6.12093
14.6538	-3.55586
14.4125	-4.30908
13.7084	-6.0651
14.8656	-1.51563
4.28734	7.57075
14.2288	-3.69461
8.23123	-7.24754
14.9107	-3.289
14.5431	-4.32983
13.4359	-3.1209
14.7746	-4.00713
14.3894	-5.52277
14.9473	-1.94326
14.4765	-5.65419
14.2021	-3.40798
13.7334	-3.33044
14.0795	-4.86071
14.7349	2.2836
14.7579	-4.18877
14.9455	-2.60603
14.9878	-4.92948
14.8982	-4.72872
14.4914	-3.368
14.6637	-7.65864
14.9744	-1.35519
12.6838	-9.14745
14.9494	-3.37107
14.0052	-7.20155
13.5639	-2.91373
14.7424	-2.18831
14.8451	-3.8736
12.8231	-3.22959
12.5975	-4.42606
14.5124	-3.22027
14.9484	-1.95944
12.8664	-5.4225
14.4627	-3.77131
14.8776	-5.48019
14.4762	-4.04953
14.3145	-4.43369
12.9578	-3.31054
14.4899	-5.67861
14.0544	-5.17423
14.9681	-3.65349
13.8761	-3.6772
14.8032	-2.99951
8.56445	-4.39769
14.2292	-6.39511
14.822	-6.01134
13.9933	-4.94763
14.0819	-4.51804
14.463	-4.60179
14.3486	-3.47886
14.7275	-3.40687
14.1906	-7.86815
14.7041	-5.25686
14.9739	-3.44971
13.6926	-2.47493
12.8396	-2.43649
14.1049	-4.74496
14.9049	-1.84068
14.6628	-2.83692
14.5358	-4.81522
14.5404	-4.83064
14.5432	-3.43989
14.2826	-3.73171
14.4509	-3.96885
14.0606	-4.88585
14.9724	-7.9374
12.5407	-3.24598
13.8479	-4.6586
14.7898	-4.90453
14.2931	-3.9963
14.2948	-1.68802
14.6551	-10.4887
12.8772	-4.24592
14.5355	-5.36987
14.2545	-5.99827
14.4826	-5.54064
14.917	-6.26468
14.7461	-6.00284
14.4509	-5.19797
14.9745	-5.86601
14.7677	-3.32058
14.5604	-2.92939
12.9955	-5.86113
14.1086	-6.43047
14.6172	-3.82141
10.8034	-5.23171
14.9815	-5.77933
14.9736	-7.21765
14.3613	-4.33367
14.8134	-3.829
14.6283	-6.48059
14.3529	-2.68815
14.5678	-6.61204
14.5893	-8.09446
14.2908	-3.79698
14.2765	-3.5019
14.7638	-5.21693
14.9221	-2.18105
14.68	-5.48748
-14.3617	-0.812337
14.1318	-2.65751
14.9719	-4.75406
14.9844	-5.81166
14.6496	-2.67953
13.8961	-3.08446
13.6731	-5.77904
14.107	-3.29179
14.5995	-4.62351
14.9429	-5.54121
14.227	-2.42542
13.5481	-2.18153
14.2664	-4.23582
14.6385	-6.32101
13.8255	-5.89438
10.3196	-4.82434
14.7781	-5.19068
14.6965	-4.99911
14.8909	-4.66707
14.2997	-1.83874
14.8383	-6.26468
12.8529	-7.25781
14.7689	-2.05743
14.377	-4.53232
14.3598	-5.46822
14.2048	-6.40834
13.86	-5.78338
13.7577	-1.98429
13.7055	-3.41978
8.78593	0.919492
14.1733	-4.60443
14.6638	-3.62403
14.8074	-3.72875
13.7496	-6.09887
13.4393	-5.63662
14.9865	-3.76184
14.5188	-7.28587
14.5259	-4.88434
14.3344	-3.08965
12.4139	-9.44656
14.682	-5.8304
14.1982	-2.26067
14.8028	-6.40541
14.4404	-5.70012
14.6213	-3.9105
14.3052	-4.13471
14.9304	-5.58735
14.8202	-6.66459
14.7806	-4.20699
13.7199	-2.04225
13.2179	-1.96033
14.9873	-5.61388
7.32591	-6.3306
13.6748	-4.78214
14.2232	-6.59289
14.6545	-4.8246
14.1051	-3.29763
14.9704	-6.59501
13.3654	-6.60252
14.1399	-5.74118
14.7919	-6.17704
13.771	-4.47774
14.8554	-3.70285
14.8709	-5.58827
13.9225	-5.36986
14.5531	-4.43885
14.3984	-2.895
14.7396	-5.62074
8.8248	-5.30129
14.4353	-6.18207
11.845	0.463905
14.2276	-3.32833
14.7285	-5.9004
11.0531	0.000345602
13.7444	-2.32985
14.8969	-5.16219
13.8495	-2.61594
14.3352	-3.69837
14.7966	-2.25613
13.419	-2.65245
13.7421	-4.49376
14.4889	-6.75152
11.1575	-11.697
14.1668	-5.36655
14.5617	-4.80515
14.5064	-5.56232
14.2099	-2.59372
14.1301	-5.1503
14.0139	-6.26379
14.1382	-2.06155
14.4732	-4.68505
14.6779	-2.42197
14.4141	-2.1615
14.0784	-5.09838
13.8489	-3.52445
14.7361	-2.46053
14.7916	-4.93333
14.9184	-5.04553
14.541	-1.16621
13.8472	-3.8072
14.1479	-5.02483
14.9382	-3.64426
14.3877	-5.83607
14.628	-5.45537
14.4615	-4.02321
13.2472	-5.67237
13.6389	-5.97592
14.9962	-5.06027
12.9085	-4.93829
14.4399	-6.18257
14.7021	-4.29747
13.814	-4.68842
14.974	-2.50223
13.1664	-3.88578
14.5078	-6.43701
14.7437	-5.79946
14.7735	-5.51543
14.0432	-4.66495
14.8524	-2.53094
13.672	-6.09715
13.9552	-5.85319
14.6571	-4.2443
14.1545	-6.42326
14.2421	-3.58796
14.1052	-5.30061
14.9696	-3.46372
14.8938	-3.33935
14.998	-3.67806
14.3746	-4.80889
14.8849	-5.81039
14.755	-4.52293
10.4664	-2.54155
13.6972	-4.61283
14.5534	-4.45166
14.1131	-4.24783
14.985	-5.8715
14.91	-4.95732
14.5171	-4.07267
7.99534	-9.15647
14.9809	-4.61774
14.4282	-6.24348
14.1957	-8.44617
13.5277	-2.62824
14.4508	-4.83954
14.4301	-6.25565
14.8287	-3.92735
14.8944	-2.31088
14.9508	-4.92182
14.5424	-3.92463
14.8833	-2.80207
14.518	-6.52226
14.7906	-4.00691
14.5111	-7.06924
14.0508	-6.24121
14.4611	-5.16939
14.6402	-4.59059
14.2775	-6.06584
14.5311	-5.14266
14.0212	-3.45306
12.1454	-7.09591
8.16269	4.11955
13.0776	-2.01741
14.9624	-6.07057
13.7904	-6.25446
13.6767	-3.75121
14.6369	-3.65302
14.6009	-5.66579
14.2768	-3.34151
14.6006	-5.72695
14.6044	-6.57771
14.3355	-3.47234
13.9654	-7.08946
14.972	-2.77706
10.3191	-10.3343
13.4527	-3.60386
13.8995	-5.28652
14.8986	-3.37864
13.4759	-6.09717
14.6045	-5.20147
14.2336	-2.08866
14.9633	-4.74423
13.5541	-2.74237
14.7741	-3.57661
-8.94982	-13.7387
14.5752	-4.69273
14.6468	-6.39446
14.8316	-5.51222
14.7181	-4.14043
14.8849	-4.57005
14.6517	-4.73614
14.2823	-5.46316
14.2813	-5.81666
14.9266	-4.71673
14.8435	-5.6337
14.6043	-4.90204
14.7677	-5.78433
14.7752	-2.54716
14.8375	-2.81999
14.2747	-4.44821
14.9053	-3.38155
14.6089	-1.88328
14.975	-3.96557
14.4121	-3.05058
14.6611	-4.93533
14.4981	-3.53494
14.4791	-1.95256
13.6416	-5.38155
14.8364	-6.07706
14.1001	-6.52542
14.3703	-6.00173
14.2833	-5.64914
13.3367	-4.60663
14.447	-3.49417
14.3057	-5.37284
13.8883	0.357396
14.0184	-6.84182
13.4977	-5.38674
14.821	-7.54614
14.5255	-7.09389
14.879	-4.31153
14.2946	-3.38452
13.9724	-7.21654
13.8826	-5.14125
14.7948	-3.57188
13.5228	-4.2985
14.0429	-6.06829
14.4816	-4.52067
14.4122	2.68271
14.0258	-5.70724
14.8078	-5.93639
13.8109	-3.7942
14.9464	-5.101
14.6945	-3.01448
14.5703	-3.89464
14.8775	-2.56583
14.6965	-5.57326
14.7059	-5.22268
14.5532	-5.83199
13.7724	-3.71061
14.9235	-3.10993
14.7018	-3.84911
12.5822	-5.33651
14.2782	-3.30583
14.438	-4.19674
14.323	-6.08582
11.8198	5.70275
14.2742	-4.17904
14.61	-2.77071
13.669	-3.4919
14.7236	-3.53572
13.8305	-5.72168
14.6341	-4.35964
13.8661	-3.39403
14.9475	-5.40681
11.6016	-1.77019
14.7996	-5.29858
13.7648	-2.65325
-8.07714	-6.93847
14.5175	-3.46029
14.2347	-5.00771
11.3021	-1.02141
14.0183	-2.34706
14.7681	-5.92799
14.619	-2.49261
14.4476	-3.88121
14.9659	-4.79743
14.6151	-3.39959
14.0053	-6.44328
14.8965	-4.02975
14.518	-5.01392
13.7686	-2.15079
14.9733	-3.7672
14.9038	-4.08419
14.9292	-4.2444
13.7827	-7.23728
13.719	-4.68506
14.4331	-5.20407
14.9658	-4.03837
13.9032	-5.73955
14.3273	-5.10459
14.4589	-7.2411
14.8356	-7.21059
13.8174	-4.2326
13.6382	-3.53799
14.3848	-4.40886
14.8974	-3.57144
13.9097	-4.77948
12.9424	-5.29534
11.0663	0.519043
13.1647	-5.93338
14.6063	-3.62815
-5.15487	-0.692351
14.6551	-5.96731
14.3331	-3.62321
13.7499	-4.27317
14.6193	-1.97788
10.7191	2.1219
14.9967	-6.60579
14.7735	-4.65301
14.8463	-1.76321
13.9189	-6.91499
14.647	-5.18943
14.6922	-5.33746
12.6426	-0.851119
13.617	-3.91483
13.7722	-6.07131
14.5836	-4.8197
13.8878	-3.35752
14.9714	-7.12455
14.7751	-4.72985
14.4219	-5.0435
12.8439	6.95803
13.6251	-5.44377
14.0874	-5.7179
14.9606	-3.26999
14.0572	-4.07655
14.756	-6.62442
14.796	-3.25475
13.8484	-1.78619
14.8475	-5.64022
13.9405	-6.3208
14.6107	-4.36611
14.0895	-3.09612
14.4599	-5.62792
14.3267	-5.97734
14.1407	-3.33922
13.9944	-3.84066
10.0668	-6.58089
14.6797	-3.57766
14.3288	-3.43793
14.5701	-5.45974
13.0819	-6.65431
14.6896	-6.78553
14.5235	-4.66048
14.6218	-4.23517
13.5391	-2.40681
14.3337	-4.49824
14.1811	-4.29882
14.3278	-3.16368
6.52117	-12.8873
14.6393	-5.60255
14.3557	-4.56171
14.6438	-5.84113
13.9546	-2.94823
14.8334	-4.95966
14.534	-5.60072
14.6896	-5.08362
14.3072	-9.06998
13.5172	-3.67714
11.0181	3.84225
14.3219	-4.64951
14.8689	-4.45482
12.4123	-4.59771
12.0946	-3.67587
14.5087	-3.50713
13.1159	-2.98533
14.8154	-3.68653
14.9741	-4.88892
14.2614	-6.12241
14.6612	-7.6419
14.1778	-7.31609
14.809	-5.11761
13.7089	-7.05611
14.0951	-5.42077
14.3851	-5.56167
14.3024	-3.43117
13.7887	-3.62809
14.8183	-5.2614
14.9311	-6.08892
14.3666	-0.8189
14.2113	-4.35766
14.1632	-5.70332
14.981	-4.9542
14.4642	-5.84444
14.7651	-2.13962
14.8079	-3.62909
13.6472	-5.58948
14.8798	-2.93342
14.6224	-3.77379
14.866	-6.91106
14.4493	-2.71917
4.4746	6.16499
14.3019	-2.65276
14.1245	-1.91747
13.2402	-5.39668
14.9956	-2.65214
12.3837	-6.76813
14.4523	-3.95891
14.2044	-2.63241
14.0117	-2.40381
14.7042	-4.2456
14.6374	-2.4492
14.9724	-5.64704
14.7734	-2.02316
14.5954	-5.10933
14.8277	-5.29668
13.7141	-6.87843
14.2194	-5.99546
14.8775	-3.6188
13.3604	-5.94691
14.6115	-3.15634
14.1017	-3.44452
12.8222	-12.8695
14.9988	-6.67811
13.1067	-4.04645
14.6315	-2.62114
14.8917	-4.16137
14.8386	-5.01305
14.4871	-3.50569
14.6455	-5.31647
13.8455	-5.85171
9.23733	-4.5203
14.0201	-4.6709
14.0143	-7.76203
14.8958	-1.3518
14.116	-4.93371
14.976	-2.13001
11.8659	-0.962993
14.1446	-4.02708
14.1254	-3.24988
13.4266	-1.62786
14.3678	-6.54781
14.998	-4.99335
14.2871	-3.3681
14.5055	-3.62673
14.1393	-3.74822
14.3832	-4.45252
14.6333	-5.83536
14.6382	-7.46349
14.8391	-4.14036
14.759	-4.76216
14.7815	-4.37946
13.8261	-5.34876
14.306	-5.23757
14.5132	-2.95889
13.3251	-6.30687
14.558	-5.74781
10.9581	-8.06256
13.4576	-4.66697
13.9783	-3.96805
14.1993	-4.60827
13.645	-2.02023
14.446	-5.85418
5.75774	0.0559596
14.6738	-4.19053
14.0267	-12.098
13.8983	-3.65255
14.9138	-3.42829
13.9536	-7.14264
13.7539	-5.42595
14.941	-4.56874
13.8582	-2.81822
14.3081	-4.82544
14.7104	-2.99414
14.3111	-5.22665
14.6426	-3.01555
13.5206	-3.82599
14.9368	-3.64608
14.6706	-5.35199
11.5417	-7.94807
14.57	-2.20665
14.5657	-5.73118
13.7985	-4.25447
12.9309	-5.86544
14.6817	-3.89149
14.7119	-7.11861
14.4697	-5.97519
14.8477	-5.77265
14.37	-4.37383
14.9621	-3.24022
14.8589	-4.94007
14.9939	-4.83212
14.9993	-5.79938
14.8468	-4.84698
14.549	-3.01244
14.0936	-6.4933
13.0858	-4.19094
14.8658	-4.39906
14.7472	-4.00926
14.38	-5.50937
14.3792	-6.30566
14.8642	-6.59018
14.5207	-4.12507
14.4375	-5.96091
14.3173	-5.8321
14.7513	-5.31699
14.8387	-4.11854
14.2534	-5.66978
14.8678	-6.30765
12.9721	-3.81781
13.0944	-3.98499
14.5941	-2.99558
13.5421	-5.03323
13.5841	-4.1454
13.8979	-3.50989
13.2838	-4.02971
13.945	-5.1231
13.2189	-2.97533
14.3849	-5.84467
13.1801	-4.5731
14.5865	-4.53625
14.2497	-5.06318
14.8595	-3.94695
14.952	-5.94732
14.9032	-3.31089
13.2502	-5.26239
14.8008	-3.93212
14.5583	-4.05958
14.2663	-2.76657
14.3854	-2.82847
13.8406	-4.23726
14.7811	-2.51028
14.7121	-1.86818
14.7287	-4.81187
14.8076	-3.96694
13.9496	-5.12828
14.9059	-5.04407
14.8718	-6.0878
14.8919	-6.21236
14.5848	-3.13033
13.4929	-3.38243
13.1763	-3.93544
14.7272	-3.51391
13.9876	-2.79192
14.7079	-5.4479
13.8795	-5.34767
14.5048	-6.58497
14.352	-6.75825
14.8361	-4.9463
8.94909	-1.61395
14.9332	-3.713
14.188	-3.29611
14.2204	-2.71106
13.7599	-4.23071
14.3465	-4.80216
14.4558	-5.11878
14.9023	-4.29803
14.2274	-3.30979
14.1197	-6.24767
13.9307	-3.52633
14.9965	-6.23157
14.5686	-4.99686
14.8367	-2.26548
14.2484	-5.27261
2.02974	-6.3731
14.9391	-5.65621
14.8402	-5.37002
13.0126	-4.50532
14.5021	-6.18102
14.6117	-6.39583
14.6821	-6.19499
14.9872	-3.91171
14.8078	-7.51325
14.6879	-3.70967
13.9088	-5.60994
14.6612	-3.97363
14.3658	8.04019
14.7626	-6.06202
13.5647	-2.92612
14.3407	-3.92792
13.5532	-4.2182
12.134	5.63568
14.1366	-4.96104
14.5416	-4.56892
-0.888379	2.00397
14.851	-3.12291
14.8174	-4.75204
13.1098	-5.69193
14.9523	-4.66942
13.1232	-6.42192
13.7857	-2.81733
14.4845	-5.94893
14.2508	-5.74637
14.9633	-5.75291
14.9945	-3.46547
14.8632	6.44904
14.6215	-5.7807
14.3862	-2.81052
14.4414	-5.01116
14.3838	-5.52684
14.8982	-3.91824
14.5949	-5.70416
14.1503	-3.51015
14.1068	-4.43565
14.4821	-5.03858
14.1813	-6.05496
13.9809	-4.43182
14.9002	-2.59452
9.49488	-8.21355
14.9319	-6.91995
10.3806	-0.659675
14.9867	-6.60856
14.5117	-3.87208
14.4287	-3.96322
14.9196	-5.65359
12.9277	-4.66826
14.7655	-3.7138
13.4133	-1.40989
14.92	-4.36001
14.4372	-3.49817
12.8439	3.72879
