-7.91129	-14.9085	1579.26
-10.4205	-14.7847	1066.78
-7.27683	-14.8053	2889.44
-6.61722	-14.2041	1310.53
-8.02243	-14.7118	952.154
-7.52952	-12.3891	438.437
-8.29977	-14.2976	56.2175
-7.45096	-14.5788	2464.52
-3.22535	-8.68444	210.938
-7.84596	-14.6575	156.62
-5.095	-14.7983	793.117
-9.23332	-14.9678	784.034
-7.76999	-14.2828	1646.91
11.4601	-6.54094	165.54
-8.39759	-14.7973	2212.3
-7.82902	-13.8942	292.221
-7.59465	-14.227	534.218
-5.1037	-13.9512	114.32
-5.60218	-13.8024	1143.59
-5.05805	-13.8356	252.208
-5.20914	-14.765	417.183
-6.15303	-14.2186	467.594
-9.75172	-14.9965	1009.92
-9.43982	-14.9491	1658.79
-6.14733	-14.4276	1455.17
-8.65153	-14.743	1105.51
-8.78882	-14.0785	1175.22
-8.49176	-12.9298	427.198
-6.89126	-14.552	486.533
-6.97958	-14.8947	1220.5
-7.63181	-14.6768	964.136
-5.56269	-13.8491	125.573
-9.20055	-13.8759	1675.21
-4.98092	-13.988	1175.57
-6.08315	-13.9117	581.036
-8.96579	-13.7355	1524.45
-9.40288	-14.249	1669.98
-7.14207	-14.9888	157.943
-6.77195	-14.4589	2465.45
-7.79056	-14.2713	262.282
-7.39474	-13.8339	2220.22
-13.3399	-12.6203	82.935
-8.29635	-14.0069	1070.48
-6.87814	-14.4686	2070.73
-5.3938	-14.0932	296.857
-9.96907	-13.7667	155.271
-9.05158	-11.7087	99.4946
-5.77873	-13.5389	9.16054
-7.75059	-14.0738	103.321
-8.40505	-14.0304	1138.78
-8.08229	-14.7892	2939.31
-7.75704	-13.2924	86.1551
-8.9365	-14.4959	525.35
-8.85783	-14.2781	342.43
-10.5548	-13.2104	182.405
-6.63834	-12.8299	276.695
-8.06066	-13.7056	2084.83
-6.41876	-14.7703	333.041
-6.02194	-14.922	1607.27
-5.62426	-13.7776	285.682
-9.18894	-14.7179	739.197
-8.89979	-14.6072	3008.92
-8.13363	-14.9195	723.926
-7.80383	-14.1436	921.718
-9.01018	-14.5879	87.5927
-7.46621	-14.4073	1718.63
-4.65416	-14.3019	478.676
-7.64171	-14.7064	1037.93
-6.50936	-14.9045	961.343
-7.03847	-14.7835	1724.42
-6.66628	-14.3043	448.972
-5.89535	-14.8324	543.943
-10.1292	-14.4962	151.631
-6.49849	-14.2185	229.859
-5.57717	-14.7536	1605.2
-6.91563	-14.2635	1751.17
-5.93689	-13.9029	1692.49
-6.83498	-14.676	725.181
-7.35708	-14.9983	2135.48
-6.85921	-14.9463	810.933
-6.38769	-14.9613	1207.14
-6.76325	-14.9114	349.279
-4.74136	-14.9879	1905.98
-8.74215	-13.3229	587.885
-6.69033	-14.8847	2181.79
6.98901	-13.3233	504.762
-6.98777	-14.4714	23.9952
-9.79884	-14.0598	2227.99
-4.08643	-14.0439	21.0755
-9.04445	-14.7452	2878.56
-8.7634	-14.9036	281.929
-7.433	-14.8859	1680.63
-6.75286	-14.8486	1459.47
-7.95463	-14.7687	2746.38
-8.12953	-14.1571	442.84
-12.5241	-12.1369	149.767
0.2389	-10.3514	280.854
-8.59206	-14.4077	715.477
-7.34815	-14.8838	258.623
-5.69627	-14.4787	267.731
-7.0021	-13.6342	327.101
-9.02716	-14.3892	985.443
-5.74814	-14.5431	1376.05
-5.20844	-14.6356	1535.62
-4.7512	-13.5536	1087.51
-7.04773	-14.7421	2118.41
-6.46119	-14.6044	552.088
-9.04123	-13.6281	174.784
-8.97723	-14.1943	1228.74
-8.69428	-14.8455	1659.69
-8.09301	-14.4893	1631.05
-7.78091	-14.4884	2129.78
-6.79357	-13.631	1953.69
-9.64377	-14.7183	2023.73
-9.58383	-14.8938	480.769
-7.94869	-14.5466	2548.02
-7.56984	-14.9843	318.562
-6.48928	-14.627	1830.07
-5.75848	-14.1572	2573.31
-9.28763	-14.4656	482.968
-10.921	-13.6518	707.995
-7.08448	-14.7273	342.592
-6.58197	-14.486	1552.96
-6.34086	-14.9417	642.624
-11.3228	-14.9253	299.946
-7.90184	-14.4171	787.482
-6.94605	-14.847	2019.22
-6.30199	-14.5872	1484.02
-8.1924	-14.9492	1445.26
-5.73371	-14.9405	653.229
-7.49507	-13.9261	1257.3
-5.8067	-12.8464	963.362
-8.49896	-14.9213	3048.12
-8.49731	-12.8544	629.162
-7.25489	-12.9498	1649.69
-7.03727	-14.513	333.534
-6.62048	-14.1124	1828.39
-9.35612	-13.561	97.813
-4.95135	-14.404	245.018
-8.89425	-14.4463	1512.98
-5.14637	-13.8876	1702.29
-7.00406	-10.8575	178.242
-8.1303	-14.9303	192.765
-6.1605	-14.236	97.1951
3.19576	-14.3563	110.66
-8.78582	-14.953	132.351
-4.95243	-14.5233	1819.91
-8.72893	-14.8452	1741.67
-7.61506	-14.8827	3060
-7.7401	-14.3325	863.731
0.519998	-10.4287	133.801
-8.26151	-14.5133	233.021
-7.58579	-14.1538	2121.91
-9.74804	-14.4235	1100.16
-6.24454	-14.7601	114.198
-7.25652	-12.7618	1034.8
-7.0919	-14.5458	2098.21
-5.17622	-14.8212	2164.82
-7.79069	-14.7626	2776.16
-8.42167	-14.1993	663.75
-8.32909	-12.7256	950.032
-7.64037	-14.557	2472.75
-8.54504	-14.3837	836.028
-6.83536	-13.4475	704.852
-8.5233	-14.2895	403.102
-7.8801	-13.2768	1411.4
-7.67044	-13.8366	2241.77
-8.12358	-13.493	1568
-5.39438	-14.3483	1037.83
-6.77045	-14.5309	2215.92
-7.4699	-14.9326	1479.59
-6.29434	-14.8475	1837.89
-9.22216	-14.6013	900.77
-6.31412	-14.9032	3060
-6.71583	-14.772	102.705
-9.09873	-14.8121	1363.1
-12.4464	-14.4283	65.2889
-7.32917	-14.4023	2845.37
-8.54346	-14.09	646.765
-9.29026	-14.6939	1571.03
-10.537	-14.0834	984.217
-9.35862	-14.8876	50.4768
-9.25059	-14.9586	440.061
-8.27047	-14.6132	207.512
-6.85195	-14.3219	1782.69
-4.68052	-14.7885	1524.86
-8.69677	-13.1511	521.532
-5.73141	-13.4439	266.119
-9.99452	-14.2784	758.282
-7.34598	-14.9358	375.963
-7.97895	-13.3834	850.465
-9.24322	-14.4994	91.7581
-5.86918	-13.4843	1823.3
-7.81133	-14.452	1322.37
-7.33455	-12.2549	223.735
-8.84963	-14.9307	1038.15
-5.92379	-14.7302	1450.19
-8.97782	-14.0837	417.06
-7.23235	-14.9704	2464.89
-7.61715	-14.7236	794.087
-7.90861	-14.647	467.277
-7.34624	-14.4479	143.806
-8.79372	-13.751	688.731
-6.75497	-14.4096	264.701
-5.24218	-13.7854	210.16
-8.53837	-13.7445	758.016
-6.70429	-14.9151	151.249
-9.01028	-12.8171	551.094
-5.4888	-14.6297	223.449
-7.78686	-14.4929	767.182
-9.88043	-14.5259	216.412
-7.74496	-14.8969	317.994
-10.6492	-11.1323	1842.79
-6.63975	-13.9034	416.485
-14.803	-14.2619	592.673
-6.40589	-14.5961	2126.62
-8.17085	-13.7093	264.026
-7.6668	-14.6584	2856.34
-6.86268	-14.7435	2213.39
-5.43084	-14.3833	227.877
-7.21121	-14.4091	775.161
-6.26986	-10.9702	182.997
-6.67848	-14.9327	1762.01
-6.78637	-14.4217	232.529
-8.58507	-14.3444	137.771
-7.9916	-14.7286	2229.66
-7.68359	-14.9174	2866.97
-8.98268	-14.4068	2282.61
-6.73018	-14.4671	135.243
-7.83533	-13.8262	1066.64
-7.79414	-14.5082	2888.15
-5.43352	-14.8268	159.607
-4.76835	-13.0917	22.9103
-9.98046	-14.0261	111.941
-8.43904	-14.5975	437.129
-7.93474	-14.3247	83.6259
-8.03434	-14.5129	1868.71
-6.80358	-14.0513	961.168
-8.46686	-14.7498	224.521
-6.06307	-14.3155	1970.78
-9.89677	-14.3987	1522.02
-7.7392	-14.303	2716.29
-6.95121	-14.397	2064.2
-5.45147	-10.7848	148.098
-8.82027	-14.201	1901.99
-8.16294	-14.8491	1074.1
-4.98578	-14.1796	344.511
-8.04823	-14.4825	426.811
-7.09837	-14.6481	2574.83
-7.33589	-13.4536	224.098
-7.74231	-14.5217	2735.42
-7.95195	-14.9976	2726.56
-6.05545	-14.741	317.294
-7.69444	-14.9241	624.125
-6.87928	-13.718	906.559
-1.1596	-14.2119	889.693
-5.69043	-14.8749	699.836
-6.4724	-14.602	2606.04
-7.04708	-13.5136	491.092
-7.94259	-14.1396	1138.55
-6.80106	-14.8741	3060
-8.26675	-14.1991	230.692
-7.06251	-14.4639	1631.51
-9.97682	-14.0283	100.63
-6.27262	-14.6855	113.254
-5.72396	-13.6078	199.644
-7.55702	-14.7875	1342.54
-13.4104	-11.9496	181.139
-9.84064	-14.9518	108.519
-6.51443	-13.7147	895.952
-9.80795	-13.414	816.728
-8.25989	-14.9281	167.066
-8.86091	-14.7929	129.406
-9.79251	-14.1225	1224.24
-7.88788	-14.6925	496.07
-5.1916	-14.912	1508.79
-7.47361	-14.9759	484.901
-7.53964	-13.8931	165.097
-7.80891	-13.9517	1656.01
7.43428	-9.01518	124.951
-7.84432	-12.6836	1305.64
-4.95844	-14.0954	1503.81
-8.01366	-13.5908	1275.63
-8.8143	-14.9128	621.093
-9.18683	-14.2107	1930.81
-4.79953	-7.79191	23.6902
-7.86415	-14.2915	2412.65
-6.03681	-14.3131	639.174
-11.6076	-14.6519	738.884
-7.72258	-14.5643	1391.59
-7.62346	-14.5976	2139.19
-7.67112	-14.5101	2506.96
-5.3685	-14.6721	2426.17
-6.84743	-14.1143	1762.86
-7.54951	-14.8679	200.368
-9.96478	-13.2962	274.105
-7.42255	-14.1075	2277.17
-9.09539	-13.7896	402.023
-8.48915	-13.93	2071.58
-6.41461	-13.7446	2026.42
-7.64082	-14.1416	158.618
-7.04073	-14.863	399.597
-5.18701	-14.7877	2424.33
-7.50859	-14.739	874.583
-8.629	-14.5955	1616.6
-7.9665	-14.904	932.147
-7.05069	-14.8018	1527.67
-7.77881	-14.8367	143
-10.1837	-14.1863	255.773
-7.35844	-14.8702	1025.52
-5.57347	-14.8971	1810.7
-8.20199	-14.0006	2306.59
-9.33651	-13.7396	71.4201
-6.59773	-14.9235	231.685
-5.50435	-14.1067	1727.9
-5.87477	-14.2243	469.646
-6.19448	-14.8394	1157.55
-14.7092	4.97833	47.1901
-7.80705	-13.4627	1013.45
-14.8292	-14.5146	11.8814
-7.74962	-14.0927	729.348
-6.30144	-14.6283	105.583
-9.30487	-14.9437	1865.85
-8.42474	-14.6095	31.6055
-6.20283	-14.4553	729.798
-9.19073	-14.7598	657.986
-7.90888	-13.5895	204.504
-7.10958	-14.4041	974.325
-8.41479	-14.8864	3060
-7.06676	-14.971	358.06
-6.54933	-14.4852	1497.95
-5.78595	-14.1389	402.769
-7.71439	-14.1994	149.099
-7.09689	-14.1372	1817.68
-6.40678	-14.7626	2497.08
-6.10849	-14.4825	22.8618
-4.22415	-14.2421	35.8942
-4.23554	-13.8373	425.974
-7.84789	-14.9889	3060
-4.02462	-14.7516	139.253
-7.0559	-13.5383	2023.74
-7.17253	-14.6651	1361.28
-6.18823	-14.4954	1047.35
-12.2263	-13.1754	194.994
-8.45309	-14.3982	892.318
-8.34029	-14.8119	1949.89
-8.50999	-14.2317	737.944
-6.30615	-14.7576	2945.92
-4.39006	-11.0459	222.275
-7.82295	-14.9832	2320.67
-6.68689	-14.8556	3060
-6.23564	-14.9531	2380.4
-10.7829	-14.7681	330.841
-5.19817	-14.8818	1726.4
-6.79038	-14.4026	729.561
-6.38033	-14.8967	119.549
-5.78951	-14.4098	927.478
-5.63423	-14.8492	818.096
-6.41996	-14.8843	158.54
7.25097	-9.69948	16.8899
-10.1067	-14.0364	101.056
-10.2611	-14.7081	1039.72
-8.14786	-14.8176	226.017
-7.83603	-14.4934	1135.85
-8.00297	-13.223	1648.42
-8.15371	-14.9119	1955.09
-7.47833	-14.9407	580.116
-9.42008	-13.7023	178.658
-7.39126	-13.9099	528.748
-9.44186	-14.5316	1998.38
-7.55969	-14.7469	566.281
-7.62568	-13.159	91.9401
-9.52416	-11.852	203.304
-6.05392	-14.5629	232.509
-9.15053	-14.7457	108.431
-6.94479	-14.7903	244.208
-6.40561	-14.883	659.232
-7.09024	-14.5944	1532.36
-5.97592	-14.8321	1825.7
-7.45999	-11.6571	3.50159
-7.0734	-14.2376	849.077
-7.75453	-14.778	254.394
-11.7953	-13.8112	165.831
-7.18463	-14.9924	930.176
-4.7313	-11.0858	305.451
-4.47738	-14.8853	34.2907
-7.24794	-14.5586	2191.93
-9.49364	-14.8542	1617.16
-6.44674	-12.5447	260.047
-7.88406	-14.313	262.338
-7.81216	-14.3438	2019.93
-9.04573	-14.3162	983.606
-8.75766	-12.8324	865.549
-8.41082	-14.8409	1683.97
-7.09454	-14.5525	945.366
-8.17714	-14.3707	187.644
-9.38935	-14.8382	254.947
-7.29359	-14.9781	782.785
-8.88359	-14.5562	2372.07
-6.67986	-14.5638	1288.3
-4.65125	-14.0194	117.125
-7.21507	-14.8195	3060
-5.68982	-14.6725	1227.51
-8.27664	-14.1516	316.062
-6.16829	-13.7515	986.168
-6.19798	-14.3267	1507.7
-6.9346	-14.8683	1264.8
-6.91698	-14.7708	1277.17
-7.19659	-14.5881	1728.39
-8.66039	-14.7856	2586.97
-7.76835	-13.5214	892.155
-5.81887	-14.2897	1274.7
-8.58369	-14.3114	241.141
-7.44092	-14.9832	1332.09
-8.47707	-13.8786	663.514
-8.8148	-14.9886	1289.37
-4.86116	-14.831	153.529
-5.69611	-14.1601	1386.12
-7.98328	-14.6863	153.211
-7.4032	-14.149	1531.15
-8.25649	-14.4864	1664.35
-7.27219	-14.7205	1591.04
-8.98815	-14.9226	229
-8.63149	-14.4972	1923.67
-7.62196	-13.1905	1076.83
11.5098	-12.7617	219.407
-10.3182	-14.7547	2092.22
-9.27744	-12.3013	238.133
-7.07879	-6.70752	113.058
-7.75829	-13.6993	1846.38
-9.91773	-14.4169	584.886
-6.40715	-14.0324	1392.74
-7.85072	-13.6307	89.6065
-10.0738	-14.9152	127.472
-9.40601	-12.9395	1500.88
-8.73926	-14.3432	1997.93
-6.86448	-14.8133	277.992
-5.98373	-13.4303	260.58
-8.09128	-13.9184	1108.98
-5.5042	-12.916	34.2907
-7.36068	-14.4862	2536.96
-6.91185	-14.461	162.02
-9.5949	-14.5674	1863.38
-6.96657	-14.0667	909.816
-7.9692	-14.5645	311.091
-5.17031	-14.0045	258.04
-7.57908	-14.7371	156.3
-8.15548	-14.7055	456.431
-13.0569	-10.8486	133.09
-8.37354	-13.8128	1565.51
-5.62017	-13.8165	1869.98
-9.09019	-14.418	2712.85
-7.94508	-13.4063	1258.44
-9.66677	-14.0794	478.751
-7.18481	-14.9554	2361.38
-8.21464	-13.763	224.993
-6.47145	-14.0638	1515.51
-6.99766	-13.8628	2144.31
-11.0506	-5.82571	190.641
-5.77435	-14.4908	2645.08
-7.28676	-14.8538	978.855
-6.94245	-14.5256	2217.77
-9.08541	-13.6264	1645.08
-6.47812	-14.9647	3060
-5.80683	-14.5579	2128.31
-8.99293	-14.051	2151.57
-8.15628	-14.9437	653.836
-1.31583	-12.3229	418.948
-6.13838	-14.9044	333.846
-7.07917	-13.7628	325.862
-4.51537	-14.7235	135.318
-6.85208	-13.9006	275.082
-9.35202	-14.8498	650.331
-7.9632	-14.4516	1631.9
-12.1282	-12.1145	129.007
-7.9645	-14.6974	2851.7
-5.67199	-13.4027	1021.22
-10.1344	-13.8199	1545.74
-8.79286	-14.1938	920.744
-8.01732	-14.3806	843.278
-8.36304	-13.6324	367.189
-8.91735	-12.5474	107.968
-5.31224	-14.5772	253.569
-7.31408	-14.1815	1927.09
-10.1777	-14.6399	1236.56
-9.67608	-14.5371	436.553
-8.9154	-14.6281	1789.47
-8.40747	-14.3158	140.841
-5.74713	-13.6433	378.724
-5.37887	-13.8432	1431.14
-9.96868	-12.6	215.475
-7.58676	-14.5954	120.206
-10.1428	-5.14602	162.905
-9.08221	-13.4139	770.252
-8.57141	-14.6124	385.296
-10.0776	-7.73951	150.727
-4.67375	-14.6941	678.575
-8.92769	-14.169	2029.82
-7.75687	-13.6683	633.781
-6.74872	-14.9935	3060
-8.27194	-13.9065	1194.51
-8.16826	-14.1637	1597.38
-7.99717	-14.9951	1112.57
-4.47031	-14.5232	841.683
-7.57512	-13.1776	1830.87
-7.70407	-14.9336	548.383
-7.99061	-14.8978	568.339
-8.33407	-14.7751	2127.16
-5.11866	-14.8473	575.146
-9.08167	-14.7555	1461.1
-9.16429	-13.8664	1297.22
-6.2632	-12.7861	335.244
-7.95694	-14.819	13.2432
-7.23335	-14.3395	625.625
-7.77502	-14.3393	214.427
-8.20929	-14.6567	2820.59
-6.91807	-13.4906	605.076
-7.54523	-13.525	674.755
-7.24197	-13.7023	274.497
-8.73054	-14.6232	1431.78
-5.63655	-14.959	957.471
-7.34465	-11.7389	197.351
-8.58599	-14.8873	567.535
-8.75306	-14.5638	792.253
-1.8016	-11.422	42.6093
-8.98537	-13.9307	568.93
-9.47971	-14.1993	1160.36
-6.77544	-14.1088	1510.82
-5.64394	-14.9869	2510.29
-6.65243	-14.8241	1198.03
-6.91166	-14.4487	1608.27
-8.38164	-13.5059	179.178
-8.64925	-14.0264	553.262
-6.50101	-14.5289	62.0287
-6.87343	-14.7748	1273.65
-7.99479	-13.5634	217.187
-9.09057	-14.744	520.917
-7.53824	-14.1502	1133.91
-8.74304	-14.2554	1409.8
-7.20584	-14.8474	2306.1
-6.50195	-14.9447	391.667
-5.93914	-14.325	2004.1
-8.81477	-13.9372	934.879
-7.48471	-14.1548	1094.17
-6.97481	-14.0499	1689.35
-9.40572	-12.9337	130.07
-8.54633	-14.5026	1765.63
-9.2237	-14.8289	2219.62
-6.0031	-14.4244	577.375
-7.71679	-14.8507	583.173
-7.01234	-13.0966	1427.87
-5.55694	-14.0531	1683.75
-9.4572	-10.943	153.895
-7.63341	-14.449	2274.9
-6.70784	-13.481	126.355
-8.15813	-14.6357	2727.96
-9.29464	-14.5812	448.23
-8.74109	-14.654	655.266
-7.48367	-13.3957	547.188
-7.7118	-13.475	1219.25
-5.42193	-11.5009	231.532
-7.34576	-14.7327	354.973
-3.4278	-13.4342	139.778
-8.38409	-14.8956	2787.58
-9.01441	-13.693	500.731
-6.60552	-14.5564	1839.07
-7.46631	-13.3937	604.463
-6.32805	-14.0797	440.571
-4.51948	-13.7868	138.053
-8.71998	-13.7642	263.982
-7.91781	-13.8909	657.04
-8.77962	-14.6713	409.728
-8.3008	-14.6722	2080.79
-8.39303	-14.8867	489.938
-6.69732	-13.9674	1110.57
-6.22184	-13.1125	935.167
-6.79887	-14.4732	1169.88
-6.86965	-14.873	133.546
-7.73905	-14.2741	771.958
-9.27009	-14.4977	1733.51
-8.19161	-14.5818	2486.31
-6.22413	-14.4175	281.49
-7.84229	-14.788	883.544
-6.3659	-14.7786	424.214
-9.34927	-14.9539	309.433
-8.67498	-12.8613	626.236
-8.89043	-13.8617	1318.17
-8.29374	-14.9912	1226.99
-6.70356	-14.7712	1232.94
-8.06297	-14.3768	409.654
-5.33175	-14.8482	479.922
-5.16519	-14.8675	237.106
-6.52097	-14.9456	1230.87
-11.0234	-14.5882	558.512
-9.64751	-14.6923	135.784
-7.90738	-13.7305	792.43
-7.73909	-10.0281	254.65
-8.87974	-14.8646	381.306
-8.76772	-14.6855	385.95
-9.84317	-13.8126	92.5769
-7.28678	-14.5718	1365.06
-7.57301	-14.4857	908.531
-7.3486	-14.5334	1420.87
-7.01633	-14.5126	2782.09
-9.23904	-14.7176	1576.61
-7.69716	-14.7569	2906.51
-5.80397	-14.0467	1624.53
-6.28523	-14.9832	339.185
-8.38643	-14.3271	414.397
-7.2171	-14.7951	483.039
-6.27519	-14.7022	1161.48
-8.42974	-14.5052	270.638
-7.61987	-14.4011	1653.37
-5.39903	-14.044	34.7432
-7.73116	-14.5737	2049.55
-6.01963	-14.4322	585.036
-7.94022	-14.9527	2288.14
-7.39684	-14.842	2412.48
-7.48601	-14.1293	247.366
-8.86967	-14.1525	289.768
-7.71245	-14.2813	482.85
-8.4212	-14.1722	865.32
-8.17284	-14.9383	2476.24
-8.67158	-14.6292	2672.62
-7.30804	-14.3051	1380.21
-6.64088	-14.0471	1512.43
-8.79345	-14.6735	1421.01
-5.85533	-14.2602	1545.24
-8.39736	-14.8276	2767.73
-8.41412	-14.973	1035.4
-6.41882	-14.8039	2965.46
-14.9252	-13.4595	322.568
-7.13393	-14.6522	962.52
-7.31867	-14.9286	1853.19
-6.86381	-14.8094	713.703
-8.06213	-14.7498	1756.88
2.55394	-10.4805	260.37
-7.43522	-14.0056	597.127
-5.60807	-14.1364	200.952
-6.8305	-14.4952	2785.91
-7.67718	-14.0529	34.7432
-8.37672	-14.0881	365.43
11.2953	-1.21101	143.572
-5.1526	-14.2552	442.535
-6.68047	-14.9003	1233.63
-7.18812	-14.0691	1920.59
-9.03953	-14.9709	433.2
-1.34279	-12.891	479.2
-9.1872	-14.8949	1376.58
-6.58759	-13.2863	1481.9
-8.64194	-14.3784	1969.57
-13.94	-2.3439	337.406
-5.35743	-14.4132	718.329
-5.35224	-14.5611	971.029
-6.76677	-14.9682	2797.47
-7.99269	-14.2571	2395.42
-7.14299	-14.835	1222.42
-7.95009	-14.536	518.524
-5.92615	-13.8232	1578.18
-6.75617	-13.5018	1249.6
-6.36519	-14.9508	935.13
-5.1241	-14.4215	34.2907
-5.80764	-14.9548	2013.95
-8.79763	-14.9177	967.112
-7.79006	-12.4998	90.1904
1.97808	-12.0485	129.423
-7.30957	-13.0767	1512.36
-8.05382	-13.9665	1592.01
-6.06464	-14.7184	1858.24
-6.84496	-14.8563	393.614
-6.37865	-14.292	205.286
-7.33373	-14.4121	1918.03
-8.95013	-14.7018	378.792
-8.17332	-14.1121	256.924
-7.20688	-14.5661	1133.08
-7.29907	-14.1578	2485.62
-8.00239	-14.3624	2722.29
-8.51028	-14.6144	2078.57
-7.02585	-14.5985	267.875
-6.46592	-14.6914	307.389
-0.54148	-0.0811956	220.932
-6.14985	-13.378	799.451
-8.2578	-14.1331	2300.75
-6.37693	-14.9599	1237.08
-7.6278	-14.7994	137.961
-8.00025	-14.9696	540.217
-10.8513	-4.50933	306.328
-8.57354	-14.9562	1586.59
-6.47162	-13.5541	310.255
-8.78304	-14.7812	747.214
-7.72873	-13.5903	1552.98
-5.85739	-14.6301	652.412
-6.15698	-14.6003	793.54
-10.6933	-14.7425	667.948
-10.1324	-14.3786	992.16
-7.38966	-14.2057	2375.47
-8.16269	-14.3827	1997.89
-7.7304	-10.4248	139.759
-6.13548	-14.8573	961.65
-8.00068	-14.7496	703.681
-9.92695	-14.6131	488.147
-9.60503	-14.1079	1128.68
-7.22011	-13.1788	123.053
-7.77422	-13.6146	354.743
-6.39112	-14.7662	132.431
-8.53842	-13.901	843.878
-8.08771	-14.5951	2592.71
-4.84596	-14.9722	88.0613
-5.65302	-14.6863	289.725
-8.15195	-14.9363	1473.33
-9.77605	-14.3361	303.711
-6.83419	-1.18065	45.747
-6.44504	-14.9069	805.562
-7.3389	-14.6279	2518.94
-8.23672	-14.8568	1125.91
-6.44786	-12.4687	1376.03
-9.55624	-14.9841	376.85
-12.3826	-10.5264	62.4546
-7.20855	-14.4316	2557.08
-9.08938	-14.4573	307.414
-6.66673	-14.4442	350.195
-8.34132	-13.565	759.724
-7.47371	-14.2031	55.0318
-5.95556	-14.0639	2269.76
-9.68159	-14.7154	1117.6
-10.4687	-14.9289	94.0928
-5.83171	-13.1389	284.837
-8.58626	-14.2737	1464.79
-7.5069	-14.294	1784.02
-7.33776	-14.0724	61.3816
-7.47745	-14.669	704.474
-7.70934	-13.5723	1310.33
-8.63569	-13.7889	566.298
-6.90274	-14.008	1649.31
-4.88203	-14.9326	923.252
-6.50151	-14.956	798.462
-6.58734	-14.7265	1083.23
-8.95211	-14.3616	772.749
-6.19174	-14.3234	305.194
-10.4456	-13.3819	16.0731
-9.11518	-14.2536	2074.14
-7.28698	-14.5835	103.677
-7.07839	-14.6262	1283.99
-7.16922	-14.8104	1847.27
-4.71097	-12.788	162.434
-6.08696	-14.9211	1238.74
-6.95237	-14.9343	1621.4
-7.5922	-13.9786	652.097
-6.82224	-13.6189	1619.42
-8.20989	-14.9486	939.816
-7.1698	-14.6816	495.148
-6.14363	-14.6852	311.884
-7.80624	-13.6593	361.847
-5.81381	-14.29	1407.09
-5.85177	-13.6449	392.818
-8.14024	-13.8291	2357.05
-6.62987	-14.2061	584.474
-6.80424	-14.9895	1665.99
-8.88204	-14.7601	482.211
-7.60853	-14.6421	596.137
-5.56149	-14.2841	551.755
-8.31021	-14.4899	2426.57
-7.48113	-14.4809	1370.28
-5.94978	-14.8449	1075.66
-7.17703	-14.7816	2010.37
-12.7214	-14.2706	34.7432
-6.44735	-13.0244	578.164
-9.99388	-14.6557	39.6475
-7.43583	-14.9569	2141.99
-7.75393	-14.9053	478.806
-5.48725	-13.9291	272.828
-10.3056	-13.7044	291.467
-7.66043	-14.9978	2264.66
-7.42381	-12.4692	132.7
-7.34212	-13.7196	187.499
-6.9346	-13.788	2054.29
-4.79825	-14.4916	131.21
-9.56162	-8.92002	310.926
0.163809	-12.2363	137.207
-8.332	-14.3694	321.764
-7.76198	-14.6555	900.943
-5.83301	-14.7012	2099.89
-8.32604	-12.763	103.498
-6.20698	-12.8585	1020.34
-7.65523	-14.9431	157.66
-4.10419	-13.4522	99.8758
-8.42667	-14.692	232.77
-5.37461	-13.5762	1291.02
-3.39435	-12.1834	185.353
-8.32196	-14.2651	530.639
-10.0376	-14.5108	572.066
-7.36568	-13.8437	1657.43
-6.84211	-13.8182	2206.61
-6.06553	-14.9259	1179.06
-5.78365	-14.6965	1686.68
-7.91381	-14.5616	1100.57
-6.23567	-14.907	2876.43
-7.64401	-14.4043	2169.51
-6.65725	-14.0609	1898.25
-6.99188	-13.9486	1789.22
-8.26474	-13.76	324.799
-7.19338	-14.7493	873.556
-11.7952	-6.517	34.2907
-5.83502	-14.2005	167.232
-7.13978	-14.8005	1041.38
-6.48639	-14.8447	408.232
-8.60086	-13.812	1540.6
-7.18785	-14.27	286.566
-5.09756	-14.0772	465.54
-6.32353	-14.7704	1306.57
-11.7765	-10.6368	29.9437
-6.61101	-14.8592	448.777
-8.68958	-14.8609	3060
-7.46336	-13.4416	1069.35
-7.9585	-14.8333	174.961
-6.25847	-14.3061	852.265
-8.76248	-14.807	2238.32
-8.31148	-14.9943	3060
-10.9115	-14.2791	633.762
-6.33722	-14.9469	376.987
-6.88098	-14.411	2797.42
-4.38099	-14.4276	1264.23
-6.27858	-14.1435	1887.98
-6.98686	-14.7317	2075.71
-7.02014	-14.0866	891.019
-7.9375	-10.9081	242.906
-8.2827	-13.9395	734.204
-7.04997	-14.8778	1767.52
-8.36706	-14.8041	233.637
-6.34932	-13.2917	940.286
-7.79864	-14.9673	182.682
-3.93989	-13.6939	761.404
-6.2616	-13.5025	328.091
-9.35011	-14.8389	850.862
-8.79492	-14.9069	449.233
-7.11836	-14.535	1840.78
-6.56399	-14.3179	1513.05
-7.50131	-14.3278	2177.3
-8.07332	-13.8767	80.2817
-1.14154	-13.9283	400.695
-6.67898	-14.2253	304.54
-5.75136	-1.36649	10.4233
-9.28634	-14.8694	44.4229
-8.97419	-13.4012	1931.65
-8.9717	-14.7913	1585.76
-9.68371	-14.9979	136.647
-8.49835	-14.4705	726.516
-8.1842	-14.3819	1913.67
-4.14893	-14.4549	115.898
-5.58814	-13.6978	1762.7
-6.41393	-14.8627	141.702
-5.72384	-14.1819	1939.35
-4.07127	-13.3277	149.701
-8.99122	-13.93	2316.02
-3.95327	-13.2256	133.627
-7.96853	-13.7395	166.195
-7.31201	-14.2042	1174.41
-7.59563	-14.4576	2607.87
-8.0286	-14.7278	3048.12
-8.84759	-14.4648	564.256
-7.32836	-13.8436	1068
-6.17531	-14.8948	415.555
-6.05287	-14.7108	2509.8
-7.86315	-13.7483	2354.05
-6.58051	-14.4469	1254.77
-9.57734	-14.4573	245.749
-6.7958	-14.8443	372.528
-7.84922	-14.8573	351.802
-9.06187	-13.4951	249.312
-7.00166	-14.8794	3060
-6.33104	-14.7325	1929.55
-6.69136	-14.8083	2371.41
-9.56358	-14.0597	1505.41
-8.19495	-14.1201	462.542
-5.8448	-13.9257	364.27
-7.66407	-14.8919	2904.17
-10.7425	-12.5792	162.433
-6.26906	-13.7521	60.8368
-7.43335	-14.2685	2731.65
-7.63516	-13.8225	1167.91
-8.96261	-14.438	2060.53
-7.68771	-14.7669	920.738
-2.8706	-13.912	213.889
-8.68747	-14.9386	2304.8
-4.95054	-14.8459	1476.63
-9.4243	5.26307	182.575
-6.46499	-14.976	164.254
-6.57795	-14.3444	1094.28
-7.18307	-13.9056	131.891
-7.79237	-14.6133	163.846
-9.24896	-14.6956	1705.85
-8.32781	-14.6075	383.044
-8.20913	-14.8897	2396.98
-7.00829	-14.6677	2365.4
-6.60077	-13.1493	111.682
-9.02715	-14.4372	977.623
-6.2344	-14.9608	276.972
-7.93417	-14.2898	1139.18
-8.25113	-14.6065	444.013
-9.54397	-14.8643	1241.91
-9.29233	-14.9014	2733.34
-9.07041	-13.5916	166.919
-8.6893	-14.4302	2604.97
-9.70579	-13.8638	172.868
-7.38867	-14.0403	75.5256
-5.95325	-13.8611	108.001
-9.05317	-14.3911	657.287
-6.75625	-14.2917	498.906
-7.26201	-14.4741	535.602
-7.1414	-14.8434	2810.34
-12.8564	-6.87867	305.885
-8.76901	-13.2275	1637.77
-6.5845	-14.3686	511.66
-10.4405	-14.8684	133.828
-9.2148	-13.7641	652.188
-9.05053	-14.7627	654.608
-8.62425	-14.7758	2310.29
-8.90067	-14.3452	131.193
-6.72124	-14.5234	397.461
-7.13644	-14.0575	1539.62
-6.43879	-14.8104	2394.9
-8.95614	-14.5842	149.117
-7.643	-14.8145	256.862
-8.2839	-14.984	3060
-7.57876	-14.7202	859.765
-10.4498	-14.7932	497.143
-7.83498	-14.0288	1436.51
-7.98973	-14.5249	1118.48
-6.87793	-14.6201	1708.56
-7.36472	-14.7641	1111.52
-5.75127	-14.9101	166.833
-6.26408	-14.9515	1571.25
-5.83505	-14.9285	446.461
-8.81178	-14.7238	389.125
-8.25988	-14.1565	202.677
-6.94698	-14.909	418.862
-6.97408	-14.2385	419.108
-7.89972	-14.0129	200.951
-4.46261	-14.6392	1665.16
-4.39374	-14.288	123.151
-6.86629	-14.4129	309.85
-5.46661	-14.7614	1515.2
-10.0222	-13.9217	147.907
-6.57553	-14.8173	1519.98
-5.54682	-13.9815	122.128
-8.44416	-14.566	422.466
-7.54888	-14.5413	1967.12
-9.8475	-13.0024	30.2962
-7.64454	-14.5241	242.542
-7.20892	-14.2782	1557.74
-5.65291	-14.1662	1312.03
-9.01784	-13.5323	924.456
-7.81229	-14.7647	2019.62
-8.21522	-14.6109	570.756
-8.83136	-13.761	1569.75
-7.25314	-13.4711	84.841
-7.34527	-13.8237	1401.09
-8.61057	-10.0059	167.417
-3.91612	-9.43778	198.548
-10.0245	-14.0471	188.491
-8.13732	-13.6492	107.674
-7.46431	-13.803	48.512
10.5818	-12.561	1378.39
-8.81818	-13.8119	688.214
-6.27479	-14.718	123.416
-8.45598	-13.8301	1206.12
-6.04862	-13.7874	113.422
-4.55984	-14.0777	112.182
-9.74696	-14.744	1801.78
-8.40529	-14.6486	887.405
-9.12127	-13.7681	2186.18
-6.58728	-14.7542	2456.32
-7.72073	-14.3694	846.33
-8.27635	-14.8532	2268.24
-7.88263	-13.5241	355.747
-7.79872	-13.4933	1124.61
-8.96875	-13.1353	1356.87
1.51984	-12.1118	74.2409
-5.86238	-14.9709	2832.4
-8.31089	-14.2984	388.314
-2.94818	-14.0335	189.116
-7.31237	-14.9444	415.745
-4.41726	-14.7095	399.24
-8.50483	-14.7283	156.838
-6.28803	-14.8185	1133.38
-4.92114	-14.1981	868.569
-6.15475	-14.3918	192.859
-7.09295	-14.037	1209.51
-8.20865	-14.748	3060
-7.45507	-14.4022	1955.72
-6.76652	-14.5693	1689.87
-5.83409	-14.4865	262.134
-6.43383	-13.4733	1580.75
-7.57853	-13.1627	948.018
-6.25057	-14.5748	288.939
-7.91936	-14.9239	1011.09
-6.16706	-13.2621	1467.96
-6.32139	-13.1837	94.8645
-9.57048	-13.9076	1815.04
-5.32852	-14.9336	2388.51
-9.20648	-14.0564	120.282
-8.05773	-14.2664	185.501
-8.20884	-14.6526	216.104
-8.20962	-14.8507	3060
-9.53348	-14.4282	1706.56
-9.24175	-14.657	501.57
-9.82014	-14.109	630.384
-7.58181	-14.0435	1300.72
-8.76525	-14.5552	664.273
-7.76619	-14.4545	2783.94
-7.50423	-14.9718	101.778
-5.46325	-13.2488	245.435
-6.96108	-14.2962	2147.55
-5.3889	-14.2828	28.5047
-5.27374	-14.1476	593.47
-6.79192	-14.8402	84.4641
-5.44095	-13.841	121.298
-6.26123	-14.3314	685.064
-8.89493	-14.0174	2558.84
-6.70673	-14.1597	1752.92
-10.5621	-14.5607	731.057
-8.63796	-14.7219	170.296
-7.61111	-14.1167	1447.41
-7.12862	-13.7026	1114.76
-6.54816	-14.5114	1595.2
-7.28737	-13.4721	228.957
-10.0945	-14.8208	672.463
-10.1147	-14.9811	1075.03
-5.44635	-14.6704	1192.62
-8.7456	-14.5126	1340.18
-12.1886	-13.0045	5.7186
-6.63572	-14.7392	1165.87
-6.24009	-14.908	111.527
-9.62989	-14.5926	555.946
1.74251	-11.1512	270.238
-9.00773	-13.1906	63.0146
-8.2311	-14.631	11.8329
-7.38906	-14.0527	250.854
-7.71818	-14.7283	1420.52
-9.2155	-14.2922	2083.19
-6.35986	-14.9679	1565.87
14.055	-4.45786	1.87135
-6.25085	-14.6881	631.14
-6.70384	-14.7056	2597.28
-6.77868	-14.9695	1555.35
-4.28959	-13.8396	916.597
-12.9323	-14.538	126.814
-7.27248	-14.5365	756.501
-6.13414	-13.7908	1540.6
-5.70242	-14.4956	554.616
-5.18304	-14.834	1598.78
-7.94262	-13.4187	527.588
-8.5094	-12.6249	832.404
-6.67035	-14.9483	338.258
-6.04614	-14.0267	225.388
-7.89082	-14.7852	644.977
-6.91989	-14.1749	2189.81
-9.51152	-14.2175	1733.95
-5.86535	-14.2618	2528.32
-8.48369	-14.8858	627.889
-6.9	-14.9669	172.29
-7.33472	-14.4356	2442.96
-6.26579	-14.0311	169.906
-7.83411	-14.5845	1193.02
-8.37146	-14.7698	2947.6
-7.42455	-14.6573	2047.36
-8.41995	-14.8908	2287.12
-5.30512	-14.8259	1224.81
-7.53577	-13.9587	1691.61
-6.46521	-14.6442	1794.7
-5.13147	-14.391	749.055
-7.05606	-14.0898	1260.15
-6.67444	-13.4385	1359.7
-8.39801	-14.1149	648.578
-8.85627	-14.8805	2128
-9.66961	-14.976	2417.72
-9.49998	-14.3823	1249.64
-6.00115	-14.7811	456.856
-8.01652	-14.6596	2188.09
-7.62616	-14.852	182.316
-8.69754	-14.7261	3060
-5.99034	-14.8942	1264.87
-9.29199	-12.5054	183.752
-6.69352	-13.6867	738.775
-8.08625	-14.4216	1121.34
-6.9735	-12.2062	856.461
-8.95467	-14.267	325.081
-6.14583	-14.2298	1225.52
-6.75215	-14.3691	2461.84
-7.32761	-14.7237	937.274
-4.96149	-10.946	439.803
-7.20561	-14.9424	1419.66
-4.63766	-14.8729	972.22
-7.05325	-14.167	2180.46
-6.52316	-14.7894	2667.14
-7.11999	-14.4379	672.701
-5.44281	-14.1257	1150.23
-5.40031	-14.9388	159.257
-6.87637	-14.4995	137.2
-6.50299	-14.7828	2895.1
-5.02574	-14.7121	2157.93
-13.5234	-6.15165	132.008
-5.726	-14.6264	1242.97
1.83982	-1.69943	118.567
-5.17045	-14.8703	521.412
-9.0982	-14.326	901.886
-9.3746	-14.6206	1418.01
-7.00768	-14.859	1843.96
-10.7922	-14.6461	129.174
-8.66181	-14.6896	2637.56
-4.44606	-8.2578	89.5192
-10.2648	-13.3095	34.7432
-5.8694	-14.5588	1672.18
-8.03251	-14.9471	3060
-6.68248	-14.0247	859.12
-7.41269	-13.9404	235.412
-5.46262	-14.7765	1722.38
-9.43627	-14.1822	1789.42
-7.83493	-11.8764	240.833
-6.6215	-13.648	1447.23
-6.15868	-14.9812	1644.99
-7.89408	-14.7631	2785.3
-7.54646	-13.9745	698.471
-7.35172	-14.5511	892.548
-9.35706	-13.1079	1050.97
-6.9199	-14.8983	535.626
-7.84094	-14.4302	1863.39
-7.99778	-14.1587	397.894
-5.83353	-14.187	1334.21
-7.09161	-13.7926	1717.84
4.84873	-11.2462	279.861
-6.94648	-13.0352	1214.71
-7.5788	-14.9553	2883.53
-5.21074	-14.5586	1427.07
-7.37111	-14.7981	2706.31
-8.8762	-6.88554	39.4197
-7.54027	-14.616	1332.85
-7.53553	-14.5799	232.054
-5.99963	-14.2521	2516.71
-7.70659	-13.9051	1574.11
-6.2445	-11.458	146.828
-8.7412	-14.8587	629.658
-5.9383	-13.9162	1304.46
-7.99146	-14.2302	109.915
-4.86331	-13.9099	281.724
-11.7215	-14.1515	124.382
-6.89828	-13.7624	1416.79
-6.71898	-12.9824	1514.27
-9.90605	-14.8458	2114.88
-7.03375	-14.8359	3060
-7.52291	-13.1517	1404.63
-5.04533	-14.2178	133.962
-4.73883	-3.26083	146.139
-7.42415	-14.6286	1045.48
-7.88232	-12.8955	415.82
-8.14581	-14.6039	1014.05
-5.94968	-14.32	643.231
-4.87288	-8.47777	162.275
-5.43863	-14.7854	643.372
-6.42504	-12.5727	58.4653
-8.67041	-14.7021	2747.22
-6.43111	-13.9278	138.984
-6.25	-14.8651	1146.93
-6.77533	-14.9853	1826.02
-4.87125	-14.9882	324.51
-5.59736	-14.0632	712.399
-6.7845	-14.3766	1839.08
-9.92793	-14.0481	48.7579
-7.95783	-14.6766	2883.54
-8.84893	-14.8029	339.377
-8.32394	-12.8874	1356.16
-6.41378	-14.8996	1063.02
-7.80542	-14.438	2761.71
-8.22015	-14.7718	970.591
-5.82724	-14.117	1675.7
-8.17079	-14.3888	643.075
-8.01618	-14.0336	0.363336
-8.04065	-14.796	983.327
-8.36725	-14.7369	98.7205
-6.49544	-14.9139	1692.26
-9.22738	-11.8839	106.242
-7.42445	-14.7678	1321.44
-6.50312	-14.9899	3060
-5.38988	-14.7694	2627.9
-7.30085	-13.7107	83.3896
8.22493	-3.0174	54.0468
-7.87836	-14.1442	125.414
-6.01531	-14.7444	2220.9
-10.0673	-14.628	613.555
-7.725	-13.0639	34.2907
-7.56101	-14.9771	1557.15
-10.2032	-13.4346	650.268
-8.80691	-14.7864	1510.82
-9.07346	-14.8897	2830.49
-5.91546	-14.0834	868.723
-9.04504	-14.671	2172.61
-7.86	-13.1974	633.804
-6.98299	-13.6654	1741.35
-5.8953	-14.8329	262.422
-6.62854	-13.6005	1149.86
-9.41162	-14.76	213.186
-6.58622	-14.0676	34.2907
-7.53641	-14.7176	649.204
-9.40424	-14.3322	1657.09
-7.39205	-14.0454	642.668
-6.74102	-14.8404	271.115
-7.2218	-14.71	294.452
-8.44481	-14.8154	1948.72
-7.62198	-14.9178	1018.92
-7.597	-13.2054	388.289
-6.75831	-13.5448	2100.16
-5.08785	-14.0517	1430.77
-6.4817	-14.9701	1033.91
-8.06775	-14.0875	1194.91
-9.60839	-14.4034	36.322
-7.12152	-13.587	508.659
-7.78329	-13.9535	2149.52
-8.05855	-14.8165	2709.67
-7.6037	-14.7645	3060
-6.12945	-14.9399	2386.1
-6.70494	-13.896	1315.27
-6.28006	-14.6528	313.821
-6.49948	-14.2799	102.848
-4.98157	-14.3699	1514.39
-6.20394	-14.1571	1083.53
-7.77165	-14.7524	198.666
-9.10341	-13.2133	1112.57
-6.00074	-14.2651	2495.35
-7.33025	-14.1642	1801.77
-8.78758	-14.587	2358.89
-8.47213	-14.9247	850.178
-7.76277	-14.9824	99.1828
-8.90785	-14.8526	1594.5
-7.41258	1.32079	175.502
-9.24196	-14.647	146.077
-9.35778	-14.2809	109.368
-7.17054	-13.5666	1719.23
-9.78625	-14.6358	986.08
-9.01992	-14.1401	2295.32
-9.77126	-14.3908	1379.17
-5.87491	-14.6218	237.629
-5.87997	-14.8343	2076.76
-8.50921	-14.1461	2659.23
-7.11661	-14.4483	829.992
-3.42016	-14.8846	105.951
-7.36211	-13.6475	262.889
-8.43055	-10.6588	28.6257
-7.0276	-14.8653	493.236
-7.18043	-13.8521	841.427
-7.16325	-14.5016	1575.31
-7.62294	-13.8413	2069.21
-9.68915	-14.8937	373.423
-6.19589	-14.7401	768.334
-8.16553	-14.7636	1003.03
-8.3837	-14.9415	619.916
-6.06349	-14.4145	184.768
-10.5539	-14.4731	242.266
-6.04498	-14.2175	473.028
-7.08511	-14.5885	242.693
-5.97291	-14.8048	1525.15
-9.04333	-14.9005	1029.9
-6.20391	-13.132	69.2471
-7.99778	-14.3055	1678.74
-9.5333	-13.0688	867.445
-7.76972	-14.5485	2536.76
-6.63592	-14.5283	1200.51
-6.28762	-14.936	964.526
-7.62295	-14.3671	500.991
-8.32163	-13.5583	1968.21
-7.94463	-14.8881	1012.33
-5.41231	-14.8851	1628.54
-1.71384	-12.0996	187.167
-7.84427	-14.319	989.583
-8.23235	-12.7571	1264.51
-7.74335	-12.2463	359.547
-7.32271	-14.6232	2154.39
-8.07067	-12.7953	1288.43
-6.96483	-11.7654	251.793
-5.5525	-14.4529	1181.98
-7.31026	-13.7825	529.076
-5.81285	-13.8825	444.597
-6.76524	-14.9213	2667.92
-11.3179	-13.3161	145.475
-10.7108	-10.4924	14.7916
-8.04915	-14.3732	1056.48
-6.11948	-14.705	1878.36
-7.55686	-13.5722	62.4447
-8.04294	-14.8	403.074
-9.63838	-14.9656	2549.72
-7.14123	-14.0359	2439.65
-5.3563	-14.4189	1342.73
-7.37876	-14.9589	818.881
-4.95851	-14.4729	461.766
-8.70409	-14.7299	1890.58
4.50826	-13.9311	561.891
-6.5219	-11.672	117.357
-4.45217	-14.2789	830.226
-9.53284	-11.2415	112.965
-7.4237	-9.72746	179.846
-5.06468	-13.6218	30.7932
-6.20951	-14.9903	1272.19
-6.66476	-14.5862	1358.8
-6.68745	-14.3202	697.342
-5.77342	-14.4684	490.399
-5.72085	-13.783	156.014
-6.74369	-14.5009	524.527
-4.43494	-14.5296	1409.06
-7.34328	-12.9711	1698.33
-7.9094	-14.921	1436.93
-6.00957	-14.0956	210.424
-6.72243	-13.5113	1193.16
-1.80246	-14.4255	211.9
-9.35883	-14.1688	712.028
-6.47161	-14.9977	1345.02
-9.58535	-14.2202	100.797
-6.09674	-14.4368	181.121
-11.7792	-14.9794	68.8387
-8.78952	-13.4109	410.263
-9.46899	-13.7028	1639.6
-7.91545	-11.631	60.5986
-8.27331	-14.9284	1787.08
-9.40127	-14.2309	115.169
-7.31158	-13.635	1193.68
-6.62242	-13.0399	1096.31
-7.00354	-14.4486	1488.2
-6.90783	-14.097	1023.74
11.4655	-6.2987	501.503
-7.96831	-14.9302	417.739
-6.86969	-14.2908	1171.88
-4.17663	-14.7502	1114.52
-9.47418	-13.8563	745.783
-6.23207	-13.7586	889.034
-6.89364	-14.7702	2683.85
-8.39058	-14.5227	540.551
-6.21096	-14.1465	111.514
-8.5216	-14.3505	1963.24
-8.02786	-13.7408	1041.16
-5.52476	-14.9866	745.047
-6.02993	-14.8612	2935.83
-6.3424	-13.7063	1035.96
-0.0661873	-5.70244	193.697
-8.55345	-1.09098	218.547
-4.34554	-14.9729	1704.1
-6.29506	-14.8257	456.353
-8.10266	-14.783	858.992
-10.9208	-14.2361	979.725
-10.0933	-12.1869	155.413
-8.59731	-14.9075	2248.79
-7.30637	-13.4242	603.404
-8.11642	-14.7486	2124.25
-6.65125	-13.8294	254.766
-8.08381	-14.0797	2265.97
-9.19413	-14.6457	2768.37
-8.26624	-14.6704	2946.66
-5.86427	-14.952	1658.47
-7.6522	-14.6917	998.832
-8.87281	-14.4709	1589.87
-5.84789	-14.4071	329.138
-5.57161	-14.9325	1593.2
-6.99254	-14.6867	1347.3
-6.33437	-14.9515	2799.48
-7.01896	-14.7856	210.311
-8.31066	-14.433	107.497
-6.59026	-12.9833	533.399
-8.21903	-13.2386	738.235
-10.4023	-14.6103	1870.93
-5.56785	-14.8222	668.643
-6.85035	-14.8261	482.819
-7.90388	-14.7452	311.326
-9.97865	-14.6201	1267.94
-6.71589	-13.6208	1354.29
-5.39124	-14.8395	1233.24
-5.57939	-13.3317	1622.53
-8.74357	-13.7245	671.93
-9.39843	-14.7707	674.876
-9.26462	-13.7633	100.536
-7.95412	-14.9992	502.243
-7.92344	-14.5516	801.22
-5.93018	-13.8447	1218.83
-5.72937	-14.2092	2488.45
-5.1509	-13.9505	2311.96
-7.62108	-14.6865	321.632
-11.407	-14.4165	184.302
-7.77363	-14.8513	1018.58
-10.6243	-13.672	142.76
-9.08399	-14.2052	1271.24
-10.3861	-14.9441	226.565
-7.63034	-11.0358	129.454
-7.74906	-14.5792	362.308
-7.1783	-14.3717	2739.31
-9.41874	-14.0576	1236.92
-8.30498	-14.1197	1670.11
-7.86848	-14.583	2648.4
-8.59749	-13.5106	432.182
-7.7799	-14.9746	331.489
-7.71748	-14.9688	144.562
-5.97841	-13.5276	128.855
-10.2481	-14.5336	775.834
-5.72639	-14.9887	1548.05
-3.95691	-12.512	47.9142
-9.19264	-14.978	2377.97
-8.05572	-14.3436	229.703
-9.84669	-11.1336	127.414
1.90243	-2.85223	314.569
-7.44577	-13.3279	780.684
-6.14238	-14.9439	482.02
-7.03829	-14.1363	866.464
-6.37194	-13.8479	214.524
-5.81521	-14.3383	2607.74
-7.24877	-14.6821	307.031
-8.62803	-13.8999	332.926
-9.52026	-14.5451	629.785
-8.21754	-14.4086	70.5207
-9.10843	-13.4706	1119.72
-8.05009	-14.9593	2049.52
-8.59794	-14.6848	1146.77
-6.61876	-14.5271	2376.94
-8.70733	-14.9694	2943.11
-9.75492	-14.1157	182.909
-7.43651	-14.4833	1132.48
-7.32547	-14.6021	1623.39
-8.17022	-14.5917	2652.24
-5.51655	-13.5922	384.609
-6.4444	-14.3099	1451.91
-5.91706	-14.7775	937.742
-7.04944	-13.7053	606.247
-7.75984	-13.2154	89.824
-7.29662	-14.0642	771.413
-6.80947	-14.9907	259.609
-7.8388	-14.8517	409.738
-6.96303	-14.6659	2186.97
-5.86712	-14.6861	283.6
-7.40515	-14.3405	1172.33
-6.2582	-14.4635	240.369
-8.89906	-14.8421	115.759
-7.022	-14.5704	1615.25
5.51566	-12.3469	309.75
-7.68196	-14.8076	2218.61
-8.53953	-13.6451	23.8806
-7.1226	-13.3744	247.632
-6.90632	-14.7866	882.431
-7.0353	-13.9571	761.746
-7.24655	-14.2527	697.625
-8.10756	-14.2362	521.179
-5.35531	-14.9411	57.2929
-5.24681	-14.7999	1652.52
-7.37692	-9.50055	136.387
-5.93413	-14.5206	293.688
-6.58522	-13.8809	1333.44
-6.16735	-14.6184	335.941
-10.471	-10.9201	30.6556
-8.8475	-14.5891	121.019
-8.8291	-13.7593	1739.35
-8.01847	-14.0685	2186.3
-12.3068	-11.4769	151.375
-6.61661	-14.7773	552.542
-7.55466	-14.1319	1895
-9.83207	-14.5179	570.613
-7.6773	-14.4245	428.584
-7.78578	-14.5727	2358.05
-5.19332	-14.1644	804.942
-5.4802	-14.9095	2166.75
-9.65472	-14.6894	1472.58
-6.48252	-13.8358	106.493
-0.101265	-9.92997	122.419
-8.03385	-14.9998	267.92
-8.54657	-14.5921	659.916
-9.18401	-14.6034	308.817
-6.6621	-4.69686	142.972
-8.33274	-14.0099	167.5
-9.14594	-14.8186	2485.2
-9.33166	-14.9128	421.454
-8.07622	-14.242	902.89
-12.0061	-12.1158	165.731
-8.08426	-14.3159	407.136
-4.79241	-14.5829	2004.7
-7.17975	-14.2574	75.0056
-8.57535	-14.0316	898.051
-9.96337	-14.7118	23.799
-14.2015	-12.3757	4.46048
-7.69293	-14.4739	440.103
-8.09414	-14.0647	439.148
-6.43684	-14.2169	553.37
-7.12638	-14.8269	2519.27
-6.23454	-14.7361	30.3088
-6.36665	-14.2872	571.79
-5.51819	-14.5064	224.431
-7.39872	-14.7076	2571.81
-12.0164	-11.9788	203.992
-5.29274	-14.7645	2475
-4.55919	-14.2668	1698.23
-4.5078	-14.3712	524.01
-8.08265	-14.0623	2182.29
-8.63321	-14.7554	634.754
-8.08255	-13.6407	1681.84
-9.11928	-14.7615	724.767
-5.52973	-13.4554	788.244
-6.91937	-14.6296	2060.93
-5.88963	-14.2499	1882.97
-5.47439	-14.9788	28.1873
-8.64818	-14.5776	1297.64
-7.98832	-14.9854	3060
-7.86073	-14.3115	2636.32
14.5774	10.4002	974.538
-7.29033	-14.1412	1670.74
-6.28976	-13.1063	202.815
-6.40561	-14.7222	989.52
-9.29372	-14.9756	326.261
-9.66111	-14.9156	747.688
-9.60667	-14.8656	1046.31
-8.13766	-14.4525	732.557
-7.98496	-14.8702	2995.67
-7.71426	-14.1702	1461.23
-6.2055	-14.5596	476.559
-6.01677	-14.914	125.448
-7.7141	-13.2861	1298.15
-6.35244	-14.8852	840.532
-8.61776	-14.8686	2699.54
-9.59998	-13.6712	1664.79
-8.5856	-14.7411	2901.63
-8.63099	-13.6386	1308.09
-7.43643	-14.1006	1263.3
-6.98403	-14.7827	1129.87
-8.08682	-14.2934	2728.38
-14.0127	-10.0474	52.838
-5.76541	-14.6817	2236.28
-8.29947	-13.7165	161.839
-8.59552	-14.8946	659.405
-8.91762	-14.8306	2783.27
-7.17133	-14.5547	1880.14
-5.66146	-14.323	1233.4
-6.8699	-14.8886	2243.67
-7.25175	-14.301	471.51
-5.48751	-14.5552	132.319
-9.26002	-12.8567	512.722
-8.53193	-14.061	232.919
-5.56825	-13.276	1281.5
-6.97835	-13.8618	2164.49
-6.41029	-12.5843	87.9938
-7.09185	-13.2452	1096.54
-6.90385	-14.4697	804.609
-9.62788	-14.9505	1493.4
-9.26272	-14.6035	1593.93
-5.78735	-14.4481	1280.13
-7.45412	-14.2182	1753.05
-4.8073	-13.6112	207.888
-4.71918	-14.1775	1655.23
-9.04827	-14.5175	1368.75
-6.03216	-14.9797	1375.22
-8.13034	-14.0833	1532.7
-5.99295	-14.725	2208.45
-7.69477	-14.7572	650.995
-7.65345	-14.4437	648
-6.62693	-14.5693	1550.62
-7.72088	-14.3163	918.95
-7.69025	-14.9804	2936.94
-7.65456	-14.2678	1502.23
-6.10973	-14.2812	1020.82
-5.81487	-13.9276	74.0928
-5.89483	-14.6869	1779.07
-9.1047	-14.7636	2679.2
-5.2221	-13.1503	770.11
-7.09937	-14.6501	291.534
-8.51409	-13.8436	116.183
-8.50287	-13.8226	917.2
-7.11532	-14.752	763.862
-9.23901	-14.8023	155.364
-7.03687	-14.653	1207.58
-7.4123	-14.5376	1237.37
-7.0376	-13.8083	539.752
-5.47924	-14.1899	883.337
-6.09353	-14.3583	98.4706
-7.72058	-13.5003	1342.14
-6.98415	-14.81	2769.55
-6.02601	-14.6336	2819.99
-6.27616	-14.185	523.439
-8.22132	-14.5228	2151.53
-8.51395	-10.9891	34.7432
-9.62286	-14.8312	2199.02
-6.10466	-14.9194	1588.36
-8.57342	-14.2722	2609.26
-5.39825	-13.6984	239.458
-8.22385	-14.414	275.27
-6.39294	-14.6039	138.926
-5.69896	-14.5123	2581.31
-7.24519	-11.7909	100.453
-7.80489	-13.2019	1177.68
-10.8042	-13.9837	228.158
-5.76278	-14.6599	1041.01
-10.259	-14.8689	1687.67
-9.43418	-14.7138	612.588
-7.37337	-14.1057	1132.34
-6.97579	-14.9623	155.636
-9.58147	-14.5518	1582.39
-6.9017	-13.3395	521.905
-8.27817	-14.7618	2303.33
-8.94726	-14.8106	391.628
-7.36016	-14.7019	2925.11
-9.5177	-13.2831	695.014
-7.04124	-14.985	170.193
-6.14262	-14.8233	3060
-2.69743	-14.9781	244.845
-8.95571	-13.33	93.7105
-6.78126	-14.1668	2503.28
-8.3808	-14.3184	2317.13
-5.62335	-10.3145	138.995
-7.87967	-13.3424	140.096
-8.14354	-13.1513	121.688
-5.71669	-13.1166	518.031
-8.13624	-14.9416	2513.72
-7.34325	-14.7184	2173.81
-8.21613	-14.3709	98.353
-4.16043	-13.5644	75.5508
-5.21554	-14.89	715.717
-8.20112	-14.93	1564.15
-10.6825	-14.208	122.743
-8.61581	-14.5532	275.573
-7.45625	-14.2707	1317.32
-6.99875	-14.7365	2457.88
-6.24277	-13.4068	561.77
-10.2831	-12.4263	350.127
-7.67566	-13.809	1246.54
-8.96304	-14.1093	640.368
-9.38598	-11.9265	13.678
-7.44128	-14.8246	773.009
-7.18145	-14.8321	2788.42
-8.5182	-12.4672	916.339
-6.89411	-14.0495	2655.12
-9.42997	-14.5005	461.477
-10.4065	-10.8714	120.367
-7.68916	-14.3545	607.835
-5.31176	-11.656	190.413
-9.69186	-10.0182	130.721
-14.4516	-10.1914	13.0591
-9.4192	-13.9537	589.441
-7.0061	-13.8799	1883.55
-9.54261	-14.0105	332.977
-6.38441	-14.7371	1601.2
-7.2025	-13.0676	71.2184
-7.87679	-14.7673	1543.18
-6.97149	-14.9294	1387.75
-5.74514	-14.1134	2066.76
-8.70408	-14.5196	1275
-3.92117	-12.8624	81.4749
-6.52563	-14.6582	524.326
-7.95385	-14.4232	39.2855
-4.85952	-13.4702	27.2554
-7.92486	-8.39323	169.556
-7.48234	-14.4956	617.41
-6.06314	-14.6197	884.908
-4.97186	-14.4629	1431.48
-9.1947	-14.3762	510.146
-9.78047	-12.6367	118.113
-4.98114	-14.6665	463.596
-5.77876	-13.5553	2091.21
-7.93263	-14.6553	2079.09
-7.55635	-14.5715	2680.25
-8.47814	-14.8618	104.768
-10.6222	-14.666	375.905
-6.57639	-14.5968	1967.8
-4.19073	-10.4053	137.017
-8.66594	-14.6181	1072.13
-7.03663	-14.9095	2853.58
-6.16767	-13.5337	2093.1
-8.04879	-14.6308	314.996
-7.45954	-14.1263	1726.08
-7.22682	-14.4244	2509.36
-5.97072	-12.8235	34.7432
-6.44938	-14.7335	1085.39
-3.33896	-13.5642	169.618
1.33379	-7.09463	160.752
-8.27286	-14.4035	1041.45
-6.88978	-14.5116	2754.69
-6.27975	-13.855	310.938
-7.42397	-14.9375	121.096
-5.6482	-14.3241	818.301
-7.15443	-14.9343	2406.06
-5.95304	-14.927	2187.47
-4.20411	-13.196	39.1961
-6.04434	-14.4851	1845.5
-7.67386	-14.6851	391.075
-6.71946	-14.1675	408.538
-8.27376	-14.6612	143.997
-6.49063	-13.19	121.499
-7.36788	-14.2442	2245.78
-7.73961	-14.2794	386.744
-7.29275	-14.4622	480.788
-7.87489	-13.813	1727.15
-7.54837	-14.7982	577.958
-8.30004	-14.9661	1581.89
-6.25637	-14.7528	1178.41
-9.44547	-14.4248	67.2746
-2.12926	-11.5047	127.229
-5.73734	-14.7212	1021.73
-5.00752	-13.7308	74.0695
-10.1207	-11.2905	129.195
-6.92903	-14.3383	2554.38
-9.97656	-14.4636	1047.59
-7.01285	-14.9542	190.52
-6.2026	-13.5071	120.797
-7.38734	-13.5237	1035.68
-8.78679	-13.5845	1079.22
-1.84316	-8.87811	98.5147
-12.0029	-14.6659	135.493
-6.23132	-14.0044	705.603
-6.01623	-13.4733	4.27679
-8.20331	-14.4379	477.073
-7.18378	-14.7725	317.038
-7.5277	-14.6336	278.871
-7.41203	-11.6096	333.283
-8.20854	-14.4182	776.524
-6.63614	-14.3375	1741.29
-9.0465	-14.7701	497.433
-8.00291	-14.9534	492.45
-6.12791	-11.4282	53.8356
-7.34397	-13.8929	1978.34
-4.96896	-14.1014	914.779
-6.42546	-14.7927	5.25981
-6.9037	-14.6287	889.499
-9.49137	-14.5139	2400.8
-6.67635	-14.9202	3060
-3.93042	-8.36879	63.8194
-7.95011	-14.6511	2792.1
-5.08107	-11.9053	96.9818
-9.38041	-14.3258	211.188
-9.10221	-13.4991	681.731
-7.1757	-10.7945	484.151
-6.01335	-14.2367	1011.18
-7.51842	-14.978	183.884
-9.75014	-12.4431	92.8927
-9.63304	-12.9806	110.223
-7.32932	-14.1636	913.694
-8.77167	-14.7134	402.13
-7.81521	-14.7815	1182.84
-6.77852	-14.5974	1788.06
-8.86144	-14.8043	849.911
-6.01517	-14.098	1494.46
-9.21238	-13.6522	580.462
-8.33231	-14.3385	766.621
-12.2646	-12.5461	68.2711
-8.10889	-14.586	2379.98
-7.12231	-14.0128	1560.68
-8.33441	-14.5654	2812.28
-8.83331	-14.0846	110.869
-5.7104	-14.0035	1224.62
-10.1899	-12.6149	130.694
-6.07809	-14.606	404.894
-8.76523	-14.768	362.419
-10.9982	-12.7333	129.973
-7.65314	-14.653	538.693
-6.12173	-14.9926	2565.77
-8.77091	-14.0354	1392.35
-12.9673	-13.4987	228.43
-5.33797	-13.6357	772.286
-7.68075	8.9315	97.5731
-8.65053	-14.7453	351.71
-7.60717	-14.9535	930.487
-8.64318	-14.6951	1411.05
-9.10169	-14.1806	571.751
-9.07099	-13.685	816.622
14.228	-14.5635	436.988
-7.78543	-14.2188	1850.28
-10.2738	-14.424	133.745
-6.08927	-13.8838	748.432
-7.45894	-13.4289	1902.42
-8.19476	-14.3779	1051.16
-5.33537	-14.9651	2615.65
-7.98089	-14.3021	1356.13
-10.3835	-14.6852	629.065
-6.69104	-14.9268	2484.11
-6.34853	-12.2311	169.769
-7.00894	-14.2697	2534.62
-8.54845	-13.9933	566.972
-6.09861	-14.9818	46.5342
-4.95647	-14.4836	79.5848
-7.78124	-14.8874	226.753
-9.1096	-14.5811	966.275
-5.86154	-14.7437	1008.74
-9.49615	-14.6902	926.728
-8.23765	-14.2322	450.524
-9.42908	-14.6453	112.862
-8.61327	-14.4817	1283.74
-7.43339	-14.552	1376
-4.01208	-14.4049	650.66
-7.28942	-14.9018	2288.48
-8.07994	-12.9434	179.115
-7.51295	-14.0687	353.828
-7.54448	-14.5271	1400.98
-5.52844	-14.5042	648.697
-9.87488	-14.1416	742.572
-7.01356	-14.5873	235.822
-0.47935	-9.98367	196.854
-8.04225	-14.6032	731.69
-8.31215	-13.8806	558.184
-7.24526	-14.8863	2929.4
-6.03565	-14.6502	2504.91
-9.2487	-14.7373	61.5661
-8.47211	-14.8369	76.957
-9.15971	-14.6775	1229.29
-9.36957	-13.717	692.882
-6.22102	-14.9342	3060
-9.53713	-14.6147	157.504
-5.71879	-14.753	113.472
-5.65897	-14.8635	681.147
-10.3384	-14.8925	541.573
-6.51269	-14.773	657.88
-6.10442	-14.781	2944.65
-7.51218	-14.31	441.117
-8.10211	-14.7417	1671.65
-5.32022	-14.821	1086.29
-9.3782	-14.8057	68.5465
-8.06641	-14.4084	490.612
-9.83531	-13.6184	1693.17
-6.91697	-14.2732	829.026
-14.3085	-13.5004	208.366
-8.02291	-14.5308	743.756
-6.00374	-14.7878	140.806
-6.33143	-14.1763	110.319
-8.6965	-13.497	45.4032
-8.21835	-13.353	233.576
-8.25169	-14.4295	941.456
-9.73447	-13.6189	463.831
-7.81501	-14.9541	2901.12
-5.49776	-14.6313	999.707
-6.93664	-14.6442	1402.66
-2.74223	-13.116	12.8889
-8.56163	-14.147	2562.4
-8.40696	-14.6698	258.265
-6.13641	-14.8961	2533.63
-6.5654	-11.025	190.657
13.0508	-5.79547	1.97098
-7.76268	-14.6825	2211.47
-8.30974	-13.8228	548.965
-6.77663	-14.1106	944.296
-6.6608	-14.7496	1447.92
-7.55764	-14.9237	1010.82
-5.89186	-13.7356	1161.29
-6.90298	-14.9501	658.167
-8.7471	-14.1657	580.715
-5.97275	-8.95089	181.7
-6.84818	-14.3829	2244.55
-5.1623	-14.9592	471.178
-6.16478	-13.2158	34.2907
-6.04345	-14.3241	513.028
-7.68325	-14.947	428.411
-6.86476	-14.5385	633.842
-8.09654	-14.9307	2071.06
-9.31942	-13.704	643.132
-10.6839	-14.2475	635.656
-9.38323	-14.3442	471.132
-6.91374	-14.934	201.576
-7.70098	-14.6653	991.349
-7.38892	-14.2339	1315.52
-10.1134	-13.6448	134.915
-9.74985	-14.0431	93.9605
-12.4544	-10.6663	16.7824
-7.18783	-14.9085	140.779
-7.30446	-14.9327	116.415
-5.18452	-14.2922	1506.72
-8.88585	-14.6558	213.803
-7.0383	-14.9518	258.758
-8.40441	-14.3806	1646.01
-5.76915	-14.8888	468.746
-7.49758	-14.9681	3060
-5.30597	-14.369	197.564
-8.18073	-13.8611	581.955
-5.74568	-14.9898	1073.25
-1.80027	-14.3317	149.307
-4.25945	-11.4679	273.017
-7.95248	-14.4957	156.818
-5.57069	-14.9961	999.586
-8.10788	-14.8528	2132.72
-7.60037	-14.5027	2474.47
-10.1678	-12.5987	250.993
-7.17091	-14.7742	2656.98
-7.54217	-13.6248	1525.27
-6.27827	-13.6882	307.886
-9.05876	-14.4922	628.155
-6.04333	-14.6504	575.54
-7.78217	-14.9399	1428.53
-6.6372	-14.7577	1418.41
-5.39518	-14.6305	123.461
-5.75373	-14.6435	1349.44
-9.21663	-14.8532	1592.39
-7.21868	-13.5217	1483.1
-9.36214	-14.7231	176.047
-7.91035	-14.9842	2129.68
-5.469	-14.592	611.718
-7.79459	-14.3755	2424.94
-7.50361	-14.6906	2872.74
-7.88506	-14.9858	2907.47
-8.02277	-14.3038	1699.36
-11.231	-14.3279	758.812
-9.53406	-14.5113	1797.72
-6.47872	-13.6847	575.676
-8.45754	-14.7809	927.464
-6.4565	-14.4281	1686.54
-8.36911	-14.9311	291.518
-10.0731	-14.9176	144.294
-8.94613	-14.8109	1978.12
-7.92761	-14.9107	1137.5
-6.74843	-13.3616	695.612
-7.35903	-14.5565	1931.09
-6.46022	-13.9433	1482.78
-6.55503	-14.7826	407.559
-9.34072	-14.7287	657.94
-9.3067	-14.6876	649.285
-6.23501	-14.6983	138.887
-8.70967	-14.8947	2404.62
-6.36861	-14.562	2157.68
-6.39572	-14.4169	797.589
-8.30379	-14.9276	2704.87
-5.42759	-14.1101	337.793
-7.69308	-8.97693	153.103
-7.76895	-14.5887	2725.76
-7.61948	-14.6617	2640.17
-6.71875	-13.6734	801.206
-7.7454	-14.675	1313.77
-9.75799	-14.6276	835.217
-8.74881	-13.8918	579.42
-7.39474	-14.1163	1890.46
-7.18197	-13.753	1675.03
-8.25789	-13.7319	981.137
-6.65572	-14.7939	1832.4
-6.6041	-14.1696	1473.45
-9.63791	-14.538	2374.9
-8.37467	-14.5902	2397.97
-9.10466	-14.7114	1569.62
-7.13203	-14.44	216.421
-7.39659	-14.2709	527.26
-9.54215	-14.253	875.157
-9.26841	-9.11002	145.55
-6.32085	-13.2504	773.626
-8.09615	-13.8451	143.192
-6.16158	-14.7359	760.153
-5.09254	-14.501	220.028
-7.35849	-14.7684	2334.51
-8.63419	-14.8994	390.627
-8.92946	-14.613	678.518
-6.74772	-14.6589	2781.08
-6.28234	-14.7409	607.851
-7.82197	-14.7785	15.5369
-6.30407	-14.7707	2723.71
-6.69531	-13.0687	72.692
-7.73296	-14.991	2003.69
-8.76893	-14.8088	378.688
-8.33226	-14.6785	1106.83
-7.30472	-14.2118	1171.8
-8.03884	-14.6257	2095.14
-6.70378	-14.4769	446.147
-9.10726	-14.5772	162.358
-5.56967	-14.9758	793.877
-6.82705	-14.0836	733.551
-8.11198	-14.717	962.597
-8.64795	-14.705	760.052
-7.09784	-8.34196	530.713
-6.82043	-14.7703	2442.29
-6.37896	-14.664	388.848
-2.62096	-14.7362	107.817
-8.5323	-14.8021	645.423
-6.80052	-14.9354	284.995
-14.7739	-9.37249	39.3441
-8.14963	-13.7503	1077.41
-7.83573	-14.8148	382.781
-7.41657	-14.2393	398.92
-4.88475	-14.6599	58.83
-8.68332	-14.4889	488.822
-10.0982	-14.1495	402.124
-7.75799	-14.8831	3060
-7.03984	-13.1826	1164.09
-4.74793	-14.2975	162.257
-8.8848	-14.6273	1051.07
-8.1897	-14.8618	228.185
-10.1188	-11.1264	484.268
-6.73848	-14.7525	1808.45
-8.0118	-14.831	2569.09
-8.5564	-14.1553	1777.56
-8.12468	-14.7945	1971.95
-5.98469	-14.917	2367.36
-7.40863	-14.1881	2149.08
-6.89949	-12.818	225.772
-8.39999	-14.4808	749.959
-9.54046	-14.351	799.291
-6.1872	-11.9885	193.173
-6.67953	-14.653	698.692
-5.64042	-14.1488	767.522
-6.91991	-13.9382	2406.94
-7.08455	-13.8376	330.621
-9.77479	-13.9669	1821.86
-6.16573	-14.2687	285.184
-4.76178	-14.8409	388.771
-9.16013	-13.99	106.433
-6.75944	-12.6015	129.032
-10.0452	-14.7155	202.443
-8.70169	-14.1093	497.161
-7.78261	-14.2167	669.376
-13.8814	-11.1584	289.145
-5.64828	-14.8202	599.631
-9.74996	-14.1243	1068.76
-9.37126	-14.9888	159.506
-8.41184	-14.0537	105.479
-8.19781	-14.7006	933.894
-7.49605	-13.3227	34.2907
-7.15682	-14.0927	1040.98
-7.44753	-13.1784	437.176
-9.93945	-13.7339	1175.84
-5.043	-13.9851	525.503
-8.70652	-14.9923	661.032
-7.41946	-13.4793	115.374
-7.96974	-14.7416	2904.32
-5.91356	-14.6468	1887.74
-7.14703	-13.4043	1530.72
-5.89317	-14.0167	120.731
-6.82619	-14.994	1120.09
-8.53689	-14.2682	2343.19
-6.57819	-14.1652	414.557
-6.67393	-14.8919	2064.18
-8.84654	-14.7508	871.18
-8.62637	-14.7857	1319.74
-6.39526	-14.3251	210.209
-8.35253	-13.9987	1647.7
-9.3961	-13.5608	360.51
-7.94849	-14.5286	1200.52
-7.75218	-13.2737	1310.59
-8.49591	-14.9952	98.3607
-7.08017	-13.6275	993.193
-5.30107	-13.545	101.862
-9.62817	-13.7022	1382.35
-7.53525	-14.0226	2157.84
-8.67416	-14.3679	723.519
-7.31625	-14.4655	2523.22
-7.09896	-14.6149	799.628
-2.92166	-10.0991	145.016
-9.65741	-14.9258	121.093
-8.51894	-13.5829	120.669
-6.38139	-14.0457	1554.78
-7.66516	-14.4655	122.97
-8.31621	-14.3732	2239.88
-8.07241	-14.7772	203.708
-5.7279	-14.8489	1543.02
-6.47523	-13.823	215.236
-5.66602	-14.5809	1888.41
-7.75233	-14.6008	2246.31
-6.88089	-13.982	116.891
-6.88256	-14.1714	168.763
-7.21794	-14.483	785.14
-9.93267	-14.8976	1608.78
-8.69439	-14.3503	851.506
-6.42127	-14.7193	1032.03
-6.17698	-14.805	416.409
-8.70652	-14.4438	2571.77
-7.25439	-14.3969	498.062
-7.09972	-14.8821	2648.17
-7.11472	-13.485	795.573
-5.71101	-14.9743	508.241
-6.90684	-14.6327	1744.51
-5.55871	-14.5364	1533.06
-6.43566	-14.3637	2795.69
-9.3588	-13.9842	2088.82
-6.81116	-14.9111	986.264
-8.23249	-14.9679	259.865
-6.47991	-14.4184	46.8302
-6.0632	-14.5408	842.689
-8.86027	-14.329	2335.38
-0.47892	-14.6738	52.5885
-8.03956	-14.6526	215.855
-9.36967	-14.628	1218.82
-7.85468	-13.1632	139.054
-5.87323	-14.5721	290.439
-7.89709	-14.9618	402.187
-5.66158	-14.309	1726.14
-6.85854	-9.23194	148.758
-9.04259	-14.8471	526.478
-9.57614	-14.8213	1983.1
-7.47398	-14.3251	1673.44
-8.3719	-14.6066	939.869
-6.9743	-14.8924	375.154
-7.39907	-14.6633	2206.65
-6.22115	-14.6248	2724.02
-6.94635	-13.6428	73.025
-7.39841	-13.2843	1002
-8.59269	-14.8204	266.912
-7.20755	-14.9907	2601.27
-6.3253	-13.5863	636.041
-9.12109	-14.4811	308.295
-9.03258	-12.1578	154.459
-7.90528	-14.7393	2747.93
-8.23259	-14.8493	284.755
-7.24774	-14.5712	605.238
-6.55925	-14.821	743.166
-9.24769	-14.0092	239.58
-5.49313	-13.9274	389.345
-4.90268	-13.0946	262.05
-6.42048	-14.9061	40.4296
-6.68796	-13.7199	1502.83
-8.75243	-13.8646	620.699
-6.65128	-14.8312	2796.7
-0.934479	-11.9085	173.121
-9.73676	-14.5316	2142.8
-3.73626	-12.7074	206.726
-6.87744	-14.9064	1070.17
-7.80791	-14.677	857.925
-7.01124	-14.3087	1786.37
-7.69486	-14.1757	115.988
-7.8498	-14.9982	137.961
-6.77259	-13.6034	93.4429
-8.09149	-14.0233	989.823
-6.66285	-14.7537	597.199
-6.94533	-14.71	976.229
-5.47865	-14.3435	484.218
-8.68424	-13.4954	1104.37
-7.73199	-14.0661	1217.71
-7.51079	-14.7208	1190.06
-5.22348	-14.2129	149.962
-7.75029	-14.3342	121.205
-6.44589	-14.1519	2261.57
-7.4943	-14.3118	704.749
-9.72958	-14.4608	959.356
-7.82442	-13.8327	70.8513
-8.26772	-14.0907	390.499
-8.56653	-13.1757	530.093
-7.34893	-13.9338	1433.91
-9.16734	-14.0375	1024.59
-7.52425	-14.8339	2131.64
-6.59669	-14.8008	2706.25
-8.77942	-14.9043	379.902
-8.42827	-14.7837	884.827
-5.84383	-14.9291	857.982
-9.9314	-14.75	602.439
-6.30753	-14.4295	111.924
-8.43328	-14.2033	1756.47
-7.64146	-14.9562	939.607
-8.34806	-14.9203	618.638
-6.37751	-14.2537	929.248
-2.94639	-11.6385	224.896
-7.3526	-14.2834	1206.27
-6.63788	-14.5462	2509.14
-5.98924	-13.8426	1483.53
-6.76351	-14.7188	34.7432
-9.20644	-14.9605	425.23
-6.21067	-14.6175	256.313
-14.1929	1.7056	118.815
-8.36201	-14.6269	137.326
-2.49006	-12.6987	189.979
-8.35415	-13.618	716.937
-9.25227	-13.4932	271.478
-9.81297	-13.7392	807.707
-9.2391	-14.9015	2188.13
-5.74693	-14.3973	316.856
-5.08722	-14.127	182.051
-6.77478	-14.522	2312.55
-5.79449	-14.8624	1397.41
-8.30405	-14.7914	1704.9
-5.86686	-14.4712	258.713
-10.4472	-13.3076	79.3689
-3.9795	-14.9473	83.1598
-7.90201	-14.9678	648.264
-7.60586	-13.8337	269.621
-6.51836	-14.3692	748.265
-6.04376	-14.871	2594.49
-4.08968	-14.2723	1580.98
-8.36588	-14.4072	2129.64
-7.03117	-13.4625	1077.88
-5.02605	-12.2719	142.67
-6.86761	-14.8261	165.116
-9.16204	-14.7862	630.446
-7.59506	-14.9237	1197.11
-7.31129	-14.4351	199.875
-4.26484	-14.6779	802.305
-7.67496	-13.9311	278.86
-7.71607	-13.9308	846.815
-9.21805	-9.48055	97.0195
-6.89918	-13.7236	886.006
-8.0696	-14.9822	1163.52
-8.77077	-14.8813	2018.78
-8.61022	-14.2384	1918.41
-4.17078	-10.4955	207.835
-8.70065	-14.5741	1415.53
-6.47203	-13.792	2139.06
-8.59244	-14.1581	432.036
-7.13919	-14.2486	1027.12
-6.76263	-13.8817	890.926
-0.988875	-12.0633	161.273
-7.54306	-13.8717	229.607
-8.42998	-14.8759	315.302
-5.94198	-14.9744	2967.49
-6.72794	-14.7929	1810.38
-9.27017	-14.6997	510.788
