9.35924	-14.6012	786.943
9.58955	-14.3657	951.974
12.207	-14.968	730.985
9.63694	-14.9708	1377.81
7.93941	-14.9903	1692.89
12.9129	-14.0966	11.8814
10.4461	-14.8705	2417.57
10.6666	-14.805	2879.78
12.0177	-14.9466	2389.74
8.49541	-14.7773	1935.23
10.526	-14.2482	1671.57
9.62447	-13.6403	1214.68
10.6966	-14.4234	2371.17
10.7396	-14.7194	904.26
11.6351	-14.1639	561.716
11.6715	-14.8456	358.936
11.0557	-14.4686	2224.49
11.8308	-14.5972	1879.93
11.5658	-13.6717	1171.58
7.20227	-12.8205	117.776
9.23214	-14.133	504.417
10.597	-13.4135	666.263
11.9824	-14.9641	527.958
11.7093	-14.5905	1794.66
11.745	-14.5067	2169.1
12.2592	-14.7904	2819.19
11.943	-14.4498	1318.24
11.2384	-14.5917	1092.09
10.4065	-14.5843	1636.02
9.72917	-14.8438	1037.85
9.46156	-14.9839	2985.64
8.91311	-14.3131	2341.46
11.8408	-0.577347	265.345
10.4179	-14.9567	516.097
8.04927	-14.3919	142.198
10.6233	-13.6414	1747.5
10.7786	-14.4452	1867.8
9.55849	-14.6177	136.229
8.82009	-14.5299	329.732
10.42	-14.1728	474.997
13.2703	-12.7924	463.167
10.8234	-14.6078	2029.39
12.992	-14.4324	920.889
11.0292	-13.6103	176.783
11.7848	-14.5188	1121.72
8.43398	-14.2859	13.474
7.65163	-13.0495	149.802
11.0097	-14.9836	3060
11.4123	-14.033	329.104
10.5213	-14.2502	2482.05
10.403	-14.1454	224.882
11.2545	-13.9934	759.845
10.4412	-14.4522	2307.75
11.9758	-13.9458	1501.38
10.061	-14.6387	1423.02
9.18173	-14.836	645.177
12.4465	-14.9207	323.567
11.4921	-14.7156	410.127
9.99566	-13.9046	2351.46
10.5575	-13.3393	452.829
6.45586	-14.4425	190.921
10.2076	-14.457	1339.15
11.0309	-13.9583	1705.38
12.4985	-14.858	833.044
5.54447	-9.22402	192.296
11.6883	-14.5444	312.974
12.0689	-14.3094	1895.44
11.9103	-9.42205	213.452
9.51364	-14.2754	727.606
9.95821	-14.0609	312.798
10.0631	-14.9335	1299.62
11.2914	-14.3613	2809.39
8.48207	-14.9745	2221.39
8.69217	-14.8155	1431.26
8.07171	-10.052	115.456
8.94922	-14.2412	710.126
11.5638	-14.6269	700.385
11.9247	-14.9011	1686.56
10.2826	-13.0886	89.9276
10.7264	-14.1982	1887.83
9.86925	-14.6926	2873.38
10.8642	-13.896	1548.07
10.2852	-14.6354	2766.49
10.3506	-14.9648	1148.01
10.079	-14.9494	261.113
9.76944	-14.4855	1398.29
9.58068	-14.1218	1961.62
9.94029	-13.4364	98.236
10.1023	-14.8199	2545.4
10.8072	-14.7304	1434.39
11.4717	-14.7642	1249.14
10.0962	-14.7809	146.025
8.62922	-14.6442	491.327
10.8452	-13.0729	547.965
11.6416	-13.886	1801.84
8.99448	-14.9935	118.413
11.7422	-14.1193	2187.54
10.3666	-13.9864	1008.22
13.0993	-14.5172	1343.47
11.7248	-13.5009	1377.45
11.4017	-14.4599	2444.04
10.7577	-14.8298	2371.38
12.266	-14.8411	455.799
11.2613	-14.8773	678.554
7.82343	-14.3156	1114.69
9.18113	-14.2902	143.205
9.82877	-13.1963	131.088
11.9139	-14.7865	97.864
8.89071	-14.9234	182.965
12.5174	-13.6722	307.258
12.0764	-13.6675	119.523
12.5838	-14.6298	624.571
14.9464	-14.1868	50.788
10.1062	-14.3921	2800.88
8.48885	-13.4745	1010.76
11.3256	-14.8461	2960.52
10.0571	-13.2648	1869.54
12.0087	-14.26	2283.53
9.79618	-14.5567	63.5066
9.08322	-14.0572	620.791
10.8358	-14.1249	902.808
8.21678	-14.533	219.231
9.53014	-14.1615	974.19
10.111	-14.787	2332.37
12.3524	-14.6653	2124.3
9.99778	-14.3457	2624.6
10.56	-13.9467	2131.84
12.0341	-13.4334	1752.82
10.4949	-14.6851	1346.56
9.51597	-14.1959	622.161
12.4629	-13.6095	1339.82
11.1998	-14.7598	2724.59
10.0896	-14.613	1335.82
10.641	-14.7595	727.278
12.1258	-13.8913	1490.56
7.52978	-9.60314	143.297
6.20065	-9.75965	208.437
10.7284	-13.3348	1420.37
12.8822	-14.5237	962.449
12.9124	-14.4356	120.705
8.66428	-14.1797	2087.17
10.4114	-14.4022	2644.45
10.108	-13.9882	538.286
12.6138	-14.3078	543.516
9.9013	-14.8444	1494.9
13.3672	-14.8892	138.865
10.8798	-12.5177	144.627
11.5305	-13.9155	2103.31
9.59367	-13.5275	1876.44
7.39902	-11.6044	120.231
10.2771	-14.4413	1433.58
5.86863	-12.1997	174.641
11.545	-14.7761	1404.38
9.06587	-14.5808	1168.09
10.8247	-14.4667	1621.83
10.8904	-14.9159	1659.24
11.9147	-14.5071	732.483
11.7103	-14.9895	298.722
10.8076	-14.3286	1159.67
9.97309	-14.2846	179.294
10.1611	-14.7052	309.265
7.47621	-13.9764	126
10.9775	-14.5129	412.204
12.4034	-13.808	803.53
12.3218	-14.7808	1330.88
11.3802	-14.9386	2876.12
11.505	-14.8517	170.133
11.5964	-14.4633	291.28
10.7954	-13.3244	390.739
9.07043	-14.5285	2287.07
8.5973	-14.6468	729.528
11.5537	-14.5254	1164.6
11.2208	-14.755	198.93
8.22886	-12.0903	62.9554
9.29648	-14.0435	1091.04
9.86081	-14.621	1530.58
12.2148	-14.7486	523.565
7.74324	-14.2592	482.404
11.7974	-14.814	1082.29
9.78142	-14.8456	2470.43
10.798	-14.9113	132.111
9.06007	-14.833	1134.52
9.18175	-13.9875	2097.75
11.294	-14.8041	3060
10.621	-14.807	2932.31
11.8922	-14.7056	841.24
11.4215	-13.6136	759.082
9.57317	-14.9223	332.757
7.58213	-14.9801	12.0371
10.6517	-14.19	2300.99
11.3811	-13.5215	111.824
11.953	-14.9588	1986.23
11.0204	-13.8424	1823.42
11.4085	-13.5552	2182.12
7.67816	-14.9276	1430.44
9.18356	-14.7162	2935.62
11.7307	-14.6588	683.085
7.28229	-14.649	588.227
11.5447	-13.109	133.086
11.1915	-14.0127	124.863
12.9413	-14.0285	105.905
10.5168	-13.711	1261.54
9.49714	-14.7386	970.579
11.1661	-14.8508	614.498
12.4053	-14.3327	1630.23
10.0036	-14.2059	2507.44
10.5325	-12.106	115.815
10.0594	-14.1554	583.263
11.8226	-14.6606	644.349
12.0588	-14.764	909.401
9.77404	-14.2603	172.197
10.8082	-14.811	2802.32
12.9408	-13.7108	1147.04
12.733	-14.809	786.814
4.88801	-10.6194	387.715
10.6851	-14.9147	558.911
9.36182	-14.0178	1215.34
11.9648	-14.9311	2889.39
8.60952	-14.3278	198.713
9.3486	-14.6542	65.7927
13.2979	-14.9546	1317.4
9.52266	-14.6088	2299.09
10.388	-14.7834	1870.74
12.1313	-14.2893	1462.01
11.3479	-14.9475	624.145
10.2296	-14.4774	703.124
11.7864	-14.9762	670.297
10.2803	-14.9954	290.151
-0.398038	-6.75043	220.177
10.7763	-13.745	1830.25
9.58653	-14.6942	291.096
14.2159	-14.3335	370.38
11.5623	-14.6688	138.365
9.3978	-14.7219	2067.3
10.4766	-14.9576	466.661
11.2719	-12.9558	115.19
9.819	-14.3215	568.217
11.5084	-14.0736	451.338
8.82757	-14.4744	360.376
13.7402	-14.5193	262.11
8.13233	-14.3535	217.242
11.1479	-13.84	1160.34
10.8179	-14.6795	878.033
8.49195	-14.9502	1031.09
12.345	-14.0079	27.169
11.0835	-14.576	796.523
9.42959	-14.7514	1932.56
11.3048	-14.9476	914.342
10.3938	-14.2018	349.75
7.61317	-14.4805	84.9671
12.3418	-14.3147	323.826
9.28241	-13.0524	706.166
11.6997	-13.8372	1478.67
8.98066	-14.6832	938.947
9.7429	-14.4285	1171.4
8.9304	-14.2809	217.829
9.73735	-13.4526	176.94
10.7645	-13.9663	667.824
13.8879	-10.7974	316.596
10.7379	-14.9828	2988.04
9.98168	-13.7156	1246.1
10.6292	-14.9654	1589.56
11.7659	-14.5982	1959.57
12.7443	-8.32071	125.408
13.2178	-13.7209	495.501
9.92942	-13.6306	1558.35
9.76259	-14.7667	2375.73
8.82583	-14.8384	706.853
11.3574	-14.9692	2205.85
11.8362	-14.8316	1220.99
11.1489	-14.9451	1301.64
-3.84999	-10.0837	20.3246
10.7465	-14.0075	576.539
11.0035	-14.3423	251.117
10.0455	-13.8299	1858.12
9.94715	-14.6571	838.756
12.1924	-13.7195	1373.51
10.2425	-14.7136	2461.49
9.51177	-14.4317	2283.06
9.63591	-14.8501	2742.21
9.42266	-14.7389	2761.18
11.2111	-14.9492	460.142
9.08356	-14.2682	48.0067
10.2585	-14.5478	925.343
12.2672	-9.4357	271.321
12.492	-14.943	735.908
10.9589	-14.7731	2391.58
12.5291	-13.2692	997.563
11.3033	-14.5668	1508.77
10.8239	-14.2765	2287.05
11.5254	-14.9476	1372.19
10.4713	-14.613	2260.66
10.8348	-14.9284	1674.93
10.799	-14.4879	2329.66
9.77258	-13.9369	1987.57
9.69526	-13.6043	752.526
11.9227	-13.4207	31.3017
10.8946	-14.8417	648.415
10.5258	-14.425	1882.16
11.5808	-14.1509	394.77
12.4485	-14.9973	279.749
10.2342	-13.747	434.676
9.69507	-13.4804	190.336
10.1621	-14.2599	968.079
10.501	-14.4197	1899.95
11.4854	-14.5361	55.7957
10.1542	-14.4223	2401.61
0.799931	-10.7256	170.504
12.4504	-14.2136	1085.27
9.59353	-13.3953	974.818
11.2785	-14.4601	2382.65
11.1726	-14.2307	1346.32
13.1348	-14.4811	11.8814
10.7597	-14.6121	2544.23
8.48625	-14.4776	4.82666
11.0798	-14.4459	217.839
10.9705	-14.8461	1524.23
11.9556	-14.8855	3060
10.2197	-14.3413	292.128
9.88637	-14.9976	1553.4
10.241	-12.6657	832.768
9.55865	-14.1186	836.24
9.39036	-14.8061	2469.96
10.4566	-14.9935	1156.02
12.7273	-14.629	2085.12
7.39547	-12.5668	509.822
8.45812	-14.274	751.528
10.6095	-14.9236	2520.92
9.61358	-14.723	1693.42
9.39639	-14.1361	477.848
9.20319	-14.9441	1106.87
10.744	-13.8939	1086.35
10.9049	-14.595	1706.36
11.3217	-14.613	280.975
11.2773	-14.5283	62.2685
9.11671	-14.9869	858.777
9.91601	-14.253	2537.31
11.2137	-14.8593	1860.37
12.5851	-14.4241	534.208
11.5039	-14.8595	630.966
8.91832	-14.4566	158.4
9.74401	-14.495	2305.25
11.0199	-14.8365	1944.45
10.5656	-14.1461	1865.32
11.4201	-14.8784	2905.75
9.86673	-14.6581	685.375
10.6378	-14.5156	303.888
9.50759	-14.9217	1033.88
8.21501	-14.2315	542.425
8.89725	-14.5575	844.745
12.0653	-14.1726	566.235
9.59899	-14.9996	93.6154
9.94741	-14.9457	1615.22
9.86062	-14.7428	763.759
10.8767	-14.5994	47.2508
10.9057	-14.7876	115.092
11.4899	-14.8788	1924.7
12.4611	-14.4885	263.31
9.60705	-14.8703	2124.73
10.8138	-14.945	1722.76
11.0395	-13.8113	1920.48
11.2397	-14.6873	79.2722
11.4558	-14.7949	565.756
10.4612	-14.5274	1217.43
8.15875	-13.9856	2084.17
10.9261	-14.4118	1725.14
1.92781	9.53488	153.829
10.3322	-14.6653	2050.22
11.1416	-14.2075	2024.77
10.1558	-12.0076	73.0512
11.5789	-14.7714	2987.61
11.2897	-14.6296	163.636
10.802	-14.5854	1622.76
8.07667	-13.903	1319.62
13.3498	-14.4569	742.884
10.2164	-14.888	3060
9.31923	-13.8506	917.246
8.87143	-14.1621	375.387
11.3131	-14.8896	1422.38
12.2998	-13.8172	117.518
12.6453	-14.0614	1662.41
8.10212	-14.7096	1101.56
11.2339	-14.7162	2810.49
10.7471	-14.7558	1021.77
8.72133	-14.6757	705.829
10.8536	-14.4026	2338.56
10.8044	-14.192	1949.04
11.7766	-14.917	3060
11.0829	-14.1758	1274.01
11.8045	-14.3199	294.557
11.7775	-14.4589	1567.2
8.98027	-14.6549	1064.52
9.87307	-14.3803	199.112
11.3825	-14.8127	1365.01
8.22627	-14.562	162.286
9.58471	-14.9433	1230.78
11.1369	-13.6647	1652.41
8.28643	-13.9462	1675.77
12.2935	-14.2731	296.329
11.6918	-14.544	2690.56
9.05699	-14.9601	2716.19
9.57154	-14.5488	2369.84
9.93148	-12.9852	711.532
9.19869	-14.7815	272.794
11.1764	-13.1025	953.315
8.72432	-14.2553	2734.57
8.7621	-14.4739	354.015
9.37822	-10.0126	270.791
7.19636	-14.8746	703.83
9.09546	-12.3624	121.564
6.96758	-14.9665	1117.1
7.25423	-13.7382	100.57
13.4567	-13.9741	104.225
11.5125	-14.5057	994.327
9.55302	-14.8138	1172.61
9.98262	-14.5078	933.302
8.69372	-14.9339	120.06
11.7833	-14.6413	2052.22
9.00942	-14.3792	1295.1
8.20027	-14.1865	1154.97
10.5773	-14.9077	695.985
9.12947	-14.8911	2633.07
11.6364	-13.8681	571.976
9.97744	-14.9645	179.967
10.6867	-13.5526	203.533
10.7202	-14.7434	451.646
10.1349	-14.3521	672.603
12.1801	-14.0457	929.516
9.1256	-14.9181	146.751
9.07747	-14.5204	2743.2
11.2877	-14.7546	2950.28
9.48319	-14.6942	2336.63
6.78538	-14.1945	190.357
11.4457	-14.1542	1081.29
0.156487	-9.20154	176.895
11.1675	-14.8588	552.466
9.99209	-14.2781	2233.26
11.8906	-14.9385	842.489
10.6783	-14.7921	2110.93
10.1454	-14.6179	940.184
10.0659	-11.6739	93.0555
10.8787	-14.9688	1676.89
7.72276	-14.3026	343.982
8.50496	-14.2315	2243.82
10.948	-14.3208	1011.11
11.1163	-14.8807	1581.13
11.4788	-14.1669	233.184
11.9186	-14.1533	407.254
10.438	-14.2869	1140.21
11.3807	-13.7987	293.774
12.3515	-14.1878	1937.31
10.5945	-14.6726	2767.53
12.8654	-14.4809	365.201
11.0252	-14.9778	842.239
11.049	-14.4187	311.695
11.364	-14.7702	1009.21
10.2822	-13.7563	72.9468
11.5909	-14.5639	434.298
11.5225	-13.5129	1523.54
11.653	-14.9896	2633.44
9.26798	-14.8663	869.773
10.8062	-13.9406	969.959
10.4327	-12.3415	237.128
11.8701	-14.1471	312.942
13.5805	-12.7088	93.2593
10.4917	-14.6085	2114.5
11.24	-14.6271	1582.87
9.09534	-14.245	1374.03
11.0561	-14.8782	131.124
9.63003	-14.7828	348.66
10.391	-14.9167	2690.44
10.1675	-14.6777	573.908
10.6734	-14.3019	2010.53
11.7353	-14.9409	214.716
9.48162	-14.5094	2264.93
14.1512	-14.1169	168.51
9.8617	-14.8659	175.677
12.9187	-14.0277	253.461
10.083	-14.8066	2728.82
10.2301	-14.8095	2919.72
12.0702	-14.6102	657.636
10.7808	-11.7811	85.1731
10.486	-13.8655	2235.93
10.48	-14.9222	3060
9.97714	-14.644	1100.17
10.9069	-13.6282	1887.98
13.3839	-13.1515	578.043
11.0879	-13.3386	535.405
9.53395	-14.5916	2489.18
-7.47307	11.0435	57.5402
10.0785	-14.7641	1916.72
9.4531	-14.9861	430.745
8.80445	-14.4193	1089.45
9.62737	-14.8023	478.486
10.7987	-13.5579	60.2446
6.25906	-1.27564	297.328
10.2601	-14.6918	216.309
10.3314	-13.9457	114.057
11.512	-13.4246	795.844
12.3124	-14.6147	1889.35
8.49567	-13.3826	1256.23
10.6643	-14.1157	2221.7
4.25921	-13.9073	85.3238
0.682607	-14.889	146.72
12.4874	-14.5151	139.805
10.9824	-14.2701	2665.47
8.8277	-14.2178	104.05
11.5636	-14.4878	504.618
11.1818	-12.8004	498.66
10.1402	-12.1702	1086.98
8.74588	-14.251	629.039
9.65555	-13.5648	771.678
8.4712	-13.8927	275.225
11.3418	-14.5171	956.282
11.1534	-14.6338	1185.1
10.2543	-14.1499	1472.64
10.5112	-13.3133	902.511
9.953	-14.9051	2883.12
13.4504	-14.4037	1106.86
11.1601	-14.9179	266.156
10.4592	-14.6663	1533.07
11.7318	-14.917	838.284
12.6821	-12.635	38.7749
11.5254	-13.6923	2025.39
8.91216	-14.8428	340.244
11.7674	-14.969	1675.89
8.95321	-6.4943	171.409
11.5131	-14.2279	1045.36
8.68956	-14.6735	214.889
9.12926	-14.9987	2942.06
7.85957	-14.7993	149.762
9.87025	-14.459	202.081
9.79898	-13.9521	444.767
10.5538	-14.9747	2938.35
10.8789	-14.8222	2598.54
12.0452	-14.3731	747.256
11.4345	-14.7303	136.9
12.1634	-14.7913	699.096
10.7109	-14.7751	1124.12
9.4498	-14.0267	110.204
9.33699	-14.4479	98.4735
2.09878	-10.8373	295.159
8.77514	-11.4476	170.345
11.0832	-13.7441	2252.28
7.82216	-14.5676	659.67
11.8395	-12.8597	256.143
10.2419	-14.5943	1531.71
12.4927	-13.1727	25.3793
10.904	-13.7284	1690.85
8.82977	-14.9108	2576.12
11.3892	-14.9187	288.124
11.6547	-14.8795	409.254
10.4157	-14.5513	340.428
10.7524	-14.728	3048.17
10.4218	-14.6834	1755.71
9.90694	-13.9111	2020.8
12.9224	9.85649	66.3211
9.07754	-14.7887	409.077
11.3213	-14.3894	2246.11
10.5462	-14.6479	1499.31
8.01998	-13.6283	534.642
12.0296	-13.4854	143.884
10.9801	-14.9827	2485.38
9.6249	-13.3062	114.746
10.3225	-14.5462	359.943
9.06537	-14.1518	922.786
13.6234	-14.6134	169.477
12.1182	-14.7353	587.154
9.55614	-13.4893	1815.11
9.75248	-14.4539	2145.93
10.244	-14.6135	756.998
13.6736	-14.7686	181.672
13.0893	-11.9191	69.6218
8.93289	-14.6784	541.347
10.0302	-13.6447	396.32
11.8587	-14.539	2659.8
8.64527	-13.987	327.349
11.1688	-14.7901	1110.32
11.5286	-13.796	1674.64
13.2564	-14.6333	2361.45
10.9899	-14.2309	2219.37
10.4647	-14.3851	606.128
8.89172	-14.82	611.715
10.056	-14.975	1689.82
14.7492	-13.91	5.12557
10.3054	-14.3131	1088.09
9.82698	-14.6164	2469.89
8.18801	-13.4518	1266.45
7.36993	-14.5967	791.366
9.52221	-14.5072	287.633
11.856	-14.6536	2820.75
11.0652	-14.3684	456.313
12.5246	-14.2058	2253.3
8.81573	-14.899	369.118
10.0302	-14.2073	2442.65
11.1263	-14.9949	689.911
9.28925	-14.8222	590.646
10.4614	-14.8865	1483.63
12.1049	-14.4753	517.779
10.4611	-13.972	808.818
9.67588	-14.2939	1634.41
12.2127	-13.5083	859.021
8.59913	-14.5215	69.7858
12.4316	-14.4342	97.5813
9.37443	-14.3885	1166.98
12.0412	-13.6036	1437.18
8.80533	-13.4276	953.736
12.1737	-14.4479	1207.19
10.8409	-14.6127	1885.42
11.4056	-13.7014	1604.6
10.519	-14.9208	2615.16
8.54992	-14.656	2462.84
10.0045	-14.7631	1335.65
10.8013	-14.9015	2086.03
13.5562	-14.9293	112.59
11.7447	-13.8699	1094.14
9.83525	-14.8491	3060
9.49462	-14.8845	274.285
8.91665	-14.5247	473.341
11.6462	-13.7424	330.967
11.4076	-14.5853	816.477
8.39018	-14.0475	39.1961
11.375	-14.4329	231.793
9.45344	-14.939	2756.46
9.77532	-14.7447	970.606
10.3655	-14.8334	1192.19
10.9781	-14.8526	498.159
10.5967	-14.906	1781.28
9.00386	-14.381	200.984
11.3304	-14.6312	854.218
12.624	-11.9745	76.1711
10.6399	-14.9665	1583.59
9.37778	-14.1468	382.057
10.0708	-14.7561	630.859
12.9636	-14.3706	862.328
10.0849	-14.0183	833.806
11.672	-13.7853	132.892
11.9904	-14.4294	90.8009
13.2218	-14.9323	437.926
9.29512	-14.6751	1128.69
9.43008	-13.746	1208.64
12.3456	-14.9334	1360.69
9.57247	-14.3214	229.472
10.8239	-14.8768	2508.47
9.54179	-13.46	516.26
11.1187	-14.9634	115.721
11.8918	-14.9945	2044.92
12.3609	-13.7142	1828.36
9.2819	-14.3717	751.324
11.1682	-14.5243	661.226
8.02505	-13.6282	898.04
7.52079	-14.7314	633.135
9.98291	-13.8276	1836.88
11.8006	-14.09	2541.41
10.2604	-14.0894	2041.94
8.94992	-14.4662	1475.22
11.1959	-14.4924	514.398
11.9407	-14.9147	1622.06
12.2701	-13.5914	23.0273
8.34682	-14.6336	1891.77
11.7006	-14.964	1569.42
9.75592	-14.5079	1113.07
9.49908	-13.5345	964.831
9.54318	-14.367	1500.05
9.90967	-13.8929	1666.3
11.5786	-14.0473	1560.94
11.1888	-13.8491	260.243
8.81851	-13.2842	269.129
10.0383	-13.1452	1649.54
11.1178	-14.9403	1706.61
10.5874	-14.4844	1407.19
7.49187	-13.7372	1176.76
9.41565	-14.708	1083.31
12.6368	-13.9156	133.511
9.70334	-13.6375	369.211
10.6855	-13.733	317.797
12.7252	-14.7814	1245.36
9.72332	-14.6117	430.228
9.59264	-14.3322	345.939
11.1609	-14.9514	2997.74
3.93283	-11.4885	118.576
12.2722	-14.3487	2023.81
9.94896	-13.6262	176.741
10.0703	-13.8518	1961.99
9.58572	-14.6403	2224.55
11.9251	-14.2809	2764.3
6.08009	-8.85543	198.458
12.2172	-14.0836	218.157
11.3903	-14.3739	2504.35
7.59916	-14.3381	606.505
11.4321	-13.6991	2297.86
12.0302	-14.5502	1828.87
9.75666	-14.0279	1765.43
7.94573	-13.6451	416.338
12.4566	-14.859	2142.7
10.9555	-14.9279	1627.61
11.532	-14.2206	103.91
9.31876	-14.5441	238.383
10.2502	-14.5513	1979.42
10.2999	-14.9884	2826.92
10.4511	-14.0118	162.782
11.4018	-14.7926	99.0809
13.2628	-13.5981	695.337
11.1611	-14.7178	2730.24
9.37823	-14.9438	1221.25
8.73865	-14.8039	2426.32
12.8439	-14.8274	605.627
14.7888	-14.1782	251.489
9.02742	-14.9502	120.684
11.0156	-14.6187	2708.05
9.3083	-11.5243	66.3989
10.7523	-14.6421	185.552
9.85542	-14.3816	395.488
9.90294	-13.9698	489.52
11.4241	-12.1378	92.0966
11.2664	-14.6489	866.206
8.04438	-14.993	721.363
10.3501	-13.6672	2150.76
9.37515	-13.1228	1728.41
12.0782	14.0994	1307.67
13.6605	-14.46	993.621
9.53337	-14.1962	1647.51
11.83	-14.5914	708.662
9.27754	-14.791	2306.29
10.439	-14.3699	1037.81
10.0429	-14.7224	616.502
10.2587	-14.8374	1107.16
14.5799	-12.4957	1.96743
13.1514	-14.5066	203.837
13.2209	-13.1378	62.3235
11.0938	-14.4208	1113.82
8.98889	-14.9152	2314.18
8.50085	-14.9992	2798.63
9.86976	-14.4613	286.831
14.0523	-14.0152	213.929
10.084	-14.4482	944.307
8.98547	-14.5595	881.106
9.66809	-14.9822	484.448
7.55108	-5.75685	159.674
11.4418	-14.2326	1916.83
9.42359	-14.7815	1989.85
10.1647	-14.213	720.479
10.0781	-14.4268	2261.97
10.7343	-13.6291	1894.94
11.8452	-13.0057	186.663
11.2381	-14.6489	2210.77
10.9475	-14.2506	1485.3
11.6758	-14.6852	1531.29
13.7996	-14.7998	1382.22
10.9233	-14.7075	1576.07
12.8526	-14.4029	889.586
9.60224	-14.1759	1467.31
11.8093	-14.2713	2387.12
11.2963	-14.4368	630.122
11.3448	-14.9191	1852.57
9.55593	-14.9046	2298.31
11.1135	-14.9979	438.584
11.6855	-14.6645	814.606
11.8592	-14.6343	1484.9
10.6346	-13.1702	1180.27
10.4415	-14.8287	2187.31
12.9266	-14.8287	702.674
11.4812	-14.5639	2181.58
9.36396	-13.4311	811.929
9.82139	-14.1459	83.2397
12.7081	-14.7809	440.269
11.5347	-14.372	212.945
10.1732	-14.988	617.489
9.64946	-14.6911	2705
9.19437	-14.8513	595.737
10.0389	-14.1616	273.143
12.0989	-13.709	489.372
9.94039	-14.8268	1168.92
13.3244	-13.54	175.781
8.96887	-14.9342	806.207
9.4971	-13.9454	168.07
9.08749	-14.8925	898.761
9.40506	-14.9241	710.13
8.59989	-14.6398	622.727
8.78309	-13.1621	327.958
12.1399	-14.6198	1012.55
10.4337	-14.8515	264.905
13.5918	-14.2521	1494.39
10.3564	-14.3686	177.77
10.303	-14.9962	1354.71
9.84036	-14.9729	1012.28
11.6417	-4.36981	141.883
11.0715	-14.2977	397.262
9.87952	-14.8363	896.501
8.94689	-14.934	143.442
11.6784	-13.8253	926.751
7.53034	-14.8022	894.196
10.5577	-14.3211	1722.99
11.5743	-14.7415	107.699
10.022	-14.2741	2245.46
12.5673	-14.8113	2776.67
8.56081	-14.0341	130.228
7.64346	-13.6015	134.795
10.302	-14.5524	2913.8
10.7312	-14.441	417.832
12.9987	-14.0717	1045.07
11.3013	-14.0581	1931.08
10.1417	-14.2256	2188.31
11.4266	-13.4535	641.471
11.1766	-14.3888	1101.69
12.185	-14.6924	147.723
11.0594	-13.7078	1182.84
11.9746	-14.6238	1807.52
9.34527	-14.6198	120.858
9.21766	-13.9424	2296.07
11.603	-14.9165	2149.73
6.77872	-12.4954	132.184
9.5516	-14.6419	407.507
-2.10622	-10.0896	619.396
10.5708	-14.0522	564.837
9.90747	-14.6078	823.475
10.9903	-14.1862	2356.66
11.5899	-14.9629	3060
9.20203	-14.0655	408.334
11.3988	-14.992	247.127
12.0985	-13.7171	1848.98
10.2502	-14.6621	837.059
9.16013	-14.8591	507.305
11.6058	-14.4762	172.05
12.3585	-14.9147	629.94
10.4936	-14.1985	148.771
10.7794	-13.9339	2319.98
10.4247	-14.905	1556.47
9.76037	-14.711	2096.98
8.27262	-14.9901	1151.33
11.217	-14.5361	837.035
9.05128	-14.7227	937.898
11.7434	-14.5626	1853.93
9.46486	-14.6967	11.8814
9.04484	-14.4208	2031.64
9.01329	-13.8979	353.116
10.8733	-14.9323	3060
10.4054	-14.1247	2612.82
10.7981	-13.659	1290.06
11.714	-14.6412	333.062
12.04	-13.8066	678.158
11.6117	-14.2073	62.9765
10.5302	-14.564	2753.39
10.8605	-14.2964	284.455
10.4734	-14.9301	2914.94
12.8389	-14.3322	1555.04
12.1436	-12.3441	106.008
11.1304	-14.4046	1708.49
9.423	-14.1678	419.735
11.3297	-14.2713	2266.16
11.2139	-13.9418	1317.05
8.12625	-14.2567	165.574
10.797	-14.5418	758.987
12.5341	-10.165	163.908
11.1515	-14.5902	2343.82
10.9867	-14.9195	229.984
11.0192	-14.9875	2777.34
7.4953	-12.3775	86.015
10.8133	-14.6288	836.299
12.0709	-14.8047	2848.95
9.93591	-13.4594	500.647
9.72282	-14.81	2907.03
10.7806	-13.9417	1384.31
9.07367	-12.7865	665.862
11.4932	-14.9158	1386.87
9.18543	-13.0559	1165.84
11.1797	-14.8471	762.863
8.65252	-12.9356	371.005
10.2344	-14.446	619.172
12.6558	-1.9627	15.2989
12.789	-13.4539	123.331
11.2894	-14.2795	2166.66
10.5317	-13.4645	965.97
9.45679	-13.472	411.312
8.37561	-13.4671	72.9995
10.7206	-14.3834	1731.03
6.28667	-14.544	84.8452
9.63886	-14.4744	1138.12
11.9408	-14.8065	116.548
11.2892	-14.8223	1519.05
9.54108	-14.6204	1747.79
11.8351	-13.0309	904.938
9.75465	-14.7675	1070.52
10.0422	-14.3471	526.818
9.15349	-14.8075	1516.56
12.0914	-14.8281	279.154
9.88907	-14.6868	1934.55
13.2332	-14.6147	264.119
9.7185	-13.1083	1082.71
10.1298	-14.5601	1258.81
11.6915	-14.2217	1598.81
11.8871	-14.6465	430.43
10.094	-14.8572	1336.94
12.0418	-13.0367	106.862
12.9474	-12.935	161.444
10.4426	-14.9711	1392.68
13.1761	-13.7001	747.111
9.99446	-13.7635	1725.89
1.81398	-14.2933	151.895
12.3172	-14.3605	1227.14
10.2242	-14.8601	271.582
10.5441	-14.5981	2275.57
9.64895	-13.6042	906.599
11.4661	-14.4549	1013
11.5227	-14.7248	176.982
10.8406	-13.9789	1729.72
12.2237	-14.8295	596.365
10.9729	-13.2376	408.527
9.81691	-14.685	239.236
9.6234	-14.1232	500.926
9.10489	-14.7484	3060
10.9842	-14.2748	767.963
10.7475	-14.2741	1577.43
10.5613	-14.228	414.278
8.4948	-9.7319	5.14467
9.55865	-14.507	1760.06
11.8308	-13.3879	596.373
10.9723	-14.5444	2247.72
10.921	-14.7796	995.671
8.37395	-13.9968	1153.17
3.86244	-10.0124	257.411
8.84739	-14.5153	2413.87
10.6604	-14.9551	49.0024
12.0736	-14.4798	542.838
10.9142	-14.3305	1352.62
9.78302	-14.5005	683.558
9.2732	-13.6239	435.757
9.36823	-14.994	284.087
9.32237	-12.7447	152.729
11.9629	-14.8137	429.082
9.17596	-14.4233	482.263
13.598	-13.5001	1195.13
9.33116	-14.5508	1101.81
14.3357	-13.4563	790.666
7.58929	-14.2876	119.423
10.2318	-14.4929	2815.18
10.8653	-13.5461	225.382
12.0557	-14.1084	1044.65
10.476	-14.7041	2107.54
11.9516	-14.8334	133.953
8.58019	-9.05003	191.887
8.75143	-11.8744	124.985
8.87309	-14.8388	827.565
11.4507	-13.2925	1506.61
8.62041	-14.6901	72.7186
9.88816	-8.3771	131.342
11.2929	-14.1595	122.102
8.77974	-14.8824	1239.25
9.36299	-14.8703	3060
5.07807	-7.66906	134.381
9.53236	-12.9625	576.886
9.39507	-14.9523	223.83
8.62649	-14.7809	410.218
9.26374	-14.419	1893.13
11.8872	-14.7466	1964.88
9.97005	-13.8628	2142.77
13.3042	-14.0214	125.2
10.4257	-14.9078	1301.54
9.79242	-14.5197	2186.05
9.76399	-14.597	2178.85
10.6704	-13.5216	1451.22
11.9676	-14.1066	1953.3
11.0358	-14.1411	289.057
12.7908	-13.1457	133.807
9.63333	-14.5117	2743.1
11.9347	-14.7701	124.758
8.899	-14.7968	1140.87
9.03757	-14.124	1500.88
10.0949	-14.3583	2142.47
11.5607	-13.986	1140.34
11.0918	-14.5069	162.882
8.47538	-14.692	347.527
9.91317	-14.8468	135.239
11.7989	-14.4468	220.371
10.9142	-13.6203	1008.71
10.6044	-14.7507	317.791
10.8261	-14.5198	2791.77
9.08962	-14.4781	419.114
10.6203	-13.9464	1366.32
7.96308	-14.2401	1343.98
10.8136	-14.9989	1555.12
10.9171	-13.4171	92.5946
8.16992	-14.7981	597.363
7.88647	-14.2411	104.531
8.32759	-14.8407	2438.93
9.62543	-14.0746	2571.48
12.7399	-14.5365	432.476
9.2755	-14.8849	164.477
10.9905	-14.1166	1688.61
8.89514	-13.8701	1294.39
12.0594	-14.9643	1220.63
11.0402	-14.0203	791.494
10.6762	-14.7594	39.1961
10.2835	-13.8121	1805.38
8.9254	-14.1758	897.99
10.1875	-14.7276	1925.41
14.692	-10.2206	437.061
11.7707	-12.5416	70.8036
9.91124	-14.3389	1533.2
8.36231	-14.6512	117.152
7.38629	-14.9544	540.454
11.4222	-14.6152	2121.21
10.1455	-14.5669	580.926
13.033	-14.9318	779.046
9.52317	-13.7321	178.988
11.7235	-14.1918	2372.96
6.82785	-14.1827	889.046
12.3591	-14.1939	397.542
9.39252	-14.8891	2491.08
10.2846	-14.9442	326.647
10.0175	-14.3512	799.264
9.09721	-14.5411	1164.77
10.0073	-14.9434	2819.88
12.9412	-12.4613	54.0146
10.3379	-11.772	304.466
11.1415	-14.4716	404.867
10.3348	-13.1861	475.016
12.3705	-14.0247	1619.31
10.261	-14.4939	735.719
12.0103	-14.8969	394.289
10.7761	-14.052	740.469
10.8916	-14.7919	1468.72
10.3496	-13.3632	914.271
11.7136	-13.6814	121.741
14.3324	-13.3761	468.667
10.5441	-14.959	393.97
11.7524	-14.3781	777.231
11.2408	-14.7504	931.097
10.4866	-14.7948	1673.83
8.24996	-14.7999	806.024
9.04196	-14.9361	2183.97
8.87233	-5.71137	109.388
9.81847	-14.4167	1473.88
9.84158	-14.8555	1903.57
9.18495	-13.7449	115.303
9.84762	-14.114	1384.51
12.4249	-14.4866	129.963
10.1986	-14.522	228.671
9.53099	-14.8506	836.538
12.2218	-14.261	373.949
11.6682	-14.0176	1925.52
11.1836	-14.8951	248.227
9.79865	-14.9586	2226.39
5.62664	-14.8577	168.142
12.0916	-13.9879	2387.24
10.0616	-14.1321	1546.79
11.1044	-14.1414	99.4321
10.3427	-14.2252	224.34
10.785	-14.837	104.438
10.7049	-14.7646	1690.82
9.09524	-14.5018	748.879
11.6684	-14.6569	218.138
11.023	-14.8652	2746.99
9.97515	-14.6292	1349.71
11.4467	-14.4232	1284.13
10.3271	-14.7992	273.412
10.1099	-13.9883	717.591
12.9987	-14.6963	256.281
11.5416	-14.547	376.496
9.44349	-14.963	2308.68
13.5866	-12.4812	30.1582
10.2185	-14.8912	395.65
11.6349	-12.1394	34.7432
9.07218	-14.4795	273.374
12.7294	-14.1187	2062.63
11.914	-14.0234	1160.82
8.33693	-14.6764	1272.71
9.8319	-14.7027	1287.8
11.4312	-14.2374	356.914
5.3154	-8.60025	13.8613
12.7524	-13.8478	955.435
10.7569	-14.8948	1085.39
11.8407	-14.3717	2368.48
11.0614	-14.8267	2556.16
9.797	-14.8614	689.506
9.36738	-8.83501	182.228
10.741	-14.9768	2237.44
10.6253	-14.7086	215.564
9.43301	-13.0599	831.368
11.0181	-14.8869	2103.17
7.70424	-12.4463	130.978
10.6389	-14.1933	1786.14
12.0126	-14.9997	1620.71
10.9287	-14.4148	2585.2
11.5969	-13.8197	1459.35
12.4012	-13.2847	361.93
9.8507	-14.9918	2831.9
9.03828	-14.7405	22.8618
9.95011	-14.9282	1125.83
9.99267	-14.7819	290.628
11.0831	-14.2958	1536.62
9.45157	-14.6479	850.09
12.7513	-14.1091	1457.54
9.24347	-13.2763	728.856
8.7393	-14.1926	1993.71
9.75579	-14.9504	623.574
10.6409	-13.3359	520.097
9.89266	-13.8061	1768.58
11.992	-14.933	2023.63
9.37133	-14.7458	259.541
9.23585	-14.081	1402.55
11.6817	-13.9083	121.538
10.3028	-14.0461	1905
8.85993	-13.8166	610.1
10.4342	-14.3659	2096.68
8.29155	-13.6091	803.529
8.58128	-14.9679	295.387
11.7489	-13.4684	162.877
10.3597	-14.5918	664.929
12.6279	-14.9003	2724.58
11.4585	-14.0205	1604.01
12.0021	-14.8222	1710.2
11.4024	-5.17532	5.61806
11.0332	-14.3292	1783.63
8.19105	-13.7211	425.058
10.6626	-14.2962	1892.49
10.8731	-13.8038	333.572
11.1242	-14.551	1495.48
10.204	-12.8588	9.64767
10.5686	-14.3822	672.181
10.8238	-14.0943	87.4236
9.33642	-14.5932	1944.61
9.82878	-14.9596	1397.21
10.0478	-14.2906	1767.63
10.4432	-14.1116	2219.36
9.61455	-14.9202	1066.65
11.2748	-14.8623	1768.16
8.68062	-14.7837	1956.77
10.6283	-14.3021	768.531
10.1823	-14.8279	2372.1
11.5177	-14.516	1688.75
9.6163	-13.1562	284.618
11.099	-14.4298	339.423
9.19494	-14.9467	196.484
10.1445	-14.5541	1087.92
13.8738	-14.3655	193.008
10.1378	-14.0915	88.5829
9.84495	-14.5376	2540.13
9.30104	-14.5443	1012.55
11.1145	-13.9913	104.494
12.7559	-14.384	2138.77
10.4683	-14.944	3060
12.0501	-14.4902	628.627
12.3268	-14.8967	1157.61
11.089	-14.9385	764.524
10.7921	-13.9721	1211.66
9.56888	-14.8049	103.42
9.88569	-14.674	2163.07
12.1787	-13.855	917.883
8.93929	-14.4432	1676.49
11.1453	-14.9606	3060
9.5151	-14.2042	1005.79
10.8983	-14.4778	1745.73
0.250281	-3.85611	52.8642
11.7604	-14.9397	385.219
10.1082	-14.8508	1331.39
9.22483	-14.2917	189.789
11.2408	-14.8747	2321.41
9.81589	-13.8653	1722.3
10.032	-14.9292	754.664
12.1424	-14.1215	1535.18
8.83609	-14.3286	1147.06
5.57989	-13.7323	117.718
13.0158	-14.3799	1900.34
11.1586	-14.9518	1535.39
11.7494	-14.5276	2580.65
8.0001	-14.8304	1343.58
9.26632	-14.5994	1891.46
12.1288	-14.8839	168.22
10.0758	-14.4839	2194.88
12.8215	-14.9927	689.575
11.0141	-14.417	627.955
10.9073	-14.9188	3060
9.80027	-13.6965	876.597
11.7195	-14.7402	2972.9
10.6075	-13.7801	401.946
12.684	-14.2145	443.445
9.46798	-14.4911	2141.98
9.95664	-14.7142	1715.2
11.3324	-14.3339	666.147
11.4632	-14.4147	1589.23
9.90329	-14.6653	1886.54
12.972	-14.5977	774.151
9.15328	-14.559	350.022
8.91957	-14.8661	867.744
10.038	-13.8588	1515.71
8.78337	-13.3875	979.108
11.5045	-13.9517	399.796
12.762	-14.2616	675.706
10.576	-14.954	789.065
10.1996	-14.6184	252.254
6.78108	-13.1452	80.5039
11.831	-14.677	391.897
7.87371	-14.5732	168.53
8.90687	-14.9097	2381.7
9.65218	-14.5444	292.641
9.92458	-12.5711	789.717
12.5614	-14.4889	1545.33
10.5973	-14.3778	517.702
9.10568	-13.7936	140.369
8.94104	-14.676	1920.81
9.8001	-13.8666	2339.65
10.5476	-14.9364	2530.01
13.1343	-14.9795	105.188
11.2275	-14.808	290.502
10.2897	-14.9946	3060
13.2015	-14.6879	1420.57
11.4863	-14.6932	309.042
9.23254	-13.6651	403.781
12.0678	-14.8759	1857.95
12.1745	-14.2856	141.845
9.98342	-14.9582	348.866
14.0331	-7.6312	208.996
12.4968	-14.1006	757.71
9.79154	-14.5347	2079.05
10.9912	-14.6602	1560.97
8.69498	-13.8612	845.544
11.093	-14.8984	2240.41
14.5877	-14.8073	278.481
11.5468	-14.723	2511.62
11.2534	-13.6203	1820.01
11.8557	-14.8143	1649.09
12.8383	-14.0183	45.0352
11.4406	-10.0644	41.9707
10.7825	-13.9602	1438.19
6.92479	-14.8463	1173.84
10.5529	-14.5768	1554.14
9.74201	-14.844	3060
8.8701	-14.7631	2666.45
9.84858	-14.6547	362.401
9.93493	-14.575	2741.8
11.2497	-13.0027	34.2907
8.60117	-13.9027	1471.2
11.9761	-14.2385	159.828
11.1224	-14.8075	133.492
10.4988	-14.4865	329.533
11.3176	-13.6495	1291.31
8.32542	-14.4848	130.861
8.78032	-14.1371	2374.94
10.9642	-9.21297	101.494
10.1472	-11.5231	141.025
14.4629	-14.2693	1109.2
12.4074	-14.9163	2819.43
11.397	-14.8464	912.697
11.2039	-13.7836	781.544
10.1222	-14.4316	111.641
12.2099	-13.7531	1678.01
3.72721	-9.53337	929.647
9.46115	-14.6247	683.734
12.0084	-14.8638	2044.72
9.38389	-14.3992	2746.84
10.5475	-14.8497	2301.78
11.7816	-14.9649	478.7
9.56025	-12.8863	1292.6
9.18578	-14.8314	2872.12
8.28559	-13.487	189.655
11.093	-14.0199	2446.27
8.36461	-14.488	115.565
9.60706	-14.9394	137.94
9.50631	-14.5405	1698.08
11.0785	-14.795	221.156
10.5242	-14.3911	600.105
11.2707	-14.9368	1048.1
9.70529	-13.4727	127.867
9.68861	-14.9728	939.61
11.7645	-14.5625	2525.66
9.74027	-14.6616	1180.71
8.58471	-14.9933	822.266
10.2813	-14.9398	1871.35
12.418	-13.7487	6.1523
8.37476	-14.3867	1449.36
7.87055	-13.5389	1002.03
10.2932	-14.0361	307.228
11.2441	-14.7595	170.972
9.9032	-13.3568	620.659
12.019	-14.9107	1320.16
9.83998	-13.3659	1473.96
9.10348	-14.8086	162.644
10.3808	-14.1077	305.953
9.70586	-14.7707	1609.36
11.0773	-14.3425	680.595
11.7696	-13.458	241.202
10.4325	-14.6484	200.307
11.6836	-14.8637	390.023
11.4714	-14.411	1899.43
11.8642	-14.7234	111.884
7.99696	-14.7131	510.967
11.9911	-13.9916	1641.14
11.7916	-14.3623	760.607
8.59298	-14.9508	1997.54
9.19024	-14.5769	112.049
11.4337	-14.9689	11.8329
11.2615	-13.7749	1970.75
14.0597	-12.4773	200.834
10.5621	-14.8664	231.311
10.3661	-13.2744	118.262
10.193	-14.5397	1878.79
13.5532	-14.8764	139.317
10.9714	-14.8144	2764.67
13.3556	-13.8902	1370.02
11.8754	-13.2235	229.809
11.2838	-14.7456	808.825
12.199	-13.5196	573.28
11.8288	-13.5019	1802.24
7.68335	-14.732	2079.69
10.997	-14.524	2385.75
10.3266	-14.9389	3060
9.76206	-13.3989	916.005
8.26043	-13.637	140.187
9.8594	-14.8948	1590.1
9.74347	-14.803	3060
10.6129	-14.1834	1045.77
9.41257	-14.8761	1844.39
11.478	-14.4752	2606.12
9.66502	-13.2675	1196.03
11.785	-14.4884	672.646
8.75076	-14.1157	193.282
8.12798	-13.8242	552.465
11.0915	-13.2676	34.2907
8.18329	-14.2835	264.768
10.3816	-14.7048	2892.49
12.2037	-14.8833	1300.09
9.13988	-14.7754	585.676
11.2713	-14.2388	365.385
8.47547	-14.7214	1657.52
12.3893	-14.9264	2850.27
8.29561	-14.2304	1515.25
11.5165	-14.4824	141.858
9.63254	-14.2309	437.114
11.7024	-13.6966	240.427
10.3155	-14.5167	1674.93
8.30085	-14.3447	617.473
11.3394	-13.0551	663.529
9.35297	-13.3774	781.01
10.3541	-14.2031	2477.62
10.5763	-13.9458	160.744
8.30802	-14.4337	483.233
8.83316	-14.8495	1593.9
11.4119	-14.1467	760.915
11.8857	-14.9425	84.6545
10.8374	-13.4535	2154.25
12.7327	-14.1328	1495.16
11.653	-14.7045	1010.6
11.9267	-14.0723	944.421
11.1249	-14.9344	671.953
12.0059	-14.6264	1850.75
12.072	-14.0375	1676.91
12.0917	-13.3658	1126.57
8.14485	-13.1662	98.2018
10.3014	-14.7725	605.053
12.553	-14.1689	2364.31
9.82095	-14.9267	660.314
10.3452	-13.7467	401.101
8.87922	-14.6015	375.385
10.5066	-13.6846	2125.89
9.54558	-14.5951	2054.48
11.7945	-14.814	3060
11.5221	-14.4944	1816.16
10.8253	-14.7314	637.325
9.65718	-14.6095	34.7432
13.6249	-14.7001	212.319
10.3415	-14.2762	2559.15
9.84538	-14.9528	865.448
11.3226	-14.0782	1522.46
9.99287	-14.8314	805.966
8.58548	-13.5938	148.044
8.66246	-13.7599	1181.17
10.5009	-14.9087	1295.72
9.72162	-14.9439	1980.04
13.1654	-14.7133	107.342
3.79253	-11.3221	612.23
8.22786	-14.7172	189.623
10.2756	-13.746	1681.07
9.60664	-14.3241	165.56
12.2743	-14.9804	808.319
11.4525	-14.8728	116.123
10.6006	-13.9469	1539.47
8.36909	-14.8241	936.738
10.5964	-13.856	198.344
12.395	-14.8583	1018.85
9.1644	-14.4404	2358
13.0405	-13.6143	104.903
8.6137	-14.4231	863.919
7.48243	-14.0258	880.209
10.8802	-13.51	595.343
9.90808	-14.7261	1116.73
10.1819	-14.4756	723.843
9.57192	-14.5022	615.453
-5.46179	-12.8219	459.429
9.17075	-14.1002	2502.17
11.5834	-14.9491	1092.53
11.5835	-13.0226	1707.16
10.5374	-13.8518	2345.57
11.0688	-14.7367	1500.03
9.61147	-14.4201	2122.39
9.45879	-14.8286	790.845
9.43239	-14.949	1231.76
10.9919	-14.721	957.827
9.57543	-14.3599	1638.29
8.36145	-11.0842	207.066
8.23435	-14.8452	885.296
9.3442	-14.758	1250.37
10.8232	-14.9805	191.611
12.2125	-14.944	1963.9
8.59813	-14.8438	901.928
11.5407	-14.7237	2659.94
10.8995	-14.6926	660.284
10.5969	-13.3353	1136.52
11.8897	-14.1936	500.976
8.33111	-14.6845	2413.8
10.5515	-13.7672	840.088
10.7738	-13.7131	737.566
10.3762	-14.0463	1948.21
8.21556	-14.6101	1313.28
9.16655	-14.3595	135.745
12.7066	-13.2848	706.124
9.05148	-14.7484	2108.68
10.3899	-14.7074	517.572
12.5461	-14.5047	254.66
14.6892	-14.9141	517.372
10.047	-14.174	518.512
12.2356	-14.8626	443.477
8.22986	-14.3566	1178.04
10.2686	-13.5946	1096.57
10.885	-11.7564	105.877
8.01034	-14.0262	190.974
9.33963	-14.9038	322.1
10.2879	-14.898	1311.36
9.82905	-14.5161	2001.2
9.25281	-14.5039	1807.46
9.19378	-14.8549	126.233
11.3872	-14.3268	176.93
11.5084	-14.5712	27.9328
10.2519	-14.9832	322
8.07191	-14.771	770.315
14.7521	-13.3793	152.278
11.6702	-14.6402	360.772
11.1719	-14.8533	1945.76
10.5292	-14.6991	99.9907
11.516	-14.1792	1522.61
11.9051	-14.3581	623.509
9.27219	-14.1905	34.7432
12.0242	-13.92	154.408
10.0779	-14.3168	1143.93
8.36228	-14.4661	677.228
8.87326	-14.4837	928.37
4.39239	-14.0016	95.7914
9.62621	-14.8647	2844.68
10.7753	-14.5913	2441.92
10.2132	-14.2915	800.21
9.58131	-13.702	397.49
9.9696	-14.6496	1029.6
11.5719	-14.9792	1033.96
9.30325	-14.3045	2329.87
11.8203	-14.6325	1347.78
9.81292	-14.8583	450.898
5.65301	-14.584	51.6127
9.33122	-14.5583	341.25
10.489	-14.2963	1272.99
10.6927	-13.8267	1770.8
9.76433	-13.2414	894.847
10.8096	-14.5663	2230.73
10.5013	-14.9651	141.591
8.24024	-13.5666	88.4953
9.50082	-14.0663	1600.89
9.97786	-14.9455	2272.53
12.8215	-14.8269	791.401
11.2624	-14.5844	1052.09
10.9864	-14.8836	26.7038
10.0216	-14.8612	516.429
9.79113	-14.4002	1787.39
11.4712	-14.7282	2506.15
9.94627	-14.4044	2754.44
10.0692	-14.9442	2214.18
13.4014	-14.3238	712.213
9.72462	-14.9165	770.186
12.187	-14.8485	2939.64
10.5475	-14.9892	2380.81
10.3742	-14.226	1226.6
12.6737	-14.8365	1271.25
9.63802	-14.6217	2933.98
9.99127	-14.5817	1132.34
9.52861	-11.7853	141.132
13.7064	-13.8584	620.604
11.8725	-14.6662	1828.95
10.868	-14.3956	1220.5
10.3509	-14.4992	1268.32
11.9042	-14.5184	119.035
10.1051	-14.677	1261.4
7.83305	-14.1126	247.279
9.76043	-14.3667	96.4323
13.2203	-13.349	1326.23
12.9424	-9.68962	29.59
10.7132	-14.6105	1108.44
11.7552	-14.5558	271.65
10.72	-14.7885	704.069
11.9207	-14.8677	325.261
9.3668	-14.4918	281.199
11.0649	-14.9381	144.932
8.84395	-13.8548	617.29
10.5154	-14.8526	1480.93
9.16569	-14.4789	236.453
9.74721	-14.4576	129.582
12.847	-13.4554	125.863
11.312	-14.7683	1381.07
11.4081	-14.9486	1014.8
12.2811	-14.5141	1171.49
10.0799	-14.3133	1885.86
10.2229	-14.6011	501.764
12.1479	-14.6534	2415.77
11.3688	-14.0882	98.5291
11.0156	-12.9948	250.163
11.8057	-14.1278	523.993
11.9954	-13.9128	1540.64
8.08614	-14.1129	376.389
9.979	-13.7047	1432.27
11.6192	-14.7968	1801.28
9.95431	-14.4966	1893.8
10.4555	-13.4875	48.8879
9.34042	-12.9638	130.571
9.18219	-14.9274	398.725
13.2623	-14.9369	1778.58
11.2372	-11.6549	124.503
10.2135	-14.798	2585.76
10.2829	-14.8926	837.263
9.64181	-13.7661	614.678
11.2007	-14.5197	956.464
9.84851	-14.437	2329.81
11.117	-14.1212	2151.28
-6.46586	14.9966	1090.75
10.5096	-13.4874	83.7138
8.49161	-14.1776	1932.48
11.2707	-14.5775	2742.66
10.8688	-14.8749	380.9
9.35518	-14.4889	819.32
10.9442	-14.2517	271.011
12.151	-14.8	1282.06
10.7119	-14.8558	1029.13
9.02374	-14.9815	205.84
9.5576	-14.1646	509.642
7.5742	-13.8069	110.065
10.9803	-14.8491	440.099
12.8823	-14.2939	496.649
13.897	-14.6124	378.569
10.3418	-14.6703	2596.57
12.1055	-14.4665	718.733
8.50701	-14.5587	47.7995
7.74184	-14.3913	441.101
9.27126	-14.9365	329.092
8.30677	-14.1277	935.111
9.1704	-13.2412	1170.59
9.96359	-14.942	1669.83
12.8716	-14.8636	422.508
9.07319	-14.6752	1976.62
10.2087	-14.4924	2688.12
12.9447	-14.661	629.475
9.44254	-14.8815	2241.73
6.6795	-11.7502	89.4462
8.47979	-14.9387	98.1146
13.2903	-14.5691	66.4512
9.61657	-13.9425	2492.59
9.33907	-14.2311	2263.62
11.1641	-14.9532	439.275
11.8936	-13.5015	19.5499
11.815	-13.7796	2047.59
11.4275	-14.7782	1009.22
8.58247	-14.9426	2071.29
11.8196	-14.7068	297.172
8.71278	-14.8464	2196.59
11.5895	-13.9438	913.459
9.31634	-14.3863	692.601
8.55737	-14.6032	677.452
7.82496	-13.6636	229.429
13.0175	-14.1938	1777.64
9.26512	-14.5929	526.634
9.87489	-14.8704	3060
11.5899	-14.6145	331.376
12.3708	-14.7875	2625.78
10.827	-14.1908	904.58
13.5841	-14.5711	109.386
8.84322	-14.8775	793.134
13.638	-13.785	7.0986
11.8179	-14.4233	1123.73
8.60454	-14.9993	2609.37
8.52232	-14.9403	2241.1
5.13824	-13.2167	197.787
8.80706	-14.4785	513.819
8.17831	-13.8097	564.926
11.3344	-14.7772	395.13
11.5507	-14.6179	2109.49
12.9419	-14.3094	1854.27
11.2281	-14.1295	323.938
9.69296	-14.6949	2930.71
11.5409	-13.7617	717.799
9.82999	-14.8623	1975.25
9.97884	-14.7781	11.8814
9.06415	-11.1366	6.67257
11.9701	-14.3023	1011.9
11.1623	-13.7188	223.731
12.8897	-14.7401	1447.53
10.9615	-14.9925	382.935
10.9573	-14.0861	615.779
12.276	-12.8912	34.7432
9.99537	-14.5936	788.59
9.78358	-14.7576	1663.49
9.89037	-14.4567	130.759
11.6542	-14.5608	157.771
10.0785	-14.2633	1967.18
10.4761	-14.6352	582.338
9.50545	-14.7881	415.928
5.14494	-12.2173	353.228
12.9564	-14.7586	412.15
6.46762	-11.6853	34.7432
11.4489	-14.6451	1456.28
12.7204	-14.4671	400.152
10.5614	-14.7015	389.898
8.37219	-14.8422	252.175
8.39396	-14.2942	764.401
12.678	-14.292	1256.83
11.9168	-14.3944	456.396
10.1426	-14.5297	1618.82
12.6899	-12.9793	972.374
11.3457	-14.4093	2597.74
8.96074	-14.6609	794.397
8.75117	-14.5063	61.7825
11.022	-14.1805	430.208
9.48849	-14.6131	2557.85
10.3443	-14.2164	2559.6
11.4487	-12.4259	94.9735
9.37851	-14.5431	150.607
10.1856	-14.7848	535.022
11.6604	-14.8205	1310.09
9.33478	-13.9261	747.748
11.2877	-13.3237	147.672
8.47333	-14.2595	135.438
11.1663	-11.8775	138.638
10.7801	-14.4846	2289.39
8.85695	-14.2369	2260.93
10.9535	-13.8789	1766.17
8.23442	-13.2688	849.657
10.2666	-14.266	910.942
10.8728	-14.8558	3060
11.6329	-14.4666	2345.28
11.1019	-14.7686	565.622
11.6872	-14.9481	1938.92
8.05293	-14.9768	2295.51
4.25937	-10.8468	204.85
12.0847	-14.804	878.666
9.22915	-14.6388	1102.27
10.267	-13.2926	688.461
0.809848	-12.0217	211.685
13.4991	-14.8925	966.468
11.9633	-13.7387	716.015
9.63873	-14.1518	966.914
8.08248	-14.5977	1737.64
10.2521	-14.8046	3060
11.0289	-14.715	2567.05
11.4191	-14.1056	126.416
11.4301	-14.1522	1139.72
11.605	-14.7383	2056.94
9.08937	-13.8876	1808.56
8.59301	-14.5203	421.079
10.5674	-14.0148	1773.86
11.7538	-14.8956	3060
9.33234	-14.3939	2180.62
12.3855	-14.2155	125.234
9.53084	-14.5703	258.841
13.5948	-14.9163	650.657
12.6932	-14.482	1518.6
9.78804	-14.8201	339.56
13.0898	-14.6736	1329.3
9.90264	-14.751	1395.62
8.91286	-14.431	964.258
9.78478	-14.729	1159.59
9.29774	-14.8799	341.817
10.2973	-13.8024	1862.28
10.9248	-14.2983	1874.76
9.76463	-14.2927	784.671
8.54649	-14.2565	570.283
8.95491	-14.9915	1326.75
10.1659	-13.744	1343.54
10.4143	-14.7708	2942.85
11.3783	-14.3081	1807.78
12.0033	-14.5681	2527.01
9.96044	-14.5788	1164.04
9.31815	-14.6032	287.235
9.71082	-13.7404	1506.94
8.86912	-14.9809	658.478
8.4043	-13.686	734.674
10.4103	-14.635	2452.53
11.0169	-14.2553	764.698
10.8005	-13.8285	207.326
10.5062	-14.8883	1857.65
11.3612	-14.7895	63.3002
11.271	-14.9346	1223.48
7.00507	-14.1252	39.1961
11.3357	-14.665	872.089
9.67504	-14.8131	1520.03
10.1547	-14.5335	1466.26
11.6073	-14.9105	2692.21
10.4337	-14.9954	2883.02
12.9962	-14.3814	1641.56
9.91831	-14.8551	725.873
10.8945	-14.5198	2579.13
8.84518	-12.2522	132.582
8.732	-14.5753	967.048
10.4652	-13.929	2405.38
12.0399	-14.5735	1291.52
3.35719	-9.59235	126.302
7.96626	-14.3063	1472.22
12.7289	-14.8531	1904
8.01938	-14.9381	306.114
9.84113	-14.9265	1384.32
10.3146	-14.8913	1054.95
10.8527	-13.5896	1756.36
11.1136	-14.6997	494.9
13.0159	-14.4866	1637.62
10.1172	-14.1477	1365.36
10.1298	-14.9115	1294.07
10.792	-14.4505	2165.01
10.3934	-5.12768	116.955
10.2148	-14.2523	1433.66
10.569	-14.6827	323.468
9.66464	-13.9891	1383.14
11.7022	-14.9622	2257.02
10.7618	-14.959	2722.95
9.77841	-14.4582	823.812
11.1482	-14.9205	2978.47
11.3098	-13.2053	1438.69
9.31399	-13.4948	287.669
9.45081	-14.972	212.198
8.90175	-14.9581	125.179
11.5095	-13.8747	387.342
10.9615	-14.1459	1731.19
10.2358	-14.387	1890.54
11.2558	-14.6921	1632.22
10.7597	-14.9305	513.433
11.2594	-13.6178	1133.63
10.4363	-14.4187	2450.86
10.7411	-14.6026	1131.68
8.46752	-14.2739	2304.53
11.9705	-14.609	539.271
9.71497	-14.5321	726.616
9.83525	-14.9541	639.577
11.6497	-14.0077	1910.84
9.54991	-10.3337	9.34876
11.3335	-5.01338	108.482
11.1186	-14.2178	2435.81
9.58256	-13.1927	1602.58
12.655	-14.9636	1347.22
11.8338	-14.8741	487.045
11.0108	-14.9403	2648.22
8.9391	-14.7029	2943.71
12.4016	-14.4558	652.764
11.0596	-11.9934	251.355
9.39361	-13.6014	1022.34
10.1813	-14.8191	2957.2
10.4575	-14.7899	491.182
7.97689	-14.0442	477.233
10.3095	-14.303	2702.73
11.5781	-12.2943	103.31
13.3499	-14.2828	34.2907
10.3869	-14.3613	1325.83
12.6234	-14.6199	1960
10.7128	-14.4339	1075.01
12.4905	-14.7069	1456.11
8.70567	-14.5083	1176.65
11.152	-14.9022	714.479
11.4908	-14.2572	779.672
9.32482	-12.7844	66.7555
8.88744	-10.6769	260.515
9.42053	-14.1547	1756.27
9.30943	-14.7177	547.999
10.8684	-14.4699	2090.31
12.0433	-14.8986	2504.74
11.7716	-14.9248	108.232
9.80693	-14.8858	1946.38
11.736	-14.1972	1055.96
12.0908	-13.9117	2242.38
8.68038	-14.7374	2020.91
10.2544	-14.4312	2253.79
10.5334	-14.5261	2586.92
10.0873	-14.9538	2405.1
9.94857	-13.9722	2391.62
12.1581	-14.3503	879.963
10.1772	-13.6432	698.268
9.06744	-14.9285	674.881
10.3643	-13.6736	2408.99
9.25548	-14.2186	1143.13
10.9973	-13.7668	1232.81
9.6308	-14.8168	3060
10.1791	-14.2186	1112.22
8.67938	-14.6507	698.388
12.4432	-14.2754	896.417
9.35943	-14.3392	2504.21
11.1505	-14.5638	1238.48
11.2144	-12.7511	92.3377
10.39	-13.9458	1538.68
10.4887	-14.1621	902.212
12.3954	-13.945	414.806
9.61164	-14.9787	263.99
10.3576	-14.2355	98.7445
2.77308	-3.20219	185.237
10.4839	-13.1351	136.403
9.42588	-13.7347	134.09
7.97176	-14.3051	844.167
12.576	-13.0855	105.933
10.8776	-13.5196	1665.78
10.6273	-14.5982	1101.03
9.81612	-14.289	2490.37
9.30684	-14.8564	2321.97
9.16565	-14.8972	157.708
11.4878	-14.9087	804.946
7.96872	-14.9003	579.2
10.5933	-13.3723	2084.38
9.5425	-13.9153	1304.18
11.4834	-14.173	1004.04
10.8749	-14.5787	2616.2
11.8572	-14.415	215.823
11.3336	-14.8327	268.358
8.42005	-14.744	1519.88
10.3026	-14.4145	621.368
11.8068	-14.0491	1286.53
9.40424	-14.8487	278.891
10.0506	-14.8118	2409.6
8.60633	-13.3235	66.6873
10.5127	-14.1793	1125.63
10.7904	-14.4547	214.404
11.5168	-14.827	2858.22
9.37087	-13.968	926.113
11.2747	-13.9071	1471.65
10.6798	-14.7571	323.839
10.155	-14.0455	1524.95
11.5462	-13.9145	344.713
10.4377	-14.4405	589.81
10.9804	-14.1105	1809.14
9.94753	-13.6251	1704.69
10.0185	-14.5376	184.665
11.6695	-13.9578	964.346
9.57087	-14.6235	1747.67
11.1703	-13.4933	1901.14
10.8177	-14.8489	1719.77
12.3963	-14.2446	138.09
9.72412	-5.07156	137.197
8.91033	-14.6081	879.262
8.8045	-14.9364	412.688
2.34298	-14.6002	57.3377
9.2428	-14.1814	2097.17
9.96497	-14.1741	580.376
9.96058	-13.9906	1806.71
10.3067	-14.8992	2780.37
9.9468	-13.8689	142.523
10.4872	-13.864	1122.29
10.373	-13.9109	839.103
10.91	-14.2548	1802.14
9.84118	-14.7397	844.762
11.9891	-14.9207	457.905
11.8024	-14.9789	2110.44
9.32064	-14.3743	700.482
12.8	-14.1693	500.175
9.94226	-13.587	144.02
9.91285	-14.9771	1030.09
8.70593	-14.3271	11.5588
11.4993	-14.7135	222.192
12.6422	-14.5081	2665.36
9.08485	-14.2241	904.373
10.2905	-14.7511	2958.26
12.0855	-14.3058	1513.99
9.62814	-14.9842	26.1
10.3334	-14.5606	1670.97
8.3744	-14.2318	2528.84
11.3239	-14.8693	895.607
10.3922	-14.3483	1818.21
10.2601	-14.9792	853.317
9.48911	-14.5391	1395.01
10.009	-14.0931	2360.09
9.59875	-14.7086	1307.54
8.50529	-14.26	40.3628
9.8265	-13.2391	584.474
13.8146	-13.2494	454.228
11.6675	-14.1434	2422.22
11.0297	-14.5429	2839.71
8.73561	-14.6223	2213.31
12.308	-14.7155	980.596
8.92237	-13.5388	1670.78
12.3914	-13.9756	108.208
8.44177	-14.907	2415.86
10.5269	-13.93	1499.99
11.1661	-14.9029	327.785
13.2148	-13.8299	1827.09
12.464	-14.6588	94.9054
9.93395	-14.436	706.882
9.86429	-14.8405	2450.02
12.3455	-14.7625	1136.89
11.124	-14.954	1221.57
11.3911	-14.6852	2459.85
8.3728	-14.8587	858.416
9.53409	-14.5648	172.628
11.0348	-14.7238	1742.47
13.525	-13.2669	96.4152
9.46985	-14.6155	1787.85
10.4588	-14.2852	169.517
11.5055	-14.9999	2059.24
10.7057	-13.3038	1201.42
11.1086	-14.7675	2898.92
11.0559	-14.4649	2239.45
9.66842	-14.7122	1676.55
11.1163	-13.8569	118.221
11.657	-14.3426	1540.06
13.0173	-13.3578	316.804
4.84172	-5.53792	671.917
9.63614	-14.022	1018.57
10.3488	-14.8122	616.923
9.87721	-14.5073	2427.07
9.45316	-14.9623	290.843
10.2608	-14.683	1486.64
12.5167	-14.185	1370.98
9.37784	-13.4261	729.743
10.6111	-14.9988	1068.24
10.8746	-13.1434	68.6387
4.03395	-12.9679	98.684
10.2806	-14.5479	994.77
9.20429	-13.6024	2175.2
10.6624	-14.4865	1032.3
6.11264	-12.4003	154.24
11.1258	-14.8837	159.938
14.0069	-13.8296	415.75
9.93258	-14.7498	1612.91
11.4161	-13.1505	1256.51
8.77972	-14.9635	1411.08
12.324	-13.9094	1628.6
11.6249	-14.5672	732.847
10.6783	-14.6251	2620.48
8.89345	-14.4292	414.466
1.16975	-9.33455	208.559
10.5823	-13.6792	134.914
9.84735	-14.152	698.579
9.91301	-14.3632	2437.25
10.1408	-14.6842	44.026
9.66479	-14.7336	2953.39
10.4228	-14.1089	516.623
11.8207	-14.9734	812.075
10.6167	-14.7716	2306.53
5.23846	-14.6756	140.876
8.41091	-13.1251	338.504
8.3092	-14.5556	2263.25
10.3981	-14.9253	1419.8
8.1194	-14.7812	104.864
10.7564	-13.7545	319.133
10.1792	-14.644	788.066
10.877	-14.99	1154.88
9.13305	-14.706	1479.87
9.89868	-14.2439	435.225
12.0737	-13.9749	315.092
10.243	-14.9013	2556.28
11.5419	-14.8325	2226.19
8.82265	-14.6562	2591.36
9.32376	-13.6528	124.289
11.5602	-14.8415	1744.37
10.0452	-14.0088	1454.76
11.4325	-14.7915	1138.22
12.5743	-14.8987	102.92
11.176	-14.7523	1536.3
8.10009	-14.3104	1199.87
10.969	-14.7955	1206.77
12.5598	-14.5202	1533.3
9.53931	-14.8067	354.881
9.03585	-14.7884	1385.58
10.4488	-14.4726	2487.19
11.764	-14.71	836.896
11.0169	-14.7448	383.854
12.2063	-14.6424	604.401
6.70043	-12.9798	98.1264
11.2149	-13.9334	546.331
8.51047	-14.9198	274.311
12.9419	-13.5207	942.389
11.9362	-14.9798	379.257
6.83547	-14.7586	510.153
9.73837	-14.2837	1337.5
7.62668	-14.2285	346.717
3.87858	-13.7765	103.113
13.1962	-5.36256	218.819
11.3726	-12.7519	436.838
10.3014	-14.6878	692.132
8.67198	-14.8034	387.085
11.4818	-14.8424	834.102
10.5496	-14.4342	2372.78
11.7518	-14.3541	173.281
10.8675	-14.9665	2347.1
10.3254	-14.5611	256.849
11.0266	-13.0117	597.271
-0.0938037	-12.0002	39.9499
9.51879	-13.9838	768.135
9.37519	-14.0035	1827.04
7.17394	-8.40796	106.276
7.34186	-14.6727	1426.18
10.5261	-13.3231	812.493
7.88632	-14.7074	839.814
9.62267	-14.0025	297.574
11.4177	-14.2933	471.922
9.3656	-14.923	1632.03
12.4821	-14.9636	1399
9.86261	-14.5994	1117.87
12.2715	-13.7033	157.425
11.0224	-13.0281	180.268
9.64918	-14.742	1698.37
9.65992	-14.1643	931.059
8.51728	-13.7378	1180.75
11.8234	-14.112	1679.81
5.82437	-9.88914	34.7432
7.81539	-14.3108	108.182
10.8736	-13.513	640.774
10.9174	-13.8423	96.436
2.08425	3.36442	10.9977
10.7509	-14.1301	191.958
11.8932	-12.9806	707.697
8.78022	-14.4602	1933.13
10.6782	-13.9332	297.553
0.23099	-10.0281	134.825
11.9398	-14.4968	1034.72
10.45	-14.9689	778.913
9.5485	-14.6125	720.016
11.0589	-13.2292	1423.03
9.72476	-13.5739	1073.26
13.5261	-14.6267	456.343
9.69959	-14.434	383.785
-6.01346	2.36702	748.11
11.1513	-14.871	645.045
8.66223	-14.3485	967.926
11.8454	-14.6341	564.008
9.6275	-14.8252	122.391
8.22146	-14.8637	1383.59
7.85061	-14.2635	1733.97
10.2867	-14.4676	1908.86
9.0151	-13.489	825.022
12.9955	-12.7507	125.78
11.3946	-14.827	2381.07
9.6793	-13.7467	1867.5
9.45902	-14.5981	1720.82
7.8354	-14.7922	1044.05
10.8378	-14.6872	285.013
12.6155	-14.8934	1614.41
3.28371	-9.16474	39.1961
10.6357	-14.7808	1676.09
10.5865	-14.3438	2378.13
11.643	-14.947	217.118
11.0402	-14.9109	2384.63
11.9553	-14.102	961.388
10.9088	-14.6868	746.517
9.03011	-14.5881	261.555
10.98	-14.679	1500.79
11.3628	-14.9206	150.953
10.1371	-13.655	1405.86
9.77532	-13.9516	1479.64
12.5588	-14.5702	2062.16
11.494	-14.3396	157.019
9.31074	-14.413	433.999
10.4254	-13.893	1360.92
9.03563	-14.8865	1824.89
11.4152	-14.4545	2199.65
10.8777	-14.7162	22.9103
10.0203	-13.6909	1893.13
9.14514	-14.2684	1772.24
11.3122	-14.8882	2204.07
9.86497	-14.7427	2896.49
11.7408	-13.6576	800.663
11.0574	-13.7928	2366.32
9.35864	-14.6216	214.542
9.84285	-14.5594	1227.6
11.3776	-14.8651	2789.12
9.68801	-14.709	561.785
12.5491	-14.5437	230.082
11.1556	-14.8022	2587.83
9.9108	-14.9869	380.169
13.4157	-14.8217	805.627
12.397	-14.31	2600.64
9.45021	-14.7955	1066.86
9.83353	-7.52114	922.48
9.1194	-13.3897	1755.3
12.9445	-1.20176	192.043
11.24	-14.8429	238.659
11.9453	-14.2828	1478.27
11.9854	-14.2523	81.28
8.36759	-14.3909	122.08
8.58946	-14.5052	641.269
-1.60199	-1.46239	16.0024
10.7856	-14.891	606.404
10.4872	-14.3442	2120.36
10.1123	-14.6567	295.965
9.12924	-14.6388	1198.76
9.4521	-13.8407	1762.09
10.0331	-14.377	2118.58
9.63347	-14.6683	1753.8
9.41088	-14.6865	1099.76
11.4287	-13.8113	2134.22
12.2234	-14.7318	636.429
12.6577	-14.4806	125.163
11.8438	-13.8807	204.715
9.16184	-14.1086	254.36
10.6149	-14.7079	1371.17
10.0199	-14.8581	1728.26
11.043	-13.7789	329.68
9.89625	-14.8811	2698.55
8.23728	-13.6829	1707.23
10.1474	-6.87607	5.30353
10.5497	-14.7947	1563.66
9.59074	-13.546	150.421
9.68609	-14.6945	122.019
11.2149	-14.6695	135.245
12.6606	-14.4432	251.739
10.2165	-14.5965	1559.81
10.8904	-14.831	2480.37
11.9958	-14.3546	1638.83
12.3457	-14.7462	1275.4
9.8564	-14.8778	1724.72
12.3016	-14.6535	2203.32
9.64269	-14.3015	304.086
11.1079	-13.6208	1438.51
11.2098	-14.8863	3060
9.73044	-13.3393	1463.99
12.1662	-13.5926	1600.29
7.51867	-14.3953	533.998
10.5232	-14.8569	785.852
12.5316	-13.7844	81.5113
10.4216	-14.188	2266.46
10.2328	-13.6188	118.007
11.0384	-13.9487	278.991
12.6036	-14.6101	342.336
11.2567	-14.4032	581.561
9.59193	-14.8337	816.841
11.617	-14.4902	82.1407
11.4821	-14.6832	1550.28
9.18496	-14.2556	1213.54
10.1728	-14.754	2974.25
11.2222	-13.9479	273.172
10.8151	-14.5045	676.107
9.06423	-14.7726	1826.86
11.6669	-14.9791	2180.8
12.0356	-14.5842	413.92
12.9302	-14.3514	1818.71
12.5541	-14.6861	893.852
9.174	-14.6424	612.901
9.62584	-13.0902	150.598
11.0611	-13.7167	902.427
8.7338	-13.8935	1230.16
9.65135	-14.5685	410.672
10.3608	-13.2327	1881.61
9.17093	-13.8068	1578.99
11.7596	-14.6428	1035.93
1.01219	-13.441	647.494
12.9123	-13.6113	964.733
12.1123	-14.6785	2134.55
10.86	-14.7864	2604.02
11.1971	-14.7973	2728.26
10.7099	-14.9301	428.711
12.1212	-14.9076	1242.83
7.62515	-14.8717	901.146
