-1.17425	-0.0803047
-11.1568	9.30722
-10.0857	12.627
0.577263	4.6694
-14.1297	14.8351
-5.20535	11.5884
-6.88895	-4.01087
-10.5843	7.18772
-6.02253	13.0028
-6.41536	9.60406
-14.7645	11.2633
-11.4028	8.81106
-14.6206	14.5925
-10.7121	13.2683
-8.51527	6.38597
-2.04881	11.1366
7.55422	1.9368
-9.85384	7.8493
-13.2021	14.6051
-3.9013	8.89898
-13.1057	12.9826
-13.858	11.8033
4.20134	-0.00238385
-14.4503	13.0625
-11.3385	14.9998
-14.9738	14.3147
-0.176192	12.1434
-12.8431	14.7887
-11.8628	-4.36303
10.7409	13.4412
13.6943	14.4982
6.73624	-5.11082
-6.63231	12.6296
-11.3675	13.116
-8.78822	14.8826
11.3243	13.8829
-14.7617	6.98758
-14.7801	13.9442
-10.1393	-13.4966
-7.9536	10.6167
-9.83513	12.1393
-4.06325	8.97813
-11.1922	14.7261
-10.5112	13.9877
1.24775	-12.7167
-13.2859	-13.2861
-7.88221	14.609
-14.8193	13.2791
-13.2011	12.9232
-12.6786	12.972
-10.6084	14.2339
-10.6571	9.26545
-12.9703	-10.0511
-14.9092	14.2422
0.0883509	13.1043
-14.283	10.7665
-2.51757	-13.2224
2.55492	-3.77201
5.63947	2.538
-12.2839	14.9746
-10.8898	10.7677
-2.05618	7.91885
2.68439	2.8461
-14.2235	11.0879
-14.3936	13.2265
-1.82408	13.6609
-7.10749	14.3949
-11.1098	-5.23715
7.91496	14.054
-4.03619	10.3519
-5.85489	3.81654
-10.3367	12.4011
-7.80482	14.6788
-12.5358	11.4788
1.82376	9.24229
-8.03816	12.2583
-11.104	8.0513
-13.0088	11.6535
-2.97465	4.06923
-14.3526	14.7805
-5.51531	3.12177
-1.1466	-6.94548
-13.1037	13.5847
-14.075	13.7696
-10.4766	13.1803
-13.236	13.0817
-8.68449	4.50712
