-0.275395	-0.665462
-14.9497	-5.83945
-6.62798	9.76076
-14.7388	3.917
-8.21808	9.45834
-4.16705	13.9829
-13.6262	5.11046
-8.80861	-3.95706
-7.95992	-9.46692
-14.862	5.65021
3.91379	-7.29262
-11.5723	10.5645
-3.71058	10.4164
-5.20507	6.05198
-10.6027	3.81836
-5.54077	13.2528
-10.6066	3.78444
7.23219	14.235
6.10597	10.7133
-11.428	-9.77823
-14.5279	11.4899
-7.93445	9.56891
-10.6439	-3.6285
-7.45228	-6.62315
-13.6216	5.74222
-11.5344	1.25772
-13.5488	3.71825
12.1356	-5.02204
9.45459	7.67265
-2.11554	0.308797
-13.5834	5.63529
-14.042	5.51276
8.74762	3.13723
1.99223	1.97635
-6.09682	8.55449
0.369736	7.6209
-13.2987	-10.2031
-14.6391	5.89399
-14.9253	8.77071
-12.536	-4.85495
-12.4374	14.6363
7.19518	7.68604
-0.657503	-8.38492
0.11605	1.64634
7.32415	-11.813
-14.6117	12.2649
10.9862	-11.1904
-14.8295	3.03212
-6.87338	10.9916
-0.0355486	-13.0177
-14.1633	0.254649
-13.5828	2.54789
-8.31629	-5.52962
0.314411	-6.6362
-3.11576	-11.5023
13.9681	-2.37837
-14.5632	-9.5875
-13.8995	-10.4704
-13.3362	0.396638
-9.9249	3.21085
-11.4683	3.84236
12.4964	2.06068
-13.5512	7.37417
-14.5703	8.11773
-6.43484	4.04085
-14.3836	-4.68321
-8.41254	-1.80665
-10.4518	9.32033
-11.8759	5.88047
-14.4106	4.83075
-8.64939	6.40916
-0.562868	8.89866
