13.7241	12.4033
13.4334	14.6951
12.2498	13.5418
14.5154	13.7775
14.6415	14.2513
14.5014	14.1493
12.5707	14.9939
14.5645	14.544
11.7435	13.1309
10.7282	14.235
9.50158	13.5098
14.1769	14.8324
14.0947	14.3023
12.8586	14.6814
14.335	14.2757
13.0054	14.6025
12.7586	14.2647
11.7087	14.0742
14.8353	14.4271
12.9253	14.556
14.7138	14.7935
11.7334	-5.14618
12.6537	14.3696
13.5592	14.7718
12.8813	14.3786
13.822	14.4354
12.0969	14.9954
13.8852	13.9415
14.2659	14.5738
13.1058	14.984
14.8669	14.3853
13.8848	14.5053
13.2756	14.9655
14.3243	14.2961
11.5879	3.80592
13.4686	13.561
13.8503	14.0691
12.5841	13.5216
14.175	13.8562
-7.3693	7.53901
11.4554	14.8297
14.3867	13.0797
13.5862	14.5106
13.8612	14.3914
14.0127	14.8327
11.7537	14.987
14.8372	14.2125
-0.963695	12.4682
11.0734	13.969
13.2371	14.4017
13.3773	14.9807
12.1282	13.43
10.761	14.187
12.7993	14.772
10.852	6.97178
12.3732	14.8728
13.1261	14.418
13.5082	14.8616
14.3812	13.3138
13.3992	14.9157
12.3635	13.6052
14.6223	14.7143
13.2976	14.9609
14.0788	14.6801
11.4049	14.5957
12.0223	14.9296
10.5591	14.814
13.4137	14.6275
13.0705	14.7427
14.2782	14.9673
14.279	14.9882
11.8961	13.849
12.8781	14.883
14.8242	14.3588
10.5783	14.9172
10.936	14.8631
12.0272	14.9723
14.0929	14.6692
13.9905	14.9979
12.1449	13.2064
11.4884	13.6361
14.0099	14.7893
13.5019	14.674
11.1052	14.2991
13.8568	14.3949
12.5519	14.9263
12.1501	14.7984
13.3114	13.6785
13.1217	13.9581
13.8915	14.1562
13.987	14.8788
13.1303	14.7373
12.0599	12.1456
14.2927	13.6112
11.3339	13.3587
12.982	14.8799
13.997	14.6971
14.4636	14.9495
12.7762	14.6591
12.6851	2.5211
12.3194	13.3867
13.5264	14.9092
14.4413	14.9765
13.8159	14.7407
12.8632	14.8654
11.0133	14.3495
13.7173	14.347
12.8871	13.9581
13.7563	14.0694
10.4564	14.2507
13.2121	14.2957
12.4659	14.8697
12.0976	13.1341
13.8021	13.5765
14.359	14.2422
14.4011	14.7162
14.7844	14.1861
11.0628	13.8719
14.6239	14.7558
12.5714	13.8276
14.2032	14.6214
14.4262	14.9498
11.6477	14.8754
14.7224	14.8849
14.1133	14.2521
13.8063	14.4237
12.8695	13.3966
12.335	14.5613
14.8941	14.448
14.0253	14.7355
14.9027	12.9069
14.0999	13.6355
13.7056	14.7444
12.5925	14.3044
13.4435	14.1567
12.5126	12.7865
12.7947	14.273
11.8575	14.2032
12.1349	14.6671
13.3771	14.7221
13.5302	13.7696
14.6898	14.3179
14.184	14.2044
14.3081	14.6552
14.0875	14.562
12.2213	14.8375
11.2761	14.8054
11.1896	14.2362
13.7237	14.6489
13.4932	14.1136
14.0813	14.5605
13.1197	13.5779
12.943	14.9958
14.354	14.0219
13.7248	13.0243
13.6079	14.6187
14.3374	14.8921
14.7797	14.0504
9.75486	-3.73391
13.9523	14.9867
14.6374	13.4518
13.6653	14.844
14.8827	-10.9684
13.2073	14.5976
13.6898	14.5985
13.2591	14.4949
12.4721	13.7261
13.9995	14.374
13.26	14.8559
11.6427	14.726
13.1825	14.7714
14.9321	14.7312
12.6039	14.3128
12.3365	14.3058
11.7094	12.4472
13.2132	14.6641
13.6687	14.5702
14.9798	14.865
14.4417	14.6696
14.3598	13.854
12.733	13.8226
14.3969	14.8668
11.4452	14.7529
12.1055	12.096
12.826	14.9203
13.8131	14.204
11.9799	14.7168
10.7715	13.3986
14.599	14.8401
14.3705	14.5884
13.9376	14.8553
9.3694	12.3263
14.7164	14.8367
14.8619	14.1999
13.0317	14.7061
10.6353	14.0958
14.1202	14.6845
14.8379	13.6369
10.298	12.2991
12.5234	14.3969
13.207	14.1429
12.0531	12.9516
13.3121	14.2909
14.6462	14.5191
14.8687	14.9946
11.6208	14.4334
13.8754	14.5397
12.5936	13.6893
11.3999	14.3257
12.6591	14.1796
11.6562	12.9366
13.0954	13.1959
12.9673	5.80218
10.1023	14.9556
4.3983	4.0205
13.2839	14.1603
11.0265	12.0815
12.4711	12.3909
12.9033	13.802
14.316	12.8884
13.2051	14.2149
14.376	14.5106
10.4534	14.872
12.657	14.7671
11.199	14.9532
13.5146	14.1324
14.2982	13.1938
14.4512	14.9988
11.8224	14.3514
12.2206	14.6244
13.3093	13.7744
11.5162	14.194
10.951	11.1024
11.8521	14.7865
13.5513	14.7763
14.0697	14.7258
14.8582	14.5676
13.1918	14.3345
14.0498	14.6274
12.5641	14.7958
14.3674	14.9304
12.7033	14.8349
13.0927	14.4792
14.0203	14.492
14.8352	10.7829
12.8717	14.5417
13.1691	14.5992
13.7563	14.932
13.1931	14.6054
12.1024	13.5877
14.9354	13.1181
-12.051	12.9352
13.0334	13.535
13.6075	14.2518
11.6511	14.885
11.0541	14.7515
12.3635	13.9442
11.2844	13.6865
12.5959	14.9006
13.117	13.7319
13.3791	14.7356
12.1012	14.8008
13.6343	14.8268
7.95185	13.7446
2.22727	12.0629
13.6368	13.9147
13.7309	14.098
11.3995	13.8407
13.5949	13.4913
13.5014	14.9296
14.2261	14.2229
12.8602	14.3409
12.6555	14.9112
12.9296	14.8896
13.7549	14.4614
14.2442	14.4631
13.141	14.5014
13.7096	14.0808
12.1649	14.0254
11.7568	14.5697
12.8641	14.9352
14.6166	14.6193
13.8861	14.8961
14.9975	12.2034
12.6424	14.7917
13.1401	14.7954
11.7719	13.682
12.2197	14.7177
11.5454	14.2201
14.1292	14.3501
13.9617	14.5173
12.7701	13.8351
13.918	13.8564
11.7723	14.8597
14.7452	14.7566
14.259	14.8904
14.837	14.8233
12.1762	14.2049
10.3318	14.6292
14.7932	14.8488
13.2922	13.0817
14.6382	14.5031
11.8217	14.8963
14.3394	14.8675
12.8083	14.848
14.6506	14.6888
14.015	13.2184
14.2743	14.5335
8.92834	14.8055
12.3339	14.8236
11.9969	14.1348
13.9449	14.8664
12.5615	14.3499
5.68099	11.6537
14.765	14.888
12.3564	14.6855
12.3674	14.3947
13.1304	14.9742
12.8357	13.0655
12.4857	14.2679
14.2197	14.6609
12.2094	13.9558
5.24468	14.8376
11.3455	14.2007
14.4005	14.4503
14.9703	14.7654
11.8464	13.7025
14.2098	14.3118
14.1572	14.6098
13.0188	14.1815
13.8579	14.4018
11.3026	14.9839
14.6505	13.6695
14.5819	13.1576
13.802	14.8739
13.2513	14.4801
6.25192	-1.62626
13.0652	14.2351
12.7914	14.3823
11.4791	14.9573
13.3677	13.3394
13.4431	14.3756
10.2104	14.8031
13.4508	14.16
11.9639	14.2448
13.5047	14.7652
11.2599	13.7557
12.7649	14.8162
13.7575	14.0786
14.7227	14.8699
14.5878	14.9666
14.363	14.5631
13.7546	8.85166
12.6303	14.1088
14.2456	14.4291
10.5124	14.7976
12.9872	14.8061
14.3928	14.6277
13.651	13.8654
12.6242	14.4417
14.4407	13.8125
14.5355	14.8243
13.6981	14.6813
12.7919	14.2747
9.821	9.63067
10.5445	14.737
13.6121	14.9238
12.3042	14.5868
13.877	13.0067
12.9191	14.983
-3.63105	5.23863
11.0898	14.914
13.9667	14.7166
12.7753	14.42
12.5002	14.784
12.9361	13.8162
13.0232	14.0569
13.1139	14.0023
12.523	14.5513
10.504	11.2231
14.0992	13.7785
12.9266	14.8071
11.9185	13.6973
13.9211	14.6728
13.9817	12.4743
9.47469	14.131
10.5007	13.5419
14.121	14.6998
14.0193	13.6388
12.9064	14.9935
7.01531	13.8186
13.732	14.8884
13.8554	14.7123
11.2133	14.9861
12.3526	14.9799
13.1705	14.3331
13.3821	13.4914
12.168	13.2924
13.7777	14.7695
11.2816	14.5164
12.5167	14.4766
12.207	14.2555
14.1781	13.9782
11.6079	14.2487
14.0819	14.9555
13.3693	14.7841
13.8484	14.3224
14.5246	14.9969
11.9557	14.0465
14.3248	14.2518
14.7582	14.5003
14.362	14.6866
14.9753	14.2578
13.9871	14.4631
14.9918	14.5221
13.7153	14.6115
13.1671	13.7308
11.7585	14.4576
6.0053	11.1346
11.6938	13.8936
14.3939	14.7086
11.9452	14.9474
13.6893	14.4039
14.6874	14.4777
13.0361	14.7807
14.4498	14.5756
13.538	14.1792
12.8038	12.5954
14.0801	13.3826
12.2298	14.1172
11.4894	14.3696
14.4589	14.117
12.9776	14.6928
-8.14752	11.3129
13.0327	14.1482
12.8793	14.7388
12.1674	14.7309
14.4785	14.917
12.9365	14.8885
14.1476	5.48816
12.5376	14.5531
12.4533	14.7818
11.7732	14.9707
11.3858	14.2774
11.4489	14.2278
14.5628	14.822
11.9138	14.2442
12.4419	14.7682
13.3655	14.2668
12.6116	14.9073
13.9174	14.8029
12.8812	14.044
12.5973	13.6511
11.6736	14.4319
14.4348	14.7133
12.9089	14.2192
12.7282	13.2892
12.3139	14.8509
14.33	14.4828
13.8013	13.5292
13.6182	14.9529
12.2533	14.3894
13.0421	14.59
12.8221	14.622
14.603	14.4312
14.0654	14.0436
14.6453	14.0203
11.6249	14.8005
12.8901	14.2604
13.288	14.8045
13.658	14.0751
-3.79223	0.20845
12.5834	14.0583
11.9707	13.7743
14.5599	14.5281
13.4096	14.624
11.5755	13.6471
13.9025	14.7725
13.8474	14.9494
14.2237	14.8864
12.4077	14.6529
14.5495	14.7988
14.1939	14.2982
14.1767	14.4227
11.3545	14.4907
12.244	13.8881
14.8197	14.762
11.8624	14.6398
13.8726	14.6217
14.2458	14.9829
7.4057	12.2107
12.6559	14.35
14.0631	14.967
14.5943	14.8959
13.3537	14.9686
13.2388	14.5115
11.8435	14.9434
13.9867	14.7657
14.5296	14.5538
12.0377	14.467
12.6555	14.6802
12.7358	13.4075
9.98307	11.8049
14.4774	14.2194
13.9062	13.77
13.5834	13.3436
14.028	14.7919
12.7484	14.6971
10.3065	13.0868
12.1132	14.3651
12.7139	14.9068
13.8237	13.8137
11.0619	14.8805
13.8866	14.0784
11.9594	13.319
11.4099	13.7285
13.2405	14.7583
13.5835	14.5876
13.3222	13.8832
14.4155	14.8968
14.5212	14.6109
14.1669	14.8405
13.2188	14.7407
13.2063	14.2296
14.7833	14.4747
11.5017	6.19385
13.9593	14.9075
7.57955	10.7941
13.598	13.8355
13.5424	14.6509
14.424	13.2953
12.6634	14.704
12.8859	14.6212
12.1986	13.8539
13.5553	13.6185
11.6372	14.1658
14.6685	14.9722
13.941	14.4538
13.539	14.4578
10.8648	12.8073
11.4134	14.5427
11.0476	12.8559
12.3994	14.5199
14.3023	14.3762
12.3632	14.1908
13.1796	14.4905
10.7673	14.9795
12.9633	14.4121
14.2571	14.3957
12.8555	12.5187
13.4966	13.181
11.3277	14.6667
14.5868	14.5409
13.3894	13.38
11.2205	14.2162
12.1058	13.6519
12.7071	13.035
13.1036	9.67225
14.5295	14.2958
13.2735	14.8896
13.2754	14.4771
11.9203	14.1754
12.5936	14.1396
13.9362	14.7415
13.5904	14.8601
13.8102	14.2741
13.9905	14.2992
13.7696	14.7362
13.8815	14.8318
13.674	12.8054
12.4378	14.1547
10.5552	14.7632
14.6182	14.6687
10.61	14.0266
12.1235	14.9262
14.3727	14.7135
14.1643	14.5181
13.5961	14.0389
13.1	14.7588
12.6565	14.9369
13.5857	13.793
9.28948	9.3554
13.0483	12.6638
14.2865	14.5713
12.9644	14.2745
12.5947	14.0717
14.705	14.5462
14.646	14.7338
7.45184	14.9363
13.5599	14.1818
13.3659	8.60254
11.4189	13.8691
14.1025	14.1841
3.53354	10.3965
13.8422	14.175
12.1614	14.9369
12.2793	14.4864
11.6342	13.1154
11.7261	14.3535
14.3005	14.6649
13.7921	14.691
11.6348	14.9428
14.3395	14.9034
13.5848	14.5477
12.1856	14.343
13.0947	14.7079
13.124	14.9271
14.7872	14.651
12.1397	14.849
12.8362	14.1506
11.2162	14.7292
12.6159	14.6159
12.5831	14.7888
12.7936	14.4547
14.117	14.0959
11.5656	12.8305
14.0039	14.8187
12.6213	14.5175
13.4943	14.6698
11.8482	14.5928
11.8898	13.2524
13.7187	14.9625
7.11749	13.7095
13.2664	12.7533
13.4474	14.3325
13.5857	14.9356
14.0713	14.9516
14.1066	14.8644
12.774	14.9428
8.28075	13.0229
14.0797	14.1327
13.9105	14.449
12.693	14.8601
14.4944	13.6443
12.7994	14.8307
14.122	14.669
9.4943	11.2439
13.6912	14.4506
13.3825	13.3932
11.6827	13.4789
13.7653	14.9499
11.8227	14.9753
13.4972	14.9209
9.34196	14.2489
11.358	13.8899
12.9301	14.6954
4.16195	12.4488
13.1464	13.7542
14.4661	14.7926
14.5306	14.7113
14.2484	13.4738
14.4215	14.0768
13.6502	14.9359
14.5184	14.0337
14.0158	14.8551
13.3138	14.9383
12.3359	14.8164
11.802	14.6026
11.861	14.413
12.7715	14.805
13.9314	13.3148
13.2688	14.9983
14.0123	14.948
14.3219	14.9554
12.1145	14.9969
14.8666	14.2187
14.2456	14.9598
14.0049	14.2772
10.3067	14.8545
12.1664	14.9453
13.5628	14.1339
13.6858	13.25
14.8324	13.3757
13.8515	14.953
14.142	13.9829
12.0769	14.7755
12.7769	13.3936
12.7768	13.9896
13.7399	13.2826
14.0081	13.342
14.6139	13.8641
13.4424	14.9269
14.1784	14.7687
12.7944	14.8596
13.5364	14.2385
12.3161	14.2245
9.84322	7.13022
13.5312	13.7871
13.6616	14.9755
-1.62623	11.0011
14.375	13.6638
13.7295	14.7633
12.5267	14.1599
11.7507	14.5312
4.41346	9.9959
13.8964	14.6646
12.2253	14.997
13.0796	14.7377
13.1816	14.5143
14.2647	14.8528
14.3917	14.4682
11.9713	14.8858
12.5415	13.7047
12.85	14.4906
12.1096	14.9554
13.8554	14.5345
13.5863	14.873
11.2949	10.5603
13.5775	14.3948
13.1914	14.1986
12.6534	13.5182
13.0231	14.986
13.9058	14.4577
13.5204	13.9902
14.7598	14.96
13.6121	14.8044
12.9707	13.6919
12.5563	14.0188
10.3343	14.8811
13.8975	14.3147
7.25663	-0.145584
10.6879	14.4562
13.0429	14.9658
13.683	14.9563
13.4853	14.6342
14.1071	12.6504
13.5968	14.7388
11.4827	13.5022
13.1274	14.4713
14.1769	12.973
13.0251	14.3957
10.9287	13.6618
14.0122	14.9987
12.1342	13.7873
12.8622	14.5954
14.3066	14.9288
14.2815	14.6385
13.7656	14.8667
12.3348	12.9958
12.7931	14.835
12.6255	14.9785
13.6781	14.9146
13.4947	14.5942
13.4367	14.9972
12.9117	14.6882
12.4736	13.5556
11.3833	14.4703
12.2562	12.7587
13.4679	14.7213
14.5885	14.727
13.4748	13.7176
13.0251	14.983
14.4196	14.7322
13.8163	14.4363
13.6362	14.8597
14.131	14.9728
12.1524	14.4492
13.4928	11.1964
13.4381	14.9776
12.7547	14.6604
14.8449	14.167
10.3807	3.34321
12.3396	14.3616
13.7677	13.6903
10.9732	14.7652
13.0972	14.6163
14.8301	14.7578
13.3497	14.3439
12.0797	14.3692
14.305	13.455
11.4583	12.7863
14.5117	13.6221
12.6619	14.999
13.4951	14.8068
14.44	13.4915
13.8435	14.1678
14.9222	10.0125
14.3626	11.9997
12.9209	14.8394
13.0411	13.5762
12.1118	14.7319
13.8972	14.7093
14.1621	14.9375
12.6909	13.8453
12.9775	14.7816
13.9228	14.7295
13.8519	13.1613
12.4562	14.7964
10.842	14.9851
14.71	14.6508
11.588	14.2769
12.1567	14.8637
13.5272	14.5067
13.7485	14.4507
12.4134	14.0857
12.3189	14.6095
14.612	14.539
13.8332	14.7509
13.36	14.6956
11.2479	14.9659
12.1001	14.8067
13.959	13.615
13.4559	14.9364
13.8879	14.4954
13.2815	12.6836
11.6712	14.3027
13.432	14.0491
13.968	13.593
12.3078	14.2541
14.6862	13.7376
9.95053	14.5315
13.0508	11.7814
8.75214	14.4117
14.8766	13.8196
14.6914	14.9514
13.898	14.9431
13.1577	14.2943
12.7691	14.4054
14.4888	14.7913
11.9835	14.3847
13.2492	13.2875
13.6874	14.5468
14.007	4.89383
14.5072	13.2241
12.9274	13.925
12.8527	14.956
14.5138	14.4686
12.3217	14.7997
12.9542	14.9432
14.3821	14.8786
13.454	14.5594
14.182	14.1763
13.8979	14.6304
13.7429	13.8803
14.375	14.4555
14.7309	14.8041
12.8097	14.4784
13.4895	14.9341
13.3015	14.7123
12.6112	14.6244
10.888	14.3557
12.703	14.5606
14.2808	13.2186
14.1629	14.9802
14.8203	14.8166
13.2592	14.69
11.1707	13.4997
12.818	14.5052
11.0765	14.7641
12.1524	14.8373
12.85	14.4913
13.5069	13.2604
-10.3906	-8.56059
14.6296	14.4989
14.4176	14.9417
12.5494	14.3737
13.428	13.6671
14.8265	14.9018
14.5982	14.8905
13.7367	14.3496
12.1892	12.7687
14.7821	13.7267
12.7377	13.7182
12.9991	13.9857
12.6168	14.5446
13.374	13.9722
13.1539	14.7681
13.4462	14.7604
9.07097	14.833
11.7369	14.6352
13.9762	14.1463
12.1458	14.3788
13.1952	14.9979
12.9997	14.8576
14.3748	14.3407
12.8136	14.7679
11.9607	13.2325
11.9449	12.4497
14.0453	14.5874
11.5333	13.1473
14.9769	14.1199
14.2018	13.0844
-0.441521	3.0146
14.9524	14.1371
12.7833	13.7713
13.9575	13.5141
12.0929	14.5862
13.8116	13.4998
12.6669	13.0757
13.6899	13.7838
13.3909	13.6043
13.7573	13.458
14.3462	14.2985
13.5991	14.7531
10.3621	14.8211
14.5398	14.3987
13.0715	14.5974
13.1573	13.7385
14.3261	13.9667
12.4048	14.4047
12.4323	14.843
13.032	14.3177
12.9701	14.1289
13.4599	14.2848
10.7731	14.6163
12.8021	14.9251
13.5224	13.5154
13.2411	14.7429
14.0502	14.2102
12.5341	14.5223
13.0833	14.9292
14.0016	14.9798
14.4491	13.7902
13.8743	14.7478
12.5088	14.4879
13.6294	14.247
12.637	13.2188
13.044	13.2021
12.053	14.7903
14.7956	14.3996
13.3387	14.8615
13.1744	14.8988
10.5753	13.8401
13.3934	14.3032
13.5311	13.8312
13.5959	14.373
11.6752	13.6804
13.438	14.9559
12.6016	14.7901
13.1771	13.3391
13.1116	14.7994
12.1787	14.1372
14.2287	13.8303
12.3806	13.7055
11.9974	14.1742
14.6637	14.9457
13.2375	14.9831
7.7224	14.7888
11.7641	14.6764
11.4261	14.7385
14.5635	13.6419
11.5087	13.7855
12.8505	14.2333
11.4817	14.8655
9.30432	14.4464
14.3079	14.2499
13.3079	14.3524
13.5151	14.8194
12.1048	14.0032
12.7545	14.5163
14.209	12.8365
12.452	14.7775
12.8837	14.6241
14.1029	14.0466
13.34	13.7339
10.8138	14.5777
13.8887	14.9631
12.4033	13.5848
13.7847	14.2281
14.2318	14.9881
12.9176	14.0241
11.6755	11.0591
12.5255	14.776
13.5987	14.1487
11.7067	14.7738
10.5368	14.7732
13.3621	14.9409
13.8916	14.615
11.3577	14.6148
11.3546	14.4459
11.8616	14.882
12.5907	14.2528
13.8865	15
13.3172	14.5224
13.7141	14.1195
13.8642	13.7764
12.5386	14.5464
14.849	14.9839
14.6238	14.8909
14.1072	14.9344
14.3504	14.9004
12.2033	14.5184
14.5106	14.717
13.5847	14.39
7.87333	11.3184
14.3563	2.01506
12.6015	11.3905
12.0777	14.7955
13.4283	14.5262
14.3899	14.852
14.143	14.7902
12.4723	13.1959
11.6775	13.6168
13.4368	14.5931
13.4939	14.8139
13.3059	14.4948
13.9504	13.8247
13.9057	14.3151
14.9285	14.7368
13.7473	14.1875
11.2445	14.7495
14.132	14.6778
14.0986	14.9488
12.9594	14.3973
11.8891	14.9563
14.324	14.6646
12.5599	14.6856
14.8186	14.6396
13.5213	14.4709
14.4572	14.1253
11.5987	13.3041
14.5521	14.3458
14.8708	14.5199
10.354	11.9159
13.2858	14.0556
12.9792	14.7996
14.9647	14.2438
13.9947	14.3167
11.1858	14.9906
14.0271	14.0674
12.3798	14.5132
12.2508	14.9432
13.8544	14.8713
10.7101	7.86185
14.2604	14.3571
14.8557	14.5033
12.6894	14.2179
13.9177	13.2556
12.6893	14.7655
8.07054	10.5531
12.6815	14.6166
13.7489	14.7795
13.391	13.0309
13.673	14.7261
13.9111	14.7283
10.0501	13.7947
13.6069	13.9046
13.2388	13.6527
10.6764	14.7479
14.8416	14.9104
14.524	14.7765
13.7473	14.2854
14.5788	13.7803
13.8167	13.4529
14.5443	13.5055
14.2548	14.0555
12.7186	13.2099
14.0024	14.4202
12.4242	14.047
10.7038	14.0926
12.2585	13.7591
4.21748	-5.82061
11.4988	14.1243
11.7403	14.6248
12.9605	12.7109
11.9127	13.7015
13.6618	14.384
13.4108	14.7806
12.8361	14.9847
13.185	14.8667
13.9923	14.3491
14.787	14.693
13.9603	14.7647
13.1103	14.7621
12.0897	14.7644
7.07109	7.65897
14.9053	14.6926
14.146	14.6874
12.5739	13.5782
14.3603	14.7733
14.3321	13.8482
13.5373	14.6547
13.8188	13.8326
10.8283	14.1712
14.5686	13.951
12.7388	13.6406
12.2626	14.8491
11.1294	14.4499
13.4088	14.6178
12.9348	14.8465
12.8087	14.8744
-1.46006	-7.02679
14.8269	14.9399
13.1266	14.8627
14.7693	14.4082
13.7377	14.6622
11.5131	11.9523
14.6559	14.1437
12.3153	14.9151
11.0188	13.315
12.6982	14.3085
14.3667	14.8586
14.0543	14.4755
13.2272	14.546
7.57384	14.3069
9.79696	14.8578
13.3934	14.4643
14.3494	13.9961
12.0608	14.7854
13.2437	14.9394
13.2586	14.0467
14.1591	14.4275
11.3944	12.3805
14.1727	14.4722
12.466	13.3258
12.8233	14.5941
12.696	14.9355
14.196	14.7327
13.8242	14.2138
10.6392	14.8356
14.3491	14.5094
10.441	14.0381
13.1054	14.4919
12.7435	14.1767
13.6773	13.9191
14.5193	14.8362
12.4129	14.9685
9.80917	14.4273
10.7948	14.7099
11.4727	14.2027
14.9176	14.4857
13.7047	14.3922
12.5915	14.1744
13.4386	13.3096
13.2604	14.1035
14.9899	13.5369
13.7391	14.7817
14.1295	13.7069
14.4724	11.9012
14.337	13.1083
11.2767	12.8526
14.1031	14.8644
7.05413	12.0152
11.3935	14.7762
13.7283	14.6211
14.9849	14.7478
14.0466	14.8561
12.5731	14.21
12.9064	14.7604
13.4521	14.1893
13.3903	14.7432
14.8378	13.9925
12.2757	14.8405
13.7317	14.3571
13.2129	14.7657
12.8476	13.4788
14.9636	14.648
11.0337	14.6716
12.6081	13.1575
12.3431	13.8441
13.0302	14.6033
11.6556	14.8771
12.5592	14.9294
14.683	14.8572
14.492	14.4604
12.8045	14.7463
14.3767	14.9777
13.9878	14.8181
13.8175	14.8008
13.8511	14.9874
14.6276	14.1524
12.3419	14.5088
13.9349	14.5459
11.8302	11.1023
14.5313	14.6468
11.0734	14.7452
12.4715	14.9493
11.2805	14.5836
14.9358	14.6415
9.86756	12.6741
14.1745	14.8265
12.8578	13.8369
12.3673	14.02
14.9453	14.881
11.4708	14.4342
13.298	14.6982
12.9745	14.0561
13.7335	14.345
11.5526	14.4702
12.4216	14.6027
13.367	13.2436
14.1568	13.6423
12.7516	14.2549
14.0088	14.4063
10.8096	13.8376
14.3124	14.9511
14.4882	14.7119
13.1887	11.7749
12.3746	13.1677
13.8092	14.9946
11.9833	14.9542
13.4724	14.7286
12.9089	13.9829
11.4093	14.9412
11.597	14.3239
12.701	8.40528
11.6541	14.5979
12.4396	14.8621
14.2807	14.3514
10.4056	11.7104
12.5673	14.5233
13.2638	14.6952
14.7798	14.672
13.6843	13.5646
13.5286	12.6136
12.183	14.5738
13.8216	14.6119
14.7639	14.7999
11.4078	14.3016
14.4483	14.2118
12.5021	14.7435
14.4031	11.816
14.5703	14.7274
13.0235	13.0574
12.6027	14.9241
12.8138	14.6042
11.4465	14.5441
14.1203	13.8441
12.2328	14.8685
14.3986	13.3029
13.04	14.7487
14.9103	13.8266
12.9365	14.0369
13.0625	14.1021
13.2277	13.9495
13.9797	13.8919
13.5575	13.5508
14.4416	14.8554
14.9877	13.6978
13.1701	14.906
11.2202	14.9594
14.5975	13.9781
13.3646	14.8807
11.685	14.3717
12.9995	14.5147
13.6288	14.6887
13.0502	14.8784
12.4038	14.5606
12.2536	14.8207
12.5857	14.2787
10.654	13.1234
14.0431	14.4499
13.6523	14.3032
13.3944	14.5326
14.6929	14.9184
12.1644	14.0889
1.6063	-0.608412
11.3916	14.2803
12.437	14.8758
13.9437	13.2984
14.199	14.3939
10.9944	12.7789
10.1117	14.953
13.1664	14.9107
11.9754	14.9043
14.1966	14.7033
13.0987	13.5932
12.1655	14.5395
13.2791	14.8212
13.5834	14.6926
14.6845	14.4641
14.5556	14.8565
14.1782	14.0412
14.6606	14.9513
12.3522	14.5211
14.4298	14.5992
13.1296	14.5937
9.6663	13.0516
13.0222	13.4405
13.9455	14.502
12.9059	14.3968
14.3442	14.0832
12.3227	14.5102
14.4892	14.5007
12.9807	14.6491
11.0362	14.2861
12.9483	14.258
14.2656	14.7512
11.1663	14.8408
14.0966	14.1189
13.0087	14.9718
14.4941	14.9675
13.2105	14.5728
14.445	13.7833
12.0495	13.8926
11.6025	13.932
13.4486	13.9711
12.9753	14.6831
12.0723	14.4418
12.3776	14.8197
14.3468	14.8738
12.9439	13.5766
11.4537	13.8657
6.43926	12.9283
12.3537	13.4282
13.7043	10.926
12.859	14.6314
12.8345	14.4051
14.7927	14.281
12.9152	14.955
13.5774	14.5862
14.816	14.6432
12.8308	14.7348
13.6838	14.7195
11.0736	14.7971
13.19	14.8703
11.3127	14.8246
12.2373	11.9173
5.64342	7.98261
14.287	14.5047
10.9169	14.6204
14.6226	14.6301
12.6188	14.1917
12.774	13.8418
14.7468	14.9465
13.4225	14.1936
12.3559	13.7713
11.1333	13.1597
12.7352	14.9177
13.8407	14.2904
13.167	14.7758
12.7452	13.6534
14.5069	14.7534
14.4298	14.4325
12.3919	14.4002
14.604	14.746
13.1296	14.9494
14.419	14.914
7.68042	5.07232
11.8625	14.9427
12.2088	14.5883
12.4913	14.8045
12.9907	14.4048
12.8879	12.5082
12.665	14.6267
14.0188	14.7611
14.8743	14.5386
12.3098	14.7571
12.6133	13.4197
14.1191	13.393
6.30824	13.3383
12.2223	14.8902
12.8778	13.1125
14.1931	14.6807
12.8604	14.7164
12.0855	14.796
13.1063	14.6242
10.0091	11.7334
11.0073	14.9798
14.7289	14.7685
14.1929	14.9778
11.4032	13.8232
14.7411	14.3411
12.8649	14.8028
13.6447	14.8105
13.8416	13.0804
10.7134	9.76129
11.833	13.7968
13.0131	14.0761
12.4087	13.2979
14.8497	14.6443
12.6871	14.9375
13.7814	13.2733
12.6934	14.0744
13.1235	14.7782
13.5364	14.9392
9.21923	14.3047
13.9817	14.8935
13.2737	13.8636
14.5888	13.9088
11.6022	13.9554
13.6078	14.5187
12.5676	14.1056
13.1702	14.153
8.55336	-3.51742
12.6124	14.5958
-12.5153	-0.382097
13.015	14.7183
14.3753	13.6213
8.59912	13.8537
12.9098	12.5831
14.4406	14.4702
12.8376	14.6247
11.206	14.1975
14.2117	14.789
11.0297	13.9665
14.8933	13.5181
14.6462	7.84009
12.8419	14.4464
14.1248	13.8942
13.8146	14.776
14.7191	14.6325
12.4412	14.9801
12.7619	13.126
11.1741	14.6498
14.8122	13.9999
11.4325	14.7683
10.0288	11.244
12.4403	14.4106
12.1484	13.1075
14.4715	14.6288
13.8425	13.7033
11.9978	13.7491
10.7467	14.6142
12.0674	14.2575
12.8976	14.9673
14.6169	11.4565
14.9927	13.6547
14.2761	14.906
13.3765	14.4429
12.011	13.8361
12.1013	14.7581
14.9999	14.7501
14.134	14.907
11.9437	14.2237
13.7576	14.5022
10.4839	14.9887
12.5761	14.9902
13.9515	14.8911
11.5979	14.0092
12.0366	14.2772
11.2974	14.2938
14.597	13.9522
12.5361	13.9185
12.5897	14.749
13.9154	13.9377
13.5811	14.7622
12.3053	14.8475
14.3485	14.9248
13.1651	14.4043
13.0619	14.6474
13.3736	14.0843
11.5142	14.1925
13.1659	13.8407
11.974	14.6847
14.187	14.1844
13.2729	14.8209
14.34	14.1692
11.9559	14.6181
14.1295	14.9703
14.0248	14.4179
13.8929	14.7186
13.1984	13.2798
13.6133	14.5461
13.6113	13.4069
12.5835	13.6714
11.9747	13.0116
14.8341	14.9477
13.6895	14.978
12.7435	14.7686
14.9496	14.2784
13.77	14.492
11.5489	14.0318
12.7744	14.4926
9.74529	14.7426
14.063	14.0771
11.851	14.9764
11.784	14.1458
11.4974	14.2032
13.8321	14.9856
11.2789	14.8332
13.8618	14.4241
11.9472	14.5109
14.6714	14.9704
12.9235	14.3211
14.8842	14.7782
14.9284	14.1553
13.4132	14.5183
13.4918	14.7536
14.9903	13.6998
13.7661	12.6648
13.6142	14.7298
13.083	14.2755
10.8915	14.8356
14.4233	14.7061
14.7136	14.7825
11.6307	14.7008
13.8128	14.539
13.8843	14.9187
13.4123	13.6021
14.9986	14.0412
12.5209	14.1195
12.6161	14.8422
12.6127	14.7145
13.9511	14.9869
13.4245	14.8218
11.6393	14.4975
13.9867	13.6398
13.3928	14.2004
14.9185	14.2446
14.4468	14.1208
11.992	14.9133
14.1555	14.9841
11.3946	13.51
13.1303	14.712
12.9877	14.2989
14.5913	14.3047
12.4191	14.9919
13.1606	14.8187
13.0758	14.3295
13.5516	13.4084
11.8402	14.8412
12.6855	14.9593
12.5413	14.0925
11.5084	13.8994
14.6485	13.561
12.8236	14.4682
14.7861	14.9299
12.1167	14.1807
13.2215	14.3231
13.3448	14.244
13.6292	14.8549
12.3182	14.4407
14.1999	13.8415
11.5193	13.7737
13.494	14.761
14.1988	14.6086
14.0613	14.4745
10.644	14.7666
14.9173	14.8502
12.037	14.1976
12.1355	14.7865
12.0314	14.179
14.0769	13.4699
-3.75814	-10.2872
14.3247	14.5824
12.1808	14.8869
14.0875	14.3909
12.3107	13.6367
12.2983	14.1878
12.9931	14.6283
12.8642	14.9266
14.2713	14.7552
12.6818	14.8429
13.8444	14.3281
13.1192	14.5525
14.2539	14.3386
13.3651	13.7256
12.5159	14.4827
13.5059	14.1196
12.6576	14.5778
12.4431	13.0791
13.6117	9.8788
12.9067	14.1318
12.9277	14.9027
12.5925	14.8717
13.1309	14.4936
14.6549	14.3499
11.3924	13.8147
12.326	14.5769
14.2819	13.5523
12.957	14.9786
13.6909	13.8503
14.5142	13.3867
13.0246	12.9479
12.3909	14.7826
12.7452	14.695
14.5275	14.1191
13.664	14.4344
13.0849	14.6759
9.75283	13.3719
12.0982	14.556
14.0035	14.8584
11.7334	14.1391
12.2554	12.2432
12.8885	-6.9496
13.251	14.1869
13.61	13.9899
11.4071	14.6843
13.0067	14.2354
12.3237	14.6643
13.5613	14.237
13.9278	14.5699
14.5264	13.4429
14.0931	14.1776
14.4497	14.4362
13.6661	13.1013
11.9435	14.4342
12.2648	14.9978
12.9028	14.1598
12.3315	14.9932
13.2483	14.5022
12.7024	11.8386
13.366	14.5411
11.0818	14.3495
13.1228	14.093
13.6439	14.6306
12.5485	14.5779
3.4856	5.11666
12.2362	13.2098
13.9416	13.7414
12.0649	14.7381
12.3003	14.0901
13.9192	14.3651
14.7932	14.5649
12.9884	13.588
12.7926	14.8836
14.7798	13.7661
13.1675	13.0576
12.3252	14.4253
11.341	14.5476
14.3474	14.4139
14.5562	14.4709
12.1665	13.9781
12.6939	14.5461
12.9728	14.9314
12.993	14.9645
12.834	14.3029
14.4029	14.4425
13.6034	14.7024
13.7951	14.8702
14.421	13.9588
13.8601	14.3668
12.994	14.4461
-10.9422	10.8558
12.368	14.2553
12.4353	14.7702
14.3708	14.5658
13.9965	14.5713
12.7922	14.6415
12.6723	14.5249
13.9	14.8435
12.9942	13.3359
14.8948	14.0125
13.5085	14.2602
14.8429	14.9039
10.8934	13.472
12.0912	14.9233
11.7172	13.2223
13.5871	14.9845
14.4361	13.9821
12.2596	14.0794
14.1927	14.754
13.132	14.8496
14.1226	14.4954
12.9356	14.8113
13.4533	14.7191
13.8298	14.8705
12.2103	14.7698
14.0233	14.8527
13.0981	12.9779
13.4515	14.9592
14.5418	14.2416
12.9257	14.7469
13.9422	14.0799
11.9143	14.1359
14.3349	14.7567
14.1925	14.3862
14.7355	14.7746
12.3145	13.316
12.5435	-0.2604
14.2478	14.9043
13.5102	14.6496
12.8099	14.3692
14.6358	14.913
14.1864	13.5529
13.5545	14.6735
12.8385	14.6525
14.205	14.4856
14.3942	14.0634
13.6666	14.9886
14.849	14.6563
14.3831	14.9907
14.9171	14.7007
11.4494	14.7688
8.55707	-11.6574
13.7367	14.9872
14.8494	14.8657
12.7155	13.7186
11.3107	14.0282
14.7335	14.8652
11.2093	14.2157
12.3163	13.636
10.9039	13.6188
14.0394	14.471
11.8921	13.1363
13.0845	14.5971
13.0467	14.4995
11.956	13.7513
11.3242	14.649
14.1367	14.6115
13.3882	14.3322
12.557	14.4484
14.6145	14.8922
14.4358	14.1717
11.4832	14.197
13.0532	13.3859
12.3793	13.8587
12.7327	13.2476
12.3106	10.7466
10.0361	13.7032
13.6208	14.7957
13.9292	14.8694
2.70961	13.2004
14.1467	14.7212
13.2018	13.8868
14.4203	14.8318
13.0826	14.5542
13.4162	14.8859
14.5342	14.4144
14.4108	14.4173
13.7183	14.5059
11.4742	14.2559
12.635	13.7481
12.6725	13.8496
13.2648	13.5801
13.6337	14.1642
13.7928	14.7599
14.8655	-8.86855
13.2205	14.5688
13.4623	14.2692
13.1731	14.6851
11.2251	14.6755
14.5962	12.8414
13.395	13.7598
12.2229	14.9262
14.9733	14.9279
11.3595	14.4551
8.39606	-4.35972
12.528	14.7268
14.0497	14.1489
13.2949	14.8592
13.8857	13.9477
13.1653	14.4898
12.8361	14.9334
13.3513	14.311
11.0942	14.1621
11.9825	13.9728
11.5123	14.3448
11.4235	12.8254
12.817	14.4898
12.6471	13.8819
12.6704	14.6972
12.5278	14.6032
13.8565	14.6529
12.3402	14.7719
13.7302	14.8016
13.9536	14.9252
14.3236	14.7026
12.6267	14.6517
13.7581	14.5969
12.6853	14.271
11.8286	14.9954
14.7327	14.858
12.2018	14.0778
11.7094	14.8196
11.6538	14.6684
12.8146	13.7348
13.0452	14.3671
11.9072	13.0224
13.5973	12.8614
14.7772	12.2715
12.8699	14.9429
13.9637	14.2735
14.3659	13.9825
13.1516	14.0872
14.8912	14.4247
13.7316	14.9474
14.7907	14.3299
13.8549	14.7272
13.8366	14.4663
