-7.8823	5.35827	161.861
-1.7905	12.526	161.561
-7.99902	12.2936	179.358
3.73164	9.59635	132.087
-9.83878	6.56755	216.5
-3.24695	10.9353	34.7432
-6.51693	13.8658	61.3011
7.67713	11.6821	87.7849
12.9518	0.793329	7.82526
-10.9334	9.28966	139.438
-0.17954	14.7432	1359.05
8.10258	6.33546	165.588
-10.874	14.7626	614.076
10.617	11.9837	79.8956
4.82412	13.589	181.467
-5.81899	14.342	199.578
8.31014	13.0742	238.846
-0.832484	12.8817	174.16
-3.35771	6.8076	149.813
6.58665	12.7128	193.722
-14.68	13.222	293.516
-3.29026	13.6555	48.7483
-8.45896	-4.57171	2025.86
3.34061	5.42548	60.0462
-0.278458	14.888	82.1671
-4.81233	14.2203	27.264
6.68359	14.0386	164.004
1.79327	12.6007	54.371
-5.47022	13.6587	73.8736
9.48304	9.64938	138.87
9.27989	-2.78664	1143.62
1.15212	3.37052	99.0996
-14.2152	14.1256	63.1365
5.30825	13.6724	213.028
-3.45022	13.4941	209.09
-8.79194	12.8256	74.5578
-0.215975	13.3633	383.221
-0.72334	7.37315	447.789
-0.898983	13.7236	144.377
-4.26713	8.28836	27.9171
-11.9731	14.1663	215.218
3.19704	3.83479	136.252
-12.4424	10.4296	369.536
-0.254953	-10.6379	159.379
-8.188	14.8522	99.054
4.52257	12.913	170.038
0.145424	12.5184	338.449
-2.04947	13.2673	119.202
-9.81165	-2.03617	30.6939
-1.60746	13.9234	57.854
-10.5054	1.32873	1004.65
12.4815	13.8269	437.345
-10.5133	2.55745	718.669
-5.83219	1.51755	662.994
12.6369	-9.81539	47.3826
-2.64982	6.65821	39.213
-4.00095	11.3345	34.7432
-6.44466	-2.24705	68.5649
-7.93973	12.2884	258.182
-5.05689	13.797	2.07478
-11.4074	7.47342	147.074
-11.2693	12.2826	130.774
3.72523	2.43788	103.317
-2.08904	0.607268	108.807
8.19871	7.37232	24.3592
-4.20026	9.60264	1378.87
3.96986	13.9569	50.9514
14.5991	0.0126562	1454.39
-2.00304	2.31791	1119.86
7.20655	11.5721	475.12
