-4.54132	14.3927
-4.89385	14.0288
-8.17967	5.57507
-6.56139	14.9342
-4.14323	8.3125
-5.40949	14.8363
-3.46483	12.2308
-5.38148	14.2013
-5.85755	14.3197
-4.14429	13.5106
-6.69213	14.0702
-4.20876	13.941
-1.8225	14.2612
-4.19085	14.0885
-3.5143	14.9961
-2.66325	13.5664
-4.39524	14.6159
-4.69237	14.9704
-6.31527	12.8573
-6.40891	14.5029
-3.90514	14.053
-2.93826	14.8261
-6.66602	14.1569
-5.76668	13.9655
-3.2099	14.8096
-5.15749	14.3843
-3.39794	14.8309
-4.79447	13.7233
-4.7158	14.97
-3.70575	14.7145
-5.04678	14.0029
-4.89866	14.5362
-1.3752	14.3564
-3.85396	14.697
-5.41892	14.7766
-6.37041	14.4489
-2.65986	14.3426
-3.47428	13.5388
-6.41557	14.2431
-2.7556	13.9717
-6.48081	8.62102
-2.27251	14.7884
-3.08772	14.8643
-2.939	14.779
-3.79154	13.9654
-4.71789	14.3013
-5.5582	14.5209
-4.21446	14.5867
-3.73701	14.9553
-5.79832	14.001
-3.49898	14.0248
-2.18132	14.2253
-3.59985	14.9346
-7.26618	13.845
-5.72551	13.5814
-4.32529	14.7467
-5.68393	13.6244
-3.62775	14.6097
-6.61257	14.897
-5.56953	14.3597
9.3821	11.1799
-4.36509	14.2855
-5.58733	14.8356
-3.35592	14.1745
-4.44017	13.8068
-4.30279	13.8173
-3.53494	14.5532
-4.10641	14.9003
5.20137	9.89516
-3.90857	13.984
-2.65471	14.9353
-2.79873	14.9833
-5.40461	14.4263
-4.58854	14.9596
-3.02934	13.5893
-3.73812	14.9582
-4.85865	14.6018
-2.32619	13.4034
-4.77297	14.8006
-2.12603	14.454
-6.28307	14.9115
-12.7648	14.9681
-6.381	14.481
-0.513378	1.91718
-3.13073	14.8244
-7.08696	14.9045
-5.99216	13.3792
-3.23849	14.7294
-2.9822	14.9871
-5.24195	14.9239
-4.2943	14.4482
-4.85656	14.7731
7.97585	12.1827
-3.93583	14.0794
-3.81013	14.9468
-4.56672	14.4992
-4.00491	14.9118
-2.27787	14.9632
-3.92241	14.9033
-3.82671	14.9503
-4.06666	13.2947
-4.19181	14.1147
-3.72487	14.3147
-3.36105	14.487
-2.40026	14.8708
-4.30147	14.3557
-3.00844	13.995
-4.83921	14.863
-5.23999	14.9414
-6.97517	14.2888
-4.64988	14.42
-6.93103	14.8419
-4.082	10.3533
-6.17063	13.3155
-5.58167	14.0508
-5.90548	13.6555
-5.45796	14.8195
-1.63985	14.6912
-2.55752	13.7333
-12.0295	13.5619
-6.49232	13.4579
-10.0946	13.4162
-3.67566	14.6702
-4.73618	14.4766
0.174765	-2.43997
-3.58364	14.3773
-3.68328	14.9087
-2.7913	14.9318
-3.38744	14.9085
-4.02076	14.684
-5.91901	12.9028
-6.54328	14.8874
-6.57909	-5.06052
-2.9728	14.7366
-4.4824	14.845
-3.79537	14.9198
-4.38972	14.3056
-14.7736	8.94722
-4.39713	13.3936
-2.8908	14.9964
9.79445	12.445
-4.51484	14.929
-4.88453	14.4543
-6.11519	13.4896
-5.26677	14.5347
-0.403146	13.8821
-5.75082	14.3673
-0.800294	14.6902
-3.96975	14.1761
0.806019	11.992
-2.25471	9.72006
-12.5984	4.73666
-2.55599	14.941
-5.12313	14.3388
-4.33281	14.1925
-3.39785	14.8899
-3.70578	14.8436
-3.03386	14.1494
-5.26446	14.1808
0.462178	12.5843
-4.84491	13.9433
-3.72909	14.9333
-5.4342	14.7936
-7.03631	14.7322
-4.26527	14.8847
-5.19582	14.6392
-5.93477	14.5536
4.83379	10.1085
-11.4248	9.84648
-6.64634	13.9975
-4.85925	13.8042
-4.65797	14.7761
-3.15733	13.551
-5.45815	13.2069
-2.90767	14.7936
-3.82595	13.694
-2.54639	14.982
-1.94698	14.6983
-5.50778	13.6424
9.74459	14.1131
-3.16588	13.2399
-6.00419	13.0793
-1.7781	14.6716
-4.98747	14.6883
-5.69481	14.2861
-5.24381	13.998
-3.38822	14.7364
-6.30208	14.9703
-5.23782	14.6251
-6.72244	13.8862
-6.36329	14.0372
-2.04809	14.3296
-3.79649	14.5378
-3.40251	13.5495
-5.33156	14.8654
3.48406	7.14896
-3.72878	13.7427
-6.18243	13.8595
-3.13912	14.8776
-5.57397	14.2277
2.65642	8.32197
-2.84387	14.8392
-2.84721	14.9525
-4.9021	14.9797
-5.43142	14.7403
-3.57017	14.0007
-5.18564	14.2126
-2.35542	14.9777
-4.41139	14.9223
-6.03645	14.6193
-5.50474	14.6198
-2.33004	14.7261
-3.10853	14.4718
-6.8247	13.4031
-5.68409	14.9756
-4.50462	14.9636
-2.7955	14.3813
-2.68563	14.6796
-3.09929	14.8434
-4.97561	14.894
-5.25279	14.7812
-4.96952	14.4424
-6.58443	14.9708
-5.21798	14.2462
-4.3797	14.8595
-3.6707	14.7017
-5.06001	14.9207
-4.43815	14.3156
-4.47113	13.8574
-3.0984	13.6786
-2.59807	14.4348
-3.46513	13.0192
-4.54468	12.0882
-3.47607	14.9909
-1.11295	14.8994
-3.87187	14.5037
-4.86049	14.9899
-5.21732	14.4052
-2.83206	14.9516
-4.77292	14.2259
-4.5943	14.0235
-4.76844	14.2482
-6.56138	14.2221
-9.62024	4.04628
-3.39968	14.7441
-3.43817	14.5668
-2.58191	14.6113
-6.87918	14.5816
-4.83609	14.9804
-3.53873	14.6296
-3.36391	14.7529
-3.84913	14.4972
-6.12595	14.2102
-5.67299	14.6716
-1.82317	14.0718
-3.11115	14.7035
-4.55312	14.1804
-5.6356	14.8619
-6.89064	13.9249
-3.02337	14.5949
-2.3779	13.4291
-0.887863	13.9793
-3.75597	14.6914
-5.44562	14.9373
-2.69976	14.8114
2.42098	13.988
-7.2783	12.8682
-4.30642	13.6684
-3.1019	14.1546
-4.22284	14.9433
-4.37826	13.2657
-3.09352	14.4746
-3.19144	14.8018
-4.07008	14.054
-5.06131	14.995
-4.98886	14.7355
-1.12091	14.6344
-5.43977	14.5339
-5.19603	12.299
-3.16806	14.6513
-5.11452	13.6711
-3.79395	14.8287
-5.13888	13.8137
-4.58694	13.5818
-3.07748	14.7968
-4.79993	14.5455
-4.53108	14.6632
-2.58242	14.9357
11.3561	-13.0264
-3.37896	13.6581
-4.07384	13.7662
-3.67265	13.6335
-4.22177	12.9139
-5.29307	14.6632
-2.84576	14.6611
-5.06455	13.7722
-3.91734	14.8295
-4.6906	14.1678
-2.79121	14.389
-5.47936	14.6622
-5.00402	14.4688
-4.91726	13.1929
-2.29452	14.3644
-4.38432	14.3071
-7.26133	14.8963
-5.50894	14.8667
-3.5028	14.8425
-1.84746	13.9967
-4.45623	14.0494
-3.4185	14.8854
-5.15225	14.8164
-3.79653	14.9246
-2.7631	14.9561
-4.34433	14.6791
-5.71174	14.1278
-4.67783	12.8372
-2.89621	14.4619
-2.93313	14.3776
-5.61847	14.9633
-5.02502	14.5871
-1.18291	12.6932
-5.00102	14.8947
-5.98597	13.7303
-4.48129	14.7831
-4.32779	13.8319
-4.79936	14.3918
-3.83331	14.358
-3.90378	14.0389
-2.33795	14.7857
-6.11652	14.9606
-5.54786	14.4895
-5.92517	14.1722
-6.45	14.6045
-7.1355	13.1424
-4.31353	14.8473
-4.69846	14.8082
-9.10744	-0.697099
-2.2315	13.638
-3.43552	13.978
-4.32122	14.5359
-3.96607	14.1727
-6.51322	14.482
-3.16413	12.9584
-6.33331	12.9159
-4.56964	14.6785
-3.66753	3.54977
-2.68644	14.9089
-4.90885	14.3216
-3.66066	14.2868
-4.07384	14.5739
-5.8566	14.2967
-4.13237	13.9351
-5.07608	14.062
-4.95076	14.4136
-4.56149	14.9805
-5.09832	14.8455
-4.908	13.6413
0.434757	11.9988
-4.55946	14.6408
-3.84662	14.4272
-6.58223	13.9046
-5.16152	14.8685
-6.94994	14.8757
-4.45582	14.5014
-3.56206	14.8302
-2.95734	13.7937
-3.46153	14.4692
-6.39589	14.4767
-6.0723	14.5121
-5.68085	13.7566
-3.07422	14.1457
0.832616	14.8824
-4.42558	14.544
-4.37133	14.5839
-5.73103	14.9762
-3.36146	14.8395
-5.88024	14.8708
-1.63923	14.4385
-5.32512	14.7386
-2.67613	14.2489
-6.69343	14.499
-4.51882	9.84092
-1.5874	13.2133
-2.51115	14.7345
-5.59147	14.7465
-2.02655	14.4352
-3.8561	14.6554
-5.63458	14.6353
-5.35157	14.9588
-4.71565	14.4472
-5.69573	14.9843
-4.24911	14.6448
-4.14075	13.2748
-3.82826	14.0981
-5.45911	14.9484
-3.61652	14.3002
-3.96328	14.5112
-7.02384	14.8391
-3.67924	14.4598
-4.8886	13.1716
-6.91412	14.6154
-2.96137	14.4681
-4.19414	14.6091
-2.10617	14.6933
-4.24183	13.6305
-6.46515	14.8359
-5.26783	13.6802
-5.28858	14.4446
-3.20014	13.5174
-4.77081	13.9794
-3.64289	14.743
-2.81168	14.9878
-3.88635	14.9255
-5.5504	14.4247
-8.0829	14.8383
-4.94435	14.8309
-3.9322	14.8085
-5.98891	14.035
-3.84064	14.9562
-5.09676	14.4245
-4.35251	13.716
-6.88312	14.91
-2.4619	14.782
-2.92781	14.4859
-5.70945	14.1619
-6.3915	14.3113
-5.58462	14.3614
-4.04753	14.6933
-4.64431	14.4055
-4.23341	14.9714
-9.37948	13.4577
-4.72662	14.6699
-4.91087	14.4481
-3.25238	14.0121
-2.5349	13.6572
-5.1293	13.9438
-5.64084	14.3619
-3.56252	14.5558
-6.08837	13.9502
-3.73244	14.6691
-4.80693	14.7121
-3.22324	14.1926
-3.61445	14.6057
-4.3335	13.6699
-3.69007	12.7463
-5.5689	14.5853
-5.0745	13.5749
-4.99021	14.913
-4.07557	14.6317
-3.17499	14.9007
-6.77154	14.6978
-5.76875	13.2444
-5.45151	14.2918
-4.87254	14.7727
-3.25262	13.9616
-2.08534	14.8287
-6.28068	14.9656
-2.4771	14.5057
-3.03611	14.558
-3.32749	14.9407
-3.01055	14.4027
-2.74701	14.2835
-6.02256	14.6471
-5.60596	14.243
-4.54555	14.3655
-5.0308	14.8436
-6.65091	12.7491
-5.12975	14.494
-2.63908	14.5868
-3.68933	12.8199
-2.47261	-4.75634
-5.51468	14.1508
-3.02425	14.7971
-2.98529	12.8782
-2.58478	14.7397
-4.96031	14.9981
-5.623	14.5903
-6.12557	14.408
-6.0288	13.8003
-3.8993	14.2574
-5.27582	14.7597
-3.13501	14.2135
-5.12962	14.9411
-2.53934	13.7263
-2.68578	14.7284
-2.3935	14.9871
-4.16043	14.8733
-4.79989	14.9677
-4.59661	14.5367
-3.65819	14.4921
1.51608	12.0848
-1.91168	14.6482
-4.24679	14.1871
-2.41881	14.0848
-4.23488	14.2907
-4.02114	13.9813
-6.0458	14.7638
-2.21448	14.8466
-3.3053	14.0738
-3.65798	14.4288
-3.60341	14.6707
-3.14084	14.662
-5.42574	14.5431
-5.57973	14.8071
-4.72116	13.8584
-3.13357	14.8883
-5.00109	13.8302
-5.08829	14.3712
-3.59992	13.5827
-2.40638	14.0876
-4.52831	13.5211
-3.56178	14.6404
-5.52127	14.2405
-2.39184	13.6778
-5.37967	13.9495
-5.27532	14.8553
-4.2527	14.7568
-2.87759	14.7208
3.39627	9.92948
-5.94647	14.7772
-3.526	14.2718
-2.8821	13.8449
-4.92317	14.3771
2.40474	7.93327
-4.5693	13.9167
-5.86603	14.9411
-5.25272	14.8028
-4.70365	14.6195
-4.94474	14.1229
-1.33357	13.994
-4.38674	14.2185
-3.91379	14.3608
-4.30531	14.9984
-1.73762	13.9846
-3.8821	14.2546
-4.79476	13.4056
-4.1711	14.4938
-5.37401	14.6711
-3.58223	13.9593
-6.52661	14.6651
-5.61283	13.8634
-4.23449	14.178
-2.55652	14.5356
-3.82588	14.7479
-3.8257	13.7005
-3.33082	14.9367
-3.62779	13.6785
-5.88988	12.8509
-4.46192	13.7184
-6.2229	14.5411
-2.80939	14.6717
-3.30245	14.4412
-2.77633	14.47
-5.20596	14.766
-4.63819	14.8193
-5.75668	13.8046
-5.7125	14.2742
-6.82474	14.0302
-3.1096	14.9911
-5.58617	14.9251
-1.63168	14.2998
-5.27776	13.6321
-3.4724	14.9069
-4.32843	14.39
-3.70993	14.8815
-7.08999	12.1248
-3.81817	14.9056
-4.89002	13.3758
-3.82921	14.9398
-4.18144	12.2309
-5.8159	14.5056
-3.87748	13.8722
-5.11973	14.3924
-6.15438	14.7353
-4.25346	14.8669
-5.44552	13.6179
-2.88514	14.3071
-3.2173	14.0832
-6.45295	14.575
-3.85064	13.0731
0.364823	13.3144
-3.73438	14.7761
-3.62668	13.5443
-4.36307	14.6404
-2.85765	14.0343
-4.47715	14.5063
-5.60316	14.9577
-5.5273	12.335
-2.49344	13.2069
-2.60763	14.2343
-3.7193	14.0097
-4.91848	14.9618
-2.31574	14.0058
-5.91694	12.5536
-2.97615	14.5484
-2.95561	14.3901
-4.10956	14.125
-4.838	14.8602
-3.50576	14.8834
-3.78683	14.598
-4.94294	14.9851
-3.85829	14.2397
-3.91319	13.4244
-2.5596	14.1374
-10.3463	12.7058
-4.57427	13.2748
-4.26622	13.5922
-5.08643	14.5955
-3.77399	14.8994
-6.47748	13.4038
-2.93544	13.4618
-7.35519	13.6646
-2.2007	14.0726
-6.02251	13.5524
-1.87858	12.3967
-4.81345	14.9825
-3.02873	4.67318
-3.01864	14.5681
-3.97253	14.1418
-5.31617	14.8436
-6.31872	14.9835
-3.92951	14.6673
-4.26062	13.9829
-6.38779	14.9999
-4.91257	14.9117
-3.53819	13.5306
-7.09429	13.9324
-4.12894	14.1174
-3.79294	14.3935
-4.50145	14.9034
-3.0436	14.4406
-3.71237	14.9192
-4.94881	14.4018
-3.6066	14.526
-6.18069	14.8475
-4.91057	14.6025
-2.99062	14.4656
-3.14422	14.6971
-4.65658	13.7926
-2.5946	14.8632
-4.65018	14.9789
-4.7136	14.7057
-5.74222	14.2032
-6.08923	12.7249
-5.94453	14.7339
0.265018	11.7756
-5.37361	14.0017
-3.66839	14.6918
-6.15322	14.8853
-2.00781	13.9418
-3.99867	14.5293
-4.93631	13.9687
-6.45615	14.5457
-3.32847	14.5814
-1.63969	10.9488
-2.61482	14.1784
-6.31833	14.4387
-5.67448	14.4567
-1.60845	14.8805
-4.81597	14.9999
-4.93209	14.4161
4.89509	14.1283
-4.59188	14.8618
-3.64288	13.4976
-4.31745	14.7747
-4.98774	14.7654
-4.65776	14.9914
-3.21838	14.5611
-4.34969	14.5509
-3.54053	14.9939
-13.966	-11.0104
-5.82577	14.7237
-5.96684	14.7154
-5.40783	13.9226
-5.1507	14.8321
-5.28828	14.9609
-4.83362	13.9611
-5.90574	13.9587
-2.80604	14.8597
-5.95139	14.4934
-5.88361	13.8847
-1.95192	14.9059
-5.35226	13.0525
-1.93825	14.5226
-4.87069	14.882
-5.9808	14.0375
-4.72608	14.7444
-5.63333	14.7506
-5.24381	13.9363
-7.1878	13.8266
-6.32168	13.9253
-5.30979	14.8023
-3.34764	14.9324
-2.37326	14.7591
-12.4689	12.2888
-4.86755	14.9449
-10.2546	9.83946
-6.11373	14.4799
-2.86153	14.6046
-5.90482	14.9913
-6.95044	14.1589
-4.169	14.9186
-3.0853	14.4043
-6.97389	13.786
-5.04309	14.7964
-2.95808	14.6281
-9.00761	5.55071
-3.28936	14.1507
-4.57405	14.0234
-1.59188	14.0624
-9.77466	14.3216
-4.16395	14.6362
-5.72794	14.2603
-5.57063	14.9711
-4.79735	14.3224
-6.06084	14.2189
-3.98933	13.2427
-5.57106	13.3483
-3.83617	14.6319
-4.46107	14.0036
-0.661482	14.9794
-4.18926	14.1076
-3.47267	14.3026
-1.10917	11.7536
-3.05269	14.8447
-0.554188	13.6701
7.74184	5.31463
-5.04448	14.6272
-4.07784	14.7135
-5.85331	14.9955
-5.21528	14.7798
-2.32614	9.77553
-5.02777	14.2021
-5.00039	14.9362
-7.2282	14.8228
-5.68965	14.5848
-2.62896	14.3015
-4.87746	14.6061
-5.82622	14.6273
-5.74155	14.859
-3.25606	14.7924
-2.76662	13.556
-5.35427	14.7866
-4.62347	14.9679
-4.57572	14.993
-7.41537	14.2644
-7.1074	11.7543
-7.66568	12.8499
-5.34549	14.3028
-4.92815	14.5859
-1.89618	14.6681
-3.81963	14.5304
-4.85716	14.8389
-3.86247	14.1777
-3.65461	14.9109
-3.87656	14.0991
4.31402	2.22068
-5.15117	14.0936
-4.57494	13.4829
-3.22559	13.4175
-7.30786	10.6499
-1.82215	14.1391
-3.51032	14.7467
-6.30241	14.4475
-4.77973	13.3022
-3.75363	14.9969
-3.48581	14.81
-6.51308	14.8955
-5.41278	13.8018
-7.722	14.369
-3.91043	14.6625
-5.04722	14.1855
-2.36097	14.6675
-3.65199	14.8088
-3.89835	12.7908
-5.69025	14.9065
-4.24271	14.6077
-4.28816	14.7755
-4.47619	14.2162
-5.15896	14.9514
-6.14309	13.8708
-5.81463	14.4155
-6.51895	14.5445
-3.0391	14.5546
-4.91472	14.3968
-3.09617	14.8394
-7.46598	14.2742
-3.29361	13.8851
-4.34393	14.5182
-4.91651	14.3186
-4.41528	13.7918
-5.15773	14.7119
-2.5603	13.6597
-4.02659	14.8128
-4.2441	14.7666
-5.79529	13.8192
-3.79031	14.9748
-6.9854	10.2145
-4.57227	14.9388
-3.26646	14.6422
-5.79501	14.7501
-3.06438	13.8471
-3.288	6.2533
-6.2807	14.949
-5.50743	13.3857
-7.45641	5.70841
-4.07234	13.6073
-5.01091	14.4918
-6.57666	13.8269
-5.63533	14.4673
-6.09976	14.591
-5.07384	14.9945
-4.42023	13.5196
-9.22166	14.4117
-5.48901	14.5458
-3.11733	14.6643
-2.57844	14.9741
-6.23787	14.6622
-4.86881	14.9198
-3.31751	14.3202
-5.36906	12.7206
-9.37061	14.2805
-5.19895	13.6432
-5.4377	14.7076
-5.62884	14.7232
-5.18516	14.2711
-4.54381	8.5134
-1.22856	13.6533
-5.9473	13.7218
-1.52813	14.9993
-7.91166	11.1685
-6.94121	14.1335
-4.23667	14.7371
-3.32576	14.4006
-6.14235	14.269
-9.92472	13.9347
-3.10535	13.8002
-3.37868	14.9049
-4.98152	14.7045
-4.83573	13.6584
-3.032	14.9448
-2.4782	13.9828
-4.68191	13.9932
-0.506063	11.9497
-2.30896	10.8267
-4.45285	14.7461
-4.25379	14.7465
-4.20613	14.0738
-4.26297	14.314
-4.75142	14.3816
-6.55853	14.6348
-4.23603	14.5359
-5.35348	14.7946
-2.80634	14.539
-5.58123	14.2685
-4.65903	13.7451
-6.76733	14.4668
-3.22336	13.7381
-8.46897	12.2228
-3.81514	14.4695
-4.47531	14.162
-5.6635	14.5346
-5.56056	14.8184
-3.65961	14.7057
-5.9728	14.3232
-5.66897	14.8125
-1.93568	14.1254
-4.53075	14.9812
-4.50569	13.3684
-5.72509	13.7451
-5.54625	14.3039
-4.8131	14.4496
-5.24238	14.1403
-5.52618	14.783
-5.00468	14.9989
-5.13439	14.9949
-7.74865	14.1663
-6.16532	14.7862
-2.18798	14.5311
-5.36541	14.9387
-2.86571	14.6752
-5.33872	14.554
-5.34965	13.8285
-4.70367	14.3863
-5.5009	14.2258
-3.74845	14.8801
-4.08852	13.8975
-4.1239	14.7055
-4.98105	-11.676
-2.81984	11.7765
-6.57372	14.7834
-4.50598	14.5747
-6.5909	14.8287
-3.65074	13.7118
-4.779	14.385
-4.51753	13.2837
-4.92482	14.5958
-2.9942	13.7812
-3.62344	13.9859
-4.1774	14.5335
-5.56135	14.2905
-7.56961	13.8859
-4.03228	14.9355
-7.66106	13.5509
-6.0834	14.6503
-5.29861	14.8082
-6.02909	14.9773
-3.08044	14.2341
-5.52648	14.2826
-5.83989	14.8545
-5.52894	13.715
-3.45341	14.9001
-7.38917	14.136
-2.45088	14.8077
-5.35239	13.1777
-3.18227	14.6125
-4.27325	14.8227
-4.24032	14.9513
-3.91554	14.8128
0.644346	14.5403
-3.42241	14.8244
-3.34746	14.4821
-4.48942	-5.7634
-1.20992	14.8024
-3.42315	14.9296
-5.25969	14.9457
-4.6722	14.5376
-3.99818	14.7517
-1.84123	14.7987
-5.74832	12.7148
-3.64926	14.8797
-4.76594	14.7578
0.518898	9.5134
-3.38067	14.2981
-6.64409	13.311
-5.20925	14.4173
-4.98458	14.8614
-5.05681	13.5637
-4.29738	14.6909
-5.19889	14.786
-4.08844	14.6094
-3.70893	14.2594
-2.83782	13.74
-2.14958	14.6052
-5.05997	14.6719
5.09441	12.2021
-5.4588	14.7591
-2.8834	14.8493
-4.07672	14.2536
-3.27132	14.2151
-3.70936	14.2614
-3.46766	14.472
-7.25531	14.9037
-7.50449	14.6949
-3.73084	14.5906
-4.77347	13.7991
-4.79471	14.2287
-3.32413	14.2804
-3.14832	13.672
-5.32721	14.6574
-6.98486	10.7679
-2.32713	13.877
-4.44302	13.2662
-3.11629	14.8516
-3.40792	14.6857
-4.11896	14.7236
-6.861	14.6316
-4.29209	14.6715
-3.67907	14.9394
-3.49529	14.5131
-5.79332	14.8886
-5.4536	14.7668
-5.48797	14.5663
-5.8687	13.6185
-2.99995	14.5516
-3.21918	14.3284
-2.68707	14.9503
-2.97802	14.8118
-2.67352	14.3096
-4.4882	14.1212
-6.44211	14.3119
-5.44064	14.6918
-3.13962	14.4261
-6.05872	14.5355
-4.67476	14.2989
-5.71868	13.7039
-6.19059	14.4929
-3.66088	14.1626
-5.45289	13.0304
-6.118	14.5841
-6.12124	13.9546
-1.94699	14.822
-7.17476	13.6451
-3.22966	14.9975
-5.24077	14.7738
-5.65691	14.1454
-6.05905	14.905
-5.54162	13.2328
-2.84462	14.9042
-4.98908	13.9131
-4.09566	14.8968
-3.05726	14.9264
-5.80531	14.9127
-5.5002	13.9648
-1.82918	13.9146
-3.18899	14.4934
-6.42369	14.488
-5.31213	14.0262
-2.09088	14.6001
-14.5584	14.3815
-8.73557	14.0273
-7.29209	14.6912
-4.40776	13.1542
-2.06115	14.2843
-7.36655	13.7695
-3.71421	13.9226
-6.04612	13.7964
-5.73508	13.9783
-5.45959	14.7214
-3.29304	14.2523
-4.89087	14.2978
-1.54323	14.7338
-2.00907	14.6244
-4.15452	14.9132
-2.83509	14.0515
-4.49619	14.3777
-6.43595	14.606
-3.78916	14.7354
-4.04676	14.7903
-4.80765	14.4255
-5.50481	14.9963
-4.93212	13.8666
-6.27133	14.3499
-4.96975	14.9304
-6.52286	14.3852
-2.15607	14.5198
-3.83849	14.549
-4.54606	14.7319
-3.57718	14.3376
-0.0301441	14.4933
-4.57986	14.0396
-6.07832	14.445
-5.76328	14.6565
-7.26081	14.562
-3.33144	14.8349
-5.36393	13.9055
-4.53202	13.1024
-4.25954	14.8024
-5.88367	14.7718
-6.19316	14.3677
-5.52999	14.6081
-2.21714	14.9467
-4.50071	14.9803
-4.28157	14.5756
-4.17214	13.675
-4.49276	14.0623
-5.37877	14.8316
-2.38517	14.7302
-6.02908	14.159
-3.47939	14.4492
-1.99982	14.2063
-4.04659	14.107
-4.30666	14.2619
-7.42207	14.7875
-4.58369	14.4934
-6.30501	14.4697
-5.33629	14.507
-3.26204	14.8213
-2.27859	14.1795
-8.91199	13.9445
-4.71417	14.456
-5.13765	14.8183
-5.41514	13.4827
-1.48906	14.2014
-3.13049	14.4144
-5.69997	13.1592
-5.59301	13.5165
-4.65219	14.471
-2.38752	14.8373
-4.27255	13.4277
-2.56448	14.6467
-4.94289	14.8941
-5.6162	13.5263
-5.55499	14.4128
-7.42114	-0.716038
-2.47329	14.4604
-3.27879	14.4598
-1.80787	14.6895
-3.67105	14.6184
-5.441	9.56648
-5.64281	14.908
-5.75483	14.8826
-4.08403	14.937
-5.1765	14.6806
-4.135	13.9508
-5.69536	14.1484
-3.17546	13.554
-5.1672	14.8848
-3.96308	14.6457
-5.5695	13.0689
-7.72174	14.9953
-4.88107	14.1832
-6.11222	14.4062
-3.07585	14.764
-6.09039	13.8043
-6.63193	14.387
-4.21679	14.8808
-6.48554	14.9104
-2.67156	14.27
-1.80748	14.3062
-3.75179	14.0612
-8.95964	14.3055
-4.26731	14.8781
-6.83758	13.5903
-2.48022	12.7929
4.38529	6.9802
-3.46635	12.1092
-6.17744	14.9101
-3.62158	14.8208
-4.5639	14.7281
-3.69133	14.4844
-4.38598	13.9606
-2.9909	14.7744
-3.87971	14.9134
-5.2552	14.5745
-4.03948	14.8173
-5.33243	14.0371
-4.61385	14.8475
-2.97458	14.7632
-4.41302	14.638
-4.5066	13.6814
-4.85972	14.5514
-5.62589	14.2729
-6.8969	14.9025
-2.73289	14.51
-5.7864	14.8631
-1.63892	14.9278
-4.47832	14.4812
-3.89952	13.8031
-3.61224	14.9437
-6.91425	14.3912
-5.92498	14.6711
-7.48681	14.689
-2.73936	14.9527
-5.83157	13.0792
-6.53132	14.5808
-2.80536	14.7086
-4.60079	14.5155
-4.9391	13.7993
-6.93193	14.5896
-6.6251	14.4486
-4.03444	14.3737
-4.15516	12.7354
-5.31121	14.6209
-3.47125	14.1494
12.4956	5.84004
-2.02502	13.9291
-5.32539	14.7913
-2.86126	14.2434
-4.4324	13.589
-7.66771	13.1321
-5.19517	14.4054
-5.08373	13.8723
-4.14958	14.6766
-4.75483	14.7649
-3.60899	14.0142
-6.41444	14.4107
-2.91402	13.8762
-5.45682	14.5
14.4944	9.42382
-4.00028	14.9957
-13.6223	8.67063
-5.54527	14.4524
-5.81266	14.6261
-4.11903	13.705
4.57391	14.1598
-2.74769	14.1007
-3.63538	14.5378
-5.74467	13.8129
-3.64811	11.4081
-4.58601	14.8012
-7.21549	14.3664
-3.08211	14.4496
-4.08058	14.8676
-3.50951	14.823
-5.13484	13.9183
-5.67206	14.7839
-3.37407	12.8625
-5.74822	14.9495
-6.40379	14.8635
-3.44261	14.7563
-5.63194	14.7156
-5.67301	14.9823
6.47113	9.28836
-4.90532	13.7683
-3.92422	13.813
-3.17201	14.3857
-3.40357	13.1722
-4.25348	14.867
-7.67077	14.6038
-4.11451	13.6069
-5.58288	14.1829
-4.38935	14.9104
-3.95541	14.9054
-5.63856	14.8701
-4.1464	14.9168
-4.21955	14.9241
-4.71342	14.6736
-7.87007	14.268
-5.33231	14.4114
-3.00708	14.1164
-5.47022	13.6587
-7.24683	14.9128
-5.3299	14.1303
-2.20619	14.4796
-3.69646	14.969
-3.59286	14.8564
-7.30594	13.5527
-3.24529	14.0167
-6.7781	14.9393
-5.06645	14.6217
-6.23029	14.1731
-6.80213	14.6508
-2.77585	14.7044
-5.92388	14.5076
-6.86597	14.8095
-5.24022	14.7245
-4.00862	13.5744
-8.74241	13.7741
-3.21619	14.9139
-1.92607	14.7641
-4.28984	12.6063
-5.63719	13.66
-7.2261	14.05
-6.79725	14.5336
-4.36232	14.5425
-5.41606	14.7647
-4.44305	14.6092
-3.95948	14.2511
-4.83118	14.53
-5.69713	14.0887
-5.9584	14.4541
-7.27799	14.6121
-9.79574	13.7338
-4.09909	14.9846
-3.8372	14.7779
-5.2848	14.4415
-3.67314	14.6248
-5.92102	13.7819
-4.67687	14.2358
-3.55471	13.4833
-6.0827	13.6018
-2.45354	13.8403
-4.02378	14.6462
-3.68471	14.5291
-6.79679	14.7613
-7.06262	14.9698
-4.37601	14.2399
-5.07017	13.6537
-5.82132	13.1993
-2.6952	14.5593
-5.27561	14.3264
-4.94187	14.1696
-5.00411	14.96
-4.39826	13.9772
-5.29219	14.516
-4.34782	13.1932
-5.07879	12.8781
-3.4033	14.3875
-4.30288	14.52
-4.27918	14.7017
-2.88492	14.7029
-5.25071	14.7743
-2.53727	14.911
-3.62528	14.422
-3.16502	14.6069
-4.27423	14.7069
-5.1926	14.4464
-3.92887	14.5401
-4.11981	13.4771
-5.05911	13.5203
-8.43655	14.7251
-5.91704	14.5237
-1.52166	14.2585
-3.33185	14.95
-7.96064	14.5949
-4.66012	14.8917
-1.10457	14.607
-4.93324	14.1521
-3.74066	13.9408
2.01381	4.66294
-4.82497	14.9693
-2.39211	13.6844
-5.96632	14.5049
-4.9488	14.9835
-3.81904	14.9375
-4.96691	14.1571
-2.14403	14.8789
-3.21801	14.887
-3.57122	14.9586
-4.87495	14.9325
-6.06852	13.4537
-4.78886	13.9774
-6.89115	14.9296
-7.50756	14.5771
-1.52803	14.6386
-5.33778	14.4828
-6.5496	13.874
-4.22602	13.1391
-5.48297	14.2767
-3.25263	14.0851
-2.77848	14.8623
-4.80211	14.5192
-4.45968	14.3677
-6.15662	12.8972
-5.06777	13.098
-1.63467	13.1168
-5.93743	14.285
-3.58497	14.7461
-4.76363	14.5374
-3.07571	13.7781
-6.40239	14.7807
9.81671	11.1616
-6.16709	14.4997
-3.10386	14.1824
-5.43248	14.9722
-4.83463	14.3835
-5.7318	14.9662
-5.30988	14.7758
-3.9894	14.2348
-5.8043	14.0832
-3.78046	14.5979
-4.65035	14.5722
-5.17375	14.9158
-4.44753	13.8015
-2.77873	14.7595
-3.27029	13.294
1.3219	13.6156
-5.86349	14.4408
3.96923	12.0552
-5.53871	13.961
-4.72874	14.0997
-4.94725	14.5835
-4.24475	14.3082
-3.0096	11.1435
-2.18448	14.9407
-5.34945	14.1134
-6.22555	14.7868
-3.4446	14.3111
-2.49747	13.7323
-6.53417	14.6998
-5.69828	14.973
-6.81367	14.2392
-4.47828	14.8594
-2.80725	3.86168
-6.33958	14.3424
-5.758	13.2205
-6.56169	14.5704
-4.30139	14.8319
-1.20748	13.2267
-6.47623	13.4541
-5.42007	14.1406
-0.351944	10.3867
-4.32883	13.6605
-3.42682	13.56
-4.40916	14.056
-7.06476	14.9545
-4.66479	13.3707
-3.03026	14.3064
-1.24955	11.5712
-4.28093	14.9726
-3.73177	14.439
-6.60876	13.5096
-5.3502	14.9011
-4.64609	14.4282
-5.28711	14.4483
-1.97437	14.5446
-3.98967	13.98
-5.22202	14.3945
-5.26831	14.7919
-2.14035	14.3399
-3.46115	14.9251
-4.0591	13.9038
-3.27737	14.7569
-5.49326	14.5928
-3.48564	5.86119
-5.77122	14.9711
-5.08908	14.65
-4.03907	14.9454
-5.63684	14.0851
-5.6163	14.6939
-8.20267	14.5238
-3.52011	14.8072
-3.94091	13.5179
-4.65461	12.7342
-4.82169	13.6343
-3.89006	14.7854
-4.01837	14.7419
-4.45688	14.1206
-5.299	14.5844
-6.39759	14.8995
-5.21769	14.9975
-7.61796	4.09443
-5.23567	14.9472
-2.17278	14.453
-3.36988	14.7646
-5.28036	14.2028
-4.74346	14.9006
-5.67881	14.8191
-2.89219	13.1702
-5.12653	14.763
-3.38541	14.7537
-2.74529	14.7357
-3.81484	14.9075
-5.40904	14.8628
-13.6571	3.93441
-3.35695	14.4247
-1.86142	14.8596
-11.8594	11.9133
-4.44057	14.5752
-4.08776	13.974
-5.08533	14.8628
-6.59245	14.317
-3.61663	13.3365
-7.73746	14.4371
-1.97839	14.8338
-6.3428	14.7503
-5.26282	14.9929
-3.20501	14.1409
-3.01095	13.8634
-7.10935	3.21319
-2.82312	5.34213
-5.12699	14.9796
-4.05534	13.8872
-8.30465	14.4064
-4.67024	14.8692
-5.812	14.8066
5.19478	13.9341
-1.88164	14.2381
-5.06984	14.2535
-5.33037	14.9599
-5.92928	14.7753
-4.04126	14.4688
-7.47726	14.9408
-5.2077	14.9406
-3.9667	13.5645
-2.65724	13.9869
-4.88076	14.8254
-5.69994	13.1271
-5.17436	13.3997
-7.42042	13.7189
-3.9085	14.7401
-5.15572	14.6148
-10.9428	11.4628
-5.55951	14.3567
-2.11291	14.4323
-3.73233	14.3898
-3.4495	14.507
-4.94571	14.3485
-5.84386	14.64
-4.68722	13.2866
-3.08971	14.5643
-5.34733	14.4315
-4.9426	14.6334
-6.15885	13.8804
-4.8819	14.6507
-4.7383	14.7996
-6.56559	14.1942
-10.971	12.7924
-4.51048	14.5208
-3.97978	14.9735
-6.51247	14.6818
-3.59767	14.8868
-4.35025	14.4746
-6.67337	13.2966
-2.93518	14.9202
0.605118	14.5502
10.1669	14.7119
-7.76114	12.3043
-3.26027	14.6479
-3.47136	14.9379
-5.14968	14.7151
-2.92941	14.9246
-3.63623	12.7561
-3.49953	14.6833
-6.47689	14.6218
-3.32713	14.9839
-6.17813	14.332
-6.12497	14.926
-4.46106	14.3045
-5.64681	14.0297
-3.85093	14.8401
-4.38982	14.5533
-4.70923	14.7147
-4.0631	13.9046
-3.91436	14.1726
-2.7857	14.3702
-5.47182	13.0794
-5.08339	12.8943
-3.64497	14.752
-4.36601	14.8447
-7.27097	14.5955
-6.39339	14.0372
-5.34535	14.7572
-3.39773	13.4987
-5.55415	14.201
-5.74533	14.6314
-6.03147	14.678
-6.26942	14.9657
3.84732	5.83224
-5.64646	13.9309
-4.70459	14.8484
-6.26676	14.9255
-2.41975	11.5278
-5.77722	14.9876
-5.07006	13.3507
-4.65491	14.839
-5.1214	14.8428
-4.1332	14.6501
-4.87219	14.1842
-6.41355	14.6617
-3.28621	13.75
-5.83469	14.5425
-5.03359	14.8634
-3.45732	14.5367
-4.99914	14.1854
-5.86863	14.0043
-6.46274	14.9426
-4.1718	14.7103
-4.1089	14.6231
-3.02042	14.8379
-3.10305	14.6452
-4.51596	14.6666
-4.61653	14.152
-3.08406	14.8645
-4.48992	14.2845
-4.29796	13.3839
-4.78447	13.8757
-3.54564	14.9847
-3.83326	14.262
-10.2299	6.03967
-7.96026	9.12477
-5.67521	14.0507
-3.38915	13.1119
-4.89545	14.137
-3.24034	14.3173
-5.2226	13.8094
-3.32876	14.8537
-3.57095	14.9706
-12.9256	14.4445
-3.52715	14.8917
-2.27451	14.2112
-3.3228	14.291
-6.05724	13.3838
-6.4926	14.114
-5.2964	14.7714
-3.19472	12.2877
-3.30067	14.3209
-6.37858	13.8409
-3.35294	13.648
-5.62008	14.4514
-6.35047	14.4005
-6.12102	14.8482
-3.94512	14.7114
-2.32643	14.1502
-6.41699	14.6852
-4.71646	14.859
-4.9016	14.8329
-6.09797	13.7116
-5.17583	13.7002
-10.9614	10.8762
-4.55688	14.6231
-3.79563	14.568
-4.50461	14.1237
-5.69993	13.6361
-2.52823	14.9878
-4.19592	14.808
-2.466	14.249
-4.58396	14.7369
-5.97123	14.0413
-4.06732	14.8654
-5.44758	14.7144
-3.71628	14.3075
-3.73668	14.5005
-3.05578	14.8986
-5.6191	14.6918
-5.82987	14.9592
-0.73851	13.4914
-1.12745	14.9752
-3.937	14.5159
-6.06647	14.9705
-14.1092	11.7467
-5.27553	13.6389
-1.13836	12.0067
-4.55246	13.2212
-1.69191	14.629
-4.3217	14.3353
-5.33886	14.7577
-2.80867	14.7978
-5.8291	14.8103
-2.42673	14.5755
-5.55428	14.1665
-6.03161	14.7465
-4.34762	13.8155
-4.9843	14.8935
-4.60927	14.3583
-6.04585	7.18713
-5.96205	13.9723
-4.76589	14.824
-3.39276	14.8423
-4.45936	14.8064
-4.54691	11.186
-4.27515	14.0004
3.6524	5.88941
-6.08388	14.9377
-4.80259	13.6099
-4.67971	14.7498
-3.73882	14.6061
-4.40118	13.7803
-6.12156	14.8514
-2.24971	14.2311
-3.3793	14.1682
-2.47415	14.7633
3.89768	11.1476
-5.12936	13.9474
-5.19034	14.4904
-3.23847	14.0656
-1.67884	14.8494
-5.14274	13.9749
-4.92846	13.9349
-7.48949	14.6659
-3.48351	14.4132
-0.581259	13.3936
-5.77741	14.1057
-5.64819	14.4947
-5.92832	14.9641
-3.59394	14.5815
-5.13356	14.8295
-3.56234	14.1358
-7.18088	14.4072
-2.04947	13.2673
-3.68783	13.8975
-2.85602	14.7871
0.257379	2.58917
-3.69807	14.9896
-3.85558	12.9656
-3.75447	14.72
-3.69829	14.4391
-3.85769	14.1979
-3.87884	14.1305
-3.66429	14.4156
-4.94533	14.7977
-4.88243	13.4602
-4.66398	14.609
-5.53413	14.2745
-5.0411	13.146
-5.25894	14.8619
-6.51298	14.8474
-3.77621	14.6315
-4.85142	13.652
-5.94422	14.6
-3.0474	13.7978
-5.02551	14.9077
-1.77833	14.8187
-3.35287	14.0371
-3.69468	14.6669
-4.36609	14.9499
-4.71304	14.9354
-5.20462	14.6547
-4.72682	14.122
-3.02889	14.8383
-4.22219	14.7049
-5.35284	14.1427
-5.45102	13.8397
-3.18883	14.956
-5.36228	14.4551
-4.35708	14.2997
-6.68107	14.4255
-3.6882	13.2134
-4.81111	13.5594
-3.16855	14.9324
-4.04492	13.1062
-3.23623	14.9626
-3.52128	14.6033
-0.902134	9.01725
-4.14962	14.4051
-8.76997	14.2799
-6.39956	14.1227
-3.76391	13.7273
-3.81157	14.8037
-2.46288	14.1541
14.0129	5.85762
-5.65062	13.5991
-4.43712	14.6835
-4.46323	14.7852
-4.22599	14.5096
-5.48116	14.8197
-1.34318	14.8812
-4.62316	14.1548
-4.43389	14.8445
-5.9475	14.969
-5.97991	14.6582
-4.73424	14.9866
-3.00062	14.9233
-4.93544	13.2731
-5.19207	14.4472
-6.14801	14.5653
-4.22595	14.514
-6.22022	14.7628
-5.49241	14.9208
-6.25393	14.1018
-4.08609	14.8364
-5.46809	14.3921
-5.33465	14.4618
-4.143	14.9271
-4.77392	13.4794
-4.87226	12.3638
-6.31268	14.1594
-5.59125	14.9025
-2.87097	13.7894
-6.4659	14.5772
-3.7289	14.9102
-2.70201	14.7483
-4.92077	14.7923
-4.16504	13.5586
-5.28652	13.8246
-4.88078	12.4406
-4.34461	14.8967
-2.70685	14.9272
-4.30142	14.9103
-2.95329	14.4847
-4.01116	9.04384
-3.83865	14.5516
-4.22521	14.9883
-12.718	11.8156
-3.89078	14.8031
-4.35926	13.9783
-3.33614	14.3252
-5.52151	14.3774
-2.08485	14.9198
-2.51127	13.8514
-4.68429	13.7153
-3.1168	13.1556
-6.52048	14.3127
-6.06092	14.9995
-3.38681	14.3962
-3.28757	13.7304
-2.99619	14.8733
-6.14175	13.9282
-4.88971	14.7941
-1.67221	14.2195
-4.67126	14.1105
-6.28057	14.7805
-2.87942	14.8509
1.23636	12.8805
-0.352232	14.3184
-3.61705	13.2742
-4.82682	14.6581
-3.99459	14.1386
-6.26944	14.5745
-4.40042	14.8215
-4.76062	14.6341
-3.38	14.8938
-1.42833	14.854
-2.50139	14.1461
-4.00818	13.9926
-4.32593	12.9264
-3.47794	13.8949
-7.03795	14.5305
-4.10814	13.2212
-3.41142	14.8182
-4.75899	13.7911
-5.18539	14.083
-5.96661	14.4208
-6.09283	14.0079
-4.69862	14.0709
-4.19871	14.5106
-5.37091	14.5236
-4.23017	14.1107
-4.62979	14.6405
-4.02108	14.4193
-4.16478	14.8657
-6.6412	14.8205
-3.87771	14.328
-6.6094	14.8565
-2.99358	-6.93041
-5.27521	14.9863
-5.4092	14.0897
-6.22652	14.9046
-5.62874	13.6818
-5.38763	14.2436
9.94847	13.6568
-3.51446	14.797
-4.8974	14.5825
-5.87619	14.1585
-2.91532	13.0474
-6.76884	13.9039
-2.71458	13.9219
-3.57127	14.7741
-3.5018	14.9534
-4.75966	14.8312
-3.24195	14.9901
-3.88658	14.894
-3.55602	14.8919
-5.07528	14.1615
-3.12156	14.4188
-3.28846	14.5636
-2.61011	14.6144
-5.97831	14.2587
-3.50384	12.6644
-4.2171	14.5445
-2.09576	14.8014
-4.18032	14.6673
-4.07661	14.1233
-5.54012	14.442
-5.35094	14.8005
6.85675	9.46746
-3.797	14.9147
-2.99217	14.6099
-7.23387	12.0336
-5.5979	14.5871
-7.13792	11.7474
-5.29922	13.8512
-3.38828	14.8908
-2.47683	14.5646
-3.53008	14.5267
-4.561	14.7902
-10.2039	10.1302
-6.96998	14.2321
-4.62025	13.8383
-6.01281	14.989
-4.10121	14.5432
-3.96621	14.1307
-8.27785	6.7098
-6.72203	14.0364
-2.25372	13.5608
-3.15788	13.1623
-4.64193	14.2679
-4.20551	14.6286
-4.46224	13.926
-6.75248	14.4654
-4.75712	13.7307
-4.95145	13.8444
-5.80559	14.6621
-1.58933	13.9799
-5.27094	14.2575
-2.91167	14.2453
-3.20344	13.636
-7.31896	14.6562
-8.83772	11.1912
-5.89359	12.5006
-4.48682	14.805
-4.79718	14.7346
-5.10669	14.99
0.301769	14.7011
-5.88545	14.7795
-2.62236	14.4413
-2.44539	13.6798
-6.68936	13.8662
-5.54753	14.7986
-5.30463	14.5506
-3.35512	14.4505
-4.69663	10.886
-5.58508	11.6145
-1.85503	14.6971
-3.70364	13.5661
-5.74116	14.586
-4.08925	14.5777
-4.90369	14.9472
-3.82208	14.8811
-5.88243	13.8997
-5.80814	13.8751
-5.33223	7.06426
-4.71865	14.5973
-6.30552	11.481
-5.18463	14.0526
-4.4812	13.8627
-6.20091	14.0546
-6.30311	14.9758
-4.65919	14.855
-6.24915	14.8881
-7.20105	14.4769
-5.29385	14.787
-4.30759	14.1678
-4.94815	14.758
-2.78097	14.592
-2.74221	14.6741
-5.20571	14.6071
-4.23092	14.2116
-3.42957	14.2559
-2.29965	13.2084
-6.01301	13.8849
-3.76367	14.4671
-2.40255	14.2146
-5.14191	14.5195
-4.08548	13.2841
-4.90511	14.8266
-3.93557	14.6738
-4.12187	14.7859
-6.28579	14.9751
-2.7715	13.2627
-4.5817	14.8942
-6.27051	14.3258
-3.89268	14.9159
-3.01343	14.8598
-2.42438	13.7937
-4.91913	10.7344
-5.50619	13.8171
-4.80299	14.2155
-5.88048	14.8387
-6.04459	11.3029
-6.97196	14.8417
-2.91565	14.5874
-4.17555	14.3273
-5.5304	14.5412
-2.03564	13.5963
-6.09591	14.8762
-6.88377	10.5181
-4.16473	14.7797
-2.27474	14.0663
-3.4491	13.8762
-5.95252	14.658
-3.58903	14.0571
-5.15991	14.7403
-6.02029	14.9956
-3.05531	13.975
-4.43595	14.8535
-2.99033	14.9992
-3.62158	14.8307
-5.47296	14.4106
-3.17722	14.6831
-4.60242	13.5847
-3.5313	13.5208
-3.83749	14.4555
-5.70432	14.6653
-5.20533	14.619
-4.37619	12.9905
-3.44296	14.1625
-3.49355	14.7258
-6.98522	14.6722
-4.60922	13.6021
-6.40317	14.2481
-7.28288	13.2457
-4.63761	14.3899
-5.54145	14.5269
-2.83499	14.7329
-3.28619	12.2434
4.84182	8.35899
-4.46206	14.4534
-5.04823	14.5342
-3.94725	14.6331
-1.17837	8.493
-5.46787	14.9885
-9.07279	14.2699
-3.82371	14.7018
-2.77217	13.991
-5.56658	14.6357
-5.91855	13.5948
-1.41111	13.5849
-6.68391	14.3812
-5.64638	14.9624
-2.92788	14.9075
-3.72206	14.8842
-5.35041	13.4096
-5.10824	14.8608
-3.25405	14.2927
-3.40294	14.1757
-3.24842	13.9461
-5.26269	12.5629
-4.84514	14.0717
-3.97532	14.559
-6.7627	14.3503
-4.77749	14.3751
-5.57629	14.4413
-3.91957	14.5912
-3.10773	14.6394
-2.9878	13.1676
-4.3999	12.9937
-10.7768	4.70159
-6.26348	14.9853
-8.96344	14.5562
0.541624	13.9882
-6.6754	14.6677
-2.13352	14.0505
-3.30006	14.6815
-2.23605	12.642
-5.33178	14.9117
-6.35523	13.8479
-5.99786	14.8769
-4.71274	14.9431
-4.41446	14.1181
-4.6339	14.6767
-2.87369	14.8704
-2.56838	14.3097
-6.11429	13.7528
-5.40321	14.9672
-4.46892	14.2451
-3.62049	14.8788
-6.77324	14.8783
-4.87967	14.8156
-3.06649	14.7956
-6.16024	14.5456
-1.71572	14.3891
1.00944	1.14777
-4.72084	13.9293
-3.54255	14.4144
-5.3209	14.4914
-4.32959	14.4275
-6.98212	14.2081
-2.63799	14.341
-4.55218	14.7468
-4.04614	14.7238
-5.00945	12.1471
-5.09391	14.9657
-5.53147	14.5518
-4.28265	13.5117
-5.8929	14.9903
-3.75001	14.3368
-6.19589	14.8868
-3.20483	14.5473
-5.94626	14.8827
-4.94652	14.4026
-3.74657	14.1598
-4.85841	14.4964
-2.26391	13.796
6.08104	5.2577
-3.24022	13.9093
-6.09789	14.6744
-5.55327	14.3125
-4.44787	14.742
-4.74965	14.7949
-3.31496	14.737
-4.46681	14.6159
-5.00762	14.4173
-3.0083	14.8648
-5.81076	14.603
2.80109	0.288222
-6.58023	14.0214
-6.11015	14.1698
-6.73916	14.9782
-4.34843	14.2807
-3.39741	13.1904
-6.96662	14.7348
-3.19138	13.2519
-5.27401	14.8727
-3.97684	14.2372
13.1666	-0.0688724
-3.28829	14.6679
-3.31451	14.9717
-3.44411	14.3927
-1.56422	10.6114
-5.36634	14.9877
-1.98606	14.339
-5.9658	14.2627
-3.01978	13.0522
-5.56799	14.356
-3.87953	14.9181
-2.61249	14.1672
-4.9494	14.5969
-4.29692	14.2205
-5.35917	14.9382
-4.92673	14.9122
-4.55537	14.3578
-3.25723	14.6109
-5.48271	14.9156
-8.26209	12.3968
-2.05401	13.7984
-4.3314	14.6962
-5.44626	14.2874
-4.68536	14.7443
-6.03334	14.7358
-5.73387	14.5228
-6.14279	14.9908
-6.6021	14.7566
-4.93121	14.6946
-3.46229	14.8548
-3.2146	14.8728
-4.51199	13.9225
-6.48821	14.8386
-3.87547	14.3901
-5.56903	14.8264
-5.20828	14.6601
-4.19388	13.8292
-4.43154	14.6372
-3.7248	13.9666
-5.65513	14.755
-4.07656	14.1798
-3.15904	13.7059
-2.5715	14.7815
-2.29036	14.0188
-5.9994	14.296
-4.49839	12.9985
-4.41314	13.433
0.37449	10.2723
-2.76629	13.698
-6.25357	14.7163
-5.56364	14.8608
-4.58633	14.0686
-1.86114	14.2605
-5.20754	14.5969
-5.56416	14.4001
-6.75069	14.6535
-4.90243	14.3066
-6.18601	13.7479
-3.31452	13.5507
-6.97692	13.5707
-2.92177	14.7615
-3.28974	13.7295
-3.00041	10.875
-3.56848	14.1053
-7.19599	14.5337
-2.20232	14.6846
-5.08594	14.6032
-2.91906	14.714
-5.20618	13.5858
-2.79162	14.9223
-6.94446	14.0184
-4.05555	13.504
-3.49742	14.4565
-5.50316	14.4381
-1.56533	13.8331
-6.5922	14.8715
-4.2187	13.5513
-2.4211	13.9068
-7.05325	13.4643
-4.58354	14.0599
-6.48393	13.56
-3.53944	14.9556
-4.60165	13.8528
-4.04774	14.4688
-5.72906	14.3258
-5.7218	13.8354
-4.2293	14.1931
-7.08369	14.7115
-2.69964	14.3052
-5.94087	13.6154
-3.19456	14.2523
-2.74508	13.1761
-3.31988	14.0164
-3.79821	14.88
-6.5267	14.4997
-4.2568	13.9512
-5.63378	14.8476
-4.36666	14.9802
-8.05563	13.7103
-4.3929	14.3188
-5.11795	13.5858
-5.208	13.2477
-3.98515	14.6346
-4.48986	14.9715
-9.9502	14.8665
-3.18784	10.5811
5.78664	9.27836
-1.9053	14.294
-2.05172	13.3106
-3.37882	13.3304
-3.55628	14.0612
-5.57414	13.9693
-3.51437	14.8413
2.18313	12.8182
-6.24115	14.4774
-6.77346	13.7644
-4.20872	10.527
-4.81051	14.5844
-6.21983	14.2958
-4.29678	14.9618
-3.93158	14.5996
-7.44985	13.8486
-3.75704	14.6786
-5.75778	11.1853
-3.25461	14.2271
-4.08676	14.0319
8.55618	11.4599
-5.28876	14.8662
-6.32629	14.5816
-3.25488	14.9316
-3.91882	13.1506
-3.69786	14.9905
-6.12996	14.1012
-5.47077	14.9101
-5.08308	14.9361
-6.57026	13.9229
-6.34289	14.8605
-4.4711	14.946
-2.19576	14.4754
-4.65123	14.4968
-2.74089	14.9846
-6.24026	13.4619
-5.46657	14.0487
-2.87316	14.9655
-6.36754	14.9433
-13.2479	14.5745
-3.92248	13.7624
-3.19919	14.5996
6.01329	12.2546
6.32244	0.211482
-5.04473	14.2397
-4.87183	14.5754
-7.00303	12.0184
-4.60915	14.5019
-4.27879	14.8444
-6.38133	14.4855
-6.51856	13.6105
-4.14413	13.2621
-4.22915	12.2793
-4.11951	14.7836
-4.49688	13.612
-6.10141	13.1991
-5.28011	14.5545
-3.44761	14.7738
-4.84614	14.9346
-5.54016	14.877
-3.11195	14.3613
-4.30099	14.559
-4.43779	14.0655
-4.47774	13.876
-4.18675	14.5515
-5.04127	13.416
2.36815	-2.80034
-4.18589	14.1003
-4.72605	14.7858
-2.92469	14.9081
-6.51756	14.7257
-4.6637	14.4147
-5.01997	14.991
-4.85609	14.8238
-3.65052	14.8666
-3.81451	14.5844
-3.5086	13.3916
