-5.34397	5.13234
-4.36317	-6.45212
-11.3242	-1.38756
14.9664	3.59642
-6.23228	-10.436
-14.2821	-13.3865
-12.5402	3.11272
-11.2624	10.8815
8.6563	-6.48784
6.50897	-6.58943
11.8152	-10.7304
-9.81789	6.84749
-10.9683	-5.73721
-8.98145	11.5034
-9.20003	-5.83968
-14.3655	-6.54003
-14.1549	-10.2131
-10.7653	12.171
-11.6341	-13.8069
8.4428	0.98879
-12.0635	-7.02102
13.8456	-5.80544
-7.06601	-12.6733
-14.9533	-7.36891
-7.96588	-6.48016
-14.9889	-11.5846
-12.6201	2.75565
-13.291	-3.06871
-10.9047	-11.4481
-13.4811	-0.10991
-12.9802	-7.5242
-9.54593	5.83869
0.304846	-14.8014
-13.2738	-3.97731
-14.4972	6.45717
-10.8092	-3.34612
6.46972	-13.1412
12.5169	9.41223
12.4671	-3.51072
-3.29274	-11.9383
-0.641194	-6.42199
-1.87137	1.28885
-14.9806	-6.76308
-12.2574	-12.5245
-5.27675	7.42592
-14.8832	-2.1208
-3.45609	-12.0999
-3.31952	-13.1069
13.2145	-1.05849
-3.20612	-9.0194
10.9049	14.1946
-8.75291	-12.047
-5.00082	-4.46797
-9.37708	2.73806
-14.7142	-8.56269
-0.361912	-2.98338
-2.67458	14.1693
-0.0636104	6.87587
-8.1976	-11.0121
-14.7203	-13.5388
-10.3874	-10.2133
14.7371	-10.9729
11.6199	9.02469
-14.852	-13.9205
-1.77814	3.03377
-7.54655	12.6181
-9.67973	-9.62568
-13.789	-8.08091
-8.59166	-5.72303
