10.9759	12.7951
12.2498	13.5418
12.2763	14.0374
9.59934	14.3006
10.8422	13.8352
10.2908	14.9465
8.7698	13.4872
11.7719	14.9053
12.5707	14.9939
10.8258	14.6268
8.98365	13.9102
11.8308	14.7651
9.23499	12.8553
11.7435	13.1309
10.1242	14.6701
10.9286	14.9193
9.79638	13.3924
10.7282	14.235
9.50158	13.5098
8.61253	14.8857
10.5385	14.7467
11.5609	13.9602
10.5161	14.2748
8.61713	13.9632
11.7087	14.0742
12.9609	14.568
11.3302	14.5086
10.9728	14.9393
2.9302	14.0128
8.88805	14.9844
9.46637	13.8098
11.7947	13.9166
8.05142	14.1963
13.5592	14.7718
8.90567	13.8661
10.353	14.939
10.5018	14.9979
10.6305	13.2815
14.5873	7.64525
12.8644	13.872
10.264	14.9388
9.66805	14.8242
13.2756	14.9655
9.2904	14.369
13.7759	13.9734
11.941	13.8418
10.6649	14.9599
10.026	13.1148
10.5287	14.7299
12.1291	13.9074
9.00439	14.129
10.4837	13.9232
9.68113	14.2596
11.4554	14.8297
11.4613	13.5324
11.4978	14.9849
12.7706	14.0198
11.1455	13.579
11.218	14.2559
11.7537	14.987
7.96983	14.2497
8.03761	14.6786
9.02599	14.8066
10.0644	12.8666
8.98568	14.8337
9.78562	12.8153
11.5027	14.8678
9.92629	14.9355
11.9625	14.1019
7.9131	14.1668
12.3732	14.8728
11.1967	13.6904
11.6197	14.8716
9.0133	14.2137
5.46175	12.7415
14.2546	12.3308
8.41977	13.7968
8.88701	14.0794
13.3992	14.9157
12.7393	13.5351
13	14.276
12.4714	13.4437
9.08447	14.5901
9.60162	14.789
10.3784	14.5178
10.6629	14.3364
12.3127	13.4271
9.00587	14.673
8.64898	14.3047
9.13373	13.9779
10.5591	14.814
12.1461	14.4167
9.60747	14.9979
9.62101	14.6527
10.8492	14.4816
8.78145	14.7107
10.5783	14.9172
10.936	14.8631
12.0272	14.9723
9.73776	14.4515
7.96451	14.4201
10.0759	14.1182
11.2635	13.7424
10.1162	14.894
10.155	14.9113
11.2293	14.9871
9.7324	14.6487
12.8281	14.592
8.84839	14.8553
9.13325	14.96
11.0405	14.9416
12.5519	14.9263
9.59686	14.9409
9.50501	14.8013
11.2136	13.7803
11.6503	14.4303
11.1549	14.0738
9.91623	14.8384
8.31436	14.6545
11.6424	14.8537
10.7363	14.7258
13.1472	13.769
9.1437	14.418
9.48813	14.4402
9.71664	13.923
8.33345	14.8335
9.16527	13.67
9.22208	14.7415
10.0463	13.8817
10.6797	14.7273
9.84567	14.2472
12.8632	14.8654
10.0403	13.5623
9.14373	13.6693
11.3418	13.7575
10.4564	14.2507
10.5734	14.0567
8.25772	12.4602
11.8301	12.5916
11.9244	13.3535
9.51009	14.9533
9.72489	14.5842
10.0351	14.8371
10.2481	14.6061
11.0628	13.8719
11.2926	14.6838
9.8632	14.2434
7.97963	14.4197
9.43482	14.7147
10.3349	14.6341
9.05762	14.1656
10.8567	14.7214
10.8657	12.5923
10.1676	14.9486
9.16915	14.4851
10.0518	14.8309
9.9299	13.7919
9.3366	13.6125
10.9688	14.6728
9.29016	14.1764
9.83497	14.4975
11.0704	14.712
9.80042	14.388
9.56975	14.6401
9.50181	14.9704
10.2879	14.8247
11.4829	14.8224
8.97797	14.895
9.13435	14.2457
11.2999	14.3763
12.2213	14.8375
6.92045	14.7981
11.2761	14.8054
11.1896	14.2362
12.1182	14.9784
8.20985	14.3004
12.0242	10.3367
10.232	14.9018
12.1102	14.0741
8.10989	13.1391
10.7896	14.0191
10.1119	13.4096
10.166	13.8805
9.93981	14.8655
9.13937	14.7308
11.4957	14.7263
6.79379	13.161
11.7187	14.9928
10.8495	14.9628
9.37841	14.788
8.98637	14.3681
9.53542	14.9706
10.8994	12.3197
12.7014	12.0677
8.87649	13.3835
6.61173	14.6297
11.5582	14.921
12.1309	14.6349
10.034	14.5244
9.68045	14.918
10.2946	14.5464
10.843	14.7094
11.6427	14.726
10.5638	14.9903
10.4174	14.8429
8.45907	14.5213
10.8693	14.8256
9.90671	13.7276
9.33078	14.9801
10.4727	14.0491
10.5609	14.5302
9.91805	12.4623
7.65044	13.6357
9.98072	14.5039
8.49804	14.5968
12.364	13.7595
9.44178	11.8669
11.4452	14.7529
9.34802	14.5547
10.4836	14.1069
4.05945	6.8868
9.78135	14.8394
11.8941	14.3645
11.679	14.2974
10.7318	14.8697
11.9799	14.7168
11.1583	14.4874
10.7715	13.3986
13.1753	12.9998
10.7087	13.881
10.5585	14.1408
11.8842	13.5226
6.51859	14.3884
12.3827	14.8256
9.23194	14.6523
8.59199	14.4675
10.6353	14.0958
11.9517	14.9193
10.5007	14.8621
9.69039	14.1689
10.7153	14.6057
10.093	14.8991
11.6208	14.4334
13.8754	14.5397
7.78398	14.6511
11.0821	14.252
9.37281	13.0598
9.34835	13.9937
10.8972	14.7999
8.93634	13.997
10.5027	14.6051
10.1023	14.9556
9.69916	14.1051
8.48391	14.6883
13.2839	14.1603
12.3695	14.1467
11.1671	13.7644
8.6196	13.9984
11.0524	14.6991
10.1575	14.4729
11.4656	14.906
9.37047	14.3308
10.4534	14.872
8.61887	14.8821
11.199	14.9532
11.8022	14.7921
4.27114	12.9859
6.70915	9.78369
11.1187	14.629
12.0272	14.7466
12.1454	14.2697
11.8801	13.8987
11.8224	14.3514
12.2206	14.6244
9.29	13.8896
11.5162	14.194
9.75514	14.9049
11.8521	14.7865
9.39298	14.9715
9.5617	14.6814
1.696	4.3112
9.73764	14.8477
6.78897	13.1913
11.2662	13.5742
8.96728	14.8391
10.4596	14.3825
8.3035	14.8288
7.76662	14.6405
10.6561	14.2566
10.7014	14.1553
11.6511	14.885
11.0541	14.7515
12.3635	13.9442
11.2844	13.6865
8.87626	14.7075
10.5048	14.8697
13.117	13.7319
10.3624	12.626
10.58	14.2571
6.93163	5.17963
9.45319	14.9753
8.16116	14.1628
9.58631	13.9946
10.1839	14.8886
12.1012	14.8008
9.40165	14.4292
8.34457	14.3501
8.49365	14.6272
10.7789	14.9872
8.31452	10.5084
14.461	4.33327
7.95185	13.7446
8.75667	14.862
11.6958	14.7331
9.55854	13.9013
13.5196	12.2871
9.37848	13.5067
8.60208	9.76653
9.47428	14.9661
12.7681	14.5088
11.1039	14.9469
12.9296	14.8896
8.14723	9.41308
11.4763	13.5963
9.94006	13.7453
11.3206	14.2149
11.2519	14.5223
8.8196	14.6981
9.8144	14.0529
11.701	12.9712
11.5895	14.857
9.93763	14.9621
9.21361	14.0381
10.1657	14.8869
9.05102	14.6708
4.38214	13.854
12.6424	14.7917
11.0077	14.5897
11.2071	14.9679
12.2197	14.7177
13.7936	12.8091
11.5454	14.2201
11.0186	14.5861
14.1292	14.3501
12.7701	13.8351
9.9631	13.04
10.7585	14.7082
11.7723	14.8597
10.3318	14.6292
10.8248	14.6132
11.8217	14.8963
12.8083	14.848
10.4007	13.1009
7.52288	14.9862
10.9847	14.6053
11.3454	14.4899
10.9188	13.0049
10.7729	14.4961
9.47284	14.6564
12.4795	14.2151
10.3565	14.4508
8.72286	14.9314
10.6142	14.4525
7.86865	14.1874
10.0577	14.3956
13.1304	14.9742
6.24473	13.647
10.7771	13.738
10.0849	14.6178
12.2094	13.9558
11.3455	14.2007
9.9966	14.3625
11.8464	13.7025
8.30869	14.0949
10.4727	14.4628
10.2964	14.7051
13.8579	14.4018
11.3026	14.9839
12.8082	14.1963
10.9385	14.2481
13.2513	14.4801
9.39811	13.2161
12.7914	14.3823
10.2104	14.8031
10.8579	14.3753
11.4673	14.0862
11.0619	13.5476
10.7253	14.1801
12.2846	14.5554
10.5124	14.7976
8.00488	14.4122
11.3321	14.7284
13.6981	14.6813
10.2009	14.5361
9.85927	14.2952
12.7919	14.2747
14.64	14.3637
9.00532	14.4278
11.0215	14.5661
8.71393	13.7791
10.5445	14.737
11.0898	14.914
10.7049	14.9239
10.0446	14.9133
12.7753	14.42
11.0215	14.8143
6.64266	12.5846
9.22761	14.8139
10.0496	14.0645
12.523	14.5513
10.2436	13.805
11.4954	14.1553
11.3269	13.9444
12.4626	14.071
8.37276	14.5962
11.492	14.0885
11.7433	13.9643
11.5089	14.6853
10.3253	14.5783
9.42039	14.9927
10.0324	14.5301
11.0229	13.844
9.05788	14.7993
9.34405	14.065
9.51945	14.6342
9.44487	14.6095
10.4478	14.368
9.88653	14.944
14.4918	12.7524
8.23636	14.1039
9.11178	14.7858
11.1265	14.9426
11.2133	14.9861
10.8708	14.3539
9.91703	14.633
10.2712	14.5248
11.8739	13.6825
10.9879	14.2144
10.7988	14.5906
11.1009	13.975
11.2816	14.5164
7.33122	13.2343
11.6079	14.2487
9.43913	14.2393
-11.5505	-12.7024
9.42598	13.9828
9.97419	14.9293
11.9557	14.0465
10.3922	14.9481
10.7347	14.7011
9.89597	14.8267
9.59741	14.1953
10.0135	14.9042
13.9871	14.4631
7.83186	14.3858
11.315	14.1964
9.02653	14.4789
11.7585	14.4576
9.00905	14.8068
10.1696	14.5027
9.07089	13.6774
9.59642	14.8197
9.82188	14.015
10.7633	14.7163
8.93626	14.5088
13.538	14.1792
10.12	14.6422
9.17973	14.5253
12.1276	14.7418
11.5251	14.9517
12.8038	12.5954
10.5106	14.6483
11.9988	13.698
7.01514	14.088
12.9776	14.6928
9.34493	14.5718
10.5477	13.9007
12.0365	6.60668
11.7664	14.7231
11.8409	14.8641
12.9365	14.8885
9.35454	14.9099
11.0507	14.8065
9.33722	14.7806
8.70817	13.9574
12.4533	14.7818
10.7779	13.7647
11.7732	14.9707
11.3858	14.2774
11.4489	14.2278
9.82604	14.9507
11.3213	14.9062
11.2495	14.6156
12.4419	14.7682
11.7034	14.9526
12.6116	14.9073
7.74848	12.8012
10.3078	11.6261
10.6427	14.2999
10.1856	14.6462
9.07839	14.5332
12.7282	13.2892
9.44064	14.7719
10.0876	14.6801
9.28957	14.773
11.6099	14.9099
10.2053	14.3655
-0.510669	13.4401
13.8013	13.5292
10.0789	14.7687
13.6182	14.9529
10.8678	14.1398
10.3634	14.6043
10.1503	14.8319
10.8226	12.189
12.718	13.0211
9.4585	13.041
10.3207	13.7365
11.6249	14.8005
10.3273	14.4439
8.95645	14.355
10.4196	14.6941
11.1275	14.871
9.66743	14.4901
9.6581	14.4572
12.1538	14.7343
11.084	14.5881
10.3253	14.7171
10.9404	13.8125
7.26776	9.51946
9.70805	14.7777
10.3518	14.0243
9.79143	13.2127
11.0127	14.1388
9.16396	14.7495
6.23126	14.0763
7.09027	14.6705
11.3074	14.2033
7.34436	14.684
8.46121	14.4497
10.3388	14.8047
10.5485	14.4848
9.63863	14.2168
11.393	14.6404
11.2747	13.0261
12.244	13.8881
11.9153	13.8001
9.83154	14.4638
9.44659	13.8435
10.0832	14.7427
10.7205	14.6151
8.92051	14.2161
9.14566	13.986
9.49974	13.9976
10.9447	14.0562
11.0054	14.7516
0.936319	3.79962
10.5585	14.4627
9.32717	13.4643
11.4598	13.6954
8.60785	14.8309
14.5296	14.5538
9.35535	14.983
12.6555	14.6802
7.60425	10.0543
12.0146	14.4531
10.7379	14.6119
1.74485	13.1941
10.5953	14.2891
9.88322	14.6713
10.3936	14.6859
14.028	14.7919
9.71278	14.2903
10.6599	14.7085
11.0619	14.8805
11.708	14.1557
9.63205	14.2986
6.26119	3.89024
11.8999	14.9007
12.6612	14.7268
11.7852	13.279
9.05013	12.7466
10.3022	14.7207
13.2479	12.8696
9.00172	14.4908
9.7373	14.9284
9.94511	14.2957
12.8859	14.6212
8.62167	14.3116
12.5008	14.078
10.8648	12.8073
11.4134	14.5427
12.2806	14.9081
11.4436	13.5965
11.3485	12.4252
8.88783	14.4684
9.21458	14.4943
10.7673	14.9795
12.0983	14.8733
8.77059	14.7663
10.1108	14.4598
12.696	14.0142
9.74281	13.3711
10.2877	14.5501
11.7556	13.022
11.3277	14.6667
8.79262	13.6352
11.1715	14.6228
13.3987	-11.5566
9.20213	14.8293
8.11302	13.6968
10.0917	13.8175
11.2205	14.2162
11.3457	14.9019
9.91865	14.2162
9.97683	14.6203
9.9861	11.104
12.1355	14.7427
9.96396	14.0732
13.1781	14.7439
7.11657	14.8707
8.15053	14.823
9.75771	13.519
11.4733	14.5391
11.9203	14.1754
11.2966	14.9951
-1.32405	6.96544
10.5793	13.8154
10.6748	14.6882
6.64604	14.8013
10.3901	13.0678
11.2691	13.9322
10.0879	14.5975
-5.35462	11.8823
12.4378	14.1547
10.5552	14.7632
9.59479	14.6417
13.2343	10.7353
13.2266	14.646
9.48275	14.0245
9.73224	13.2105
7.96931	14.1411
10.61	14.0266
11.0385	13.9767
14.3727	14.7135
7.63436	14.3437
10.3054	13.6101
8.02737	13.6352
10.6165	14.4628
13.5886	3.65113
10.2457	14.5661
8.06583	14.5485
9.72655	14.7545
9.25116	13.5366
10.3914	14.6934
12.9644	14.2745
9.34178	14.9457
10.0041	14.6274
8.74623	14.4178
10.1573	13.7368
9.37068	14.9195
9.0625	13.7911
10.1427	14.8151
7.45184	14.9363
10.1811	14.8096
11.4189	13.8691
8.83506	13.9701
12.2793	14.4864
9.81795	13.7547
11.0702	14.7215
11.6342	13.1154
9.07424	14.6374
11.0394	14.2187
10.1587	14.9478
11.6348	14.9428
10.0497	14.9671
13.2066	14.0961
8.69311	14.8959
9.61963	14.8954
10.2107	9.36641
10.1866	14.2665
13.124	14.9271
7.60523	13.8506
11.6291	14.6483
11.008	14.3962
11.2794	14.9297
8.61558	13.6595
10.0287	14.3312
12.1397	14.849
10.6738	13.9175
9.33863	14.8991
8.40419	7.77006
11.5602	14.7416
7.9339	11.9626
10.7675	14.9201
9.2806	14.0775
9.77509	14.9878
8.40308	13.6552
9.89292	14.8103
9.10992	14.3582
12.8465	14.5588
10.6156	14.9777
12.6213	14.5175
11.6579	14.0528
11.8898	13.2524
8.95712	14.8937
9.38908	14.9701
9.02695	14.0024
11.8834	14.3443
10.1197	14.6721
9.26491	14.4131
9.94415	13.921
9.6628	14.7563
9.72396	14.8276
11.077	14.799
10.4892	14.226
10.4642	13.9439
9.90772	14.0666
8.9039	14.6708
9.61469	14.9332
10.1355	14.7368
8.79253	13.6728
10.3174	14.8682
9.31774	14.9324
8.46777	14.7745
11.686	13.5144
12.7994	14.8307
8.62289	14.6622
9.79532	14.6988
11.6827	13.4789
-2.52439	-4.39835
10.1644	14.2848
11.8227	14.9753
10.8769	13.0471
12.0781	14.7513
9.94934	13.9799
9.06693	14.5918
11.358	13.8899
9.86747	14.4027
9.4884	13.5582
11.8936	14.7739
9.56274	14.9046
10.7249	14.2896
12.3359	14.8164
11.8538	13.7558
11.861	14.413
9.91867	14.85
10.4233	14.5525
12.7715	14.805
10.5751	14.409
12.1145	14.9969
12.0086	13.5745
10.3067	14.8545
10.6225	14.4906
10.61	14.7164
10.8867	14.9961
10.0613	14.0296
8.68638	14.5136
13.8743	12.2513
8.6412	14.164
12.6213	14.1916
8.33775	14.919
10.6817	14.5084
6.68968	14.6691
10.0874	14.6929
10.0159	14.847
9.01375	14.7492
10.7988	14.3911
10.2117	14.9606
11.9496	8.91679
11.7882	14.7831
9.83229	14.8591
9.95757	14.4102
9.07119	13.3945
12.3161	14.2245
9.87219	13.8012
13.0771	13.6364
9.82375	14.1725
10.5263	14.9713
13.8964	14.6646
9.69673	13.5935
12.2253	14.997
10.3002	13.703
9.33126	14.9283
10.5415	13.605
13.0796	14.7377
7.87142	14.4881
12.8213	14.5909
9.88733	14.5542
11.594	14.976
11.9713	14.8858
12.162	13.6539
12.5415	13.7047
9.66906	14.2658
9.62627	14.7868
10.0969	14.0166
10.4137	13.6539
9.90885	13.3888
7.84831	12.3713
12.1096	14.9554
10.1278	13.6027
13.5863	14.873
12.1517	14.7862
10.1782	13.6895
12.1004	14.3211
10.6426	14.8365
14.7981	11.1487
-12.9955	-12.5056
12.0563	14.1474
12.2064	14.5991
9.54338	13.7634
9.36631	14.858
10.177	14.882
10.0701	14.7425
9.44841	14.8987
12.0924	14.8914
10.2353	13.3362
10.3343	14.8811
10.6874	14.3619
12.01	14.5422
10.6879	14.4562
10.7021	14.8878
9.29507	14.862
10.5398	13.6779
11.6433	13.074
10.2908	14.683
9.32881	12.6319
8.90756	13.8683
9.09484	14.396
10.4148	14.6413
13.2106	12.1061
9.33163	14.4153
11.4391	14.945
11.5918	14.7028
10.3276	14.5959
12.9773	14.5059
8.86307	14.3269
9.74824	13.8061
13.3066	14.8919
12.0217	14.2776
9.33152	13.7124
10.9287	13.6618
10.4863	14.7962
12.4178	14.8441
12.8622	14.5954
11.5212	14.0279
9.05273	14.1933
11.1097	14.8075
12.597	12.6729
12.6255	14.9785
10.3378	14.4558
9.78206	14.9569
10.0462	14.5643
10.9557	14.2388
10.2366	14.9244
11.1943	11.6569
8.1215	14.2204
11.1538	14.4441
9.45552	14.991
10.5384	13.9116
8.75353	13.6723
9.56492	12.5906
9.93909	14.6661
12.6351	14.2482
8.83247	13.4361
10.0694	13.9354
10.8767	13.387
8.45763	14.2024
8.35434	13.988
9.40822	14.482
11.0136	14.934
9.10154	14.9521
9.37951	13.4207
10.5478	14.3592
9.55098	14.7755
12.0486	14.9688
9.98755	14.6141
-12.1019	-12.9877
9.76387	14.8813
9.5033	13.0792
10.8519	14.7966
7.47056	14.5311
8.20837	14.0726
10.1813	13.9886
9.17166	14.9302
10.0703	14.4283
9.54986	14.4228
7.89803	13.2029
11.8019	12.9662
10.9732	14.7652
10.6665	14.9687
10.4111	14.7627
13.0972	14.6163
11.6266	14.5735
11.1894	14.3475
13.3497	14.3439
12.0797	14.3692
12.012	13.3869
8.93631	14.7487
11.5677	13.9854
9.20902	13.2369
10.2974	13.3203
8.42074	14.6905
8.79396	14.7057
10.5859	14.4841
10.4346	14.92
0.188287	10.8457
10.9025	14.9323
10.9418	14.7809
12.1278	14.2941
13.2142	14.5568
12.7817	14.2614
-2.28687	-9.27487
12.4562	14.7964
10.842	14.9851
11.588	14.2769
11.4242	14.5297
8.7252	7.60163
11.2479	14.9659
9.77728	14.4608
10.8296	12.1255
9.19302	13.6618
10.97	14.6727
10.5189	14.4108
11.5568	14.5892
10.6485	13.721
9.03414	13.4906
12.1979	-1.17271
8.10773	14.4395
9.70265	14.9951
9.24354	12.5269
11.765	14.6002
12.0544	14.083
10.9681	14.9865
12.0807	14.3407
9.95053	14.5315
9.86581	13.6157
8.75214	14.4117
10.6859	14.5979
14.4888	14.7913
9.50845	13.9872
6.47528	14.7403
10.0237	13.1932
11.896	14.8866
11.7214	14.1665
12.8527	14.956
11.7876	14.9112
11.7713	13.6545
8.64731	14.874
9.70381	13.9061
13.454	14.5594
10.1849	13.9768
10.4836	14.6195
9.8537	14.968
10.7359	14.117
8.40525	14.938
10.888	14.3557
10.3814	14.715
10.3059	12.9704
10.1433	13.7316
10.134	14.1954
9.43909	13.9927
10.7365	14.4712
10.8213	14.8259
8.36273	13.6468
8.33771	14.7864
8.63761	11.8316
9.52029	14.0885
12.1524	14.8373
12.85	14.4913
11.4198	14.8463
10.6326	14.0281
9.49088	14.43
10.507	14.2131
10.1446	14.2592
10.5928	14.3687
10.5888	14.6365
8.69373	5.72815
10.8368	14.8316
7.67638	14.9973
11.062	14.9622
9.8259	14.9712
10.2885	14.3695
9.57793	13.8477
10.6576	14.6461
8.40939	14.2677
12.4811	13.979
9.35555	13.3092
12.0145	14.833
10.7617	14.8669
10.3079	14.4739
10.8402	14.062
11.5123	14.6453
8.81995	13.9741
11.212	14.7006
12.9991	13.9857
9.18533	14.85
11.1327	14.4488
10.3457	14.2499
10.6554	14.5214
10.335	14.2314
11.7369	14.6352
9.98814	14.8845
12.1458	14.3788
13.1952	14.9979
8.51586	14.5359
9.93591	14.9735
11.1004	14.617
9.03007	14.8193
11.5333	13.1473
8.33822	14.3313
9.53586	13.6753
13.1934	14.335
10.6634	13.3525
11.5753	14.2684
11.1195	14.8888
9.82308	13.0654
8.38554	14.3075
11.7019	-5.68348
11.3268	14.9103
10.385	14.8892
10.3621	14.8211
12.2098	14.7423
8.66016	14.4658
8.1638	13.1101
11.5804	4.70429
10.9289	13.6145
9.60697	14.4607
10.5254	14.2645
-10.4086	4.48022
8.72282	14.4724
11.0591	14.8226
8.71996	13.8425
10.4656	13.2928
11.8703	14.705
11.6514	13.808
8.22902	14.447
8.64336	-3.81813
10.8677	14.4616
10.7731	14.6163
13.0093	13.0086
2.82918	11.2357
10.8126	14.7559
11.0957	14.7115
10.5621	14.6857
10.8336	14.9238
9.39557	14.4066
10.444	14.7159
14.4491	13.7902
12.9504	14.1365
8.67856	14.7914
12.5088	14.4879
12.6256	14.4191
9.96648	14.6325
8.57853	14.6354
10.4983	14.7916
12.053	14.7903
9.95234	13.914
10.576	14.9996
11.582	14.926
10.5753	13.8401
5.24427	13.131
10.8817	14.5963
11.6752	13.6804
10.0349	13.6534
9.64472	14.3915
9.66445	14.8494
9.25069	13.993
11.6891	14.9286
9.39438	14.23
10.4407	14.4424
12.6016	14.7901
10.0346	13.9918
10.3234	14.8278
8.23959	14.8685
12.1226	14.5923
7.50234	14.5311
4.0024	12.8319
8.60297	14.8795
11.9974	14.1742
10.1727	14.2177
7.6595	13.62
10.7705	14.7358
11.4261	14.7385
11.5087	13.7855
7.51337	14.4819
8.83526	13.5753
11.4817	14.8655
9.30432	14.4464
9.29096	13.2489
9.39193	14.5072
10.073	13.287
14.454	13.9591
10.041	14.9049
10.3551	14.2502
7.93103	14.7472
11.2994	14.3286
10.6484	13.6389
9.96145	13.0978
9.07776	13.9182
12.452	14.7775
10.8138	14.5777
10.5851	14.2172
10.0261	14.3156
10.1978	14.9991
10.0768	14.747
8.05753	14.2017
10.5161	12.7091
11.0735	14.9434
14.8681	14.8247
9.53154	14.0461
11.2274	14.5535
9.87736	14.9342
11.4368	14.9473
11.7067	14.7738
9.93609	14.3647
10.4712	14.2989
10.5863	14.1192
10.5368	14.7732
9.9402	14.9174
9.52031	14.2714
9.04208	14.3638
10.9681	14.7232
12.382	14.4629
9.50906	14.1805
10.6665	14.7296
9.71978	14.6724
11.1807	14.7983
11.3546	14.4459
12.5907	14.2528
10.2841	14.3622
9.67428	14.8083
12.1363	13.223
7.26972	13.9375
11.8631	11.8676
9.36598	14.7268
9.88086	14.5291
8.91578	13.9999
12.1337	14.5509
9.32234	13.9471
9.67839	13.9885
9.72289	10.5292
12.3291	14.9502
6.86734	12.7475
9.58127	13.7373
9.99714	13.5917
12.2033	14.5184
10.8754	14.1412
10.525	14.1498
8.887	12.9135
12.6015	11.3905
11.1296	13.9948
10.3525	14.4888
13.4283	14.5262
10.5416	14.9177
11.0629	14.7329
9.37906	14.6119
5.55225	12.7408
13.4368	14.5931
9.21872	14.7439
9.91985	14.808
10.6195	13.7682
7.57883	13.6774
10.8858	14.0399
10.55	13.5326
7.09959	13.6784
10.618	14.41
8.95687	13.3228
10.1108	13.8086
10.0106	14.604
11.8891	14.9563
10.2823	14.7245
10.8172	14.4155
8.67263	14.8417
10.816	14.5762
11.3884	14.5569
10.6462	13.4541
10.4104	14.3658
8.63538	14.8141
10.318	14.8385
11.5987	13.3041
10.844	14.2545
10.8609	14.4438
9.95072	13.4252
8.03022	14.8104
12.1343	14.3418
8.64546	14.7179
10.8745	6.31046
12.3798	14.5132
8.20317	13.9056
11.6152	14.6036
13.1843	14.1238
10.2378	14.3679
9.34479	13.7231
6.88685	14.3121
9.60455	14.7682
9.21179	14.6742
8.78169	14.7335
7.09552	11.7061
12.1924	14.154
13.5907	12.9134
10.1681	14.9497
10.4918	13.7426
12.429	13.3048
12.6291	13.7397
10.8231	14.6754
11.8112	13.9643
9.93587	14.0012
10.9937	13.8361
7.4252	14.9535
-3.46635	0.542842
6.86423	12.7096
9.94883	14.5537
10.2814	14.5292
8.4817	14.9692
11.0437	14.9479
9.85638	14.6961
11.0234	14.5322
9.9022	14.7062
10.6764	14.7479
10.5238	14.9821
12.4694	13.7257
11.6604	13.5973
9.27951	14.9856
10.4438	14.918
8.58624	13.5747
9.73516	14.2034
-1.34306	-6.64452
9.47923	14.2762
9.28828	13.755
9.6759	10.8167
10.0355	14.4411
11.4988	14.1243
10.7575	14.3399
8.35691	14.804
9.7109	13.4496
8.49326	14.9974
11.7403	14.6248
9.58112	14.2148
11.9127	13.7015
9.44536	14.6208
8.10242	12.8118
10.8605	14.4134
13.1103	14.7621
12.0897	14.7644
11.6632	14.9571
14.146	14.6874
8.83087	14.6539
10.8283	14.1712
10.5923	14.7968
9.46117	14.8574
11.1294	14.4499
10.8306	14.7442
11.8238	14.5248
10.8277	14.5938
10.5481	14.1372
9.19351	13.8572
9.93249	13.8099
10.0262	14.8756
8.21308	13.7619
8.48509	13.171
7.70097	14.4756
10.3677	13.9618
11.5131	11.9523
7.33384	13.6509
9.99013	14.7473
6.41128	14.8271
9.79696	14.8578
10.4563	14.697
9.00186	14.8754
10.4839	14.742
9.31698	13.8982
9.21379	13.8901
10.0378	14.8967
13.2586	14.0467
10.5559	14.6374
10.1042	12.916
9.71765	14.7842
8.32138	13.7704
9.59335	13.8387
9.156	13.9918
9.466	14.868
11.7944	14.7254
10.0902	14.7859
9.66308	14.6432
9.26765	14.8547
6.98002	14.565
11.9106	14.8818
10.6392	14.8356
9.29859	14.6398
8.03971	14.7729
11.4239	14.144
9.97619	14.5984
10.0715	13.5611
2.05885	6.91573
10.1331	14.7178
9.41362	14.5498
10.7948	14.7099
9.91061	14.4699
10.5119	14.8338
11.3731	14.8707
12.096	13.9802
10.5152	13.8334
9.61072	14.9144
9.80962	14.982
10.4639	14.8637
11.7735	14.0767
10.7342	14.6339
10.54	14.5054
10.6654	14.8005
11.281	14.1301
10.4676	14.4578
11.8203	14.673
9.91254	14.156
11.3935	14.7762
11.3713	13.5647
9.97569	13.9329
11.0854	14.9099
9.31844	13.9534
10.5564	13.5912
9.51501	14.5351
12.9064	14.7604
8.7821	14.8115
13.3903	14.7432
12.2757	14.8405
9.90321	14.5196
10.1698	13.9383
12.1113	14.8228
11.0337	14.6716
10.2969	14.1616
11.6271	14.764
10.7208	14.8064
12.3431	13.8441
9.63804	14.8082
10.4074	14.4919
9.06567	13.7546
12.9481	13.5537
12.5592	14.9294
9.75544	14.2802
11.0984	14.6203
8.46759	13.6407
9.66949	13.6974
10.536	13.7968
8.76547	14.5436
11.5558	14.4889
8.10626	14.6496
12.3419	14.5088
10.326	14.8542
10.007	14.7202
9.04636	14.9203
9.44464	14.567
8.82541	14.8156
10.1329	14.8351
11.0734	14.7452
12.4715	14.9493
11.2805	14.5836
11.2485	14.8347
11.3843	14.8098
12.8578	13.8369
11.1781	14.7326
10.4439	14.0666
9.38105	14.5995
10.09	14.1694
11.4708	14.4342
10.8701	14.1036
10.3861	14.6155
9.97868	14.8065
8.79805	14.7564
13.7335	14.345
9.50619	14.7182
11.8588	14.973
10.3739	-12.2933
11.5653	14.5232
11.1513	14.5231
10.5337	14.5491
13.1887	11.7749
10.9134	13.9816
9.65303	14.875
13.4724	14.7286
11.3514	14.7801
10.2413	13.5969
11.3249	14.2454
11.4093	14.9412
9.71576	13.2785
9.63657	14.5933
11.6541	14.5979
8.80349	14.8904
11.6243	14.6621
11.8086	14.9753
12.5673	14.5233
10.388	13.0966
11.6386	14.2034
8.7566	13.9664
12.183	14.5738
8.45656	13.3857
11.2195	14.5445
8.42493	13.6228
12.8084	14.5454
9.62638	14.5518
11.4078	14.3016
3.67324	14.6168
10.9067	13.9533
12.5021	14.7435
12.0078	13.8283
11.6108	14.589
8.88398	14.942
8.86123	14.2262
11.8271	13.8345
10.585	14.5008
11.6462	13.6909
10.7111	12.8808
12.1146	14.5897
12.6027	14.9241
9.90258	14.3895
11.1048	13.7318
11.4827	14.9701
10.3814	14.8018
10.9108	14.1832
12.2328	14.8685
10.2201	14.9607
7.51097	14.9401
9.48466	14.9532
9.92437	14.4052
8.50681	14.088
9.9677	14.8108
12.709	10.3114
11.6731	14.8782
13.1701	14.906
11.5611	14.9594
12.3847	14.6619
9.63371	13.8363
11.1589	14.3803
11.3997	14.5008
9.93653	13.8932
11.7177	14.5791
11.7	13.1894
10.654	13.1234
10.8368	14.5783
8.96949	14.8078
9.37339	13.2726
13.3944	14.5326
12.1644	14.0889
8.60628	14.1014
10.0652	14.9479
9.32425	14.8892
8.41659	14.7387
11.3916	14.2803
12.437	14.8758
9.09262	14.7913
10.6559	13.7139
10.1462	14.7788
10.1117	14.953
13.0987	13.5932
9.49544	14.4262
12.3328	13.323
10.8563	14.8885
9.42989	14.1495
10.2237	14.1413
11.1008	13.0112
9.69516	14.6421
10.8133	14.1113
11.6339	14.8267
10.1756	14.9114
9.10927	14.7933
11.5528	14.7793
9.9959	14.9848
8.47273	11.6596
10.6551	14.509
14.3442	14.0832
8.19175	13.8663
8.34018	14.3613
9.00561	14.6481
9.7295	14.5223
12.9807	14.6491
7.42994	6.48948
11.0362	14.2861
10.1355	14.1284
10.0709	13.8905
9.30179	14.7304
12.9483	14.258
7.42408	14.7139
8.81077	13.7775
11.922	14.7281
11.1663	14.8408
11.4253	13.782
13.0087	14.9718
9.98127	13.8917
9.71891	14.2712
11.0425	14.2667
10.8215	14.1903
10.0031	14.9371
10.5973	14.4467
9.48886	14.9191
11.6025	13.932
12.9753	14.6831
10.0078	14.5636
9.45464	14.0995
9.9054	14.4215
11.3756	14.1493
9.86815	14.6589
10.2756	14.9767
9.52445	14.086
8.56605	14.584
10.0321	13.5829
12.0708	13.2586
13.1438	11.9741
10.6542	14.9854
10.306	14.7933
11.4537	13.8657
9.7206	14.3969
10.9039	14.7347
10.7454	14.2342
12.0678	14.2645
10.7255	14.742
10.9239	13.8252
10.4398	14.6784
12.8632	12.8838
9.80169	14.0647
10.7471	13.9773
11.0736	14.7971
10.6075	13.4635
9.39463	14.5426
10.5183	14.9543
13.0661	14.5013
13.19	14.8703
11.3127	14.8246
9.76569	14.4239
10.6074	14.3552
10.6022	14.1177
8.89181	14.7261
9.81072	14.7489
12.6188	14.1917
9.14984	14.3229
11.7273	14.8314
9.95836	14.7095
13.4225	14.1936
8.79991	14.5961
9.14349	14.511
9.36736	14.479
10.3576	14.2318
12.2332	14.3153
8.7349	14.403
9.01407	14.9801
13.1296	14.9494
10.9579	13.7652
2.22529	14.0776
9.57254	14.8111
10.2777	13.1549
11.8625	14.9427
10.7833	13.8248
11.9022	14.9448
9.61782	13.6929
11.8334	13.9858
9.90013	14.5842
8.77748	13.5692
10.3838	14.625
11.0984	14.9905
9.68579	13.5509
8.17034	14.8039
10.9299	14.6132
8.91291	14.2501
9.09707	14.6919
8.18104	14.6868
10.5018	14.2513
10.1627	14.9806
9.56692	12.6521
12.3098	14.7571
3.42034	14.5967
11.6993	14.7288
10.395	14.4765
11.0074	14.3652
12.2223	14.8902
8.36818	14.1765
11.3384	14.0725
8.82998	14.6111
12.0855	14.796
10.4574	14.946
10.179	14.9113
10.0091	11.7334
11.0073	14.9798
12.118	14.7325
10.4127	12.9628
6.64561	11.7471
9.60809	13.688
10.995	14.6881
12.5	13.9667
11.1924	13.0838
11.3768	12.9023
12.2516	14.1672
11.1903	14.5304
8.04106	14.4755
11.5642	14.005
12.1744	14.4683
9.33208	12.7479
12.2586	13.9247
12.4087	13.2979
9.73627	14.7865
9.94826	14.9318
8.81264	12.4328
12.9642	14.2064
10.6534	14.8702
11.1904	13.6936
12.6934	14.0744
8.79718	13.9898
11.494	14.3369
9.1387	14.8614
11.2694	14.0837
9.14155	14.5419
9.40369	14.2851
11.3923	14.8915
8.84648	13.5287
8.93006	13.7231
8.34851	14.3321
10.9643	14.0697
12.5676	14.1056
12.3039	14.7209
13.015	14.7183
11.5829	13.9972
11.2803	12.3233
3.80432	14.8054
10.586	14.0164
10.1119	14.9128
12.1703	14.4415
10.3681	14.522
9.51125	14.9675
10.1689	14.924
11.206	14.1975
7.42138	14.9735
10.5794	14.949
11.5957	14.6276
10.0334	14.8166
6.55963	12.9101
8.61941	14.9718
10.3762	14.2099
9.37458	13.7232
9.66442	13.1359
5.35585	9.75336
14.2922	9.62016
9.24843	13.4831
9.03802	7.38768
11.1741	14.6498
9.08313	14.3357
11.6826	14.2016
12.1042	14.8082
13.032	12.4362
11.449	14.9029
8.25773	14.6923
8.94476	14.7456
-4.83188	1.13442
10.7467	14.6142
10.2128	14.997
10.1775	14.9878
9.99471	14.6769
10.1884	14.723
11.8073	10.1551
7.63769	14.4231
8.82262	14.6062
8.54262	14.6054
11.3373	13.9784
13.3765	14.4429
12.011	13.8361
11.4847	14.0438
9.99975	12.7266
10.1715	14.8723
9.25964	14.3769
9.87491	14.1879
10.1015	13.5224
10.3857	14.1026
9.0474	13.9759
11.0969	14.1257
13.7576	14.5022
9.46979	14.3382
10.4839	14.9887
10.216	14.8581
12.0366	14.2772
12.7361	14.3361
7.73031	14.3926
9.72364	14.9689
11.2974	14.2938
10.0452	14.1757
8.56848	14.651
10.276	12.1546
10.806	13.5767
8.70774	14.7187
7.85097	14.9373
10.1749	14.0018
13.1651	14.4043
8.60159	14.7855
11.5142	14.1925
9.29347	13.8138
10.1876	14.6954
9.61902	14.7419
11.7334	12.8431
11.974	14.6847
9.99451	14.3717
11.3319	14.4522
10.3586	14.6559
8.60858	14.9519
10.5968	14.9936
9.52563	14.9913
11.3083	14.8398
10.7655	14.8253
10.2456	14.6241
9.03264	14.2607
10.5703	14.4472
8.11985	14.3109
10.5262	14.8662
12.2623	12.2707
8.09903	14.265
10.7265	13.5791
10.724	14.649
11.904	12.0502
7.51235	14.2524
8.56343	14.8823
9.74529	14.7426
-3.15801	8.49696
10.0664	14.6697
10.0463	14.4835
11.851	14.9764
11.784	14.1458
10.0068	13.5513
10.518	13.6306
8.57046	14.96
9.88807	14.9172
10.0787	14.7083
9.95538	14.8545
11.2789	14.8332
12.5894	12.4916
9.687	14.6075
10.957	14.3445
10.8115	14.199
7.18734	13.7284
12.493	12.4247
9.8854	13.0181
10.5971	13.9746
10.9214	13.5504
9.76471	14.7179
10.2172	14.7232
10.5394	14.6853
11.596	14.0049
8.62859	14.8452
11.5907	14.8768
10.8915	14.8356
10.3219	14.6093
9.03102	14.9681
11.1586	14.8313
9.58275	14.9439
12.7988	7.70497
12.5231	7.59512
11.5857	14.1872
12.2971	14.598
10.129	14.1175
9.56623	14.7193
11.7721	14.6686
11.2902	13.4979
12.5209	14.1195
8.35728	14.7111
10.0175	14.5705
8.63724	14.3517
9.7975	13.937
11.1218	14.5467
12.2094	14.8583
14.4637	5.81687
9.54305	14.8911
8.81892	14.8863
11.6021	14.8168
11.66	12.992
10.7357	13.7629
2.10479	10.729
7.45263	14.9958
11.3946	13.51
12.6688	12.8622
9.96467	14.9657
12.9877	14.2989
9.44523	13.0473
8.85604	14.7569
14.6343	6.69278
9.70735	14.8852
9.23926	14.498
9.50428	14.7998
10.5002	14.7843
10.0754	14.0663
9.63433	14.9385
7.92609	11.3363
11.1435	14.0221
9.33178	14.8624
9.37555	14.5747
8.24223	14.8041
9.74048	14.7122
12.3182	14.4407
9.75431	14.3251
9.55003	14.5502
9.06723	12.7789
10.1045	14.9935
7.85292	14.2911
10.644	14.7666
9.17388	14.9874
10.5269	14.0602
12.0314	14.179
9.79025	14.987
-3.75814	-10.2872
8.9852	14.3946
9.2238	14.5786
8.51932	14.7852
8.9081	14.5146
10.2112	14.8876
10.5833	14.5964
10.1414	14.2546
10.912	14.549
9.69311	11.2392
10.642	14.8529
8.75623	14.0577
9.11892	13.9794
10.7885	14.9735
7.90204	14.8461
7.84375	13.802
11.2392	14.7355
-9.25395	6.35622
10.6738	13.1294
7.40849	13.8443
11.3924	13.8147
10.72	14.0555
11.7178	8.14029
8.85435	14.7439
9.89364	13.7797
14.0891	13.4413
11.7166	14.894
10.1899	14.82
10.6783	13.8526
10.6303	14.1838
9.75283	13.3719
10.4866	14.711
3.7301	11.1019
12.2554	12.2432
11.4071	14.6843
9.51621	14.8756
10.6164	14.2341
11.7401	13.5674
8.85077	13.057
10.3063	13.9292
11.4874	14.3895
12.3237	14.6643
13.2623	14.6407
12.935	14.2478
13.6661	13.1013
9.08567	14.998
9.43974	14.9905
8.51572	14.2569
6.82508	14.601
10.1119	14.2864
10.3975	14.0915
11.4685	14.9252
10.552	14.9046
10.9774	12.5632
12.7944	14.2531
9.07519	13.6459
8.85858	14.4955
11.9093	14.6278
10.0381	13.2519
9.20665	14.6159
9.12482	14.9517
11.1294	9.07419
11.5235	14.8688
9.97218	14.6076
9.2242	14.4599
9.00235	14.572
9.87606	14.0591
9.41602	14.5694
8.4159	14.0053
10.0928	14.0991
10.3272	14.4995
10.1074	14.5897
8.1374	13.9634
9.7465	14.6675
10.0837	14.9971
7.52599	14.8283
10.8368	14.8685
9.26757	14.2876
10.3932	14.2
11.0506	14.0092
11.341	14.5476
10.2965	14.4317
9.48015	14.432
10.36	11.0562
11.7107	13.8031
11.3714	14.2184
12.0935	14.9728
12.834	14.3029
9.86633	14.5252
10.5494	14.7362
8.46953	14.059
10.424	13.1427
0.659965	13.8858
-10.9422	10.8558
12.4353	14.7702
10.3477	14.2194
12.2831	14.2605
10.1275	12.9295
11.28	13.8444
10.6142	14.1454
13.5085	14.2602
8.70862	13.4655
10.8258	14.0634
8.58173	14.3558
12.2175	14.5466
9.9704	14.8303
10.3135	14.7584
10.7166	14.3173
10.5463	14.0974
11.92	13.5413
9.31422	14.9587
11.8749	14.5026
11.0596	14.372
7.84264	13.5594
12.9356	14.8113
10.2032	13.4091
8.28061	14.1085
9.84514	14.2031
9.28381	14.6836
10.6041	14.8926
11.9178	11.6734
11.1782	14.1829
14.3349	14.7567
8.08388	14.7459
12.1434	14.9443
9.72398	12.6997
10.6775	13.8182
9.57522	14.5329
8.25853	13.6952
12.693	12.4585
11.7563	14.2945
12.046	13.564
12.0912	12.0102
13.1458	12.3441
12.495	14.7856
11.4621	14.4503
10.7237	14.8232
11.4494	14.7688
9.88037	14.7112
10.1059	14.3563
7.72623	12.7586
9.89276	14.8531
11.2579	14.3377
8.79435	14.3754
10.2963	14.3724
8.25486	12.8269
11.2093	14.2157
12.3008	12.4589
10.9039	13.6188
10.8472	14.8772
8.67535	14.6453
11.2457	14.3783
11.0806	14.1275
11.2696	14.3261
11.4076	14.3962
9.766	14.9339
8.70537	13.7265
9.91239	14.5772
10.5647	14.3078
11.0203	14.9833
10.8848	14.9338
10.0806	13.5815
10.9961	12.8185
11.8358	14.3891
10.0361	13.7032
11.183	14.9777
12.2534	14.6498
10.7255	14.565
11.8386	14.4326
10.7725	14.0262
13.2018	13.8868
13.0826	14.5542
7.63162	13.8807
9.51055	14.507
10.9577	13.5275
11.7642	14.7517
3.15087	0.691288
9.74823	14.8172
11.4742	14.2559
10.5983	12.7
8.66983	14.9889
10.7906	14.2689
8.82251	14.5412
9.89354	14.1353
10.9215	13.203
8.42506	14.434
11.7562	14.95
9.42254	14.9406
12.8041	14.8611
8.95065	14.2561
11.2251	14.6755
5.55135	6.74036
13.395	13.7598
8.73052	14.1869
10.1902	14.3772
10.0553	14.8766
9.65941	13.708
8.61613	14.9167
11.4479	13.8643
6.38775	13.0619
9.50324	14.5805
11.3595	14.4551
6.44907	14.4754
8.39606	-4.35972
8.90074	14.5543
10.6996	14.9936
10.8599	13.7662
11.4553	14.9097
8.45344	14.9616
7.31077	14.7177
10.5983	14.7386
8.59095	13.6663
10.8455	14.6767
10.0929	14.1812
8.48643	2.73368
11.0942	14.1621
7.51506	14.0163
12.817	14.4898
3.85874	5.62231
10.5072	14.5638
7.99421	14.697
7.97637	14.5911
12.3402	14.7719
9.94289	13.1972
10.85	14.9165
11.8286	14.9954
12.9003	4.4323
10.3725	14.9882
10.0779	14.816
12.2018	14.0778
8.18765	14.9943
11.7094	14.8196
12.5692	13.7164
10.2529	14.7759
9.56064	13.1983
11.7565	14.4465
10.7531	14.5458
10.978	14.636
7.07433	14.9335
8.57184	13.9821
9.88518	14.346
10.2025	14.3252
11.5891	14.4957
8.07804	14.6805
8.40139	14.0717
11.6327	13.1517
11.7769	14.5065
10.3477	13.5583
11.9072	12.8533
11.619	14.8946
9.51237	14.8
10.4208	14.6582
