-14.7779	-7.9059	2810.87
-14.7918	-6.08781	160.253
-14.8881	-5.96355	2257.48
-12.6472	-7.18217	290.071
-14.9821	-5.89015	2969.51
-13.8645	-9.25709	582.666
-14.9461	-7.24915	1204.74
-1.27763	-0.407508	160.004
-14.9687	-7.21748	783.591
-13.4611	-7.37139	239.378
-14.4776	-5.66951	124.116
-14.6234	-9.9054	2644.24
-13.9526	-6.55525	1981.18
-14.1085	-8.7666	939.569
-11.0496	-2.01427	211.781
-14.7465	-6.03639	142.796
-14.3458	-7.40846	994.571
-13.5056	-9.35756	114.826
-14.9548	-4.90651	1672.23
-13.7832	-5.37933	153.19
-13.7623	-8.58163	239.503
-13.7359	-6.77051	381.946
-14.1271	-7.35459	1514.36
-14.3263	-10.1671	1793.64
-14.7632	-8.52872	2948.69
-14.7517	-7.09477	1075.61
-14.7936	-8.94341	184.131
-13.9352	-9.65834	276.589
-14.7627	-6.20022	2948.79
-14.9587	-9.57051	328.424
-13.2202	-6.5484	85.4372
-14.9948	-5.74316	2335.72
-13.8208	-9.11279	257.349
-1.82329	-14.873	7.38735
-14.5607	-7.26342	344.871
-14.7579	-6.81406	923.975
-14.2884	-5.19615	1303.99
-14.2674	-8.04449	311.1
-14.6222	-6.66052	1637.59
-14.9938	-9.05277	1153.1
-14.9501	-8.51774	1075.59
-13.9553	-6.26475	1776.81
-14.5796	-6.04874	1720.62
-14.95	-7.44173	1067.55
-14.5978	-8.75372	2316.1
-14.0767	-5.4911	108.048
-14.755	-7.60583	1996.29
-14.754	-4.52912	1531.06
-14.5267	-7.58459	2545.89
-12.4507	-6.05688	125.522
-7.96349	-12.127	26.0206
-14.4563	-6.89738	145.263
-14.4964	-8.78857	2710.11
-14.6897	-5.12044	2451.37
-14.9767	-8.16109	2820.23
-14.3518	-9.39671	1143.58
-13.8755	-7.95063	607.065
-13.9145	-7.32555	1481.58
-14.6662	-5.61157	209.891
-14.8765	-5.69339	136.202
-14.2639	-7.62516	125.332
-12.8153	-6.78025	95.6942
-12.4172	-7.39025	151.036
-14.5652	-6.77247	2736
-14.0873	-7.84135	644.536
-14.9297	-6.17054	103.565
-1.296	-2.57284	55.6395
-14.1217	-8.11933	2574.14
-11.247	-7.97523	297.396
-14.9959	-8.74396	759.515
-14.5025	-7.87095	2297.67
-14.1279	-6.40917	2563.21
-14.2341	-6.4171	1700.34
-14.8141	-8.67669	1268.72
-14.8423	-7.12867	1434.26
-14.8338	-7.39409	1503.43
-14.7143	-7.40231	667.445
-12.1278	-9.16244	204.863
-14.4332	-6.85591	1903.09
-14.4344	-5.35135	2553.28
-14.9089	-7.60736	217.229
-14.0222	-6.20068	2145.09
-14.8859	-7.97058	927.027
-14.5261	-6.72155	1143.18
-14.4951	-8.52247	155.336
-14.8958	-9.56355	119.753
-14.0977	-6.92375	840.879
-9.58825	-5.70766	252.098
-13.3376	-6.53515	1383.55
-14.6112	4.36574	311.283
-14.3196	-9.15584	1504.94
-13.0671	-7.30189	1784.58
-13.6895	-9.07818	123.505
-14.5764	-6.648	121.54
-14.4398	-6.33142	256.188
-14.0321	-7.36668	1706.21
-14.6021	-7.20822	1169.57
-14.4422	-9.44475	368.817
-13.8035	-6.89918	514.871
-14.7378	-3.94906	113.256
-14.4285	-8.5172	1072.22
-13.5163	-8.89204	1130.75
-13.5092	-6.86778	1336.03
-13.9491	-5.67719	2331.99
-13.6877	-8.35397	903.571
-14.9867	-7.83346	1918.44
-14.1436	-8.36268	2315.68
-13.4771	-8.94169	39.2855
-14.7015	-7.86973	2848.88
-14.5242	-7.30024	1041.35
-14.6917	-8.70801	2857.91
-14.6188	-5.96893	1543.3
-14.9799	-9.23838	2945.98
-14.7592	-6.82956	2683.56
-14.1676	-8.33747	754.268
-13.9795	-9.16986	156.275
-14.8088	-9.37767	1715.41
-14.3921	-7.46383	1094.93
-5.14864	-5.17093	23.0244
-14.988	-8.99354	1182.05
-13.8621	-6.21484	1470.34
-14.4264	-5.17671	85.1028
-14.8603	-8.70111	86.946
-14.8148	-4.80245	204.48
-12.1356	-10.9233	28.8457
-14.6519	-6.48334	1095.2
-14.7639	-7.32111	1719.37
-14.8254	-6.6679	1538.55
-14.6893	-7.23497	1492.47
-14.0055	-7.64202	1371.18
-14.2277	-5.51137	1657.05
-14.6882	-9.2968	1786.08
-14.02	-7.56941	421.75
-14.9406	-7.94175	2809.88
-14.8207	-6.15173	916.473
-14.8606	-6.86304	1347.71
-14.3163	-6.02023	759.715
-14.9788	-6.39979	295.367
-14.4576	-5.26355	1654.68
-14.8671	-6.77471	2479.76
-14.9634	-7.15403	2217.3
-14.7915	-5.70655	1685.36
-14.6771	-5.94261	1013.2
-13.1844	-3.15469	155.77
-14.4874	-4.85524	139.18
-14.5949	-8.67919	221.16
-14.1174	-8.65527	635.586
-14.166	-8.01794	1652.16
-13.4703	-5.62659	133.009
-14.927	-7.04737	3060
-13.7797	-6.1029	758.406
-14.4466	-10.8592	785.089
-13.8235	-6.40199	2120.74
-14.8249	-8.16281	3060
-14.2058	-7.44516	222.545
-14.1728	-7.65855	1750.79
-14.6653	-9.56108	2072.03
-14.2115	-9.41713	805.565
-14.7567	-6.32553	1279.97
-13.2889	-9.69454	194.543
-14.8323	-6.68957	900.66
-11.1969	-4.96965	25.4997
-14.8814	-7.44574	2845.29
-13.9946	-9.12251	156.276
-14.1131	-8.53684	896.971
-13.6645	-12.4283	177.808
-14.5856	-4.9657	664.693
-14.9383	-8.61072	76.3515
-14.9278	-7.24188	2467.74
-14.8137	-6.48223	2824.97
-14.924	-7.51577	1321.08
-14.0081	-8.98833	542.557
-13.7519	-8.63745	297.951
-7.64512	-2.24417	71.364
-14.389	-9.58479	338.852
-14.3562	-8.76475	119.364
-14.5537	-7.48343	2140.12
-14.1456	-7.32352	1692.96
-13.5893	-8.13534	1492.84
-14.9215	-9.03816	2777.4
-14.6559	-4.80973	357.872
-14.8191	-4.52244	381.361
-14.2895	-7.69455	875.731
-1.16985	-2.82692	109.556
-14.6607	-8.64453	1775.15
-14.5866	-8.27985	1918.16
-14.1444	-7.16804	2419.13
-14.5743	-6.97741	2017.37
-14.6773	-10.5587	83.7372
-14.8917	-10.3668	1131
-14.761	-6.98818	2696.75
-14.95	-6.06227	561.628
-13.1226	-6.0186	425.249
-14.3705	-9.01412	180.628
-14.5042	-9.2172	311.954
-14.4025	-8.88358	1573.96
-14.5868	-5.86353	921.372
-14.9916	-10.7176	646.799
-14.8847	-7.96615	81.5562
-13.6884	-7.0422	433.211
-14.8675	-8.99441	1195.61
-13.0172	-7.86062	1004.3
-12.8257	-9.12263	327.86
-13.5978	-6.99882	590.841
-12.5173	-7.87691	1112.26
-14.9782	-7.90986	111.636
-14.339	-8.19092	476.371
-14.3175	-8.16747	558.233
-14.1626	-8.10624	521.35
-13.7165	-10.3285	993.724
-13.8568	-6.91411	1413.96
-14.0158	-6.24248	2025.48
-13.3163	-6.55671	164.308
-14.974	-7.10331	2852.18
-14.9564	-6.15823	816.568
-14.8422	-8.14913	613.717
-14.8206	-9.67698	1269.92
-14.5245	-8.14858	1054.37
-14.3765	-8.95145	2575.59
-13.6201	-8.25305	667.193
-14.5342	-8.46026	69.2867
-14.9377	-10.8536	143.257
-14.5811	-6.08819	1781.19
-14.0774	-8.49962	1285.2
-14.7549	-7.12214	2822.77
-14.2548	-6.57582	951.483
-14.6481	-4.16752	103.24
-14.1819	-5.73565	2050.15
-13.748	-8.77424	1785.31
-13.7242	-7.18254	151.002
-13.5479	-7.97826	2165.98
-14.2201	-6.36838	2050.04
-13.8511	-6.96656	807.796
-14.2317	-7.6565	890.429
-13.5117	-7.44025	73.7062
-14.7578	-8.59626	604.694
-13.8167	-6.97314	391.61
-14.8507	-8.04414	780.842
-14.7531	-6.01718	684.135
-12.1455	-8.29162	342.248
-13.2661	-8.88249	1128.39
-13.7994	-8.95941	302.517
-14.117	-6.73752	1637.2
-13.8169	-5.67188	1362.98
-14.1684	-7.96042	285.95
-14.8359	-7.31125	1133.42
-14.8953	-8.39323	1743.67
-13.9728	-5.67959	127.643
-14.3788	-8.71043	1830.69
-14.9483	-7.02251	2511.61
-14.9872	-9.83742	4.49264
-14.0448	-8.64261	215.437
-14.9226	-8.73884	1224.72
-14.2138	-10.4637	373.602
-14.1586	-7.36769	1545.22
-14.0841	-8.80149	656.401
-14.8088	-5.43539	810.854
-14.3701	-7.15216	2419.19
-13.9803	-6.32731	1758.78
-14.0669	-8.94046	482.151
-14.7117	-5.95241	850.75
-14.638	-6.64547	138.105
-12.872	-7.17129	119.555
-14.9989	-8.39912	780.783
-14.8563	-7.09985	1172.49
-14.4968	-6.94377	1888.13
-12.9135	-7.00682	921.048
-12.5215	-9.37608	126.787
-14.8441	-7.24093	614.092
-13.5556	-7.55147	1182.12
-13.4371	-8.57931	1063.58
-12.9945	-7.30137	934.39
-14.6518	-7.71494	2169.47
-14.8425	-6.37252	1701.57
-14.9706	-9.47072	873.987
-13.5392	-6.81271	126.136
-13.8023	-10.945	65.6076
-13.7768	-9.58473	1696.6
-14.6198	-9.28642	1659.77
-14.3686	-6.35326	2572.11
-14.7414	-7.88981	1042.93
-14.8628	-8.32402	542.47
-12.9197	-3.7043	371.324
-13.8028	-9.23197	223.643
-14.8228	-7.87584	445.007
-14.9869	-8.44709	2947.91
-14.9726	-7.42869	1150.23
-14.4336	-6.6018	340.666
-14.5776	-6.40003	1530.17
-13.7719	-8.20465	504.668
-14.0818	-6.89499	122.846
-14.8065	-4.59584	1591.83
-14.5172	-7.19433	1415.06
-14.1289	-6.73889	616.763
-14.6973	-8.31782	458.451
-14.6321	-7.1223	396.286
-14.8605	-9.62229	118.618
-14.5991	-8.29851	370.361
-14.643	-6.73704	162.918
-14.5832	-5.07311	258.655
-14.9297	-7.5349	2065.11
-13.9881	-7.76894	2104.31
-14.8645	-6.99957	524.904
-14.5281	-5.66902	103.479
-14.8271	-6.67494	635.75
-14.9039	-8.00159	2203.96
-14.3515	-5.3093	2024.57
-13.1678	-9.81881	595.381
-12.4165	-9.68653	214.719
-13.8498	-8.36452	683.141
-14.6079	-8.08026	2489.65
-13.9759	-5.25243	633.743
-14.222	-7.29628	915.895
-14.4313	-4.64433	1.64079
-14.6037	-8.95034	2082.9
-14.5391	-8.60604	1174.6
-13.6358	-6.48687	1001.03
-14.3552	-9.73984	587.35
-14.7574	-6.4753	1863.57
-14.5889	-8.25288	1198.68
-14.7257	-6.97295	1186.36
-13.5448	-8.9423	167.915
-14.4445	-5.83159	126.707
-14.3499	-7.60075	1656.19
-14.6113	-6.36748	2307.96
-14.494	-7.99209	1308.5
-14.3954	-9.121	115.876
-14.3368	-8.14974	1176.49
-14.4362	-6.30688	131.401
-13.7677	-5.30953	1894.28
-14.8008	-6.16429	1484.06
-13.909	-6.57475	1795.01
-14.2942	-9.75288	2183.95
-14.4333	-8.61896	555.059
-14.9234	-7.52119	2423.46
-14.2936	-8.19302	1518.16
-14.7866	-5.68678	94.3735
-14.3655	-6.54003	2585.31
-6.60686	6.39588	27.6932
-14.9704	-8.65602	521.546
-14.1505	-8.1863	2606.9
-14.9702	-8.11506	1468.5
-14.8173	-10.1212	317.5
-14.8969	-6.13326	1564.88
-14.3996	-7.16767	157.466
-14.9687	-7.96103	105.82
-13.285	-6.42394	533.534
5.13881	-11.9542	640.946
-14.2254	-8.10928	2461.62
-14.9192	-7.59394	1238.76
-12.3198	4.13958	58.4881
-14.359	-8.1377	885.727
-14.4237	-8.19281	1974.84
-14.8126	-6.80093	2734.73
-13.8275	-8.32506	1688.16
-14.9491	-8.50719	3060
-14.6845	-9.03412	2276.46
-14.5576	-9.13794	172.898
-14.4804	-8.27192	327.321
-13.4542	-6.47595	129.216
-14.4324	-5.93929	435.306
-13.7492	-7.71232	1894.48
-9.33129	-8.25269	103.839
-13.0312	-6.35838	1684.8
-14.6746	-9.0963	378.55
-14.6455	-6.70793	2927.08
-14.05	-5.50098	705.724
-14.7576	-5.70402	1508.19
-14.1214	-5.45665	785.062
-14.1431	-8.80776	463.226
-14.7729	-7.93838	547.088
-14.5823	-9.17661	1960.75
-14.9185	-7.94598	2963
-14.7295	-5.7041	2327.29
-13.8311	-5.99533	921.869
-14.6656	-5.33317	1291.23
-14.2689	-9.70951	2249.19
-14.999	-5.72616	1583.05
-14.7696	-5.44708	172.754
-13.0926	-7.17692	1063.85
-14.727	-5.81979	2570.19
-7.04421	10.1387	393.111
-14.9009	-7.01961	132.481
-14.2009	-9.10704	1161.62
-14.1117	-8.09616	174.573
-14.9865	-8.89444	136.64
-14.99	-6.29787	324.631
-14.452	-7.85955	2281.77
-12.3636	-14.3222	272.825
-11.4741	-8.52995	851.644
-13.9209	-8.24512	619.868
-14.4787	-5.9669	2705.49
-13.4997	-5.70559	482.593
-14.7422	-8.9076	121.176
-13.2308	-7.36813	1414.43
-14.2417	-6.99338	777.747
-14.8088	-6.31864	475.097
-14.3719	-6.72608	2202.3
-14.9314	-8.71694	1935.43
-12.9909	-10.2954	749.004
-13.8721	-7.11172	906.715
-13.6775	-9.43244	141.055
-13.0546	-6.76536	469.712
-14.3641	-5.81284	1728.9
-14.9241	-8.25826	3060
-14.3844	-11.0059	1307.5
-14.9412	-6.6994	2687.5
-13.9102	-10.2865	1670.1
-14.892	-4.76161	1762.65
-14.9049	-6.38098	1745.9
-14.4864	-7.45271	903.298
-13.3378	-8.4134	2159.11
-12.0766	-6.45199	108.724
-14.5913	-8.40366	100.214
-14.9801	-7.56421	1279.82
-13.6005	-7.68464	874.878
-14.7142	-7.06823	198.142
-14.9197	-7.26252	2879
-14.882	-6.6362	1299.45
-14.8115	-8.05063	2285.74
-14.4333	-8.88365	2410.98
-14.8341	-6.7476	912.243
-14.8213	-7.13506	948.762
-14.8053	-4.54044	39.2855
-14.6157	-9.12922	2190.38
-14.3992	-10.4391	1819.15
-13.5694	-9.31899	411.99
-14.7884	-8.89755	370.018
-13.5087	-7.34437	612.33
-14.9013	-6.25331	3060
-14.5685	-8.47765	1303.12
-14.7431	-7.59004	2812.04
-14.4164	-9.50217	1189.26
-14.2392	-8.81978	1301.1
-14.6034	-4.79987	437.69
-14.0725	-6.91754	270.706
-14.8766	-8.73984	899.186
-14.6604	-6.68637	2799.64
-14.2763	-7.8736	340.783
-14.4927	-8.51229	275.51
-14.5195	-6.52823	1512.35
-14.5687	-6.74258	347.822
-14.6856	-5.32372	2310.82
-14.0723	-7.39234	1120.42
-14.1381	-5.2592	1203.13
-14.2497	-7.16685	1756.32
-14.2788	-9.72809	891.883
-14.8539	-8.67724	720.296
-13.7296	-7.88446	881.137
-14.6247	-6.49147	470.143
-13.8079	-8.46122	1636.66
-14.6308	-5.62658	698.732
-14.8609	-6.17554	465.065
-14.7901	-5.59016	2104.21
-14.5942	-7.23454	160.951
-14.7433	-9.82581	153.666
-13.3956	-5.76499	941.911
-14.9252	-7.85326	2431.35
-14.2728	-7.77445	2104.48
-14.7742	-6.4844	747.779
-13.8308	-6.05613	1074.81
-14.736	-5.75449	2659.74
-14.7108	-5.86902	125.476
-14.7644	-7.03453	2914.63
-14.1582	-6.78463	1905.87
-14.228	-7.39149	474.844
-13.5021	-6.99003	138.588
-14.8509	-7.31506	2073.73
-13.2482	-9.96313	146.225
-14.3009	-7.0621	43.6378
-8.46547	-2.99795	113.202
-13.3814	-8.7749	1076.69
-14.7113	-7.01165	630.439
-8.6499	-6.80194	92.7369
-14.4999	-7.68394	1942.61
-14.2001	-7.99009	160.375
-13.5748	-9.23223	127.696
-14.4852	-8.78362	1436.73
-14.9155	-7.41049	1532.27
-11.7906	-2.02883	297.03
-14.9329	-7.07388	132.393
-14.6101	-9.09226	2304.11
-14.1235	-9.8859	1555.13
-13.7344	-7.21498	345.774
-14.3361	-9.43069	1158.15
-14.8002	-8.56759	218.988
-14.6838	-7.02023	509.345
-13.3353	-7.36116	1151.17
-13.5676	-8.30602	1346.87
-14.615	-8.25958	1690.57
-10.7059	-9.22114	6.19578
-14.8996	-9.28016	1836.27
-14.8642	-6.06078	108.173
-14.5691	-5.25281	978.993
-14.8751	-10.4247	690.678
-14.4774	-7.49189	1374.79
-14.2294	-7.91575	355.088
-14.4105	-9.64071	1856.85
-14.7856	-7.40218	1564.38
-6.84356	-4.96511	212.022
-13.8805	-8.40626	590.804
-14.1864	-7.42096	232.98
-14.2999	-2.75342	211.978
-13.7583	-7.08187	108.39
-14.7843	-6.14784	1328.97
-13.6436	-8.56318	452.579
-14.8413	-10.9626	31.316
-14.1462	-8.15822	238.314
-14.933	-5.05622	2332.72
-13.6851	-6.42734	2207.38
-14.2122	-5.85895	538.52
-14.6727	-7.61472	1922.51
-14.0694	-13.2714	225.641
-14.4626	-8.9711	1303.18
-14.5218	-9.36094	507.241
-14.6866	-7.88255	2861.33
-14.4459	-9.01971	174.934
-14.7072	-9.70137	2622.32
-14.0121	-7.82187	1450.1
-14.6307	-6.59804	750.202
-14.6162	-7.64922	887.012
-14.699	-6.36924	775.891
-13.402	-8.17346	179.554
-14.7251	-7.55955	132.212
-14.4736	-7.34785	479.861
-14.9291	-8.13201	1204.39
-14.5699	-7.51497	370.185
-14.3089	-10.7573	1128.96
-14.2407	-9.7657	187.56
-14.0869	-5.80646	578.933
-14.3067	-6.95562	1217.49
-14.6638	-5.8093	2436.43
-14.913	-6.03599	1701.18
-14.2595	-9.38371	158.034
-14.5785	-6.12458	1084.44
-13.3661	-5.5772	801.653
-14.228	-6.60377	163.694
-13.589	-5.66121	63.3586
-14.7038	-5.07969	614.933
-12.8708	-10.4102	195.254
-13.1052	-8.268	1547.52
-14.0683	-7.24976	1840.24
-14.65	-7.99728	977.265
-14.9711	-7.8552	112.495
-14.1602	-7.68168	2638.26
-14.6489	-6.5982	828.5
-14.5977	-6.11148	126.385
-14.5906	-5.62313	1148.39
-11.4489	-7.63366	183.14
-14.7442	-6.2514	34.2907
-14.7904	-7.86985	279.479
-14.097	-8.09274	2515.62
-14.5026	-7.6794	939.03
-13.3661	-5.30214	717.88
-14.6195	-6.27782	217.212
-14.7742	-7.95157	533.147
-14.5754	-7.99557	2751.65
-14.9968	-7.00585	135.988
-14.9216	-5.84332	258.575
-14.8406	-9.32694	753.456
-6.21032	-10.9224	151.715
-14.5585	-8.33615	2218.62
-14.0397	-8.66872	756.514
-12.3804	-6.77285	18.7928
-14.5504	-8.14519	186.98
-14.8599	-8.24564	830.6
-14.7974	-9.57821	781.675
-14.7286	-8.32945	2830.49
-14.4108	-8.95071	464.994
-12.2209	-11.6929	546.245
-14.6631	-6.86528	427.381
-13.5482	-5.66926	329.034
-14.3743	-6.57386	2805.02
-14.6353	-8.25389	1202.36
-3.93897	2.16118	24.4428
-13.2047	-4.26883	113.417
-14.888	-8.65349	1195.96
-14.1636	-6.88598	292.281
-14.905	-9.39786	1985.48
-14.428	-8.09367	1196.53
-14.3807	-7.2704	244.628
-14.9985	-6.81534	2537.09
-14.813	-8.47152	1277.76
-14.4056	-8.7086	1786.71
-13.5155	-9.12875	810.049
-14.6505	-7.93838	1055.53
-1.82851	-5.07501	510.196
-14.5466	-6.55736	189.072
-14.9533	-7.36891	2010.62
-14.9451	-5.48643	1185.58
-14.4787	-8.08062	1339.11
-10.5583	-6.85997	110.343
-13.3737	-6.88993	1607.68
-4.29251	-0.34918	214.951
-13.5232	-6.53605	197.767
-14.072	-5.63983	376.829
-13.9478	-7.4843	2388.29
-14.7485	-5.55423	328.621
-14.0535	-6.31087	1057.55
-14.4681	-6.13277	2707.85
-14.1811	-8.53205	622.539
-13.5944	-8.1196	1234.73
-14.4904	-9.23231	761.719
-14.9212	-8.76219	3060
-14.2763	-8.25824	1418.87
-14.8056	-7.86874	2314.77
-6.6915	-5.96468	174.993
-14.0586	-5.18974	1624.4
-14.3044	-7.87095	792.063
-13.3498	-9.67016	123.696
-14.4854	-7.24135	166.451
-14.427	-6.32712	654.09
-14.6584	-6.08431	237.156
-14.7945	-5.93862	565.365
-14.9609	-7.64653	610.61
-14.7999	-9.79159	122.846
-14.8537	-6.03674	2054.18
-14.8512	-8.29991	2241.32
-14.8009	-6.53564	2127.55
-13.7485	-7.66004	576.719
-14.0787	-7.71493	140.91
-14.7087	-8.23626	496.339
-14.0372	-9.89011	750.402
-14.409	-7.66043	1274.26
-14.375	-10.3612	1286.5
-14.2137	-5.50453	2038.45
-14.9577	-6.44007	2188.32
-14.5465	-6.73547	205.924
-14.9936	-8.36688	1548.27
-13.8065	-9.22935	254.661
-14.5251	-7.36343	1986.78
-14.7926	-9.2219	664.804
-12.7037	-7.461	1025.86
-10.6179	-3.52344	115.636
-14.8955	-7.98705	1465.55
-14.8198	-6.59181	381.146
-14.3989	-7.16253	314.016
-13.8263	-5.91205	967.127
-9.14377	7.76202	279.102
-14.798	-7.75222	493.088
-14.6203	-7.83185	1651.33
-14.6682	-8.76271	1595.7
-14.8462	-10.1008	39.3863
-13.8408	-6.67679	2114.13
-14.2701	-8.16341	1077.33
-10.6832	-12.843	34.2907
-13.6995	-8.40642	546.241
-14.2512	-5.76106	2549.3
-14.7184	-6.57155	2110.02
-14.9045	-6.94966	254.205
-14.7725	-8.70711	430.568
-13.8075	-7.89836	1440.85
-14.3509	-8.69431	150.332
-14.7721	-4.326	108.879
-13.8589	-8.18809	22.5453
-14.1601	-7.11478	1518.36
-14.0693	-8.09147	991.896
-14.3118	-7.17414	1869.91
-14.7735	-5.7658	1102.99
-14.6572	-6.45798	971.792
-14.9466	-7.60134	1601.98
-14.6293	-8.83444	126.25
-14.8329	-5.68848	1021.52
-14.3308	-8.33018	232.758
-13.8564	-7.40247	2189.88
-14.9795	-5.7753	92.502
-14.8462	-6.35362	1464.57
-14.7591	-6.93876	270.797
-14.4745	-7.1697	1571.23
-14.6766	-6.93537	324.306
-14.2025	-7.09051	438.975
-14.7445	-7.52199	1413.76
-14.9587	-5.71789	357.093
-13.1914	-7.51463	120.522
-13.8758	-7.57607	1203.47
-14.7194	-7.17418	1533.55
-14.1697	-5.57104	1454.66
-14.7545	-5.6822	1642.69
-14.0382	-9.26686	142.134
-14.9685	-6.64403	405.368
-14.5689	-8.86618	1390.04
-12.1283	-6.59347	23.6247
-14.645	-6.67039	2960.07
-14.6621	-7.32889	600.427
-14.0556	-5.45858	930.105
-14.3092	-6.74156	638.599
-14.5361	-4.5514	946.862
-14.1471	-6.03397	2060.71
-13.3314	-7.46039	1232.16
-14.4164	-8.67252	2763.09
-14.4623	-6.856	2552.88
-13.8804	-6.1481	2178.1
-14.6446	-8.92428	2730.2
-14.554	-7.82171	489.787
-14.2553	-10.4723	47.2829
-14.9091	-5.71472	1837.36
-14.6138	-7.06367	472.19
-14.9749	-7.34714	510.358
-14.0416	-6.75044	804.729
-13.9868	-9.57594	650.806
-13.3403	-6.74339	19.4341
-13.6136	-7.9601	34.7432
-14.7729	-6.58272	1166.62
-14.9472	-6.07763	1112.1
-14.5093	-8.41933	2354.06
-14.1833	-9.31832	234.222
-14.6751	-4.70459	1227.17
-14.5895	-6.99966	1115.22
-14.7753	-9.0404	1196.53
-14.5465	-7.0616	650.176
-13.867	-7.48833	1511.66
-13.4918	-7.89155	1085.49
-13.47	-8.37939	1794.81
-14.7814	-7.73779	966.388
-14.0412	-7.54381	1773.47
-14.1226	-9.30185	968.539
-14.8343	-8.85942	1118.48
-14.2022	-10.2333	39.3689
-14.0556	-8.69393	136.602
-12.285	-3.4438	40.0223
-14.8058	-9.05869	1491.46
-14.5048	-5.12656	1232.16
-14.832	-7.2512	2905.86
-14.539	-5.6597	298.782
-14.6924	-7.09799	430.813
-12.6201	2.75565	306.011
-14.9499	-6.06692	1750.92
-0.64869	6.17554	262.662
-14.3365	-6.40178	2214.85
-14.8158	-8.8218	658.104
-14.5823	-5.21795	178.669
-14.3573	-8.03645	2017.66
-13.2757	-11.4691	119.973
-14.6692	-6.02349	487.186
-13.7614	-9.9809	153.364
-14.7095	-7.47742	549.756
-14.5159	-7.31524	2836.98
-14.679	-6.5106	2875.13
-14.7547	-10.1244	570.977
-14.3619	-9.69717	573.757
-14.8905	-5.78834	2262.91
-14.7289	-7.8542	605.607
-13.8373	-9.10265	96.8178
-14.6684	-6.25901	124.334
-14.1913	-5.98732	345.532
-11.3659	-13.4117	111.834
-14.5238	-9.58284	2534.82
-14.748	-5.70858	2690.82
-14.4487	-9.46929	133.491
-13.9497	-9.37849	1478.84
-11.8316	-9.55181	164.203
-14.8275	-6.7328	228.793
-14.8182	-8.75878	728.774
-13.7772	-7.75055	505.746
-14.4712	-6.68731	1288.78
-14.216	-7.39137	657.257
-14.8351	-8.94547	2109.9
-14.6462	-6.96848	572.611
-14.841	-7.16491	1098.64
-14.9791	-6.90063	1959.26
-14.3526	-8.24463	2027.91
-14.9229	-8.50417	3020.71
-14.277	-7.85747	255.16
-14.7309	-8.38961	730.402
-13.2829	-8.60316	122.988
-13.3335	-7.78291	673.714
-14.842	-6.21263	109.084
-14.9848	-7.57528	174.648
2.78362	-4.96812	230.187
-14.2324	-7.67367	1355.96
-14.9187	-8.97775	2130.72
-14.5806	-8.10136	1364.74
-14.8226	-8.31729	238.888
-14.5886	-5.85056	167.884
-14.5581	-6.00546	287.855
-13.8594	-6.00878	1407.35
-14.9934	-6.56068	292.183
-13.2397	-8.0766	176.807
-14.4971	-5.23344	782.593
-14.385	-6.7655	754.893
-14.4921	-5.35165	1772.22
-14.6831	-6.45834	593.993
-14.8456	-7.86061	602.985
-14.898	-8.4737	3048.12
-14.9819	-8.63934	2609.39
-14.5948	-5.61548	550.684
-14.5786	-7.62913	472.239
-14.1606	-8.48032	105.31
-14.0289	-6.62783	759.366
-14.9148	-6.29039	677.128
-14.8611	-8.80409	231.658
-13.1234	-9.06044	1541.4
-14.8968	-7.52098	2806.07
-14.7848	-6.09282	1177.06
-14.8258	-4.8444	2049.07
-11.5119	5.42596	66.1052
-14.8371	-7.44188	982.197
-12.8225	-11.3823	166.934
-14.8298	-6.60315	2091.18
-14.3311	-8.85954	1109.04
-13.6054	-6.54579	526.995
-14.6752	-7.98298	148.773
-8.06818	-9.27448	71.1226
2.78841	-2.45508	526.075
-14.4524	-6.24426	2417.47
-14.7085	-7.00048	165.212
-14.9759	-8.6729	220.701
-13.9849	-9.09879	1846.03
-14.4746	-7.8013	811.164
-14.5734	-9.11389	352.705
-14.4456	-8.25511	1486.66
-14.954	-6.50337	157.279
-14.3467	-9.86427	384.348
-13.7732	-6.67241	973.529
-14.0352	-6.09017	1843.13
-14.726	-9.58136	1017.86
-14.9467	-8.77493	87.5222
-14.1047	-9.43196	389.664
-13.3811	-6.99451	767.4
-14.7114	-7.86274	2765.7
-14.4799	-5.73613	1313.93
-13.696	-8.62734	134.78
-14.9086	-8.97867	1115.72
-14.3634	-6.43741	1097.08
-14.0569	-7.41188	1978.67
-13.5402	-5.89266	985.172
-14.7485	-8.07857	108.234
-14.6514	-6.49729	2331.97
-14.6647	-6.93408	1628.45
-13.3449	-8.46994	385.544
-14.1994	-8.3571	133.483
-14.7768	-7.43198	2648.93
-14.7975	-8.5592	1441.93
-14.8452	-6.18844	3060
-14.9759	-8.65421	411.393
-14.6136	-7.83615	117.633
-13.6997	-8.88999	96.2379
-13.5913	-7.88216	1507.89
-14.5977	-8.06611	1777.58
-10.3504	-12.5712	135.568
-14.4519	-5.40103	2136.92
-14.849	-5.62816	1761.72
-14.213	-7.65235	1297.48
-13.082	-9.03217	1439.44
-14.687	-9.02636	2509.61
2.11004	3.36397	280.286
-14.7883	-5.58206	2142.33
-14.8811	-6.26689	642.206
-14.3194	-6.23337	1852.58
-14.9791	-6.43661	331.388
-14.6781	-14.9645	36.0483
-14.4842	-7.69465	1043.56
-14.8592	-8.22212	2825.59
-13.7915	-7.01741	419.77
-14.7838	-9.14145	1801.26
-13.4857	-7.22574	910.446
-14.9814	-8.87567	498.026
-14.9423	-8.53777	228.355
-14.4331	-8.15969	129.9
-13.9613	-6.69467	393.168
-13.312	-7.56481	1628.77
-13.9652	-9.17801	2169.67
-13.2311	-7.80426	1238.52
-14.5705	-10.5528	379.47
-14.8037	-11.611	121.673
-6.59318	4.12582	324.57
-14.3969	-6.31022	181.271
-11.1614	-4.08569	119.171
-13.9832	-8.46783	1147.66
-14.0627	-6.37165	405.56
-14.7593	-8.67907	841.53
-13.7217	-9.86117	1551.05
-14.6731	-4.81971	410.206
-14.8172	-8.12943	3060
-14.415	-9.71918	153.984
-14.4434	-5.82485	746.699
-14.3082	-7.15851	600.589
-14.5638	-5.55714	2243.28
-14.6819	-6.28059	376.434
-14.7488	-6.669	767.778
-14.8538	-5.7876	2623.56
-14.1645	-5.58736	330.524
-14.4111	-7.05935	2506.94
-14.928	-8.42829	218.974
-14.5057	-9.80608	34.7432
-13.6344	-6.20908	128.115
-14.5161	-8.62086	859.658
-13.1991	-6.19928	1135.21
-14.6151	-5.76439	714.693
-13.6673	-6.13615	201.132
-14.9712	-7.85228	502.232
-14.4247	-5.60946	163.488
-13.0991	-8.1155	1201.53
-14.0065	-7.64099	2520.08
-14.6614	-7.36147	2006.42
-13.8021	-8.41025	1537.89
-14.5112	-8.53624	1864.59
-14.993	-8.08025	3060
-13.8827	-7.01986	39.1961
-14.7822	-6.00294	263.323
-14.0007	-9.01659	1135.57
-14.2583	-8.28651	1034.16
-14.8015	-7.34022	161.328
-14.8668	-7.22515	2758.88
-14.5143	-9.21785	1945.31
-14.3423	-8.66576	2618.87
-14.9224	-9.66315	155.446
-14.4619	-7.12005	1206.7
-14.8568	-4.81428	682.744
-14.9343	-8.68755	154.815
-14.6293	-9.20487	741.869
-14.0359	-5.64869	654.041
-14.5349	-6.31592	1922.62
-14.5961	-7.60837	136.085
-14.5755	-5.72131	1446.41
-13.8021	-7.17606	1160.92
-13.3956	-7.37619	95.1194
-13.8436	-6.31671	486.169
-14.396	-6.23436	1428.82
-13.9618	-8.34276	78.4451
-14.4988	-7.5776	846.103
-10.0893	-14.4488	202.568
-14.5066	-9.02166	148.295
-12.8169	-2.88367	830.731
-14.4105	-8.55178	652.076
-14.9973	-6.18183	3060
-14.8572	-7.19617	941.987
-14.8558	-11.133	42.5303
-13.7524	-3.83698	84.4551
-14.9563	-7.39044	300.361
-14.9044	-7.60338	1456.51
-14.1235	-8.9264	1537.02
-14.1568	-8.03872	1911.14
-13.7764	-7.11713	1662.72
-14.2792	-7.24168	1325.21
-14.6802	-6.52504	309.434
-14.4582	-6.68863	1476.86
-14.6237	-6.04121	2067.17
-14.7581	-9.14971	711.76
-13.3064	-8.21656	1448.75
-14.3677	-4.78624	1103.66
-14.3515	-7.3753	128.575
-14.7177	-8.24159	342.772
-14.8751	-8.08996	1052.5
-14.7712	-7.08004	447.836
-14.9521	-6.90921	279.377
-14.9559	-6.52948	3060
-14.8494	-6.80903	205.88
-13.7498	-8.33375	621.436
-14.3155	-7.57716	1593
-14.0903	-7.22483	459.262
-14.8396	-7.54526	124.804
-14.1549	-4.78618	1756.96
-14.6519	-8.73644	1518.91
-14.8902	-7.88454	3060
-14.9006	-14.3419	39.7133
-14.7529	-6.9945	788.904
-14.8835	-6.35097	3060
-13.0974	-6.90104	1471.97
-14.5579	-9.69644	1896
-14.7934	-6.21443	516.61
-13.8606	-6.43377	1365.81
-14.2711	-8.92318	100.585
-6.3945	-13.06	111.356
-12.0882	-9.28085	107.02
-14.2244	-7.7238	799.457
-14.8546	-5.95531	1105.34
-14.7949	-5.62257	1590.86
-14.1617	-6.92538	141.034
-14.7837	-13.3922	158.307
-14.8367	-9.70496	227.093
-14.6928	-5.54761	849.371
-14.5017	-8.78243	2354.68
-9.35148	-2.00681	179.729
-14.587	-7.35854	565.58
-14.2298	-5.44388	98.6556
-14.8276	-7.57933	2937.62
-13.522	-5.73732	984.737
-14.0462	-5.54093	224.494
-14.4204	-8.75402	307.263
-13.9345	-6.25967	233.585
-14.569	-7.33193	984.121
-13.8361	-6.21551	457.985
-14.8346	-9.70443	149.57
-14.8528	-7.78188	212.362
-12.8684	-13.012	178.629
-14.837	-6.10711	780.683
-14.0628	-6.14067	1406.62
-14.465	-6.01707	1153.12
-13.8396	-8.65939	1454.36
-14.6356	-8.10734	1421.65
-14.8426	-9.53082	582.266
-9.9518	-3.39262	42.1718
-13.7091	-7.13964	1821.92
-13.8572	-8.15242	233.01
-14.4795	-7.51809	2855.12
-14.2752	-8.93446	2635.85
-12.8934	-5.13115	745.912
-14.8043	-9.97923	509.555
-14.9198	-8.99603	3060
-14.9394	-5.48832	2338.48
-13.7406	-7.99082	730.582
-14.7314	-4.01262	1439.59
-14.9691	-8.87652	395.19
-14.5132	-5.43477	117.963
-14.1312	-8.71821	246.072
-14.9582	-7.68393	2770.6
-14.2392	-7.83314	206.998
-13.9893	-6.881	706.437
-14.9148	-9.25916	2350.49
-14.3966	-9.57474	1030.65
-14.1145	-7.48265	860.646
-13.9548	-7.65954	1275.55
-13.7866	-8.31054	761.002
-13.8674	-8.44223	1678.63
-14.8359	-7.01657	498.471
-13.7283	-9.29986	1462.87
-12.7352	-8.07459	123.542
-13.524	-8.48681	1521.47
-14.2924	-7.28317	624.064
-14.289	-6.17663	424.021
-14.4119	-6.90429	842.556
-14.8109	-5.35476	937.271
-14.6154	-6.1969	239.788
-12.2194	-1.20014	75.4828
-14.08	-7.80034	1218.23
-14.9423	-8.49135	504.714
-13.094	-7.14675	569.867
-14.3845	-8.90636	2237.89
-14.9783	-6.92359	1970.36
-14.5414	-6.88504	117.755
-14.906	-5.84637	1058.18
-14.7352	-6.54151	192.355
-14.8617	-6.96198	259.176
-14.5355	-6.91066	1340.26
-14.4646	-7.44065	548.576
-14.9657	-7.42612	989.405
-14.8365	-7.05107	186.92
-14.9546	-8.83682	2682.25
-14.7517	-8.18346	1174.88
-14.0567	-9.37839	1155.17
-14.3539	-8.17407	534.423
-14.8938	-7.05601	1439.13
-14.4972	6.45717	31.457
-14.3809	-5.79243	1585.63
-13.9835	-9.3723	298.033
-13.7774	-8.60374	34.7432
-13.4283	-7.61691	604.089
-12.8205	-7.85777	175.502
-13.5455	-1.10391	183.122
-13.8653	-7.1379	34.7432
-14.9131	-8.7124	2397.03
-13.1547	-11.0108	105.323
-14.6901	-7.5714	2931.69
-13.8669	-5.51397	282.573
-14.2342	-9.23578	203.847
-14.5246	-8.07536	653.128
-13.5245	-7.71614	1959.94
-14.6576	-7.22895	2612.82
-14.5799	-7.40999	1103.88
-10.1233	-13.69	858.866
-13.4379	-6.65692	923.847
-13.8967	-8.88419	1929.4
-14.255	-6.75429	2582.3
-13.4377	-7.37114	561.318
-14.5009	-9.64292	1553.12
-14.7148	-8.86249	2941.4
-14.1626	-4.72681	621.331
-14.5771	-4.81378	1264.77
-7.5778	-2.61268	12.1419
-13.3137	-6.75738	621.324
-14.6394	-8.1493	1154.19
-14.1579	-7.73513	1794.74
-14.0569	-6.51595	2352.9
-13.3959	-9.34748	135.828
-13.1538	-3.10227	126.33
-14.7857	-6.96515	259.99
-14.2075	-8.30036	1818.66
-14.2214	-6.60476	1028.02
-14.5773	-7.01471	390.68
-14.7442	-7.73515	3060
-13.8807	-5.90453	1577.35
-14.7589	-9.50656	904.506
-14.9532	-6.62899	1134.41
-14.7494	-8.67551	1761.77
-14.6637	-6.21465	429.001
-7.01825	5.15942	590.941
-13.7169	-7.05666	259.498
-14.7842	-7.00091	678.409
-14.9806	-7.87526	886.436
-13.639	-8.67846	732.214
-14.9686	-8.29287	2565.81
-14.806	-8.12173	2748.3
-14.8871	-7.95603	1542.65
-14.8473	-5.65141	432.75
-14.9645	-7.97041	2768.62
-14.9387	-7.12541	1097.06
-13.8698	-6.44347	457.377
-14.876	-6.06743	473.594
-14.9114	-8.10061	216.833
-14.5284	-8.09294	2154.7
-13.6795	-6.71144	290.463
-14.2544	-7.26411	496.077
-14.8712	-7.27706	951.113
-14.585	-5.99585	907.2
-13.7066	-6.37366	991.159
-13.94	-9.31021	34.7067
-14.4939	-5.84262	604.025
-14.8035	-9.29581	689.394
-13.9398	-8.11657	2164.86
-14.8017	-6.51069	1520.08
-13.6831	-8.39401	1668.37
-13.9083	-7.12239	2089.98
-13.921	-5.90124	307.283
-14.6585	-5.86298	1041.92
-14.686	-6.9237	262.554
-12.9536	-6.35974	92.0361
-14.4448	-8.16669	1997.24
-13.4226	-5.57039	1085.84
-14.1224	-4.98422	892.781
-13.7763	-5.98716	1262.23
-14.9585	-6.24547	2726.14
-12.7995	-6.89504	34.204
-14.3961	-7.37818	253.075
-14.6219	-6.24183	448.068
-14.8704	-8.17553	446.35
-14.8909	-8.15896	98.0641
-14.9962	-8.6938	34.7432
-14.6261	-8.45744	808.416
-14.1015	-8.35819	1013.25
-14.9972	-7.27436	1145.49
-10.2225	-9.08663	39.2855
-13.1522	-6.21219	207.691
-14.7131	-7.69827	528.234
-14.8414	-6.97703	173.494
-14.5815	-8.39488	1043.4
-12.8445	-7.44702	763.493
-14.5574	-7.36959	1648.79
-13.93	-6.88762	1087.08
-14.9986	-7.04947	66.2742
-14.7891	-7.55796	1481.43
-14.7752	-7.31261	1793.7
-14.6597	-9.55111	420.975
-14.0086	-8.83265	1521.97
-14.9561	-7.47338	2566.66
-14.1509	-7.63381	873.142
-14.3053	-7.56284	1192.72
-14.9706	-6.5879	3060
-14.2118	-5.22233	157.137
-14.3812	-7.50803	862.986
-14.0657	-9.28906	1949.8
-14.6756	-10.5537	279.459
-14.0687	-8.23764	565.345
-14.9734	-9.77143	2130.76
-14.9351	-5.65859	2184.18
-14.9182	-7.93488	3060
-14.1761	-8.89342	2503.3
-14.9709	-7.42065	1869.52
-14.0159	-2.23697	81.1164
-14.9629	-6.43527	3055.19
-14.2217	-8.6374	418.216
-14.4177	-9.97452	1065.43
-14.4501	-5.80485	984.366
-13.6811	-7.29358	425.458
-12.2646	-12.3596	166.74
-13.3611	-7.61065	759.991
-14.6264	-8.24677	1271.5
-13.4856	-6.57204	34.2907
-13.6574	-6.85512	1525.85
-14.8549	-5.07444	1559.72
-14.5888	-9.27184	1369.1
-14.7863	-7.91612	184.831
-14.0904	-6.27997	11.8814
-13.5906	-8.28924	1135.27
-14.9374	-7.45902	1364.35
-14.6827	-5.84629	1453.25
-14.7903	-8.28116	918.559
-14.6275	-5.44194	2264.21
-14.5516	-8.39234	307.934
-9.95214	-8.19771	27.8702
-14.6752	-6.01603	2764.45
-14.7283	-8.24406	1491.01
-14.7332	-9.49013	120.66
-14.8529	-6.05007	807.47
-14.9064	-7.22532	3060
-14.136	-5.6764	1366.39
-14.8173	-8.16261	2889.69
-14.7205	-9.99717	1108.35
-13.6869	-7.95881	804.295
-14.9283	-8.09051	443.377
-14.6874	-6.13806	3060
-13.3833	-8.4085	279.849
-13.8758	-6.76182	1742.4
-14.8873	-7.66607	1079.79
-14.8869	-8.41151	2761.95
-13.7496	-6.16983	404.149
-14.7115	-9.38209	919.087
-14.1413	-7.83449	2042.9
-14.032	-6.80204	1758.83
-14.9075	-7.6498	654.615
-14.8926	-7.02074	2571.9
-14.869	-5.08499	1318.48
-13.6098	-9.08172	1903.92
-14.5309	-6.94505	2049.12
-13.2828	-8.10598	852.025
-13.6684	-6.86858	1218.85
-13.8688	-6.03604	491.052
-14.9568	-7.43656	3060
-14.8874	-6.65364	705.026
-14.5551	-8.39675	124.512
-12.4183	-11.1658	160.2
-13.686	-7.69584	1399.44
-12.0278	-10.3182	154.989
-14.9689	-9.35826	2340.38
-14.2933	-7.61219	440.923
-14.5995	-6.77492	2560.64
-14.7904	-5.08354	113.572
-13.7646	-6.51182	1152.08
-14.9943	-8.60101	1687.42
-14.877	-6.93303	2706.23
-14.0693	-6.7348	2163.98
-14.2089	-9.14494	95.5548
-14.9079	-4.89247	1377.72
-14.6827	-9.91861	1661.75
-14.8723	-5.19578	1719.1
-14.1113	-6.9602	2007.37
-14.5202	-6.15587	1323.77
-14.6136	-6.33395	378.718
-13.8869	-10.6218	10.8924
-14.9782	-8.99357	2564.94
-14.6475	-7.64458	1001.12
-14.1931	-6.16973	307.04
-14.6394	-6.41381	2892.21
-14.4204	-7.9094	1242.74
-14.7625	-5.95158	926.778
-14.3806	-7.42998	914.038
-14.9052	-9.00624	114.315
-14.6723	-7.37319	860.629
-14.4122	-7.73217	309.891
-14.0078	-7.48246	1793.29
-14.9675	-8.35315	3060
-13.5063	-9.12907	116.527
-13.8417	-4.87495	1065.38
-14.4154	-4.86635	46.3313
-14.0182	-7.17515	161.156
-14.7973	-8.63446	785.687
-14.7004	-9.23338	1075.77
-14.7426	-7.9763	1461.73
-14.8183	-8.15687	1035.72
-12.7896	-7.5032	1102.84
-14.6653	-6.7152	133.305
-14.2201	-7.34839	1434.03
-14.9844	-8.40293	382.661
-14.5438	-8.3685	2759.63
-14.578	-8.7441	2224.72
-14.0227	-5.74071	1323.71
-14.1231	-7.66496	276.868
-14.7507	-5.61718	1236.67
-13.9353	-7.12633	409.531
-13.6872	-8.41486	149.767
-12.1953	-11.1372	166.422
-14.652	-6.42412	79.2059
-14.4293	-7.18309	1298.76
-14.9024	-6.98554	2747.42
-14.2467	-6.35012	480.394
-13.4137	-7.91619	1840.34
-13.6539	-6.43993	707.898
-14.8325	-6.54804	1895.55
-14.1658	-9.42303	34.7432
-14.8373	-8.65381	477.453
-13.9442	-7.84094	281.472
-14.2636	-7.08954	1962.37
-12.5021	-5.94125	924.535
-14.7023	-6.48316	729.703
-14.8969	-8.88848	2903.19
-14.3012	-8.02875	85.7234
-14.7275	-7.86401	2589.5
-14.5183	-7.45723	2689.56
-14.4606	-7.8665	1578.72
-14.8162	-9.31157	278.653
-13.7523	-6.47293	634.913
-14.7622	-5.225	1787.46
-14.8322	-6.7092	2249.16
-14.0853	-5.74074	2305.69
-14.8203	-4.55773	718.403
-14.8783	-9.43878	2087.82
-12.5015	-6.77413	172.848
-14.9274	-6.19065	625.019
-14.6918	-8.62369	508.797
-14.9375	-9.69448	729.949
-13.8971	-5.13407	738.535
-13.5592	-6.38334	122.946
-14.2564	-7.29679	300.696
-7.67127	-5.40212	186.907
-14.318	-9.411	66.063
-13.5379	-10.206	585.445
-14.7477	-6.34999	1096.84
-14.472	-5.77545	1680.37
-13.8577	-8.43673	1976.32
-13.5769	-8.51868	551.534
-14.5923	-7.75506	2523.48
-13.4561	-8.81069	805.002
-14.1609	-7.14119	2299.3
-14.3286	-6.35919	406.913
-14.1931	-6.56437	979.086
-14.4621	-9.24092	838.044
-14.8326	-9.03083	3060
-13.1928	-7.08895	103.434
-13.2216	0.49213	114.136
-14.5612	-8.52013	411.872
-14.9574	-7.80037	956.379
-14.9806	-6.76308	639.422
-14.1023	-5.91425	1958.76
-14.1006	-5.32313	1550.19
-14.4054	-6.93498	820.116
-14.9744	-6.82215	2339.22
-14.1307	-9.5845	240.531
-14.8442	-6.91505	83.0661
-14.8918	-8.07932	441.779
-14.356	-8.96927	455.191
-0.31203	-4.46477	89.5152
-14.8035	-9.47746	352.718
-13.8105	-7.73899	1996.63
-13.7081	-8.46234	349.194
-13.6199	-7.50555	713.379
-14.68	-6.38102	317.662
-14.6061	-6.48542	194.269
-13.1559	-7.75997	1452.13
-14.2806	-8.91261	776.066
-14.0813	-7.6557	2616.16
-14.3233	-8.2343	1799.97
9.93061	-1.1399	34.7432
-14.2777	-7.78164	41.1727
-14.4815	-7.62396	1551.81
-14.8599	-8.80222	2959.17
-14.689	-7.63908	145.398
-14.913	-9.10131	1279.48
-14.93	-8.0856	1566.7
-14.3972	-6.40835	88.3177
-14.7968	-8.00242	930.298
-14.8846	-8.56436	990.35
-12.865	-7.98601	430.584
-14.8436	-6.82977	1439.64
-13.6728	-8.50084	128.446
-14.663	-10.1803	1826.12
-13.5776	-9.20033	751.634
-12.9227	-9.76627	143.964
-8.76298	-7.98673	318.86
-14.2915	-6.07166	2312.14
-14.7867	-7.97999	2841.93
-13.4528	-7.20258	980.098
-14.0658	-7.04318	1566.55
-9.92655	-3.45795	402.265
-14.8695	-6.33013	2337.46
-14.6759	-8.6253	2122.5
-14.7927	-9.0712	897.507
-14.8001	-7.56568	1856.88
-14.5865	-8.61301	160.798
-14.3328	-6.01603	1335.43
-14.6447	-8.60264	383.309
-14.2329	-6.50139	2634.17
-13.4855	-8.73287	128.823
-14.2396	-7.23027	2672.16
-6.93158	-12.2512	103.678
-14.3455	-6.52287	293.097
-13.5438	-6.63906	461.906
-4.72941	9.94543	24.6339
-14.4769	-6.96086	1258.85
-13.6991	-9.84353	318.59
-14.9733	-8.2211	2459.77
-14.7734	-5.9185	34.5268
-14.5109	-6.36189	56.9772
-13.5419	-8.52019	331.797
-14.9442	-7.61962	764.53
-13.8655	-8.94363	1621.99
-14.8377	-9.12248	2676.74
-14.9715	-8.03145	1019.41
-14.3048	-5.61807	605.025
-14.822	-9.33741	2387.94
-14.901	-7.67941	287.935
-14.053	-6.70113	226.521
-14.1447	-9.56166	133.399
-12.3102	-5.12806	367.508
-13.8716	-6.89681	518.81
-14.8544	-7.57188	235.947
-14.9815	-6.50671	1614.56
-13.3894	-6.79898	494.006
-13.969	-7.06548	1170.65
-14.0694	-10.0703	219.746
-14.3789	-8.06454	1658.3
-14.9642	-7.77659	1866.24
-14.5097	-6.976	2006.05
-14.6884	-6.39629	1780.26
-14.8862	-6.5453	139.264
-14.1435	-6.97078	1671.49
-13.6083	-5.8636	607.989
-14.3504	-9.00938	687.387
-14.9709	-7.86218	679.804
-14.6032	-7.24587	76.9847
-14.1242	-8.12706	1866.67
-13.5695	-7.44625	591.18
-14.156	-6.84869	99.5058
-14.992	-6.19721	1135.59
-1.16047	-8.97551	96.6108
-14.2529	-6.23678	973.217
-14.1749	-8.16019	250.456
-13.9599	-7.63189	138.555
-14.8597	-6.18872	830.739
-14.955	-5.33352	660.694
-14.4465	-8.89674	439.6
-14.7524	-7.08285	1416.3
-4.74569	12.3612	63.3145
-14.3032	-7.03955	226.497
-14.5391	-7.31967	568.577
-14.5868	-8.6085	1036.72
-14.8791	-9.33581	238.407
-13.869	-5.09001	720.936
-14.6092	-7.8776	2860.87
-13.0755	-10.2164	195.063
-14.3126	-8.08626	599.679
-13.3886	-8.42851	1796.21
-14.7555	-6.67532	1800.58
-14.0262	-7.13471	69.9308
-14.9425	-8.93473	2757.49
-14.2003	-7.33701	2208.51
-14.6094	-7.52586	595.81
-11.7183	-6.7199	173.524
-14.3398	-7.96042	659.157
-14.8418	-8.44248	106.057
-14.5056	-8.06675	2736.48
-13.3391	-7.6273	2059.91
-12.9768	-5.00052	115.673
-13.8613	-6.55055	211.682
-13.3893	-8.10422	1948.73
-13.9914	-6.70367	1082.06
-14.4095	-5.43305	1061.9
-14.9308	-6.54004	244.797
-8.89512	1.40894	110.611
-14.409	-7.87959	312.288
-14.226	-7.46328	2244.27
-14.2398	-6.59344	2592.64
-14.7636	-7.32128	1189.1
-13.5504	-6.98872	80.7683
-14.9966	-10.4778	2022.43
-14.3393	-6.60237	254.065
-14.815	-7.80595	34.7432
-7.57344	-6.75849	158.74
-14.8751	-7.40692	389.006
-14.8799	-8.70255	605.411
-14.0688	-5.79034	1673.73
-13.9953	-5.43029	351.176
-14.1966	-10.7413	159.958
-14.481	-7.71477	2241.58
-14.5111	-7.85148	1284.43
-14.4255	-8.5052	1439.06
14.8404	2.41054	5.51046
-14.137	-7.29051	685.541
-14.493	-7.13665	1393.95
-13.6763	-5.6298	1669.27
-14.4902	-9.13396	1548.23
-13.552	-9.04733	2078.7
-14.7803	-6.5144	120.405
-13.5894	-8.0334	91.7894
-13.5804	-6.2865	1118.38
-13.3559	-7.51928	107.77
-14.5031	-5.40705	1470.76
-14.9604	-9.07172	612.643
-13.8946	-5.91554	920.686
-14.9765	-7.51556	245.473
-14.2583	-7.0317	2550.2
-14.7428	-7.81166	2905.2
-14.1603	-3.32104	167.994
-14.6499	-5.83738	311.126
-14.7789	-6.25336	1525.92
-14.7471	-8.40163	98.3738
-14.5602	-6.48028	140.909
-14.7861	-6.66228	954.727
-9.03944	-12.6518	86.5622
-14.5708	-10.2646	1768.77
-14.9152	-6.57335	3060
-14.5701	-5.79167	1175.19
-14.7809	-8.6407	2444.85
-12.9622	-6.60254	158.479
-14.6104	-7.00022	2671.31
-14.2459	-6.15877	2258.81
-14.014	-7.63976	753.472
-14.2769	-8.69947	498.224
-14.662	-5.87695	865.728
-7.84597	7.21612	116.156
-14.8632	-9.76101	1508.87
-13.8792	-7.6912	769.387
-14.1932	-5.48311	1540.59
-14.2019	-6.27644	2428.21
-13.608	-5.3796	1916.19
-13.4261	-8.70979	1740.52
-14.8139	-10.1597	2211.91
-14.6938	-6.89982	2030.65
-14.3771	-9.63985	512.681
-14.1412	-5.83222	150.577
-14.4199	-10.6866	105.902
-13.7712	-6.11993	280.892
-14.8319	-8.10699	1458.5
-14.8948	-4.29127	1590.15
-14.8439	-8.32741	1428.03
-14.2506	-7.29269	2393.96
-14.6298	-7.46585	1949.98
-14.8339	-5.58967	177.149
-14.2864	-7.16155	2573.38
-14.7768	-13.1502	248.36
-14.3222	-7.31393	1987.1
-13.9154	-9.55074	1217.38
-14.0604	-6.75213	2473.47
-14.5604	-6.59712	2239.87
-14.5333	-8.83348	657.489
-14.328	-8.16451	1220.3
-14.7384	-6.87267	518.847
-14.7125	-9.26848	132.777
-14.324	-8.65996	446.882
-14.6999	-7.21484	1277.48
-14.9805	-8.1821	1019.05
-14.948	-8.91429	682.854
-14.2568	-7.14444	106.365
-14.7861	-8.37698	2948.53
-14.1342	-6.75238	1525.09
-12.6062	-5.19951	694.819
-10.972	-9.13235	120.366
-14.3498	-5.90156	1956.41
-14.8548	-8.28068	3060
-14.937	-8.53229	3060
-14.6931	-4.99935	1830.1
-11.2999	-8.76966	52.9365
-14.6107	-8.01631	148.722
-14.0722	-5.87836	201.681
-14.6438	-5.68984	1793.02
-13.5582	-4.20753	305.576
-12.9369	-7.28313	785.704
-14.8428	-8.10408	862.28
-12.9189	-9.72884	1088.61
-14.0805	-7.96572	2491.19
-14.6793	-8.97821	713.232
-14.6761	-8.14283	2871.69
-13.8066	-8.45341	1984.95
-14.5951	-6.23772	865.617
-11.4628	-7.48948	46.6595
-14.1486	-7.02243	1817.17
-14.4167	-6.28545	257.27
-14.8242	-8.68767	359.865
-14.2258	-6.95517	2201.7
-14.6483	-7.41385	120.133
-14.0991	-9.49007	1625.1
-14.7959	-10.3062	1750.24
-13.2696	-6.71667	796.743
-13.9551	-8.8898	1485.11
-12.8394	-7.13059	715.324
-13.6834	-9.11607	1283.81
-13.7311	-6.81237	1069.11
-14.6753	-4.76426	563.494
-14.9826	-3.82002	1079.65
-14.5613	-7.39354	552.098
-14.7726	-5.30669	311.424
-14.0348	-7.29614	418.88
-14.2319	-9.80824	314.663
-10.34	-5.49105	142.182
-14.7826	-6.91148	2886.09
-14.2169	-3.34355	202.671
-10.3473	1.20105	179.692
-14.6574	-7.42936	1831.85
-14.4758	-10.052	673.992
-13.0115	-9.39739	1570.15
-13.4801	-9.18633	912.42
-14.9055	-6.53936	272.378
-14.0966	-9.22152	1351.72
-14.4453	-8.00359	716.581
-12.9449	-9.95749	149.188
-14.7627	-5.99507	148.192
-14.3037	-7.04485	1087.26
-12.5038	-5.6404	1023.13
-14.1439	-8.44924	2283.27
-14.9278	-7.72729	659.787
-14.912	-7.92232	235.996
-14.8026	-5.98069	2766.63
-14.4673	-8.5964	120.567
-14.6738	-6.40489	703.063
-14.1325	-7.67007	712.089
-14.949	-7.99536	726.943
-14.934	-9.30101	232.058
-12.6779	-3.91097	122.113
-14.6626	-7.14989	2182.68
-14.8493	-7.0474	392.342
-14.7596	-6.38705	1384.96
-14.411	-5.06033	375.492
-14.613	-7.39668	1595.55
-13.5811	-7.49914	1773.66
9.97057	13.6115	0.133541
-14.7209	-5.82313	1827.77
-13.2331	-6.18552	1020.15
-14.8042	-5.96346	1620.54
-14.5053	-8.06763	502.79
-11.9451	1.12225	227.872
-14.6223	-5.64633	812.643
-9.52608	7.7851	119.935
-14.4629	-6.77263	264.077
-14.0614	-8.80294	2243.46
-14.6931	-6.42267	136.15
-14.4911	-7.7423	1390.73
-14.9499	-13.3342	179.611
-14.32	-6.7135	107.712
-14.5696	-7.64738	1495.84
-14.6919	-6.6896	1245.96
-14.1836	-7.33536	149.055
-13.9651	-9.24638	1137.34
-14.9944	-9.44102	915.677
-14.8432	-8.64447	1371.04
2.12558	-12.2854	295.616
-14.4631	-6.2872	326.161
-13.8024	-6.24558	372.523
-13.3073	-7.10814	1060.31
-14.7557	-5.08457	67.6635
-14.9048	-6.67849	2140.78
-12.0435	-8.68485	203.353
-14.9147	-6.33322	2247.51
-14.9203	-9.24422	707.852
-13.9805	-10.8612	104.239
-14.7541	-7.61421	2741.63
-14.5816	-6.76554	503.664
-14.8566	-8.58039	2680.57
-14.7486	-6.17156	1851.98
-3.94315	-7.80835	165.6
-14.558	-5.61815	528.163
-13.1502	-8.83112	1265.81
-14.9963	-6.67633	143.741
-14.385	-7.33064	1138.99
-14.9726	-6.83414	2350.56
-14.1394	-8.85061	235.429
-14.5531	-6.12354	513.751
-14.3245	-7.3636	467.419
-13.5157	-7.90588	150.847
-14.913	-7.97189	695.953
-14.2816	-6.08932	1803.08
-14.0793	-9.50531	1007.84
-13.7064	-5.67164	326.378
-13.9786	-4.40603	164.279
-14.0618	-8.42746	152.619
-14.3719	-5.86992	2327.67
-14.6786	-5.92913	330.261
-14.3765	-8.73947	2499.84
-14.8902	-9.10759	2573.43
-12.8736	-6.4888	1023.98
-14.4682	-7.74198	76.4801
-14.8812	-10.4415	1817.92
-13.2181	-9.7383	489.919
-14.9788	-7.55975	120.248
-14.2546	-7.63905	591.174
-13.9622	-7.52831	1377.88
-14.4637	-7.12565	632.317
-14.1358	-9.63276	569.333
-14.5362	-6.07614	326.909
4.05705	-14.3905	119.43
12.1908	-3.60492	681.585
-14.619	-9.01864	361.831
-14.3974	-6.59427	551.965
-14.6643	-7.18177	182.798
-14.2112	-8.45979	858.114
-14.7021	-10.1448	1627.85
-13.8477	-9.14457	1288.53
-14.7349	-10.0565	1211.83
-13.395	-8.1789	357.91
-13.6088	-9.69792	86.4988
-14.7187	-6.44015	2572.68
-14.6831	-6.40501	388.141
-14.6924	-7.27666	389.22
-14.9383	-6.87843	1148.62
-13.9401	-6.65222	100.404
-7.52893	-6.26098	687.812
-14.5654	-9.01705	1059.33
-13.9901	-9.23382	338.143
-14.9432	-9.0053	2815.35
-14.6602	-8.34349	131.042
-13.2388	-5.66088	70.137
-13.447	-8.87828	229.366
-14.6344	-8.52815	104.901
-13.7017	-6.49404	137.792
-12.9497	-8.60859	855.998
-14.947	-8.20637	977.52
-13.918	-6.25646	651.889
-14.847	-8.6329	1151.68
-12.4943	-10.0815	261.985
-13.6085	-3.5093	950.657
-14.6026	-9.83893	112.548
-13.4624	-6.072	1533.1
-7.28108	-6.72496	158.895
-12.3114	-0.99101	111.311
-14.9944	-9.07406	667.039
-13.4991	-9.2265	1539.98
-14.7102	-4.48404	107.614
-14.1561	-8.11699	740.446
-14.8892	-7.94118	742.678
-14.4407	-7.35542	2195.43
-14.9949	-4.78568	227.422
-14.821	-9.33084	2606.16
-14.947	-5.63284	1116.64
-14.7333	-6.45274	233.819
-11.5369	-11.8793	178.508
-12.2479	-5.33805	194.091
-14.5657	-8.42825	143.268
-14.5378	-7.79036	1325.5
-13.8425	-8.99298	453.919
-14.7083	-7.75199	395.217
-14.423	-10.8969	1122.66
-14.0389	-7.19576	2391.53
-14.0819	-6.00871	2051.89
-14.5025	-6.90231	2446.53
-14.6567	-8.58121	1753.95
-12.8604	-8.0583	164.907
-14.9843	-7.64015	2569.7
-14.9611	-6.25934	2337.21
-14.1592	-9.42123	271.083
-14.7142	-8.56269	2757.92
-14.2266	-6.74716	344.781
-12.1041	-2.9272	82.0268
-13.804	-8.27211	415.961
-13.5714	-6.77156	1627.53
-14.931	-10.8163	1041.73
-13.5695	-6.20939	498.576
-13.3004	-10.5232	720.849
-14.5484	-8.07702	125.299
-14.9106	-8.34473	619.339
-14.8933	-8.42365	2118.73
-13.8679	-6.86008	2444.72
-14.7027	-8.02832	292.42
-13.8537	-6.55262	1535.3
-13.0861	-9.44947	464.275
-14.935	-8.99673	201.647
-14.9466	-10.2235	662.352
-14.7791	-6.94743	687.383
-14.7712	-7.83945	2719.53
-14.9553	-8.65061	1070.41
-14.0462	-6.7329	393.003
-14.6761	-6.45674	312.289
-14.1196	-7.96207	2421.58
-14.9741	-5.88997	1523.98
-14.9989	-9.25315	2380.65
-14.8478	-8.04883	2555.24
-14.8691	-6.72087	261.952
-14.0336	-9.8553	86.657
-4.60413	-0.321051	191.178
-14.2903	-8.17633	399.102
-14.3018	-7.79749	1814.63
-9.35482	-13.7848	165.291
-13.8388	-9.31443	2113.41
-12.5164	-7.77663	204.063
-13.9548	-6.25049	1415.88
-14.2013	-8.89559	2077.13
-14.7975	-9.12038	145.485
-14.5426	-7.74255	931.386
-14.4195	-7.80452	1065.54
-14.4866	-7.89673	2506.76
-11.4204	-10.4691	130.705
-14.1812	-8.07698	1943.77
-13.8334	-8.41779	252.699
-14.2261	-7.95134	761.414
-14.5022	-9.90456	1396.8
-14.6259	-8.45078	1240.75
-14.6038	-9.84273	892.842
-12.5489	-6.58724	34.7432
-14.1863	-8.59301	656.692
-14.8693	-6.53531	1943.84
-14.2023	-5.18667	365.255
-14.9908	-6.96405	2559.39
-14.7009	-7.66624	239.285
-14.5563	-4.07973	316.211
-14.092	-9.64995	1534.41
-13.9545	-8.21505	104.03
-14.9957	-8.11099	3060
-13.8284	-7.28608	2348.09
-14.6363	-5.96577	467.317
-14.4102	-8.99958	70.028
-14.9513	-8.03716	153.036
-14.3007	-8.2136	559.928
-14.7503	-8.50008	859.904
-14.6491	-9.05594	193.043
-14.4725	-8.03069	133.92
-14.8847	-7.78993	872.001
-14.7946	-8.99499	353.17
-13.2746	-6.94813	266.752
-14.0299	-4.53266	1764.65
-13.6897	-8.23744	336.607
-13.3819	-6.49341	129.845
-14.8767	-8.00548	2686.92
-12.6898	-3.81698	270.591
-14.2726	-9.30507	360.644
-14.8044	-7.0895	2273.42
-13.8944	-5.62142	1446.36
-14.4737	-7.46648	2106.46
-14.1871	-6.93567	1877.32
-14.0154	-7.58964	328.197
-13.9265	-9.57322	689.619
-13.2192	-7.75989	1351.03
-14.7626	-8.01772	715.889
-14.7444	-6.94883	989.843
-13.2809	-8.47933	120.108
-14.6325	-8.61378	1743.6
-14.7336	-9.3764	2824.3
-14.969	-8.30368	1257.26
-14.3104	-9.10829	1353.55
-13.0617	-8.30246	186.433
-14.1837	-7.04066	865.414
-14.851	-8.85151	3060
-12.9962	-5.18969	161.403
-14.9326	-5.19831	55.2705
-13.9725	-9.69516	592.057
-13.4812	-6.54087	1060.98
-14.2871	-6.00601	2073.4
-14.6345	-5.13547	1308.54
-14.9867	-7.63661	37.8718
-14.3366	-8.98273	2648.1
-13.2757	-9.50795	1665.68
-14.6115	-7.0044	373.207
-14.9339	-6.80916	2101.53
-14.3697	-6.51016	2251.74
-14.4017	-6.97418	881.928
-14.4575	-7.88021	1727.85
-13.2022	-8.3818	111.234
-12.7814	-5.35748	192.554
-14.6788	-8.35008	470.03
-13.5146	-6.00032	1349.65
-14.5475	-5.66551	2072.49
-14.1293	-8.26935	647.436
-13.3584	-2.58455	428.169
-13.4114	-7.49745	1312.06
-14.2753	-9.21945	21.5724
-14.457	-8.5306	672.022
-14.0411	-8.34663	2434.27
6.88502	0.869403	1066.41
-14.7655	-6.20128	822.72
-13.7823	-7.61238	837.201
-14.6265	-8.64594	906.401
-14.8815	-7.58853	693.734
-13.1921	-3.67794	10.9854
-14.6242	-6.09521	2876.06
-14.488	-7.29259	2643.88
-14.0434	-5.56751	888.921
-14.5007	-6.47048	2014.43
-14.9717	-8.83908	3060
-13.6953	-8.00585	259.367
-14.2314	-8.91292	256.841
-14.5486	-5.22921	2016.76
-14.6527	-8.07442	166.291
-14.2888	-9.14897	2241.51
-14.4468	-9.55048	1711.45
-14.7763	-9.10573	195.839
-13.7349	-4.67758	1295.95
-14.8479	-7.75351	153.858
-13.8045	-6.08073	348.544
-14.6545	-7.54144	744.678
-13.5087	-7.55035	243.476
-14.6702	-8.91391	752.578
-13.4761	-7.31789	1296.69
-14.6888	-8.17921	2542.95
-13.6763	-6.93163	2095.96
-14.8687	-7.14415	1888.99
-13.3858	-1.34045	164.907
-14.9261	-5.73598	1672.6
-14.2059	-5.99282	1605.9
-0.353499	-1.23925	902.235
-14.3036	-4.51213	1506.33
-9.43905	-7.85755	112.706
-14.6195	-5.55427	2055.34
-13.8147	-6.37355	1540.66
-14.0255	-6.8374	62.0804
-14.0132	-9.39458	842.384
-14.5933	-7.27712	595.285
-14.8364	-6.6839	153.73
-14.7661	-9.37438	150.457
-11.5665	-4.57236	114.387
-14.6364	-7.65037	1998.24
-13.7047	-6.85439	1637.64
-13.1866	-6.41156	166.898
-14.9762	-9.01243	1805.76
-14.9525	-8.82501	1747.06
-14.6553	-7.34743	1164.77
-14.4847	-6.43774	829.961
-12.7255	-7.84686	77.7459
-14.7949	-5.97565	604.796
-13.9477	-6.9279	1043.57
-14.9195	-7.88464	2486.16
-14.3915	-8.77794	1460.69
-14.1673	-8.98761	73.9895
-14.886	-4.49352	1556.88
-14.9449	-4.91006	83.5943
-13.9027	-7.75824	550.718
-14.8549	-6.55964	139.895
-13.5175	-6.64643	1077.81
-13.638	-9.33655	815.246
-14.9725	-10.0282	2275.86
-14.5114	-7.50271	140.093
-14.4444	-7.99367	2553.8
-14.9479	-6.59963	1456.04
-13.5817	-7.82606	259.049
-14.8596	-8.75292	1839.12
-14.1522	-4.30224	550.433
-14.9169	-7.21017	2748.78
-13.6144	-8.05936	134.352
-14.7756	-6.34556	627.17
-13.9264	-6.24383	374.432
-14.2927	-6.29322	122.49
-14.4975	-8.81919	130.963
-14.5061	-7.76793	2325.58
-14.9405	-5.6382	237.536
-13.998	-7.32327	167.967
-14.693	-7.93782	1440.63
-13.776	-7.15461	1156.5
-14.9996	-7.29418	3060
-14.9896	-6.85953	3060
-11.8906	-11.4457	372.312
-14.638	-6.07721	1371.86
-13.2302	-7.55776	1323.53
-14.7461	-7.01898	1188.25
-13.832	-6.674	96.9983
-14.8858	-4.7911	388.575
-14.1614	-9.75697	1706.95
-14.4012	-6.45595	148.09
-10.8163	-9.61845	179.176
-14.9863	-6.28164	1255.23
-14.433	-4.31723	612.842
-14.4564	-5.91437	1919.67
-13.408	-6.46529	1486
-13.0066	-2.69885	531.255
-14.7043	-9.78767	112.394
-14.2323	-5.35021	755.092
-13.6812	-9.00628	2129.75
-14.8739	-4.86741	799.851
-14.8918	-9.82287	1024.76
-14.8804	-9.0503	123.594
-13.9523	-6.16735	839.695
-14.8907	-7.18447	834.451
-14.8647	-6.94201	2262.91
-12.972	-7.7979	651.368
-13.5381	-6.5084	862.5
-13.5734	-7.51647	1503.62
-14.7593	-7.67683	149.097
-14.6781	-9.24514	429.305
-14.9244	-9.69111	1628.81
-13.8894	-8.93137	1033.73
6.53213	-10.5086	1381.03
-13.6816	-6.89979	1424.08
-13.6521	-9.78926	231.244
-12.9457	-2.26497	280.692
-14.2278	-11.1693	82.7322
-14.9073	-7.82675	2232.22
-14.4748	-7.91456	1474.51
-13.1557	-7.77626	871.471
-13.5916	-7.66378	1609.91
-14.7854	-9.20346	2387.13
-14.572	-6.11697	1245.8
-13.2723	-6.84787	792.078
-13.3924	7.40256	463.378
-13.7636	-7.93557	2267.61
-14.7439	-8.98053	224.088
-14.275	-7.03083	1239.31
-13.1799	-9.51612	128.322
-14.9306	-7.06422	355.77
-14.7746	-8.21948	272.436
-13.3549	-6.07045	457.471
-14.6858	-5.49179	732.822
-13.5725	-5.40871	142.625
-14.0911	-5.3245	1553.41
-8.03456	-7.70294	194.974
-14.2995	-7.62411	1082.36
-14.4689	-9.11099	1287.66
-14.566	-7.63966	1818.25
-13.4715	-7.0926	116.772
-14.2608	-7.23442	2578.77
-13.8378	-5.87201	244.467
-14.2123	-7.34449	823.161
-14.7011	-6.90857	1279.72
-14.6581	-5.46085	1423.7
-14.4377	-7.47498	935.762
-14.8253	-6.48279	2708.65
-14.5535	-5.16916	900.131
-14.6514	-7.78458	162.701
-14.7338	-9.59592	2569.36
-14.8683	-8.76027	984.482
-14.8438	-8.49188	449.63
-14.928	-8.3248	730.753
-13.5862	-6.81217	114.083
-13.9893	-7.38484	1735.93
-14.0608	-7.71361	981.437
-14.93	-8.1133	659.371
-14.5317	-6.78367	708.26
-14.9392	-8.46924	649.414
-14.1724	-6.5994	1540.95
-14.0974	-6.85171	1848.9
-13.4746	-5.62718	13.432
-14.4844	-6.82407	1006.92
-14.928	-6.48215	1152.25
-13.6144	-8.36772	1973.41
-14.4175	-5.06961	783.82
-14.9431	-7.56093	711.678
-14.8644	-9.96598	1826.03
-14.7832	-7.99628	1428.75
-13.8363	-8.81977	1170.97
-13.8798	-5.0485	477.124
-14.8931	-8.37858	1078.04
-14.7489	-11.9166	146.858
-14.7814	-9.3803	19.3355
-9.68349	-6.7159	336.159
-14.6564	-6.52158	268.548
-13.4982	-6.35808	779.207
-13.3324	-7.81773	1785.13
-14.5526	-8.26158	262.217
-14.7828	-6.33897	299.151
-14.8617	-8.9183	2902.57
-14.2441	-8.21787	1113.94
-13.661	-5.54556	1516.09
-14.7672	-8.70153	1848.49
-14.2526	-8.23815	1664.54
-14.6107	-8.61212	1958.47
-14.9511	-9.05041	116.785
-14.8109	-7.88216	1740.92
-8.03416	-10.3384	100.774
-14.9133	-7.56338	3060
-14.0635	-9.30918	621.64
-14.5098	-8.43898	1470.69
-14.2408	-7.46414	2209.21
-14.1815	-7.12802	598.169
-14.5995	-9.17595	1748.57
-12.9069	-8.8344	1480.12
-14.7177	-6.81229	447.729
-14.7511	-6.26903	2972.14
-14.9215	-7.11208	1768.28
-14.9696	-6.21192	390.582
-14.5678	-7.65143	508.116
-14.1055	-9.3614	229.577
-14.454	-7.63996	1566.17
-14.6484	-7.81165	2596.93
-13.0211	-6.84819	274.865
-14.1892	-7.7756	143.039
-14.624	-6.45504	1316.21
-14.9455	-8.7391	214.863
-13.7718	-4.25562	440.825
-14.7173	-5.89498	783.026
-14.471	-9.58271	655.652
-14.9521	-7.03748	1965.99
-14.4669	-2.92124	96.7675
-14.6883	-5.93467	1380.78
-12.7974	-7.43852	476.329
5.25739	-10.2673	237.731
-14.6555	-5.72256	2817.89
-14.8268	-6.37791	2606.54
-14.5316	-8.99143	2296.27
-14.7416	-7.51847	1296.43
-12.0883	-13.0453	20.3483
-14.2464	-6.62936	1502.21
-14.5555	-6.76321	559.517
-14.7278	-6.1031	62.9257
-14.2003	-7.55024	1903.5
-14.0876	-9.97963	1521.2
-14.6565	-7.76897	2708.6
-14.9524	-7.62551	3060
-13.8914	-7.17541	296.686
-14.4694	-9.21477	1146.85
-14.1903	-5.95301	1992.78
-10.0982	8.73262	0.63247
-13.7617	-9.41431	1821.94
-14.0793	-6.75803	34.7432
-14.7008	-11.3933	16.2463
-14.8668	-8.75878	3060
-9.89731	-7.16988	151.345
-13.8034	-9.17526	684.632
-13.9713	-7.09679	288.338
-14.3212	-7.83539	969.759
-14.872	-8.49816	1732.31
-14.0077	-9.18115	1518.06
-14.9962	-7.9747	3060
-13.4869	-7.57394	1617.54
-13.0032	-11.898	213.204
-14.2821	-4.34943	1792.21
-14.8012	-6.90036	1315.14
-14.0317	-7.10484	158.89
-13.9959	-6.34175	569.606
-14.629	-7.49137	837.23
-14.7823	-6.52871	2692.39
-14.319	-6.93589	967.795
-13.1146	-8.50472	205.404
-14.1711	-6.70915	720.685
-14.2668	-9.62531	1842.53
-14.7433	-6.38926	2874.35
-14.5323	-4.48152	765.904
-14.6206	-5.66144	530.247
-14.2991	-6.96102	273.839
-14.2552	-8.07671	1987.53
-14.5545	-8.99054	2655.38
-14.5642	-6.27904	754.911
-14.6707	-8.28267	234.286
-14.3625	-6.7641	2336.85
-14.8223	-3.88288	178.322
-14.1855	-9.15196	2152.49
-14.3456	-7.11036	2180.26
-14.9026	-6.8806	470.627
-8.83483	13.6286	842.435
-14.23	-7.94625	772.61
-13.0832	-8.91468	390.955
5.11508	-9.87003	664.042
-13.8107	-7.89273	669.567
-14.7929	-6.03195	520.176
-14.6147	-6.36641	331.08
-14.5593	-6.58734	2834.93
-13.7799	-8.00308	1853.59
-13.7258	-9.43057	1940.91
-14.6035	-8.83374	33.4885
-14.1792	-7.79838	1953.92
-14.5973	-9.10493	1123.84
-14.3175	-7.85694	725.848
-14.8089	-5.7994	133.371
-14.8977	-8.28172	550.153
-14.3238	-6.55427	130.175
-14.5663	-6.00988	2801.71
-14.3262	-7.57511	2403.79
-14.9509	-8.1936	364.364
-14.831	-7.11801	834.831
-14.6716	-8.9799	458.765
-14.8043	-6.57612	434.704
-14.9702	-9.63148	212.465
-14.3222	-10.4551	79.9647
-13.5865	-8.23241	118.306
-14.3696	-5.71794	1168.05
-13.5965	-5.87893	1269.79
-14.6743	-5.11583	1046.78
-13.6579	-8.81475	216.886
-14.9897	-7.10502	270.365
-14.8201	-6.11133	553.32
-14.1547	-6.24083	32.1516
-4.04932	-10.4052	482.641
-14.0711	-6.43045	454.562
-14.0116	-7.7233	773.992
-14.8158	-7.39443	207.06
-13.3819	-6.67519	367.225
-14.2073	-8.73354	607.985
10.7445	4.83213	114.195
-14.509	-6.0556	332.649
-14.6821	-9.40785	2446.02
-14.0314	-6.38193	130.308
-14.4679	-8.22802	2780.83
-14.2945	-8.08677	836.536
-14.2898	-9.02165	576.539
-14.6754	-8.4772	1201.53
-13.7201	-7.99921	577.853
-14.6595	-7.57804	1438.56
-14.8172	-7.45379	386.545
-13.8054	-10.2443	1099.36
-14.0998	-8.26582	1874.17
-14.4519	-6.71057	1998.99
-13.1877	-8.94184	2077.29
-14.9759	-8.63535	2092.74
-14.6366	-5.97559	568.594
-14.5654	-7.65869	2108.96
-13.4015	-9.09051	1572.96
-13.8041	-8.23723	719.115
-14.7795	-6.21357	441.005
-14.3562	-4.95807	56.4169
-13.7279	-7.53666	67.2483
-14.4801	-6.7013	1781.1
-14.9392	-9.24921	2688.34
-14.1989	-9.14437	1789.44
-11.6708	-9.69963	155.399
-13.1869	-8.04283	167.185
-14.7071	-7.92557	2618.99
-14.9214	-6.09825	1113.1
-13.8907	-5.06984	682.835
-13.7485	-6.81074	112.767
-13.5926	-7.61948	1908.14
-14.7926	-5.90198	2902.76
-14.5612	-8.92583	180.258
-13.3523	-7.65124	230.348
-14.3345	-7.17573	395.846
-14.5303	-8.85709	2509.27
-13.9596	-7.02573	2182.44
-14.9183	-6.50219	1111.14
-14.5154	-7.97171	554.759
-14.4921	-9.07702	106.948
-14.9007	-8.85031	470.828
-13.4821	-7.61296	673.569
-13.7818	-9.15858	1429.66
-14.5025	-8.4247	1921.83
-13.987	-3.67229	105.821
-13.7173	-6.86214	1332.89
-14.8792	-7.72158	659.717
-14.3593	-7.50919	835.181
-14.1169	-6.66595	2132.74
