3.93639	8.62091
2.66555	9.9931
2.939	6.4684
3.16496	9.21578
1.26491	6.92191
0.902281	11.2517
2.26879	8.26062
0.272287	8.81965
2.55258	8.85433
1.04557	8.11219
0.815006	8.42826
0.722944	8.55107
3.43302	6.24736
0.340533	7.8485
1.90755	6.62468
3.37302	8.50478
3.04951	6.19136
0.165963	7.20984
0.597998	8.51781
2.01451	8.60333
1.73629	8.67079
2.10439	8.45259
2.78277	6.28053
2.09664	7.95729
1.71248	6.62944
2.64948	6.97598
1.35276	7.48553
0.665641	7.1913
1.81866	9.18289
0.984075	6.85226
2.18522	8.28527
2.27889	7.50638
3.02344	8.57025
3.6094	7.50751
1.7425	8.12408
2.13201	8.7334
1.2588	8.47553
0.759164	8.36588
1.58252	8.65466
1.11816	7.84698
1.73434	6.40309
0.908295	7.81487
1.45066	7.89887
3.2577	6.83027
2.54428	6.41059
1.81985	8.22847
2.63782	9.34857
3.03417	6.29092
2.6209	8.93114
0.861109	6.5309
0.835363	8.43322
1.13119	6.6851
2.11106	8.54175
1.63166	8.24304
3.10661	7.61145
2.82607	7.35134
2.5279	9.78545
0.95591	8.37963
4.41886	8.73429
0.551125	8.1272
3.36065	7.92733
1.87754	8.40213
0.100548	7.98697
2.54527	9.73998
-0.262808	8.75565
1.75741	8.10176
2.08574	8.77031
2.31708	8.24318
1.49432	7.56177
4.79589	6.0823
0.670019	8.63257
5.22051	7.33173
2.67272	8.38466
3.57612	5.53315
2.30875	6.38835
0.0206017	5.93239
2.60743	7.69266
0.0305778	8.99367
1.13544	7.73841
1.15721	8.21363
2.09095	7.11756
1.23491	7.28833
3.65461	7.4789
2.94302	8.76613
0.743351	8.74725
2.01128	6.99484
1.30778	10.9441
1.76612	7.58948
2.54865	8.23062
2.19741	7.11999
0.592151	8.86156
2.24299	6.99092
2.23905	6.07183
1.52577	9.73519
1.01369	9.87046
2.98166	7.14791
2.42258	5.9582
0.0296038	6.12352
7.07973	6.33785
2.08924	8.30728
3.18584	9.18992
1.654	7.85776
2.68343	8.44804
0.285849	7.10074
2.41469	7.8525
1.76336	7.59862
4.97783	8.78307
1.41907	7.47901
2.57553	7.9252
2.87222	8.66599
1.16765	8.74712
2.40772	6.03916
2.53515	7.04545
2.81209	7.91081
7.42815	7.77467
1.70325	9.34431
0.484273	6.60402
3.41957	6.78381
1.10794	7.52568
1.91116	8.48802
1.6615	6.09778
2.86422	7.85187
1.25434	9.35238
2.42258	8.84478
3.23665	8.83413
2.53476	7.95505
1.7097	7.1129
-0.227206	9.08425
3.97908	6.77645
2.15272	7.46259
1.25795	7.50346
0.725615	7.92214
2.00539	8.79627
1.81867	6.93221
3.11214	7.27182
2.56968	8.34898
4.81485	7.47666
0.84243	8.18736
1.35144	6.38767
0.988254	8.78427
3.35865	7.28112
3.31779	7.86425
0.72956	6.58581
3.69539	6.74168
1.43713	7.79078
2.55267	6.14794
5.06719	8.11405
2.56858	6.46345
2.25731	8.85354
2.98035	6.37285
1.33181	7.50271
4.07381	10.1907
2.02825	8.27193
0.618104	9.40659
0.201467	6.9034
0.616522	10.3702
2.356	9.22673
1.87553	9.99036
0.494373	7.97473
1.49914	8.72742
1.50636	7.19308
2.95999	8.43148
2.26959	9.30275
2.15702	8.52462
0.417532	7.71868
2.29203	7.46936
2.66774	8.21849
2.38673	9.94944
3.87748	6.54543
1.00138	8.49738
3.48653	8.16672
2.19581	7.99821
1.19727	8.55738
1.13107	7.10431
2.36731	8.10047
1.0949	7.32487
1.21283	7.30607
2.059	8.30274
1.21549	9.98928
1.35743	9.63615
3.14273	5.72896
0.469876	7.57372
2.21891	7.28607
2.37827	6.87055
2.15563	7.48694
0.366302	7.8987
1.08228	8.20651
0.105944	8.62657
1.64146	10.0655
1.89961	7.05964
3.40722	10.1865
2.40072	9.79052
1.6341	6.25045
2.3657	6.96456
2.58972	6.09657
1.56689	6.42325
2.04966	6.13611
0.377604	7.61339
-0.0871349	9.03533
0.360298	7.12704
2.66605	8.39924
1.5906	8.42962
2.6555	7.21674
0.177277	7.44478
0.637468	8.22948
1.91822	9.20587
3.05967	7.78302
2.05479	6.86665
1.51753	8.78121
2.21514	9.68463
2.03477	9.75584
1.76217	7.59537
3.90459	7.0867
1.20052	6.48818
2.62629	8.10837
2.47319	8.64572
0.168546	8.03177
0.675165	9.79636
1.0571	9.29938
2.49451	7.36549
2.17504	7.03432
2.21182	9.07958
3.04659	8.08859
1.01581	7.64132
1.51846	6.32144
2.21538	7.85621
2.36326	6.16813
1.86144	8.29198
0.658316	6.33417
2.66188	8.22072
2.50059	8.03291
2.46204	7.39804
3.01141	6.54667
1.83494	8.6325
2.58513	8.00806
0.946441	7.92415
2.57297	6.7367
4.43118	7.62572
1.13679	6.06917
2.76191	7.49295
1.32926	6.66492
2.64068	7.63335
0.60849	9.22256
3.35012	7.88006
2.50921	7.64261
2.87732	6.28041
0.694333	10.8438
0.624008	9.392
0.547362	9.62163
0.892734	7.45328
0.65542	7.57574
1.81379	7.69343
1.04994	6.42025
1.68565	9.79719
1.2962	7.62993
3.37111	6.36448
0.675736	8.96221
2.01753	8.24878
0.232683	7.48085
2.82374	7.7842
8.76202	1.62683
2.10126	10.3566
1.99828	8.33337
1.3263	8.09359
1.88144	9.17279
0.309429	6.56644
1.94025	6.31509
2.29758	9.17955
3.51078	6.8644
2.52677	8.73247
1.69924	9.24999
1.418	9.82277
0.816224	7.53568
1.92719	6.28077
3.40088	7.56953
3.02402	9.16021
1.75265	8.19648
2.81757	8.63433
2.45484	10.3172
3.19476	8.43522
2.17843	9.55787
3.08232	7.32399
2.5571	10.584
1.94445	8.71832
1.41758	6.4094
0.889789	7.28537
0.343782	8.71268
1.0252	7.46266
2.19499	7.83292
3.55747	8.39496
0.934228	9.22995
0.6523	7.19987
3.05587	6.33907
2.76603	8.5766
0.542313	8.20575
2.54675	8.32203
2.05167	7.24181
1.3984	9.21767
1.56078	8.71936
4.87819	3.43557
5.66202	2.61584
1.20576	8.29735
3.41755	8.8363
2.31817	6.79028
2.10434	6.99436
2.85062	6.49752
1.89424	8.70965
2.15154	8.63382
2.57065	6.52073
0.225356	8.49831
0.297945	8.22086
2.23651	10.0756
1.82617	8.81602
1.25361	6.84824
2.53395	7.93418
2.90917	7.98703
0.0772212	8.99531
-0.0785647	7.76221
2.43661	8.57084
0.304572	7.76537
1.02667	8.04724
3.65053	9.51132
3.00771	7.33771
2.26725	6.9408
0.788513	8.84211
1.0204	8.25177
2.60549	8.45612
2.20139	8.89472
0.227519	7.56805
0.656321	9.13276
0.953678	10.4596
2.46036	9.83726
2.29923	6.20403
2.2141	7.45279
0.747331	8.12572
2.37634	7.62983
2.56077	8.5164
4.12918	7.80553
2.38892	6.13065
0.140421	7.39114
0.464555	8.56964
1.63515	9.69105
1.84241	8.5723
1.12854	8.66688
1.32505	8.38198
2.21188	6.31328
1.60755	6.59734
0.97947	8.7292
1.5426	8.80343
1.47176	7.0383
0.274054	8.36342
0.433941	7.63176
1.20575	8.16868
2.73967	9.59153
2.3346	8.40018
2.53335	5.98741
-0.0349071	6.24329
2.75573	10.1029
1.22124	7.29058
2.78831	7.49188
0.520687	9.48809
0.457254	8.73101
1.602	7.36409
2.74279	8.24183
0.209561	9.12248
3.1425	8.08614
1.90467	7.53705
2.67381	9.14096
1.25916	9.71504
0.241703	7.93398
1.40546	7.61084
2.71202	6.13035
2.39464	7.35034
2.85371	8.51493
2.17575	7.23669
0.0406032	6.5959
2.64085	7.23478
1.09823	7.50825
0.350009	7.02595
3.58851	8.53842
1.94027	7.12687
5.23282	8.89837
-0.186311	8.5484
2.2968	8.04525
7.65603	1.36889
2.43605	8.74357
1.89392	8.46052
2.61022	9.0247
2.67379	6.92813
2.38398	8.75078
3.41363	8.08212
2.26089	7.77076
0.851478	9.06751
1.03967	6.65018
0.79343	10.1189
1.95248	7.55658
2.70934	5.92571
3.1347	6.71461
1.96154	8.28865
2.80021	8.30835
0.795958	9.86363
-0.00738547	8.60354
0.899301	9.27782
3.74098	7.89254
1.3703	6.94176
3.36552	8.44378
0.527725	8.65955
4.15469	5.59889
3.12993	6.74865
1.08519	7.58456
1.81925	9.27307
1.81779	7.88623
1.55375	8.70492
1.90912	8.28255
3.81779	7.45642
2.58445	8.21183
2.45638	7.72907
1.90149	9.09845
1.25125	8.4648
0.436638	7.66679
2.38362	8.44196
1.23932	8.05974
1.08221	6.87046
4.10144	8.05942
1.53789	6.33903
3.47017	6.25571
0.335949	7.33715
0.120569	12.6669
0.783467	7.91957
0.761544	7.65303
1.46596	8.55415
2.0567	6.70605
0.455577	8.57289
2.24835	9.09192
2.27659	7.10874
3.24641	10.3109
1.04734	9.21264
1.86457	6.43379
1.12587	7.29303
0.398577	8.56068
2.76746	8.06246
2.87199	7.39786
1.50436	7.81015
1.54095	7.4862
4.22692	8.5292
0.874357	8.74809
2.78783	8.14082
1.77493	6.86282
1.80544	8.01437
0.753049	8.49394
2.98946	9.42921
2.25409	8.5822
1.63344	7.81496
1.59529	7.90697
8.1957	13.4241
2.80408	7.59686
1.92605	8.57997
-0.047037	7.33547
4.11613	7.16288
4.31265	7.37357
2.32901	6.71555
1.23795	9.16927
0.807231	7.61992
2.85712	8.36132
1.23947	8.94432
0.250938	8.0394
2.94831	9.05779
2.41255	8.29668
0.83531	8.91374
2.59834	9.21658
1.1988	9.46285
1.03377	9.40461
2.8229	7.23801
4.50111	5.75709
2.39747	8.94529
0.00644785	8.12605
0.667818	9.59431
2.47344	7.93004
3.3106	6.87409
1.96604	9.07883
1.76682	6.99591
2.1175	8.05431
1.98916	6.72514
5.82023	9.28949
2.18177	8.73368
0.407828	6.67963
2.49874	7.87125
2.36044	7.67721
1.32206	9.34115
1.76909	7.947
0.264999	9.56985
0.290996	6.11482
2.41943	7.19412
0.452334	7.79542
0.908496	8.55802
2.91386	6.40399
0.920597	9.08241
2.56195	7.87671
2.82118	8.95695
2.96667	7.52138
-0.00390566	8.85428
2.12935	9.78758
3.2248	10.6365
0.984085	7.15128
2.42434	6.81101
2.03182	6.90692
2.84449	8.91841
1.88803	8.18289
2.66756	7.55547
8.36174	2.09571
1.51302	6.43291
0.845412	7.712
1.30686	8.80761
2.44121	8.62085
3.01972	6.56105
2.90421	7.94705
2.31312	8.62982
3.67292	8.13051
1.95275	5.98044
5.08788	5.2491
0.885127	9.05582
2.08613	6.65504
2.64501	8.8307
2.75299	9.24016
2.26292	5.97791
2.14942	6.06742
1.06054	6.84912
2.28032	6.47699
0.221051	9.38958
2.14352	7.91486
2.31524	8.17246
0.248353	8.98138
2.62675	6.10999
1.98512	7.86915
0.873202	8.05436
2.84402	5.30637
0.874466	8.33038
1.56377	9.21381
3.19019	7.01547
1.74845	7.09316
0.878496	7.05252
0.818814	10.0364
0.301772	8.8844
2.42591	8.91766
1.65287	6.56201
3.70453	8.51168
2.17396	7.78703
2.43879	10.3272
0.20044	6.91057
0.836059	8.56967
2.49075	6.74997
2.93572	6.65506
0.588411	6.40003
1.18421	8.14068
1.33137	5.90715
1.49561	8.86747
3.70303	8.46149
2.57064	6.34792
1.31135	8.22814
2.59296	8.28364
2.98738	5.97689
2.709	7.6053
-0.0470421	8.62959
1.86717	6.45938
0.51042	8.99904
-0.0338891	6.41702
1.61327	6.6088
2.95418	10.4929
2.3748	8.17725
0.0217531	8.05963
0.560964	7.4255
2.56815	8.50311
1.94802	7.24682
2.39599	8.85185
2.35411	6.98101
2.40047	6.40341
2.96176	8.67315
1.42736	8.8036
1.89817	9.5281
0.904341	7.84577
1.28951	7.57168
1.60744	8.62669
0.0709123	7.08964
1.89743	6.50933
1.95262	6.34355
0.418668	6.27343
4.1528	9.01345
0.833501	7.50832
1.23944	7.73097
0.0715871	7.48786
1.89457	7.1387
0.798999	8.96176
2.77525	6.44858
2.26167	7.02711
2.24311	7.14712
1.0131	8.41114
2.25724	8.47496
5.26655	8.10834
1.6982	7.6438
3.12857	6.93291
2.07236	7.45256
0.5448	8.81856
2.19586	8.48685
1.24279	8.25292
1.29088	8.30147
1.45483	6.56389
3.45614	6.88066
3.53124	7.7269
0.159763	8.58114
1.44807	7.40919
1.9383	6.84819
4.53595	9.17658
0.283204	9.34236
2.04585	8.73049
1.98132	7.56979
0.920975	8.86969
2.25387	8.97222
1.24342	6.61192
2.06109	8.05911
1.56631	8.2528
0.298263	8.36751
4.03579	6.7064
3.08654	6.64616
1.74664	6.42143
2.72924	6.00639
4.76035	10.6285
3.32307	7.05616
1.85208	9.7764
0.869547	8.56034
2.22736	8.4834
0.957919	8.1022
1.91484	9.2033
2.56783	7.09909
0.84002	7.87243
1.63507	9.12085
1.06483	7.54238
0.508162	7.56062
1.49235	6.487
0.549126	8.76561
1.28292	6.65932
1.49833	7.91667
1.32278	9.09408
1.55756	6.7017
2.50082	6.20058
1.80822	8.24677
0.723875	7.67747
0.471867	6.32746
1.05485	7.17755
3.16424	7.35885
0.546738	11.1856
2.39618	7.25228
0.18712	7.79859
1.39027	7.4621
0.412254	9.17517
2.16015	7.99826
2.63872	8.81791
2.07007	6.73953
2.5535	6.92716
0.788332	10.6067
5.1355	8.7297
2.65162	10.1427
3.16746	8.31674
1.12991	7.4683
3.04133	8.11644
1.55055	9.796
3.19708	6.15779
2.75835	8.82106
0.848222	8.64093
2.89884	6.64355
3.35017	9.79584
1.36126	9.77084
2.14355	7.36253
3.11942	8.65778
0.649263	8.11257
4.29951	9.17379
2.8182	9.41787
8.57522	11.3384
3.70047	7.55755
1.31778	7.03039
1.78359	9.44675
1.31723	6.53021
-0.21439	6.28839
4.58551	4.78521
2.77248	6.44499
1.86596	9.09371
1.52037	8.1755
2.32215	8.12441
1.40936	8.88613
1.35574	7.39681
2.47192	6.84537
1.53525	8.75268
2.55636	8.34671
3.97277	7.54754
1.56866	6.04543
3.30507	8.48576
0.537979	7.18591
2.65986	6.0225
1.57485	6.50985
2.34405	9.5912
3.02314	7.87627
1.53574	8.27045
6.17433	5.75415
1.51376	7.51537
0.589594	6.75785
2.50172	7.34684
1.04177	6.80042
1.91476	6.46555
2.59629	7.87944
2.16924	8.37326
2.51433	7.40008
0.492204	6.58245
2.87804	8.11029
1.24086	9.44207
0.45137	6.47531
2.88406	8.96611
1.57302	8.25157
2.0042	8.64416
0.302224	7.27099
1.33993	8.90591
3.44296	9.5113
0.0724614	6.85182
6.26057	12.6973
0.540386	9.04297
2.56403	7.52621
0.906929	8.20815
2.89243	8.27806
1.80812	8.26083
0.928189	8.92839
2.76335	7.04236
2.89647	8.7879
3.23949	10.0669
4.45335	7.093
0.232756	6.31529
2.73931	6.88629
3.95378	7.63246
3.14657	8.64274
0.530204	7.78352
1.06901	6.18079
2.31687	6.07587
1.03883	6.78627
3.82829	7.69514
0.876407	6.26938
0.0638915	6.63829
1.38821	6.45503
0.297262	11.0592
0.898191	8.79286
0.29935	7.00811
1.00786	8.27652
2.79589	7.05314
1.61451	6.69012
2.71022	6.75712
0.33608	6.17376
3.01593	9.23835
1.51205	8.45387
1.46892	7.9765
1.62012	6.18002
2.29616	7.63324
4.64794	9.94543
3.69883	6.16918
1.0245	8.95479
0.139678	10.3559
2.77711	6.66124
3.74591	7.23784
3.43116	7.25318
1.77752	6.35719
8.25004	-5.12943
2.20389	7.2673
2.22871	8.38547
2.19346	8.8282
1.56046	6.62722
2.68879	7.64882
0.688064	7.34709
2.71096	8.17162
0.620575	7.55981
3.38722	7.89767
1.62268	6.83955
0.417003	6.60698
2.44079	9.78589
1.19252	8.52233
2.62526	6.2481
1.58166	7.45104
3.22334	10.7992
1.50597	7.14553
2.65105	8.57357
1.05409	9.16057
3.29192	8.90517
2.71889	8.44884
1.75593	7.84379
2.7552	8.09796
1.52324	8.57751
0.647134	9.4671
1.62241	6.78062
2.36222	9.41689
0.728731	9.49734
3.13958	8.1224
1.95862	8.84968
1.27399	8.61489
2.18374	7.25596
1.28396	9.04355
2.6356	8.05232
0.694276	8.3226
3.5216	5.83612
2.06744	8.14123
1.75002	8.3406
10.0103	-11.8445
0.700998	7.88861
1.31491	6.4412
0.0788146	7.1848
2.30572	9.87174
0.630151	6.31001
3.48834	8.15169
0.683035	9.18155
1.73827	8.17387
0.220525	8.79811
1.50028	7.1055
0.966335	7.26757
2.61318	9.37208
2.46941	7.47005
1.92858	5.93262
2.11338	9.14479
1.62074	10.0501
2.96039	7.42922
3.13961	8.49412
2.02458	7.52427
1.90789	7.99541
2.93082	6.29253
2.51942	9.44409
0.0613621	8.07874
1.78435	7.06764
4.60909	7.21858
2.75879	7.34712
3.73734	7.67912
2.84084	8.1048
1.17177	6.84828
1.89939	6.61628
2.07426	8.2994
1.09205	8.44973
2.47306	9.38073
1.09529	8.94122
1.51648	7.36222
0.0832413	8.73737
2.11044	8.01157
3.67855	7.4956
3.00183	9.23514
1.91451	9.06467
2.37276	9.42754
1.58134	8.89799
3.81251	-3.38787
3.04786	8.85406
0.684383	8.70756
9.05282	10.4728
1.51396	6.48305
3.33316	7.10221
0.910118	7.42527
1.21399	7.64665
1.52842	6.90392
12.5591	-2.66892
0.301923	8.5555
2.14979	9.20697
1.68031	7.51546
3.10462	10.0962
3.17131	8.35158
1.6192	7.46737
-0.000447955	6.32709
1.94286	6.8136
3.15644	6.74871
0.072024	8.96974
2.56734	6.25081
0.817295	7.58622
2.61666	10.8424
2.33779	9.87619
1.30105	7.99143
3.23118	9.59033
2.31099	5.70614
2.80421	8.3223
2.26001	8.62309
2.85215	7.52374
3.81764	10.3874
0.288532	7.87232
1.85592	7.51509
-0.0474328	9.253
3.89098	7.68148
2.83665	7.86699
1.59903	8.50099
1.02871	9.19833
1.0394	6.60604
6.28629	6.86592
1.66145	6.78227
2.70621	6.7959
2.75635	10.3316
1.56102	8.20302
3.43088	9.80264
1.0065	6.06606
3.73491	7.61033
1.13686	8.50965
2.06291	7.91546
0.833038	7.91576
2.32212	7.39375
1.34268	6.5212
3.54426	8.02632
4.64474	6.42806
0.530993	8.91121
2.8718	8.3052
3.25937	5.85319
2.5492	8.50395
2.78929	6.66553
2.54677	8.65096
0.220453	6.39165
1.51544	8.10063
0.926777	9.26565
2.55363	9.61113
0.998572	9.51758
2.83774	7.69833
1.07896	10.1682
1.78284	8.0178
2.37979	7.50482
0.0405954	6.45237
1.15291	9.03744
1.58537	7.55484
3.83824	7.34912
1.83084	6.69125
1.82707	8.46755
3.17325	13.3116
2.78996	6.42262
2.47714	7.37851
2.16236	7.47862
2.38266	9.53523
0.982657	7.56405
0.281665	7.37854
2.23935	7.92252
0.455665	8.15771
2.78335	6.38434
3.13689	6.64464
0.947172	8.28387
4.96062	8.32626
0.108736	7.25086
3.20424	8.63468
1.46623	7.40653
1.17171	6.83205
2.1583	8.29771
1.17416	10.5304
0.86975	7.56999
2.55297	7.03247
0.482063	8.32563
3.00042	8.91798
3.74516	8.29082
0.810044	8.11272
2.25746	7.88916
2.0834	9.20505
2.45354	7.95044
0.267478	8.06512
3.18153	7.11742
1.06829	8.73205
1.85675	7.66278
2.14312	8.93887
0.390351	6.34243
2.0477	9.00761
2.57836	9.0438
1.25886	6.88529
0.0820634	6.85806
1.52523	8.26245
1.02725	8.14563
2.96731	8.88338
2.41025	6.61298
0.62763	8.30331
2.98077	7.19049
1.27718	6.35354
2.81884	10.0917
0.394939	8.34416
1.94371	7.22941
2.53385	6.68543
2.18831	8.13589
1.58674	8.0709
5.8834	10.7897
2.51937	7.68682
0.716452	8.23893
3.2321	8.12607
1.73297	7.31232
0.950459	7.17798
1.3457	6.46105
2.41105	7.46103
0.27288	7.96836
0.379891	7.5373
2.94374	8.52885
2.34599	8.16883
2.4085	7.22863
1.579	7.30264
1.40901	7.47354
1.91799	7.5229
2.82182	7.03547
2.67482	6.96116
2.38161	6.49442
1.28099	7.31587
2.41476	8.18065
2.05491	8.37344
4.0492	8.48031
0.18276	7.37632
2.82121	6.16144
2.77324	8.14343
2.26976	8.09288
3.27999	7.08979
4.02757	6.95768
2.89855	7.70617
3.31444	6.45865
0.675016	8.69821
2.54606	8.1946
1.62077	8.78891
1.04025	6.02618
3.18267	7.42973
1.06979	6.45168
1.76195	8.18202
2.79684	7.29051
2.85931	7.06572
0.30249	6.87554
3.3141	8.7051
3.39237	9.49159
1.85827	8.67553
2.16801	8.69179
0.972689	8.48075
2.51774	6.8348
2.16121	6.34267
3.04864	8.24376
1.4941	7.47137
2.70072	7.92601
3.06693	5.17896
0.206689	7.77368
2.41878	7.47849
1.33346	10.6994
3.87478	8.47812
2.77202	9.20411
1.08791	6.35556
1.68534	7.25717
1.50898	8.43455
2.67984	8.87078
2.74905	6.04913
3.72635	6.54881
2.31733	7.20135
2.44524	7.38131
2.69957	7.52485
3.17357	11.1451
-0.290998	8.85433
1.89672	6.38511
4.24901	8.07444
0.927665	8.66829
2.34226	8.49917
4.3	6.45606
2.86513	8.00766
2.74715	6.4426
1.69836	7.74044
0.809075	10.1811
0.871706	8.86772
2.75266	8.0755
0.379599	7.15318
1.65259	8.45742
2.20458	7.7032
1.29696	8.89975
0.377354	8.86303
2.84425	6.54995
1.51431	7.13106
2.55466	8.5112
1.65262	9.00946
7.05192	3.77018
1.16151	6.84154
1.64564	7.75268
2.73752	8.49784
0.442896	9.17716
6.69447	4.55057
0.4863	6.86424
0.559423	7.06611
2.70695	9.66964
2.00675	7.75181
2.66576	8.08795
2.40138	9.42267
2.26392	7.08969
0.575555	9.69516
1.44117	9.71559
1.87718	8.29248
3.49242	6.5959
0.0747857	8.77666
3.61061	6.67099
2.66311	8.09714
2.51282	8.00401
2.37312	7.50132
1.28266	7.86733
0.309797	6.82912
3.36018	8.53333
3.11365	8.47913
1.75197	8.47652
-0.0363125	8.53615
2.6858	9.69958
1.06958	7.58048
1.53454	8.88642
2.29894	8.09806
1.66872	6.51127
0.474082	6.92463
1.99163	7.94105
0.00292056	7.25204
3.52441	8.16143
2.71892	7.51834
1.03542	7.58666
2.25026	6.13688
2.56504	8.38092
3.82216	5.99746
0.410773	7.66321
2.4051	6.9367
1.12743	7.58992
1.66899	7.11486
2.76075	6.53537
1.06275	7.702
1.17806	8.82175
3.61848	7.61563
1.04083	8.70126
1.84407	8.36308
2.16582	7.16743
2.00838	7.70985
1.36175	8.34597
2.76471	9.30902
0.962965	8.0678
1.46159	7.93927
0.831301	9.92604
2.1906	6.46466
2.91428	9.36325
1.50884	6.95902
3.12307	7.9399
2.21969	8.12069
1.34577	9.35578
2.24757	9.5423
2.40657	6.7147
1.72968	7.88551
0.671773	7.21422
1.94689	6.55126
2.45455	8.12317
1.18806	8.47308
3.89584	7.4563
1.73789	8.6599
0.206792	10.4349
1.11608	6.07125
0.900358	7.63631
0.587201	6.49366
2.17219	6.37013
2.35927	6.08328
1.47768	6.63237
1.28937	8.93475
2.62686	7.79304
2.65979	8.1974
1.6708	8.11468
2.87694	6.17158
-0.215907	6.52499
1.5444	8.08265
1.73197	6.50267
2.11473	7.59712
2.01448	6.11436
3.12473	7.25257
1.94195	8.20874
1.81797	8.03216
0.950786	7.85683
2.02221	6.838
0.487898	8.43613
2.25346	6.68167
2.33256	8.25436
2.21218	5.686
2.04912	8.74289
2.46297	9.05489
2.18609	7.83969
2.46504	8.74759
0.693461	7.36466
1.89634	9.49913
5.22001	6.59396
0.146105	5.82516
1.77468	6.59056
2.16718	10.1069
2.16578	8.68706
0.413024	6.83536
2.551	8.0167
2.90949	6.30082
0.200715	8.19062
1.15712	8.60643
2.66752	7.80631
2.39439	6.66287
2.74247	8.92325
-0.0207041	7.89839
1.55031	6.93116
0.89816	8.3332
2.73391	8.40323
2.40027	7.78561
2.2335	9.09489
3.31269	7.68453
2.15794	7.40979
3.06081	6.17135
0.880887	7.50982
2.09844	8.00552
4.14264	8.16791
0.280928	8.37714
0.258297	6.32918
0.620324	6.50439
2.18369	9.39317
1.96732	8.3977
1.75866	7.17041
0.760993	7.69887
0.724316	8.68966
1.6094	7.34625
3.30158	6.62627
2.02898	6.67868
0.117908	9.69617
1.96688	7.07034
0.563771	7.18032
2.22133	6.57095
1.49305	7.62277
0.670307	6.05413
3.00461	8.70267
1.82028	8.18121
2.80449	6.89103
2.63022	7.95674
1.45971	8.59659
3.8452	6.55106
1.12332	7.90836
3.17454	6.437
0.0200297	8.63651
3.06076	7.93713
2.43543	8.4893
2.37186	7.70767
9.19373	-4.48243
1.82432	9.00502
1.16869	7.38
2.69987	7.92871
0.952451	8.52888
0.329344	7.69433
1.61981	7.09519
2.2956	8.04038
1.45587	8.01475
1.62016	6.01134
1.93892	9.25222
0.830686	8.19779
2.07972	7.57393
0.251462	7.94162
4.13552	8.49919
1.49243	6.61427
0.691517	9.71093
1.10643	7.65915
2.28553	9.08226
1.33272	8.42212
1.77331	8.32952
2.3393	8.51273
2.32345	8.65267
2.95017	8.59244
1.99685	7.13421
1.10385	7.30742
2.91765	8.79011
2.92667	5.97769
3.20326	6.53119
3.69394	6.04438
3.14329	8.76265
1.5858	7.00645
0.888678	7.45878
0.424868	7.26967
3.40872	8.60715
3.62547	8.43293
1.29724	6.61961
3.27964	8.50439
2.92513	9.60871
0.56361	6.59754
1.53172	8.79099
0.25306	9.90861
1.11664	8.2245
1.90925	8.53561
2.37484	8.35808
1.60992	7.10688
0.718401	6.16685
8.7967	-1.60819
0.674404	8.39467
2.93394	7.35611
2.38179	7.54893
2.0486	8.73772
1.79135	7.95592
1.27678	8.53708
2.69397	6.29812
3.02649	8.2004
2.5315	6.13996
2.59789	6.30704
4.04742	7.11183
2.72435	8.18474
1.2728	9.07328
2.30969	8.32445
3.00518	7.59737
3.4976	10.0585
1.08656	10.1277
2.76476	8.52756
3.46333	7.09402
3.33089	6.48189
0.208711	7.51474
4.10883	6.64921
2.83379	8.75462
2.72613	7.45387
0.329832	8.5492
1.85709	7.56604
2.32654	6.11823
2.86183	8.26357
1.49535	8.37451
0.272186	8.99179
0.943433	8.84176
2.6012	7.88134
0.393096	8.72262
1.74016	10.9241
2.57854	8.99188
0.96674	9.24763
0.00688363	6.40901
0.412127	6.25541
1.10999	6.50452
1.52246	7.82957
2.77175	7.85317
1.33784	7.50539
3.08937	6.77302
1.92995	9.33618
1.80473	7.40308
2.73038	6.86674
0.710324	8.80075
3.63184	9.21118
2.36069	6.22462
1.07188	8.17126
3.31476	6.8349
0.910421	7.39798
1.74479	8.5749
2.03179	8.22452
0.600624	7.27872
3.28037	6.84325
1.18088	5.85233
1.13672	8.43958
3.71149	8.98349
2.76159	8.03386
1.58362	5.80749
2.88189	7.24866
2.52511	8.93368
0.182628	6.17902
1.54414	6.24078
2.43626	7.54417
0.606426	7.10866
2.42285	6.61651
0.96656	6.86381
0.803168	6.91389
0.130781	7.24352
0.707744	10.5626
0.606019	8.44986
0.646164	9.45908
0.486233	8.43823
4.05261	8.56612
3.08945	7.77937
2.47546	7.51146
4.86358	4.82342
0.172986	9.0793
2.3864	7.2984
3.6671	6.10145
1.12526	9.10625
2.97371	8.70538
2.10089	9.1091
2.82614	7.40553
2.77381	7.71566
2.67244	8.11143
3.44558	7.5734
2.24559	6.37969
0.316824	6.6481
3.12755	6.41321
2.79339	8.74568
3.06052	7.90944
4.00501	6.92022
2.09683	8.86211
1.83025	6.87439
1.07186	6.12012
0.00878936	9.09768
0.506467	8.20979
1.26989	7.79443
3.49543	10.1845
1.09012	6.44871
1.50783	7.4736
2.32152	7.94295
2.08189	7.91493
1.90406	7.57266
1.37586	7.33702
1.92316	6.05003
2.59885	6.48185
3.47467	7.37795
1.89361	7.22442
0.747921	7.04737
4.59178	7.40442
1.32905	8.43343
2.79466	6.38521
1.16998	6.04499
2.95515	8.77768
1.5768	7.49497
1.51583	6.92957
1.15341	10.2529
2.06176	10.2483
1.62398	7.63072
0.686539	8.79536
3.31991	7.91068
3.13237	7.81819
3.1946	7.80636
3.31968	8.46733
0.624005	9.74726
3.89054	9.57559
1.12096	8.7974
1.46607	10.0619
2.36176	8.98664
2.55416	7.50651
0.758028	6.81761
1.9914	7.40621
2.54354	7.76791
1.55546	8.18693
1.6627	6.38549
1.95562	7.0918
2.28785	8.60323
2.21319	6.70211
0.498065	8.76255
0.397519	8.22844
1.00669	9.50646
1.31412	6.21666
2.24004	6.97245
3.2613	6.76734
0.480061	10.0881
1.62995	7.94334
2.44808	8.28109
3.39449	11.6154
0.718615	7.88355
1.3459	7.44431
0.0553335	8.89645
2.25493	7.17384
2.69981	8.15777
3.0685	8.902
2.62205	7.04016
2.11085	10.0043
1.79993	7.72767
3.31315	8.37481
1.81684	8.59083
3.77691	5.36929
0.251245	6.32794
1.36479	7.83132
3.15528	9.1708
0.297218	7.53294
0.940102	10.1352
1.73428	7.12756
3.23655	9.42113
0.305656	7.34956
3.57142	8.36782
2.52747	7.33337
0.87583	8.4879
1.09126	8.01802
2.41696	8.14035
0.995229	8.37944
0.175034	7.61795
1.87475	10.3536
0.412717	8.3429
0.519928	8.16389
3.82092	9.68264
2.33403	9.19977
2.92979	6.50472
0.955109	6.54191
3.3879	7.87807
2.53169	7.76917
0.804167	6.7814
3.72587	8.65183
1.69032	9.22743
2.87619	6.80219
2.22266	8.79352
1.42001	8.70769
2.8305	6.04856
0.489318	10.1044
1.82139	8.58091
1.60878	9.01659
3.15601	7.13075
0.792798	6.52486
0.853916	8.91842
1.65798	7.12218
1.92879	8.13844
2.94842	8.82873
1.22563	7.36838
1.73134	5.98658
1.41219	9.46815
1.50749	7.065
1.9005	8.53335
0.454853	8.74806
2.73329	8.58091
3.19996	10.6995
0.685791	6.65802
0.890001	7.601
2.70249	7.45655
1.39139	7.53586
2.48881	7.11834
1.30779	7.62653
0.880855	7.46281
0.493018	7.02223
2.04277	7.65305
2.18389	6.12306
0.280573	8.10911
1.45753	8.78351
0.379871	7.63491
2.47227	8.03341
2.89577	6.87222
2.81215	6.76297
1.12406	6.00955
0.237273	6.62202
1.54387	6.92576
0.618146	6.07362
2.42938	8.50341
1.00305	6.68299
0.294568	8.66751
0.702949	7.98169
0.460953	7.20657
0.445855	9.36633
3.92357	8.52807
2.17583	8.01016
0.300719	8.73588
3.60607	6.66487
1.36206	7.10903
2.51499	6.77689
3.46861	8.36748
2.15438	7.27943
1.53375	6.34051
0.835768	6.69336
3.51246	6.89068
-0.0470676	6.38104
0.271999	7.63556
1.48105	7.80428
2.47802	8.50394
0.283283	9.05431
2.28145	9.31316
1.43037	5.94329
0.73766	6.56025
2.47099	6.83779
5.20644	8.61803
0.775037	6.23949
2.33272	6.94318
2.36919	10.1032
2.80426	9.04552
2.22502	9.06815
3.04405	7.80543
2.32163	7.89692
2.61232	7.90548
2.60516	8.96221
3.04752	8.39187
2.28895	8.16152
2.72816	7.00608
1.68709	8.36753
2.90561	7.03857
0.499457	8.15881
1.2392	9.04844
0.924258	11.175
0.284073	10.7329
0.379215	7.92297
2.59343	8.66271
1.89123	7.71374
2.79948	7.52719
5.74453	9.74576
2.01525	8.12454
0.760632	7.92403
0.105474	9.13688
2.98694	8.55177
2.58281	6.76738
2.07008	6.68199
0.368316	6.72611
0.806826	8.82492
4.60922	5.65368
1.73811	6.20619
3.18161	6.79312
1.26292	7.55069
0.702768	6.77184
1.81962	8.67732
2.94992	7.44366
0.106192	7.40579
4.09723	7.33294
2.25111	9.59788
2.02172	8.97052
4.40673	5.6322
2.97222	9.42249
1.83438	7.92868
0.336159	6.89412
1.39565	7.16346
2.67945	8.42374
0.229408	6.51375
3.62456	7.89935
0.410032	6.98123
1.49551	8.80722
0.358607	6.28624
3.41025	6.66939
0.114165	6.29913
2.38653	7.99352
2.34741	9.65634
0.20398	8.73824
1.4904	6.80163
0.283345	8.18451
2.38446	7.54388
1.73799	8.31822
0.379485	9.36147
-0.0287554	9.32389
2.5153	8.0019
3.66983	6.99661
0.446867	6.36544
2.26245	6.81555
3.56403	6.05827
1.47856	6.263
3.2358	8.09485
2.28087	6.70765
4.54789	8.05845
2.48134	7.10927
3.37551	8.10589
2.38484	7.25976
1.92155	7.50288
0.304368	8.52267
1.85837	7.5583
0.682082	9.34824
2.66693	7.5735
1.85208	8.84154
0.333786	6.38803
3.12687	6.46887
0.756488	6.36174
2.77983	8.0757
3.4108	6.75367
1.21997	6.94434
1.19906	7.23652
1.63024	8.45305
2.5262	7.75491
2.86335	7.52504
2.08177	6.78314
1.48722	8.21646
0.15116	7.68588
2.89812	6.4436
2.97392	7.83459
1.23978	8.04571
1.95001	7.21319
2.50737	7.85582
1.85216	8.56406
2.87553	8.02904
0.153155	9.08512
2.81805	7.51585
0.742984	7.35191
2.00233	6.17529
2.25961	7.64843
2.95964	7.73386
1.44798	6.80629
1.81575	6.16117
0.163879	8.83727
2.42943	8.3522
0.374738	9.25595
0.637984	8.2256
0.81742	8.14577
1.87953	9.00191
2.44755	6.3015
1.63329	8.59866
3.5527	7.07793
1.92781	9.53488
1.25387	6.85146
1.24601	6.44303
0.789277	7.94302
1.78367	9.28178
3.04302	7.69715
2.76315	7.29303
2.11491	8.12006
2.26956	7.602
2.22259	8.26104
1.9931	8.00088
1.91594	8.06542
1.80564	8.82095
1.97285	7.22383
13.6505	9.25701
2.85392	9.6418
1.96606	7.50428
1.57981	8.39751
2.5805	6.82636
4.21271	-7.5523
2.07022	8.62473
2.70495	6.45309
3.36626	12.6101
2.43915	9.39729
1.71417	8.50649
1.83277	6.06067
1.36502	7.77463
2.62616	10.2914
3.14764	6.68202
3.68827	6.75518
2.0878	8.74466
3.03967	5.2306
1.34824	9.07195
1.31857	9.18752
0.365384	9.7178
2.98822	8.66312
1.03442	8.26362
0.781477	7.92302
1.71671	7.92307
3.13692	8.27955
0.958614	9.34908
3.03731	8.37585
0.831196	9.30358
2.05192	8.05717
1.79397	6.89379
0.991266	6.81368
1.8131	6.9178
2.16879	7.11285
2.77829	7.53849
5.00953	4.6246
0.453595	8.42746
1.04215	8.59849
2.94814	7.96618
4.09435	7.518
2.84317	8.74248
2.92321	8.19485
2.30981	7.75054
3.01482	8.89889
1.52664	7.78195
1.0152	8.7836
3.69677	7.04365
2.45217	9.04723
1.45251	8.48669
2.53428	8.33663
2.0162	9.31993
2.27212	8.48058
1.89789	7.81118
1.45821	8.19658
1.43511	6.14976
4.19922	8.60156
3.25581	7.08994
0.23383	7.83719
2.15079	8.32883
1.73294	7.72528
1.99144	7.93472
0.117279	8.75627
4.53413	6.32175
1.62369	8.37157
2.17899	6.59921
0.9457	8.29576
0.821411	8.03822
-0.0487924	7.01768
0.676857	7.34374
1.31161	5.95311
2.11505	5.98593
0.407872	9.2714
1.34152	6.6499
0.000748324	7.39152
3.53768	8.40797
2.43131	8.2536
2.96006	8.5549
3.4416	8.20867
1.74206	9.83474
0.702613	9.17699
2.20395	7.36517
1.98134	6.83908
2.16276	7.02345
3.28552	9.42358
2.26541	8.3427
0.208846	8.46234
3.30345	5.98701
2.67009	9.92135
0.937369	8.05624
0.377392	8.22359
7.53174	1.34911
1.95594	7.57699
0.940154	6.86326
3.30548	7.40296
3.16559	6.58761
3.79558	7.14118
0.404384	7.14804
2.9345	8.56139
0.164214	7.23554
2.73208	7.64053
2.73553	8.97919
2.09001	6.03001
7.61593	4.8644
2.66572	7.55461
1.47838	6.81043
0.949957	8.82834
0.816727	8.7457
2.28708	6.60571
1.51987	6.88727
4.27779	8.12025
0.954464	8.80783
2.23327	7.45789
2.5561	7.14239
1.64206	8.82333
2.34351	7.25708
1.12359	6.41067
-0.0383015	8.11619
0.426511	6.15635
0.619359	9.53071
0.156728	6.44303
3.75956	10.0804
2.09124	8.54225
2.96631	10.6108
2.72437	6.19224
2.60623	7.96855
1.14806	8.86344
3.23348	7.8491
3.77596	8.92313
1.86275	10.5172
0.386748	6.77462
2.41363	8.84861
2.01078	6.79284
2.96267	10.2845
0.545027	5.92188
1.70548	7.44942
3.16881	8.99938
4.28832	7.83255
1.85424	9.0435
1.00727	7.00727
2.40293	8.31666
2.96164	8.59249
2.13945	6.54227
1.87014	10.0192
2.99746	6.40675
3.1275	10.9079
0.706402	8.94983
3.79564	8.64565
0.469631	7.4097
2.13314	8.09885
2.31753	6.51877
1.35662	5.94903
0.409941	8.32573
1.93779	9.6803
0.673627	6.41312
1.90197	7.58499
1.02592	7.05095
1.17651	5.90928
0.503751	7.90551
2.21424	8.04382
1.53765	6.37325
1.51865	8.36018
2.13855	8.55849
1.48443	7.06728
1.89583	7.80242
0.727464	6.07436
5.0347	12.5002
1.22922	8.33305
4.80555	7.79087
1.50806	8.24103
1.0318	6.12596
1.99864	6.42315
1.60844	8.3408
0.856044	7.55313
2.45066	8.37181
2.23164	8.44998
4.32156	9.57231
3.63637	8.43683
3.17106	8.65408
3.62235	7.5449
2.73408	6.42259
0.56023	8.68341
2.28726	8.01523
0.8828	7.55382
2.31382	7.05104
2.01736	8.04921
1.70347	9.54159
2.71266	7.56846
3.84501	5.80071
2.61983	7.06642
3.44537	7.77688
2.37351	10.0107
3.48936	8.50373
3.31271	8.01128
1.51113	7.35081
0.900409	6.63932
5.34195	7.34372
1.08196	8.09231
2.06607	7.69196
0.516201	9.51146
0.184604	8.48293
0.525491	6.60363
1.35875	7.92622
1.43532	6.2691
2.57538	6.50554
1.22608	9.9491
2.42799	7.38132
2.17271	8.38732
1.34349	6.98544
2.08216	7.43382
1.70849	7.17278
0.767246	9.56646
1.39247	8.69616
-0.211533	9.02184
2.28243	6.92153
2.58772	7.49302
1.55324	6.46316
3.8794	8.93871
0.985214	10.8578
1.51955	7.41952
1.84253	6.59592
2.49812	9.48414
2.50343	7.6633
0.131638	7.47291
2.61543	7.20635
1.05531	10.0207
1.03373	6.30817
2.05183	8.52206
1.4763	6.46706
2.18838	6.99578
2.19166	8.19402
1.54528	9.22867
0.937017	6.78841
2.83301	6.31409
2.05199	10.0537
2.36325	8.63986
3.5717	13.7046
1.27515	7.46356
3.83873	7.40773
1.74305	7.85803
0.614857	7.68488
0.681346	8.47471
2.93676	8.14887
2.67734	7.98671
0.607522	8.0129
2.61941	7.20699
2.99286	6.24905
0.933395	9.84246
1.3806	10.829
2.17312	8.15612
2.65343	8.78998
2.40317	10.6241
1.94627	7.78391
2.43971	6.61254
2.19489	7.40177
1.74744	8.04183
3.04083	6.79247
1.03609	8.01988
0.8907	7.2152
0.184724	7.44675
1.96833	9.02788
1.878	8.23192
2.68956	8.77937
2.66833	7.43015
2.11796	7.42231
3.02299	8.90606
1.58176	8.76601
2.47633	8.19889
2.79632	9.30541
0.98755	8.7258
0.897652	6.99377
2.52144	7.83045
1.60692	9.32027
3.31206	8.48087
1.2671	9.65916
1.82689	8.74492
3.1972	7.20423
2.92463	8.1431
1.84968	8.22812
1.76939	7.59379
0.0609829	6.64308
3.67235	7.8909
1.99816	9.33143
2.70081	7.4679
3.22423	6.34319
1.9267	6.34316
4.53314	7.10591
1.4272	7.76216
0.68963	8.07103
2.20454	8.07539
6.66305	7.74569
1.71644	8.67484
0.662826	9.5077
2.35742	7.1489
2.86639	9.11107
1.01677	8.6571
3.59447	8.26421
3.70585	7.65295
2.25309	7.85022
2.97909	6.25681
1.56087	6.27302
2.87823	9.10652
1.49116	6.39124
0.12926	8.95293
3.14644	7.69363
1.17036	7.44522
2.84118	7.10022
3.97938	5.71755
2.87265	8.62836
4.69801	7.91996
2.65609	5.93868
3.47346	9.60842
2.75745	7.77849
1.8126	7.22021
1.20095	7.31943
0.168534	8.88786
2.474	8.31255
2.98032	7.91509
1.69029	9.43226
2.82662	8.22763
1.43426	10.2705
4.1394	10.0693
0.846561	8.81681
0.840324	7.43317
2.58191	8.04704
1.69191	6.95757
5.62699	4.92601
1.89462	9.92928
0.809457	6.04061
2.67602	7.91286
1.00736	6.87496
2.3007	8.50441
2.39724	7.68206
2.24903	8.7833
1.6697	7.71375
0.688592	7.85999
1.12168	9.08981
2.63357	7.44564
2.56737	8.69209
-0.109418	8.52432
-0.249784	7.05979
1.57908	6.89636
2.16864	6.62544
3.01185	7.32243
2.41725	8.43428
0.264181	8.62223
0.413337	7.7868
1.07782	7.47468
2.99042	8.35757
1.51694	7.59271
2.05806	8.98546
2.74599	8.12636
0.746163	7.5079
1.63749	7.76178
0.709557	6.52391
1.21686	9.26099
2.39762	7.15657
1.74564	7.64223
2.98137	10.5953
1.82453	8.73884
1.63064	6.53029
0.590179	10.2415
0.446102	8.24771
0.461039	8.46556
3.87756	9.37173
2.38773	6.96358
1.82928	7.64635
1.60654	6.76681
1.99511	8.26928
1.90207	8.56095
0.379923	9.02206
1.80542	7.32006
1.59748	8.79428
2.33253	9.48426
2.16108	6.87719
2.381	7.00969
1.81262	8.70532
2.685	8.99603
1.65408	7.88813
1.84877	8.40089
2.76477	8.4489
2.29794	7.21111
0.480309	9.29007
0.209143	8.77122
2.55289	8.03656
0.31203	6.9634
2.84728	8.07462
1.39422	7.46713
1.69339	7.79124
1.30143	6.12695
2.02432	8.69533
2.42168	7.29029
0.673357	8.64026
0.7177	6.0034
2.4615	7.42889
1.71288	7.25338
2.93706	7.03
1.35522	6.24841
0.761203	9.71446
1.71677	8.42973
1.39729	7.69298
0.633986	8.28084
0.851184	9.43548
0.894303	7.68808
3.52164	9.41525
2.46184	8.5701
3.87471	8.47258
2.81674	6.63027
1.46483	7.35561
-0.14869	9.56824
0.775787	8.58139
0.835345	7.68618
2.7581	7.44485
3.03526	6.0129
2.79602	8.95006
2.60832	9.25501
3.23305	7.94369
2.42816	7.59498
2.59359	8.00801
2.3933	6.95467
1.95716	8.95336
2.96746	8.6055
1.83603	7.1728
2.13298	6.36236
2.53338	6.24411
0.825529	6.17114
0.828443	9.36925
1.70038	8.4416
0.715468	8.34863
3.97493	7.16379
0.620694	7.08806
0.216151	8.87977
-0.0433961	7.67852
3.83157	7.46535
0.372476	8.60724
1.99146	7.51417
2.30985	9.54969
3.18959	6.69859
3.09195	7.42094
2.27815	8.58385
1.53162	8.43044
3.7047	8.36644
1.2876	10.7596
3.15527	6.59829
0.424347	7.5738
2.06464	6.11675
1.53493	7.83515
1.64536	8.30288
0.320496	7.98879
3.64418	6.92754
1.39284	7.30074
2.27521	7.66993
1.2853	7.97698
1.74679	8.19229
1.73687	6.13414
1.53893	6.14403
1.73394	6.87015
2.91794	7.14914
2.42081	7.28479
3.13732	6.30519
1.27014	8.76797
2.26837	6.26799
1.99519	7.53221
0.369035	7.77086
1.14322	6.37234
1.45508	7.32303
0.689501	5.86084
3.0349	7.16406
0.53356	8.31187
0.32849	7.346
0.324101	8.71561
1.98107	6.30007
2.75747	8.58957
2.56345	6.68335
2.04163	8.32022
2.76338	6.42854
0.0217868	6.55992
2.27679	6.46014
4.25621	8.08763
1.13377	8.55294
2.3832	9.62287
0.712349	7.8947
-0.326432	6.07521
2.33113	6.97427
3.66563	9.59519
2.59684	7.26613
1.82466	9.58985
1.01391	8.31016
1.1658	6.55889
4.68782	5.98126
4.18804	5.38961
2.81407	8.46044
2.3902	7.86268
1.78934	7.37667
0.290921	8.34602
0.115462	7.09489
1.7166	8.09454
2.3278	9.87494
2.32397	7.07069
2.88315	7.94649
2.36096	6.86102
0.744092	6.44235
0.813688	7.89212
0.234978	7.40456
1.84366	6.48428
2.52245	8.04707
1.9621	5.98758
2.43202	8.77557
2.28522	10.9053
1.28415	7.04599
6.97721	-2.23797
3.03829	10.1369
0.299728	11.0723
1.7642	7.91733
2.44843	8.98477
2.21652	7.82954
1.76491	7.79896
1.61565	7.35165
2.35201	8.33401
3.11359	5.79714
2.15918	8.65561
2.16815	9.49994
2.83467	6.37844
0.495731	6.38017
0.0580897	7.70714
4.26811	8.69222
1.53554	5.93175
2.66693	8.13112
0.634141	8.36329
0.269602	8.18083
2.07108	7.6306
1.22172	9.20985
1.18654	8.49322
3.93308	9.17126
3.2048	8.90103
0.863989	9.12561
2.51675	7.74181
3.7657	7.10324
2.56992	7.63842
1.83545	9.54897
3.02332	7.45736
4.45323	8.16291
5.18592	8.48489
3.03441	8.27039
1.48725	9.04612
1.39195	7.07113
4.03164	10.1246
3.02939	6.681
2.13288	8.40326
2.25353	8.85297
2.09795	6.16136
3.42321	8.27116
2.07553	7.43937
3.93966	7.77262
2.31003	9.26362
1.35174	8.33195
3.9492	8.22774
1.31136	6.41119
3.28692	5.53879
1.45284	7.23276
0.0447314	6.7456
1.46115	9.64872
1.90075	8.04073
2.6839	9.73113
12.2728	-4.07416
0.904885	6.30242
2.38019	7.65595
0.629912	8.64442
1.88732	8.04041
0.305669	8.65961
1.4147	6.46507
0.970147	7.33661
1.14315	7.73349
3.27211	10.5122
1.65992	6.70845
1.39693	8.83256
-0.12367	7.65939
0.0515615	8.54872
2.92337	7.87576
0.391419	8.8743
1.52342	7.79234
2.14673	8.9282
1.19375	8.1528
1.20305	7.10844
1.94728	8.32717
0.913232	8.18108
0.303445	7.6595
1.9719	8.76212
0.955952	7.01032
2.48122	7.35396
2.63996	7.76266
1.52905	6.04025
2.14126	7.92778
0.525041	7.24436
0.590766	7.70714
0.755707	7.12402
0.34844	7.7637
2.44948	5.93591
1.10972	7.74363
1.65861	7.63139
1.35305	9.35972
3.36611	8.76025
2.9163	7.95067
0.596742	6.93174
2.08299	8.15588
1.62863	7.24669
3.78591	8.05145
3.61082	6.08379
2.13013	7.87871
4.81074	7.65935
1.92042	9.33517
2.70748	7.13551
1.41372	8.44959
3.47882	6.14453
3.04289	10.0452
4.50882	8.79016
3.93511	8.69075
5.57783	10.291
2.10608	6.95608
2.44835	8.0372
0.842966	7.16859
0.346294	7.82219
2.56232	8.33852
2.20895	7.14666
2.81171	7.47593
2.87475	6.35372
0.250548	7.6711
0.241442	8.17407
3.27999	9.26563
1.20096	7.53768
2.88037	7.46311
0.235268	9.29138
1.51709	9.99049
0.0801089	6.75771
1.44048	7.51924
0.13739	7.86158
3.03779	9.59928
0.581228	8.8222
1.34836	8.27956
1.06937	7.86541
1.5807	6.72553
3.03092	10.0098
0.784817	6.22775
1.74335	8.04691
3.17913	7.22475
1.21092	7.02749
0.318021	8.66808
2.521	8.05473
2.40864	6.8112
2.57288	7.77546
1.74759	6.67833
0.365831	8.87436
1.37901	8.5643
1.90246	6.47614
1.13602	8.37507
4.82113	10.3205
2.55706	9.56095
1.45616	8.68283
0.25404	9.73843
2.44558	6.92544
3.0361	7.30515
2.84136	9.16024
4.45404	5.75574
1.14068	7.86638
2.90762	7.67553
0.509274	8.28815
0.518214	7.18984
2.05279	8.44069
1.46938	7.42528
2.71376	6.55567
1.36013	7.30597
1.77626	6.91945
0.741476	6.56347
1.44931	7.889
2.92965	6.78811
0.229858	7.1254
2.94621	6.12399
0.967248	7.07063
0.688816	8.38545
4.88556	9.34005
0.534507	7.57732
0.849826	6.46095
0.444246	10.1507
0.27044	6.82786
2.02935	7.20373
0.553047	7.95013
0.947943	8.20749
3.04765	7.18899
2.49119	7.53246
7.95652	7.72656
1.83154	8.52452
2.75524	7.87324
2.65897	7.95449
0.399429	7.89783
1.22648	7.27114
3.15684	6.90956
2.47172	7.30882
2.92086	7.50397
2.92845	6.46907
0.986381	7.73366
0.309135	8.35574
2.57287	7.66099
3.42571	7.28544
3.12948	6.41163
2.8612	8.44676
3.73238	7.14635
0.864605	6.43678
1.0127	7.93334
1.11452	6.49998
0.604436	8.57442
1.09784	10.513
3.25178	7.53128
0.564853	5.91076
1.4763	6.71289
3.27249	7.77725
3.25108	4.8575
2.31675	8.44529
2.06154	6.6004
1.00478	9.15449
1.96445	6.83732
0.451047	8.46205
2.87129	8.93981
3.55264	10.7919
4.06139	8.37141
2.60221	8.51266
3.81644	8.25843
-0.118269	9.29655
-0.0402722	7.25393
-0.0922937	9.46235
2.59578	6.8992
2.15741	9.1077
2.20126	7.66814
2.19882	8.14116
2.65155	7.81613
1.70098	9.22714
0.848349	6.42109
-0.0294582	6.22633
5.28059	6.39302
1.64496	8.74254
0.535421	8.06899
1.40002	9.41938
2.38541	7.89408
0.901298	5.98285
0.67058	7.0246
1.62461	7.01403
1.49419	7.40715
3.64337	2.5587
2.55576	8.99788
0.931208	6.2284
2.03967	8.14024
3.17418	10.2225
2.14186	9.78891
4.07536	7.58078
1.3569	7.14405
2.89004	8.52222
2.67065	7.61895
3.07449	8.5482
1.71542	9.63552
0.281241	8.30445
1.14814	7.90952
0.518955	7.68867
0.698154	6.72594
1.97279	8.53519
3.51171	9.08335
2.3418	6.49429
0.759482	8.77435
2.71391	8.74884
2.72242	8.38887
1.45584	7.88221
3.0213	9.41419
1.66083	7.73678
0.164932	9.2632
2.68882	8.57654
0.433663	9.14058
2.20988	8.58414
1.64195	7.21105
0.0738708	6.92577
1.84475	7.4569
2.38292	8.07256
2.606	6.67414
2.62997	6.92316
0.636131	9.57313
2.98911	7.4801
2.87515	7.12449
0.604128	8.94689
1.3792	7.66463
2.32967	7.75246
-0.148647	6.67013
0.292378	6.19951
1.24321	6.54335
1.79756	9.00586
2.85404	6.77274
1.66934	7.8921
1.00346	7.61459
2.91158	8.61596
2.27824	8.83284
2.01091	6.89554
2.58016	8.37284
0.45573	8.83724
2.10112	7.40825
2.29025	8.52029
2.04532	6.06258
0.675217	6.99644
0.599586	7.89896
0.513849	6.61104
3.50152	6.0818
0.037371	7.24161
2.85984	9.14563
2.32178	7.59239
1.23809	7.00118
0.400342	8.27166
0.279216	8.83304
2.19381	9.53627
0.339613	6.06898
2.42377	9.242
1.94317	8.71183
1.8654	7.71573
2.54304	6.35735
2.06009	7.98091
2.26515	8.7055
1.27474	7.51119
0.0539778	7.87575
3.77623	8.17411
1.21473	8.09614
0.878355	8.31824
1.11561	8.96665
1.72918	6.706
2.08935	7.4956
1.12837	8.42646
3.11145	6.93159
1.28359	8.99446
1.05492	7.90283
1.79346	8.39559
2.32371	6.82401
2.56059	10.5959
0.1332	8.87922
0.391917	9.93623
2.69645	9.31837
0.852077	8.2788
1.97704	7.96435
2.05656	10.0106
2.86437	8.51488
3.00089	6.70995
2.68384	8.23019
2.38625	9.46427
1.42406	6.02904
0.196862	6.10132
3.40917	7.18713
2.57813	8.54635
0.937802	8.93599
3.49881	6.44069
2.67593	7.43958
2.28966	8.77061
0.733019	6.36133
1.97749	7.12846
1.00044	7.06301
1.46857	8.59615
2.83897	8.56428
3.51109	9.17131
0.80608	8.79669
2.20633	7.66005
2.68291	7.77203
2.07068	7.97212
0.0339181	7.83237
3.5676	7.13498
1.64417	5.93933
2.85621	7.70886
1.7131	6.60442
0.165286	6.64904
3.17656	8.33165
1.27212	7.16307
3.53616	9.00435
0.862149	8.39156
1.81194	7.61225
2.1636	8.38633
2.35821	6.95467
0.57803	6.54526
1.16865	6.65387
1.97581	8.4965
2.57988	8.94185
1.52155	9.05236
3.47706	6.78093
2.60665	7.35716
2.20187	5.98463
0.453855	6.72689
0.343466	7.40885
2.02758	6.15423
0.881227	7.41257
0.422643	7.94468
4.43392	8.0262
2.83816	10.7575
3.03115	8.10187
3.11658	7.15411
3.92667	6.31137
3.72045	7.64463
4.51251	6.95318
2.13662	8.56584
1.24998	6.71512
3.50758	7.79801
2.59502	7.18758
2.41974	8.25108
2.62238	8.2451
2.9209	8.34359
3.02951	7.12214
0.680403	9.89454
3.29441	6.97788
4.80501	9.42425
1.11093	8.45752
3.97015	8.78482
2.32757	5.93064
3.58109	6.53831
1.30765	7.05387
2.95626	7.65064
1.26706	7.9515
0.754236	9.03601
1.07142	6.68742
2.69133	5.88013
5.50353	5.44065
4.95507	7.95998
2.36225	6.48883
0.250134	7.38414
1.81384	7.13307
1.16236	9.86309
0.38675	8.63521
0.859068	8.72426
2.43644	8.61616
1.08264	7.25813
2.00177	8.19724
1.27331	6.33699
2.20402	8.97717
2.5949	8.24022
1.59359	8.19839
0.554935	9.04145
3.79501	8.85726
1.83977	7.92942
3.53391	8.75904
0.385719	10.2937
2.48576	7.59367
2.96594	8.67547
2.45598	7.38594
2.24508	9.30088
3.3402	10.3574
0.25454	7.68082
2.36694	6.86028
2.47388	5.83409
2.55442	6.36434
2.57333	7.30756
3.76876	7.44572
3.09576	6.23983
2.63111	7.40266
2.48441	8.34087
0.675018	8.84537
1.3667	9.46035
0.655738	7.53377
1.16094	9.29279
2.61185	7.99604
2.14553	7.97416
0.307505	7.18963
1.42908	7.88553
2.10904	7.81099
2.10797	7.53434
1.70907	6.71867
0.0311507	7.32156
3.6846	8.10615
1.91601	8.66957
0.992592	8.62791
0.751482	7.01964
0.889668	9.39695
1.06179	9.99481
1.69999	6.48005
2.40176	8.81216
2.3024	8.81101
0.765757	8.78332
0.486353	8.06744
2.30202	8.91949
1.74454	8.08821
5.12593	5.48188
2.45626	6.58456
2.17426	6.79677
1.03477	8.22463
1.9368	8.91653
2.33075	7.70348
1.80444	7.59292
3.13847	8.02729
1.96009	7.67946
1.45996	9.08731
3.37311	6.95221
2.61971	7.6939
2.73306	8.15766
2.14081	7.18976
1.64999	7.78261
1.18126	8.05361
1.72237	8.56455
1.06069	7.73627
2.08079	8.03384
2.41934	9.03189
2.60475	10.1994
1.37915	6.51745
1.40925	6.32719
2.86514	8.58971
2.63211	8.20771
1.7658	9.91896
2.55855	7.60472
0.513745	9.23137
0.65067	8.14292
2.36577	9.29711
0.0702908	7.38808
2.53767	5.93135
2.0832	9.38864
1.3264	6.89369
1.75727	8.51678
0.958437	8.43537
0.677073	9.68444
3.73618	7.2034
3.2806	8.85585
0.971545	8.96617
1.75131	8.61912
0.448303	6.79915
1.75588	9.29686
4.24154	7.25791
0.54558	7.51406
1.55215	8.1953
2.28538	7.30143
2.43896	7.98709
2.95007	5.9368
2.5735	7.09599
1.55249	7.16768
0.689079	10.0545
1.83104	7.17832
1.85081	9.75788
4.13657	9.6258
1.07148	8.20367
0.844568	9.33696
0.268536	8.17468
3.16586	6.82176
1.62209	7.2414
1.77815	6.80647
-0.203809	7.84218
2.79647	7.50024
1.05723	8.80112
10.4324	3.69613
2.6681	7.23722
0.756398	9.24271
3.38694	6.01399
1.12562	8.32254
1.5557	7.99745
0.612991	9.55769
1.00201	7.22284
1.67118	8.41177
1.46158	7.3599
0.752425	8.116
2.46147	7.04848
2.06795	7.72417
7.70348	11.8899
3.63152	6.19788
1.20382	8.54315
2.94713	8.17416
2.11765	7.75287
2.24043	9.27217
0.920043	8.50951
2.89857	8.39385
1.00006	9.30885
1.1376	8.53625
1.15465	8.74714
1.20366	8.70574
0.710515	6.70756
2.2611	7.25919
1.34184	9.33902
1.99524	7.52025
0.775887	8.21726
2.39205	6.18104
1.70885	7.92301
3.39069	6.24192
3.37568	7.40004
2.2686	8.31848
1.69804	8.60064
2.44453	7.28304
0.467529	8.10819
1.14912	9.11228
2.64616	8.46611
1.33115	7.33689
5.13618	10.9776
1.99328	7.81048
0.94314	8.92523
4.18801	8.80561
1.35617	7.90159
-0.10254	8.42663
2.30773	7.05369
3.98134	6.14653
1.78139	6.96924
2.60254	7.46779
3.38377	8.59621
2.97073	9.21987
2.79715	9.64038
1.74585	6.60355
3.29149	8.25927
1.04494	6.92407
4.67608	7.43424
2.72705	7.00323
1.90334	6.88326
2.93213	7.28727
0.0722841	9.34473
0.78002	7.72476
0.98755	6.79498
2.3384	7.25975
0.234604	6.39281
2.71062	6.10492
0.555544	7.50618
3.06168	7.1011
2.94078	7.3923
1.43172	9.19085
2.26752	6.76054
2.87774	7.84486
2.5479	8.34826
1.36846	10.8872
2.44297	7.58812
1.13752	7.92474
4.32558	8.16783
3.82138	10.0261
1.48223	9.37881
1.78737	7.3724
1.69596	8.26276
2.64793	6.85735
1.87573	9.69585
0.643687	8.00624
1.78869	6.59643
0.814483	9.70056
1.40136	7.01238
4.26763	8.18352
1.30545	7.34192
2.96487	6.97039
1.13776	8.4512
1.85677	7.89472
0.534996	6.33894
0.116687	8.21898
1.80158	9.53381
2.72293	6.45731
0.470029	6.43496
2.14724	6.13004
2.27746	7.32014
3.05849	9.53871
1.81302	8.49436
2.12411	8.52226
1.13426	8.2439
1.93011	9.14009
1.03031	8.0447
3.05731	6.17076
-0.148522	10.2904
0.502	6.01678
0.221634	8.59816
0.903589	7.04708
2.83625	9.29787
3.79358	8.45463
1.22572	7.4394
3.53422	10.3864
1.57405	9.70095
2.30748	7.28108
2.7506	8.09605
1.94115	9.04721
1.0423	8.19802
2.25166	7.01315
2.21709	7.52561
2.11957	8.89769
1.85957	7.76958
2.07192	8.43682
1.89749	7.84259
2.22946	6.641
1.23812	7.75018
1.73391	6.24051
0.127942	8.523
1.49364	7.55749
2.80037	6.99743
2.32261	6.99712
3.06489	6.48739
1.15689	6.07481
1.92677	10.0478
11.247	10.0389
0.559469	8.21916
2.30995	10.245
1.94709	8.38547
1.83879	9.40053
0.516445	6.70195
2.15437	9.28485
1.17199	6.5477
1.2639	8.38388
1.09927	6.63374
2.44379	7.62868
2.24586	7.66059
4.02349	9.5004
2.35644	8.52738
2.54365	8.90747
1.59595	9.11163
1.47155	8.37379
2.51429	8.74607
1.93618	7.82912
1.76228	8.45566
0.852848	7.86653
2.03628	7.39673
0.487362	7.35183
0.540869	8.09683
0.547911	7.1355
3.05348	9.25964
1.6569	8.31161
2.84972	8.86101
2.28023	6.33411
1.69096	8.79466
1.86513	7.0085
2.49731	6.32751
2.01273	7.15465
0.588778	8.19179
1.20589	7.3895
1.2031	7.73278
0.275475	7.61342
1.21162	7.48267
2.19537	7.44918
3.42038	9.68959
0.675756	8.40136
2.52689	9.66215
2.21682	10.1116
4.61372	6.21145
0.994733	6.21493
4.6922	6.84579
1.39277	8.99678
1.88026	8.52544
2.54429	6.50636
2.96918	9.20218
2.21088	6.59138
1.96353	9.06643
2.24988	8.76564
0.477842	7.62351
2.05524	9.17162
1.31088	8.76849
1.78078	9.48078
0.967599	6.54863
3.5006	9.66
1.962	8.28093
2.14177	10.0764
2.15041	7.43181
2.29017	5.97019
3.91841	7.68884
1.54056	6.4837
1.70877	7.07625
4.44073	9.40484
0.105819	8.95803
1.97894	6.88815
2.26665	6.87104
3.24777	9.38298
-0.184838	7.99651
3.18667	10.0038
0.850022	7.8211
1.9254	7.16999
2.79528	6.28897
2.21542	8.76801
1.62876	7.43265
3.26497	8.50589
0.354392	6.12295
2.97075	7.44014
1.17523	6.58689
0.400069	7.04987
4.01978	6.91435
1.4654	7.09633
2.63241	7.55136
2.13745	8.10182
2.05185	6.16881
4.99636	1.2896
2.89854	7.69955
2.84979	8.86687
0.525456	7.21906
0.286524	6.6498
1.50626	8.48079
2.67941	6.12343
3.67128	8.45059
8.0391	10.029
0.574285	7.80466
2.45834	9.2787
2.4967	8.32535
2.89247	8.66358
-0.148028	8.95782
-0.0950146	8.86885
1.88804	8.59201
1.52832	8.81751
2.28661	7.43926
0.688037	8.02881
0.355089	7.26459
1.27234	10.2669
3.16239	6.33236
0.522956	7.32695
2.11771	8.05667
2.79466	8.20023
1.47315	7.07568
3.02681	9.43145
1.88512	10.3631
2.14769	8.48316
2.49052	6.69099
1.88224	7.49985
2.87428	7.36727
2.12874	9.30002
2.37185	7.22677
1.45338	8.97613
3.35525	6.25435
2.07915	8.40887
1.54738	7.68325
3.50076	8.06714
0.968316	6.76813
3.16918	6.35314
1.46315	8.34119
1.0156	6.47635
0.544518	9.37569
1.25904	9.17602
1.21314	8.46651
0.944126	7.2292
0.720013	8.49144
0.850361	8.7495
2.31437	8.88875
1.91893	6.97898
1.17748	7.56136
0.721626	6.98854
2.47329	6.69273
3.62227	6.17911
0.949538	8.70702
2.57714	8.79854
1.30467	6.17511
1.72966	8.83729
3.81267	5.66364
2.09203	10.6062
2.53479	8.22721
3.38537	10.9187
1.91544	8.07789
3.32283	6.72003
0.754638	7.803
1.55692	5.86724
3.01082	9.58836
4.74481	8.90792
1.06893	7.60712
0.519785	7.12155
2.10845	7.30731
2.59815	6.75406
0.97333	9.08719
4.25794	7.45065
1.75938	5.73695
1.00235	8.72079
3.90442	7.30681
1.32119	8.92322
0.26534	8.38282
1.83296	6.14203
2.98749	9.0333
1.717	7.20454
1.73777	10.0629
3.48052	8.3879
0.0698018	7.15149
5.24393	9.41991
2.27354	7.1851
0.452989	8.86428
1.22945	8.00747
1.20305	7.5752
2.34711	6.79474
2.85838	7.62794
1.25955	10.4219
0.10471	9.0044
4.71177	7.53737
0.386032	7.92304
3.43253	9.60902
0.910034	10.162
1.25279	7.14184
2.66259	7.25114
0.891898	8.17941
0.0612722	7.12133
1.46338	8.32024
2.31323	8.9593
1.04682	8.07356
2.18088	9.69581
1.30884	6.45851
1.06094	7.37325
1.37246	7.63248
1.95219	8.83638
2.15711	5.98308
1.5113	8.81906
1.37202	7.28245
1.54982	8.15732
2.59122	7.0392
2.75682	9.40851
-0.0471066	6.45137
1.82515	7.59593
3.05347	7.75979
2.72514	8.39648
1.97974	8.19463
2.14177	10.0874
2.27396	9.24913
3.57463	5.97954
0.487559	7.20691
2.51075	8.14828
0.901834	6.5382
2.85773	6.93738
3.35405	7.92875
2.75057	8.57436
2.6772	6.9236
1.25916	5.87342
0.773979	8.42302
1.18786	9.8733
1.03439	7.77407
0.105418	8.48926
0.899188	6.17281
4.03028	7.87124
1.8066	6.52739
2.12852	8.51648
1.14041	6.45424
2.49281	7.33776
2.14406	7.54018
1.6672	7.55832
2.14859	6.71798
3.23316	9.74856
2.12741	9.97591
3.19889	9.77971
2.00318	7.54137
0.736819	6.73905
2.19621	8.20336
1.10394	7.34189
1.49592	6.53576
3.09459	6.8723
2.9477	7.42905
3.85008	10.2708
2.4024	8.31091
2.48951	7.35509
2.19597	8.65999
1.07586	9.37785
1.50599	9.03923
1.0745	7.90361
3.02829	9.04491
2.68753	7.66471
0.492202	8.93812
0.951313	6.31179
2.07645	8.30929
2.12739	6.95172
2.48533	6.49297
0.67842	6.79529
1.0669	6.7565
4.65725	8.00907
2.56199	8.42573
4.10347	7.29654
-0.00668012	8.18794
0.651642	8.75928
2.70248	6.44704
2.5957	9.25292
1.46567	6.65652
1.4999	9.18865
1.20016	10.6705
1.07411	9.83745
1.91535	6.97801
0.247501	6.35896
1.91483	6.09671
1.67128	7.40133
1.91579	8.90769
2.86533	7.50368
2.07066	7.11647
2.03995	7.07863
7.2453	8.60357
0.740745	8.07638
2.20327	8.00596
2.8665	8.44548
2.43255	7.11428
0.862656	7.17069
2.89757	9.08887
1.21128	6.87231
2.23704	8.32657
2.27309	8.21524
0.503065	7.93841
3.45738	9.23477
1.48751	7.48096
2.02704	5.81331
2.04989	8.69376
2.83937	8.63022
2.82923	8.1049
2.47744	7.72883
1.73309	8.47135
3.0387	11.6227
2.69714	8.62695
1.42511	9.41798
1.29619	7.7189
2.72614	8.80865
0.709027	10.5027
-0.10719	6.35184
0.814133	8.80096
0.869921	8.56231
0.476382	7.65811
2.46056	7.34823
1.74155	7.25057
2.31524	9.61456
2.68112	6.36533
1.89276	7.39233
2.3178	8.01321
0.867297	9.73754
1.35975	7.96906
1.14695	7.88828
2.39103	6.48481
4.01897	7.75902
1.48098	7.87073
5.61084	11.7881
0.413453	8.13639
0.761397	7.31557
1.41854	6.84949
2.69271	7.67421
2.25312	7.66926
4.22301	7.48226
1.79923	8.55148
3.33338	7.3108
0.307223	10.258
1.73606	7.21637
0.833264	8.53877
1.90311	7.15885
3.25551	6.33402
2.639	8.74001
3.23732	8.61301
2.37862	6.24199
1.64133	9.3776
2.68019	9.27975
1.43537	8.77742
-0.184544	8.63044
3.0123	9.19948
3.48415	8.04332
4.08478	9.05551
1.24095	7.40502
2.118	8.61949
2.21528	6.30997
0.256217	7.46629
2.14389	9.18841
1.03161	8.46386
1.99874	9.1066
2.5289	7.97197
2.74673	6.46775
2.48763	6.08257
0.70446	9.33145
1.42812	8.87906
2.15257	6.2107
1.53518	10.7104
2.63772	8.63874
0.347372	8.34393
0.685329	7.47036
1.17688	8.14653
0.571334	7.98092
0.316974	10.3555
0.405134	6.3504
2.57491	6.46705
2.90321	8.84276
0.655184	7.1507
2.87445	6.58577
1.67254	9.0504
2.23762	7.9341
4.69946	9.30504
1.13192	7.55623
0.669592	7.71997
0.259513	9.21647
3.82855	9.17612
1.973	7.18452
2.32989	8.67658
0.776332	7.56506
4.42355	3.84638
3.41323	8.82449
1.74917	9.63534
0.972738	9.3802
-0.0252384	9.08457
0.981669	6.18824
3.8294	8.10341
1.12356	7.83932
1.12158	6.05871
1.39758	7.23145
2.67355	7.39489
1.14794	6.58276
3.85679	7.55144
1.45784	8.59684
1.52811	6.37049
2.05817	6.67816
2.54915	9.1276
0.422288	6.97498
1.38123	8.55739
1.18253	8.06332
0.446732	7.42521
0.552626	12.62
1.29286	7.63162
1.98171	7.03638
4.33862	8.08871
2.9541	8.60823
2.2373	7.42274
1.64382	8.62713
1.77946	6.76415
1.69795	7.47014
2.64566	8.61386
2.82847	7.80814
-0.0731019	8.67226
0.0126149	8.75586
2.20374	6.90797
2.27393	8.74465
2.77045	9.15443
3.38461	7.7536
0.835872	10.5058
1.44795	8.45258
0.786403	8.42583
5.6577	1.88917
1.60937	7.51102
2.98796	8.10494
3.15811	5.64441
2.60329	9.7015
1.7626	6.9255
1.10449	9.6729
2.69756	8.28356
0.717488	7.94051
2.43705	8.89486
3.31709	7.56621
3.10423	8.41948
1.88751	7.42478
2.08514	7.6707
4.31088	7.1241
3.12176	8.50353
0.540825	8.86358
2.47279	7.23448
1.00034	8.58805
0.522904	6.60638
1.80879	6.20471
4.76009	9.23458
1.0473	7.60217
2.32595	7.79049
0.518304	6.09436
3.18864	7.21283
1.36452	6.19606
2.26715	7.60795
2.9264	7.28159
3.42383	6.95223
1.98579	7.60093
1.49897	8.06761
2.83197	8.16622
1.41756	6.7874
2.5991	7.41024
1.43926	8.89973
1.96028	6.99882
1.53383	7.10693
1.58117	6.1009
2.44225	8.87151
2.02555	6.77204
2.84389	8.76749
1.91244	9.0382
0.54396	7.52849
3.32356	7.85808
0.8253	9.26384
2.73496	7.32871
0.858283	8.62422
0.338635	8.59005
1.11475	7.98588
3.28337	8.26261
2.30622	8.17618
1.77013	6.91416
2.05005	7.18283
-0.0131739	8.03914
3.07372	8.14465
4.34155	8.17061
2.64739	10.1358
2.24707	6.52966
1.30131	7.13444
1.05541	9.88361
1.88979	8.81963
1.76316	8.93613
0.535189	7.52337
2.02048	7.90841
3.4604	9.06756
2.56543	6.33957
1.78487	7.97286
1.75864	6.23342
2.1067	10.0229
2.91697	8.54541
3.0906	7.32756
1.45484	8.51472
0.363211	8.27838
4.49198	7.25377
2.05882	8.85539
1.20878	8.59284
3.53807	7.29934
2.14087	8.76946
1.48616	7.59262
0.0493335	7.40978
1.93093	7.25039
2.90801	5.9782
2.3117	8.55412
1.9034	8.25888
1.36751	8.03823
3.91402	7.66903
1.36952	8.00703
0.761674	7.48684
1.74897	8.39603
1.60004	7.6995
1.95232	8.37862
2.08321	7.13245
0.626794	8.49846
1.95187	7.2133
0.333202	7.09746
0.84978	7.4794
2.61389	6.57934
0.657685	9.02754
0.715758	8.99991
0.157702	9.4237
2.2231	8.98552
2.58032	7.47675
1.7178	7.46837
1.1525	6.09977
2.38377	8.96058
2.50003	8.93691
1.05795	7.17578
1.2771	7.53599
0.242013	8.35672
3.18678	5.85818
2.55848	8.49916
3.23812	9.18998
0.741981	8.11304
1.32246	9.1032
3.60719	7.76318
2.4068	8.05273
2.34864	8.37447
2.65058	6.04566
3.4849	9.09565
0.632404	6.9281
0.843803	7.24308
2.1473	7.5209
0.00889859	7.96442
2.3572	7.71954
2.64922	8.68267
0.759885	5.87109
0.860096	6.95039
2.99808	7.08748
0.743143	7.35047
7.21275	11.0992
2.40488	6.35496
3.32451	7.75535
0.0316315	8.39437
1.69548	7.91666
-0.0214267	6.79337
2.73038	7.34666
1.92816	8.43265
-0.0208854	8.45725
3.51685	9.5067
1.98799	9.49102
2.74347	7.05011
1.84551	8.24428
1.59398	8.3935
0.63864	7.35098
3.94766	7.9883
1.02043	7.46717
2.6184	6.62809
2.91622	7.83552
1.98709	8.89869
2.79827	7.53954
1.20447	7.38713
0.643467	6.69601
3.33517	7.8735
3.64905	8.13926
3.62363	6.97934
1.41884	8.187
1.76476	9.36104
1.89965	8.40251
2.33829	8.30714
3.46418	7.97663
2.94553	6.80061
2.49293	7.01984
1.35203	6.95408
2.73563	8.89688
2.33257	7.49311
1.29026	8.43628
1.88285	7.66298
2.53392	7.03674
2.12765	8.65498
4.25328	7.8335
1.18166	7.02114
1.48034	6.7229
2.16146	6.77869
1.19868	7.60174
3.92285	6.66151
3.39833	5.81762
3.0374	7.48741
0.944123	6.62323
2.45436	8.9284
2.16468	7.75109
1.48584	9.09978
-0.0327025	7.17176
0.21783	7.43164
3.09696	8.43124
2.1119	7.47455
1.0973	8.39579
2.45187	8.40118
-0.0525639	8.06373
3.43796	9.22511
1.54332	7.82226
3.16273	6.76455
1.89993	8.26388
3.04922	8.00691
2.26545	7.08092
0.378189	8.30133
0.374062	8.0975
2.41391	6.38606
1.62647	7.5714
2.67648	8.02621
1.45589	7.84351
2.81154	8.06058
2.60658	8.18387
2.18493	6.06384
1.15109	9.62046
2.25926	7.42897
1.81523	7.12662
0.624292	9.16304
0.786685	7.96488
2.86789	9.00995
2.9661	7.20535
0.741379	12.1027
1.47652	5.90126
2.00199	6.39656
4.5614	8.78684
1.25486	8.87238
1.25847	8.41512
2.49344	10.4058
3.53264	8.19636
0.86506	7.5474
2.33825	8.92103
2.1026	8.49781
0.969167	7.56543
0.972107	7.17565
2.65754	7.09381
1.90875	8.28609
0.923501	8.07496
2.96952	7.29812
2.97416	8.98051
1.74615	8.04722
3.36633	7.78897
0.692952	8.26819
2.69264	7.21851
2.06617	6.63161
1.54467	8.0626
1.87662	8.96028
1.1995	8.55707
3.12264	9.35365
2.55519	8.64046
2.34188	6.69159
0.658783	7.17001
4.51241	8.00939
1.90323	7.80047
2.18747	6.87469
0.710261	7.55568
3.08031	8.71335
0.509683	6.23472
1.26061	6.86947
2.93882	7.04749
1.02774	8.65226
0.170288	8.38144
1.06652	8.6566
2.477	8.58605
3.2406	9.88913
1.39519	7.07361
1.45278	7.60858
2.02111	9.30241
3.37271	10.3721
2.15609	7.03196
2.68986	8.31052
1.38926	6.19077
2.89461	6.89986
2.69025	6.32746
0.614228	6.31726
2.54858	8.61697
1.45082	7.62547
2.86971	8.32913
2.51415	8.26925
0.189899	6.707
1.99092	9.13597
2.97635	8.40208
2.35602	7.50709
1.00189	8.95891
0.619835	7.78643
0.725192	6.86542
2.86912	6.47865
2.28427	8.89623
3.21625	8.96574
0.62691	7.96947
3.13163	8.60381
0.578025	7.55057
1.59743	8.44029
0.299708	8.56182
-0.0967984	6.70422
2.12206	8.99869
2.05686	7.17905
2.74	8.72101
2.12592	7.44874
3.88805	8.88292
3.40107	7.39449
2.46841	7.48186
2.29232	6.97463
3.58498	7.8135
3.02807	9.81244
2.69825	9.09285
3.82422	10.1931
2.81971	6.22916
1.60644	7.82188
0.364374	7.28392
3.12739	7.75607
0.0249551	6.26399
1.23394	8.70791
1.73187	8.23038
1.53517	6.60794
3.00229	5.98419
1.76702	9.95597
1.37832	10.3017
1.85991	7.36735
0.54265	6.46018
1.82293	7.26222
2.21772	6.47356
0.828861	6.70989
2.99309	8.05597
2.15366	9.11396
0.645729	10.2895
0.919562	9.13724
2.84179	8.06144
4.0267	9.2735
5.70962	8.21516
3.46379	9.17837
2.26072	7.84499
3.05866	8.92994
0.078562	8.15684
2.20649	7.68855
3.27267	8.83661
3.39291	7.2389
0.412761	7.37872
1.9327	8.61953
0.867842	8.64579
3.12803	9.09508
3.55909	8.17513
1.31087	7.83672
2.02801	7.74997
1.45023	8.33136
0.0901427	9.23777
2.33184	8.50968
1.34558	9.49015
3.93231	6.50577
1.1745	9.18522
1.57646	7.30579
1.63755	6.77696
4.35987	8.48896
0.591037	8.79831
4.49384	8.73354
2.65118	7.97538
1.06194	7.1223
1.47338	9.28015
2.03028	9.61735
3.68383	6.37583
0.209396	7.91278
3.10546	7.85469
0.310435	8.82962
2.21186	8.43181
2.40454	7.93736
1.36581	7.05846
2.29897	8.53033
2.1737	8.58511
1.8378	7.00949
1.02854	7.68559
3.14393	8.22212
1.90627	8.46791
2.71741	6.85225
2.46878	6.6271
1.49352	8.53039
0.823537	6.93126
3.3676	7.2542
2.63643	6.93345
3.39217	8.29257
2.7272	8.93723
1.91945	7.03555
0.876727	8.71825
1.54999	8.95166
2.71694	8.52991
2.52712	8.40466
2.14724	6.68326
0.927428	8.28341
3.09132	9.16163
2.35108	6.40668
1.59773	8.42339
5.46419	7.14182
1.53875	8.54902
3.85317	9.67397
4.24123	9.49016
0.800361	9.15612
2.3296	8.27342
2.61226	8.50127
3.27267	8.92558
1.57642	8.10825
3.03799	8.5913
1.39603	8.99209
2.77698	8.32992
2.20943	8.59465
1.2314	9.44688
2.29683	7.12671
3.41012	6.32658
1.60219	7.60591
3.34134	6.73151
3.86685	10.0143
2.89499	7.06364
1.63251	7.73936
1.03691	8.95551
1.52117	8.82793
-0.0826837	6.60805
2.28682	7.09042
0.705424	7.2813
1.93642	8.72573
2.97552	5.95651
1.8796	6.89249
2.23361	9.23798
2.30304	7.85587
0.702087	8.43364
2.25858	9.6291
1.83875	6.31906
-0.129739	7.82484
0.670608	9.18428
2.81834	8.12234
0.444603	7.91264
-0.0118084	6.72092
0.512861	9.01098
1.49799	6.4253
1.71904	8.08042
1.91539	7.08904
0.283315	8.08568
3.68802	6.89723
1.70353	9.34073
3.11872	7.25014
3.94341	10.0972
1.31952	10.2091
1.58462	8.60785
2.61597	7.76893
1.02319	8.77894
2.00622	7.57276
2.57687	6.49894
2.33386	9.22679
0.159914	6.86978
1.73734	6.67358
4.03131	5.07642
1.13603	7.82098
1.04514	6.47811
0.592816	7.88284
0.297903	10.0676
1.57688	7.64071
1.4624	7.70629
0.462724	6.90321
2.53278	9.21231
2.33203	6.38404
1.03261	6.14088
1.60499	6.16878
0.354099	8.64891
1.83261	8.0628
-0.0228417	8.09008
1.36693	6.76564
2.64571	7.33652
2.39127	9.91457
1.61934	7.62457
1.41902	9.41044
1.66719	8.16159
1.54736	9.20668
2.68849	6.73984
1.21357	8.82113
1.56024	9.14907
1.84337	7.26627
1.71838	8.81775
2.71365	6.25623
3.21422	7.81074
2.23181	7.82211
2.72562	8.8687
2.77153	6.27505
2.92042	8.38757
3.09026	6.5926
1.68445	8.97184
1.11197	8.60167
1.95337	6.15452
2.40233	6.90076
1.00219	7.95384
0.138481	8.77125
0.848986	9.05403
0.805883	6.58294
0.647706	8.11693
2.36383	6.96008
3.26398	11.7542
1.21454	8.12926
2.79285	8.78016
0.759236	6.04094
2.38328	7.26961
0.488267	6.69268
2.5506	6.85732
4.61703	8.64136
2.38959	8.14247
2.79131	8.64281
1.73549	7.90262
0.258502	8.98239
0.333769	7.96965
0.468607	6.29329
2.84561	6.508
0.940913	6.48647
2.42927	8.14617
1.64247	8.89778
4.10267	7.97778
1.64858	6.50602
2.90051	8.94726
1.68421	8.2408
2.92557	7.94394
1.57749	8.48867
3.10194	9.06149
3.89294	10.5714
2.13523	8.70069
0.764771	6.66244
0.860091	7.34218
1.81557	10.7443
0.935279	7.5873
-0.00215033	8.09024
0.359039	7.02071
0.0418659	8.05524
-0.0458261	7.63943
2.65144	7.48649
3.08265	10.4013
2.12557	7.93086
0.714563	10.0929
0.135647	8.86359
1.47519	6.87191
1.63488	6.53688
2.94202	7.29084
1.64047	7.48106
2.78601	11.846
6.50449	2.08392
1.16539	7.37073
3.89517	5.65682
1.46013	9.58554
1.93132	8.53812
2.04783	8.1948
2.00953	7.62681
1.57934	8.93713
1.63208	8.62432
2.7922	8.03453
1.32079	7.10482
1.06534	7.00608
1.4592	6.85549
1.94885	7.94686
1.2755	8.82808
3.45756	7.18048
3.47888	5.12348
1.39514	9.37766
2.3831	7.97092
3.27877	8.50193
-0.10731	6.73622
0.67918	10.3332
1.41198	6.9242
3.41641	7.40888
1.13144	7.95821
0.977801	7.63596
-0.0471589	6.5654
1.11681	8.41816
0.455617	8.78108
0.604261	8.71916
0.905179	6.79687
0.566423	7.56905
2.15361	7.7617
1.40601	8.77611
2.30742	7.45425
8.08021	5.74988
4.74026	9.17106
5.56417	5.0809
0.988423	8.31014
1.85041	6.48373
0.474735	9.22993
2.80763	8.457
3.62531	7.86703
2.40218	13.9533
2.26637	5.87236
1.55735	10.3828
3.44898	6.18155
2.62612	6.62824
1.86824	11.144
0.765861	8.07157
2.79402	8.04236
2.60328	9.29037
1.98034	6.63248
1.58204	8.31304
0.00392027	7.14648
2.28858	6.34606
1.63213	9.8897
2.43418	7.46409
0.113676	7.14514
2.89075	8.36832
2.20473	7.52395
1.07238	6.36982
1.62344	6.99282
3.01122	8.78926
3.06758	8.6886
2.16188	6.57879
3.59562	7.95577
3.08328	6.99683
3.16471	5.66513
0.263541	9.14451
10.5008	4.90664
1.73092	8.28048
2.98269	5.93028
1.43153	7.38898
1.72643	6.38056
0.201487	7.66875
1.32422	8.61356
2.77396	7.79939
1.17033	6.11323
2.67561	7.67331
1.34346	6.92539
2.58831	10.1112
3.52837	6.81349
2.36277	7.07605
3.77788	7.32172
1.32444	8.16163
7.94433	6.73049
1.27172	6.8823
2.75585	8.40927
2.13512	6.97001
0.723828	7.2836
1.29809	6.41323
1.62795	7.90127
2.17556	8.66371
2.06193	7.5691
0.768265	8.84976
1.92857	6.60908
0.922989	8.47575
1.9731	6.12514
0.81812	9.96577
4.54148	6.16398
1.94922	7.35047
0.658472	8.51406
1.9787	6.95164
4.29629	9.57832
0.898504	8.03838
1.70672	6.27224
0.961584	8.03057
1.1344	7.66946
2.57553	8.37335
0.81898	8.24182
1.62078	6.21207
1.89794	6.88213
3.6781	9.09094
1.7533	6.658
3.65352	8.8714
0.42929	7.88034
1.51474	8.29333
1.56277	6.90188
1.72906	8.60059
2.30983	8.15198
1.49658	6.19211
0.886321	9.45223
3.7584	7.41149
2.75866	6.99946
3.2874	6.43912
1.5784	7.82095
1.21595	7.21239
0.777639	8.10438
2.74847	8.00164
1.49875	6.76701
0.649896	9.0766
2.76357	7.73763
2.50701	8.59723
2.56838	8.41336
1.35974	8.95681
5.31239	8.22772
2.73621	6.40602
2.2163	8.7033
2.39088	8.12118
1.82089	6.62401
0.409049	8.34369
0.773785	6.54262
2.82879	6.75009
0.371525	10.9372
2.73813	6.34468
3.31219	9.23378
2.29398	8.45164
0.942251	7.59653
0.47529	10.0718
1.92127	6.45336
5.12144	11.4768
0.777776	6.82643
2.62866	9.7827
1.7901	7.89773
1.19691	6.11323
2.20784	5.98819
2.65336	6.83834
1.51087	8.01985
2.74108	6.87074
0.733623	7.21704
1.59266	9.02513
2.19938	8.35858
2.38411	8.7541
2.67239	8.00343
0.567994	7.90882
1.83088	8.29575
0.938576	6.439
1.03891	8.63707
2.55013	8.25442
2.78893	5.91979
0.0755724	6.65442
1.00106	7.3068
1.31386	7.34365
0.141923	8.3917
1.93634	9.75944
0.686993	7.56752
3.25445	5.67639
3.00576	7.69634
1.5865	8.37345
1.63212	9.61217
1.798	7.63323
2.35944	7.79051
1.46628	9.11466
2.23626	9.58287
10.5312	12.5141
2.64243	7.17522
2.84719	8.5387
1.3149	8.7922
3.78131	8.87479
1.03041	10.2701
1.138	8.28732
2.93634	8.62927
3.12631	7.62296
3.97783	9.8064
2.49977	7.22265
1.00697	9.68786
3.38117	7.31715
2.44654	8.1595
0.862175	9.78761
1.68667	7.07047
1.79211	8.64857
0.338217	8.78013
3.07223	9.80621
2.45026	8.94417
0.830203	7.46878
2.22135	7.83518
0.442534	8.19297
1.86001	6.39282
1.12198	7.64761
2.44827	8.54951
1.99732	9.01153
3.53008	7.27409
0.422253	9.12973
1.89886	7.4993
1.97719	7.03176
1.88206	7.96627
2.77093	8.90103
2.04503	10.601
2.11784	8.06142
0.776733	10.0856
2.3258	8.03882
0.397894	7.52935
0.178689	8.10169
3.22095	8.1296
0.670388	9.53039
2.232	8.20011
0.692732	8.39184
2.4132	6.24326
1.85509	8.24969
1.37966	8.72775
0.375468	6.5967
2.73188	6.31684
2.7845	8.35895
0.418261	7.46002
1.02443	8.37949
1.63086	7.75481
3.33364	9.40364
3.19856	8.47131
0.561597	6.4659
2.29571	7.69424
1.3876	7.83684
4.02224	10.3087
3.44064	5.63182
2.2721	10.6717
2.58001	7.38249
1.98509	7.37203
3.08964	9.27503
0.495792	7.25222
2.61314	6.61473
0.515545	7.94452
1.925	8.85429
1.01884	7.97924
0.857355	8.98318
2.43604	6.20763
0.660083	6.39288
1.43725	6.37632
2.4072	7.54064
2.00457	6.67184
1.59135	8.26479
2.95568	9.11719
0.616296	7.98246
2.3071	9.60764
2.55753	10.4923
1.48819	9.47152
0.764759	9.2797
0.415746	8.45922
0.333135	8.70307
1.75443	9.82952
3.73141	8.51902
2.425	8.12737
0.578598	10.4168
-0.0131896	6.57575
0.855513	7.27129
1.77026	8.82761
1.6907	8.73294
1.15772	8.39174
2.26159	8.30164
2.6974	8.11254
1.10885	6.04464
2.16036	6.37349
2.04433	8.39948
1.73061	10.5734
2.65332	8.22569
2.8244	9.03613
0.283692	9.28148
1.41845	6.20726
0.47309	9.02758
1.38616	8.23792
1.29145	7.49299
-0.0208323	7.27551
2.64865	6.02101
0.15957	6.46546
2.54816	7.13717
2.11087	9.25224
3.30011	7.36848
2.21929	7.44903
3.20988	6.51459
1.45461	8.92528
3.81344	9.09737
2.62975	7.94392
2.7314	7.45433
3.09788	8.53623
1.79551	9.4852
0.613857	7.09978
2.92405	8.08598
2.92672	8.70819
2.79864	7.9773
0.77472	8.9581
0.264796	8.89766
4.13481	5.26201
2.51644	9.80816
2.32871	7.2412
0.932926	8.85863
3.6115	7.22839
2.25856	8.67928
1.53133	6.5929
3.85269	8.51751
2.20025	7.97799
1.43529	7.8829
3.04889	8.433
1.68847	8.90495
3.10219	6.34324
0.634054	6.7785
0.987313	6.23192
1.92666	8.50925
0.96831	10.1444
2.67227	7.55458
1.74736	7.45103
0.347357	9.15604
1.26292	8.73817
-0.218358	6.71461
1.10674	5.90691
0.779692	9.31833
0.79217	6.47549
0.558044	6.44265
2.55594	8.10922
1.65174	9.22594
4.42664	6.12642
1.55834	8.64111
0.256031	8.65464
3.10923	9.91916
1.98469	8.5043
1.9452	8.67134
1.76957	6.52263
1.86469	8.86349
3.83022	9.11196
2.40917	7.85034
2.54867	7.93628
1.99537	6.88439
1.88843	8.71909
1.0586	7.35563
1.27376	8.60784
2.70802	6.74954
0.491381	7.36104
1.72851	6.8346
2.99348	5.96302
2.15388	8.82144
2.12552	6.0308
2.34832	6.82586
-0.219953	8.40069
1.39391	8.27748
1.92918	7.32476
2.6459	6.95628
3.25296	6.57357
1.76146	8.59429
4.26705	5.19674
2.42046	9.15659
2.45507	8.68468
1.24883	7.63394
1.40338	8.22529
1.47938	7.86843
1.29371	6.28477
0.434535	8.97429
1.51363	6.99013
2.92018	9.67988
2.85051	8.4441
1.11813	9.03785
0.629169	9.09819
2.59723	6.37736
0.664712	9.45057
2.52711	6.86022
2.66026	6.16848
1.97115	8.57294
3.01801	7.18173
2.5265	8.11253
0.564571	9.17074
2.66932	8.52455
2.36327	7.19001
2.08119	7.54043
1.91927	6.69597
3.78962	10.8971
0.494526	7.78254
1.35164	8.88639
1.6488	7.70748
2.72457	6.37627
0.476095	8.7116
2.43406	8.704
2.7984	6.59243
3.00892	6.18191
2.83107	10.0986
3.03242	6.23362
0.851146	8.03725
1.24071	7.46566
1.6998	7.60535
1.56069	11.4654
-0.0794277	7.41096
2.03475	6.49943
1.28194	6.91054
0.018973	7.46428
1.83527	9.45289
3.91898	6.52209
1.16939	9.43472
2.87816	8.40924
0.952104	8.78962
3.93239	7.91059
0.578768	8.66924
2.79281	6.73543
3.76574	9.42262
1.04978	9.04779
1.54555	8.55143
0.553809	6.43459
1.69293	9.05341
2.41912	8.05561
0.755585	7.3688
1.18535	7.12616
1.13409	7.3363
1.42536	8.16985
2.16824	9.06196
2.64067	7.96225
1.66392	6.85797
0.791743	7.87098
3.8821	8.83991
2.73958	6.20272
2.76922	7.7327
2.47446	5.99278
1.47708	8.2677
1.49365	6.15578
2.57133	9.35416
2.09363	7.62098
1.22697	6.02243
3.579	9.46375
1.8721	6.59273
2.74735	7.66721
0.800928	7.62551
0.164411	9.47093
2.65952	8.13242
2.32026	7.99585
1.41076	8.78912
1.87039	8.89029
3.25592	8.22861
1.70488	9.91461
3.4279	6.68944
1.74161	7.22227
2.7076	7.86497
1.37562	6.96572
0.66842	7.76774
0.985068	8.30955
0.155769	8.41
0.512853	8.80241
0.860443	8.61271
2.54701	8.38062
2.83466	6.23616
2.59499	7.74938
2.44587	6.91856
6.42186	7.80481
1.14805	9.63936
1.18106	8.67084
0.856607	6.52161
3.13727	6.52783
1.82056	7.27739
2.79239	6.80445
0.599626	8.35133
3.04617	7.63748
3.72402	6.61254
2.61133	9.07428
1.69811	6.44269
1.65431	8.60543
0.943655	6.02393
6.35315	6.7031
2.13703	8.89944
2.0615	6.43163
1.68318	7.69509
1.64799	9.52985
1.74818	7.36077
1.1081	9.60033
2.31117	6.91743
1.40941	8.2793
4.52447	6.62067
2.52523	9.08249
0.99263	8.8368
2.01723	7.00342
0.194107	8.50792
3.62073	8.34528
2.02254	8.11721
0.614257	8.87827
2.21425	8.24411
1.66357	8.19317
1.13418	8.65981
1.87124	9.29126
2.07968	9.06568
0.871608	6.57892
2.76034	8.25044
2.5462	7.72286
2.36185	8.95388
0.174098	8.30715
2.60269	7.09925
1.99129	7.5289
1.14942	8.19509
0.60162	8.51583
0.673024	9.14719
2.30122	6.36094
2.55195	7.56571
4.28807	5.04145
2.4308	7.25796
1.70263	8.38561
2.55221	8.60807
1.99123	9.31009
1.65596	7.67742
3.04179	7.97127
2.77849	9.30731
1.85149	7.39255
3.46379	9.00077
2.08024	10.1619
1.49116	8.4468
4.51585	8.26524
3.47338	11.2651
0.772065	8.47639
0.966097	6.11794
2.09072	7.55766
0.435493	7.2787
1.57987	7.09699
2.89542	7.78363
1.99337	7.82848
4.85827	10.453
2.2631	7.22469
2.68711	9.89945
0.862553	6.75755
0.172619	9.50756
-0.024289	6.31598
3.02016	9.45193
1.01304	8.01527
3.03703	6.22756
-0.0514307	9.16019
2.87429	7.87975
2.65352	9.56993
0.199449	7.84367
3.09619	5.8667
0.506011	6.34704
0.426621	6.4873
2.36028	7.97579
1.88028	7.31594
-0.0714757	6.63522
1.97326	9.02676
3.30912	8.57397
1.16816	8.71499
3.32276	7.30981
1.07823	6.60897
0.487493	8.47586
2.62195	6.88941
1.0386	8.64318
2.43773	6.08059
1.62899	7.84975
0.904288	6.41142
0.402164	7.98295
3.63274	8.36358
1.23983	6.79813
0.709893	10.6983
3.52489	8.07237
1.93083	9.50553
1.04777	7.57506
2.25476	8.16774
1.14917	8.18482
4.00383	8.3814
2.64698	7.88072
2.58321	7.65154
2.43727	6.85643
0.545053	8.302
3.22645	6.60614
0.557313	8.62187
3.77978	-1.97401
1.67409	6.229
0.368803	6.95486
0.925647	8.58481
3.00218	8.55291
1.18939	8.21422
2.66828	6.38063
1.39266	6.75131
2.0007	9.57942
1.67389	6.27186
1.72795	7.3415
2.05257	9.32312
1.87724	6.44793
2.60711	10.1813
1.87404	8.35768
3.10359	8.72544
1.73633	7.69624
1.26636	7.69009
0.52035	6.4229
2.47176	7.83817
3.04748	7.35827
2.68894	8.55053
2.02177	7.14949
2.74854	8.42369
3.37292	5.73687
0.260389	8.65081
0.0839257	8.61112
2.51459	7.79596
1.33679	9.09068
1.42054	7.66246
0.901791	8.43725
0.829672	7.90142
3.35651	8.6999
1.12423	7.10699
1.22162	7.16039
1.82279	6.64821
1.59452	7.46665
1.89275	8.68291
1.55879	8.68686
0.227109	8.15201
1.52188	8.10613
0.812742	9.37158
0.854644	7.58753
2.98841	8.52437
1.2813	7.46246
2.28647	8.59451
0.860867	7.84422
1.21763	6.46105
1.60971	10.5014
2.90484	10.707
0.951889	6.66893
3.80476	8.22738
0.0864592	6.32387
3.69658	8.06853
1.18524	6.75915
2.54715	7.70621
1.96644	7.66276
2.20418	7.49215
-0.0620514	8.64132
3.05473	7.84403
1.69726	7.68123
2.49502	9.04648
2.06024	6.41824
0.527727	8.11396
0.541236	8.06389
1.71951	7.70174
1.65048	7.7832
2.27298	7.83351
0.490746	7.93582
1.05367	7.20192
0.439411	7.92407
2.55753	7.47146
3.42425	7.27673
2.65466	9.15022
3.41613	7.28533
2.78722	8.41834
2.04535	8.59216
1.62908	8.39764
1.51898	8.26053
1.90574	8.66995
1.84688	8.39655
3.89297	8.58753
2.01834	8.66441
1.65959	6.67415
1.79278	6.25388
2.38336	7.54931
2.50589	8.99985
1.9035	7.57779
1.59217	7.18297
3.87521	9.20222
4.08678	7.32161
1.11018	7.95204
2.70167	6.63402
0.650083	8.22593
2.61894	7.53882
4.12487	7.73695
0.642173	8.62579
2.50208	6.15153
0.380929	8.76696
1.2034	9.09209
0.890113	7.26179
2.07497	6.60966
3.30739	8.74445
2.69122	5.82224
3.33419	7.84648
1.77035	9.05684
0.812672	7.14759
1.96452	7.94633
1.94505	7.73239
2.3895	9.58063
2.37784	7.7027
1.98748	7.39321
2.54213	7.16087
1.9288	7.54685
2.70643	7.03917
3.61523	7.56808
0.617099	8.9896
0.947884	7.71254
2.32263	9.39068
3.25745	7.00917
2.78758	8.32526
1.71652	7.18568
0.227345	8.85391
3.97587	11.1267
2.15918	7.88785
1.23687	8.28603
2.48659	10.6218
2.55064	7.84383
1.15544	6.38881
2.8984	7.28193
0.39233	8.82223
2.60975	6.70579
1.09858	8.8954
1.77767	6.91843
0.817381	7.10307
3.39849	7.10261
0.401206	8.10662
2.15938	6.96577
3.1304	7.17619
1.31354	7.53929
1.44811	8.51995
2.56703	8.43431
4.30567	7.97999
2.08927	6.73953
3.35805	7.1467
0.447844	7.4714
2.03704	8.65912
2.04898	9.445
3.85655	7.5311
4.31003	11.0914
0.892092	7.18097
0.992807	7.99018
1.45974	8.90292
1.00308	6.78797
2.71984	6.9988
4.27113	6.71583
3.88615	8.63052
3.78893	7.84174
2.49735	6.58353
2.88783	6.44881
2.58291	6.1023
2.19056	8.28717
2.55665	6.40694
3.19915	8.36913
-0.112109	5.93779
3.64538	6.93622
2.92209	6.29334
0.287525	8.38001
0.0450995	9.10799
2.34479	6.94006
3.38656	9.0627
3.38462	8.00677
4.09169	7.02874
2.46823	7.39247
1.09117	7.4795
4.27542	6.86985
1.95824	6.12544
0.507618	8.84659
2.96437	7.71639
2.88536	7.9116
0.0316658	6.63948
3.35855	6.33666
2.50641	8.85338
0.582433	9.47076
0.996164	8.92069
1.26492	8.7004
2.17375	8.40554
3.12176	6.19905
1.83464	8.59348
1.76985	7.14328
1.84815	8.99696
4.41166	6.84537
3.5228	7.99944
2.39365	8.1633
2.06433	7.90974
1.88508	7.40376
-0.136045	8.02183
2.60421	6.61601
1.5378	7.0042
1.94124	8.41585
1.85822	9.10308
0.782713	8.66071
2.29405	6.28607
0.551645	6.40157
2.41008	7.30275
2.66281	8.72682
2.90222	8.4506
1.11185	8.42485
1.56355	6.50427
0.744752	6.85956
1.69437	6.59578
2.74789	7.23991
3.03277	7.92838
1.7263	8.65026
2.83653	7.84104
1.2294	7.86016
1.94074	5.90366
3.37164	7.05331
0.677612	7.40969
2.97824	6.7431
0.566859	7.91478
2.95358	8.61842
1.47728	9.49213
2.13966	7.2006
0.339594	8.04597
0.365722	7.55966
2.65573	8.31266
2.40296	7.52291
2.98705	8.12686
1.80419	11.3069
0.744926	7.88731
2.10208	7.8311
1.91717	10.4359
2.67731	8.60489
1.1372	8.4642
2.64817	8.72882
1.98253	7.44991
2.16083	7.19871
1.3524	10.2016
3.1283	6.26525
1.51892	8.93311
3.94347	8.35775
2.50049	7.50102
0.0999852	8.56671
3.04611	6.48498
2.92404	7.81597
1.73505	8.30619
1.158	8.09583
0.496945	8.53106
1.37031	6.69554
0.668991	7.25145
4.88754	8.20145
1.58957	8.69475
1.016	6.44172
2.78797	6.54454
1.18547	8.73047
0.847007	9.77601
3.60978	7.71851
3.95409	7.90843
2.30604	6.50425
2.55833	7.32605
1.16571	8.01727
2.48629	7.10133
2.03175	7.24857
0.823929	6.62952
1.6141	6.50726
1.39278	8.4449
0.297532	6.8644
2.07301	7.49331
0.88033	9.2834
2.14713	6.96235
1.65238	7.06397
2.08707	7.11315
1.72348	9.25211
1.89176	9.23211
2.4031	7.41649
13.0033	-6.85312
1.16932	6.81418
2.13368	6.48577
1.03643	9.42059
1.47034	8.17629
2.27547	7.87836
1.4406	8.61254
2.29047	7.47161
0.996257	9.99973
2.8841	6.42884
0.678528	8.40116
1.76528	8.34161
2.14856	6.85597
2.08681	8.60229
0.607644	8.77905
-0.114759	6.19873
2.77217	7.66237
2.90286	6.35869
1.6675	9.63098
3.56152	7.69238
1.05296	8.18487
1.0667	6.11121
0.139563	7.07543
0.408514	6.08459
2.43783	8.64652
2.11063	8.9223
0.741426	7.83892
2.35375	8.31893
2.21326	6.59695
1.54239	8.82121
1.35815	9.84983
1.35399	8.03279
2.03304	7.74598
0.553432	8.46572
0.927847	7.5076
2.91442	7.01528
-0.0733271	9.19346
3.15834	9.08312
3.06039	7.65733
2.38416	6.23066
2.11165	6.8843
1.03858	8.14222
1.07204	7.94444
3.01094	8.33415
2.67861	8.61612
0.525586	6.5235
0.200214	7.10783
2.33276	7.18869
1.10338	8.76174
1.71471	7.53732
1.40563	8.20307
1.74782	7.63073
3.37525	9.85735
2.74129	7.76974
1.70227	7.86811
1.98867	8.16686
2.50847	8.20127
2.02575	9.67075
3.24916	8.39938
2.89708	5.97912
1.58727	7.55952
1.17762	9.42718
0.194741	6.46574
1.40184	7.52523
1.30004	6.69661
2.57699	7.47819
2.84794	7.88529
2.82823	6.21567
2.87668	6.00153
1.08591	6.82241
2.70492	8.73713
3.77308	7.51856
2.79208	7.98595
2.51687	9.49569
2.79433	6.5704
0.858622	6.73865
1.50065	7.83394
2.5107	6.91631
1.55173	8.01992
2.83349	8.19286
1.9112	10.8583
3.72681	8.07186
0.756905	7.10297
2.68697	8.62804
2.80191	8.17269
2.17288	9.22444
0.855667	8.79448
2.4742	8.86161
0.602691	10.2057
0.723662	8.96186
2.42924	8.15011
1.3225	8.9986
1.83851	8.75825
1.44241	7.14968
2.04162	8.91723
2.18325	6.72806
2.84307	7.77974
2.08242	8.32626
5.91223	6.87508
2.69949	8.38309
1.39095	7.42822
2.19985	8.67185
4.60088	6.46099
1.22815	6.18149
3.39418	8.92549
1.8085	9.8122
1.95984	7.19615
0.638625	6.08045
0.0948307	6.94962
1.91476	8.21941
2.75524	8.5961
3.68642	8.8224
3.73208	9.17023
0.947988	8.97099
3.18057	8.83141
2.52589	7.59373
0.186856	7.40601
3.05683	8.7921
1.22936	9.60489
1.8628	6.7904
0.0233827	7.24373
2.23991	6.80335
2.99648	8.22539
2.92674	7.86302
0.612868	9.05484
0.990681	8.65321
2.73817	8.47327
2.6173	8.12775
1.18648	6.8253
2.93959	8.82575
1.58405	6.68336
3.06586	8.2292
2.493	7.47739
3.26404	6.53428
2.16634	8.37102
0.298673	8.08439
1.51409	9.85879
2.63863	8.3115
2.36042	7.86041
2.1429	6.91722
2.85068	8.2359
1.23557	9.33781
3.6948	6.13037
0.0925907	5.97847
5.03367	6.66425
0.788113	7.65377
1.52895	9.10227
0.375468	9.92903
3.03203	8.69304
2.47668	9.4983
2.69783	7.68602
2.2976	6.74291
1.39748	7.81147
1.67687	7.64885
2.36457	7.61064
1.81191	6.73902
1.34239	6.1291
1.30803	7.75828
1.49556	8.91977
1.07353	6.6397
3.49814	8.39211
2.40833	9.47399
2.69138	6.63718
2.50894	7.06102
2.33879	8.24648
4.6985	5.19916
2.95341	8.52946
2.3545	6.86752
1.48236	8.54418
0.221179	9.52094
1.08637	8.43631
2.45658	7.68894
2.86491	7.56666
4.1555	8.31976
0.659468	6.9551
1.75184	7.53264
1.20118	7.09587
1.1387	8.94426
3.88656	7.09489
4.20179	6.65568
1.76394	8.8866
-0.225788	9.73123
0.987293	10.5394
2.40596	8.12604
2.35549	6.5861
1.74237	8.69188
2.02893	8.47592
1.70457	7.92279
1.54709	6.78691
2.24367	7.74218
1.72193	8.41215
1.59281	7.25269
1.46109	7.21412
3.59083	8.34094
2.83887	7.47298
0.720667	9.64173
3.05861	7.16592
2.32922	8.56641
-0.309967	7.09799
2.2792	8.93891
1.74917	7.83087
4.36947	7.19329
0.907654	6.81912
0.991876	8.22836
2.6599	10.716
1.57909	6.95691
0.542184	10.088
1.81775	6.09115
0.282203	8.97356
1.15633	5.92482
4.05819	10.2119
1.6693	8.3369
2.53369	6.6634
2.33345	8.36414
3.05673	6.21757
1.49192	7.48942
2.89897	8.62076
4.63281	6.32226
3.15812	9.79554
0.0279837	7.77125
2.13822	9.34336
0.632694	6.76324
2.71247	8.86303
1.06901	7.82583
1.96466	7.04431
2.50833	7.77723
2.6147	8.75319
0.848401	8.60823
1.53546	10.3047
1.45922	8.92014
3.47318	6.56304
1.34935	8.22102
3.32623	8.29422
0.560441	9.01759
2.98858	6.68865
0.924026	8.00116
0.312697	6.25288
3.59162	6.9509
1.21506	7.51708
2.71666	7.74459
3.2889	7.84715
1.31011	8.55787
2.71998	7.95959
1.41458	5.91093
2.25298	8.0752
1.01548	8.71112
1.04391	9.44022
2.3659	10.092
2.5808	8.20941
1.62574	7.27642
0.32608	10.0091
4.04816	6.94236
4.02969	6.60264
2.65949	6.58032
4.06857	6.88565
3.16274	8.41399
1.70005	6.07768
3.88235	8.1509
2.08463	7.78332
3.57678	6.68483
4.22772	7.68535
3.20529	7.86497
0.521765	10.3667
2.38421	8.2421
1.31077	8.72255
0.804186	7.83879
3.09135	8.19663
2.16587	6.44479
0.318899	8.09446
1.93397	5.99026
2.09443	8.34734
1.88409	7.62079
2.03756	6.03845
1.31458	8.88088
2.70499	7.37191
0.836734	7.99872
2.84265	8.11023
0.2814	7.98819
1.9942	8.97466
1.46966	9.68963
0.356109	8.77476
1.52904	6.51753
2.06647	9.4539
3.09658	6.76906
1.05978	7.67178
2.32999	8.6724
3.70982	8.35085
2.78808	6.23641
1.99372	8.85326
1.49638	8.57326
3.18909	7.44217
2.73287	7.06157
0.854311	7.56008
1.44284	6.01505
2.45809	8.75654
0.754236	7.85419
2.04595	8.51341
2.40089	7.14517
2.87089	6.74225
3.22021	9.23328
1.23241	8.20004
1.95633	8.31481
1.39604	7.78542
2.59168	8.80848
1.42105	8.14543
0.586999	6.9256
1.367	7.68781
2.93933	8.16701
0.757952	7.4883
1.63855	10.7124
1.93083	8.08903
2.83924	6.3275
2.93718	7.07234
0.107683	6.82184
2.73186	7.64696
0.999087	7.93526
-0.0680979	10.3753
2.9793	9.63248
2.57184	8.21961
1.94176	7.29721
1.64877	8.93025
1.78842	6.97444
3.31853	7.10079
2.52395	7.77325
1.56529	8.45078
3.00932	10.1995
2.7458	7.45753
3.37834	6.74646
2.13216	7.91869
3.14871	7.83001
2.11857	8.211
0.562452	6.82559
1.54631	7.18379
3.17488	6.40108
2.099	7.44262
12.6464	0.708035
2.43624	7.78271
1.2736	6.51903
3.35298	8.61938
4.57779	7.15713
1.18124	9.09786
0.753376	8.79881
2.32912	8.30262
0.756669	8.5364
0.388719	7.15006
1.34054	7.07126
2.10785	7.5406
3.25082	8.00052
2.3416	9.09573
3.75749	7.85297
3.35847	6.54504
0.508956	6.38635
3.9023	9.33928
2.82958	8.46171
2.26747	10.0112
1.88327	8.2639
3.11605	7.52083
1.89068	8.46274
1.46479	8.34048
1.87317	8.55016
3.36181	9.36292
2.00607	8.41687
2.40178	6.71083
2.68043	8.21602
2.06969	7.00999
0.568804	6.25364
-0.0347726	7.58191
0.692581	7.99207
0.310624	8.81707
3.14285	7.48734
0.718135	6.54692
1.24203	8.15675
0.543487	6.82798
2.61377	6.92475
1.43606	8.64915
0.0567311	8.19058
2.70724	9.20901
2.52474	8.20163
0.953891	7.28481
