9.91958	2.45955
10.6984	2.69573
11.7988	1.00819
11.4063	2.20111
11.9361	0.400576
10.3482	2.34549
10.9098	1.09527
9.76964	0.968183
11.3176	0.544815
11.791	1.31066
11.5474	1.37166
12.1636	2.20672
13.3165	0.304251
11.6837	0.34545
9.41059	0.12055
11.4904	3.54928
13.3127	2.32992
10.8877	1.63301
11.3835	0.280473
11.8984	1.61155
11.3837	1.65018
9.72965	2.33874
12.6796	2.55417
11.9791	0.910861
10.412	1.26572
11.7239	1.54228
10.197	1.83979
10.1539	1.46116
9.67687	2.15246
11.8513	0.639083
12.1264	1.8923
11.3157	2.04363
9.4963	1.17183
11.1243	1.23561
11.7069	1.83096
9.68414	0.367194
12.1811	1.37948
10.7373	2.13758
11.988	3.08183
12.1332	1.92969
10.4834	1.30568
11.2932	1.72576
11.5208	1.30063
11.8233	0.804243
11.421	2.6166
9.36186	2.00592
9.12933	2.68777
13.0682	3.04596
11.1266	0.971605
10.625	2.5721
8.91648	2.1134
11.1264	1.94549
8.88387	1.29257
10.7202	2.17116
11.9125	2.68988
10.8179	3.39662
11.5967	1.03541
11.979	2.35379
11.1978	2.28188
11.591	0.270616
9.29744	1.49515
11.6401	2.5474
11.9751	2.22912
10.6164	0.169541
9.79614	0.300175
12.7013	0.340055
9.80992	0.91099
9.26217	3.4787
10.6391	3.77951
10.1725	0.00888411
12.0262	0.203846
11.6737	2.36325
11.6576	1.57533
11.5521	3.65788
9.3376	0.700257
11.5379	0.959989
12.1074	1.58136
10.3764	2.62736
9.46997	0.565228
10.2794	3.5223
10.3264	4.30975
9.88825	0.174579
10.6666	2.71891
9.92804	0.449971
11.9407	1.83183
12.1067	1.36664
11.281	2.49651
10.8276	1.2818
11.2814	1.94135
10.6073	0.399586
9.95605	2.24632
9.50259	1.89942
11.925	2.19236
9.57996	0.419354
10.1222	1.64069
10.6658	1.61844
10.2597	4.01081
11.1834	3.47907
9.55764	2.61558
9.2598	0.742476
12.439	1.41118
12.0285	-0.560567
11.3995	3.09667
10.319	2.54474
9.24715	2.40036
10.283	2.6997
9.19827	2.34804
11.5904	4.18235
10.592	1.57799
9.51372	2.18622
12.6669	0.0753179
9.65875	1.17245
10.8592	1.97833
10.4577	3.36641
9.39036	2.90617
11.9484	2.00298
10.9623	3.77674
12.4297	2.99396
13.0415	0.361504
13.1515	0.518829
9.54098	1.95395
10.4291	3.43887
13.815	1.78914
11.281	0.530084
11.4599	2.86985
10.1747	0.777499
12.4924	1.05489
11.6226	1.80111
10.1299	1.64795
13.1	0.705742
9.42848	0.0417957
9.43433	1.80572
10.361	0.507424
10.5248	3.06657
10.4745	2.88273
10.8276	0.782915
12.2702	2.47428
10.1897	3.54413
9.56355	0.918917
9.84979	1.51877
9.85359	1.58745
10.9729	1.87172
10.7635	1.25662
9.59002	0.010753
9.19523	1.50989
11.5405	1.72981
12.9169	1.23881
11.7568	2.15888
14.3155	1.83496
11.6321	1.90203
11.4557	2.39435
9.96847	0.868222
9.69947	2.71038
10.1235	0.930841
11.4192	0.993338
10.7697	1.5705
9.63159	0.482741
11.2915	1.56527
11.3052	1.48706
12.5146	2.28111
12.3477	2.54413
10.3882	0.329121
11.3744	1.9691
11.9899	0.61392
11.597	0.109196
10.6774	2.74072
10.6075	2.13739
9.7505	2.24849
9.06109	1.12188
10.9774	2.09712
10.7822	2.24238
12.228	1.91116
10.948	1.90623
10.6924	3.51739
9.04921	1.53561
9.8783	4.25586
10.5686	2.06874
11.5614	1.84215
9.21162	0.0811925
13.9021	0.198347
9.67675	3.09264
11.5205	1.86649
10.2441	1.33528
9.66771	0.768707
9.74941	0.239821
10.4756	1.02024
12.8275	2.71722
11.5395	3.6517
12.1211	1.27623
12.7884	0.766024
11.7948	2.67917
11.8273	2.52238
11.1155	1.42068
10.8684	2.48026
12.6511	2.95983
10.6875	1.91569
10.3552	0.648201
9.63029	0.854285
10.6818	3.63693
11.822	1.86926
10.729	1.18334
13.7494	1.45625
11.2438	1.38172
9.07548	0.596721
9.39194	1.70149
9.87116	3.33057
13.0483	1.70196
11.414	1.5516
11.0825	1.44262
9.91517	3.11522
11.2415	2.19509
11.7375	3.00027
9.76638	2.12641
10.4502	2.72056
11.3312	3.05528
10.8436	1.40454
10.5649	2.81353
11.5494	2.6141
11.8146	1.62293
12.0383	3.00481
13.1555	2.79194
12.2992	2.81566
12.2403	2.71454
10.5655	2.39027
11.7412	3.78997
11.6022	2.67359
11.763	2.87034
10.7922	0.751871
11.4775	1.95711
11.4644	2.66463
11.8894	2.16434
10.8558	1.35295
10.1774	3.60092
9.35447	2.47592
12.6536	3.19695
11.3466	0.324593
12.1557	2.3843
10.6093	0.99189
9.70892	2.23612
11.7455	2.56485
10.7041	0.363454
11.3464	2.37434
11.3446	3.75434
11.048	4.82605
10.4114	3.21035
13.3078	-3.5587
11.0193	1.76915
9.15665	2.94912
11.6846	3.49921
11.1279	1.8552
9.91908	1.80559
12.6628	1.48037
11.902	1.20233
11.8802	0.645112
12.5002	-4.13658
11.1129	1.0311
8.68618	0.644039
10.6151	0.741957
10.3717	0.779411
9.88409	0.882083
11.129	1.12577
10.9722	2.77288
10.4737	0.0984258
10.2783	0.675015
11.5023	2.36055
10.9762	2.85639
9.47995	2.33944
11.4721	3.49475
11.2184	3.65316
12.5381	2.39646
12.2003	2.01444
11.172	2.05249
11.0451	0.20345
10.8775	2.72028
11.6374	7.50349
11.2811	-0.061777
9.2545	2.88915
10.8991	2.841
12.045	6.08952
12.0107	1.7503
9.62232	2.21346
10.2805	2.14678
9.2172	1.89599
11.1798	1.41885
10.7129	2.17046
13.6349	3.11663
11.7839	1.27972
9.37756	0.804616
11.655	2.95583
9.59055	2.30857
11.8893	0.104317
12.2639	3.18118
11.647	3.19723
12.6008	0.951138
10.6704	2.49758
12.6291	2.63446
10.9664	1.48925
11.255	1.46189
12.0959	1.74979
10.4894	2.75311
9.93198	3.22558
9.90891	1.25569
11.837	2.38768
10.1559	3.4177
13.0271	1.60305
11.005	1.99377
10.6265	2.50559
9.75332	0.576512
9.36185	1.9652
11.6647	1.9155
9.82758	2.69303
11.0339	5.13112
11.274	1.71749
9.51376	0.956424
11.5908	2.30866
11.7773	2.84669
10.6835	1.35411
13.5202	1.19092
10.0448	2.01941
10.852	2.78651
11.9308	2.62961
9.06264	0.538062
10.7348	3.41496
8.99662	0.283768
10.7268	0.576601
10.954	2.58804
12.215	0.569285
8.94886	1.84692
13.5241	1.2028
10.3578	2.85632
10.3595	2.84527
11.0629	1.6715
11.545	2.09384
10.419	1.51429
11.8053	1.52411
10.2126	2.51437
10.4553	3.39338
9.22671	1.76213
11.2488	1.50721
9.95571	1.74197
11.4832	0.582277
11.3769	2.57942
13.0036	1.8289
9.02618	0.465422
10.7012	2.7375
10.5663	3.73345
10.3337	3.5775
11.3533	2.0242
10.76	0.838262
11.3889	4.21435
9.49379	1.67899
12.0796	0.681905
10.5725	4.48155
10.4433	2.71213
11.4166	2.5077
10.0488	1.826
12.1881	3.94122
10.9052	0.473377
14.3982	11.0369
9.26342	3.77382
9.78961	2.92633
11.5014	3.68031
11.647	1.74566
11.4559	1.66234
12.4949	2.33052
11.1807	0.275754
11.4105	2.64965
12.4021	0.505956
11.819	1.60865
11.3439	2.10147
10.082	2.17575
10.4532	2.36523
9.15414	2.75847
11.7668	2.98585
13.3873	1.45488
10.9437	2.58858
10.0047	1.65003
12.1752	2.20023
8.85456	3.51145
8.97549	3.83226
10.8914	4.47935
11.4318	1.83439
11.1349	0.598386
10.8202	2.41136
9.09171	3.27573
11.1983	1.40849
10.5163	3.13282
11.6402	1.21102
10.9037	1.18412
10.6025	1.80575
9.79996	3.79978
10.3385	3.88044
10.9738	2.97006
11.5565	0.348222
10.6481	2.46521
9.60489	2.06433
10.6565	0.0276211
9.98894	4.21916
11.0583	0.791352
10.0673	1.87283
12.0708	0.803966
11.6861	1.25684
9.41628	2.80661
9.51385	3.471
12.7817	1.0079
11.1702	2.65111
8.85333	3.46436
10.2351	2.36546
11.9206	1.85908
12.4145	2.04592
13.2016	1.51684
10.4667	2.88293
11.8123	2.80731
10.7482	1.46221
9.71714	0.928026
11.3173	2.6815
11.9642	1.99991
11.022	-0.0097004
10.8554	1.50558
11.9625	0.425365
9.60446	1.93726
9.62856	1.63708
9.39117	1.72166
11.3227	2.57981
11.1708	0.565934
10.362	2.24044
14.1331	2.77218
10.7963	3.10476
11.967	2.37144
12.7729	4.58936
9.88231	2.66458
11.5398	3.31628
9.42333	0.864089
10.9326	1.66745
11.4806	2.14855
11.4629	2.97034
10.4857	0.276263
11.9408	2.64885
11.0367	1.29433
10.3283	1.58565
12.2937	3.16141
10.6649	4.6649
11.4621	0.265277
12.7189	1.4541
10.2812	1.1356
11.2008	1.84328
11.7813	1.69279
10.6047	1.81673
9.55354	1.87991
12.4178	2.31694
10.9864	1.38427
10.446	0.907233
14.3863	-0.753767
11.0909	0.292948
10.7823	2.7383
11.8625	2.47794
11.324	0.272497
13.0813	1.88308
10.7671	3.5078
9.71937	0.542091
12.0405	3.61443
10.3612	2.69798
9.87231	1.82148
10.7378	2.45459
9.25505	1.73327
10.3752	1.24751
10.25	3.05516
11.8982	1.72561
11.7332	2.58016
11.2524	2.7249
11.6999	2.6253
11.384	3.17248
11.7903	5.08449
10.8673	1.57015
11.9235	2.24037
10.3224	0.642398
10.1795	1.06003
9.90079	2.97248
11.2797	1.45046
11.2317	4.94921
9.98274	2.98737
9.67011	2.88514
11.9223	2.00185
10.8738	2.23078
11.4335	1.92629
11.3048	0.929336
11.5388	4.16181
10.9814	3.06007
10.5587	3.63737
13.7605	2.04875
11.1695	2.78139
10.6114	1.50907
12.7367	2.44073
11.7538	0.833162
10.9317	0.817062
11.5912	0.143864
10.2575	0.708186
10.861	2.83653
10.695	2.29968
13.9578	4.00263
10.2841	0.457205
11.7582	0.711278
9.51393	1.28951
10.6189	1.31575
10.0471	0.683424
10.5051	2.87793
11.8167	2.15067
9.78751	0.904028
10.9389	0.706225
9.86894	2.47499
11.3347	1.0428
11.6272	2.7872
12.5145	-0.26833
11.4244	3.95856
11.7337	0.72536
10.9689	0.311682
10.4991	4.91846
10.6056	0.974286
10.362	1.59555
10.4397	2.02192
11.8597	2.56135
9.73945	2.45759
9.76555	1.68463
10.4987	0.969762
11.9038	1.55474
11.9626	2.28274
9.05778	0.610663
10.9517	0.610127
11.1754	0.297343
12.3558	2.74385
9.40302	0.917068
11.3645	0.698701
11.8874	0.68214
9.4396	1.18814
11.1466	3.37368
9.40532	2.03695
12.8319	0.286023
13.339	1.00103
11.9686	0.790578
13.6566	3.42526
9.85794	2.28671
11.7972	1.53267
10.8432	0.57404
10.4588	1.53896
9.74942	1.50562
9.40183	1.4747
11.102	2.63249
11.3446	2.51818
11.3184	4.17265
10.3115	2.25453
12.3461	1.35099
11.891	4.00564
12.3551	1.75498
10.1203	2.92027
10.5295	3.99231
9.94073	2.20428
13.263	0.801246
10.3083	2.56949
11.1663	1.66816
11.3477	0.803141
10.3583	3.1258
11.9249	0.946384
12.557	0.396975
13.0888	2.34554
11.1846	3.11269
10.6354	3.12898
12.8429	1.18005
10.9558	3.2356
8.93303	0.0995486
10.5784	2.38704
9.81243	0.877509
10.2125	1.47745
11.3842	1.38362
10.2578	0.489875
9.28443	2.53562
11.8905	4.57898
11.774	3.4008
11.6434	0.458866
10.2832	1.44821
10.3502	2.33605
12.7291	-2.36136
11.2753	0.346972
12.2158	-0.0991626
10.3834	2.16413
10.4523	1.74496
11.6156	1.05874
12.0037	0.745021
11.5587	0.567673
11.7806	2.22946
11.4066	3.14792
10.8234	1.90426
10.843	3.80478
10.8615	2.78211
11.5772	2.84691
11.4468	0.822335
11.0035	4.22659
12.5493	1.56041
12.249	2.96901
12.0939	-0.545209
11.404	4.91697
10.9233	3.56233
11.563	1.87454
11.0733	3.31766
12.1779	3.39976
9.89928	0.761865
11.1166	0.345484
9.4006	1.17668
10.8881	1.25787
9.5521	3.08254
11.9248	2.07788
9.39347	1.33791
11.3896	1.63188
11.7943	1.89426
10.2932	0.863295
9.96703	1.90009
10.4994	2.77696
8.91427	1.55148
12.1617	2.171
11.506	3.04039
10.8867	1.90322
11.9495	2.72362
11.2482	2.27681
9.8605	2.276
11.4725	4.56654
9.90127	1.08637
9.64984	0.190798
11.1302	2.44652
9.50778	0.667324
10.8335	1.01042
11.222	2.47362
12.1425	-0.0952341
12.6536	-0.0233565
12.2824	2.74974
10.3439	0.796149
12.272	0.811274
9.02935	1.9611
11.1811	2.00492
14.347	1.05679
12.4467	3.1966
12.4471	0.0123381
10.3826	1.74431
11.7118	3.25223
11.4266	1.92084
10.9379	0.451025
10.3664	1.94659
12.4699	2.04745
9.72936	1.86848
11.1744	2.36105
10.1365	0.575638
10.1103	2.59986
14.4459	0.501979
10.1132	1.32991
9.00937	1.0447
11.1218	3.53755
9.49807	1.38186
10.9688	2.09568
11.337	2.56766
10.6867	2.10448
11.8068	1.43262
9.50511	3.09887
10.2533	0.626432
10.543	1.23735
10.1329	1.88581
9.5953	3.30997
10.288	2.33215
10.7304	2.10867
11.6781	0.308288
9.01534	0.828608
12.2033	1.25463
10.1739	0.95899
10.1248	2.81454
11.4203	0.838742
10.3256	0.818727
10.2903	2.63583
9.71603	1.80009
9.90231	0.084663
12.7271	2.08671
11.3117	0.554629
14.2509	0.575515
12.6135	3.64663
11.1207	0.934564
11.5916	1.30143
9.29768	1.91563
9.57948	0.487866
11.6978	3.1535
13.5573	4.04715
11.6088	5.90753
11.8044	3.20545
12.8216	2.63512
9.77433	2.62152
10.6009	2.87954
9.53602	2.9056
8.93719	0.779858
10.219	1.44023
10.1191	2.24075
9.30042	0.808655
10.1706	0.958923
10.054	2.17908
10.0815	2.21778
10.3964	1.27314
10.1103	2.11754
9.34598	0.352487
9.16944	1.83323
12.6362	1.67453
11.8859	2.31428
11.5577	1.44643
12.5373	0.0378132
11.844	1.14699
10.5558	3.06503
11.9507	0.934389
10.6467	2.04791
11.8355	0.338585
9.70048	1.17315
10.8671	1.23631
9.16999	1.9493
10.8723	2.38888
11.7305	2.17732
11.3764	-0.0176656
11.5587	1.36379
9.24144	0.621598
9.73408	0.854991
10.1107	2.62406
10.6121	0.816655
12.7424	2.41782
11.1792	2.13048
8.98961	0.629537
11.4602	2.14657
11.0143	2.38504
9.52498	0.00399471
11.4428	2.73338
11.9079	2.36539
9.74002	1.38001
10.2773	3.33247
11.3192	3.70122
10.4717	2.65063
10.5362	0.62383
10.4538	1.62976
13.6559	0.715187
12.4016	0.289476
13.9487	1.11639
12.1861	0.625606
9.5145	0.772585
10.6041	1.39703
12.4391	1.67424
10.7326	0.431915
10.1618	3.41079
9.82617	-0.188909
12.9432	1.36421
9.63559	1.40133
11.7758	2.73736
10.3259	1.55035
9.54664	2.16205
11.2345	2.95291
9.89946	0.629164
12.747	2.85348
10.4237	2.40218
11.8922	1.70205
11.7333	1.38329
9.91795	3.25783
9.5446	0.75188
11.3322	2.9747
10.4427	0.469517
9.6478	0.758288
11.1306	1.3219
8.86173	0.912599
10.6363	2.15503
9.23936	2.77851
11.6829	0.509378
10.9476	1.34635
11.3712	0.806704
10.4203	2.50885
10.8751	3.61166
10.8301	3.33918
12.0113	3.62221
10.3168	0.961789
10.0856	1.76189
10.108	1.77683
10.5035	2.86914
9.12743	2.38652
8.8697	0.676771
9.9988	1.14839
11.6432	1.24404
9.14571	2.22844
9.87107	1.82745
11.509	0.668461
11.3522	0.905118
13.2344	-1.77616
9.12178	0.500718
11.6039	1.98247
9.60156	2.82675
11.7182	0.314911
9.57052	1.73397
12.3241	1.18299
11.8638	-0.179558
9.66041	0.809759
10.6021	1.64257
11.5641	2.47971
10.5486	0.125276
9.98098	0.452715
12.8558	2.14981
14.4764	0.262359
9.4498	2.36603
12.3607	2.63223
9.76431	3.40247
10.9924	1.90124
12.4015	2.66887
10.9293	0.40453
9.29294	0.516549
11.872	3.1246
13.2123	3.05135
12.007	-0.0228398
9.46702	1.05356
9.44835	0.559475
12.1359	1.16263
10.1504	2.86953
12.0734	-0.156177
11.1507	0.52973
11.4458	2.93136
11.6395	3.7534
13.1532	2.65432
12.1238	3.76962
10.4911	1.53326
10.3446	3.55553
11.4714	0.806247
11.658	1.38342
10.779	1.05809
10.9808	1.7954
12.1594	0.936538
11.1578	2.99118
9.53641	3.29077
12.2622	2.01723
11.4875	1.83018
9.86946	0.198478
12.5504	0.519595
10.0546	2.80845
11.7496	2.49609
9.81862	0.726664
9.63931	3.53292
10.7337	3.14265
11.2863	1.86456
11.5547	1.65095
9.66343	2.00572
11.4041	0.578425
11.6559	0.52142
10.6308	3.36958
10.779	2.49607
11.6975	1.5859
10.4974	2.54771
11.514	3.07324
9.23084	3.91804
10.2327	-0.0912014
11.4487	1.519
13.1217	0.86012
11.5022	0.711597
11.8892	0.71498
11.9566	1.43819
12.2713	1.21302
10.6724	3.25923
10.3008	2.23645
9.30236	0.0639287
9.45342	0.907216
12.7082	3.66746
10.6695	0.496584
10.7187	4.98831
9.98702	4.44329
10.1084	0.632706
11.5753	0.56214
11.5802	1.63865
12.0232	2.553
11.6086	2.63136
10.2856	3.22019
10.3139	2.36945
10.2184	2.998
11.3013	2.22791
12.7739	3.17909
10.4896	2.74325
9.46117	1.20303
10.6395	0.868207
10.5002	0.885933
9.09639	0.983473
12.5346	2.17913
11.1866	1.4454
12.8548	2.27238
10.8987	0.812931
12.0569	2.00636
11.0131	1.49582
12.5594	-0.872529
11.0983	2.68003
9.54169	3.11945
11.4021	2.62353
9.10757	0.351658
12.5147	3.08932
11.3989	1.34944
10.6424	1.60405
10.0357	1.97869
9.3649	1.47878
10.5283	1.30403
10.4784	2.85449
11.3668	0.101133
9.89803	3.63218
12.5762	-0.178977
9.97748	2.93369
10.9894	0.428826
11.7132	1.95079
9.52395	1.68725
10.7175	1.15387
10.191	2.44601
9.92487	0.528879
11.8578	0.345044
12.2644	2.96178
9.30409	4.62508
9.36063	1.78702
11.0226	3.73107
14.64	2.91587
11.6275	1.45584
9.89782	1.5906
9.1657	1.09937
9.44159	2.57271
9.91626	2.34618
11.7996	1.05468
10.0808	4.76605
12.1926	0.686353
11.6513	1.86301
10.8482	2.83772
12.1565	2.718
12.0404	0.880924
11.7863	0.336879
8.88525	2.75687
10.839	2.79897
11.4178	2.08658
10.2974	1.16079
11.4352	1.4298
10.7734	1.60686
10.8158	0.950618
9.22802	3.26894
13.6047	0.635036
10.3086	1.0641
11.3985	2.58542
11.6533	0.681345
10.9739	2.32373
11.7195	4.15936
10.8699	1.97619
10.5339	0.9935
13.4626	-0.795514
11.7891	1.48163
9.50863	0.00774485
11.935	1.85818
9.58965	0.821365
9.21648	1.77322
12.0613	3.2927
10.6838	1.46
11.7503	1.21826
11.9098	0.401866
12.3959	1.59238
12.5975	2.4222
10.2197	2.15577
10.801	2.13765
10.1806	1.08092
11.2801	-0.0740997
10.6608	0.00907893
13.1094	4.19028
10.32	0.111537
10.7182	1.66763
10.1299	0.544963
10.7517	0.203956
12.796	1.47903
12.2495	0.854251
10.9091	2.71274
11.2398	1.73661
11.3471	2.25519
10.7876	4.00821
11.5897	2.28657
10.9214	1.6867
10.8873	0.44389
10.428	0.829718
9.25377	1.92828
9.10423	3.02451
12.2742	5.91152
12.9706	-0.522026
10.3946	1.40538
11.9855	0.858064
9.73645	0.654168
10.4633	1.28288
10.9567	1.42951
12.6574	1.32479
9.37645	2.79043
10.4638	0.0769614
11.2043	2.20398
11.3887	3.03391
9.94434	3.00845
11.8236	2.85517
11.8844	0.0133392
10.8765	2.69594
10.9487	2.45901
11.5234	2.12829
10.736	1.95706
10.9254	1.12825
11.1868	2.96481
10.6202	3.98943
12.31	2.69306
11.4344	1.80241
12.035	2.22683
11.838	1.22519
10.1523	2.80083
10.5327	2.57087
9.45952	2.42234
8.9064	2.79131
12.8197	2.7058
11.6679	0.723901
10.6982	3.26373
10.2185	1.33877
11.7896	0.0990426
12.4569	2.68126
10.2403	0.0373551
12.5008	2.34939
11.2748	4.47842
12.0154	2.61902
10.6885	2.61099
11.1763	1.45071
11.9726	2.93394
9.54206	1.16688
9.20967	1.70852
9.76844	3.77845
14.4417	1.49925
12.5896	0.30482
12.1321	0.445017
12.6907	3.37448
9.98235	2.36612
11.8225	0.639514
11.279	1.35655
9.94206	0.925165
11.9046	2.38323
10.4611	2.42949
12.6175	1.64189
11.5384	2.77422
13.0453	2.33693
12.1235	2.41909
11.0158	2.18347
10.1589	1.0214
12.5519	1.26596
10.948	2.25361
10.7101	1.28612
12.1056	2.29569
10.3355	0.895476
10.2009	2.99097
9.79992	2.34951
9.94776	2.53459
11.3271	3.08394
13.5316	7.25924
9.65278	0.329268
12.7845	2.73593
9.44703	2.48577
11.5195	1.23525
9.48425	2.85563
11.8502	1.54987
10.097	0.633917
13.0207	1.41286
9.98358	1.63793
12.1939	1.34587
9.45623	-0.0110237
11.9188	1.38377
10.3351	0.718238
10.3544	3.95256
11.1448	1.8394
10.6518	1.52109
11.8517	0.385863
11.6157	2.75629
9.49475	1.61682
9.95453	2.87594
10.7846	1.34017
11.1903	1.4263
10.8369	2.89131
9.79384	1.86652
11.7653	2.38055
11.2639	0.307783
11.6274	2.11601
9.55899	2.74808
10.6252	2.57314
11.4544	1.16489
13.1819	4.17905
12.61	1.06468
12.4277	2.69194
10.3686	0.836332
13.1915	1.30538
9.56902	3.29618
9.58888	1.13609
14.3856	1.43241
9.9377	0.669723
12.7575	3.84578
12.054	0.728942
9.56537	1.48499
9.11183	2.99976
11.3219	1.72203
10.7432	2.88556
13.3488	2.02543
11.3173	2.63839
11.0602	4.06007
11.2337	2.85724
11.1589	5.11872
10.7123	2.25405
11.7837	0.175223
11.3171	5.27371
13.5565	2.02572
12.1659	0.594441
11.9927	1.05787
10.5623	1.83176
10.9679	1.15971
12.713	0.681333
10.8099	2.51892
10.5816	1.96971
11.5707	2.20463
10.7041	1.54783
13.8357	-0.0960596
9.93139	2.19006
9.66562	0.0379684
12.1834	5.83821
10.371	1.9998
10.9637	0.49228
11.7492	1.78174
12.0322	-0.649109
10.3882	2.74243
11.1955	2.23943
10.6781	1.27883
12.5568	2.36891
11.0083	1.74757
10.0951	2.5481
13.2553	-0.97817
11.6472	1.69272
12.0104	2.34665
10.9902	2.42958
11.1634	1.39487
9.55399	1.73885
11.1269	2.12815
10.0599	0.46263
9.50167	2.50421
9.89624	1.97929
12.6195	0.64384
11.3652	0.949553
11.6897	0.272144
10.0855	0.974122
9.9056	3.8384
9.90698	1.62492
10.9951	2.40031
11.4192	2.01205
9.59102	3.19851
10.4475	0.0854911
11.1748	0.862025
9.97241	2.6828
9.49	3.06065
10.866	3.20218
11.6697	1.97057
11.2659	2.28581
9.06286	3.73587
11.9202	1.24797
9.62883	2.13888
10.7865	0.944225
11.775	2.3283
12.3475	-0.206313
11.1505	2.13989
11.4671	1.63375
10.2637	0.239445
10.3025	0.661143
11.147	2.43783
9.11622	0.755615
12.9767	4.05143
9.3514	2.12028
9.6172	1.42856
9.69662	3.77658
11.9734	0.895332
10.3972	1.49606
9.4688	4.28554
11.6016	2.71255
11.2965	1.58698
9.79227	0.747253
12.874	1.00853
10.9915	1.56798
9.53281	3.27842
12.1909	0.112356
9.36577	0.932199
9.56405	2.12632
11.1725	1.34318
11.8426	0.503374
10.8862	0.446474
11.5545	0.371987
12.4774	3.35518
10.4529	0.322357
10.2508	2.45432
11.4669	3.27921
11.9457	0.324341
9.81003	1.65054
10.7469	1.17488
10.1671	1.73173
11.6238	1.70249
11.1503	2.18704
11.1001	2.14988
10.7117	3.23129
11.4796	2.35608
11.1605	0.587734
11.2574	-0.0677256
9.90841	1.10853
13.1624	0.388197
9.34676	0.264729
10.6305	2.36396
12.3664	2.81625
9.72468	0.0751425
10.7538	1.52261
10.3396	1.40443
11.1101	2.66162
11.4089	1.09404
9.2274	2.3563
11.6959	1.22267
11.1884	0.387369
12.1657	1.28169
11.9015	2.43281
9.86352	3.53246
10.7319	2.58666
9.78542	1.41137
10.7937	1.40258
10.6056	0.878741
9.76555	2.58472
10.5077	2.60737
10.8712	1.2146
9.66387	3.94235
12.5952	2.45578
13.6094	3.97684
11.799	2.64351
11.3199	0.46627
11.3737	1.87565
10.9572	0.54613
12.136	1.4207
9.70912	3.16725
11.4696	2.74132
11.9607	0.156694
9.70482	4.46319
13.7267	7.52067
9.63321	2.23496
12.3689	2.52636
12.4928	2.76913
11.2361	1.64393
9.54868	1.69176
11.4652	2.80035
10.1677	0.756862
10.0902	0.399975
9.93312	1.6699
10.7291	2.063
9.5287	1.18455
9.78511	3.59514
11.2359	1.92042
11.3818	0.049845
10.5444	1.46397
12.5941	0.0635115
10.17	0.763585
10.6573	0.293496
11.1062	1.28929
8.90541	0.813819
10.5707	2.26683
11.5434	2.30883
11.2311	0.951901
11.2721	0.520569
9.98314	2.99378
11.2978	0.926375
10.9487	3.526
10.0961	2.20383
8.83368	2.05994
10.0083	1.009
10.2387	4.25844
11.2332	2.59683
12.7187	0.945637
11.3709	1.30659
11.1514	0.79129
11.3241	2.76572
10.0621	2.55909
9.708	1.46183
12.6512	3.85615
9.66275	1.30127
10.9293	1.9115
10.5616	0.820729
10.2166	3.05615
10.5013	2.17714
11.7677	1.42941
11.4031	2.14763
11.5065	-0.0212621
9.76562	3.04462
11.6084	3.03641
10.3957	2.63414
11.7065	1.69061
12.1837	2.42491
10.6741	2.89354
9.78842	1.85809
11.2468	5.15341
11.8538	0.851629
9.13622	0.221608
11.6062	0.829235
11.2502	0.902341
11.7139	2.02676
12.4607	2.91917
11.5021	0.851249
9.51177	1.83389
10.1819	1.9881
10.1617	0.45966
13.3241	2.86367
9.49258	1.84362
12.0145	1.87914
11.5491	4.67138
10.9436	1.81556
10.933	2.93424
11.3402	0.299904
10.8843	3.28786
10.5617	1.1769
11.6645	2.97242
9.07915	1.53933
13.4171	-1.54862
12.3154	3.85702
10.5419	3.67351
11.1459	0.530994
10.8538	2.85024
9.27854	0.42845
10.9027	1.80474
9.99771	2.24335
13.0333	2.85138
11.2727	0.349689
11.2291	1.90977
12.8416	2.02209
9.82771	3.33549
12.4357	2.25724
10.9239	1.66149
11.9797	1.22349
9.46129	2.99461
11.0474	2.38448
11.4916	2.46831
12.1511	-0.762509
10.9163	4.48105
10.6394	0.490658
10.7588	1.90342
8.97337	1.74967
9.63802	-0.19364
11.8662	1.16655
11.4498	0.433577
9.96788	1.7796
10.8857	2.34441
11.8268	0.275523
12.5667	1.63095
8.96186	2.43134
11.3367	1.87191
9.23718	0.964531
9.45008	1.60699
12.072	0.544376
10.4449	1.73597
11.5764	3.20095
9.04951	0.998788
11.3694	2.88884
10.3009	0.862967
11.9047	0.754619
10.947	2.72148
10.4734	1.91435
10.9413	0.721576
11.0505	1.1277
11.2361	2.43909
10.9397	3.15352
11.6168	2.11606
10.6147	1.93604
11.9635	0.104877
11.7926	1.52171
12.0999	3.74202
9.17966	0.296599
10.9576	0.935036
10.3037	3.19196
9.99439	1.97975
11.0676	3.25767
10.5347	3.14232
10.7054	3.79846
9.60063	0.190034
10.6223	1.94685
10.9679	1.52611
9.96568	1.43579
11.9446	1.2915
10.2952	2.69443
10.5193	0.706029
11.5797	2.51442
10.2235	1.76374
11.784	2.89365
10.0892	3.06379
11.7213	-0.0989095
12.882	2.0296
11.4217	1.60872
11.1729	2.08874
9.01462	0.768063
9.87027	2.07205
9.64574	4.47632
12.6229	2.82004
10.0924	2.42259
11.0914	3.01056
8.98285	4.00321
9.35084	1.98056
13.7816	2.77488
12.7219	1.85723
10.2296	2.54848
9.96256	1.98257
8.97447	2.53789
12.3144	-0.57528
9.74131	2.97063
12.7879	2.21561
10.6023	0.0442058
10.9535	2.02298
11.345	2.3253
10.761	0.418032
9.06518	1.00437
11.442	2.20896
10.7086	2.39081
13.3057	2.00053
12.9147	1.73679
11.1107	0.104228
12.2265	2.02366
10.6998	0.468153
11.5807	3.78498
10.2773	2.58269
9.53012	0.298951
10.5767	1.59535
9.22654	2.43682
11.5698	1.75155
9.88464	1.39004
11.2227	1.62128
11.0151	0.677959
9.4044	1.44636
9.9256	2.37652
9.97156	0.77569
10.1942	1.34254
9.89701	3.26553
10.6588	2.33687
10.8842	4.40874
10.239	0.591397
10.3936	1.5675
9.87904	0.492686
10.6029	2.57987
9.82613	2.80789
9.42788	1.24398
12.8763	1.41482
8.65302	1.86578
11.8378	2.20099
12.9082	2.12141
9.86138	1.01756
10.7194	1.52216
9.54948	4.11754
11.3403	3.21502
9.58952	1.09706
9.32454	0.681861
11.9383	3.46416
13.4005	-0.281392
11.4631	2.76194
9.25528	0.0300645
10.3752	3.13487
11.5634	0.718215
9.88063	3.14299
13.2581	-0.067673
13.0481	3.73051
10.1913	0.269569
10.1063	4.35044
10.2497	1.983
11.5424	2.26452
9.31658	2.39347
11.0878	0.65897
10.8913	0.995533
10.4519	3.76306
13.6876	4.61153
11.4765	2.00424
11.288	0.539208
12.7033	0.433664
9.96739	2.11769
10.7374	1.43478
10.6724	3.71312
12.5259	0.438706
11.5958	1.10787
11.6913	2.13467
9.80168	2.34774
10.8458	2.21327
10.9947	0.960065
9.74885	0.237795
11.1911	1.40899
9.49574	-0.166298
10.1121	0.0871324
11.2208	2.27181
10.8876	2.33183
11.1443	1.15776
10.6998	2.26444
11.3143	2.13852
10.986	2.73854
11.4436	3.42172
11.2393	0.888475
11.2202	3.23789
9.86239	2.10377
11.7327	1.10254
11.6486	1.75713
12.2071	2.96995
9.52666	2.8534
11.308	2.44068
11.6243	3.59292
11.52	1.31484
12.8557	1.03596
11.2177	2.11856
12.2925	1.77953
11.0817	2.76575
11.1701	0.585263
9.11155	3.47133
10.7905	2.20151
12.0293	3.01591
10.1996	2.6957
10.0838	0.883471
9.47302	2.80232
10.3139	3.03355
12.4159	1.70683
10.7709	2.25686
10.9434	3.10907
9.83436	1.98486
9.35323	1.75718
10.2291	1.88981
12.3553	1.79226
9.77106	0.351613
10.5594	2.5076
11.0112	0.100617
11.4007	1.52635
13.218	1.06204
9.48596	2.13349
11.4896	2.05573
10.8769	1.4051
10.0239	1.52759
11.6747	0.586308
10.0982	0.951063
10.3967	1.35448
13.0654	3.64593
9.98808	0.0559432
11.3686	2.34322
10.8496	3.15995
10.2531	0.42296
12.3156	2.88454
11.0777	1.18651
9.294	1.35951
9.58551	1.13532
11.5957	2.08189
9.47842	2.43022
10.95	1.06472
9.44639	1.76517
10.8574	1.87963
11.1721	2.41446
10.8101	1.80224
11.7418	2.66366
12.0305	2.22906
9.95958	-0.158457
10.4925	2.19803
11.7848	2.0628
12.5894	2.48091
12.6627	3.707
11.474	1.40691
9.43138	0.455541
10.2617	1.73102
10.8557	1.18003
10.7603	3.24683
9.77161	5.25049
11.4406	2.29389
10.3142	2.44919
11.1712	0.302145
10.2166	1.2339
11.1242	1.70789
12.2965	2.29131
8.96484	1.82045
10.0434	0.625332
9.4781	1.49621
9.36962	0.294711
10.3798	3.04549
10.4763	1.39705
9.73282	2.08744
9.32857	2.11379
10.5568	0.781267
11.0053	0.724833
10.1458	1.3994
11.2826	0.844637
11.6119	1.50939
9.96474	2.50239
11.0961	3.47421
11.5839	2.1958
10.2156	0.120802
11.0598	2.25284
10.7801	2.56563
9.02689	1.12274
10.6781	2.77681
10.1886	0.394014
12.0821	-0.273773
12.8032	0.392789
12.2342	2.02991
9.62504	1.1231
11.8486	1.1102
10.9114	0.704704
9.09136	-0.037366
12.3884	2.89033
9.78379	2.80351
11.3824	2.57876
8.84031	2.72475
11.6733	1.68511
10.8808	0.494075
11.6912	2.29148
12.3955	2.11514
11.3642	0.497988
10.0694	2.30142
12.7566	0.161665
11.4336	1.58509
9.76393	2.46135
10.9959	0.570422
11.1878	1.65556
9.45635	3.1
10.6765	0.386203
11.4745	3.92578
12.0381	2.51835
9.63206	2.58845
9.92242	1.7619
10.7404	0.984428
10.9165	2.90835
13.0504	4.23667
12.869	0.202161
10.5326	3.35202
10.4578	1.79176
9.28823	0.833808
9.6537	1.75077
11.3059	1.11482
11.4788	0.554756
11.6183	2.61343
10.0162	1.97738
9.50334	1.95001
11.7919	2.66825
12.0604	1.47309
10.2806	0.369905
10.8216	1.07138
9.95981	2.99957
10.4561	2.95837
12.6264	3.83332
10.7807	3.16738
11.0052	1.36889
11.2501	0.5183
10.667	3.1622
8.87841	2.70389
11.3534	2.28874
12.7859	1.03764
9.61152	2.85633
10.5246	2.86961
11.4897	3.78403
10.3664	0.617153
9.75687	2.42221
12.2533	1.26575
10.2634	1.05758
11.2056	1.43134
11.7441	0.903052
11.8322	0.998056
13.8408	1.78016
10.595	0.854499
10.2995	1.93959
11.8721	1.23499
9.89338	1.57418
12.0182	1.74749
11.3932	1.80128
12.9715	2.55744
9.48149	0.110152
12.7759	2.40002
9.07963	2.68531
11.8211	0.0354372
10.9504	2.19055
11.7464	2.17819
9.14022	2.76428
10.2306	0.321627
12.7857	-0.909248
10.3219	2.24493
10.8584	1.68727
9.70021	2.42501
11.742	-0.115486
11.4535	2.06127
10.8149	0.0149723
10.69	4.01422
11.6187	0.0535352
11.1204	1.83569
10.566	-0.134242
10.7444	2.95547
11.174	0.793183
12.5283	2.56596
10.9569	1.9933
10.5274	2.60298
11.34	2.66232
10.9461	2.36855
9.15423	3.62437
9.84355	3.53726
10.2581	2.91021
9.92484	3.62853
10.4445	1.62988
11.4622	4.29265
10.8696	1.85209
10.734	0.80484
11.2166	4.13918
12.7664	3.94813
11.6643	0.867695
10.4366	0.42909
12.9453	3.64078
9.52196	2.09937
10.6715	2.29724
9.88574	2.24474
11.5567	1.77346
8.88892	0.901254
9.01003	2.13667
11.7085	0.737667
13.3995	0.0867737
11.319	3.88633
10.8411	2.9383
11.8099	2.01069
9.8352	1.40755
10.8921	3.70367
11.4028	3.00633
12.6361	-0.365307
11.4163	3.3233
9.1514	1.17607
11.4408	1.67533
9.19096	2.19767
10.659	3.02593
10.8062	2.29825
12.0313	4.52387
10.9016	1.50802
10.7985	1.2529
10.7451	3.2142
10.3878	2.32052
9.75719	2.21863
11.1461	0.25412
12.3546	2.73701
11.3115	3.29075
11.0732	2.57926
11.4697	1.46828
13.5835	1.34221
13.0649	1.75633
11.5158	3.40923
10.3876	2.64667
10.6276	2.59607
13.2256	1.87467
11.8284	1.24839
11.1339	1.09953
11.6169	2.50912
11.7906	2.10055
11.1113	1.65856
9.75385	2.60435
10.5886	-0.102974
10.8707	2.40971
10.6232	2.86598
9.52179	2.24299
10.228	2.0535
9.57997	0.0898682
10.2715	1.29524
11.9817	2.98226
10.4438	1.95077
10.7456	0.505691
9.69568	2.70257
9.56235	1.83269
9.40657	0.649476
13.2138	1.92582
11.3306	2.56764
9.81816	0.424169
10.407	0.857665
11.4611	2.20449
12.1877	2.51972
10.2654	2.56157
10.5654	1.70138
10.7775	0.947336
10.1735	0.550168
9.754	2.12106
10.4018	2.68014
10.8539	2.69218
10.5005	0.328309
9.67772	1.82339
10.1132	1.68889
9.96902	0.791769
9.70399	1.83711
12.5333	4.52135
10.1413	0.885045
10.6568	3.91574
9.03707	0.61905
12.6354	1.73499
10.6892	2.48628
8.80742	1.24397
9.92013	2.28945
10.4229	1.7766
12.5192	2.15477
11.3363	1.87657
12.1328	2.86129
10.8976	2.81258
11.1697	2.56211
11.7399	1.2992
9.26548	1.94279
10.662	0.0721975
10.1888	0.719039
11.2187	1.92495
9.40919	0.923103
12.4278	2.9424
13.8382	1.57634
12.5184	2.21891
11.0457	2.47973
9.30473	1.34742
11.614	3.24391
10.7244	0.715975
11.6922	0.725398
11.3901	2.2973
9.94318	1.37085
9.07367	1.73416
11.5877	1.27008
11.0717	4.31723
13.679	4.07367
11.1973	1.86996
10.7102	5.32025
11.9249	1.00276
9.42343	0.638437
11.3151	2.18072
10.7894	1.66418
10.4401	2.78827
12.6553	1.38844
11.6484	0.176428
10.8905	3.14781
9.19791	1.74573
12.0544	1.87388
11.4312	0.725423
11.6464	2.80218
10.3219	1.44042
9.63193	2.22862
10.4919	3.2969
11.1957	1.63595
11.1481	0.308032
10.7888	2.64532
11.6618	2.72187
10.7873	0.451611
9.55117	-0.0805352
9.54626	0.176102
11.0036	1.77215
9.87644	1.54122
11.415	0.850146
10.2218	1.55098
9.50573	1.81591
11.7119	0.18142
10.2922	0.464042
9.02977	0.923984
9.42136	3.11279
11.1574	2.35418
10.6887	3.27759
12.3863	2.66082
14.4978	2.28275
13.0717	1.4431
10.9977	1.50381
10.637	0.694769
10.6104	2.30336
11.8209	0.16112
12.2586	3.39889
12.4607	2.8116
9.57578	2.68295
11.6713	1.01664
10.142	0.925435
11.6717	0.278058
11.5724	2.44711
11.1073	1.12964
11.833	1.64834
10.1012	-0.0495759
11.7093	3.31141
11.4737	1.74993
10.4414	2.57914
10.3981	0.672257
12.8214	2.97405
12.4206	1.65464
10.8334	2.63988
11.7403	1.3811
10.3475	3.40835
10.4482	2.11193
11.6507	0.809231
9.54126	1.61833
11.7108	2.61346
10.5495	4.85967
9.44549	2.83708
10.7067	2.92138
11.696	1.01744
9.52928	0.18293
9.3798	3.08777
11.9685	1.49621
10.4621	2.77859
10.2401	3.07771
13.0546	1.78753
12.2392	2.26415
9.31946	1.31444
12.0017	0.869752
10.7617	0.64382
9.23581	1.91423
10.4052	0.098455
9.10161	1.74232
13.1486	2.51839
10.6599	1.87703
8.90898	2.00067
9.66981	1.83689
9.59729	0.576431
10.5469	3.4496
10.7066	2.18744
10.8467	0.880699
12.754	0.606319
10.7609	5.31949
11.4219	2.97932
10.83	2.04096
13.8255	1.28557
11.2329	1.73711
10.5775	0.490642
9.62083	2.67529
11.1692	2.57068
10.8476	2.04743
11.8626	0.0774077
11.4124	0.0304053
9.29198	1.56815
12.2468	1.48783
12.1051	-1.03532
12.863	-0.28058
10.121	2.05314
11.1611	1.70476
11.7039	3.70929
11.4882	0.837818
12.0194	0.723597
11.2247	0.330536
9.51712	1.53238
10.4923	1.9034
9.34524	3.33297
11.3571	4.24424
11.5778	1.08505
10.4581	0.0850249
12.5871	4.53757
11.4227	1.73915
11.5741	1.99163
10.6353	2.43934
10.7491	2.96801
11.0099	4.45316
11.6002	2.38822
13.0173	-0.0340336
12.2973	1.57462
12.8254	2.69023
13.8074	0.945342
11.9274	1.01471
10.9445	3.38788
9.54107	2.44412
11.4572	2.46284
11.5005	1.06654
10.6043	2.12478
10.2997	1.60789
11.67	1.63265
11.7095	1.75552
14.0576	3.28236
10.7623	0.620574
10.5488	2.0239
9.26611	4.38739
11.4909	2.51194
11.0276	1.64004
11.5854	1.66007
10.1128	0.847246
13.1536	2.03324
12.7964	1.12056
12.5734	4.02071
11.9207	1.78829
10.341	-0.0592388
9.84601	4.64267
11.36	1.91747
11.2041	2.18118
12.2647	2.71781
10.8121	1.91951
10.9123	3.02728
9.17177	0.00105732
10.8121	2.44467
11.4767	1.92174
12.1824	1.33709
12.0895	1.9374
10.4124	2.80873
9.66817	0.85681
10.6838	1.19648
11.5298	0.693462
11.1029	0.422281
8.88915	1.15947
9.22373	0.553456
10.6466	0.489082
12.7478	0.950536
9.43597	0.519099
9.52786	0.617619
10.8088	1.96427
10.1065	4.00537
9.56434	0.364553
9.8199	1.11699
10.8602	2.91173
10.7444	0.589193
10.1664	2.46121
9.76249	0.356129
12.0158	1.88065
10.3559	1.87595
10.4686	1.8843
9.48798	1.03458
12.2635	0.618472
10.8062	0.899946
12.7014	1.58845
11.2544	2.07896
10.4315	0.225797
12.4116	2.16758
8.99604	1.072
10.865	0.988935
12.3328	2.30868
11.5643	1.83968
12.5282	1.48859
10.4937	3.09067
9.75196	1.78847
11.3196	1.81779
9.88786	0.209504
9.82497	1.9749
9.18988	1.67749
10.17	1.59379
12.0897	2.49426
11.1932	1.67126
9.8102	0.623115
10.9189	2.43534
10.0901	3.03264
9.30603	2.77196
9.96144	1.57365
10.1936	2.23685
10.3841	3.14848
11.5773	2.14139
11.3367	1.97551
10.144	2.60582
11.422	3.25241
10.757	0.866711
8.96165	1.69589
10.3564	1.23658
11.074	2.03843
11.1088	2.94905
12.3504	3.23044
9.59349	0.560259
11.8423	1.69894
12.5491	2.01099
10.4367	4.30821
13.1943	0.221267
14.9597	0.943128
9.4427	1.84241
13.736	2.57344
9.42858	3.32248
11.1575	2.24081
10.4591	4.0779
9.24921	1.61455
10.8716	3.5913
11.8044	0.522443
12.5846	0.433533
11.1796	1.53612
12.0401	1.79672
9.81338	1.1636
11.5265	2.76195
10.7939	0.558031
12.2793	0.767276
10.0188	3.58286
12.1023	2.57646
10.5712	0.631147
13.7476	1.6301
11.9441	1.47263
10.7232	2.71148
9.68314	2.94192
10.7501	0.61048
11.383	2.42899
12.9119	2.3736
11.7964	0.223585
11.7614	0.131448
9.92613	1.57729
10.0497	0.306498
12.8085	1.95123
9.25515	0.0877107
10.4269	2.24877
12.3162	1.53401
14.0258	1.53399
11.6501	0.917834
12.0781	1.21394
10.0775	3.80459
10.7838	0.448275
9.54096	2.88754
10.6987	0.195978
9.81436	3.78645
10.6	1.95744
10.5431	2.96539
11.3773	2.94743
12.1202	2.96971
12.7864	0.773876
11.1509	0.58449
10.3049	3.18883
10.4139	1.21212
10.2943	0.686039
9.23763	1.50703
12.9534	2.36054
10.8075	4.59871
9.02482	1.21371
8.92196	3.31941
11.8604	1.86484
11.4579	1.91031
9.35772	3.7446
12.2448	0.535986
11.5434	3.40941
10.4533	2.7365
10.7639	9.3746
10.6194	0.421258
10.4271	0.132581
10.8521	2.03556
10.1541	2.67179
11.279	2.68153
11.2928	2.36991
12.2785	-0.766436
9.41374	0.20537
9.85473	0.346571
10.9819	0.505712
11.6826	1.64391
11.4818	1.56854
12.0826	2.38444
12.1507	1.28261
10.2614	1.2204
11.3743	2.58121
11.2223	1.79365
9.67822	2.40166
10.9318	1.85009
12.9335	0.553861
9.56987	0.248062
11.8666	2.31946
9.79646	2.31195
11.5893	2.17098
9.80886	-0.183182
10.3808	0.172408
9.24776	1.10335
12.5064	0.503122
9.27153	2.37638
11.0212	1.69542
9.84082	2.3073
9.4641	4.5986
9.20119	2.36111
9.17786	1.81255
11.2665	1.59283
11.2193	0.463758
12.6986	2.02571
12.2068	2.45798
11.7699	2.80181
11.3524	0.446372
10.022	4.68385
8.8876	2.77992
8.88485	2.83725
12.7297	3.26286
12.1884	3.19182
10.1481	4.06282
11.3269	0.823218
9.92246	0.358657
11.1505	3.70889
11.037	1.00276
8.87964	1.16313
9.81373	2.53013
12.5939	-0.678783
9.54179	2.06292
9.47466	1.48914
9.51735	0.91271
12.1121	2.7127
13.7399	-0.00476719
9.5677	3.13824
13.3462	2.63364
10.4264	1.18664
11.5925	2.18568
12.5822	1.12842
8.85289	0.749009
11.7251	1.26297
11.6424	1.04628
11.2673	1.62505
11.4456	2.34549
10.687	1.02588
11.5868	1.39042
12.4681	3.39772
10.0178	1.344
9.88704	1.36571
11.1202	1.7594
10.4196	2.28907
9.37311	1.33833
10.0771	0.131795
11.775	3.42919
11.6587	0.124802
10.135	2.18721
11.7234	1.53871
11.2428	1.51222
12.1081	1.17928
11.3783	1.68215
9.30502	2.71935
9.57938	1.57361
11.671	1.58435
9.34492	1.66467
11.271	2.53086
10.7727	2.674
10.6384	2.04477
11.4915	0.0836888
10.3644	1.50185
11.511	2.95038
12.2406	0.320534
9.87355	1.6199
10.1325	1.85872
8.86011	0.820445
10.2588	2.79411
13.214	0.615774
10.4009	1.12102
11.6835	2.51639
11.5588	1.55421
11.7069	1.96058
9.95734	1.72059
12.8801	1.59639
11.7835	0.579961
11.0232	0.820392
13.7616	-0.354612
10.4766	1.00789
10.5894	3.67783
13.437	-0.21827
9.76339	1.52126
9.63288	3.42994
9.62043	0.330217
10.8625	1.90632
11.2855	1.64317
9.01108	2.82713
11.5669	3.4301
13.285	2.98306
11.7963	1.02742
10.0504	0.379421
11.3394	2.58431
12.3375	1.28739
9.42412	3.19933
11.7436	1.75303
11.258	2.38337
10.2969	0.384473
10.3424	0.263637
9.87575	3.26795
10.0142	2.04614
11.1397	2.32203
12.5182	1.39665
11.8522	2.67495
10.6338	2.58064
10.328	1.80848
9.39354	0.555046
10.8623	2.87489
10.1421	2.94992
11.8772	0.226566
9.45331	0.850107
11.1693	1.93122
10.2265	3.92685
10.3592	1.15566
9.10439	0.298964
11.6442	3.99245
9.10431	2.92544
10.9286	2.76229
11.6448	3.27374
13.4074	1.32848
11.0229	1.44292
9.26583	1.7553
10.31	2.51364
10.2599	3.43234
10.8585	1.46465
11.5735	0.876162
12.0097	2.56249
11.9482	1.53685
12.8524	-0.418381
11.3749	2.10651
9.12455	2.17822
12.082	2.26294
9.175	2.05091
11.9215	2.04525
8.97115	2.33957
9.16094	3.09051
12.1918	4.05156
10.9051	2.76627
11.7266	3.83368
9.48659	1.26761
11.6866	0.32765
10.0074	1.55952
8.84052	0.0753044
11.3967	1.32955
11.0388	1.74759
10.6071	2.17546
10.4654	1.23833
11.8266	1.58584
10.4472	2.39997
10.7778	1.76804
9.00369	3.43976
10.5369	3.4369
9.84658	1.06559
14.3337	0.678222
10.6219	3.57925
11.5354	2.60576
10.7955	3.27412
11.2402	3.93104
12.4296	0.00237256
10.9652	1.885
11.3638	2.24542
10.6864	1.89323
10.3365	2.99162
10.6332	0.585088
9.39526	2.65589
10.4695	0.705589
12.2521	1.04312
10.2446	3.39001
11.0104	0.535224
12.431	2.17585
9.83883	2.77082
10.7189	2.85064
10.5212	1.20412
11.2749	0.978149
9.66788	2.88614
11.053	2.89096
10.9413	2.98127
10.4041	6.98297
9.39524	2.69777
12.0413	2.60917
9.74896	0.339798
13.6156	2.34109
10.7313	0.0252639
9.91415	0.981663
10.2258	0.727834
9.41542	0.883325
13.2769	1.55107
11.3637	1.4592
12.6519	-0.097353
9.77463	1.27587
10.3954	1.60445
11.3967	1.36726
11.0754	1.19298
10.0076	4.25029
9.06202	0.596211
12.5844	3.23614
11.6675	1.56648
10.756	1.21798
12.5509	1.40099
11.6514	1.5388
11.5233	1.02928
9.9539	3.67169
10.5827	1.3123
11.3781	2.13815
9.52957	3.6621
10.1701	0.29465
10.915	2.36262
12.6437	0.233684
12.2063	2.25657
11.2172	2.4705
10.9193	2.39882
9.31506	2.86737
9.43925	3.12327
12.1181	2.24499
11.2574	2.57406
9.96895	2.81829
10.4305	2.57328
11.0339	2.65647
11.2808	1.61536
10.6743	2.66168
14.2148	1.23463
12.9015	3.68621
12.6559	1.76459
13.5888	2.27351
10.7106	1.02056
13.9551	2.27324
11.5736	0.637802
10.1343	3.6283
12.1587	2.8852
11.7803	0.281744
13.0979	4.32692
10.0704	1.08714
10.0789	1.80883
12.225	1.94783
10.7546	0.278752
9.09159	1.37799
9.38139	1.49743
11.0184	2.40213
11.7814	1.65694
11.7318	3.56641
11.8322	3.31008
11.1304	1.88567
9.39345	4.36105
11.4894	0.361091
10.8291	2.85217
10.1232	2.66963
9.23444	2.3468
12.5627	2.16966
12.8467	0.935491
10.4388	1.41868
9.37163	2.78262
9.67885	0.998148
10.6448	2.86633
10.6811	0.420762
11.6189	1.41408
11.0832	2.5691
12.4208	3.31037
11.5021	1.49625
10.8898	1.70043
10.5624	4.77868
11.5575	0.928459
10.996	2.94076
11.1387	3.14534
10.9272	3.4444
11.1273	1.28577
9.63815	0.809059
9.05273	3.73302
9.88218	2.30071
11.7007	2.58619
9.89832	1.68484
10.4308	1.45256
10.3591	0.772435
8.94409	0.6255
11.4918	2.84315
11.3458	4.43803
13.6394	2.01895
11.7764	1.3397
10.4876	1.12047
10.6694	0.364206
11.8512	2.53305
12.0343	1.65555
14.1889	3.74561
10.7842	1.18623
10.5122	0.0157393
9.27379	1.19616
11.9421	1.39943
9.52637	2.15228
10.7682	2.897
10.8099	3.17601
11.2905	0.742024
9.74184	2.62601
10.228	2.76678
11.8498	0.82716
11.867	2.59211
10.9886	1.82046
10.1023	0.47852
10.6962	3.32565
11.0942	2.5461
11.678	3.88789
9.42923	0.812853
9.4523	2.6267
12.1535	0.740751
9.55182	2.10843
12.4999	0.843787
8.99695	0.494982
11.9943	2.71231
12.0333	-0.0854984
10.2621	2.31653
11.6985	0.52739
12.661	1.10763
10.7759	2.50812
11.6067	2.32357
14.3076	3.61696
10.2375	1.26338
12.3756	1.70807
12.2036	1.74141
9.984	1.23786
12.5736	0.67008
10.379	2.12022
10.8674	3.1116
10.8573	1.12496
9.87838	0.983372
13.7283	2.82807
11.9854	3.75451
9.86069	0.809418
10.2045	1.47153
12.765	1.67856
10.2727	1.27936
12.7752	4.19019
11.4385	2.46984
11.5133	1.91072
11.7763	0.577797
9.31982	1.67948
12.3884	3.03225
11.5649	0.818115
12.5497	0.726445
9.91111	3.7818
9.13466	1.38638
10.4654	0.824683
12.8257	3.02254
12.1043	2.83101
11.7541	1.4977
11.4293	3.08013
9.4729	1.26017
11.3449	0.14921
10.2249	2.91591
12.425	0.541349
11.1014	2.13116
10.6171	0.659753
9.24257	3.24231
10.7333	1.4097
10.2031	2.80751
9.11082	0.766863
11.6513	1.43795
12.4683	0.348658
11.8248	1.93149
10.7619	0.340036
10.3556	4.20194
10.6338	1.26699
12.3319	0.98271
11.5361	-0.0193427
10.0491	3.90147
9.3535	3.40553
10.9451	2.03083
10.2003	0.423401
11.9491	1.22177
11.1151	2.87598
11.0841	1.86049
11.4801	1.21622
12.5842	3.1794
11.2221	2.72215
12.3145	2.47983
10.498	0.0219779
10.2102	3.20974
11.0318	4.3513
9.72445	1.39932
10.7228	1.39626
11.5945	3.69548
9.61899	1.35449
12.2111	1.91249
11.3956	2.58505
11.8938	1.07445
9.63516	0.00914293
11.7338	2.42918
10.0494	1.08887
9.67731	2.19371
10.481	1.55224
11.6583	2.69117
12.0635	3.30501
11.0799	4.04321
12.6974	2.73863
10.8955	0.998519
11.6841	1.60296
12.4512	0.359173
12.719	3.02493
12.3815	-0.0485342
11.9328	0.127097
11.7066	1.24644
12.8405	3.91013
13.1062	0.417022
11.9276	0.307921
11.2293	2.59239
13.0663	3.10034
9.71654	0.890557
9.83712	0.414321
11.5463	1.761
11.2755	0.611047
9.51077	-0.028343
11.4204	0.621055
10.5228	1.33456
11.2784	4.10385
9.67323	2.41182
12.3483	0.471737
10.4598	1.16512
11.4457	0.102988
9.47816	1.79652
9.28436	0.193551
12.6674	2.44478
11.9548	2.64958
12.8008	2.67958
10.347	2.10227
11.2688	3.50203
9.86634	4.06421
11.1503	2.38887
9.26296	1.46822
11.3654	0.183224
12.2958	2.04752
11.1961	3.06092
10.2472	-0.123687
11.664	1.24916
10.366	3.39644
12.2493	2.44809
9.15977	1.2331
11.9691	2.04903
10.6784	1.65676
9.47963	0.458835
11.7226	2.12007
11.7837	3.40724
11.2561	3.4902
10.2198	0.327161
9.3751	2.56344
10.4947	0.713253
10.6682	2.70933
9.24245	2.86364
11.1702	1.98815
11.2173	0.389638
9.7375	3.23687
11.0273	1.16676
9.33853	1.89419
11.8755	2.71708
10.7794	2.64353
10.5616	3.3235
9.78287	1.47463
10.2842	0.864825
9.40932	1.29309
10.1744	1.89964
10.3137	1.52734
10.4566	2.56269
9.66482	1.22446
9.53298	2.85108
11.2366	2.16279
12.4681	1.04591
11.1156	2.72588
11.3439	1.08121
10.9503	3.50106
9.09131	0.396026
9.42894	3.64705
10.1812	2.14741
9.11941	1.94252
12.6928	1.2766
12.015	3.11715
9.90408	1.80442
12.6295	3.89578
11.7715	3.96986
10.6118	4.2087
9.95283	2.45188
11.1158	2.68194
11.3013	1.88524
10.3444	2.10988
10.9146	2.11685
10.4361	0.423077
10.5902	1.8419
9.34455	1.35453
11.009	2.49534
9.46275	2.36614
11.0419	3.4741
12.2262	3.41438
9.59739	2.67339
10.1098	1.45883
11.536	2.39039
12.5511	2.81786
11.6586	1.67958
10.599	2.79979
11.8674	1.98717
11.3484	2.64153
11.0489	0.332222
12.6034	4.5384
10.7747	2.42835
9.91015	0.502237
13.1042	2.58491
11.5567	2.10068
11.4776	3.4766
11.3035	3.30846
11.443	1.62883
12.0913	0.800196
12.3988	3.05967
11.1458	4.58526
11.0187	3.00015
9.43195	3.22278
10.9129	3.11713
9.87721	2.11131
10.1927	1.30068
8.9923	0.656289
9.44691	3.03732
10.3586	3.99252
10.6225	2.63643
13.1882	2.90611
10.9445	3.97614
9.69937	1.95825
11.2792	1.10096
11.9519	3.64455
8.90976	1.42075
11.1028	3.33617
10.4739	3.35699
12.3717	1.84464
10.9409	1.66058
10.3777	1.7182
11.5289	1.53979
9.85178	4.05922
11.6542	2.1658
11.5532	2.20445
11.5029	4.30382
9.76731	3.0976
9.58801	0.386159
13.419	0.595875
11.5553	3.00832
11.6963	0.27321
9.83554	2.0114
10.473	0.360587
11.0194	3.56767
11.6666	1.03642
11.8756	1.15321
11.682	0.0934874
10.4748	2.23395
11.3654	0.420996
11.2673	1.59174
9.70346	2.20151
11.2668	2.87678
10.4292	2.11309
10.0669	3.05686
10.5214	3.83842
11.0279	2.30662
9.78289	3.15937
9.52492	1.941
9.9568	2.94019
13.7755	-4.02016
9.41653	2.79671
10.6979	1.60378
9.73756	3.8127
11.4656	2.47758
11.6599	2.36174
12.5051	2.52781
13.3485	1.99719
9.51625	0.354702
13.1053	0.270653
9.86837	3.17155
11.5739	0.551782
10.7398	4.15939
11.0962	3.15982
10.3847	1.80865
11.1222	1.58079
10.8087	1.16653
13.3528	1.0083
13.2757	1.85184
10.6506	2.89684
12.4462	2.14025
10.4123	2.89939
9.34169	2.67529
11.5442	-0.0351371
10.5908	2.87699
12.0544	0.797667
11.0824	1.98676
12.5098	2.55962
12.2474	4.29983
10.9759	5.2183
9.70446	3.9421
9.21944	1.46594
12.2816	3.51966
11.0196	3.23003
10.3642	2.05372
8.67354	2.53296
11.207	1.54909
12.1884	1.03913
12.8891	1.20079
12.5357	2.89597
10.3872	3.2387
13.0365	2.40824
10.2153	2.32691
9.97982	2.66147
11.9637	1.10616
12.1358	3.26751
10.8027	0.0178563
12.0034	0.269671
11.1373	3.09063
11.88	1.83532
10.0542	1.26554
9.48499	0.1508
11.9994	0.933444
12.0823	1.30713
11.9881	3.13214
11.9512	1.71981
10.8244	0.917947
11.6608	0.696371
9.50827	2.79858
9.87359	2.53892
12.228	2.85907
11.908	2.45243
9.82532	1.74535
10.0475	0.975923
11.422	2.75451
12.301	1.90387
11.7037	0.0413898
11.1004	1.9969
9.25543	1.6906
10.7333	1.47703
10.92	0.804248
10.0456	1.75098
9.86853	1.91665
11.1058	1.44284
11.0043	0.922359
10.8154	2.81127
10.3392	3.54899
10.666	3.05345
11.0801	2.71703
9.81911	1.54386
12.8241	2.47001
10.1388	1.93057
11.539	0.0643468
9.86393	0.849891
12.0162	3.05345
10.9529	1.3369
10.0542	3.76113
9.65376	3.00571
12.4375	2.81925
12.3403	2.68897
12.1671	1.74077
9.72857	2.76062
11.3735	2.25998
10.4444	0.924404
9.84728	0.483198
9.90723	3.89056
9.07498	2.98592
9.33428	1.13245
9.73026	2.67504
10.5964	2.00795
9.723	4.99249
10.537	0.671669
11.2696	1.98614
10.5439	1.1038
11.6421	2.5147
9.34812	1.02595
8.94066	1.1071
11.7458	2.17999
9.91677	1.43121
10.1203	2.24676
11.6227	2.07174
11.3017	1.9268
9.51959	1.43981
11.093	3.87267
11.4885	0.517226
11.8973	1.15707
11.888	2.58954
11.8513	1.35334
11.4799	2.23987
11.8239	0.195582
9.80117	-0.064117
9.89581	3.22842
8.86284	3.13377
10.9622	2.25976
11.7166	2.48866
11.3342	2.65507
10.615	2.93869
10.4218	0.599877
9.07765	-0.127825
11.7974	1.16289
11.0061	0.84161
11.3319	0.738998
9.47145	2.23479
13.2752	1.42903
10.2699	2.64368
10.8201	1.4575
9.75805	3.9978
9.43247	1.84533
12.3575	2.43375
9.69229	0.407216
9.96247	1.32586
11.4026	1.7362
10.1778	2.13988
10.7265	2.64576
10.8307	3.03388
10.9786	-0.0578335
10.414	3.1604
12.5481	-0.797537
11.7604	0.589096
12.1088	2.29041
12.3183	2.02762
9.77957	1.47173
9.91593	1.37785
9.15105	1.15646
10.3874	1.76117
12.0664	-0.011878
9.27959	1.84099
10.1025	0.457577
11.2047	2.70399
9.09497	1.59717
12.572	6.27037
11.9646	1.72428
9.2388	1.90563
10.5615	2.00385
12.8527	0.648499
10.2055	0.789642
8.81019	1.65538
11.5573	1.60575
11.3925	1.77831
14.424	5.45569
11.672	0.655345
9.12066	2.90606
11.3194	0.644644
11.8072	0.580955
11.3293	1.81856
14.2286	-0.0156069
11.0636	1.16235
10.7685	1.29308
11.4461	2.7551
10.6185	2.05835
10.7105	1.87633
12.6574	2.18056
10.427	0.493986
10.6222	4.7746
10.999	0.473101
12.0903	0.386128
11.6566	2.37142
10.639	1.20033
11.1105	1.28844
12.6706	1.35247
9.52265	1.72357
11.7625	2.68264
12.2475	1.98465
11.901	0.661024
11.1149	1.10977
10.4943	0.151132
9.76966	0.906516
10.6276	1.36686
12.1839	2.73643
9.75698	0.508467
9.39908	0.553386
10.9103	2.55582
11.8755	1.98609
12.3539	0.475965
10.5337	2.35872
10.9842	2.01515
11.7824	0.464573
10.3148	1.54175
10.5723	0.0335934
10.5918	1.82454
11.6646	1.01499
12.1167	1.74651
11.4608	0.689011
12.5952	1.02931
11.1718	2.56034
10.5356	1.90189
9.72702	1.90567
12.2302	2.40271
11.255	0.826809
8.89504	1.78137
11.1217	2.46035
11.8923	0.907966
11.719	1.00199
10.6985	2.48779
11.5984	2.49587
11.5744	2.87813
11.7369	0.708334
11.839	3.32748
11.7457	3.85139
10.7536	4.07429
11.0112	2.97618
13.3342	1.98859
10.1222	0.58932
10.2114	2.91609
11.1096	0.818438
10.6924	0.937329
9.39388	0.0665083
9.20292	2.66189
10.7936	1.31525
11.8427	3.29412
9.99098	2.66933
10.8066	3.1441
10.0125	0.376606
10.9441	2.07697
12.2177	4.00175
9.28083	0.692351
11.4505	1.17371
9.39758	2.74826
12.5562	2.50265
11.7493	1.76021
11.5513	2.86789
10.5684	0.0132238
10.365	2.83323
12.3533	1.68343
8.98282	1.52847
12.6707	2.45371
10.4495	0.336724
11.3921	3.10014
9.7231	3.61465
12.5094	1.55532
10.8131	4.09556
10.474	1.32845
11.8319	0.919411
11.1533	1.1878
10.4103	3.77163
10.7634	2.58791
9.11586	1.31232
9.943	2.27231
12.3913	3.06498
12.9034	1.22555
9.92977	2.49132
12.3865	2.25811
10.5446	3.02546
10.5807	1.60643
10.8401	3.32592
12.1536	2.81729
11.6593	2.67721
11.4275	2.79157
10.8618	3.36593
9.92495	0.989995
11.2965	0.0767927
11.4468	0.54097
12.1274	3.22206
9.69994	0.298325
10.6879	-0.0503691
11.2653	2.29528
12.1021	2.86543
13.2201	0.77222
11.5804	2.17097
10.7784	1.73424
10.7053	1.13516
9.44502	2.82556
11.1187	1.70979
9.21476	0.839141
10.5733	1.06296
11.8118	2.71839
9.82475	2.94609
11.6352	0.982631
11.8547	3.53313
12.6927	3.78936
11.9146	1.71022
13.0658	1.77848
10.6499	2.12574
12.2261	1.33626
9.78629	1.28687
11.307	1.40149
10.3598	1.64883
10.3385	1.96149
12.867	2.73808
11.9217	0.209124
10.2475	2.65853
10.2127	2.83258
9.20598	2.64939
10.2306	1.1146
12.939	1.68372
12.0571	1.30526
11.6453	2.98845
12.3583	-0.154987
11.7062	1.64324
10.7085	0.499145
9.8844	1.69241
9.23394	0.914492
9.71912	2.97487
12.3398	2.45127
10.5188	2.07735
12.4699	4.81129
11.4468	1.9951
9.5053	-0.113696
9.09744	2.44513
12.8801	0.793879
11.7785	2.30643
10.3022	2.66223
9.67021	0.751946
12.059	1.94601
10.7389	1.70428
10.3704	3.14039
10.6668	1.21454
9.96795	2.38423
11.565	3.30816
11.5005	1.78354
9.01334	3.21609
11.3925	2.20185
9.39391	5.73144
10.408	2.42139
9.24629	2.8065
11.4098	2.80414
10.8401	3.85918
10.4715	2.2036
10.9546	0.707478
10.9382	1.24625
11.4169	0.98895
11.9887	1.62548
9.09708	2.4712
12.0524	3.00533
12.3347	2.83643
11.1731	1.47787
10.8796	0.307254
11.5699	2.98106
10.5765	2.32973
9.43237	1.37122
11.9475	1.24677
11.5783	0.389822
10.0108	2.34294
11.619	0.967526
11.1821	2.19805
11.5561	3.58943
12.3063	1.18751
11.5897	2.62295
10.7537	3.11385
10.4843	1.82171
10.0291	1.72492
10.6225	3.25176
10.8835	0.467025
11.5018	4.32955
11.3228	0.590347
9.56125	1.42506
10.058	2.93335
12.0889	1.98248
10.2834	0.618879
11.7245	1.87737
9.46649	1.60547
11.9489	3.16425
11.6089	0.5517
11.7847	2.2869
12.6114	-0.0832427
9.7435	1.99805
9.99112	-0.109055
9.79482	0.744146
13.0705	2.49554
11.381	3.42956
10.7303	3.06282
11.7395	0.0788797
11.2448	3.00361
11.4908	2.01424
11.7715	0.957443
13.1559	1.32147
12.0811	2.17252
11.6244	1.49362
12.354	2.25648
13.5358	-4.74081
10.2947	1.15446
9.51309	1.38684
11.7469	0.0877411
12.6406	1.3717
12.9311	3.27308
9.25062	0.50762
10.2209	7.32636
10.8408	1.46277
9.96614	0.899964
11.2708	0.637776
9.43849	1.99952
10.3272	2.29596
11.7794	3.52737
10.8457	3.08899
9.55074	1.4539
11.5335	2.49017
9.98202	2.29848
9.83922	2.31965
9.6746	1.09522
10.9148	2.97875
9.80973	3.80315
9.10318	3.06428
12.9665	3.62754
10.3701	0.36653
9.92185	1.32744
9.57818	0.11516
10.1045	2.16918
12.7918	3.91367
11.7152	1.91131
12.0816	3.09134
11.306	1.8192
9.07243	1.73534
10.1183	2.38897
11.9952	3.27606
11.3566	3.54974
10.5882	1.4613
10.9208	1.18241
9.94138	1.47612
10.658	2.91232
11.7966	1.53246
10.2497	1.94256
10.6193	0.925593
12.6163	3.01386
12.9086	1.02522
9.18746	0.667061
10.9985	2.60195
12.6038	2.95879
11.1452	2.12186
10.3827	1.84012
10.1803	1.25767
11.8269	0.784282
11.2663	1.20229
11.703	1.40444
9.51094	3.50621
12.8322	3.10959
9.01435	0.14553
10.4217	2.08667
12.874	0.819282
9.34343	2.44316
10.8606	3.2607
10.1543	1.45795
11.987	2.52429
11.3959	2.71215
10.0933	2.02976
11.2884	1.54417
12.5439	2.63041
11.1186	0.702431
11.0021	0.558493
10.9766	0.885245
10.3673	2.0441
10.6565	2.6119
10.591	3.0913
10.8904	3.24723
11.2214	1.62895
11.9004	1.62764
12.1517	0.511527
9.8803	2.55103
11.103	1.59479
10.5912	0.880959
11.4181	3.119
12.878	1.85816
10.4865	2.23155
12.128	2.43644
10.284	1.41062
9.94979	0.119522
13.4488	4.17749
10.0332	2.11658
11.4561	3.68298
11.5944	1.98193
10.738	1.56778
9.93298	0.287934
14.1179	0.265683
13.5793	0.733309
9.62442	2.51286
10.634	-0.0796549
10.0858	1.69755
12.573	1.94158
11.5053	2.0178
11.0361	1.49514
9.88634	2.15083
9.95234	3.1546
10.1985	1.47708
11.1876	2.16653
13.0643	3.82108
9.40121	1.80152
13.0544	2.8651
11.1665	1.85956
10.2697	3.78651
11.6501	3.39538
10.7627	1.27669
10.132	2.82497
10.1464	0.93628
9.14345	1.70495
9.19057	2.08809
10.7919	2.09639
10.6864	1.7923
10.0597	2.37255
11.5827	0.017184
11.7595	0.289913
10.5758	2.90668
10.8417	0.49195
11.9261	1.12221
12.213	1.20315
11.5302	2.78771
11.3312	0.734769
8.86424	3.33942
11.1681	2.00374
11.2471	0.821547
9.20835	0.289303
11.9042	1.81594
9.20661	2.69002
11.3245	2.78986
11.0115	3.17886
10.556	1.2932
9.84004	0.439424
10.523	1.33715
9.76563	2.35913
9.96094	1.29537
10.589	1.53334
10.9377	1.42207
10.3661	3.41881
12.1385	4.08141
9.99464	0.636075
10.8187	0.211901
10.1461	2.63118
12.8828	0.848992
9.98145	3.43729
9.43167	4.22185
10.6082	2.63023
10.3806	2.43868
9.16031	2.18732
10.2083	0.997123
11.1463	1.98396
9.26936	0.412704
11.4647	2.02953
9.31457	1.22759
10.7845	2.45365
12.1617	2.04693
12.1383	3.15466
12.078	3.70517
9.7955	2.46275
11.7094	2.22364
12.6494	1.03438
11.1237	2.38284
10.2758	0.67793
10.8336	2.44013
11.1393	0.216699
11.8109	1.58214
9.42805	1.2316
10.7322	1.03983
11.4176	1.00105
10.4429	2.36723
12.5379	0.169321
10.8913	1.55813
9.59361	0.623518
10.0525	1.32697
9.3207	3.03048
11.0136	1.4865
9.85132	4.0206
13.8916	0.0568432
13.9528	0.946447
10.6317	2.25699
12.4385	3.20699
10.3343	0.466813
10.4474	-0.0529047
10.0609	1.80229
11.4811	3.73393
9.74909	1.72292
10.4224	3.73198
10.0515	2.69988
10.1361	0.16475
10.2946	3.69768
11.0415	3.17889
11.7215	1.34661
12.4609	1.89086
9.6428	1.43378
10.0426	1.03257
12.4226	0.27739
12.0918	0.966147
11.9509	3.15715
13.6027	3.34327
12.8199	1.40015
9.93448	1.54124
8.94423	2.89362
10.917	8.15078
10.6674	1.50075
11.8316	0.077403
12.5768	-0.318519
9.58623	0.801929
10.4266	2.16541
11.7369	2.92122
11.3922	2.61574
9.709	2.91393
10.034	2.9887
8.89061	1.44224
9.89079	0.516471
10.8251	3.3406
12.0331	2.09714
10.9077	3.53723
11.6234	0.577271
10.1869	2.81528
11.4272	2.45728
10.1174	3.099
10.545	2.29331
11.5611	4.72175
10.5753	2.32467
12.9489	-0.159517
11.5235	1.29288
11.0747	1.48355
9.54276	3.74015
10.8754	3.72813
9.1012	0.087179
12.1807	2.35002
9.71011	1.29032
9.20444	1.40964
11.343	2.34787
12.6581	3.77957
10.3831	2.44276
12.2344	2.50434
10.3481	0.0499495
9.36694	1.20602
13.4031	1.06387
10.5917	1.72306
10.604	1.29988
10.473	2.2742
9.87413	3.57315
9.17871	2.71101
10.4658	0.844059
9.21357	3.01369
9.58708	1.49931
9.86305	2.03126
9.81173	0.135874
9.94393	2.69905
10.374	0.191074
11.7616	0.748752
9.59507	3.2294
9.24846	0.378583
11.5782	2.83366
12.9457	2.44441
10.2334	2.91883
9.61031	3.74068
11.2127	2.27086
9.61217	1.1207
12.0453	2.20716
9.03535	2.23082
12.1385	1.0334
11.8843	0.318771
13.3612	2.34941
8.8503	1.47603
10.0374	-0.0587533
10.6609	2.70346
9.95051	1.89948
13.3248	3.79047
9.09073	1.55516
9.526	2.87156
8.87046	3.32909
11.0015	2.91286
10.6536	3.06779
9.39143	1.08882
10.0104	1.83257
9.62697	2.10993
11.3858	1.6201
9.6429	2.34981
10.3334	0.777482
9.55949	1.34804
10.1725	3.33002
10.7049	2.38126
10.3873	0.59382
14.9305	3.5328
11.2457	1.22406
9.90464	2.42455
11.1667	3.64734
9.90844	2.91886
10.4751	3.36584
10.9128	0.593522
11.9338	1.31363
10.4465	2.24851
9.93011	2.72787
10.621	0.346086
11.2686	2.1555
12.2339	-0.381506
11.4832	0.847024
8.87048	2.8921
10.4132	2.42389
9.89542	0.729149
9.78908	0.795239
10.1092	2.36325
10.1732	0.92369
9.76519	2.27592
11.6815	1.76983
9.51971	1.08266
11.4583	3.23828
10.2436	0.0634099
12.7559	0.0645077
11.7881	2.04006
11.8552	0.115179
12.8168	1.72983
9.90025	0.608811
13.3913	-0.0236173
11.5681	2.19261
9.66423	0.184005
10.2645	2.93633
11.7076	1.2731
11.8689	0.636286
11.4823	2.78915
11.1314	3.05812
10.9007	1.79732
11.9026	2.88846
11.9261	2.94165
9.34332	1.73974
10.6942	0.628836
11.2778	2.83174
9.55456	2.48042
11.2034	1.4587
10.5031	1.58553
10.004	2.37359
11.6271	1.99177
10.6139	2.47685
10.0757	2.57164
12.5357	4.88982
9.97793	1.99289
11.5909	2.42884
9.83422	2.84616
11.8543	2.57158
10.9275	1.50486
9.56123	2.39065
9.21906	2.47534
12.4921	5.8261
10.6427	4.13826
10.1001	3.07082
10.06	2.97878
10.9294	3.15481
12.0888	1.82169
11.7715	1.98517
11.8787	2.7457
10.0641	3.47856
10.8962	0.929041
9.47164	1.24066
12.0598	0.0606371
11.9808	3.51294
13.3188	-0.199919
11.2339	2.31814
11.9148	1.52926
9.49397	0.735421
10.6444	1.66744
9.17479	1.71842
12.0837	0.925855
11.892	1.21696
11.3408	0.250133
12.0575	0.637427
9.37946	1.90475
12.0941	2.63196
10.8808	3.09227
10.0188	1.3418
11.0008	1.87227
9.48238	1.80795
10.4419	1.18935
12.1056	0.501331
11.5338	3.48376
9.91591	3.29968
11.1707	2.35941
10.6413	2.45306
11.3688	0.221148
9.12991	2.50502
11.3216	3.99107
8.9322	1.89001
12.716	-0.641065
11.383	1.53211
11.405	1.87739
11.904	0.611773
9.64001	1.78086
10.963	0.0851667
12.2313	1.61975
11.788	0.502192
10.698	1.20062
10.4344	0.929586
10.2589	1.96032
9.79789	0.931733
10.3617	0.554362
10.4914	2.19685
11.682	0.304287
9.98211	0.659318
12.2292	1.00987
9.60519	2.03832
12.2433	2.60459
10.249	2.65846
11.9864	2.18133
9.31519	2.21021
9.14613	1.80829
8.97601	1.39123
9.90278	0.0254782
11.6774	4.19779
9.79268	1.74812
11.6986	1.21544
9.42308	2.08844
10.6953	2.98809
9.64659	1.88192
10.4177	1.21759
9.66637	2.35494
11.6212	2.86816
9.62747	2.49151
10.7453	1.36288
11.7854	1.04274
10.9869	1.86937
9.48019	2.23772
11.5187	1.12099
11.8944	1.80875
10.6601	1.98096
9.65175	0.715521
9.61493	2.48742
9.23443	2.80619
9.21693	2.02695
9.75242	2.37796
11.8094	2.14652
9.63202	-0.0179841
12.8606	1.01441
11.9887	0.448295
10.5672	1.15369
11.3886	1.42683
9.6634	2.1112
11.1737	1.33492
9.64945	1.45715
9.50232	2.4817
11.9287	1.97319
10.8694	1.14658
11.2618	2.50769
11.3568	1.30435
10.2332	1.76806
11.1574	2.74584
11.3105	1.20578
10.8386	2.28649
10.669	0.504035
10.6404	0.794913
10.607	2.91824
13.5353	1.93369
13.0106	1.89825
9.74348	2.19871
9.99861	2.58976
11.9173	0.992644
9.62648	0.347208
8.94616	0.829157
9.14006	1.16524
12.2356	0.363017
9.83038	1.43005
11.5203	1.67026
10.6323	0.480522
11.5398	2.26659
9.04407	1.42037
10.9192	1.4573
10.9891	1.8908
11.7668	2.40653
14.983	1.27557
12.601	3.12108
11.9901	0.667645
10.143	0.856514
9.8215	2.67017
10.1076	0.0711449
9.3835	2.68742
10.9314	2.40299
11.2337	1.59777
11.4819	0.276049
10.7368	0.984678
13.8237	0.0270745
12.8075	2.25945
10.168	2.38187
10.5663	2.67738
11.4181	0.167805
12.6311	1.69965
11.8926	1.58328
11.1858	0.780125
11.5987	4.04136
10.1732	2.50995
10.5167	2.57693
10.1919	0.987732
9.69766	2.50872
11.6959	1.30269
11.0353	3.17765
13.1108	1.73584
12.3427	2.40851
12.6253	2.67215
9.32948	1.74683
9.09666	1.24317
11.5224	1.48181
10.53	2.88333
12.0957	0.145973
12.1078	2.4318
11.3597	1.50074
11.8057	2.57904
10.8756	1.67441
9.46201	1.34689
11.5717	2.01694
11.2631	1.29867
11.8733	1.99126
10.6363	2.61006
12.0705	1.22791
11.7286	1.47881
14.3408	0.155606
11.8259	3.04284
12.1919	2.54638
10.8925	2.56886
9.05106	2.56501
10.548	0.274234
11.135	1.99251
11.9656	-0.137893
10.0471	0.494626
12.2714	3.30555
11.9373	2.69934
11.4914	0.969815
11.5792	3.04329
12.9622	3.62947
11.2349	1.02973
11.7871	0.882896
11.2961	0.161216
11.6107	2.89843
10.1316	-0.110354
11.5585	3.79629
10.8581	1.09342
9.23174	2.13687
10.8989	-0.14819
12.364	1.87441
9.21914	1.1593
10.795	0.637729
11.0411	1.32809
9.57475	3.76373
9.94448	3.17037
12.1998	2.71837
9.57392	0.324212
10.0528	0.808622
11.0515	0.251605
10.2597	1.69471
11.9386	4.93607
10.5433	1.63786
10.0594	1.00453
10.8244	1.93631
9.62088	0.093921
12.4947	0.667168
10.9854	4.12987
10.3826	2.7719
11.7921	2.14563
11.0541	2.16308
9.15	0.776117
11.2037	0.728351
10.1563	3.308
9.65278	2.53797
9.99867	0.62257
11.8425	1.86953
11.7908	1.67194
11.2066	0.146271
11.096	3.24602
11.6355	1.26608
11.173	1.89989
10.1667	3.67622
10.5258	1.15694
12.5113	2.56422
10.7978	2.28553
11.5833	1.2856
12.1865	1.86815
10.7042	3.32203
11.9237	3.35103
11.1708	0.653392
12.1317	2.2801
9.45015	1.02443
9.51656	0.931209
12.0062	0.989996
9.72744	2.58932
11.8443	0.449971
11.1872	2.60984
9.77291	1.57174
11.0888	2.57637
11.3799	2.08771
11.3147	0.765131
9.66938	1.51248
10.7346	3.12104
11.4186	1.73998
12.0078	2.47349
11.4868	3.88943
9.53666	0.278916
12.4182	2.26258
11.8418	1.71556
8.86439	1.91872
10.4826	3.07475
10.8888	1.57794
11.1256	1.31959
9.80009	3.68252
11.342	2.67044
12.2486	0.960336
12.5717	2.25272
10.3695	1.69001
11.3851	2.58482
11.7442	1.59083
10.8115	0.32898
10.3747	3.71642
11.7236	2.05326
10.0493	0.404841
14.0169	0.14173
10.2519	2.32282
9.59589	1.5763
13.951	1.14799
9.22658	1.48857
10.2211	2.69079
10.5229	4.47686
13.1234	-3.39443
11.765	0.99072
12.2404	2.45329
10.8821	2.3365
11.8182	2.39612
11.4052	1.70735
9.43726	2.12929
11.6123	4.29298
8.97353	1.8701
11.7245	3.56055
11.6113	4.52762
11.5132	2.6532
9.91239	1.37761
13.6884	4.28314
13.4152	5.63941
10.952	4.17827
9.77496	2.06002
12.2016	1.93057
9.39799	1.94661
10.9424	0.243495
11.016	3.66896
10.6289	0.55972
9.53676	1.30054
10.2941	-0.0596135
9.87426	1.99076
10.6303	3.12276
10.7881	0.521387
11.7693	0.334525
11.3422	5.04235
9.34153	1.45094
9.54555	0.650772
9.11252	0.66045
11.189	0.901484
11.1256	0.803007
9.88114	2.53459
9.35304	0.345476
12.4782	2.03751
10.3387	2.04122
13.5073	1.47012
10.5209	1.66264
10.7284	2.92506
12.7895	2.01431
11.4068	1.17042
9.49542	1.04674
11.5936	2.32934
10.4656	1.88556
10.5683	1.27962
11.0317	3.27631
13.5703	1.15387
10.7572	3.29495
10.7024	1.6925
9.88245	2.34054
13.011	-0.803542
10.7116	1.92667
11.8913	1.93269
11.829	3.28748
10.8196	1.94077
10.0451	0.985867
11.0674	0.955346
10.3818	2.74224
9.53731	3.69142
10.8487	2.43041
10.3423	-0.113619
9.00983	0.957605
10.8895	0.521637
11.4639	1.9915
10.7292	4.05938
10.8538	2.36086
12.7037	0.191827
11.0728	4.08644
10.3341	1.12721
10.6859	0.83246
11.4002	-0.150671
10.1602	0.767444
10.8206	3.33982
12.2042	3.23749
11.6371	2.79035
12.3648	1.09734
10.2185	1.21485
10.3897	2.62493
11.2228	1.42855
13.531	0.0555243
9.1498	2.72993
9.9926	0.888423
12.0956	-0.0216685
12.5638	2.57666
11.6926	1.64072
12.4263	0.30445
10.9421	3.78153
10.1457	2.27349
12.3638	0.888543
11.2026	0.793479
11.52	1.48932
11.1791	0.316872
10.5848	1.33019
9.98828	1.52772
10.9196	0.560634
10.1242	0.964102
12.0489	2.37149
11.0557	1.53603
11.1932	2.38684
9.00361	1.37933
10.5192	1.8847
12.9319	3.27849
10.1069	0.0827346
11.064	1.99175
10.2028	1.85863
8.78795	1.94735
11.0147	1.50258
11.1143	2.6892
11.293	0.911671
9.0797	2.59495
12.5811	0.719995
10.001	2.09062
10.244	2.01935
10.4215	3.94046
10.8793	0.738631
11.5525	1.92278
10.3058	2.34529
11.1093	2.24795
12.2897	3.11111
11.9059	2.05149
9.82469	1.09447
12.1319	4.10271
10.4465	0.543372
10.1327	3.25348
11.4879	3.24915
12.3543	3.62961
14.6983	2.15661
12.5267	0.050964
10.8261	0.697473
11.6359	1.31864
9.45723	1.31454
10.7571	2.48607
10.8247	2.97942
10.353	1.11498
11.067	1.35852
11.6372	0.850072
12.7558	0.814943
9.25886	-0.000393039
9.72671	0.966061
11.4804	2.65915
11.8201	2.19319
12.8719	2.62872
10.2747	1.79921
13.3917	1.34
12.3328	0.593182
10.2361	3.39384
11.2129	2.13854
9.68652	3.87316
13.036	0.61756
9.76394	1.35594
12.3317	3.83833
9.36844	1.12768
9.81525	2.91804
11.6284	1.30348
11.9643	2.63124
11.9139	2.62643
10.7965	2.3101
10.0304	4.45995
11.9915	0.603131
8.9836	1.887
11.2397	2.38366
11.8773	0.788484
11.5859	1.3488
9.02893	0.868518
12.025	0.537371
9.54749	1.45745
9.72612	4.40714
10.7883	1.05103
10.9167	4.25711
11.2459	0.331077
12.4244	2.89119
11.4712	2.76648
11.3792	2.27926
9.29303	3.48516
12.5337	2.64908
11.1338	0.249465
11.1804	1.4899
12.1969	0.176737
9.5017	2.99402
11.6719	1.65492
10.05	0.684597
11.7951	2.8302
11.1039	2.50447
10.7982	0.49417
10.6547	1.28026
10.5725	2.47368
9.8862	1.11158
12.2521	0.40548
11.8858	2.8189
11.7438	2.80765
10.944	3.708
11.4811	2.63381
11.1249	4.0992
9.39896	2.56631
11.2369	0.367147
12.4174	2.77848
9.32237	1.96626
11.0941	-0.0518607
10.1477	1.79398
10.6298	2.86886
10.4672	2.80729
10.8044	0.246863
9.85887	0.548008
11.9929	0.791568
11.828	2.05416
10.133	2.23786
11.3623	0.377098
10.7639	2.75138
9.59728	2.3127
9.67065	0.613271
9.28499	2.30917
9.50914	1.72891
11.4366	1.10788
10.5543	0.382819
10.5919	1.26881
11.1939	2.38874
13.1432	3.77922
11.4953	0.872697
10.1823	1.19941
11.9947	1.76398
10.3735	1.4755
14.5575	0.817845
10.6559	0.178188
10.397	2.23546
9.9686	0.795572
11.3875	0.579333
10.112	2.08422
9.15453	1.72688
10.9133	0.891178
11.1894	1.23734
9.93499	2.88793
11.6468	1.20589
11.1848	0.517922
11.6549	0.302795
9.4291	2.25871
11.3484	0.967222
10.8611	3.04325
9.64755	2.93812
13.4332	4.04638
10.6591	1.60756
12.2975	2.91957
11.663	1.55042
10.1634	2.85203
10.1759	2.38518
10.3082	3.45433
12.0461	2.34703
12.5084	4.30622
11.6875	2.13422
9.24532	2.41594
12.9212	5.7436
11.734	1.95111
11.0324	2.91949
10.9087	3.07395
9.64867	1.95588
12.1581	2.06297
9.56259	1.16068
10.4358	2.34709
11.7643	1.39716
10.2056	2.3059
11.4201	3.014
10.4161	3.75358
12.874	3.53198
10.0169	2.51468
11.4474	2.09088
9.67081	2.12967
9.05944	2.44381
12.0013	1.3896
11.1995	1.96745
11.3319	1.5757
9.00696	2.66767
10.7723	2.48403
11.0971	1.83951
11.9645	2.05757
9.34655	-0.00878781
10.1669	0.859287
9.24142	3.14284
13.1946	0.44185
11.5384	1.68567
11.8152	4.15198
11.6054	0.821305
11.2236	3.30568
9.73365	1.91872
10.965	1.57206
10.0849	-0.0804954
11.0833	2.97138
11.3041	2.17335
11.2261	0.515724
9.31162	3.0151
11.2844	1.75721
10.0514	2.52006
9.61664	1.67187
10.6953	1.7844
12.943	5.9554
10.8407	0.962801
14.5124	1.26398
10.7632	2.06435
11.5622	0.161491
11.7638	1.28795
13.8553	-0.33266
8.99265	2.36784
12.3704	1.35031
11.2292	2.05138
10.7644	2.03267
9.54849	4.0022
11.3533	1.84509
11.6495	2.54203
10.3572	3.10855
11.0873	0.860978
13.2431	4.25627
13.3571	4.6043
10.2093	1.55371
11.3951	1.10901
10.9676	1.82344
10.9025	1.44408
9.35102	2.57115
8.86537	2.17216
11.1711	3.23839
10.8783	0.951564
12.2399	2.23957
13.6854	2.15992
9.56244	0.118993
11.6261	0.920612
11.4169	2.41929
10.5902	3.10645
9.90342	4.15198
11.6318	0.266692
12.6761	1.66488
11.0094	3.39156
10.4212	2.62161
12.6461	1.10144
11.3878	3.34322
11.7595	0.769683
11.3683	2.45162
11.7732	2.01077
11.0203	1.84853
10.477	2.10556
9.90581	1.25961
11.0737	1.9475
11.6092	2.65866
11.2068	1.24016
10.7828	0.0455851
9.53922	0.71226
11.2228	2.04749
11.106	1.34654
12.1679	1.54622
11.766	2.05842
9.95278	6.30642
12.9602	-0.161756
11.1136	0.285894
11.5298	2.57616
11.902	2.3513
9.69036	2.31093
9.09449	1.43792
11.9522	2.02286
10.1169	2.86837
11.2254	0.0849799
10.6812	2.66906
11.8452	4.92029
11.9002	0.426293
12.3973	2.67451
11.5106	2.61763
11.9622	2.35314
9.45393	0.645723
12.059	3.59075
12.0673	1.8468
10.1544	0.14999
9.09788	2.54814
12.0125	2.29941
10.0679	1.74224
12.3931	3.72815
12.3972	1.17627
9.9531	2.59382
10.2927	1.06406
10.1487	2.13982
12.4854	3.19227
11.0404	2.02123
9.28445	-0.137433
10.6779	2.4209
9.2637	0.206281
9.30045	2.66233
10.4823	1.26552
11.6223	2.39938
13.3701	0.231465
11.3846	3.5279
10.7772	3.14593
11.0583	0.657347
9.48655	1.27378
11.6897	2.95561
10.9923	3.06064
10.3875	1.34061
9.65557	2.09831
13.5809	0.477894
9.3878	-0.15998
10.112	1.03946
12.0823	2.40015
12.5139	1.12679
10.764	3.56169
10.6057	2.96913
10.0833	1.09623
9.7153	2.2211
14.0257	-0.14503
9.26402	1.24686
11.7357	2.39398
9.72504	3.05392
11.1465	2.83479
11.0876	2.09119
12.6283	3.14538
12.6585	0.433625
9.81868	2.8138
11.0477	2.00444
9.48624	1.22691
12.0459	4.36764
11.1145	3.04512
11.4644	0.29811
10.8411	2.41265
10.7054	1.7559
9.38587	1.39602
11.0425	0.362789
9.80706	0.52009
12.3851	-0.729953
12.5858	3.86463
10.7026	2.23871
11.0094	2.6735
10.3881	4.47779
11.3848	2.59631
13.1688	2.77163
10.3709	2.90435
9.53298	0.129252
9.34876	2.10191
9.59694	1.55331
12.2869	0.836422
11.1167	0.979828
12.879	2.1931
11.5073	1.83617
14.2427	2.98513
9.3276	0.38999
10.5715	0.46476
11.3524	2.88994
10.491	2.95626
9.91321	1.35512
10.586	1.58244
9.68717	3.57999
12.4161	0.249422
13.2883	1.78904
11.4945	2.67441
11.4529	0.903194
9.66747	2.68494
11.6963	1.63589
10.3275	1.25927
11.3067	2.67827
11.4568	3.70596
11.6719	2.25045
10.8508	2.66453
10.4606	2.1845
12.66	2.80298
9.44984	0.1984
11.481	1.14155
9.61219	1.36547
10.9472	2.10622
11.3274	0.659341
9.58272	2.96233
9.79919	1.66626
11.2462	1.25091
10.0569	1.90513
11.5812	1.15089
10.2352	0.0898553
11.6844	0.761854
12.5672	0.584232
11.6315	1.71249
10.9101	4.16391
9.20103	1.70399
10.0429	1.81834
10.2179	1.71389
13.7989	1.66114
10.6536	1.16491
10.9952	0.749427
9.96303	1.84744
10.179	2.45229
11.292	3.0363
10.7792	1.54392
11.4761	2.85244
10.9497	0.149072
12.3059	1.19386
10.628	0.90002
11.3827	1.95189
11.4971	0.556819
11.3594	0.599777
10.3787	1.88156
11.6111	-0.278534
11.2731	0.220936
11.0466	0.42887
10.702	1.21948
11.1955	1.73765
9.78689	3.30027
11.4236	0.256487
11.8008	6.70885
11.5269	0.773671
11.6848	2.15397
10.9556	1.49935
11.362	0.158027
10.9769	1.77815
11.6292	2.05869
12.0408	2.08763
11.0376	5.36455
11.9047	2.62582
9.41698	1.59821
10.8072	2.79188
10.5055	1.30096
10.972	3.08095
9.9322	0.507971
9.78183	2.67771
12.1048	1.00335
9.9355	3.62242
13.014	2.94738
10.1195	2.92016
10.9792	0.789751
9.24633	1.74429
13.0369	0.0435615
13.2801	4.14118
9.90697	2.98396
12.6503	1.27768
10.9153	2.10299
9.3122	2.45481
11.5072	0.381559
14.3058	0.482672
10.1165	1.12668
11.6595	1.67294
9.22029	2.62182
10.7474	2.17854
9.72607	1.67583
11.0836	2.65653
11.4992	-0.217712
9.8961	2.23187
9.57054	3.41824
10.9436	5.57404
11.1788	2.8817
10.7258	2.90569
13.0366	2.3354
11.4643	0.903205
12.7951	4.65954
11.0825	3.38059
9.14725	1.56398
11.0728	2.92322
13.094	0.195869
9.35853	0.419368
11.4438	1.24024
9.60449	0.962735
12.0328	1.19506
11.0929	3.36243
9.37199	3.40836
10.3691	4.33098
10.3226	1.74107
14.7083	4.63506
9.96963	2.23629
12.8755	2.28243
11.2672	1.71624
10.8426	3.56456
9.9593	4.29275
11.6704	2.29907
10.1831	2.43202
11.8322	-0.0542458
11.1645	3.36589
11.4695	0.977576
11.2902	3.27678
10.1546	3.66051
11.3927	2.37893
9.29806	2.28172
10.0256	2.54616
9.01755	2.52247
11.1298	0.917564
12.2369	0.762469
10.4797	2.91517
12.5178	2.16368
10.3219	0.917102
9.90439	1.54386
11.5996	0.948763
11.1336	3.31845
12.2096	4.73878
11.8954	2.69944
10.0822	1.49683
9.98935	2.67338
11.0396	2.03482
13.0904	1.23402
9.81689	1.60959
10.9744	1.91851
12.9605	-0.350573
11.4061	2.45615
11.5946	1.95288
12.1537	2.8806
11.5544	2.70376
9.41092	2.21853
12.1955	3.20075
10.4193	1.16379
9.00836	0.369481
10.7659	3.18292
12.3624	2.53386
11.7223	2.33719
10.4108	4.89484
12.6283	0.179399
11.9583	1.76905
9.94769	1.80611
13.5803	2.88762
11.8299	1.7381
11.6115	2.43499
11.3884	2.6372
10.7029	2.33232
10.3436	-0.13304
9.94641	2.18306
10.3401	1.49193
9.39213	2.6729
11.1413	1.58934
11.2436	1.66311
9.4727	1.51443
12.2174	2.92907
12.0751	1.76418
11.2365	4.51195
10.8775	2.12668
9.55797	1.11309
9.5464	3.61374
11.8557	1.20594
11.2737	2.79367
10.0794	1.00145
10.4001	2.64175
10.5465	1.53631
12.561	0.433532
11.4534	2.87875
10.0197	2.69743
10.8173	0.264762
10.4922	2.08603
11.2725	4.29671
10.2892	1.98371
11.898	1.2671
10.7583	3.2341
10.3747	0.110753
10.5275	1.69342
12.6965	6.27366
11.7638	3.68548
10.8372	2.7272
11.7717	1.87932
11.9574	1.01355
9.67296	1.24954
12.1939	1.94336
10.56	1.12074
10.7466	0.897831
11.6548	2.47257
11.2631	2.6132
11.4425	1.30757
10.5371	0.519785
10.2002	1.43528
10.374	3.32215
11.8011	-0.032725
10.8651	0.787459
9.93315	1.42642
11.5479	2.50511
11.4164	2.5982
11.2511	2.30282
10.1244	3.09827
9.67092	2.64882
10.403	4.09785
11.1744	2.50102
11.1728	1.82577
12.624	3.00604
9.15153	0.36587
11.1077	3.005
11.9803	1.87697
14.4797	10.3012
9.83994	0.194905
11.6476	2.94667
10.4091	1.01863
10.58	2.76671
9.54281	0.369643
11.052	2.02364
12.2505	1.78124
12.721	2.09973
11.0229	3.14062
10.1854	2.16136
10.1978	2.97845
9.5604	0.670365
12.6115	3.16771
10.3039	2.40746
11.468	0.648327
11.4881	4.83389
12.4109	1.87639
9.73694	0.414928
9.00254	1.2709
9.80083	0.614276
10.2774	1.95735
11.6741	0.827629
9.49993	3.53627
10.9226	2.69859
12.5839	1.59607
12.568	1.05633
11.1538	2.5214
11.8434	1.30088
12.8217	1.37351
10.2468	0.481528
10.7938	2.28611
9.40822	0.243221
11.9759	2.15466
10.2107	2.55312
10.3817	1.23585
9.62308	2.83202
11.6457	2.22944
9.89448	1.98464
10.7014	0.958516
9.27833	1.78396
10.5034	3.64538
9.08494	0.57205
10.3703	2.2585
9.96813	1.8772
11.5834	2.42122
13.0458	3.97043
12.8786	1.85557
9.69038	1.59175
11.8386	1.70724
9.50086	3.37697
12.2872	1.35466
11.2305	1.31249
10.0011	2.10173
9.80626	3.79194
10.5409	3.89536
10.0676	1.23198
10.1483	2.37905
11.2175	2.67016
11.4771	2.06683
11.6935	1.49996
10.7989	1.82317
10.8845	0.917268
11.9497	2.7911
9.77921	0.759904
11.505	0.594021
10.0794	4.1669
10.6687	3.06104
10.1649	2.31166
9.13065	0.676973
10.7773	3.66405
11.8919	0.930912
11.3832	2.21985
11.1231	1.85553
11.8014	2.28104
10.9183	1.45103
10.1756	2.08219
9.31367	2.07044
11.2685	2.744
13.3259	1.56193
8.94368	3.43498
9.17474	4.0033
10.9144	1.75952
9.79967	0.353545
10.8888	0.602085
10.1405	2.11182
9.62709	3.4679
11.2643	2.09577
11.2654	4.40179
10.5516	1.53365
9.18185	0.79438
11.4377	4.3613
10.1414	1.37675
8.86453	0.614348
10.6858	3.0447
9.46943	0.409587
12.8834	0.435648
10.2694	2.01511
9.35282	0.491029
12.2531	1.2958
13.061	3.6032
9.98623	1.78349
9.74258	2.1878
11.0945	0.00404518
9.40146	1.52079
11.3179	5.27969
11.7631	2.44801
9.61861	0.573598
12.3018	1.79773
9.20799	0.552583
11.0063	2.86091
10.3392	4.34085
9.32064	2.66579
12.6754	2.71341
11.3504	1.62253
12.9122	-0.185654
13.0352	4.515
10.7741	2.55577
10.8264	3.58315
12.9081	2.23822
11.241	1.95999
10.5365	2.08873
9.14978	2.00656
9.81726	1.29387
11.4366	1.53719
11.0227	0.949676
11.9229	1.22626
10.2503	2.94653
11.1367	0.28353
12.335	2.95158
9.09534	1.02894
9.20882	2.05943
10.2806	1.29439
11.5325	3.00951
11.2625	0.807095
12.0126	1.85088
11.8123	3.76302
10.2742	1.10251
11.2875	1.17504
12.6694	1.5684
12.9052	3.40665
10.0928	1.49104
13.0349	0.574364
9.18959	2.99597
11.5082	1.61121
9.05827	2.49341
10.0163	1.16003
9.63946	2.40896
11.1935	1.88523
10.1549	3.65065
9.39543	1.32528
11.3168	0.716406
9.71025	1.82613
10.3912	2.9739
8.82082	0.920069
10.0449	1.89376
10.3436	1.81201
9.93532	1.89093
12.3924	1.68666
10.8257	2.02204
9.38933	1.59017
11.2478	3.7939
11.278	2.04618
10.4782	2.38695
10.6157	1.03914
11.0659	3.60562
12.425	0.218991
9.79841	2.16025
11.4802	1.47847
11.6036	2.0474
11.3417	1.98948
13.2539	3.21976
10.3152	0.811574
10.6943	3.31985
11.2669	2.55835
9.50743	2.85574
12.5147	2.51171
9.84913	1.78301
11.9701	1.0547
9.97963	2.39449
9.07295	4.24977
8.94858	2.49609
10.5727	2.5812
10.12	2.56202
11.4811	2.33625
11.2197	1.00142
10.4965	2.96003
11.2989	2.11624
12.5774	3.03479
9.86032	2.27064
9.8916	2.69838
11.3542	6.68
11.885	1.3217
11.4023	0.663309
10.4442	2.38043
11.5739	1.87539
9.27384	0.401189
11.0704	2.12151
10.1618	1.99415
10.3813	1.71461
11.3973	1.40477
10.2842	2.16837
11.7258	1.74315
11.0997	2.58055
10.4653	2.61635
12.2244	1.42507
10.8814	2.36713
12.3584	0.928995
10.6383	2.20142
9.34298	0.852414
10.2032	2.97505
12.409	1.73819
10.7691	1.67389
12.4472	2.7782
10.4849	0.289338
12.8051	0.714426
12.2958	2.09202
9.24187	0.0904602
12.0349	1.85357
11.615	0.356695
12.1723	2.31052
12.1765	7.73165
10.8831	2.13472
12.5915	1.0268
11.4037	0.0252339
10.3115	3.13826
13.1659	-1.61463
9.16265	1.39846
10.83	0.673738
11.3313	2.95379
11.0202	0.137421
10.4035	1.04844
9.89952	1.74868
9.22549	1.38666
12.9035	1.86692
9.8725	2.54245
10.8466	4.524
10.7976	2.46161
12.3962	2.05322
11.1099	2.20488
12.0301	2.20074
12.9464	2.53087
9.48445	2.69218
11.9614	0.685364
11.6649	3.2904
10.4879	4.07067
11.1371	1.19114
11.9682	3.9409
9.1135	1.34436
11.2195	2.74673
10.5122	3.06148
10.5561	1.58249
11.3892	2.36427
11.8793	1.86515
12.6283	-0.0990589
11.1851	0.587947
9.51203	2.88252
11.0717	2.95883
9.26346	3.0353
9.97918	1.11605
10.2356	3.95773
10.9527	2.22316
10.6582	5.21407
11.8485	2.14905
11.2632	-0.138834
10.6146	1.39811
11.4746	4.10938
11.3536	0.606728
9.75594	0.726891
11.1932	1.26527
11.189	3.2472
11.0207	2.83093
9.98951	3.0458
9.53582	2.01142
12.698	1.3681
9.27873	2.99818
11.1421	0.795068
10.5722	2.19375
11.4599	1.17785
10.8673	2.71441
10.3017	1.56873
11.6438	0.433669
12.4712	4.94427
14.8943	-2.80194
11.3207	3.66569
12.0455	1.78381
11.8082	2.18987
10.2532	0.820084
12.1516	0.489628
13.4389	1.54882
11.1336	2.21278
11.7737	0.430222
13.2951	-1.6886
11.7466	0.517186
10.7458	1.42074
10.4194	3.03771
10.9579	0.116825
11.1862	0.780468
9.45893	1.82674
10.0155	2.18156
10.8096	2.20648
11.6478	2.5801
12.5871	1.30089
11.6677	0.56046
11.5424	0.318202
11.13	1.3307
9.285	2.79518
11.9551	2.63051
9.54785	0.411704
10.3698	0.641881
10.4612	0.748991
9.95986	1.3734
11.4616	0.562855
9.89119	2.44443
10.4749	2.63056
10.5057	3.31793
10.8639	2.89767
11.4122	3.4265
13.2542	3.10514
10.7457	2.12865
10.6365	1.9258
10.1791	0.376475
10.634	-0.00638088
9.8726	1.70183
10.4703	2.80743
11.6733	2.45137
9.84759	0.488412
8.95968	1.28514
10.4878	0.146406
9.61408	1.17169
11.2993	1.73635
10.1285	3.72512
11.7689	0.478001
11.0116	0.779587
9.95722	3.44342
13.29	2.41707
9.54183	1.64785
9.58312	1.75726
9.50861	0.566218
12.4053	0.361366
10.3669	1.94432
9.72493	2.19422
10.3676	0.858436
10.7326	1.45963
10.0237	1.79151
11.1017	0.50131
10.8556	-0.044292
9.3782	0.568589
12.0294	2.60856
11.4034	-0.0380485
10.6938	2.80884
9.49662	1.60991
11.4328	2.36959
11.3205	4.02253
8.81557	2.56472
11.8669	3.37198
11.0948	1.04423
11.271	2.99652
12.5876	1.79192
12.2757	1.9051
11.4333	3.94736
12.2109	3.5665
10.5381	3.75804
11.4957	1.23934
9.33139	2.25912
12.6354	3.13246
10.1433	3.23445
12.5917	0.399102
11.944	2.23888
12.1523	1.67913
10.3323	0.638646
11.9412	2.35064
11.3122	1.08876
11.064	0.520883
9.5895	0.318688
10.6959	1.75145
10.2381	3.30232
10.2099	2.1855
11.3355	1.61695
10.4237	3.58081
10.0954	1.69649
11.0064	1.98627
12.1434	1.34333
9.40401	0.728565
11.8066	0.428516
11.9305	3.33191
11.3494	0.569101
12.3855	2.63805
9.41394	1.6823
12.0281	0.0617896
10.3251	0.194664
10.6729	2.20232
9.65703	1.94718
12.3153	0.24842
10.5497	-0.00899351
11.3967	3.17612
8.94519	2.1953
11.8693	1.41192
9.56609	3.58459
11.104	2.36549
10.423	1.10741
10.9187	0.19819
10.1294	3.28781
10.6841	-0.0769655
9.97282	3.18138
11.7512	2.05853
11.3005	1.0126
11.428	1.87897
9.16045	1.38188
10.3198	1.73168
10.267	0.505579
10.7332	4.86131
9.49643	1.56654
11.4959	3.14018
10.8359	2.16478
10.6049	2.46837
9.56867	1.20474
9.63754	3.47945
13.0689	0.928104
11.2465	2.82874
9.95443	3.4352
11.3448	2.71722
11.6256	2.71711
9.70536	2.73491
10.8361	1.35581
10.7783	2.41291
11.4874	0.976894
11.1253	0.131015
10.9546	2.05463
11.417	0.220074
11.9784	1.64653
10.32	0.508909
11.4894	0.139363
8.94079	1.95368
11.1294	2.43248
12.7021	2.07782
10.3775	3.12451
11.4221	2.09817
9.24509	0.328296
11.838	2.81399
10.0333	2.90481
11.0124	0.633154
11.7351	3.2664
12.2638	0.989913
11.6857	1.36518
9.63038	3.00808
10.612	1.85393
11.7498	0.998396
11.1948	0.894717
11.971	2.09087
11.9999	3.11221
11.2983	2.69873
10.2586	3.01365
10.1627	1.58655
12.0206	1.21035
11.6831	0.403654
11.1374	0.418171
11.1888	4.71572
10.4662	0.282754
11.1411	1.87738
9.5312	2.31385
10.4694	1.27131
11.4239	3.09968
9.33854	2.18753
10.201	0.100408
11.3522	1.15992
10.5993	2.60191
12.5756	0.961031
11.393	2.0939
10.4737	3.09849
9.38518	4.522
12.3136	2.17786
10.9197	1.07796
10.5753	0.71277
10.2831	4.5343
10.2955	1.70077
11.9547	2.00293
10.0259	2.86235
10.5479	2.45393
9.76717	1.74422
10.8465	3.00037
10.5036	3.37081
11.6944	2.25777
9.86128	0.0968156
11.8005	1.53413
12.069	1.29178
10.2387	0.412472
11.8429	0.233382
11.9744	2.40824
9.27077	2.91543
10.2324	2.69243
11.2432	3.29575
10.4929	0.569001
9.03808	2.77244
10.643	2.74274
10.633	2.99411
9.58918	0.0878164
9.05246	1.86627
12.5844	2.56254
11.9289	4.9592
11.5253	1.3207
10.072	1.91876
9.24401	0.554021
14.9559	7.00509
10.2577	1.43454
11.4414	2.14523
11.8885	-0.066662
10.6696	1.1095
10.1221	0.685809
10.5564	2.94201
9.0854	0.196474
10.6488	3.84638
10.6447	2.29842
10.9086	2.87225
10.0272	0.755331
10.9394	1.34805
11.7479	1.86184
11.022	2.20027
12.1452	0.875255
10.7594	1.89655
10.2137	2.51314
13.9742	4.68669
12.5134	2.54707
11.452	3.9166
11.0981	2.25794
11.9893	1.28474
11.0796	1.68705
9.22807	1.03049
9.89427	1.9239
10.2744	0.929578
11.1582	1.55454
11.6454	1.68531
11.6569	3.02231
10.4832	1.79839
9.29235	2.61011
10.592	1.53089
10.5332	2.37059
10.7259	2.79465
11.0111	2.78435
10.1488	2.86453
11.7279	2.28467
10.0995	1.58741
9.47314	2.65989
10.9898	1.12965
9.55384	0.140405
13.1026	3.25112
9.11526	0.545478
13.5052	4.18918
11.7941	3.44507
9.26704	0.562118
11.6887	2.3383
11.4624	2.65422
9.82629	3.18688
10.6104	3.75741
10.8977	0.624488
9.70329	1.73246
11.7254	3.30322
11.4776	0.166827
11.5059	0.992691
9.99659	0.418753
9.85508	1.01623
12.63	2.05296
10.6158	3.05993
12.5234	1.70263
12.5149	4.84743
9.3331	0.21025
11.1059	3.69541
9.22072	1.28665
11.5295	1.32879
14.4028	3.14303
11.5038	2.12753
9.26875	0.208837
10.2282	3.92578
10.3683	1.93358
10.6398	2.73509
9.86288	0.160921
10.4752	3.98043
12.2466	1.26056
10.3767	2.0043
11.0735	2.83992
10.8735	2.51273
10.7727	1.18825
9.15019	0.924916
11.3091	3.1995
11.6418	1.18711
11.9263	2.6342
9.78914	0.171682
10.0576	1.58406
9.6933	2.03116
11.9211	0.950282
11.3971	1.75041
10.4706	2.53658
13.9382	-7.92868
11.0999	2.47693
12.8637	2.13535
9.42365	1.29592
10.1999	0.236495
10.0667	2.63603
12.5295	-0.860844
11.8927	1.26528
10.946	0.784522
12.2614	1.66964
11.7978	2.68766
10.1568	-0.0299101
9.45835	1.81401
11.8462	2.47982
9.9992	0.607849
11.3782	1.75129
10.6369	1.49939
10.1599	2.92403
9.42787	0.824619
9.24528	1.90816
11.7001	2.28979
11.5963	1.35345
10.7645	0.892177
11.5923	0.893977
9.65626	3.31202
10.3018	3.03396
9.48497	2.62946
11.8267	2.65419
10.924	0.257941
10.9012	2.22442
9.47837	2.27306
11.0085	1.40786
11.9484	2.36933
9.59675	1.87922
13.9492	1.23855
11.7623	2.843
12.0299	2.81987
11.346	0.73966
12.7007	2.9435
11.1311	1.00541
10.7127	2.82952
11.4574	1.03431
11.7481	0.945412
13.924	2.40626
12.6304	0.00643832
11.6501	3.00646
12.7814	4.28233
9.55542	2.83321
10.9378	2.28164
9.62052	1.71141
11.1711	0.965245
11.8851	3.85377
11.417	0.798392
11.1499	2.07171
11.2342	0.443493
10.2362	0.517175
11.5142	1.50312
11.8586	0.462223
11.9765	2.21619
11.653	2.13522
11.9564	1.96058
9.19666	0.973761
9.27801	2.46995
13.8511	1.59811
9.6117	1.54467
10.0092	0.887722
11.5599	2.1806
10.3764	3.6851
10.0107	0.908533
11.7886	2.22035
10.5667	3.88939
11.8612	1.72392
9.32022	0.0295449
10.4631	2.47803
10.2873	2.16881
10.6312	1.00836
10.7466	2.35388
11.3007	1.84839
9.16691	2.27756
10.2331	1.80675
12.2665	2.02721
14.847	3.18332
