12.5391	8.39051
11.6408	6.37364
10.752	8.20126
11.9476	6.78024
11.5001	6.6368
11.5292	8.11691
9.9828	8.85709
11.8323	6.68743
12.5704	9.05837
11.0409	7.90879
12.3005	8.24827
10.8158	8.11274
11.9897	7.11633
10.3931	8.80246
12.2579	5.69714
10.9181	8.32222
11.6033	9.10019
8.81929	6.78666
13.038	7.12779
11.6134	8.08992
10.5181	6.9505
11.9955	10.1462
9.52229	7.81117
13.8211	5.58754
12.3547	6.82401
10.6878	8.25719
11.7032	8.20639
12.1051	8.67597
9.20115	6.43665
10.737	8.44585
13.0956	9.35256
9.19459	7.41308
10.6945	8.7049
11.4061	6.87967
11.7582	6.60515
9.32516	8.95687
12.3289	6.74243
10.6965	6.38441
13.4918	5.36541
11.1322	8.28585
10.2352	6.0861
12.5756	8.59336
12.1468	8.01745
12.511	8.43972
11.747	6.87264
11.3875	9.51559
13.0162	7.42769
10.3358	8.68317
11.5865	9.69117
11.6976	7.10381
11.2873	8.11723
9.95186	8.43259
11.8844	8.09955
11.3639	7.02301
12.1935	7.89976
9.99731	7.75741
9.41878	6.43688
9.1505	8.29107
11.0877	6.27778
10.895	8.74067
11.3773	6.78423
10.6679	9.12191
11.7786	7.21132
9.81614	7.61137
11.423	9.29011
8.99141	7.36276
11.1162	9.93313
10.1541	8.3766
11.452	7.82307
11.4932	9.58088
9.17763	8.04573
11.9464	8.4987
9.85977	7.93895
10.7194	9.61952
10.4113	7.45456
11.6706	9.43092
9.58169	7.63949
11.9105	7.16146
13.418	9.24208
10.2189	7.51998
12.412	8.54679
12.7062	7.67989
10.8579	7.70786
9.15265	7.95983
9.88975	7.54697
10.6176	7.55234
10.1739	8.05309
11.1307	7.92297
9.72031	6.04312
12.4143	6.71111
9.97282	8.77538
12.8288	7.75516
9.91592	6.80559
10.6615	6.22887
10.5606	9.0428
11.3897	8.24719
10.3314	7.69682
11.573	7.09379
11.6179	8.43069
10.7223	7.59868
12.3547	6.34212
9.73028	9.78487
10.9276	7.67162
10.4786	8.18176
11.0792	6.05309
10.7101	8.85422
10.2293	9.52568
11.4446	9.21478
11.2889	6.3416
12.1666	8.06046
10.9181	7.47118
10.2334	6.37576
10.0859	8.46888
9.65356	6.58729
11.8791	6.06273
10.5145	7.80952
9.96698	9.52634
11.9464	8.32187
10.087	8.26368
11.3294	7.55104
12.5821	6.4563
9.66423	6.80271
9.78178	7.7296
10.122	9.43359
10.9531	6.52015
11.2328	7.10779
11.89	8.48389
12.7151	6.62189
11.8478	7.87355
9.55031	8.43405
9.36366	8.17534
9.1112	6.74406
10.409	8.66766
11.7072	6.18722
11.8985	6.78451
11.3485	9.01363
10.9888	8.96389
11.0281	6.51869
9.1604	7.74397
12.1916	9.62737
11.0306	8.77201
9.53774	9.03975
11.7931	9.34295
11.8757	6.64215
10.0252	8.76783
10.7527	7.07283
11.1365	8.73554
9.53757	6.53149
10.3274	7.43229
10.5864	7.20797
11.0719	8.53458
9.94828	9.80483
10.7843	6.77085
9.31681	7.87455
10.0671	6.41395
11.6141	7.48761
9.1335	9.67823
11.7102	7.25848
10.3793	8.50159
10.8186	8.51776
11.714	8.14037
12.2591	7.2374
11.5646	7.02891
11.1389	10.0719
11.5223	7.09146
14.017	6.69633
9.3264	6.69772
10.251	7.74581
11.8387	8.01524
9.14009	8.11229
9.90159	9.24268
9.93251	7.45621
10.0295	6.33537
9.8994	6.3919
12.8716	7.4414
11.922	7.28409
9.51467	8.25601
11.3959	8.19604
11.0095	7.96499
10.8851	9.08784
10.1823	9.23865
14.6199	8.86578
9.62837	7.425
11.1108	9.01242
11.1394	7.46321
10.1292	9.29802
10.1878	8.60652
10.8063	10.5032
11.1892	8.3819
9.93659	9.09513
10.2342	9.21266
11.2322	7.51994
10.6381	7.57784
11.6151	8.24837
11.2913	8.39609
10.682	7.39296
10.4382	7.59563
11.1432	6.19578
8.94113	7.36959
11.1316	7.56361
12.1484	7.616
9.46188	7.39479
11.6182	8.72152
10.8181	9.21602
11.107	6.60298
9.62908	7.20159
9.85593	9.1753
9.95441	8.84199
11.2234	8.0147
9.50276	6.9236
9.3324	6.13186
9.60131	9.36904
10.9693	9.80918
10.0999	6.75071
12.1261	6.27279
9.59179	7.15793
12.3014	6.69478
10.4538	6.60333
9.5512	7.23567
10.5688	6.2848
11.0265	7.23887
11.3157	9.50556
12.6798	7.04786
9.6047	8.18245
11.7985	8.04647
9.96185	7.4747
11.1103	9.1477
9.77938	6.80525
12.6317	9.23514
11.8097	6.21407
11.2618	7.60117
11.532	8.53305
10.8116	6.35335
11.9941	6.82241
10.3953	7.51927
10.8033	6.06365
10.7404	8.12541
11.1223	8.49535
13.0883	8.97385
12.4772	6.29412
10.8881	7.79287
9.93566	6.62613
9.09638	7.97059
10.4473	7.02336
11.4666	7.11451
12.2333	9.56273
12.0265	7.60614
10.1229	6.89798
11.7614	7.23772
11.6032	8.69375
11.874	8.47165
11.3495	10.4397
12.3162	8.38632
10.4065	9.49835
11.3583	6.77608
12.3821	7.23018
11.1948	8.94868
11.4603	9.24431
10.0155	10.2986
10.6403	6.54007
9.16445	9.19251
9.98785	7.52296
11.494	10.1129
12.3929	6.27897
12.9956	7.47095
11.0191	8.54921
10.2871	8.13455
14.0644	8.24123
9.83468	7.2119
10.5785	8.3419
11.3726	9.9648
9.87452	9.01304
9.66079	7.90148
10.4388	6.14525
11.476	8.84628
10.964	7.76255
10.1783	7.88955
11.4695	5.92617
10.9889	8.05392
13.8396	7.49546
11.6892	6.7471
9.63768	7.19085
11.1326	8.38199
9.99832	8.45203
12.3147	8.89826
9.74517	9.06012
9.94739	6.06036
10.6247	6.70543
12.9956	9.85787
10.2002	6.37208
9.67269	6.97555
10.8714	7.80184
11.1902	8.72721
10.819	6.68234
10.7832	8.1468
11.2187	6.38858
10.3851	6.8182
9.3862	9.25506
10.6061	7.75324
12.1054	8.16506
12.3977	9.97601
11.695	8.17624
11.7511	8.85741
13.9352	8.22402
13.2406	8.62308
10.0834	7.52948
11.3489	6.91745
11.1421	7.5927
11.3872	6.71308
12.541	10.2356
12.1502	10.1603
10.9991	7.66542
9.56916	7.04158
12.3603	5.98517
10.1224	8.64537
11.1897	8.69048
9.51854	7.89153
10.0202	9.72894
13.5878	6.86774
12.394	9.86286
9.32847	7.48127
8.90237	9.10679
10.8036	6.01694
10.8591	7.09827
11.3835	7.32881
10.8414	7.58134
11.1164	9.57515
11.1666	8.20184
11.6063	6.30844
9.85682	9.83023
9.15885	8.44955
10.8815	9.42139
9.29517	7.47623
13.1158	7.08181
10.1115	7.57441
12.0601	8.24554
11.3583	6.83499
10.3166	7.42751
9.46655	6.62042
11.3752	9.3541
9.3226	7.56375
10.5605	9.06596
11.4234	7.89919
10.911	10.9373
13.8821	6.34659
10.5186	8.5993
12.2377	7.36047
12.3007	8.73974
10.3442	8.0242
10.852	6.97178
10.9958	7.01832
11.4333	9.02889
10.9986	6.74674
10.0308	6.35385
10.6976	8.7574
10.4796	9.66886
11.6385	8.6619
11.1031	9.09728
11.3658	10.0943
9.28182	7.33845
11.6541	8.09462
10.7645	7.56813
10.5304	8.3603
10.9934	8.53204
12.2152	6.22539
10.8947	8.1037
10.0015	8.06348
10.2524	6.71802
14.1912	7.51026
11.9569	6.31906
13.2602	7.18881
11.2483	6.54092
9.66513	7.77791
11.266	8.11891
9.86428	6.92647
11.0771	7.21766
13.1819	8.11824
10.9094	8.73625
10.4831	7.43204
11.6387	7.47657
12.5849	7.53478
14.2783	8.9717
9.69858	6.76334
12.0219	7.30462
11.3843	7.40554
12.3025	7.28365
10.1204	7.03466
10.9977	7.97989
10.7238	5.98425
11.7407	7.04875
10.9609	6.87748
11.652	8.46131
11.1074	9.42387
11.1586	8.7813
10.519	8.14944
9.59913	8.70171
8.98556	7.37719
11.4557	6.59794
11.6663	7.99187
11.906	6.97906
12.5889	10.3227
10.5372	9.91752
9.65289	6.73993
10.0585	8.72369
11.6338	8.40537
14.2273	6.08776
11.8127	8.42171
9.95177	8.22095
13.5352	8.67955
11.7348	6.85708
9.71802	8.41326
10.7598	8.35116
10.9037	6.20226
13.1962	2.95597
10.1752	8.7909
9.13161	7.04623
10.2131	9.54167
11.9456	6.13096
9.20492	8.80838
10.8284	7.60234
9.61036	8.32441
11.8315	7.33285
12.909	6.87873
9.79172	7.09412
9.92772	8.80381
9.37186	6.92434
9.67779	9.32087
14.3932	7.42033
10.1319	7.41901
10.3892	8.7447
11.1981	6.73244
11.1423	8.23091
12.7609	8.58555
9.56444	7.78719
12.1365	10.7859
12.1688	8.58946
12.5984	9.42528
9.63356	6.98239
9.6484	8.40088
11.9016	7.04082
12.9292	6.80605
9.94585	7.03721
10.4778	8.47715
11.3791	7.69728
8.79492	6.69589
10.7966	10.4475
10.0463	8.4329
10.2897	7.61932
10.1947	6.3604
9.12813	8.2695
11.8142	6.58238
10.6953	8.19777
9.46036	7.1735
9.68108	7.44504
11.2661	7.17605
10.0364	7.75644
10.7581	7.24745
10.4614	6.41535
9.93835	8.53669
10.929	8.89947
9.58618	8.12039
11.008	6.63338
9.83691	8.50333
9.49627	10.019
10.2551	8.91684
12.6963	8.28755
9.61831	6.13768
11.2738	6.40193
9.67697	6.44078
13.0192	6.91522
10.6841	9.19109
12.9276	7.93123
10.2891	8.34479
10.0943	9.34473
12.4573	7.47429
10.7872	9.03696
9.91899	8.54062
9.75998	6.45812
10.7665	8.24356
12.433	7.0809
9.97024	7.72747
11.5449	7.73096
10.1847	8.77216
10.9397	8.37884
12.9674	7.72839
9.72552	6.35281
9.7708	7.59178
11.5548	9.91293
9.70569	7.73169
12.0436	8.51406
11.1352	9.11514
9.53987	8.13138
12.1645	7.00488
10.0052	7.97223
11.9858	7.83523
11.4412	6.0728
9.66052	8.653
10.3321	8.53146
11.6322	6.43718
12.9401	7.93187
11.655	6.79759
10.2388	10.3001
9.60117	8.87015
11.541	6.73706
11.8593	6.99518
9.49045	7.44858
9.40463	8.94687
10.2834	7.64232
13.1769	9.74159
10.7255	8.74622
11.3886	6.28351
9.53979	8.82483
9.37904	7.27414
11.3134	7.60318
8.94362	6.54965
12.1795	7.50695
9.17874	10.0989
9.501	8.77618
11.7203	6.58216
10.9174	7.95251
12.3459	9.27147
11.4029	9.54901
11.6454	9.6612
11.0608	9.58512
11.7275	9.07148
11.3917	7.7829
12.5571	7.97674
12.1922	6.92387
11.52	9.00512
11.7166	8.76283
11.0284	8.89168
11.0344	6.12376
10.8505	8.16737
11.6996	9.80182
11.2621	8.34215
10.8266	8.55952
12.274	8.30657
10.1216	6.53336
11.0441	9.23577
10.7138	9.16091
10.8916	8.45374
11.5638	7.04328
9.68161	7.30967
10.5465	8.10703
11.5989	7.46163
10.9882	7.45833
11.8408	7.91472
9.75722	7.52393
10.9311	8.01494
11.8853	6.76771
9.14424	6.0044
11.1984	8.0993
10.146	8.51038
13.1009	7.76753
10.6856	10.0002
10.4787	8.65295
10.8655	8.38169
11.3874	8.76958
11.7747	8.67767
10.3277	6.34191
12.7951	5.63028
11.5466	7.85777
11.9361	5.99752
11.2299	8.60737
10.5964	7.43701
11.3765	8.75264
10.2576	7.86708
11.0478	8.22051
11.7731	8.00413
9.41288	6.32121
12.8855	5.10555
9.0516	8.92386
9.11872	9.71028
10.2565	7.54644
11.7331	6.54379
10.2607	8.77785
9.31485	7.16908
11.8564	7.26933
11.8038	9.07072
11.3028	8.91951
10.5824	8.03486
12.281	6.84119
10.0372	7.93294
11.7602	8.23371
9.5102	6.16304
11.6772	8.19489
9.23673	7.23789
9.53033	9.2635
11.7798	8.28718
10.0389	6.17453
10.8043	8.57304
11.0064	7.95992
11.6465	6.04901
11.8913	7.78611
11.5586	6.87836
13.0447	5.98235
9.76291	6.78337
12.1215	8.33712
9.73849	5.98608
11.3363	8.80432
11.3752	8.05741
12.1251	6.83789
9.20502	7.34174
9.60114	9.4552
12.6485	6.8817
11.8178	8.29306
9.89594	8.75394
12.5667	7.59762
9.71893	6.18978
10.516	7.50723
11.6441	9.5861
10.9799	6.1607
12.8893	8.05365
12.0104	9.1208
9.94536	8.0449
12.9148	8.08814
12.1775	8.45587
11.9941	7.28358
12.0785	7.03786
9.24126	8.00732
10.0636	8.0371
10.0204	7.57948
10.9167	8.5322
10.072	8.0495
11.2285	10.1797
9.36736	8.78993
13.9226	8.85245
11.6669	6.80737
10.3758	8.99674
11.6059	7.3372
10.2004	8.80773
12.0736	7.73363
10.2664	6.71498
10.5317	8.70759
10.1543	8.30268
11.4234	7.12799
12.5889	9.69344
12.5663	10.4324
11.2254	7.6225
10.0611	9.33842
11.6119	8.41289
9.73022	9.2867
9.61619	7.75092
11.8451	6.04052
11.1108	9.78347
12.5343	7.52939
9.17231	9.36964
12.925	9.26129
11.09	7.28963
10.6423	7.33778
11.1487	8.19165
9.44915	9.77403
8.85678	8.99687
12.9047	9.61829
9.14444	6.94119
11.4236	6.55121
9.72783	6.55133
12.0909	7.87402
10.8469	8.48564
12.0043	7.51513
12.9603	9.06373
11.3441	8.26006
9.87839	6.32512
10.1399	7.73898
9.20278	6.61989
8.78306	8.73734
10.1388	8.82271
11.5408	5.98285
12.1827	7.84126
10.0983	8.33004
10.1421	6.65094
10.8654	6.92683
11.1575	7.91296
9.10987	8.04538
9.77792	8.84355
10.2115	6.51294
10.0078	6.27941
12.3506	7.76909
11.7254	7.61619
9.73373	7.17396
11.308	8.19776
10.3665	6.77905
11.2193	9.75476
11.8909	7.24516
10.0774	7.52225
9.91315	8.60839
11.1977	6.65628
9.65441	9.27397
10.2619	7.73048
11.7637	6.44738
10.6915	9.87997
10.0369	8.20599
11.3699	6.81618
14.5628	8.51974
10.899	8.80442
14.9691	6.54913
9.02476	8.47245
10.7191	6.16081
12.5433	7.10422
9.50737	6.83628
9.49946	8.64207
12.1027	7.14371
10.3059	7.42183
10.7644	7.02568
12.8285	5.84862
10.6926	7.30975
12.6197	8.043
9.4245	8.2349
10.9529	6.37444
12.7466	8.28766
9.42766	7.32195
10.6478	5.98939
12.079	7.19097
11.2719	8.47515
11.808	8.65811
10.7733	6.7865
11.1466	8.09972
9.15108	8.1513
10.7332	7.37261
11.5348	6.56797
10.6173	8.16527
11.0355	8.84159
10.0949	8.70225
10.1043	7.8459
11.313	10.2478
11.4382	7.9092
10.0273	7.69689
9.93144	7.3162
9.45268	9.71123
11.7431	7.347
13.0452	8.10397
10.9126	8.45993
12.1187	7.82882
10.406	7.99821
11.8385	7.3878
10.9717	6.35578
11.5732	8.76257
9.95219	6.02503
10.0157	7.42939
11.1561	8.04838
10.5538	7.83214
10.7777	9.31925
11.0144	6.42362
9.74207	8.51548
10.2411	8.13823
9.52453	7.35367
10.4947	6.14451
11.1668	7.34132
11.0008	8.78708
11.0372	8.51635
10.5656	7.27424
10.413	8.34296
11.9691	8.17196
12.8194	6.24654
9.48827	8.36575
12.5535	9.2436
10.4193	8.41737
9.96038	8.31449
10.2631	7.36303
10.9892	9.18036
10.6441	9.35908
10.0999	8.26796
12.0069	9.11685
10.2127	6.5508
12.4137	8.69165
12.3578	8.70429
9.59522	7.07845
9.60158	7.03374
12.5958	10.291
11.056	6.84631
11.2357	8.8449
10.5905	6.67507
13.8631	7.16131
9.26359	8.62803
9.33616	7.60499
9.60337	7.33327
9.57079	6.25107
9.52087	6.62188
10.3155	6.5135
9.78813	7.97579
9.87714	5.97362
12.5388	9.15873
11.4274	7.2608
9.0396	7.13284
10.5818	9.32763
9.79085	7.1067
10.8299	7.31129
11.5793	7.73511
10.3236	8.2328
11.2492	8.08971
14.2287	6.55107
11.7249	8.63721
10.6885	7.89268
9.24824	8.46716
9.57651	9.57973
10.5489	8.28043
10.1156	8.53427
11.6547	8.16774
10.8502	6.73532
10.634	6.53537
10.2189	6.61737
13.391	7.75134
11.5088	9.29363
10.6968	7.1912
9.46762	6.65059
11.8775	8.34615
11.3208	6.55513
11.4174	9.96294
11.385	7.17505
12.0865	7.38274
9.18792	6.45602
10.3313	8.03573
9.17578	10.2963
10.2467	7.45437
11.5871	6.09319
10.1306	8.95602
9.38284	9.0605
10.5622	6.25331
12.1246	9.92541
11.8223	6.32607
10.4845	8.78346
12.2482	5.99602
10.9731	7.05006
10.7625	9.44445
12.1294	5.7837
12.0367	8.96959
11.6698	7.74536
11.3377	8.99757
12.6368	8.37381
9.96591	8.44483
12.4403	6.23591
11.8602	6.50658
9.5717	7.11773
10.2573	6.95905
10.1018	7.69399
9.79428	7.58739
9.15772	8.00741
9.18246	6.62031
11.3749	8.3076
10.2743	7.37471
11.0339	6.81448
10.189	8.57551
12.0071	8.68152
12.0733	7.4802
11.448	8.36425
11.5686	7.36917
11.8423	7.56342
10.1138	8.9387
11.914	6.50321
9.6686	8.2243
10.8755	7.58973
12.9998	6.89286
11.4752	7.2016
10.8585	9.00629
12.7982	8.68878
10.8902	7.48944
9.57675	7.54491
11.0518	7.70513
10.4982	9.73947
11.1831	8.19266
11.4288	8.57949
10.5928	11.5348
10.6969	8.12884
10.7533	6.35329
9.105	8.04588
11.5678	6.35229
12.6217	5.97423
10.9115	8.33426
11.5633	8.61924
13.054	8.83628
11.767	9.29522
11.1963	7.92734
10.1521	8.43274
11.3464	6.58768
9.44088	8.67005
9.32918	8.89723
12.1985	7.58774
9.95421	10.1041
10.4395	8.78227
10.0906	7.42008
12.1569	8.02624
11.2841	7.15765
12.6007	6.69534
11.7161	8.42952
10.5652	7.69442
11.1273	6.65237
9.66871	7.20952
10.9715	8.24213
9.10315	7.41798
12.4449	7.87876
11.3728	8.24545
13.1389	9.08595
10.4277	8.42258
10.6837	8.2777
9.88247	10.2858
12.8499	9.27072
12.2877	8.61259
9.86413	8.69049
11.0961	7.6265
12.9835	5.96741
10.8891	9.14208
11.2678	10.3863
11.6305	9.05689
12.1958	7.52347
12.141	5.79956
11.4502	7.80317
12.131	5.94454
11.2601	9.5777
10.0278	8.25895
10.5429	8.25217
10.4662	8.01126
10.6977	7.11124
9.31888	8.41854
9.53819	6.62668
9.85659	5.90399
10.2272	6.34605
9.57915	8.85677
10.1339	6.37301
10.7358	8.11223
10.2972	9.02305
10.9479	7.41358
11.073	6.70884
11.1677	6.92044
10.5265	7.87965
10.1279	8.98171
10.6785	6.60396
12.7245	8.93974
9.77177	6.45923
10.9506	6.43292
11.7907	6.25504
11.1339	6.84533
10.2367	9.38216
11.2605	8.87633
12.1686	8.02362
9.41058	8.32683
10.9906	8.18743
11.7517	8.02219
10.1243	6.82053
11.7043	6.97233
11.3682	8.01148
11.9471	7.32348
11.5029	8.37738
10.1441	7.32299
11.9035	6.49779
10.1309	7.45764
9.91624	7.62396
12.2574	9.73585
9.5547	6.06792
9.99429	8.89957
11.3807	8.7364
9.27241	8.58306
13.3618	10.235
11.1259	7.37273
10.2756	10.1384
10.0383	8.3283
11.5424	7.51987
12.452	5.73205
8.9895	9.15748
10.0185	7.46001
9.12604	10.7085
12.5947	8.71167
11.6793	7.50263
12.3906	9.04186
9.07237	8.98799
10.5203	8.07829
10.7301	6.35029
11.3793	8.89327
12.0713	7.95326
12.6752	7.31661
10.8603	7.59283
12.0599	7.06175
9.20388	9.38304
11.4721	6.59091
12.604	6.20179
11.183	7.72638
9.43129	8.3952
10.4415	8.2389
9.74184	7.15193
12.2937	7.81294
10.9287	7.67324
10.4843	9.43366
12.1237	6.75092
11.4061	7.99421
11.3319	8.53077
9.5801	8.70055
11.5072	9.463
11.656	6.25538
9.49977	6.05847
11.8249	6.46153
9.58387	6.73497
11.0252	7.54318
11.5701	8.24318
9.24414	8.79379
12.9521	7.19394
9.37543	9.41241
12.3567	8.40015
10.0993	8.59048
11.0936	8.24701
10.2518	7.72789
9.69501	6.64161
10.2188	8.89309
10.2317	6.65885
9.76089	6.88242
9.948	8.93688
11.84	8.04161
11.5718	8.50709
10.4465	7.55016
11.1819	7.95267
11.7373	7.57692
11.5149	7.82374
12.8559	8.59884
9.83733	7.81253
11.5387	6.91427
11.7874	8.80997
10.2806	7.91482
10.1093	8.12998
10.5007	7.42513
11.2033	9.90764
11.4892	7.57558
11.1015	9.79321
10.6807	8.0121
13.1946	7.15719
10.6067	8.64803
11.3931	9.99184
10.9135	8.13191
9.25484	6.30886
12.3523	9.17266
9.68899	6.96402
11.3103	6.73231
11.7771	6.09652
10.1507	7.34323
10.8692	6.16138
10.2758	7.894
10.0504	7.73907
12.0162	6.22244
10.2881	8.42842
11.7426	7.80212
12.1698	10.0528
13.4806	9.53982
10.4	8.0189
11.6739	6.7835
11.0105	8.54843
11.5152	6.59518
9.38101	9.00512
11.4424	8.02163
9.88842	6.55638
11.5221	6.33843
11.6516	7.72908
9.22539	6.50734
11.9796	9.5026
9.56789	6.35989
11.7349	7.69314
11.2001	9.58511
10.3865	9.64751
11.5396	7.71941
9.69878	7.69952
11.2283	7.28739
10.0784	8.11263
11.9659	7.03142
12.2424	7.6522
13.9228	5.80409
11.4838	7.72945
10.3716	8.97871
11.0693	8.05594
9.49593	6.46782
13.1761	7.6201
11.4475	8.29016
9.74855	8.42667
9.5545	7.93564
11.1175	7.63856
12.4868	9.76837
12.8959	9.72668
9.37144	8.02387
9.33987	7.67547
8.88749	8.25899
9.86756	8.78194
10.5399	9.42041
12.8773	8.34334
14.3343	8.30845
11.4471	8.37974
9.62632	7.49133
9.63613	10.6497
9.96302	7.63927
12.5473	7.5372
11.4992	6.94789
10.6101	8.39801
9.88447	8.22882
9.2836	5.97409
11.8495	9.33888
9.28667	10.4144
10.4066	6.3354
11.1528	8.48055
8.95814	6.7516
12.3203	6.06057
9.78641	9.90105
11.7985	8.27377
9.54458	8.26505
11.7393	7.59849
13.1208	6.42784
8.92275	8.00812
10.5925	8.1296
9.74378	8.76717
11.4142	13.4592
10.4375	7.45055
10.5435	10.0254
10.0851	7.06095
10.3995	8.3664
11.1501	7.9225
11.2756	9.70831
11.0434	9.23372
9.11427	7.81986
9.05158	8.85797
10.7056	8.06364
9.68316	8.66814
11.2974	9.53945
11.6715	8.24192
11.3801	9.03392
9.20695	10.1103
10.7124	7.6331
9.80666	7.19473
10.7704	9.12989
11.5829	7.15406
10.189	8.53055
11.2287	7.40965
11.2494	7.67358
11.3543	6.89349
11.7933	8.61381
10.1842	7.95777
11.8844	6.10717
9.20504	8.70375
11.8526	6.93675
11.1619	6.68488
11.3172	7.63116
10.1062	8.69871
10.2728	6.58127
10.3323	8.33799
14.7245	13.2713
11.7838	7.84444
9.53985	7.52565
11.3146	8.87178
10.6055	8.93966
10.0741	7.98687
9.02414	6.69723
11.1261	7.36353
9.69436	7.86447
9.48889	7.92967
10.2417	6.34549
11.869	8.4195
9.2813	8.01007
12.4475	8.52167
11.5593	7.04431
11.8342	8.51209
11.3876	8.81311
11.888	6.74601
9.4323	8.69284
8.77826	6.24031
11.884	7.2877
11.3289	8.33451
11.6602	8.48029
10.3639	6.08533
9.70889	7.51433
8.86424	6.52519
11.6778	6.49971
9.21658	6.14768
12.0304	7.03442
11.5853	6.30627
9.38915	8.26515
11.0503	6.32383
13.6072	8.93295
10.9375	7.21204
13.6323	9.61745
10.2903	9.57639
12.1786	9.1045
11.6296	6.90066
11.0675	7.06733
10.0111	7.68756
10.7049	6.1051
10.2849	9.90914
10.4655	10.3052
11.7789	7.1916
10.9445	7.63845
11.3352	7.24105
11.7021	9.25424
12.2663	8.16511
14.3152	8.05519
12.2187	6.49104
13.9115	7.09141
11.3577	9.49801
11.9928	7.01191
11.5008	8.41521
9.85492	7.42553
11.621	7.70818
10.1417	7.37516
10.0669	8.06947
12.9319	7.54157
12.6183	6.51686
11.95	8.728
11.6777	6.94564
10.6246	9.84967
11.432	7.92917
10.7516	9.05507
11.3072	10.2804
12.0589	9.90282
9.39578	8.53185
11.1101	7.94705
10.8519	9.61567
11.8265	8.23196
13.6567	9.48179
11.412	7.81867
14.2411	8.01475
11.0573	7.05476
11.0681	8.66991
11.575	6.79636
10.4295	8.35719
9.70652	6.92742
11.0256	6.45014
10.9041	7.64183
10.9723	7.44259
9.8618	8.75619
9.09529	6.03218
11.7889	9.33745
12.4544	8.06677
10.5869	6.31189
10.3774	7.94756
11.7896	7.65144
12.0641	8.82081
10.3343	7.43773
11.4364	7.92851
9.14238	7.29713
11.0058	6.5529
11.6505	6.62287
10.94	8.88859
13.231	7.71141
11.485	7.56966
10.675	6.37326
10.4074	7.98003
10.532	9.95948
10.7799	6.36077
11.9418	9.65851
14.1293	9.23092
10.5566	8.71556
12.7907	6.10375
10.8719	7.96884
12.3341	6.50675
9.98127	7.97534
11.6842	9.34667
10.3618	8.01838
10.0286	9.02128
9.01049	7.71306
10.4031	6.88227
9.52479	6.19355
11.3053	8.74981
13.1421	-0.642936
12.7519	6.46761
10.0939	7.0478
13.2041	7.30678
12.5672	7.07713
14.2559	7.71912
9.19197	8.3061
12.3547	5.7758
10.6579	6.83014
12.8238	7.3375
13.9953	8.20042
12.0337	7.45724
13.7528	5.82209
10.2557	7.04443
10.8684	7.76681
9.85107	7.15444
11.2967	7.49452
12.1601	7.69809
11.7574	7.18906
12.7631	7.7164
10.6157	9.37652
10.1539	7.65446
9.94477	8.45436
9.29448	8.08694
13.8673	11.306
10.4551	7.44115
11.2447	7.21889
10.2812	8.56777
11.3193	8.33018
11.0093	8.34896
9.5337	8.08106
12.2028	7.96816
10.8246	9.03344
10.6086	8.45629
10.5421	8.51698
10.739	8.75449
10.1549	9.93474
9.24872	7.26697
10.451	7.80054
12.0696	8.8511
9.70784	7.06526
11.0092	7.07229
10.0021	6.41778
10.9777	8.94391
12.701	5.95227
11.5262	7.77822
9.99529	8.65567
11.8581	8.68889
9.63878	8.18175
10.236	8.63398
10.6885	6.39312
9.98003	6.35394
13.2442	6.61731
11.2012	7.88694
11.9812	7.99985
12.7225	6.92537
11.6708	7.42998
10.0328	10.2223
9.38486	7.76497
10.1012	7.6343
13.0154	8.69003
12.042	8.50374
10.7613	9.20172
11.3863	7.44139
11.7927	7.38827
11.1261	7.57752
9.86531	7.68853
9.21001	7.87734
10.8	6.92397
10.1035	6.75258
10.1759	6.22613
9.68112	7.0995
10.7286	7.92443
11.4264	6.89108
11.3907	10.408
9.96144	8.71791
11.8154	8.63575
12.7329	8.40279
10.2167	6.95887
10.2449	7.6538
10.3078	9.58004
11.1547	11.2137
9.78176	7.00068
9.97091	7.47669
11.6456	6.91424
9.67629	7.37715
11.6906	6.05891
8.94189	8.38187
10.5723	7.35876
10.4379	9.12481
11.7132	6.65936
14.8085	8.28143
9.47795	7.7531
11.1862	7.12397
9.85485	6.89046
10.3345	10.1224
12.2638	7.27204
12.4749	8.45275
12.7109	9.32217
11.3125	7.5719
11.5717	6.14127
9.31534	8.50618
14.2364	9.17494
9.1731	9.762
10.0433	8.16764
10.7735	8.28524
10.4611	9.15077
10.1332	7.43931
9.20315	9.00058
11.6664	6.28802
10.4938	8.84203
11.5498	7.63036
10.0678	8.61806
11.7255	8.42809
9.105	7.2464
10.5266	9.76195
11.5337	7.55379
10.7517	9.56997
12.2473	6.02504
10.9534	8.01477
10.2905	8.44368
12.0669	5.31172
11.4426	6.2987
10.159	7.11461
12.8915	5.67047
12.1646	6.37098
9.13038	6.24688
10.6568	7.55203
9.13401	8.89605
9.70965	8.20595
9.74126	6.93054
10.5462	7.96871
11.1769	7.73626
10.0687	8.69894
11.1281	5.96907
9.97832	7.01851
12.5812	7.58553
14.9905	6.69063
11.7271	6.28627
11.4034	7.54044
11.0495	8.38388
9.60392	6.88925
12.6975	7.18876
10.3834	7.82492
10.5417	7.798
11.4717	7.02477
11.8755	8.97512
11.1853	8.41149
10.1086	6.77415
9.16271	8.90792
12.6432	7.62956
13.0109	10.0568
11.4311	7.84945
11.3369	9.30231
11.7199	7.56459
10.7861	6.19369
10.912	9.28555
11.1146	9.46137
9.71744	8.25755
10.9793	9.44522
9.54092	7.91719
10.2844	8.87997
10.6452	6.83532
9.12031	9.36281
11.3039	8.29043
10.6863	8.03378
9.75654	6.96399
9.54969	9.68011
9.79579	6.54979
9.40914	5.93948
11.59	7.12662
10.8618	7.70092
12.0064	10.1364
9.8389	7.00335
11.9329	10.2515
11.1518	6.92627
10.614	7.78197
11.9006	7.63457
10.5967	10.3031
11.1735	7.26318
12.2972	6.96392
9.54612	8.44642
9.4788	8.66118
10.688	6.55838
12.2705	7.41387
9.54448	7.34408
11.9919	9.97865
11.0585	9.6198
9.11375	8.86959
10.4493	8.93387
12.1664	8.25749
10.7874	6.6944
11.0838	7.46612
12.0252	7.77275
12.1211	6.88149
11.713	8.89083
11.3892	8.80908
9.59376	6.26956
9.86447	7.29602
9.99332	8.28336
11.1607	7.88308
11.3908	6.3831
11.3109	9.52172
12.5958	9.53095
10.5407	6.47545
11.6941	6.94351
9.87899	8.67832
9.30914	6.30088
11.0256	6.82808
9.38972	7.50902
9.48036	6.64742
9.87304	7.93595
12.769	6.77736
12.7643	6.50955
11.5352	7.42433
10.7502	5.9982
11.6994	7.39853
11.1373	7.22201
10.4006	9.8403
9.88114	6.62526
11.8179	9.6329
11.694	6.77046
10.4576	5.69187
10.3187	8.32965
10.2864	7.60805
11.1253	9.34358
9.3076	8.61698
9.8894	8.57492
10.9349	8.43597
11.746	6.59609
8.86997	7.25316
9.79764	7.66923
12.7218	8.62278
9.45134	5.91364
9.50231	8.07728
11.8989	7.59784
10.5666	7.53155
10.1925	8.21511
11.0664	9.02957
11.4905	7.09816
11.3226	9.21643
9.66145	7.72874
11.5217	7.56095
10.9798	8.79532
11.0227	7.20583
11.81	8.94464
9.50509	7.30773
11.6548	8.25716
12.0606	7.86139
8.71298	7.12564
12.2363	8.82158
11.4837	6.90147
12.2341	6.9642
13.2032	8.56084
8.95478	8.58233
12.2339	8.17473
11.5865	8.27507
11.7739	6.52134
11.3916	9.20282
10.9331	8.74799
10.3413	7.11331
12.122	6.4141
11.3019	8.40063
11.9497	5.9989
9.84678	7.00365
9.30053	6.86683
11.7935	7.48139
10.0754	8.39677
11.3706	5.96971
13.8174	8.10349
9.23625	8.72151
10.3636	9.24303
11.1197	7.79128
10.2234	6.25365
10.7757	8.40216
10.6893	6.60685
10.9108	8.56846
9.61013	6.75231
9.96202	7.69366
10.3638	7.99324
11.2717	7.11412
11.065	9.36613
13.0703	6.06611
11.473	8.93081
11.3996	6.45905
10.2518	9.27724
12.2223	10.8758
9.71177	7.68916
11.5383	10.6644
11.0415	8.54585
10.7339	9.16962
12.4588	7.84955
11.1474	7.84913
10.6946	5.75168
12.3059	9.25772
11.2018	7.07993
9.73919	7.6649
8.90502	7.82776
9.6401	7.83689
10.2471	7.64248
10.6842	5.95109
11.2165	6.3499
9.36079	6.70521
11.3479	8.05427
10.4277	9.68042
12.2811	5.81316
11.9152	9.30007
11.3458	8.39843
11.8436	9.78162
10.2501	8.56425
9.77694	8.14559
12.366	7.34875
11.7162	7.52539
9.54915	8.64994
11.1714	5.86496
10.07	8.08771
9.80057	7.18777
11.6905	9.94459
9.28535	8.89434
10.7192	10.5385
11.1955	6.85129
12.3952	7.83552
11.414	8.52366
10.1417	6.91775
9.18253	6.05768
10.1063	8.50382
10.4305	8.51782
9.77817	6.87382
10.5269	8.12685
11.6231	8.24566
9.10337	7.82355
10.2029	8.56173
12.103	8.16324
9.35773	8.87578
11.9878	7.54409
10.4407	7.44407
12.213	7.10754
11.7998	7.74822
9.38412	7.30506
11.7002	6.6705
10.3108	8.02021
10.2167	9.66176
11.9277	8.59038
11.0508	8.5156
9.18356	8.67444
10.061	7.25482
9.20826	8.36862
11.1369	7.10654
14.6389	6.40835
10.4494	9.20088
11.1925	9.9067
10.5898	9.33861
11.6733	6.53238
10.2971	9.03559
9.36213	9.22012
10.9308	7.65325
10.5983	7.2901
12.7051	4.5357
10.4841	8.00953
11.9529	9.5252
9.35873	7.16353
13.1017	8.56429
10.0492	9.82031
11.7248	6.40826
9.20451	8.19787
11.0589	9.45386
12.5511	8.70411
10.1627	7.06174
13.7434	6.19237
9.49091	7.26283
10.8904	8.96393
10.8064	6.75891
12.1822	8.33424
13.157	6.31296
9.20353	7.85984
10.818	9.47888
11.3949	6.78495
9.82094	7.78825
10.2176	7.41585
11.1188	8.61085
10.0421	7.0878
10.3235	7.14419
10.5935	9.70214
11.6954	7.90779
11.7258	7.73595
12.0307	8.12647
9.98265	7.83094
8.92687	9.27688
11.1206	8.07473
10.9248	8.95088
11.5843	7.87002
9.61399	7.90122
9.89694	6.07679
10.0609	6.68128
10.3462	10.0771
11.3803	8.63313
9.33961	9.50886
9.37461	8.8457
12.0322	6.79906
10.8098	8.26451
11.7518	7.27994
11.3662	8.72933
11.3109	6.12396
11.892	8.51138
11.2802	6.90402
9.62882	8.33133
10.8746	8.10962
10.4645	8.17773
10.005	7.58181
11.8095	7.57645
10.8547	9.37792
9.73387	9.0496
12.6089	6.35282
10.1703	8.89286
12.1438	5.17658
10.7754	8.74038
10.4463	9.20145
11.2301	5.95734
8.79258	6.81839
9.56444	7.52085
10.2555	8.68397
11.1381	8.10204
11.608	9.76412
10.792	9.49912
10.1388	8.5613
12.1066	7.75796
10.1769	9.80866
9.72155	7.23928
9.82392	7.65697
12.8135	10.1335
11.3645	8.16018
12.2305	7.13112
10.1199	6.45743
12.1773	8.9517
12.8952	8.28332
12.0155	6.63656
10.1687	5.95919
11.296	7.46296
12.636	7.22342
9.88292	7.26316
11.169	6.42067
9.81661	6.23855
9.7795	9.42994
10.269	7.06174
10.6979	8.48158
11.5498	9.08765
9.08822	7.54882
11.6495	8.95227
9.73475	8.82601
10.4937	9.18161
11.1507	8.15033
9.06965	7.48414
11.4308	7.29169
10.382	7.73612
10.1152	8.91577
11.5997	7.76556
11.1091	8.65655
10.7461	9.16871
11.025	9.23468
11.4026	6.39627
11.159	9.12501
11.1107	8.30163
9.53289	8.52683
13.0375	7.77491
11.8312	8.37582
9.76506	7.09226
11.8587	6.86458
12.7274	8.66424
9.98441	7.70824
10.522	7.5325
11.4991	7.07302
10.2315	7.03526
11.5745	6.73282
13.5631	8.17296
10.2558	8.20087
11.3806	8.00038
10.8578	8.3744
9.48953	10.7783
9.79233	8.48203
11.6658	8.6232
11.7531	10.1455
9.62187	5.95384
11.2069	8.90756
10.3366	10.1187
11.6342	8.66119
11.8317	8.66738
9.46648	7.1528
10.7817	6.03203
12.7326	6.96772
10.3486	6.88308
11.2313	8.33047
13.0081	8.06669
11.1001	8.66028
10.2398	8.7259
11.3912	8.46592
11.7561	8.24978
12.3366	8.41097
9.09592	6.08058
8.67553	9.69047
10.4402	8.3611
11.9359	8.33115
12.2153	6.90661
11.7356	6.50463
12.2116	6.4964
12.1775	7.01323
11.4589	8.43975
10.511	7.98135
10.4927	6.09921
9.63393	7.38
9.14821	9.15208
9.78439	7.14822
10.6472	9.88023
11.3006	7.35378
11.7306	7.28179
9.63528	8.88815
11.3244	6.24649
11.8661	8.72829
11.1821	6.10842
10.2171	9.06675
9.79576	8.12016
11.3551	7.37206
9.80661	8.22029
10.5302	8.08521
10.128	7.22907
10.2321	7.5933
9.63876	6.74935
9.52117	8.13694
11.4801	6.28036
11.3486	8.76615
11.3506	9.53627
9.62124	8.78722
10.5011	9.08902
11.5413	6.504
10.8148	6.60323
10.0311	8.56603
10.2084	7.90756
11.5052	8.79109
12.0359	6.8828
10.0762	9.04009
11.7034	9.03407
10.1936	7.0183
12.3657	8.7851
10.7016	8.90894
12.8161	5.23509
11.8331	9.80795
11.4852	8.21236
12.6324	4.40458
11.0897	7.6984
13.6484	7.55392
10.9782	6.25831
11.078	10.9219
12.0806	8.97406
9.86293	6.73945
12.2761	12.0172
11.825	6.95917
11.8076	7.84636
13.1826	6.13712
12.7399	7.2707
10.5468	6.82053
10.9122	9.26296
12.0392	7.24277
11.4344	8.27142
10.5254	6.26768
9.2121	9.44911
10.3869	8.74366
12.1827	5.03171
9.6274	7.68085
11.1197	8.84295
10.1264	7.84959
10.8904	9.1389
10.2831	8.84758
10.3635	7.50999
11.0296	7.45861
9.49867	10.2048
11.3884	7.37478
10.5883	8.71182
11.1395	6.83218
9.22456	6.77431
11.2492	6.18687
10.0138	8.8131
10.5132	8.16964
10.8002	6.58385
9.36558	6.17909
9.59802	9.98116
9.42374	6.74928
11.0033	10.0912
12.7289	8.6217
8.92949	7.65797
14.486	6.46358
10.2886	6.85974
12.1011	6.35662
11.5967	8.53864
10.6761	6.10164
12.7334	8.47492
10.909	8.49841
10.4665	8.04487
11.4029	7.28658
9.21205	7.2109
11.0379	8.3375
11.4736	8.47101
10.836	8.05308
9.78007	6.40341
11.6088	8.08297
11.5906	5.97695
12.5424	5.97386
11.7555	6.10669
11.1156	6.66497
10.6384	9.38185
9.72913	10.874
8.99046	7.32233
12.3815	8.61209
9.87867	9.08506
9.17352	7.75277
11.5738	6.94488
11.4769	9.27673
11.0242	9.50121
11.6084	7.69446
9.54643	8.47366
11.8842	6.36841
9.77359	8.06487
9.28243	6.68746
11.2912	8.92095
10.4367	9.23296
12.6056	5.94462
10.9291	9.31507
10.9747	7.11561
11.0037	8.45903
10.2562	7.1909
11.5239	6.16219
12.4677	8.55513
12.0222	5.27982
11.4715	7.13986
10.7919	8.08466
10.7508	8.16387
11.7385	8.42821
11.6902	8.31024
10.4793	7.55817
11.3487	7.04802
12.6139	8.07937
12.2924	8.21176
9.42503	8.58177
11.2363	8.96723
10.5681	7.60508
11.2421	7.13682
10.5112	8.22281
11.6073	8.59504
8.96146	8.33725
9.40156	7.82023
9.67233	8.73717
11.0712	7.34837
10.0922	8.50047
11.1361	6.48477
11.6337	7.20239
9.91345	6.63326
9.98335	7.69709
9.75017	9.602
10.7783	9.48533
10.5077	7.93248
11.8321	8.30485
12.0494	6.18075
12.0031	6.2694
11.6686	7.57769
9.96709	8.93125
12.3513	10.1412
13.558	8.07777
10.7932	6.37791
12.8219	8.39548
9.47463	7.40047
11.5929	9.02555
12.1406	6.40068
11.771	8.89337
11.8516	8.75213
10.2116	7.23615
9.74101	8.1021
10.2488	7.97266
10.8491	6.92759
12.6612	8.0451
10.6626	8.10083
10.6552	9.08586
9.55068	8.67049
11.1669	6.88792
9.49308	7.88423
11.6196	8.50946
11.8171	7.98128
10.2796	8.78592
10.7903	7.19507
10.302	8.62047
9.48411	9.01895
9.73197	7.29309
9.18141	8.05354
9.09701	6.16756
11.2096	8.95513
10.5289	6.45882
9.41781	10.0825
10.5211	7.47055
11.6743	7.94654
11.0406	8.52146
11.5069	7.80156
11.1618	7.51691
10.6709	7.6337
11.9092	6.45206
10.0143	6.70021
9.35345	9.03635
10.6713	6.04716
11.4746	8.48136
11.9828	9.62121
12.659	7.54548
11.4325	7.73077
9.64174	7.49439
10.9337	8.37813
10.9419	7.16462
10.8967	6.74282
11.7537	7.14463
12.9165	6.55496
10.1376	9.6821
11.8437	7.09696
10.2785	8.16569
9.61051	7.61366
11.1566	8.27892
11.7681	6.72164
10.0424	7.00552
12.1817	6.4956
11.6144	8.67901
12.6406	8.55911
10.2224	10.2802
10.8705	7.78709
9.3605	7.58084
9.46904	7.73298
9.6513	8.69846
9.56291	7.76951
10.6974	8.57333
12.094	9.29073
13.4683	4.34368
11.2851	9.11559
10.4806	7.83569
13.1425	6.51495
11.0312	9.40666
9.06808	7.97847
10.8487	7.41189
11.3065	8.61645
9.19431	8.61372
13.0969	1.02218
10.8043	8.02147
12.3726	7.70915
12.5855	5.41525
10.5212	9.06293
12.7134	9.62479
10.9846	7.64147
10.9996	8.77489
12.1613	6.71669
12.3873	7.73693
9.96731	8.33583
11.4985	8.02055
10.0228	8.67528
10.6474	9.17145
9.72155	9.59281
10.763	8.91737
12.9996	8.19565
9.20887	7.67209
10.6481	8.06494
10.5864	7.8804
12.5886	7.43683
11.4358	7.74979
9.35247	9.04161
11.9828	6.94674
11.0608	7.07142
10.6714	8.88817
10.3848	6.89937
10.326	8.87806
10.4098	7.02456
11.0526	8.21462
12.3158	8.35606
11.3829	8.99439
11.4296	10.5468
9.41037	6.76953
12.5996	8.49438
9.70944	9.07423
9.94465	10.4016
11.7348	8.42209
10.0695	8.52277
9.6467	8.86353
10.728	6.25675
11.4473	6.47046
11.5481	7.38579
10.691	8.27546
11.8822	6.23383
11.6757	9.60465
11.2979	8.40419
11.7197	8.65046
9.7463	7.86836
11.3644	8.34106
9.90203	6.47895
11.0267	7.13148
10.8889	7.61988
8.9932	6.30661
10.2608	9.96729
9.93376	6.93145
11.2878	6.43087
12.0055	8.4084
11.7614	7.47662
9.27115	8.81826
10.0974	9.06228
11.0864	7.58336
11.2558	7.73752
11.6651	7.05182
10.3573	7.47993
12.9449	6.44466
9.47034	7.29447
10.1112	8.67341
9.09073	10.0132
10.3234	8.73017
9.83342	8.78457
9.2371	9.0891
10.5444	7.0888
12.063	8.43922
10.2765	8.38771
11.0641	6.79753
12.6613	8.55304
10.3224	7.39947
9.37433	9.99339
10.4871	6.30519
11.0243	6.4448
12.2778	9.95329
9.50604	9.01742
9.15553	7.80142
10.1349	11.2276
10.479	9.00577
11.8516	6.46164
10.6014	8.21512
9.29515	6.83128
13.692	11.4493
12.2044	7.63405
9.71422	7.16332
10.8239	8.69089
9.1499	7.67281
10.4111	8.3037
11.2506	6.30485
10.5476	7.0788
10.5527	6.36939
9.61282	7.89414
9.95103	6.17496
10.9941	7.22326
9.89666	7.11499
9.54452	8.81916
10.2732	8.63737
11.1961	8.71272
11.3436	6.18655
11.2177	6.2194
11.908	6.49473
11.4607	5.93191
10.1081	8.89751
11.3253	8.50595
9.35028	8.88415
9.7431	10.453
13.1402	6.84315
11.6506	7.61039
11.4467	6.71284
10.8387	7.85583
9.40139	9.37637
11.2375	6.76468
9.98244	10.3672
13.1375	7.79026
9.69731	7.85385
11.8075	9.58883
12.5571	8.86212
10.1604	7.97488
9.72561	7.80354
11.3145	8.07648
11.7538	8.74449
11.7417	8.60795
12.4208	9.18501
11.6956	7.10452
11.3699	9.2754
11.5296	6.95534
11.326	8.0666
11.8442	7.42822
9.72115	8.65978
12.5387	7.05604
11.6015	6.65384
11.0953	9.85321
11.5824	6.18587
11.9237	8.99043
11.2224	7.61722
9.65321	7.11096
11.1644	7.78501
11.568	6.89145
8.96625	11.1389
10.5449	7.0673
9.10277	8.38015
10.8238	11.4546
11.1681	8.91407
9.57015	8.45696
10.2872	8.52887
11.5902	8.01901
9.93307	9.6722
11.5732	7.16868
10.5497	6.7044
11.4562	8.24051
9.86506	7.1138
11.2429	8.15474
9.61723	6.30856
12.8249	5.81668
11.4536	7.04908
10.9168	7.45462
10.6384	7.33126
9.2314	7.77496
11.9449	8.21204
11.0757	10.1038
11.3643	6.65541
10.5757	7.92074
12.6825	8.62956
11.3514	7.80582
12.9471	6.86829
14.605	10.4042
9.0191	6.20203
11.7123	7.67008
9.81537	7.13971
11.3682	9.64469
9.26924	8.64692
11.9223	5.89934
9.56782	7.20513
13.634	5.89764
12.0639	7.02533
11.5878	9.5595
9.67438	8.89722
10.6071	6.85189
10.0519	7.79364
9.88014	6.76809
10.7661	6.46424
9.97154	6.22178
10.4799	8.13865
11.1331	7.00164
12.6037	7.00432
9.81083	7.89333
11.8395	6.75608
9.48278	6.64875
11.3291	7.51798
11.5264	6.46945
10.164	8.81355
9.1698	10.417
10.1729	8.5052
11.4092	10.2552
10.3806	7.33698
9.36107	7.80406
11.535	8.89821
9.45027	6.45956
10.4002	6.72958
11.8501	8.72004
10.7828	7.77719
12.1252	7.76714
11.1498	7.80769
9.73152	8.01952
9.72926	6.40958
9.39936	7.50086
10.32	8.1051
9.73612	7.90794
8.84119	8.30635
10.9669	7.2649
12.5145	8.35597
11.1613	7.86836
10.2041	7.6582
11.3017	8.62335
11.621	8.80401
13.344	6.35876
11.8445	9.9159
9.07373	7.13908
10.7631	9.30375
9.69356	5.80896
10.9395	7.87048
11.0617	7.26201
11.8025	6.95594
12.5369	5.87438
12.4851	6.5768
11.1555	7.31424
10.235	7.84702
9.80534	8.03015
11.99	8.97548
12.9159	7.06145
13.0104	4.93805
11.8675	8.63405
10.2588	8.22949
11.0743	7.77896
11.1515	8.76674
10.7021	6.41297
11.9632	7.29846
10.6285	7.0077
9.64783	7.72253
12.3626	8.58763
10.7178	6.47687
11.1798	7.95605
11.5429	8.37337
12.6137	8.87978
11.6114	6.7793
10.3448	8.25378
10.5697	8.21946
11.1344	8.34286
9.96067	6.61585
10.6152	9.6014
11.0761	8.60408
11.5635	8.15787
9.69574	6.47058
11.463	9.71741
9.21263	7.03239
9.5956	6.3581
10.5565	8.3009
10.5362	7.31172
11.1133	6.9547
9.5832	8.41275
9.4054	8.79089
10.1492	6.93967
11.3522	8.15176
12.2456	6.57682
10.4266	9.4145
10.4774	8.9299
10.9739	6.33747
12.2231	8.87033
10.9078	7.98719
12.0619	8.81039
9.56662	8.13851
10.5379	7.7713
11.5312	7.18459
10.5093	8.64966
13.3315	6.96625
11.7368	6.59687
10.6821	10.9137
10.4098	6.6432
10.2729	8.49804
11.3957	6.17926
12.9338	7.63024
8.93216	7.69918
10.9552	7.45669
9.11172	9.28876
11.058	7.29954
13.5314	7.73129
11.1112	6.83111
12.3512	7.19286
11.7214	7.21098
13.8635	5.49545
11.1286	6.58036
9.71415	8.75767
11.6737	6.27908
13.4552	6.27954
10.9261	7.63058
9.80338	6.36867
10.9988	8.91751
13.5283	8.33238
10.5722	5.87816
9.61451	9.71518
9.58364	9.21104
12.1627	8.26155
11.4048	7.66349
10.9405	8.25193
12.5086	8.10629
12.7452	8.84156
9.50688	6.80222
11.2683	6.54309
11.9332	8.88617
11.0105	7.37377
9.30256	10.3061
9.28039	6.85141
11.262	8.2428
10.8795	8.11303
11.1731	9.66139
9.48877	6.1537
9.68233	6.36944
10.4617	7.77374
13.7246	1.53563
12.3254	8.56387
10.9914	8.29354
10.9342	8.80504
11.4696	8.02733
10.7652	8.0212
11.5158	8.6294
9.87149	6.47056
12.1122	8.25166
11.8842	10.2086
10.7086	6.12106
9.84554	8.20264
10.8973	8.4347
10.6034	7.47547
11.0785	7.3584
9.02918	8.26345
11.2651	7.29329
11.7053	7.80142
10.3501	6.91678
12.888	8.86801
14.5081	8.21563
9.87747	9.30029
11.0789	7.61586
11.153	7.79068
12.036	6.48507
9.88611	7.24397
11.6835	7.35961
10.061	8.37435
11.4353	7.56667
11.9525	8.51704
10.096	8.07811
12.3308	9.99492
9.5416	7.24303
11.8872	8.82614
11.789	7.10924
9.31888	8.44377
10.64	8.52087
11.0111	6.69981
10.9456	6.62072
9.57051	9.92758
9.66547	6.1016
10.5791	6.53297
9.29259	7.56641
9.69471	9.31967
10.9995	7.5859
9.72205	8.54946
10.967	7.43733
11.051	8.70378
10.9142	7.76851
11.3102	8.05016
12.232	8.68857
11.9025	8.90547
9.96967	8.0068
11.895	6.82997
12.5021	7.72804
9.66219	7.26489
11.263	11.0224
9.66988	8.49395
10.2396	6.60061
12.066	6.65489
11.1321	9.24952
10.7242	9.41262
10.0867	8.68286
12.7043	5.55051
9.07508	8.34959
11.6495	8.48224
11.1044	6.80355
13.6315	5.11448
9.72438	7.27736
10.7975	8.42151
12.3553	9.33748
11.0945	6.35481
13.3246	6.47954
11.8567	6.77502
9.89815	9.8475
9.16266	8.37492
9.50243	8.79524
9.77152	8.07944
11.3452	7.15592
9.06817	6.29847
11.7731	6.19354
9.12393	6.21878
12.6744	7.36456
11.6193	8.92578
12.0564	7.93011
11.5278	8.56539
10.3037	6.6623
10.0786	8.50736
10.5828	8.95459
12.3076	8.83948
13.1795	7.55804
10.5636	6.62172
9.64807	9.16031
9.9699	8.94352
11.7432	8.00427
11.8419	7.38849
10.8865	7.13049
10.9758	9.73039
11.315	8.56874
11.9348	8.67894
11.9538	6.81295
10.3312	8.1783
10.8912	8.59471
9.27027	6.49493
12.5904	8.14545
9.57726	7.81394
12.2491	9.76465
10.8709	7.36796
11.7671	7.2279
11.0895	6.21179
12.2623	9.89268
11.1646	8.3361
11.4967	8.90863
11.3196	9.45623
11.9821	8.24814
11.3221	8.38875
11.3367	7.87572
12.4646	7.94716
11.8137	8.40576
10.693	7.3141
12.2272	11.4602
10.8942	10.4264
11.041	9.50815
9.64598	7.52696
9.33209	8.25908
10.7794	8.80245
9.87985	10.7894
11.372	7.78974
9.74681	6.6826
11.0323	8.51955
13.1962	7.68111
9.33247	6.8179
9.43783	7.74316
11.2991	6.9017
10.3852	7.04709
11.1343	9.41681
12.9836	8.88411
10.9469	8.01853
10.4689	7.58005
12.6847	8.69106
10.1366	7.31985
9.59465	6.67091
11.9721	5.92331
12.2708	9.32638
12.36	8.23115
11.3509	9.03184
11.0067	6.7762
10.4023	6.68159
12.1363	8.45468
11.6394	7.79548
10.4011	6.51296
10.404	8.10028
12.0154	7.41268
9.09995	9.17918
11.5085	5.90669
11.9466	8.99404
11.7726	8.20314
12.1451	5.37272
9.2432	8.0063
12.3075	9.05242
8.92413	7.32463
10.4341	8.31234
9.87347	7.33371
9.9265	6.47426
9.14657	9.88
10.6115	6.8783
9.80043	6.03802
11.8764	8.14996
11.8852	8.79772
12.6571	7.95635
10.9649	8.56238
10.0293	8.09965
9.82127	9.12989
11.8895	8.55964
9.11232	7.12972
9.58701	8.17411
10.9707	8.15777
9.24262	6.99523
11.7412	9.47971
11.5228	7.60219
9.70541	8.2191
10.4938	6.25615
11.1988	6.19986
10.1181	8.26182
11.3715	9.22946
11.3173	7.25
12.2943	7.92642
9.92067	7.2694
10.3705	7.64964
12.2978	7.17627
9.22342	7.69894
10.863	5.84479
11.1979	8.25873
9.94919	7.53578
12.4599	7.06852
9.97591	9.37547
11.4726	9.65712
11.5746	6.66158
12.4812	7.21727
9.15212	6.11499
10.2948	8.63728
10.6276	9.96824
10.7007	8.8419
9.25251	8.97977
10.4765	7.18961
10.7336	9.19118
12.2068	10.0169
10.5659	6.93563
9.75888	10.137
12.7802	9.94526
9.4417	8.73307
9.35426	7.09001
12.0429	9.61612
10.944	7.10504
10.4148	9.97493
11.016	6.57041
11.8327	9.24581
9.29053	6.83129
11.4646	8.79758
11.0296	7.02888
12.2952	9.03091
11.3857	9.71718
10.9826	6.74638
11.6921	8.08602
9.55234	6.52791
9.42696	7.35883
9.10682	8.60248
11.8965	7.06425
11.6824	8.21914
12.0829	6.35576
12.2275	8.31107
11.886	8.33911
12.2536	7.65194
12.1336	6.33867
9.78293	8.04223
11.7974	8.06931
10.8052	8.78704
11.0078	8.12743
10.2955	7.51689
10.2526	7.68714
10.8168	6.65067
9.14547	7.38385
12.0686	8.99844
9.45468	6.48265
11.0186	7.00976
10.3213	9.88445
9.39087	7.83178
11.1901	8.26527
10.5235	8.50173
9.48861	8.69166
12.2217	8.13943
10.9472	8.77958
10.9334	8.01247
11.2291	7.30733
10.1336	8.53871
12.1433	5.87758
11.8781	8.35805
10.1383	10.2695
10.223	6.10014
10.1659	6.70838
9.2213	8.50317
13.0512	8.77502
11.2001	8.91483
9.36968	9.93152
10.8822	6.12046
11.3359	7.32841
10.9793	8.48516
10.9092	7.6118
9.55752	8.23998
11.9196	8.53756
9.08522	6.62121
11.145	8.00151
10.4271	7.68595
9.21288	7.11866
9.96693	8.36055
9.21912	8.62608
11.5576	8.41597
12.7585	8.75707
11.7564	6.20346
10.5023	9.6492
12.7441	7.5926
11.3714	7.60184
9.20087	7.44536
11.5614	7.84928
9.85163	6.90967
10.2011	7.28185
10.752	10.5073
13.1128	8.3082
11.2429	7.9978
9.20106	6.59466
10.7422	8.51801
11.6976	7.50797
10.9296	9.62297
12.0329	7.20249
13.1877	7.60377
10.0466	8.23709
11.1618	9.55861
9.88283	6.17119
10.4232	7.74759
11.5795	6.30288
12.4931	7.42663
12.3548	8.31526
9.36265	8.39866
10.5112	8.36132
13.3675	10.5779
9.46506	6.61353
10.8537	8.48774
11.4137	7.80398
11.4825	8.68076
11.401	8.74897
13.0523	5.39614
10.3488	8.48175
10.1892	7.53253
10.6321	7.47428
10.3457	7.53698
11.15	7.42388
9.87624	8.99131
9.64886	8.02316
10.5218	6.91059
9.84962	8.86684
10.7732	7.84913
11.6137	7.22983
9.81967	6.73751
9.80369	7.62513
11.504	9.27999
11.6069	7.84246
10.8777	7.72828
9.46519	8.95623
9.47711	10.4567
9.59177	7.50146
11.4172	7.63686
10.8691	9.21379
9.62216	7.62306
11.7588	7.24638
10.7494	7.2547
11.6389	6.62295
10.3535	7.79712
12.0323	7.16563
10.7104	7.776
10.3072	8.62402
10.179	7.16874
10.8618	7.83826
9.44944	9.65188
11.2076	8.62473
12.7335	8.56794
11.0013	6.50851
10.6178	8.22701
8.89811	7.82014
10.751	8.39146
10.1697	6.86105
11.2525	8.97565
9.57626	5.94326
9.17395	8.01138
11.857	6.36971
11.6361	7.81094
9.88876	9.23934
14.5332	6.76433
12.294	6.87444
11.8844	8.11144
9.55032	7.56205
9.82672	8.33012
11.8293	8.32737
10.5722	6.18501
11.3853	7.62942
9.81786	6.88592
10.796	7.60001
11.4871	7.74119
11.0763	6.52996
11.2499	6.96474
12.0821	6.42194
10.6765	8.12775
11.9639	6.75196
10.719	7.64843
10.1066	6.93659
12.5608	6.49184
9.24912	7.33124
11.9018	7.26839
9.63009	8.62909
11.3315	7.4978
11.2628	8.22788
11.0623	8.68279
12.2011	8.02192
9.82573	9.16811
10.9027	7.23867
12.5354	7.66118
12.346	8.17518
10.7899	6.20066
9.49135	9.7249
9.57894	8.76373
11.9612	8.06553
11.8519	6.68303
10.0051	8.78479
10.891	6.81298
11.1101	9.57337
12.2174	6.50993
11.2394	6.85034
12.3605	7.25281
11.2304	7.58971
9.41927	7.87621
11.2629	7.91655
10.9926	7.01363
11.6632	10.4137
9.78857	7.79211
10.6669	7.98693
11.1329	8.15368
9.34763	8.96331
9.16793	7.82904
10.2775	8.06577
9.38357	8.49288
11.4214	6.19402
11.5401	6.48339
13.4862	6.54582
9.80535	8.99148
10.2973	8.5478
11.7285	7.42707
11.7978	6.55993
10.296	8.77792
9.84108	8.01001
8.8521	8.17702
11.7625	6.56876
11.5735	9.3461
11.6914	6.90344
11.9453	7.30851
11.1101	8.63741
10.9991	8.24274
9.55371	8.10759
11.6262	8.55559
12.6734	7.36666
10.719	6.32642
11.2296	6.11234
11.6774	6.68299
11.3331	9.06901
12.161	8.66432
10.6667	6.08655
11.0382	6.90988
12.288	7.78404
10.1599	7.43353
9.0514	6.92233
12.7345	7.33443
10.7205	9.34525
11.9339	10.1102
10.6362	6.56109
9.64108	8.97717
9.82605	7.50593
11.2857	8.09823
11.5666	8.9297
9.72928	7.06355
9.56528	9.18397
9.5849	6.15513
9.27579	8.85838
11.2762	9.49766
12.0979	8.31471
12.1429	7.33323
11.1053	7.76253
9.80824	10.8772
11.9007	7.08542
10.2072	6.96675
10.2699	6.8187
10.7462	10.3934
10.0058	7.86113
10.9568	8.59879
9.89132	9.73665
9.95506	8.96294
10.6389	7.62089
12.8231	8.70087
10.3097	8.01816
10.6109	5.98165
9.85709	7.01641
11.1937	6.86457
9.6729	8.51849
10.8036	7.26188
10.511	8.52127
11.1139	7.9232
11.0879	7.59431
11.1373	7.46625
11.5445	9.75314
9.2303	8.54812
9.50977	8.2841
12.0787	8.67645
11.2137	7.3704
9.44957	6.14901
9.8237	8.97161
9.78411	6.8444
9.32132	7.22516
11.2043	9.51655
11.1796	6.26984
9.99599	7.22316
11.36	6.96616
9.53613	7.8195
11.1583	8.52038
10.7867	6.72933
10.6014	7.71624
11.6133	9.71819
11.5336	6.25042
11.8715	8.59712
11.9891	6.79829
11.1474	9.61902
10.0782	6.67915
13.438	7.12454
9.79214	7.30751
11.3969	6.86553
9.84951	9.02652
11.6503	6.16904
11.2194	9.39634
10.6369	8.6323
9.89313	8.61975
10.9312	6.68066
12.3784	7.01673
10.6737	6.30652
11.6269	6.22957
9.41918	7.812
10.4543	8.09176
10.5685	6.83457
11.3128	9.38964
9.71414	6.84323
10.164	6.89332
9.28103	7.77841
9.47948	9.19069
13.0997	8.43694
9.8015	8.10957
10.7689	6.49165
10.24	7.13344
11.4871	7.40786
11.5917	7.96189
10.0753	10.3359
9.21208	6.71115
12.4381	8.97289
10.721	8.91225
12.3304	8.89405
11.3137	7.88772
11.1659	9.27482
8.97402	7.84049
12.2314	7.55925
10.5145	7.92115
11.5868	7.5876
10.4168	6.41701
11.9469	8.13619
11.7998	8.3427
11.4329	8.46994
12.726	7.28908
10.1273	7.76831
10.0113	8.03415
12.3325	9.11785
9.82655	8.54097
9.05961	7.28067
11.4996	8.75151
9.45012	6.82408
9.78431	6.66876
10.0674	7.35315
11.6386	8.4156
11.9465	7.95874
12.1352	8.90319
11.9719	6.42963
11.8227	8.89421
10.7823	6.02781
12.1259	6.99729
10.0333	9.47674
12.4588	2.11252
12.0592	8.4487
14.2098	7.93951
8.87978	7.84061
8.87914	9.10158
9.15627	7.33167
11.0023	8.85733
10.7486	8.1023
11.9355	6.22745
11.8421	7.36396
12.8305	8.24582
14.0494	7.1718
11.79	7.28888
11.4486	7.56822
13.8376	6.89852
10.2809	6.89599
11.6996	9.14764
10.9577	9.20681
9.01022	6.92337
10.6165	6.71381
9.74902	9.70682
10.6839	9.47675
11.3827	8.55105
10.4832	7.10853
11.4899	9.70459
13.2679	6.85295
11.0941	8.10289
10.1472	8.70536
9.65304	8.93601
10.4574	8.08191
9.69401	8.7789
12.1119	7.75718
10.7405	7.07377
10.4652	7.73057
12.5506	9.38497
11.942	5.92283
11.5611	7.80159
10.9463	5.96437
11.8609	5.94701
12.6984	5.68533
9.5262	6.36078
9.87025	7.35973
8.8308	6.66272
11.8078	7.32953
10.9159	6.91878
12.0554	9.36538
11.5017	6.19385
10.3707	7.11863
11.0684	7.9119
10.7626	6.7167
11.1288	6.43362
12.8549	6.84511
9.91905	8.51368
9.95416	6.87695
10.8984	8.89924
10.3427	7.61141
10.1221	8.87459
10.3705	9.1311
11.373	7.77472
10.637	6.50104
9.12747	6.43002
9.51804	6.79414
12.3179	9.34323
9.91858	7.58171
11.0872	7.68579
9.33765	8.88051
9.52907	6.23729
14.0849	9.20285
11.0849	6.02636
12.3819	7.73733
9.62819	10.5601
10.0805	7.44837
12.0987	9.91608
10.573	8.86734
8.72166	6.778
10.9208	7.29447
11.427	7.71032
9.97678	8.48182
10.2818	8.08448
10.2269	6.5916
11.7912	8.54939
9.77449	9.2009
11.8479	7.52171
9.23075	7.76697
9.31886	7.70783
12.5332	7.22683
10.5324	7.998
11.972	8.87875
10.7114	8.26419
11.6944	8.4514
12.9596	10.7594
11.56	9.72595
10.7051	6.6424
10.4831	6.64248
10.6344	9.03253
10.4317	7.04443
9.61009	7.06305
9.17814	8.68675
9.83424	9.24572
10.4617	8.80475
9.54051	6.87746
13.9037	6.05895
10.5838	7.58353
13.1638	8.87645
10.9954	7.28822
10.0676	7.31494
10.5285	8.01025
10.6754	6.18762
9.28827	8.03339
9.51589	6.70002
9.39159	10.5984
10.9122	6.79352
12.4409	9.08649
9.19824	8.51455
13.6152	6.21179
13.318	9.05921
14.4695	8.56846
9.43411	7.60121
10.7258	7.88373
12.3733	9.09039
10.7434	8.07086
11.2261	6.70748
11.8553	6.20129
10.8701	8.61217
11.3364	7.68289
11.7505	7.43928
9.51274	6.42826
9.61513	7.00997
11.2017	10.0192
10.3846	11.308
11.5234	8.48338
13.1234	6.97703
11.1729	8.33457
10.8139	8.52176
11.0493	6.78874
10.7881	6.67189
10.6142	8.6985
9.57627	7.06176
11.5408	7.33526
11.4756	6.77609
11.6942	9.09476
9.64694	8.11511
9.77396	10.0138
11.2481	9.17356
10.3842	6.15381
12.9474	8.46855
11.6635	6.59104
11.6407	7.85749
10.5996	8.02035
13.5459	7.61552
9.26488	7.18536
9.53956	7.14951
11.6808	7.54486
11.2586	6.70965
10.7707	7.4781
11.5854	6.3378
9.01169	7.5985
9.26913	8.85506
9.24687	8.81223
12.1733	8.07055
10.3718	7.77858
10.4195	9.09671
12.0151	8.7778
10.9224	7.95384
12.2483	6.35092
10.2023	8.69692
12.0956	6.96494
9.61916	6.59736
11.6263	7.27367
10.1226	7.04397
11.0228	6.60143
11.0525	7.89964
10.2953	7.62469
10.2636	7.71973
12.2068	6.9266
11.8479	6.4934
13.0779	8.49689
10.9477	11.707
9.92975	9.35487
10.4443	7.50508
13.3999	9.18686
12.2527	10.6595
10.4689	8.61487
8.92243	9.17532
11.5358	5.96739
11.6964	5.91523
11.6544	7.31635
10.346	7.5381
10.4686	8.22959
13.3709	10.0371
10.133	8.37601
10.1582	6.10893
10.0104	9.26299
9.17928	7.41261
10.1796	8.03631
10.8861	8.7907
10.3579	7.53147
13.3283	5.75303
10.4263	9.14663
12.4361	7.9796
10.4909	8.14819
10.2621	9.75981
8.88581	10.017
10.5844	6.02282
10.7153	7.32368
10.377	6.82747
9.03541	8.37922
11.1889	7.63249
11.0325	8.21667
10.2491	7.17848
12.3727	7.76054
11.2962	6.50442
12.5382	6.26491
10.7067	8.94332
12.5122	7.10332
10.6343	8.05941
11.8663	6.41093
10.477	7.58152
10.9009	7.71604
9.84381	8.0612
8.92074	6.08594
13.1506	7.01098
10.1076	7.61677
11.5588	7.18386
14.1439	7.50661
10.9575	7.67608
11.5589	7.41447
11.2791	8.84833
11.1485	6.41871
11.0135	7.19821
11.1992	8.47536
10.2591	8.46125
11.9517	7.87567
10.931	7.53711
11.0705	8.94329
11.5106	6.82729
9.53121	6.36552
10.2585	8.74796
11.2539	8.90116
13.2458	8.61038
10.1868	9.23514
9.2217	6.0406
10.0668	5.86332
10.9731	6.52652
10.8229	7.23665
11.5454	9.34347
10.4256	9.6149
11.2892	8.51763
9.89282	8.93936
10.962	8.44815
10.9796	7.95486
11.0416	9.2707
10.024	8.92684
9.3417	7.55575
10.3395	7.01244
9.50541	7.22202
13.3092	7.27748
10.6879	6.93946
9.95715	8.30987
10.1899	7.01009
10.9912	8.24088
12.925	7.88247
9.466	6.67168
12.5906	7.88458
10.0854	8.9247
9.82602	7.79017
12.3037	6.86698
12.13	8.40627
11.2879	9.70241
9.53885	6.9493
14.2436	6.97733
11.2898	7.49492
11.8345	7.47588
11.2652	8.64761
10.7912	9.968
11.9648	7.13425
9.74219	6.39082
9.7119	9.30773
11.1816	9.70781
10.9927	8.02875
11.705	8.35656
12.6291	9.93639
9.13499	7.63478
10.6875	8.96952
8.94924	6.10692
9.73843	8.40771
10.8448	7.06394
12.562	6.09771
9.27191	7.87928
11.8983	6.20479
12.1711	8.55831
11.7992	8.3522
11.7113	8.54938
10.4437	6.46164
10.3488	7.61998
10.6536	7.95721
11.0567	10.3003
12.3705	8.84329
10.4755	8.95875
11.4738	7.60594
12.2926	10.3376
11.1303	8.24044
9.48023	7.29753
11.8518	8.41908
10.032	6.47447
11.3944	8.52612
11.3436	10.9812
14.2849	5.31844
10.9939	8.7607
10.5472	7.7099
9.16141	8.94018
11.7843	6.3438
13.3025	8.55572
12.1884	8.96366
11.8835	6.15951
11.0473	6.81443
10.9549	7.35774
9.36843	7.70534
11.4433	7.47911
9.47659	7.52715
10.4982	8.94326
10.5831	8.31839
10.4455	8.31882
10.7431	9.375
12.0258	6.55541
11.2147	8.36651
11.8609	8.67048
12.6065	8.21501
10.0163	9.38565
11.9225	8.80527
13.1524	7.36631
10.4783	6.14199
10.7838	7.11528
9.29632	6.41486
10.5689	5.90631
11.0292	7.76918
10.6117	6.97237
9.9434	7.3072
10.0047	6.68143
13.6534	10.1612
9.92031	7.39799
10.7634	8.05559
9.40844	7.53757
10.7727	7.92165
11.5607	8.75484
10.8065	6.39543
9.33809	6.13192
13.1868	7.67988
10.5953	6.77867
12.6765	8.39054
12.0812	6.85929
9.18077	6.75507
12.1983	4.73505
10.8965	8.14585
10.4971	6.97079
12.5401	9.53266
10.7193	7.39016
12.4968	7.5666
12.2701	8.33595
11.3451	10.6434
11.3081	8.45979
9.65063	7.22714
11.6769	7.95733
12.0118	5.87313
10.7732	10.2035
11.2277	7.44145
10.7522	8.41799
10.7436	8.72358
9.66147	7.1345
12.2892	7.85816
10.9399	7.86712
10.0785	6.69113
11.1353	7.22478
10.5083	9.03319
11.3925	8.43628
10.8709	9.49294
10.5034	7.97056
10.2062	9.09983
13.1267	7.00279
9.79309	10.0079
11.9824	9.27568
10.9571	8.99043
9.90908	7.90864
10.116	9.91214
11.782	7.08782
11.4463	8.41361
11.7823	7.77191
11.411	6.55097
9.4092	8.82549
9.58696	8.74096
11.3356	7.30207
9.36698	6.0087
11.4641	6.84917
9.55754	8.92066
11.5923	7.759
12.4345	7.57419
9.22893	5.95642
10.0961	8.35345
11.777	8.0767
10.1504	9.94339
10.6371	7.66371
12.2676	7.85939
11.5373	10.2688
9.37298	9.27841
9.28718	7.0204
11.1723	6.59016
11.3806	7.18449
12.4886	4.70418
10.8838	7.86788
11.7724	7.22902
10.8445	8.68219
11.786	6.34204
12.7408	6.83441
11.825	7.84886
9.25122	7.3682
12.352	9.27283
12.2342	10.0483
9.07339	7.50279
9.68413	8.51187
11.5903	8.8887
10.8782	6.13814
11.2101	7.61188
10.5852	7.63305
11.5853	6.97207
12.9947	8.74584
12.436	7.42787
11.3834	6.14339
13.0403	10.5386
10.2575	8.17392
10.6547	7.8828
10.9976	8.12969
11.5311	6.78449
11.37	8.55309
10.8079	7.15854
10.3319	5.80309
9.27904	8.56298
10.1396	7.75525
10.7476	6.61216
10.5808	6.4623
11.7971	7.4975
10.3638	7.87139
11.6023	8.39125
10.6868	5.79008
9.43034	6.63339
9.70331	6.66076
14.1209	7.82188
10.5698	9.12169
12.6949	7.45044
10.9079	7.12642
10.8968	7.93568
12.2821	8.07357
11.748	7.84692
13.5363	8.13646
11.2948	7.61361
11.0734	8.9131
10.6922	8.3553
11.2308	8.08066
11.9656	6.27492
10.0094	8.10014
10.1403	8.26122
10.9091	6.20467
9.13627	7.12228
11.6482	6.22885
9.86805	8.45527
9.02369	9.36753
11.3249	6.85217
11.6822	8.22877
10.4634	5.9493
10.8837	8.2833
11.163	6.08299
11.6918	7.49031
11.2725	6.49436
13.4849	6.43856
9.40251	6.54564
12.333	9.44953
11.0852	7.53921
9.91279	6.26328
11.5509	7.32561
9.03978	6.6423
9.92142	7.39551
10.7168	6.32971
9.54787	8.94917
10.4606	8.46388
10.6731	6.35187
11.5715	7.75845
10.9195	8.25045
10.4498	8.24241
10.3999	9.41832
9.50485	9.12493
11.6547	8.20177
12.1745	6.62247
11.8151	7.24006
9.33367	8.86826
10.7725	6.6306
11.2342	7.41248
9.70898	9.57978
11.7743	7.90931
12.8584	7.86016
12.1531	8.03244
9.5309	8.65837
10.1561	8.34023
11.7987	8.52898
11.6676	6.82155
13.1838	7.54423
12.6657	8.67873
11.8024	7.9456
12.1871	8.52605
12.0781	10.5528
8.82302	6.51783
9.87991	8.02782
10.5417	8.48963
11.4364	8.66481
9.67717	8.78581
10.7001	9.29395
9.07168	6.05697
9.78009	14.1506
11.269	7.70845
13.7489	7.29682
9.71098	9.83567
11.6534	7.1378
11.6809	7.53045
11.6693	7.98705
11.0607	7.33316
12.1072	8.34564
11.4105	8.19689
12.1535	6.88685
10.7879	8.94773
10.375	6.26299
10.6686	6.71157
10.4568	8.40045
9.02517	7.3516
10.7077	8.84589
10.8744	8.91533
12.2057	9.65638
11.1559	7.74152
11.9992	8.38744
9.84955	7.52843
11.0291	9.08149
9.56189	8.3235
10.6269	8.8341
11.4035	8.68214
12.6783	6.68494
12.6056	6.96065
10.4287	7.06225
12.2145	7.34152
10.1387	7.64749
10.5505	9.08749
11.1951	6.71093
9.87805	9.53251
11.9597	8.85467
11.8835	6.45051
9.18822	9.02862
12.9935	7.32036
10.2251	7.89598
10.9326	6.84527
10.9667	7.98355
12.0976	8.57891
10.6401	9.19981
9.89205	6.942
9.22902	6.9446
10.0465	7.49567
9.96643	8.44487
9.55989	6.49053
11.172	6.43388
11.3923	6.57926
11.5024	6.05131
11.769	9.1435
9.70872	8.25347
12.4405	10.3723
11.185	8.87507
14.7943	5.12278
11.062	6.90352
10.1854	9.50215
9.88009	8.61922
10.1592	7.75037
11.0594	7.92302
9.9728	6.71651
10.6231	8.933
11.7793	8.28618
10.2823	7.23143
11.092	8.67328
11.5637	7.23758
9.86293	8.47817
10.1122	7.31483
11.2142	7.29918
11.5822	8.80744
12.9631	1.48318
10.4039	8.12425
10.9107	6.87787
10.4382	6.34979
10.871	8.23997
9.77229	7.76843
11.8422	7.96531
12.839	6.92409
9.8631	8.90442
11.2006	8.61833
9.96755	8.73947
12.776	7.81375
9.69322	7.09519
10.5177	6.82995
9.69856	9.07106
12.5797	7.06668
11.3041	7.63411
11.6166	9.08094
9.37209	8.38352
9.32034	7.70193
12.4674	7.86107
10.5436	8.00656
12.6326	6.25368
11.2744	9.71166
11.2757	6.64504
11.5886	7.7519
11.124	8.16796
10.8556	7.07576
10.958	8.54874
10.0958	8.84841
11.466	9.1167
10.7467	8.90562
9.21493	8.3302
12.0456	5.677
10.9647	8.58401
8.94545	8.2793
11.2316	7.89562
11.3678	6.07941
12.0087	7.0742
11.1662	8.95876
13.5289	7.68438
9.68946	7.5245
9.22291	8.20351
12.0277	10.0841
10.6442	6.92704
10.486	7.16966
12.6629	8.58448
12.6537	7.3157
9.34164	7.17624
9.77871	10.1628
9.62002	8.07483
10.4493	7.24761
11.4315	9.12145
13.2606	6.39968
10.3994	8.062
9.11023	8.62789
9.73327	6.37234
12.8638	8.54203
10.5446	8.66773
13.7071	7.13276
10.0099	6.74312
11.2595	7.33355
9.4039	7.78711
10.2668	9.87812
11.1431	9.34593
11.8809	7.22036
11.3496	6.09689
13.4895	6.72557
10.4666	6.99005
10.366	8.88358
10.005	10.1949
9.65801	6.99756
11.382	7.47342
10.6985	9.23373
10.6349	7.76184
11.4957	6.55912
11.6836	8.92453
10.9158	8.74418
10.5614	8.35639
10.1843	8.88662
10.5768	8.24028
10.6756	8.3931
12.5333	8.2979
11.0179	9.72412
10.2482	9.92459
10.8075	7.36709
13.7169	9.20791
10.5966	7.57488
11.444	7.63815
11.0506	6.42719
11.133	8.66851
11.6065	8.75436
8.8758	10.1273
10.2105	8.6706
11.9192	8.10722
10.2613	7.21214
11.4964	9.21361
11.4032	8.00078
12.1257	8.20131
9.89109	9.22287
10.7349	8.36333
11.7198	6.50804
9.40733	8.74834
11.7359	6.85562
11.1826	10.2119
9.7738	6.51337
10.1386	9.53699
12.1863	6.95103
10.9253	6.52202
10.7165	9.18987
11.1096	5.98206
13.581	6.97251
11.4398	8.50404
9.54819	7.12648
10.8495	8.88875
11.8793	8.74823
11.0846	6.10725
11.8307	8.46604
12.9884	8.31709
14.465	6.99698
11.7885	7.19896
10.9486	7.17001
11.712	7.30794
10.5007	8.00023
10.6282	9.9015
9.37039	6.99693
11.8113	7.94798
9.01568	7.25356
11.3283	8.30844
10.8585	11.3386
11.3228	8.72088
9.28843	7.0959
11.4721	6.3477
10.3696	7.75099
10.4562	9.05211
10.0109	7.20863
13.0321	7.29686
11.9515	6.80524
11.6612	7.62667
11.422	7.27711
11.2399	10.6006
9.8884	6.82397
14.2007	7.85603
9.64362	8.80677
11.3278	8.45161
10.6951	7.44696
9.26839	7.14185
10.9223	7.05404
10.3655	9.80564
12.4494	7.14662
10.611	8.91743
10.1694	8.94018
11.5004	6.96793
12.3702	8.30419
10.7177	9.16553
11.186	7.91128
11.2106	7.60674
10.1046	7.65476
9.06316	7.55804
9.80203	8.42448
10.87	6.7298
12.8778	8.61414
11.562	7.27625
10.1309	7.76822
10.823	6.59794
11.0324	8.7263
11.1979	7.65361
10.8724	7.70936
11.4749	8.58044
11.9749	8.55079
11.0232	8.10762
10.4344	6.57913
9.53685	6.18593
11.2174	6.12933
10.4004	6.35145
10.6742	6.31723
10.4925	8.02652
8.98148	8.90279
10.2165	8.87875
11.2883	6.07596
9.95036	8.75723
11.4125	6.89649
11.8588	8.92208
10.7162	9.94422
9.92691	8.83456
10.773	8.30366
11.8785	7.29513
11.1258	7.16285
10.2447	5.96795
10.5011	8.0717
11.2182	7.86252
11.9018	5.87532
9.78137	8.69209
9.88028	7.0042
10.1774	9.21498
10.5709	6.38362
10.3644	8.33235
10.8085	8.058
11.7406	6.67544
10.6573	8.17463
11.8504	6.05773
11.7543	7.87458
12.2171	8.90511
10.6008	8.50488
11.8397	7.69127
11.2674	7.96029
12.4534	9.04643
11.3436	7.61004
11.2619	8.72447
10.2477	7.95067
11.0397	6.36992
11.0388	8.04782
12.4459	8.00223
11.1845	7.67567
11.5103	8.35754
12.3718	5.8425
10.4697	8.56246
10.7724	7.72911
10.2275	6.21123
10.2092	8.28984
11.9221	9.19174
10.6032	8.08344
10.4104	7.94611
10.6096	8.09946
11.295	8.41395
9.7427	9.12673
11.6428	7.30206
9.52608	6.69593
11.4603	8.44593
10.5481	8.14741
12.0847	7.85714
10.8035	7.46078
10.6399	8.94342
10.0996	10.6508
10.8598	8.1804
9.91693	10.4917
9.18003	6.36176
9.96441	8.00423
10.4826	9.67822
10.9405	8.96789
12.1715	7.46538
11.0553	8.88246
11.0347	7.33014
9.31204	8.43926
11.1378	7.73139
9.57496	7.82876
10.7691	7.67747
9.11085	9.20528
10.3579	8.37135
10.881	8.76721
11.5242	7.09938
12.9435	9.6418
8.98224	7.51221
11.296	6.59344
11.566	8.2006
11.9638	4.78333
9.40997	6.96878
12.7844	5.77843
9.87065	6.50313
9.519	8.78624
10.9392	7.06083
9.81715	7.37763
12.2374	9.41273
10.1259	7.55011
11.5366	8.29766
12.811	10.0066
11.805	9.06065
12.0815	8.48686
9.14961	7.59023
10.812	7.08654
12.5751	7.44172
10.0963	7.02947
9.70795	7.25074
11.5262	6.66083
12.0489	8.84559
12.3452	7.34481
11.0746	6.50001
9.37313	7.2034
10.9451	6.63307
10.2944	7.18333
11.7925	6.40224
13.099	7.87056
10.3536	8.95466
9.72389	7.31896
12.1567	7.38629
12.958	9.0421
11.9437	8.01074
11.4199	7.47696
9.9769	8.08048
10.8706	7.31428
10.4858	8.04672
10.7903	9.62081
12.5132	7.00959
9.5699	8.84002
9.0516	8.05502
11.8309	8.14243
11.0079	8.79784
11.3273	6.25271
10.3223	6.99465
10.9493	6.70673
11.2943	7.84173
9.13544	8.58867
11.6546	8.86594
9.37911	10.1273
12.7884	7.12521
10.6753	7.30439
9.00724	10.6911
11.6446	7.68219
12.3755	8.96396
10.0932	6.57234
10.6295	8.76609
10.4642	9.59677
12.0132	7.39935
9.61063	6.19283
11.3803	8.57993
10.8449	7.64999
10.8784	8.26991
12.2834	10.0881
11.0748	8.92861
9.57543	8.95444
9.89757	8.82639
11.4493	7.25411
11.815	6.93907
9.89022	7.35293
10.2871	7.46595
9.90406	10.1049
9.84322	7.13022
9.81747	7.22757
12.5988	7.93005
10.7804	10.0582
11.8229	6.52186
11.5566	8.11897
8.95203	10.2033
11.0911	8.29258
11.6578	9.3028
9.71017	9.9821
9.42019	8.20796
10.3257	6.52031
9.34149	9.39301
11.3236	9.08197
9.5276	8.35002
11.7031	7.92084
10.3829	7.90212
9.9865	6.79885
10.4637	6.4593
11.5081	6.01551
11.5902	8.85248
9.88008	9.34438
9.61533	6.92431
10.3836	7.02381
10.3526	6.84913
12.1463	7.67492
10.0822	7.92624
10.8793	9.27318
9.982	8.59106
10.2765	8.02128
9.76723	8.50591
11.7412	7.69919
12.5909	7.60711
12.3338	6.44293
11.9672	8.21288
12.0436	8.3315
11.6074	9.1141
11.2236	6.9808
12.0695	8.10931
11.1295	7.00781
10.3304	8.49851
9.54924	6.61968
11.2184	9.14874
12.2494	10.1131
12.2276	7.97914
13.4086	7.87178
11.1535	6.08738
11.8175	8.91536
10.5089	8.41342
9.72176	8.09845
11.356	6.27248
12.1219	9.62772
10.598	6.14526
12.0562	8.02827
12.2696	6.35953
10.1724	8.29446
9.71802	9.44457
10.4524	6.5375
11.3495	10.5076
11.889	7.02885
9.88583	7.82323
9.3122	6.27262
9.56148	7.18769
10.3356	9.0166
10.9281	7.93341
9.13602	7.73569
9.80019	6.54735
11.5008	5.89644
11.3747	10.2331
9.26646	7.05475
11.628	5.937
11.6185	8.11035
10.1947	7.45261
11.2735	8.76968
12.4048	9.35157
11.7629	6.5099
9.22761	6.88327
11.5045	8.09312
10.0283	7.08803
11.9414	6.06895
11.6815	6.84573
11.247	6.0907
11.9952	7.4907
10.7851	6.41279
12.1809	7.03131
10.096	6.77431
11.393	6.65234
12.2866	8.86391
9.73287	6.76674
10.3561	7.74432
11.2696	7.22426
9.98487	9.29265
11.7727	8.97339
9.7931	5.89783
9.75886	6.52869
11.9829	8.27829
9.25822	7.1509
11.8245	9.1011
11.4253	8.58715
11.6611	9.52067
10.5962	9.3478
12.4373	9.88135
8.83116	8.30922
12.4913	8.98238
11.55	9.34376
10.055	7.062
9.21162	6.8619
10.763	6.40161
10.899	6.5669
11.067	8.76069
11.3856	7.78194
11.6128	6.08014
12.3266	7.80701
9.41531	8.53622
12.3871	9.93208
10.6969	8.82377
9.38045	10.3083
11.386	9.39526
12.0994	7.22479
10.7898	7.49469
10.5699	10.0865
9.14143	7.45055
11.765	7.14671
10.2738	8.78118
11.8953	8.64032
11.7733	9.60821
10.0428	8.21041
10.3042	6.71309
10.6197	8.28597
11.2987	6.54229
10.975	8.29353
9.93781	7.64278
12.245	9.67738
11.9658	8.78464
10.7825	7.0561
10.8105	8.96916
9.41179	7.04479
10.6	8.74874
11.9271	6.25915
12.0862	8.31533
11.9692	8.79643
10.8342	6.6869
12.1048	7.11129
10.3393	5.86809
10.3261	6.05919
12.7203	7.65581
11.0748	6.94627
9.07681	8.36847
11.3982	8.06202
9.31774	6.25663
9.08254	8.37674
13.5018	10.6296
9.97721	8.4925
9.8145	8.12585
10.1377	7.61516
13.2045	8.90341
11.8624	8.28112
9.97373	8.66458
10.7003	8.95247
10.1134	7.68711
10.5354	9.69196
10.5242	6.52822
9.95068	7.67642
11.3306	8.73654
11.0688	8.48773
13.3761	9.84667
10.5813	8.2005
10.5271	7.55046
11.7249	7.84546
9.52695	7.0379
11.0526	8.64154
12.1065	10.781
14.1302	6.6773
11.8655	8.95636
11.0711	7.69702
12.0071	8.60955
11.7529	7.91016
12.1781	5.70757
9.15981	8.43389
11.4245	8.55267
12.039	8.62864
11.1361	6.20556
10.5014	8.8611
11.863	7.28734
11.8883	9.42842
12.0162	7.80968
9.85793	7.59907
11.9224	7.9828
10.0377	7.64939
10.6416	6.86351
13.2191	8.22859
12.8258	6.72237
9.04504	8.37011
11.4345	8.64671
10.939	7.94159
10.4011	7.25478
11.583	7.10595
10.9952	9.10619
10.6438	6.85107
10.2243	8.74292
11.3046	6.26457
11.2171	8.67793
11.4718	11.0847
11.7017	6.67396
12.1226	7.75064
11.4322	8.05048
11.029	8.13943
11.5077	8.38369
10.1224	8.05804
11.1688	8.95289
12.0552	7.06155
12.5885	9.7686
9.59522	8.86491
11.5695	7.80737
11.307	8.02878
10.4815	10.7661
12.0045	6.68813
10.7938	7.56385
13.0797	5.94004
9.19518	8.54628
12.0644	9.79416
11.8011	6.73369
11.1185	6.31477
10.698	7.91387
10.9016	8.78154
9.71223	8.87912
11.4751	8.89775
11.9466	8.42688
11.2509	6.39505
12.7696	8.51145
10.5021	6.75147
11.596	9.17964
9.9969	11.0011
11.4168	7.75554
11.6164	8.54151
10.4658	6.18255
10.3223	8.82078
11.7931	8.63691
10.8788	7.79789
11.1915	6.84133
13.7576	8.43941
10.4811	9.45021
10.1063	8.20276
11.9342	7.91593
10.8739	9.49623
12.2527	7.14634
11.494	7.63703
11.2116	7.85206
12.271	8.94922
10.5884	9.41542
9.24555	8.964
11.7419	9.24794
10.1786	8.53327
9.762	8.69771
10.8086	8.69396
11.0141	9.77413
10.4671	8.574
9.17584	8.30761
11.6986	7.58602
10.4316	7.55509
10.5857	7.53152
9.28337	6.44468
11.0148	6.18506
10.9639	7.53869
10.9257	8.18081
10.3632	6.27336
11.7929	7.95726
9.85394	9.93317
10.4135	6.86654
9.6324	8.56408
9.53191	8.97824
11.1405	7.62376
9.38674	6.74737
11.9238	7.23158
10.5579	7.41131
9.49111	8.95541
10.8129	8.54139
11.7204	8.2463
11.8439	7.42481
11.7735	6.33183
10.4266	9.45438
9.62302	9.73679
9.95071	8.5685
9.13486	8.59419
11.7455	6.7534
9.49603	7.60641
11.5926	8.52166
12.4655	8.42536
11.0259	7.48109
10.6747	9.18377
11.65	7.52192
10.9689	8.2576
13.6431	5.5772
9.52239	9.24756
10.5183	6.58263
11.8092	8.32589
10.5995	7.01065
11.7101	6.83411
11.7649	7.37636
10.3576	8.83126
10.5376	7.68394
10.7073	6.39147
9.98418	6.45846
13.8291	7.3124
10.0976	7.97717
10.4895	7.77528
9.4619	6.17238
10.1736	6.46032
10.1516	8.65519
12.0725	8.89524
9.99452	9.4812
11.1743	7.70715
11.8658	8.54208
10.0963	10.3552
12.2528	6.92495
10.3678	8.80242
11.0841	9.66148
11.5351	7.66391
9.53819	10.1676
10.2508	6.50113
9.60917	6.5109
9.79307	6.76462
11.4279	6.19936
10.9602	7.58906
9.98163	8.19316
10.1304	6.44893
12.7845	4.93216
9.24602	7.15574
9.1794	7.22503
10.8417	7.07136
9.95575	7.78975
10.5327	6.8104
10.3806	6.57915
10.6288	8.2586
11.3748	7.40052
10.3725	9.12923
10.048	8.54165
9.70294	7.94619
11.356	6.90133
10.7601	9.22298
10.3694	6.20046
11.0478	8.00603
10.9438	7.04946
9.04759	10.2532
12.1732	6.59439
11.9577	5.9764
11.8265	8.16704
10.1848	6.49514
9.41526	7.76609
9.6989	6.60831
10.7124	7.46952
10.2278	8.23026
11.2536	7.79488
9.84579	7.658
11.4359	8.77502
9.42044	6.16076
9.02194	8.04715
10.2667	8.51084
10.0117	8.52765
10.9122	6.92051
12.2407	7.57446
9.22646	6.86752
9.62643	10.2801
9.27345	7.1564
10.2266	7.99409
11.5107	8.18891
11.8097	9.67747
10.2215	9.22929
12.1691	9.58524
11.6773	8.76948
9.44358	8.86876
11.4533	8.47828
11.3861	7.19178
9.51754	6.97999
11.0715	6.2927
12.7379	7.19552
10.873	9.65831
11.5724	8.05212
11.2288	8.49648
11.6451	7.20479
12.6167	7.81165
9.96097	10.1447
9.61715	10.1485
11.788	8.67283
11.4589	6.62527
11.0502	10.8818
11.8614	8.82674
9.24532	9.73447
10.9312	9.81732
13.1056	8.98608
10.6055	7.91867
10.7853	7.06974
9.6204	6.14019
13.8352	9.36633
12.9342	10.0477
11.6778	7.49426
10.5316	7.81734
12.3048	6.11569
12.5041	7.97148
11.5302	8.23312
13.0474	7.88885
9.88795	7.10989
10.8686	8.39696
10.3059	6.88714
11.5105	7.11067
10.0519	8.13039
9.99623	9.45367
11.0651	7.19817
11.1539	8.66215
10.5747	8.88591
11.0816	8.06514
10.9232	7.61186
10.0033	6.44396
10.7004	8.70837
11.3852	8.37748
12.8183	9.25535
9.64544	8.70957
11.035	9.04419
11.5802	7.35302
11.854	6.01496
11.6921	8.31846
11.3937	7.77229
10.2902	7.26047
11.9395	8.23844
11.3267	8.2396
10.2933	7.26638
9.94062	9.10164
10.2778	7.57944
11.2096	9.01447
12.7233	8.61587
11.4947	8.12537
11.3512	6.9208
9.60914	6.16122
11.7185	7.65779
10.8951	9.75048
10.0513	8.29367
9.40749	8.92376
12.4679	6.59463
11.2117	6.95941
10.1644	8.06137
12.0261	5.85807
9.21778	8.83515
12.8059	10.1143
9.74479	8.96426
11.4143	7.80407
11.456	6.11144
12.8895	7.15037
10.5067	6.89194
11.7613	7.34073
11.0109	9.144
9.01663	7.73826
10.71	8.87872
10.218	7.07571
10.2996	8.02057
11.1915	8.22704
9.88636	7.20728
10.4366	6.88289
9.46966	6.34302
9.78154	9.13244
10.4528	10.7383
11.7655	7.49908
10.2253	8.51144
9.85811	8.74541
9.14375	8.83853
10.5612	7.34875
9.13844	7.06374
9.74453	7.18846
9.30128	8.17019
11.752	7.28572
10.8889	7.89769
11.7265	7.9166
9.07059	8.26053
10.7684	7.31316
11.7445	7.35129
12.3733	7.54251
11.0821	5.98768
11.176	7.40993
12.1724	8.0823
10.4315	7.49438
8.93984	8.37238
11.7018	8.63133
10.4681	6.06188
10.9075	6.98029
13.0889	7.72675
10.8815	7.23134
10.7672	6.91968
10.2218	10.3675
11.313	8.98995
9.54452	6.37499
10.8342	7.60955
9.969	7.72272
11.6039	6.65876
12.8912	6.92211
9.99877	6.78439
11.1123	5.84948
11.9986	9.75871
10.6996	7.79713
10.7024	7.24958
12.4559	10.2471
10.6081	6.64978
11.4961	7.98094
12.0918	7.33049
10.9457	7.88066
12.2843	6.32192
11.7824	9.26971
10.7347	6.53171
9.77515	8.43189
8.99431	8.5058
12.9222	9.75611
10.7736	7.85661
12.034	7.91491
10.0365	8.83879
10.8795	7.91526
10.5076	6.69383
10.3599	6.42411
10.1672	5.94464
10.768	7.89712
9.47669	7.48133
10.0898	8.18808
11.4052	11.0624
10.9876	7.87136
10.3675	7.46868
10.1594	6.95876
9.25631	8.23692
12.4539	9.16622
10.8993	7.89701
10.7001	7.99076
11.0887	9.13412
9.93382	8.19437
9.53065	7.21292
10.8973	6.83717
9.87693	7.77108
11.9103	8.35251
11.7849	8.36321
13.3114	7.21101
10.5304	9.54192
10.1182	8.62491
10.5504	9.18404
12.6823	-4.35552
11.7968	6.33601
9.46227	6.99414
10.281	6.31646
11.4854	8.83764
9.11208	7.36278
10.3437	10.0169
9.51361	6.31882
12.6668	7.09663
13.1326	5.74958
13.2866	5.44378
9.91003	7.47252
9.92678	6.27674
10.3711	7.22859
9.36657	6.81752
11.8271	7.67213
11.1172	7.54754
11.2446	8.77962
9.21965	8.45372
9.81029	8.681
11.0475	7.67903
10.3327	6.7806
10.0617	6.11788
12.6687	7.60792
14.0491	7.85637
9.64707	6.69912
11.2358	6.86783
10.4589	6.89959
9.74379	8.25996
11.0023	8.46857
10.2152	6.79927
11.1624	8.30614
11.8349	10.204
10.3655	7.82689
11.5593	8.02944
9.56113	8.0003
13.5949	6.44194
10.2358	9.7591
10.446	7.79176
9.40952	9.18017
10.3702	8.83319
12.0316	8.91401
9.33385	8.49101
11.7634	7.51153
11.3476	8.70462
10.5588	7.22983
11.3856	8.8354
11.8246	6.72928
9.09785	7.15505
11.4221	8.88436
11.4409	8.99386
9.15554	8.74653
9.87002	8.705
9.18037	8.98627
10.0806	5.92487
13.2485	8.7393
10.5473	6.10765
11.7458	7.76055
9.99368	6.71181
10.9218	9.21396
10.669	8.4273
9.37175	7.79906
10.8646	7.68939
10.9363	6.38326
12.8328	6.27531
12.0149	7.04209
11.4262	9.5074
13.0669	7.1812
11.9444	6.43637
11.7131	8.22993
11.2334	8.82071
10.365	8.18447
8.92241	9.62355
11.2901	8.44532
14.4366	4.94699
13.8538	5.48897
11.0874	6.51944
10.5734	8.42223
11.4311	6.35263
11.6852	8.39305
10.3808	8.93247
11.8585	8.52956
11.7486	9.3382
10.9045	8.31727
11.7664	8.62064
9.31173	8.18322
12.5102	9.32363
12.9816	7.95364
13.1006	7.50737
10.5039	6.28231
10.9967	6.89671
9.40962	7.73545
9.93167	6.30741
12.0472	9.22361
10.745	8.97019
10.6375	8.96919
11.3352	8.42705
10.8953	8.47489
9.79981	9.40179
10.3441	10.3204
9.58889	8.14569
9.92904	6.81517
11.7991	6.53097
11.5133	6.53185
11.2095	11.259
12.2793	7.99025
11.1209	8.13856
11.8078	8.01591
11.9894	7.52413
10.9397	6.42769
10.476	6.70579
13.9129	6.69758
11.1066	7.99954
11.8466	7.95285
11.3476	9.39816
11.6626	9.28713
10.0188	7.97311
12.1176	7.2763
12.5403	10.1149
9.83948	8.3884
10.6439	8.08419
12.1971	6.84884
11.1585	8.587
13.5791	7.72041
11.3897	8.41112
9.1063	6.127
10.969	8.17091
11.8559	7.00013
10.5281	8.20015
8.95753	7.14684
10.9166	9.0066
13.4581	8.39601
11.0756	8.83619
12.2677	9.94536
10.5659	6.75152
11.5539	9.14034
13.1917	8.00768
10.9337	7.91656
10.9748	5.92105
11.7581	7.75286
10.3181	8.99773
9.14712	6.40373
13.1849	7.66928
11.3494	7.93246
12.2159	8.3245
10.7711	8.09249
12.9488	8.7054
9.8964	7.78431
11.0476	8.29228
11.4282	7.15711
9.5601	7.27514
12.4692	9.25034
10.1879	8.05188
9.05027	7.44122
9.959	6.51343
9.5787	7.75741
11.687	7.13816
11.8178	7.2154
10.7426	9.3501
11.9537	6.59367
11.1264	6.45377
10.4577	7.31305
10.6078	7.31772
10.289	10.2203
11.376	6.90942
9.35213	6.62447
11.387	6.8272
12.1332	8.80674
12.3743	4.64961
11.6895	8.04775
11.9079	8.38834
13.0903	1.61265
9.71827	8.37754
10.6629	7.47412
11.0612	7.74293
12.1802	7.18207
10.497	9.04436
10.8961	8.07885
12.6608	8.36559
9.51062	7.38921
11.4813	6.88927
10.3038	6.62127
11.46	7.86568
9.78351	7.0667
12.7084	6.74846
12.0221	6.40037
10.9008	7.45949
10.4445	7.17928
10.35	6.94524
12.7846	9.49677
11.4782	7.08696
12.1979	-1.17271
10.3677	7.08451
11.8672	7.8476
11.0361	8.3518
10.7432	7.34553
12.2147	9.36115
10.4639	9.46785
9.42812	9.21928
12.0096	6.82867
9.41518	8.19674
9.67079	8.01183
11.2595	8.55395
11.6149	8.54495
10.734	6.1854
12.0596	7.15385
11.5079	8.05434
10.5186	8.09366
9.53653	7.9783
13.7781	7.3709
11.7672	7.49663
11.9913	6.31727
10.4449	7.03811
9.24826	7.5651
11.5704	7.61968
12.1629	8.20319
12.7828	6.89444
12.5145	5.10388
12.4081	10.4465
9.50728	8.09558
12.5036	9.30406
12.2456	8.08192
9.4894	8.32829
12.4578	5.48913
10.5314	6.99131
10.4194	7.80902
8.9841	7.06194
10.086	8.11321
11.1122	8.21028
9.36488	6.94994
14.6724	10.2264
9.97499	8.56059
11.7481	6.53152
9.18839	6.48646
13.0325	8.11195
11.4053	8.21421
12.6205	6.5386
10.6755	7.6583
12.2833	8.92
11.1921	8.56112
11.5231	7.35039
13.0073	7.58904
10.7797	8.5624
13.0152	7.21867
11.5241	7.40672
11.2275	8.71393
11.5113	7.21555
11.7979	7.95089
12.7971	8.25806
9.83779	9.49786
13.1413	8.71416
11.1506	10.8483
10.5617	8.94897
11.8281	8.09648
9.71559	7.75888
9.61384	7.1163
10.9112	6.8821
11.3164	6.97936
9.78133	8.88641
10.4049	9.18229
11.6611	7.90247
10.6818	6.33568
11.6933	9.50546
11.7832	8.8749
12.0773	7.78622
9.40006	5.88875
11.9592	7.45088
11.4052	8.22061
9.38939	6.54405
10.0965	7.60102
10.8681	8.88963
10.3848	8.52582
9.62624	5.90588
10.9402	7.38975
10.3231	6.76274
8.99536	6.63814
11.5172	8.85102
13.7764	7.88965
10.3393	6.12315
11.004	7.45219
11.2825	6.06156
11.2392	8.51298
10.3636	8.88345
9.33567	8.59074
10.8258	6.63477
12.1078	7.13026
11.7879	9.17948
12.3293	6.69955
9.82804	9.03819
11.34	7.07742
11.804	8.06424
11.5687	8.212
11.2117	8.7076
9.94918	7.41146
10.9456	9.88482
12.7462	6.04071
12.7311	7.60667
10.5213	8.25285
11.1873	7.65708
9.92577	7.00389
11.594	7.68264
10.511	7.02714
10.3885	7.81549
9.03534	8.10014
9.55605	7.96196
11.6747	8.06613
11.2979	8.37493
9.89695	7.1222
11.5089	7.0053
11.2036	6.76666
11.9458	7.74008
11.2059	6.46541
11.7009	8.11102
10.1344	8.72546
13.0918	5.79123
10.9985	6.93238
10.5414	7.69399
9.52202	7.03296
9.16954	7.48284
11.2602	7.21541
11.8364	7.31192
9.80872	8.30942
10.4332	8.72783
9.34175	6.20135
10.6238	9.14393
10.2324	6.07006
10.7133	9.66081
9.12443	7.81619
11.9979	9.0399
9.88927	8.26647
10.3341	6.79256
10.8333	9.92552
9.19889	10.0541
9.22118	6.1258
10.2037	7.47492
11.6034	6.52445
9.31601	6.20559
11.0573	11.0076
9.79212	7.98922
10.3739	6.41472
10.7155	8.43549
10.5174	6.17962
13.228	8.41869
10.2882	6.01054
10.8555	8.15075
11.2965	8.77177
9.69732	8.45949
9.95192	6.75019
11.2077	7.59724
10.9564	6.5168
10.5344	6.25018
11.0041	8.17773
9.54337	8.9647
11.2924	8.70374
9.39286	7.67873
10.7369	7.08114
10.1932	9.93969
10.4905	7.54254
10.4522	8.98564
11.1592	7.38913
11.2626	7.50771
12.0616	7.28701
11.1241	9.68249
13.1188	6.4086
10.4607	8.41781
12.2582	8.01998
12.6406	9.14478
10.1682	7.12386
9.10573	6.74081
11.1983	7.82038
9.31587	6.16317
12.4328	8.40347
9.63765	8.90325
9.84865	8.97012
11.1927	9.60849
10.1572	7.98829
9.08355	8.38879
10.1855	9.38277
9.3846	7.99226
11.7103	8.5671
10.0646	7.07976
9.42152	6.50485
10.2494	7.25155
11.3614	7.36598
11.5382	6.29261
10.47	9.50085
12.3854	8.92941
9.53905	6.67227
9.81382	6.96356
10.4728	7.04875
12.2584	6.45107
11.3528	7.62879
9.95016	7.00216
11.3876	7.33808
10.9863	8.96058
9.08805	6.92792
11.6222	8.28961
9.52073	7.69771
11.4217	8.58166
11.7143	8.70574
11.378	8.9507
11.5015	9.16995
13.0219	8.8731
9.84192	7.35114
11.8027	6.88137
10.2193	7.47151
12.7535	7.92054
9.78208	8.1571
11.4641	5.84246
13.7071	8.69793
12.8993	10.7392
12.2536	8.55815
9.60699	9.1981
10.9913	8.36155
14.0794	7.38906
11.1861	8.61592
9.92621	6.64791
11.3357	6.17704
10.8316	6.74483
10.0363	6.39334
9.91377	9.05787
11.8924	8.34988
10.7432	8.64608
10.4542	9.19929
10.9124	8.08066
11.7229	7.43644
12.4347	9.02028
10.464	7.37096
9.98305	9.69634
11.2513	6.45539
10.885	6.34272
11.1816	8.1914
11.768	6.44074
9.96665	7.48635
9.46271	7.91162
11.8164	8.80614
10.7693	7.8566
12.9938	5.98973
9.37412	8.51329
10.2955	6.313
9.93121	8.18268
13.0549	7.80241
8.98994	8.4336
12.539	7.9568
12.1666	7.61368
10.1584	5.84205
9.68111	5.93983
9.67684	8.67987
12.9207	7.6273
11.4973	9.17528
11.9132	7.25033
10.8588	8.91953
11.7685	6.04228
10.5908	6.95716
11.3271	7.83342
12.3448	9.33281
9.18528	9.1102
10.1584	9.29101
10.6978	6.74168
9.80576	7.15173
9.21702	8.28152
11.8594	7.5129
10.7786	7.26862
12.3583	10.1716
11.3533	6.39614
10.6885	8.9555
13.386	8.5993
11.8182	7.47103
11.6237	7.86042
12.6978	7.25525
10.164	8.58972
11.173	6.47634
8.91065	6.92157
10.5298	8.0965
9.50224	9.92667
10.8634	8.11395
10.5886	7.05918
12.736	6.9792
10.8066	9.79509
13.1246	8.12757
10.7709	8.18331
10.3601	8.33841
9.1397	8.24199
10.745	6.86149
11.7053	7.05951
9.87855	7.79117
9.46151	8.09837
10.9015	7.50397
8.86673	6.0439
11.6473	7.6066
10.267	7.26265
9.78869	7.62232
12.3577	10.1256
12.2602	10.5651
12.1223	6.42621
8.92708	10.0584
9.23801	6.12078
9.37304	7.36014
11.6143	9.66376
11.2326	7.50391
12.8486	6.08119
11.1678	8.16498
10.3549	8.09553
10.8343	8.96502
11.4563	8.0392
9.57294	8.01091
12.1922	7.62381
11.7398	6.29719
11.4544	9.96623
13.3267	7.41621
12.8771	9.38646
11.43	6.96995
11.0019	8.54878
11.473	8.12449
10.3981	7.14498
13.1142	5.53012
10.0241	9.39944
9.66069	7.1085
12.0028	8.42517
10.0349	6.49998
10.5788	7.90989
12.5843	7.5738
11.4563	6.74727
9.71837	6.64992
11.8828	8.05002
8.78603	8.34912
11.1834	6.30534
9.98195	7.83016
9.12132	8.21655
9.61206	9.30199
10.2958	6.97821
11.4802	7.42439
13.0145	7.86419
10.1518	9.21448
9.78059	6.59545
9.62988	6.94115
11.6906	8.87763
12.142	9.94606
13.5248	7.79294
9.45721	8.58086
12.1972	7.2832
9.8517	6.83703
9.38859	6.80786
11.5119	6.30129
11.7461	8.54212
12.3373	8.28265
12.0091	7.69975
10.1606	9.44634
13.2209	10.3855
9.19955	8.28941
12.0568	7.04748
11.9205	6.56592
9.47039	6.86015
11.3716	6.50215
11.9281	7.39703
