-7.25375	2.22289
-6.61042	2.16193
-3.62992	2.69282
-6.3662	2.24883
-8.18244	0.941715
-6.00325	3.52035
-8.13343	1.34575
-6.38034	3.74657
-7.63525	1.41327
-7.37905	2.39053
-8.21373	1.56194
-6.26275	0.322779
-7.89628	3.20496
-8.18438	1.87857
-6.23407	1.70087
-9.05378	3.02408
-8.2407	2.2366
-6.46306	0.433611
-8.03893	3.55708
-6.05347	2.6821
-7.69874	1.26479
-4.81547	3.70249
-6.52782	2.90762
-8.24218	2.1258
-7.87901	1.16836
-5.72667	2.17902
-6.62357	0.528206
-5.29293	-11.8691
-6.63841	1.46468
-5.79024	2.42716
-7.8967	3.07151
-8.95564	4.0438
-7.15319	0.86148
-7.78765	2.30095
-7.12693	1.12776
-5.81031	1.57352
-5.48667	3.50829
-6.57231	2.34714
-8.33175	0.831014
-8.45151	0.105473
-8.36068	1.9802
-8.87734	1.54151
-6.93722	3.45787
-6.52356	3.81844
-8.46752	2.77875
-6.8667	2.83349
-6.81594	3.61061
-8.66041	2.32949
-7.54586	1.30942
-8.05045	1.42913
-6.67132	1.69461
-6.19253	2.85805
-6.5232	2.96067
-6.72433	2.93501
-8.27187	0.95489
-6.53111	4.56776
-7.58433	3.76892
-8.37393	1.97068
-8.18433	1.05492
-9.01742	3.96567
-7.737	1.74947
-7.19326	3.95673
-5.79108	2.77498
-6.5514	0.188495
-7.11372	1.471
-6.64972	1.56184
-5.8228	3.49821
-4.74317	2.28943
-5.54976	1.46291
-6.35768	2.82996
-8.25837	1.92857
-7.79852	2.58956
-9.04841	2.2167
-6.17142	0.416366
-8.68573	2.72165
-5.34126	1.79419
-8.78892	1.87463
-7.20123	2.06994
-7.17968	4.56762
-8.19101	2.57047
-6.18698	0.907928
-7.45934	0.155916
-5.48697	-0.134127
-6.21291	1.30672
-4.63173	2.56027
-7.99433	1.14323
-5.48931	0.0537507
-7.75397	0.811249
-5.68218	1.56787
-6.42834	2.95141
-6.82192	2.07474
-8.85267	0.867511
-6.7257	3.09596
-5.59452	1.16877
-6.70982	2.45908
-6.6727	2.72578
-7.99175	2.11983
-6.53418	1.01795
-6.92984	0.256303
-6.90057	1.81185
-6.83039	1.70475
-7.17625	1.37109
-8.35997	2.85203
-7.78157	1.876
-8.46833	2.17927
-7.43584	2.7015
-5.9785	1.81235
-8.41047	1.44899
-6.68259	2.76119
-6.90597	2.10064
-7.54696	2.83165
-2.42706	0.639409
-8.78509	3.37502
-7.72276	1.12472
-8.4571	2.8881
-6.69418	0.759114
-6.64028	1.70956
-7.53089	2.27155
-5.43761	1.98672
-5.94203	0.529986
-8.29191	0.638815
-7.01682	1.97923
-7.87791	2.91922
-6.4401	2.07834
-7.16717	1.65058
-6.67393	3.9171
-7.6304	3.82333
-6.31688	4.5477
-5.19276	1.03404
-7.11983	1.58133
-4.73652	3.18954
-7.83467	4.12394
-8.62799	2.27338
-6.77918	0.810274
-7.54958	2.39917
-5.04668	2.85614
-8.32136	2.42944
-6.59747	2.15841
-6.99968	2.30639
-7.54569	4.95154
-8.42831	2.34393
-6.37865	1.42251
-7.30728	2.89533
-6.41725	3.30206
-6.88725	1.46602
-6.52461	0.759617
-8.60611	1.68294
-8.78772	2.56312
-8.30137	2.5864
-4.31526	2.08162
-8.42934	2.42879
-6.22552	3.28391
-4.62639	-0.7765
-6.4741	2.96443
-5.5193	2.97193
-8.97928	3.80652
-7.00659	2.85822
-6.84273	3.56286
-6.2007	1.68939
-7.82259	2.19448
-4.49606	0.0187938
-6.59567	1.05447
-7.04448	2.01199
-5.97272	0.478177
-7.50936	0.680198
-6.9397	4.42951
-6.19944	1.78381
-7.28378	1.88066
-7.63478	1.44527
-6.34008	4.28206
-6.89904	0.737054
-5.65283	1.13805
-8.31721	1.64177
-6.34959	3.35341
-5.67017	0.73326
-7.32694	2.97687
-6.88182	2.83796
-6.66776	4.1438
-6.67345	3.44933
-6.58582	0.50503
-6.01104	0.879351
-6.33982	1.02919
-5.61061	1.95919
-7.95385	1.5614
-6.27262	2.6561
-5.41971	2.74627
-6.1791	1.79033
-6.38	1.28135
-7.73914	3.0309
-5.78364	0.680775
-5.65995	1.71692
-7.72489	0.558057
-6.94695	3.176
-6.51132	2.70777
-8.68954	1.43125
-7.98839	2.81107
-7.87079	2.38465
-6.28507	2.48796
-7.93395	1.60591
-8.42321	0.843585
-7.03048	1.04781
-7.90402	2.1098
-7.97605	2.16644
-4.37986	0.30563
-7.50389	2.16846
-6.67873	2.27866
-7.97306	1.49695
-5.72258	1.87125
-8.8123	0.824806
-6.61772	1.93387
-6.72846	0.153852
-7.06433	2.40815
-6.54772	0.578651
-4.35578	-0.125035
-6.55616	2.91818
-8.90438	1.43475
-5.48746	3.23728
-5.66216	0.0454495
-6.70008	0.570334
-5.46037	0.275626
-8.1414	0.909009
-8.25395	2.51629
-7.62634	4.16691
-7.97664	1.76335
-7.97332	3.38879
-5.99689	3.56623
-7.41606	3.11923
-6.62479	2.58217
-7.56194	1.31271
-4.55339	2.65574
-7.37638	1.50895
-8.28567	2.50365
-7.82935	4.11886
-6.87193	2.38895
-6.90395	0.422798
-6.46289	2.48135
-6.87517	2.94047
-7.66037	1.26389
-8.13911	3.08927
-6.70799	4.38493
-6.98715	3.91962
-6.4247	1.19472
-6.19509	1.79633
-6.58505	2.15077
-7.96423	1.56971
-5.27627	1.02803
-6.22712	1.07924
-6.96739	2.35847
-6.44842	0.585106
-8.64054	3.48237
-8.06473	2.23178
-8.42989	1.00673
-6.5318	3.86542
-6.43899	2.95398
-6.40162	0.954946
-8.00997	2.07058
-6.29543	2.23014
-8.32738	2.57655
-7.95249	1.58015
-7.64821	1.53683
-7.57504	1.42112
-8.38141	2.01912
0.837077	-3.04304
-8.42818	6.1612
-8.31638	0.267453
-2.44037	4.06524
-7.28949	0.771659
-8.05356	1.7412
-8.15486	1.10231
-5.65831	2.58087
-7.45098	-0.00369636
-7.84789	1.68044
-6.05946	0.940179
-6.49752	1.02784
-8.46309	2.73713
-5.61097	0.192691
-4.28799	2.32851
-7.81847	1.80916
-8.99651	2.33118
-6.99141	3.50658
-7.96923	0.341854
-5.73645	1.62629
-8.495	0.448336
-8.63381	2.14475
-6.06137	2.87716
-7.09088	2.04782
-7.03863	2.24814
-7.09953	0.618646
-8.34841	1.44838
-7.68485	1.52912
-7.58408	2.42917
-6.40288	3.33954
-7.29324	2.107
-7.40076	0.841552
-7.20397	4.36789
-6.81885	0.118377
-7.47034	2.08062
-5.4886	0.629151
-7.95601	1.85685
-6.04048	3.32278
-7.52461	1.14992
-7.57098	1.74511
-7.65158	2.51055
-7.08424	2.12683
-6.72962	2.49132
-7.02489	3.23022
-7.12246	2.60506
-7.40046	1.99866
-6.42761	2.72018
-6.06565	3.33966
-5.51365	1.65355
-5.37831	1.66754
-8.38227	4.10307
-8.05168	2.17625
-8.54075	2.57665
-8.38131	1.54679
-7.07593	-0.0212033
-8.0839	3.08575
-7.26597	1.54206
-6.57245	1.80649
-5.85668	0.409244
-7.04984	2.45094
-7.32451	2.96264
-6.22067	3.98561
-7.3265	0.624141
-8.55872	2.41604
-8.89727	2.43673
-8.68821	4.52958
-6.86435	0.746424
-6.26229	2.4319
-6.2542	1.02574
-7.83759	1.07114
-7.17747	1.84141
-7.67068	2.55598
-6.35608	2.00546
-7.58775	0.671713
3.25255	-5.92667
-6.4952	2.62839
-8.6628	4.09338
-5.28614	3.17628
-6.40153	2.08943
-6.11146	-0.0730726
-5.79009	1.41706
-6.82633	1.17294
-7.63248	1.55273
-6.73533	1.75911
-7.74257	2.09295
-8.18749	1.84956
-4.32298	3.62971
-5.81703	2.82103
-6.36081	1.41827
-4.39941	3.36108
-4.99727	1.88856
-4.95361	0.88318
-6.13241	2.30582
-7.75983	0.99259
-7.39144	2.33849
-6.49226	3.87294
-7.5098	2.56331
-7.09669	2.48556
-8.41853	1.62728
-6.53189	2.2477
-8.90993	2.56715
-6.23032	0.0967043
-8.09929	3.05942
-6.75065	0.140539
-5.33226	2.62458
-5.28421	1.95313
-8.8119	1.50781
-6.1564	0.721638
-6.05443	2.40513
-7.56107	2.36703
-7.30739	1.12446
-6.74181	3.06614
-6.90416	1.8818
-6.44458	1.38242
-8.26966	2.97001
-8.92657	2.40027
-6.04568	1.93312
-7.4136	2.03144
-7.134	3.70235
-7.44173	2.88443
-7.89022	2.86281
-8.42053	2.23971
-6.0337	1.85984
-8.08532	0.829074
-7.5531	1.52658
-7.25524	2.13524
-7.54114	2.87694
-6.11007	0.322084
-6.64788	2.81816
-6.78923	1.17667
-6.86028	1.26294
-7.35637	3.86257
-6.56795	4.0039
-6.96008	1.87597
-6.10008	1.73702
-8.12801	1.54193
-5.93602	0.767332
-8.90755	3.03965
-6.84706	0.0889253
-7.5237	1.36667
-7.99803	3.0566
-6.18659	1.02318
-6.36756	1.25833
-5.96744	2.57087
-8.26078	1.94671
-7.25154	2.33193
-7.61157	2.73013
-6.53415	2.83289
-8.83727	0.806186
-8.05809	1.29886
-7.00918	2.63555
-8.44781	3.15096
-8.76262	-0.143759
-5.815	0.72877
-7.14756	1.55499
-7.63424	1.9601
-8.52309	1.36157
-6.3066	1.1395
-6.669	1.78605
-7.56067	2.98151
-6.93205	1.79952
-8.01512	3.00451
-8.63222	0.631571
-7.28594	1.75344
-6.26945	2.96109
-7.28817	0.774936
-1.42479	0.477963
-7.85436	2.51718
-7.29131	-0.116749
-5.47486	0.206314
-6.96734	1.93638
-8.69393	4.18038
-8.07913	0.649134
-8.48039	2.47639
-5.12955	1.09172
-7.83393	2.32123
-7.1735	3.37979
-7.04203	1.91791
-7.32703	2.85729
-8.73749	2.30868
-8.81036	0.377937
-6.28164	2.24031
-8.21669	0.43293
-7.60933	0.265979
-8.38172	2.82864
-6.88443	2.85175
-6.77352	2.82479
-6.95981	1.38624
-6.56144	0.913702
-5.59352	2.71515
-6.71083	0.495118
-8.79316	3.19576
-8.70652	1.81525
-7.91566	4.31236
-6.2204	0.086005
-7.48515	-0.016872
-3.29867	4.32673
-8.9889	4.39543
-6.08901	2.98231
-7.1334	1.14767
-8.53107	2.84113
-6.49863	1.20927
-8.2435	2.0489
-2.16869	8.52473
-7.72677	1.58461
-7.69237	2.80322
-6.38641	1.05083
-6.59326	1.41411
-6.32644	3.16074
-6.74253	2.66678
-8.48013	0.549716
-8.06668	3.77191
-7.61146	2.88511
-8.56997	3.83926
-4.75594	0.891582
-7.42863	1.86396
-7.58866	0.922379
-7.3596	2.20426
-7.46688	3.21111
-7.07629	0.0962229
-5.59312	-0.121783
-6.23387	0.254173
-6.63705	1.80679
-7.54908	2.79638
-5.0253	2.41708
-7.87362	2.3734
-6.53572	1.45795
-6.82805	3.74944
-7.57749	1.16936
-4.88922	1.29529
-8.03744	2.1135
-6.67017	1.97087
-7.20367	1.08411
-7.97056	2.35994
-5.52561	1.82232
-7.61986	0.389398
-8.16125	1.91811
-8.57923	0.654144
-8.53725	2.33926
-7.73456	1.95296
-8.30697	0.423153
-7.58551	1.22194
-6.83486	1.84264
-6.41964	2.40602
-3.89212	-0.0862401
-6.4278	2.007
-7.90711	2.67758
-6.88433	0.351946
-4.72626	-2.19235
-8.29921	2.69494
-7.0041	2.53703
3.6033	8.5422
-6.80521	1.36795
-6.55234	2.61471
-2.49539	-2.74262
-7.28877	2.84838
-8.03298	0.828237
-6.52568	1.57295
-4.36496	-6.72098
-7.79006	0.622915
-7.05889	2.03535
-6.46861	2.35151
-8.46653	2.69437
-6.60294	0.372817
-7.37369	2.93656
-7.84284	1.15217
-5.50232	2.32065
-8.20265	2.00529
-8.25736	2.60544
-5.12068	-0.912413
-4.14062	1.67922
-6.15159	0.665318
-8.51014	1.71433
-8.51629	2.65592
-7.17644	1.40319
-8.8576	1.46378
-8.6495	1.77675
-7.85307	2.83976
-8.77059	0.972899
-6.64542	1.94298
-8.94921	1.51829
-8.77689	0.99363
-6.10768	1.39521
-6.5908	0.965463
-7.35543	3.85915
-8.10616	3.07241
-5.27177	3.10472
-5.92269	1.17645
-7.06251	0.371001
-8.60981	2.54892
-6.62339	0.702595
-8.87102	1.54152
-7.23843	2.00119
-6.67602	0.343595
-6.71616	0.745907
-8.00845	1.97147
-8.47495	1.74513
-6.80733	2.39049
-6.43285	4.85231
-8.85837	2.73149
-6.45418	1.14543
-6.94046	3.90166
-6.66326	3.24884
-7.39304	2.75074
-8.38555	2.12979
-7.88683	0.154027
-7.4228	1.28077
-7.03552	1.06686
-6.99391	0.0929359
-6.64554	1.25665
-6.32883	1.52282
-8.0514	2.22213
-6.65543	0.571971
-6.85573	2.08598
-5.16506	1.08669
-8.47032	0.869906
-5.50491	2.58932
-8.23268	2.16061
-6.52474	0.182582
-6.38157	1.17352
-6.91663	3.32076
-5.80407	2.23868
-8.28169	2.23828
-6.11975	1.93502
-7.77066	0.011978
-8.11653	0.612356
-5.497	2.35874
-5.94128	1.24077
-7.85054	0.66456
-8.73809	2.67225
-7.3998	1.93306
-7.74317	1.00822
-6.35447	3.2617
-6.07711	2.08434
-8.232	2.29717
-5.05903	0.372917
-6.09163	0.693027
-7.19154	3.09257
-5.78	3.59883
-6.01476	2.34022
-6.41559	2.78493
-7.82804	0.974533
-3.92917	3.35932
-6.63599	1.56589
-7.54473	1.98596
-6.12294	2.54264
-7.77419	2.42828
-8.28363	1.18524
-6.61289	2.74618
-7.94756	0.0839054
-4.49112	1.07115
-0.806487	4.77979
-7.65705	2.63225
-6.21913	2.46154
-7.72813	2.53847
-6.28161	1.25026
-3.89418	2.74731
-5.33298	1.4884
-4.94286	1.35954
-6.77955	1.67089
-4.9814	3.51018
-7.24157	0.944837
-5.32459	2.33744
-6.49427	1.35903
-6.27079	-0.0210615
-7.7147	2.21563
-3.91057	-0.0555144
-7.26739	2.56811
-8.45131	1.4923
-6.10915	1.10929
-6.9749	0.731834
-7.69268	1.61991
-7.80248	1.0798
-6.92376	1.918
-8.78139	1.46023
-5.4885	3.81132
-7.53053	1.00957
-6.38688	1.08481
-6.71592	4.50094
-7.60845	1.25821
-6.37299	0.420602
-7.23378	1.39846
-7.80075	3.06186
-6.49988	2.56771
-4.4361	1.94
-8.32923	1.24002
-4.81711	2.15415
-8.10058	1.2406
-6.82394	4.02864
-7.24425	1.19573
-8.37478	1.90043
-6.74175	3.85396
-7.41377	3.79829
-5.72499	2.02836
-7.41165	2.13282
-5.67491	2.42038
-7.80891	3.83284
-6.51729	2.20559
-6.30088	1.30211
-8.26873	0.264541
-8.27216	0.236134
-7.00229	3.31773
-6.70899	0.336441
-8.67366	-0.00524113
-7.3518	1.02115
-7.28728	1.17641
-7.36902	0.753138
-7.99378	1.83751
-8.75219	2.80033
-8.75354	1.42303
-5.24936	1.68524
-6.90682	2.833
-8.44379	0.610546
-5.43931	1.29514
-7.91326	2.55514
-6.18362	0.433017
-8.63229	1.44385
-7.47858	1.72032
-6.8495	1.62439
-7.13489	1.78443
-5.05255	0.347704
-6.04181	3.61898
-7.3514	0.995104
-6.43402	4.41925
-6.78441	2.87514
-8.53304	1.24812
-5.7156	2.28872
-7.31871	3.16157
-6.47068	2.64414
-7.1877	2.23662
-3.05457	-5.60246
-6.40163	1.8318
-6.48397	1.04224
-4.48598	1.98007
-7.52952	3.40179
-6.83108	1.70237
-6.28793	0.221343
-8.77991	1.38118
-7.5127	2.44109
-6.18496	2.38639
-7.44629	4.19967
-7.25036	1.88516
-7.50407	3.27706
-6.99926	0.096378
-7.03366	2.2476
-6.87731	2.64169
-7.77279	2.64447
-6.7826	2.03823
-4.91174	2.55625
-5.41901	0.774259
-5.50003	1.32384
-5.89888	2.10637
-7.35592	-0.156712
-6.94924	0.978675
-8.16638	2.2351
-7.87795	1.58871
-7.4989	1.60495
-6.701	3.00171
-8.60965	3.63473
-7.55651	1.72287
-7.34548	2.3435
-6.75905	2.7597
-7.72081	1.86656
-6.26411	0.65121
-6.57374	2.13008
-6.6113	1.18101
-1.98115	-0.712526
-8.62631	1.56618
-6.89078	0.35136
-5.95217	0.211058
-8.81749	2.05314
-7.12883	3.10535
-4.67232	1.57456
-8.20969	2.42022
-8.45471	3.93683
-7.72461	0.477094
-8.625	1.74593
-5.57251	1.44193
-7.81448	1.80699
-8.29415	1.76647
-6.36606	3.47118
-7.24657	3.69589
-4.73596	-0.215444
-7.64266	3.9853
-6.88448	0.594528
-6.04683	2.40956
-6.30794	1.23636
-6.50097	0.19698
-3.47566	2.12683
-5.69951	3.32106
-8.87961	1.07089
-7.8269	1.9894
-8.16027	1.35051
-5.60688	2.14011
-6.86968	1.80682
-6.16287	2.78583
-6.12251	2.8667
-4.18179	1.61764
-7.23463	5.30711
-7.13184	2.41322
-6.49865	1.57346
-7.6488	2.41478
-6.63707	1.88255
-8.64001	2.21455
-7.55426	2.76299
-6.86415	1.29001
3.35077	-14.546
-7.96216	0.960265
-6.43643	1.87151
-6.9879	1.22126
-3.84514	-5.50276
-5.69931	2.29409
-6.47881	1.97086
-5.42803	0.986336
-6.71245	0.890872
-6.00659	4.0324
-8.46547	2.22695
-8.76426	2.16026
-7.2684	2.6553
-7.19694	3.79309
-5.62016	2.27198
-6.69879	3.28718
-7.44318	1.63175
-7.21309	2.7642
-7.61877	2.65103
-8.04426	2.46965
-7.60886	2.07338
-8.35381	0.340557
-6.64577	3.95633
-5.89308	-0.502257
-7.61425	2.05653
-8.18172	2.16003
-5.82383	1.02271
-6.70734	1.86642
-5.77232	0.777641
-7.44199	4.27671
-9.00024	2.95249
-6.25356	1.72274
-4.64934	4.14315
-5.72978	-0.223628
-6.30752	0.574534
-7.58885	0.710245
-6.94424	1.16972
-7.35922	2.14323
-7.92131	3.56574
-6.90991	-0.135791
-6.10532	0.502046
-6.2651	1.41771
-6.54357	2.35513
-7.25722	2.84364
-7.5094	2.59478
-6.51924	4.7441
-6.71393	1.41821
-4.89055	0.94612
-7.80634	3.06203
-5.71495	4.09031
-7.66448	1.74215
-7.22521	1.13412
-6.57158	2.54424
-7.82467	2.6368
-6.09768	1.96917
6.49818	-3.71325
-6.15779	1.69442
-6.84088	0.690191
-6.47088	4.66024
-7.58629	2.23014
-5.77232	2.59718
-6.84388	0.279639
-6.18709	1.09658
-8.73276	2.38722
-8.05977	2.59074
-7.76209	3.97707
-5.74533	2.0875
-8.77281	2.75446
-7.69578	3.10108
-6.73904	1.47031
-5.72566	2.58134
-7.17222	1.70012
-5.555	2.23516
-7.19983	3.19979
-9.00045	3.08584
-8.64889	1.80657
-8.69535	2.99905
-7.31047	2.43414
-7.01672	3.38918
-7.80989	2.86933
-7.75781	0.998172
-7.93323	1.68592
-6.96578	0.503759
-5.09829	3.51668
-8.40123	0.777723
-7.15712	1.12754
-6.68558	2.4038
-8.69972	1.22164
-6.06779	1.4071
-7.42915	0.266868
-5.93803	2.17956
-6.38375	0.350187
-7.70034	2.4513
-7.56541	1.22693
-6.71916	1.58349
-6.18068	0.454405
-6.98925	1.58661
-6.79175	0.552842
-7.51059	2.13681
-5.68391	1.306
-8.78034	2.73307
-7.09508	1.53085
-6.35658	0.788588
-7.97058	2.6494
-7.17942	0.671425
-6.61921	1.87786
-6.62695	2.83621
-6.38664	1.14126
-7.07738	3.44892
-8.05571	3.35658
-7.02604	0.569789
-7.42239	3.40626
-7.00813	2.13871
-6.32115	0.0739783
-7.64557	3.377
-8.43603	1.4756
-8.38671	1.55245
-8.67753	4.68468
-7.71814	1.25861
-8.0449	1.21227
-8.0974	-0.0155437
-7.33015	1.59304
-8.49968	1.3263
-7.45695	2.77273
-6.18186	0.875071
-8.22032	3.66446
-6.78929	3.2015
-6.13268	2.05911
-8.1441	1.3406
-4.66211	1.89001
-6.82541	0.381206
-6.47577	1.63121
-5.80037	2.03448
-8.1393	0.467155
-4.86217	-0.0339098
-5.64535	1.65201
-5.28301	0.857898
-7.09093	1.54221
-6.12792	2.25149
-5.19054	-0.633555
-6.63105	1.14216
-7.61618	2.46853
-6.35371	1.72291
-4.6846	3.48314
-6.1007	1.19856
-6.66438	1.1275
-6.22027	1.64954
-7.44673	2.04793
-6.63895	1.81651
-7.13599	0.441838
-8.76394	0.39087
-7.61464	0.56438
-6.14644	3.93974
-6.57157	2.2971
-8.29868	1.67019
-8.24741	0.972896
-7.64391	2.03195
-8.55592	0.97196
-8.01926	1.90328
-7.1905	0.668969
-6.39642	1.41457
-8.334	2.53329
-7.95345	1.22261
-7.72138	2.63667
-5.99464	1.86384
-6.73297	2.10739
-4.78131	2.58209
-8.24187	3.36873
-6.01534	1.86962
-7.22971	3.76249
-6.37408	1.53585
2.18798	2.97067
-8.03545	2.79929
-6.42729	2.88414
-8.56577	0.529067
-7.65838	2.76099
-4.69002	2.75714
-7.56185	2.06829
-6.25696	2.66854
-6.72969	0.576544
-7.52924	0.975505
-5.21229	3.31477
-8.91837	2.50804
-7.81353	2.3593
-6.68725	2.72258
-7.00755	0.170345
-6.30167	2.77093
-7.3477	1.40486
-6.544	1.19235
-7.62138	2.65445
-5.39516	1.07315
-6.26926	0.976842
-4.18043	3.36049
-7.31569	0.534582
-7.46083	0.351397
-6.36155	2.68737
-8.70818	4.35736
-4.36368	8.28822
-6.95199	1.15009
-8.13134	1.7503
-8.74352	2.20495
-5.15608	6.66224
-5.71318	1.67236
-7.63534	0.676064
-6.16083	1.75553
-8.22503	2.07397
-6.61223	2.32314
-8.20836	2.48386
-7.12728	1.2913
-6.15075	2.90653
-7.30625	1.51837
-6.6208	2.03362
-4.70663	0.242063
-8.72689	2.53341
-6.93428	1.48902
-5.46801	4.47783
-5.9841	3.09131
-8.54328	2.3938
-9.11425	3.29956
-7.39242	2.86673
-5.80858	2.25792
-8.43738	1.2234
-6.01367	1.75816
-5.86702	3.10549
-4.8578	2.79125
-4.04289	0.0496331
-5.21957	2.67979
-5.40749	1.09186
-5.9815	3.30589
-6.25763	2.05732
-4.25009	0.553029
-7.27133	3.40904
-6.41583	2.1596
-7.56937	2.87947
-7.13788	1.61875
-7.9636	4.27913
-8.54193	1.13017
-5.21869	1.59524
-7.06038	2.64231
-7.09145	1.71185
-6.17752	3.04006
-6.70295	0.775631
-7.55402	1.46513
-5.08515	1.03672
-8.95302	4.75256
-8.36129	1.55887
-6.29283	2.63469
-6.02975	-0.0888855
-6.62974	3.06379
-8.19216	0.770478
-8.31357	2.00527
4.82337	1.10583
-6.72224	5.76387
-7.47555	2.19399
-7.3488	0.875512
-7.40565	0.579001
-8.11146	1.49982
-7.24448	2.24781
-7.24683	3.93418
-6.48517	2.57439
-9.20668	1.16549
-7.73667	2.90173
-8.04792	0.989151
-6.82082	1.28598
-6.31441	3.08551
-8.1569	1.97546
-5.94464	2.02208
-8.96106	1.923
-8.11374	1.88623
-7.64597	3.19847
-6.47319	0.513251
-5.37774	1.20282
-5.20524	3.12813
-7.76549	6.6989
-5.41598	3.41332
-6.2494	0.938939
-8.36108	0.71511
-6.71465	0.553212
-7.00812	1.34399
-7.80314	-0.0203019
-7.64355	1.10031
-8.41856	3.2694
-8.89775	3.17268
-6.35823	0.124532
-8.99237	1.68039
-5.94658	-0.0815493
-7.05932	2.31253
-6.62478	1.53964
-7.60916	4.66437
-5.05283	1.41816
-8.67845	2.50115
-6.27929	0.725659
-8.38393	1.51929
-6.35659	1.64577
-6.9624	1.70346
-8.06985	2.75148
-7.39638	1.00612
-5.23113	0.676555
-7.52543	2.37846
-7.26058	3.68174
-6.7096	2.14943
-5.30806	3.51724
-6.84446	2.78945
-5.65207	-0.481317
-8.99274	2.15337
-6.47198	1.44647
-6.10361	1.29629
-8.27473	0.497148
-5.34267	3.54053
-8.17139	3.77679
-5.85315	2.0231
-8.50544	1.30178
-6.81115	1.88834
-6.68959	4.60007
-6.9545	1.97291
-8.70697	2.61911
0.0879761	0.803734
-6.16774	2.18256
-7.89291	0.34152
-6.65454	1.52436
-7.00957	1.86395
-7.76299	4.01142
-7.05895	1.68963
-6.51336	2.69446
-6.17838	2.7813
-7.92643	1.22695
-6.92369	1.74043
-5.83386	1.08386
-6.97669	0.394228
-6.93072	0.842459
-7.48649	3.98537
-7.78678	-0.139295
-8.72508	2.92989
-6.89393	1.41545
-7.84788	2.0298
-5.50529	3.70958
-8.71182	2.06442
-8.1073	0.262673
-6.24391	2.72336
-7.23259	2.50261
-8.30263	2.66166
-6.12856	0.821048
-9.03338	2.51283
-7.04108	3.54821
-6.37227	0.672571
-6.24315	0.987743
-4.97263	2.3119
-7.54909	2.33731
-8.11996	1.67874
-7.83662	3.97824
-8.06505	0.31111
-8.98276	2.76143
-5.35454	2.78008
-7.86494	1.56715
-8.74336	0.125398
-7.19206	3.41422
-7.3585	3.27074
-8.36134	2.93186
-8.52567	1.65677
-6.02482	1.97342
-5.98081	0.591083
-5.80096	3.85309
-7.33777	0.632527
-8.96152	2.04344
-6.56382	2.51093
-5.9832	3.71805
-6.96672	0.457913
-8.44527	3.58293
-5.43754	1.81144
-6.91779	2.85
-5.6158	1.39685
-7.41885	3.64623
-7.93047	3.53334
-6.20927	0.464558
-8.19569	2.54177
-6.55211	2.21662
-8.18146	0.747165
-7.28872	0.638619
-7.75136	1.67772
-8.35147	1.01198
-8.15404	4.73347
-5.82151	3.17596
-7.58103	1.35879
-6.73551	0.448187
-7.3052	2.57856
-8.82223	1.80227
-5.04343	0.321657
-7.63842	2.07236
-6.96254	0.766272
-6.37263	1.39975
-5.02116	2.0862
-5.91864	-0.139558
-6.7437	1.19781
-7.52495	3.18453
-6.97718	0.299364
-6.43161	2.86017
-7.50718	3.26073
-7.05481	1.42487
-8.91996	0.0660849
-7.9896	1.31635
-6.92862	2.25406
-2.82742	2.27604
-6.16789	1.14065
-8.43982	0.165059
-6.42223	0.314636
-6.49497	0.275465
-7.24856	1.08303
0.143122	5.6083
-1.02656	6.36751
-6.17897	1.2254
-7.63125	-0.0275348
-7.96992	1.13114
-8.69433	1.58971
-7.25587	0.311349
-6.90766	0.8856
-9.05033	0.980886
-8.40327	1.76231
-6.4292	2.23061
-6.46849	2.34159
-5.74645	-0.0793585
-8.62968	0.933152
-8.05831	1.62757
-6.94625	0.421168
-8.00963	1.86303
-6.22997	2.46494
-7.80463	2.15273
-6.1525	1.94308
-8.54046	2.3702
-5.24725	2.41774
-6.82597	0.172005
-7.8725	1.82702
-7.61905	1.9055
-6.19043	2.16229
-7.46271	2.08802
-5.42234	3.41022
-8.40638	0.0865544
-7.4053	4.67221
-5.38223	1.79697
-6.08978	2.30592
-8.61711	1.24691
-7.23625	2.0646
-5.51806	1.51905
-6.29077	2.99975
-7.00027	2.85113
-8.13374	0.693469
-8.35255	2.17398
-7.99077	2.00981
-8.13509	0.909984
-5.1688	2.1803
-8.40006	2.03733
-8.14219	2.02619
-7.73423	0.895403
-8.36439	3.43923
-7.11227	3.09762
-7.83749	0.986138
-5.97598	3.2167
-5.58915	-0.876549
-7.71858	1.74974
-6.28657	0.0345169
-8.56987	2.13488
-7.498	1.68243
-5.02128	6.55992
-7.42262	1.88255
-5.88414	1.4128
-5.94376	2.11177
-7.95223	0.326295
-6.99003	3.92779
-6.68344	1.70199
-7.33524	0.222346
-8.2475	3.26523
-6.63134	3.93925
-6.18944	2.64538
-6.66353	3.12674
-6.59516	1.72818
-6.73532	1.79875
-5.1201	2.32927
-6.5192	5.19625
-6.65172	2.05018
-8.4277	2.17949
-6.66518	3.01147
-5.42907	1.59273
-8.12742	3.51525
-5.30683	-0.323369
-7.1118	1.59906
-7.51128	4.0986
-8.60021	0.252147
-7.28068	3.2568
-6.72586	2.11098
-6.87769	2.2038
-8.94264	0.790644
-6.73728	2.81241
-6.88733	4.14262
-6.87805	1.08924
-6.57744	0.477562
-6.70771	4.06562
-8.27838	1.33242
-6.64894	3.85526
-8.24946	2.5202
-7.8941	2.24957
-6.75767	0.58741
-5.53798	3.88856
-7.49165	1.59767
-6.93331	4.75759
-5.07329	-0.45689
-6.40376	2.00956
-6.64648	1.58382
-6.38585	3.59439
-6.1779	2.88902
-7.98896	3.64309
-6.15471	1.19106
-8.39211	2.32931
-6.58869	2.33192
-6.24798	2.17116
-6.73144	2.4178
-9.08881	1.23235
-5.89788	0.833272
-7.57711	2.99684
-6.3426	1.20098
-6.14692	0.869056
-7.1777	3.8223
-8.68996	1.23392
-6.52869	0.879737
-6.33484	0.0489268
-5.97674	2.53797
-8.40524	2.64603
-8.03345	0.248349
-6.6146	1.42737
-5.01075	1.93403
-9.07895	0.986829
-6.94486	1.4536
-6.43112	0.868662
-6.01321	2.44962
-7.43578	2.38718
-8.04056	2.36287
-6.7499	0.608864
-6.3129	1.08988
-6.0303	2.27895
-6.26369	6.58219
-8.25381	1.22853
-5.50405	-0.727659
-5.89125	2.10256
-7.64628	3.63563
-6.02157	4.05147
-6.52629	2.82296
-5.77362	2.88369
-7.29432	2.94401
-7.48385	1.31471
-8.91384	0.880483
-6.34621	1.28125
-7.35404	1.5103
-7.71147	2.58603
-6.09952	2.39158
-5.53014	3.78132
-5.57186	-0.025422
-8.11	3.16208
-8.67646	1.86641
-5.99075	2.85756
-7.96697	0.677651
-6.79754	2.0205
-7.66923	2.83018
-8.23393	2.98646
-7.75954	1.36111
-6.78929	1.37001
-7.36901	1.76067
-7.29507	0.485397
-8.33356	4.14218
-8.30669	2.69581
-7.39244	0.904168
-7.16121	2.60299
-8.32353	2.74448
-7.14293	1.58956
-7.36501	2.4087
-7.79958	3.13775
-5.55792	2.07496
-7.3427	0.401049
-6.33414	1.85306
-6.7821	2.28125
-8.71562	0.982336
-6.66822	0.0500214
-6.52179	0.707981
-7.00257	1.57829
-7.92524	1.81827
-7.20945	1.43866
-5.78921	3.09002
-6.30319	0.735036
-6.39406	2.72196
-5.83893	1.82196
-7.39846	0.872726
-7.2553	1.67753
-5.44174	1.76205
-6.38554	2.80739
-7.24258	0.173663
-6.88308	1.56444
-6.98331	1.38736
-7.26003	2.23349
-6.83692	2.43229
-6.66707	0.0868787
-7.07808	1.63555
-6.07751	1.38306
-7.87642	1.07301
-7.38881	1.82822
-5.15301	-1.22487
-6.5274	0.736714
-5.49684	3.48101
-6.37242	2.26663
-6.5006	2.16297
-7.84166	1.16006
-6.96525	3.9811
-5.74621	0.650443
-6.20357	1.06677
-6.70157	0.899015
-8.69902	2.0082
-7.88406	1.16179
-7.55268	0.379403
-7.76922	1.90415
-5.57576	0.560689
-7.76378	1.21349
-8.07892	1.03601
-8.30273	1.58408
-9.08867	0.838466
-6.59997	1.12268
-5.56584	2.00107
-5.20639	3.41837
-6.09063	1.80324
-7.55264	3.44539
-7.66011	0.752078
-7.00625	0.503006
-7.91495	1.73696
-7.16878	1.62995
-6.84714	-0.271147
-6.27558	2.81603
-7.50786	1.73382
-7.74846	1.1097
-6.25906	0.52359
-6.64441	2.70745
-5.94275	1.79718
-5.2064	0.456462
-8.03507	1.75605
-6.88792	1.9617
-8.57024	3.28098
-8.50918	2.07218
-7.48623	0.672898
-6.82503	4.06998
-6.41381	4.83807
-6.10327	2.42289
-6.51721	2.18248
-7.50307	2.62585
-7.58222	5.66797
-7.9413	3.34294
-4.23827	2.98394
-8.01129	0.36355
-7.86168	1.9951
-6.63411	0.2538
-4.39968	3.27081
-7.27018	0.492095
-8.28049	2.62594
-7.42781	3.34893
-6.76421	2.13208
-5.38754	1.02657
-5.91837	0.546927
-4.96024	0.800665
-6.11089	2.17749
-7.84755	0.589263
-8.77302	1.97633
-7.19561	1.72456
-6.90922	2.55793
-6.6746	1.13148
-6.31004	0.016862
-6.50555	2.03346
-7.44446	3.26352
-8.51868	2.87649
-8.07303	1.02337
-6.74917	2.25669
-7.2542	3.33578
-6.94347	1.29703
-4.6536	1.47017
-6.00369	3.0575
-6.25537	2.18537
-7.96746	1.35873
-8.65915	2.78678
-6.39864	2.68264
-5.47211	2.75617
-5.66485	0.641509
-5.15367	0.859127
-5.74094	1.51394
-7.44445	2.22822
-6.00801	1.7825
-6.38596	0.374206
-7.23901	0.538808
-5.53009	1.28136
-8.1539	3.51447
-5.61632	1.55718
-7.9118	2.5099
-6.23077	0.919756
-8.16395	3.43962
-5.5036	1.16672
-7.44953	1.07966
-7.387	1.06061
-6.23525	1.26641
-6.97279	0.882292
-8.65304	3.27145
-7.49426	0.466031
-4.84012	3.14052
-7.5382	2.87753
-4.65678	0.378813
-4.35479	1.86458
-5.89685	3.07348
-7.78782	2.03849
-7.24147	0.529865
-7.07144	2.20085
-5.97349	1.1567
-6.4691	2.31154
-5.20347	2.91863
-8.87392	0.0735037
-7.52902	2.56965
-7.27125	2.17615
-6.3491	0.832624
-6.33118	1.75313
-5.85535	0.89259
-7.84625	2.30492
-6.40503	2.51055
-7.90615	0.420683
-7.82466	3.33931
-7.73529	1.89971
-7.85597	2.95069
-8.02872	3.8559
-7.85219	3.08193
-6.61343	1.77864
-7.44323	2.59766
-9.2234	1.54305
-6.56399	0.674934
-5.42733	-0.463322
-6.91272	3.01032
-7.80827	0.586312
-7.07246	3.00556
-6.07837	2.60946
-6.94568	0.558731
-5.54823	2.43366
-8.97004	2.30211
-6.72794	-0.109896
-6.87191	2.6946
-8.70964	1.91998
-8.86972	2.39913
-6.18985	0.668327
-6.38592	1.36332
-6.58548	1.94367
-6.08079	1.35072
-7.05397	2.17415
-6.19807	2.18813
-8.29126	2.39234
-7.02927	0.972747
-5.52009	1.9683
-6.41263	3.07892
-6.84399	0.549759
-6.52594	3.08461
-6.21718	2.58224
-7.49982	0.673724
-6.68055	0.456672
-5.0909	3.11237
-7.20196	4.08629
-6.9133	1.95519
-6.61063	2.3181
-7.99386	1.17286
-4.84442	3.8472
-7.00273	0.844415
-6.77746	0.616755
-6.7058	2.79756
-8.23639	1.10592
-6.8865	2.43179
-8.65243	1.27072
-8.77677	3.49789
-8.47388	1.06829
-7.62771	1.72968
-6.08331	1.23959
-5.27649	3.59233
-6.42935	2.78643
-5.8724	2.47277
-6.248	2.21801
-7.50324	2.80175
-5.99325	1.01043
-6.71878	3.27826
-8.29069	1.17467
-8.07004	1.44128
-5.9178	-0.363941
-6.1247	1.1179
-6.68976	0.990524
-5.99747	-1.12908
-8.08533	2.27463
-7.02344	2.54261
-6.37922	2.67785
-7.29596	3.09729
-6.829	3.82711
-8.19968	3.261
-5.44821	1.68439
-6.66559	2.05312
-7.19869	0.797066
-4.57921	1.33131
-7.12643	1.94755
-4.86558	0.16446
-2.8252	-0.0329681
-6.16454	0.322648
-5.67056	3.37914
-7.65524	1.81233
-8.95433	3.52983
-8.99406	2.35301
-5.82868	0.669846
-6.86488	0.564617
-7.29416	3.59452
-6.11953	0.592641
-6.07465	1.69709
-8.25735	1.89547
-6.98234	2.16991
0.286389	3.0609
-7.70411	0.893629
-6.49947	1.48724
-8.0741	1.20725
-7.6047	2.66154
-7.10857	0.146646
-6.06566	2.94801
-6.99516	2.4254
-6.38104	1.05737
-9.0446	0.633965
-8.23122	-0.0520785
-4.89017	2.83742
-7.59235	1.01263
-8.04733	3.11333
-6.6886	1.37928
-8.82513	1.63064
-8.04086	1.77315
-5.5556	4.1914
-5.81929	3.19137
-8.63922	2.38072
-6.56125	2.47659
-8.30407	0.507004
-8.35945	0.0370372
-7.61101	2.40041
-7.57152	2.24107
-8.71244	0.545548
-5.98521	1.15712
-7.06243	1.99987
-6.12791	0.122388
-8.15675	2.7821
-6.03265	4.18304
-7.03299	3.38269
-6.35043	1.79029
-7.9476	2.12553
-6.67744	4.80315
-8.46549	2.13935
-6.98316	1.90985
-7.61382	0.449616
-7.22449	1.94424
-7.20218	0.936159
-5.94213	1.32225
0.886336	-2.63818
-6.19912	3.00261
-7.49398	-0.00819726
-5.91422	1.38421
-6.39317	1.17093
-6.40214	4.16613
-7.49308	1.16771
-6.92521	2.98065
-7.89222	3.21129
-6.68036	0.949391
-7.40205	4.25326
-8.62887	2.57363
-6.69593	2.25004
-5.88881	0.303659
-8.77218	6.85227
-6.08427	2.70812
-8.86019	3.85539
-5.71438	2.67182
-6.50787	1.86856
-8.31241	3.94414
-7.84283	2.66726
-6.40697	2.69875
-6.69232	1.89327
-5.70419	0.622145
-6.00826	1.15194
-7.48967	1.89094
-6.88943	0.564154
-8.58791	1.07408
-5.98037	1.90748
-6.4612	2.48752
-6.78075	2.48122
-7.21793	2.01825
-8.64799	2.25287
-8.26783	1.23426
-6.10024	2.71619
-7.39837	2.62504
-6.41852	2.61426
-8.8743	4.54968
-8.79894	0.887916
-7.93985	2.82839
-5.00122	2.6496
-2.75883	6.94253
-6.19676	3.39841
-8.10174	0.174741
-7.73993	1.366
-6.7496	1.4982
-6.87066	0.564969
-8.5506	0.181389
-7.32826	1.29336
-7.53232	2.8055
-5.0556	3.11393
-8.88979	2.58986
-6.922	3.22333
-6.5324	4.10001
-4.88876	-0.517102
-6.88496	1.18225
-8.36565	2.77624
-6.90231	1.98633
-8.76765	1.58299
-7.80126	3.00809
-6.1483	1.89845
-7.05905	2.03843
-3.89103	4.43295
-6.07559	0.272539
-5.66705	0.940631
-6.75501	3.61694
-6.34624	2.6298
-6.97982	2.7344
-8.46247	3.021
-5.09299	0.018072
-6.31257	1.47091
-2.66598	1.29283
-6.70089	2.54424
-7.28415	1.39008
-7.13699	0.164366
-4.59335	-0.58613
-5.84603	2.56584
-6.0839	2.50522
-8.08528	0.182298
-8.38924	2.1108
-4.94306	1.08283
-7.75851	0.596553
-8.34425	0.500534
-7.89597	1.95451
-9.14139	0.656749
-5.90297	1.62536
-4.08554	0.335798
-6.11837	4.13215
-4.82321	4.38978
-8.46835	2.50413
-7.38748	1.46638
-6.58995	1.41817
-6.24285	1.53592
-7.46498	2.57907
-5.48259	0.200129
-7.32357	3.14956
-7.73911	1.7617
-6.46779	1.39003
-7.3272	2.78907
-7.65922	4.76542
-6.29916	1.69462
-7.21329	3.00539
-7.15054	2.98018
-3.99739	1.45916
-5.87582	1.70511
-6.74258	0.696448
-6.57722	2.71452
-7.88949	0.635895
-5.19585	1.94281
-8.48498	2.22019
-9.0274	0.554312
-6.07653	1.57469
-6.99138	1.40671
-7.79092	0.00800575
-6.46423	3.14074
-5.98837	1.62409
-7.87628	3.67296
-7.32629	-0.070139
-5.16414	0.236939
-7.8943	2.65869
-6.25241	2.5348
-6.54902	2.05652
-6.78971	2.98517
-5.44522	1.41616
-6.1082	2.9621
-6.99695	2.48055
-7.97709	2.08494
-4.94023	-0.221783
-7.44492	0.246399
-8.70794	2.20238
-8.61472	0.349662
-8.14346	0.405725
-3.89008	0.639479
-2.82148	-3.84192
-6.3963	1.33906
-8.55813	1.32429
-6.45819	0.910484
-8.20551	-0.0240128
-8.69708	0.862198
-7.54764	0.538813
-7.80009	2.42437
-6.93256	2.50889
-7.44939	2.20112
-8.37452	2.58432
-7.23582	1.50241
-7.28895	2.31204
-8.1142	2.04064
-6.07544	2.7499
-9.05475	2.72074
-6.60557	1.07619
-8.16801	3.62329
-6.87337	2.50988
-6.31595	3.75945
-8.36392	1.11258
-3.99012	0.722561
-7.39726	1.79571
-7.51153	1.5073
-7.34885	0.409314
-6.11743	0.619331
-7.2903	3.37842
-6.45707	2.10315
-8.154	0.256752
-6.80496	1.01032
-7.41113	1.28648
-7.95043	1.29876
-8.1072	1.71852
-8.05084	0.0253537
-6.46136	3.72865
-8.37908	3.20491
-5.49311	1.78902
-6.83239	3.7618
-8.16361	0.696167
-5.5873	2.84972
-5.45867	-0.456232
-7.17792	1.29655
-8.68763	1.9879
-8.48193	1.99944
-2.05341	0.390188
-6.09682	3.48043
-5.70704	1.62566
-4.64188	0.766667
-7.6837	1.48016
-7.59449	0.4664
-6.53103	1.83564
-6.24068	3.05768
-7.9746	0.0321039
-9.0191	1.63321
-6.51669	1.88498
-8.87506	0.166674
-6.85771	0.308694
-6.34916	1.11368
-7.17472	2.65355
-5.72178	1.68921
-4.62539	0.403642
-5.37766	3.43548
-5.80556	2.44368
-8.50252	1.58469
-7.17724	2.90689
-5.71679	3.04521
-6.4441	2.29714
-6.01648	0.364512
-7.45183	5.02075
-4.66655	1.69357
-7.31128	2.63351
-4.91279	1.24604
-5.62653	0.83453
-7.81943	2.59794
-7.02083	2.81762
-7.94173	2.56993
-7.45771	1.03643
-7.18421	2.83028
-7.56584	0.795676
-4.35097	1.11678
-6.57722	3.65977
-9.0045	1.29177
-8.28012	0.295767
-7.85536	3.67984
-7.46469	1.39112
-7.25231	0.443386
-0.305476	-6.07949
-5.84227	1.75076
-6.5321	1.87295
-7.82948	3.1665
-7.62818	1.75767
-7.24286	0.252816
-6.02077	0.940297
2.32443	-2.99161
-6.22294	2.76656
-5.9155	0.351578
-8.29891	3.27236
-5.27043	0.506136
-8.47361	1.8698
-6.92884	2.8688
-7.30503	1.61052
-6.4975	1.29107
-6.71104	0.305496
-6.62524	3.32753
-6.81409	1.34261
-6.88175	2.70023
-7.34133	2.11672
-6.8273	2.90331
-8.02335	3.13825
-6.04981	1.47562
-7.24673	1.84173
-5.80242	0.292238
-6.81836	1.51878
-6.91744	2.7183
-7.38666	0.730646
-7.566	2.32899
-8.0638	1.06031
-8.4209	3.34625
-8.97123	1.67037
-8.4628	0.715032
-8.4491	2.97743
-6.09092	0.628564
-8.21062	2.40498
-7.77221	0.576412
-6.59551	0.839482
-6.55565	2.92428
-6.1592	1.50728
-4.58027	2.71369
-5.40216	3.4814
-7.87205	2.42374
-7.45461	2.55143
-6.22949	1.35151
-6.57175	3.16216
-6.16716	2.63874
-6.23514	3.11053
-8.48842	0.25573
-8.04351	1.52598
-5.07374	0.41005
-6.14138	2.50356
-7.00558	1.91454
-6.69714	3.07511
2.5551	2.55824
-6.78427	2.85573
-6.30303	2.22104
-8.74482	1.83539
-8.34805	1.74144
-7.9104	2.22673
-5.95452	2.0045
-8.22825	2.72709
-8.63819	2.19065
-7.38173	0.385475
-5.96374	2.15075
-7.20313	0.962814
-6.42523	2.00294
-5.64177	2.2456
-5.57943	1.65233
-8.82019	3.45813
-5.65009	0.898597
-7.52946	2.09865
-5.80185	1.64686
-7.21053	1.77412
-6.8522	2.30458
-5.96652	3.20722
-7.64021	2.85559
-6.48689	2.22566
-7.9797	1.81303
-8.09195	1.50132
-5.06173	0.786335
-8.53768	2.66141
-7.04215	0.661409
-3.86971	2.3452
-4.21623	-0.21997
-6.45837	0.868123
-8.91182	1.09737
-7.77462	2.64591
-5.45414	3.08036
-7.18604	3.41889
-5.06143	0.221664
-8.32876	0.190605
-5.67719	2.18113
-7.33672	3.45968
-7.01295	-0.136687
-9.17587	2.89502
-5.60424	-0.0261346
-6.37342	0.342536
-6.53206	1.75844
-8.3142	1.19741
-6.60513	1.43705
-8.4515	1.43577
-5.32346	0.892919
-7.25207	2.31151
-6.64473	1.9806
-7.23595	2.63433
-6.37028	2.11133
-6.82087	2.68964
-5.82249	1.74283
-6.0165	0.0949172
-5.97019	1.25336
-6.27636	1.1053
-5.53229	-0.670715
-5.57217	2.19967
-8.238	3.5147
-5.0449	2.19502
-5.26589	2.88997
-8.3753	2.27243
-6.43434	1.12497
-6.77261	1.19271
-7.4948	2.5887
-8.7025	2.29648
-7.49475	2.3789
-6.48734	1.33487
-6.60414	2.89918
-7.41438	2.47251
-7.77206	1.05982
-6.81938	2.06118
-9.13625	1.93753
-6.49802	0.838847
-6.13684	1.67226
-8.2911	0.580088
-5.13303	-0.175574
-6.22846	1.61078
-8.49516	0.756574
-5.82206	1.0721
-5.34175	2.30032
-6.66084	3.15851
-9.10145	2.9284
-8.2533	2.70897
-7.40979	1.37215
-7.89898	2.27639
-5.9628	1.87173
-6.81493	0.562192
-7.72432	1.18819
-6.37347	1.96794
-5.98388	1.85289
-5.96776	2.10231
-7.75094	4.53049
-5.87744	3.3325
-8.09409	2.06883
-6.82191	0.088264
-6.35503	0.265716
-7.24234	2.81694
-5.3633	5.28477
-6.48456	3.74896
-5.58728	4.60321
-7.93561	0.238761
-6.20422	1.04772
-6.47435	2.80138
-7.37275	1.31841
-7.53655	3.93777
-0.701176	-1.79524
-5.54332	1.83467
-7.00619	3.66681
-6.85589	2.20295
-6.89699	2.3085
-6.41571	1.92758
-7.47013	1.94786
-6.62915	1.81031
-7.26033	3.26627
-7.83314	2.23278
-8.19242	1.81767
-8.69115	0.376346
-6.36653	3.21352
-5.95833	1.38951
-5.1865	-1.06847
-7.6735	1.85635
-6.10655	1.86683
-4.61918	1.54635
-7.37684	2.74944
-7.39426	2.41006
-8.49311	0.737604
-8.11435	0.130027
-5.34329	2.7906
-7.45112	4.25492
-6.93074	1.3039
-6.42475	2.33083
-7.44437	-0.0411474
-4.72896	-0.460104
-6.91002	-0.0492527
-6.39576	0.218978
-8.83198	1.3627
-8.51179	2.94097
-6.65459	0.677882
-6.46665	2.03112
-6.64262	2.21672
-8.72373	2.93788
-0.290144	-5.6193
-5.17951	1.90848
-5.72531	1.54405
-5.5421	1.01892
-6.95632	2.47026
-8.10586	2.4266
-6.89258	1.35955
-8.37319	2.1031
-5.52956	2.75196
-8.74854	5.05115
-7.40334	1.01954
-7.65508	0.291357
-5.82606	-0.0235144
-7.43546	2.76384
-6.92963	2.17158
-6.90615	1.57862
-5.98833	1.9534
-7.2777	0.559238
-7.84709	1.19286
-7.96933	1.30756
-7.15543	3.20796
-4.93594	1.88273
-8.35097	0.251542
-6.96437	1.9386
-8.08597	3.53042
-8.63908	4.47934
-5.9745	2.15164
-7.75701	1.79795
-8.4773	2.75019
-4.82306	2.56329
-6.94115	2.34193
-8.57705	0.157146
-6.24241	2.24124
-6.07082	4.18609
-8.24623	2.67025
-7.08149	1.55702
-8.64195	0.45822
-8.55376	1.45189
-8.19578	3.94372
-5.91276	2.43753
-7.97796	3.1159
-6.66424	0.503693
-6.69685	1.47893
-7.79458	2.13213
-6.75473	1.96418
-5.24436	2.64207
-7.81009	1.87661
-8.02177	2.71637
-6.02177	2.08005
-8.63934	0.785453
-6.34808	0.602794
-9.10724	2.44383
-6.74501	1.85859
-6.44813	1.52188
-7.01879	2.3977
-5.32497	2.69241
-8.98251	0.680291
-8.3401	2.97451
-9.07394	3.73596
-7.63216	2.29834
-7.29447	3.45697
-9.01731	1.33346
-8.15592	0.37821
-6.87686	2.28086
-5.12319	1.4244
-7.09608	1.7109
-6.34284	1.91712
-5.95611	2.7781
-6.70276	1.53785
-6.92702	1.70841
-6.77887	3.55893
-6.10865	1.48335
-7.98889	2.86975
-7.82071	1.21317
-7.98375	1.10103
-6.77695	0.00316965
-7.61552	1.81231
-5.06544	0.531333
-7.67479	2.79691
-7.42035	1.06825
-6.76076	0.107374
-8.40351	0.530633
-6.26118	2.77777
-8.24721	0.944641
-6.07665	2.02434
-6.82436	2.53896
-8.02071	0.0366259
-5.98014	1.91303
-7.45832	3.23089
-8.78398	0.3475
-8.88698	2.84744
-5.72971	1.28156
-8.54377	2.93753
-6.86128	0.78678
-8.24182	2.821
-8.00009	2.05714
-7.32577	1.89476
-8.52026	3.19156
-6.70475	0.132338
-4.50161	2.0396
-7.86326	1.28217
-6.77908	2.80231
-7.22099	0.948436
-7.85397	1.81914
-6.32741	2.69386
-7.42399	0.658739
-4.5105	2.72836
-5.04586	1.19987
-6.21118	0.999281
-6.59704	2.82285
-7.46641	1.99038
-8.60796	2.29386
-6.5882	0.0286148
-6.94968	1.27125
-6.81469	2.72327
-6.58564	1.86113
-9.18206	2.89809
-8.26323	0.330654
-7.19135	1.80021
-8.36568	2.73571
-7.89938	2.88329
-5.26842	-1.52357
-6.27161	2.82475
-6.82088	1.28211
-6.88101	2.2675
-2.98377	3.41255
-5.43945	0.391757
-7.00835	0.722656
-5.97982	2.6622
-7.69118	1.84321
-6.70713	1.05354
-5.56318	2.46182
-6.04766	2.07451
-4.82927	1.14717
-6.49285	1.19581
-8.53214	4.05516
-8.28262	1.98502
-8.70768	2.96363
-6.54756	1.86508
-7.92031	3.88236
-9.17514	1.87585
-8.13638	0.957051
-8.46884	0.296047
-8.95194	1.82339
-4.79475	2.94004
-4.6829	2.62305
-8.04249	3.1113
-8.84437	2.07558
-7.45705	0.281782
-8.16666	1.05037
-5.04538	3.51573
-8.18246	2.42968
-8.00782	2.61813
-6.36844	0.610493
-7.83241	1.36601
-6.47163	0.663363
-7.31083	2.44321
-8.048	3.60816
-6.88288	0.451903
-7.80239	0.738339
-8.52569	1.47626
-8.6448	1.4244
-6.69401	1.14158
-4.6265	1.38741
-7.27743	1.90796
-7.18683	0.421887
-4.72496	0.188902
-6.00154	1.28871
-8.27144	2.45422
-8.37368	3.18039
-8.94435	1.50663
-6.30702	1.14875
-6.72239	2.15621
-6.71936	5.30906
-5.30372	2.86991
-8.42279	1.78488
-6.36022	1.68575
-5.88764	1.19127
-5.30341	1.35343
-7.07797	0.971287
-8.19383	3.05313
-7.34342	3.13885
-7.63721	3.06368
-8.46418	0.443176
-7.11895	1.98742
-6.18728	0.478627
-7.2673	3.72265
-6.51047	1.774
-1.14149	-2.93087
-8.57375	2.35364
-8.23848	0.307844
-6.48426	0.725135
-5.94211	3.20035
-6.60598	0.446243
-6.18204	3.96219
-7.76749	1.51583
-8.7849	2.30343
-6.57738	0.0822419
-6.11939	0.756171
-7.14553	2.01758
-5.98709	2.79663
-7.21862	0.933107
-7.26408	0.94739
-8.79296	1.39582
-8.99365	2.36803
-6.17111	3.18922
-8.10482	3.34125
-8.52935	1.46925
-5.32466	0.684818
-6.64715	0.598544
-5.90599	2.80054
-7.16863	1.10432
-7.40655	1.10462
-5.86669	2.02555
-8.13483	1.51487
-7.42017	0.42263
-7.71224	2.10735
-5.65187	3.6925
-6.64222	2.41788
-7.59867	2.42959
-7.74092	3.58306
-7.75631	2.89722
-5.56132	1.82236
-8.5533	2.114
-5.03751	1.11216
-8.01201	2.78863
-6.46381	2.19055
-5.73964	2.95209
-7.29846	3.20299
-7.80515	3.37618
-6.92205	2.12515
-6.2654	1.81525
-7.09172	2.70958
-7.80395	4.77498
-7.34417	4.40354
-8.75353	2.6215
-7.72293	2.41528
-6.73715	1.46306
-8.52445	0.539013
-6.94438	2.26616
-6.13498	0.645818
-9.13202	1.5988
-6.02011	3.24665
-7.03253	3.43374
-7.13054	1.32444
-6.85844	2.02727
-6.44441	3.04924
-6.3011	1.52475
-7.24195	1.8399
-8.39597	1.62269
-4.91149	1.79372
-8.72761	0.377975
-6.72623	0.879704
-8.28599	3.34371
-6.50444	1.20657
-6.81582	2.85475
-5.16168	2.33534
-6.83118	1.62291
-5.66628	3.74118
-6.0179	0.751295
-6.88546	0.816225
-6.00331	4.11503
-6.73781	0.227684
-6.82146	2.46109
-7.35347	2.48662
-5.23454	0.0110806
-6.97762	1.04611
-6.89233	3.63759
-7.09654	1.11303
-1.72401	10.893
-7.82527	3.0586
-5.32725	1.55311
-6.6965	2.15937
-7.02416	1.11701
-8.58437	1.87025
-6.89712	1.54031
-6.88456	2.26919
-5.07639	3.76783
-7.21524	2.1323
-7.9212	1.9542
-7.84214	1.42872
-5.82725	-0.572286
-7.52293	0.415085
-5.39494	-0.501551
-5.41718	0.0927674
-7.70182	2.31738
-4.95924	3.20708
-5.10997	0.18609
-5.79512	5.35072
-7.71703	1.86406
-5.61038	0.514725
-7.78116	5.16009
-8.65371	1.65851
-6.09813	1.38141
-6.45149	2.79179
-6.16881	2.8742
-8.5158	2.14762
-3.97845	-1.55201
-7.57403	1.43404
-7.56389	1.48596
-4.82469	2.6633
-6.52743	1.13291
-6.65823	2.84488
-8.30811	-0.0172161
-6.9451	2.25563
-7.16411	1.21974
-8.21341	2.85235
-7.22689	2.44645
-8.07276	3.80926
-6.79477	0.845173
-8.24753	1.36095
-5.72507	1.93924
-7.47683	4.15503
-6.5199	1.38707
-4.88671	1.59856
-6.70148	0.328354
-6.8693	2.66996
-7.88753	0.706886
-6.179	0.657236
-7.83979	2.69174
-6.10119	2.74732
-8.93936	2.78104
-6.36561	1.24429
-8.81468	1.56938
-7.80945	3.99476
-7.55301	0.856425
-7.31839	1.02384
-7.19243	0.738675
-5.04525	1.11365
-7.4515	4.29878
-8.30161	0.76977
-6.91461	1.59247
-6.65073	3.32518
-7.17997	2.92416
-8.54606	0.837339
-8.30969	1.63689
-6.41151	0.0284598
-5.72318	2.92374
-6.51685	1.37353
-7.22589	1.59303
-8.00333	1.81728
-8.5712	0.864005
-7.01938	2.90214
-6.15731	1.37335
-7.81273	3.734
-7.77775	3.57003
-5.61903	5.39413
-7.77754	3.61713
-7.14392	0.543627
-6.77579	0.00952602
-6.95635	0.348409
-9.11113	3.4145
-8.88379	1.89317
-8.37317	2.17238
-5.8026	0.42072
-8.46257	2.9916
-3.39748	1.0749
-5.00474	1.99561
-7.55695	2.35022
-7.21431	1.4783
-6.53189	1.04779
-8.62724	1.3687
-7.10849	0.756548
-8.95798	2.74589
-7.5571	3.21866
-7.55777	2.57927
-7.95277	3.22054
-6.54139	2.71964
-6.2683	1.6872
-5.43866	-0.875374
-6.43581	1.40388
-7.07637	0.93908
-8.21293	0.32711
-6.22871	2.39919
-8.33808	2.20389
-5.53562	2.18458
-8.79718	2.38405
-8.44936	2.13213
-6.48094	2.78174
-6.56375	8.33206
-5.94257	3.61455
-8.64641	1.85809
-8.68615	2.71858
-8.40729	4.04435
-6.69463	2.2419
-7.47594	0.502427
-7.51264	1.35955
-7.51969	2.00634
-6.60523	0.588503
-8.59469	1.03963
-6.09433	2.42541
-6.03866	2.98517
-7.52956	2.76404
-8.61348	1.65131
-7.69101	1.82884
-6.68107	1.1058
-7.39893	2.38548
-6.33832	3.00336
-5.64248	-0.918397
-6.87344	0.928221
-5.28149	-0.946312
-5.32673	2.89291
-7.68743	2.15613
-7.85515	0.208617
-5.14232	0.665641
-7.0117	3.61533
-6.2807	0.108672
-6.54951	2.99101
-6.35214	1.46991
-6.08245	4.05921
-5.8565	2.66145
-7.85546	2.5411
-7.42254	0.177866
-6.17643	1.63742
-8.02906	2.17758
-7.91274	2.35362
-5.28728	1.52412
-7.5929	1.96444
-5.39428	3.10193
-8.62139	2.64943
-6.3763	3.33634
-6.31933	0.0750319
-8.20799	1.7766
-9.01758	1.04607
-7.07842	2.18648
-6.82971	2.47942
-5.10658	0.372043
-5.68575	2.16099
-7.61379	1.27205
-7.07685	0.569689
-5.57821	3.32568
-5.08785	4.76123
-8.80803	2.18944
-8.94573	2.03343
-8.39872	3.0361
-5.21313	2.45913
-6.28507	0.912427
-7.39684	0.76346
-5.46063	1.36589
-5.52616	-0.498585
-4.49927	2.25412
-6.50107	1.48537
-6.21852	2.85528
-7.50972	3.07237
-6.90091	3.45876
-7.91708	1.14137
-6.59842	0.50639
-7.29791	3.80213
-6.90448	3.75205
-7.1874	2.61964
-6.82588	3.12283
-7.97698	2.12797
-6.33051	2.16173
-6.60238	2.86685
-8.46107	0.453558
-6.52893	1.34497
-6.96709	0.882954
-8.69901	0.396292
-8.03362	0.68462
-7.26927	2.42018
-6.88153	2.57245
-8.61512	2.52352
-6.5478	1.79124
-9.22264	1.36971
-5.66814	2.01138
-8.42733	2.93471
-4.30061	3.77009
-5.30649	2.93356
-8.60849	1.19165
-6.5748	1.31612
-6.67725	2.83378
-7.5069	0.930711
-6.45315	3.06152
-7.89053	1.50583
-6.44644	2.51565
-6.33565	1.89059
-5.37492	0.92741
-6.8381	2.20086
-5.34855	2.99649
-7.12291	2.31521
-5.90245	0.945267
-6.04378	2.58791
-5.75186	0.246465
-6.73964	2.17416
-8.19156	0.549621
-7.03737	1.70763
-7.83387	0.63279
-7.13611	2.55095
-6.89946	1.80832
-6.00717	1.4275
-7.00465	2.08435
-7.61506	1.98706
-8.17645	2.20995
-6.36545	2.33029
-8.71471	2.36264
3.48642	5.28089
-7.17686	2.37291
-7.48297	0.661085
-6.60924	1.25448
-8.42908	2.88701
-6.85922	2.8684
-7.36268	1.27436
-8.7176	2.22448
-7.97627	2.90331
-7.12183	1.14206
-7.96447	0.980064
-7.11831	2.21857
-5.92533	1.83972
-7.70069	0.375413
-6.62369	0.627791
-8.27358	3.48114
-6.0911	1.13458
-3.81293	2.71012
-6.5823	0.505713
-5.74872	1.76389
-0.562298	1.20932
-7.41849	0.856664
-7.26752	0.821921
-6.4304	1.21059
-5.91061	1.04382
-6.06924	2.11142
-5.02989	3.1345
-6.57765	1.8029
-4.73046	0.0874976
-7.23303	2.15269
-7.44375	2.46424
-6.84983	0.0945805
-8.71387	0.691708
-6.92045	1.14349
-6.20698	1.15639
-7.39344	1.65009
-7.09809	0.967785
-6.22872	3.74035
-3.3826	0.304624
-0.831118	6.23108
-8.05032	1.5762
-8.38231	1.15832
-6.38831	2.34275
-6.02531	1.06945
-7.27322	1.58373
-6.67677	2.4284
-5.01565	0.899901
-6.45809	3.38683
-8.31771	1.41812
-5.95957	2.23569
-4.52352	1.64608
-6.38686	1.80132
-7.67829	2.18377
-8.35941	0.64496
-8.45694	1.03511
-7.14244	1.0949
-6.58662	0.157539
-6.33023	2.33011
-6.73009	0.691579
-7.05948	0.638763
-7.64484	0.680971
-6.96598	0.39401
-8.8047	2.43055
-7.18699	0.531455
-7.326	2.89708
-6.76999	1.90024
-5.38001	1.57162
-1.08826	1.59635
-6.97117	2.02866
-6.52595	1.63266
-7.68017	3.95739
-7.9753	1.58291
-4.62383	3.29181
-8.85797	3.15435
-7.31803	3.11368
-5.7512	1.25152
-8.52834	2.97191
-6.12561	4.01613
-4.74574	0.625573
-7.72864	0.270562
2.73883	-8.08968
-7.28037	1.70728
-7.80219	2.88014
-6.63697	2.20704
-5.26596	2.60801
-8.03815	0.396658
-6.96782	3.11107
-8.76607	0.701465
-8.11323	2.76677
-6.27547	2.6562
-7.00963	0.363947
-7.07559	2.84508
-6.49953	1.41739
-6.20495	0.920152
-6.69562	1.29835
-6.84432	0.485959
-6.88768	-0.204079
-6.93855	0.545815
-6.52434	0.711645
-7.98155	3.01956
-7.32462	1.73967
-7.16482	0.374358
-6.82814	3.27959
-6.39229	1.9923
-6.69389	3.19627
-6.17743	1.95616
-8.73995	1.32883
-8.09155	0.913762
-7.37043	0.863555
-6.00874	0.725842
-8.50893	4.05956
-7.78929	1.02923
-6.51422	2.3114
-6.17475	0.683208
-6.38317	1.10162
-5.59202	1.67316
-6.5675	2.6953
-5.6246	1.79946
-8.59663	1.47193
-7.21866	1.53327
-6.64977	1.21614
-7.07261	2.83543
-5.55601	3.37638
-7.33869	1.29334
-7.80742	1.80587
-7.31496	1.21793
-8.76697	0.483651
-7.24822	1.30779
-6.04903	0.969955
-7.89095	2.60285
-6.97606	2.18191
-8.03789	2.18682
-5.11039	2.10481
-5.56972	5.44861
-7.22881	2.30473
-6.11329	0.257886
-6.16924	1.9154
-7.7389	0.842109
-7.57879	3.16656
-6.3532	1.06814
-7.95453	1.21617
-7.0691	2.37437
-6.51034	0.510805
-6.38942	2.44738
-6.96123	2.51562
-6.0453	3.09522
-7.85799	3.98117
-6.08849	3.07755
-6.25308	2.56695
-8.89729	2.48244
-6.42476	1.49248
-7.68454	0.206246
-6.40779	2.79757
-7.18601	2.64702
-7.20099	1.06522
-6.6368	0.853947
-6.11469	2.71081
-8.92996	0.33341
-8.00191	1.59114
-5.75952	2.06923
-7.67776	1.57682
-4.86978	3.17569
-7.97524	2.90327
-7.26474	1.82982
-8.23294	1.89328
-7.82535	0.179825
-8.3207	0.820581
-6.44387	0.173335
-8.00273	3.23213
-6.71563	1.30592
-6.21598	1.82579
-5.99302	1.1562
-8.49605	3.68796
-5.50891	1.40229
-8.33599	0.80884
-5.56237	1.79326
-5.06803	-0.498171
-7.9868	0.646683
-7.0468	0.695729
-6.63323	2.80115
-7.41498	4.0571
-4.61121	0.587174
-6.18607	2.18862
-4.7819	1.72926
-7.53186	0.879876
-7.77506	1.50191
-6.84466	1.43944
-6.83615	3.3474
-8.66289	1.64161
-6.25323	1.93
-6.13296	2.38444
-7.71702	5.22367
-7.44334	0.401418
-8.27589	1.86327
-5.13935	3.36119
-9.01092	3.83618
-8.73001	2.75741
-6.27622	1.06568
-7.84431	2.85089
-6.21845	0.374118
-8.22795	1.64539
-5.97402	0.355209
-8.16982	2.75918
-6.9335	2.60989
-5.70961	2.17611
-5.25385	3.9621
-6.58025	0.567081
-7.90485	0.119077
-8.07377	1.36548
-7.69705	1.32969
-8.42712	3.56783
-6.21048	-0.00817712
-6.97049	3.29729
-4.2933	2.94005
-6.78145	2.88473
-7.82476	0.991051
-6.88256	0.561934
-7.42783	0.892049
-4.87016	3.56602
-6.53148	0.842144
-6.58253	4.14172
-6.37406	0.991031
-7.82098	0.949391
-8.4837	0.100263
-6.60367	1.76933
-8.59948	2.15502
-6.95023	1.25569
-6.83753	2.90395
0.195971	2.72997
-5.65906	2.15937
-8.11961	2.22074
-7.7985	2.51272
-5.53825	2.07944
-8.46855	1.56809
-4.68482	1.39041
-7.04907	3.2029
-8.25191	0.530717
-8.45107	0.718613
-5.65892	2.73468
-7.33636	2.80637
-8.44991	1.76028
-5.23896	0.180092
-6.3236	1.42682
-5.97696	3.15458
-6.95446	1.72122
-8.86039	1.0506
-4.96356	0.820559
-5.14459	1.10724
-5.86224	2.9658
-6.70782	4.03979
-7.79475	0.246793
-7.11274	1.29002
-8.17073	0.727497
-5.86528	1.53344
-7.26265	1.436
-4.98737	1.18125
-8.64691	2.64036
-6.41056	1.05684
-5.69747	-0.079279
-7.03686	4.12614
-7.15429	1.53926
-7.14297	0.325564
-5.82847	3.71646
-6.28584	2.4767
-8.59778	2.77049
-7.83772	3.04565
-6.64196	1.96972
-6.60551	2.94788
-6.84104	2.38555
-5.84606	2.82544
-6.17446	0.539966
-8.30212	2.71009
-8.41096	2.28871
-8.6691	2.53998
-8.04849	0.0623015
-8.21475	1.16473
-3.92546	1.19072
-8.21979	3.78752
-5.56766	3.05328
-7.72783	3.06812
-8.1257	2.23137
-6.12321	1.42183
-6.85066	1.4773
-8.10136	4.41214
-7.39415	2.54158
-6.14993	2.62982
-5.19649	3.36126
-8.25588	4.48009
-7.76384	2.72432
-9.01572	1.34904
-7.29249	1.53177
-7.12816	1.96875
-7.54666	0.140797
-7.80606	2.35578
-5.70194	1.96585
-7.69283	3.00411
-5.14363	2.43124
-6.48894	2.43616
-6.50059	0.793768
-7.1211	0.555163
-8.52639	2.59915
-7.61619	2.86703
-7.71471	2.79872
-8.58048	3.42466
-4.93927	1.26688
-6.66531	2.37827
-6.27303	0.798015
-6.3445	1.82065
-5.87315	4.81039
-3.79626	2.43887
-7.28561	1.79825
-5.70505	1.86955
-5.7244	0.414663
-6.36988	-0.205259
-8.18042	0.854657
-8.10531	1.12241
-6.53872	3.43991
-6.76222	2.60376
-6.3161	0.381464
-7.47119	1.39833
-6.10517	2.65799
-7.15991	2.37661
-6.05555	-0.0167173
-7.7831	0.749415
-6.08331	2.7763
-1.65161	5.65371
-7.92602	3.22904
-6.15645	3.46087
-6.43196	3.06175
-7.63469	3.349
-8.28233	4.09799
-6.65154	2.27382
-8.75988	2.86146
-7.3212	0.442337
-7.74183	2.84834
-8.70274	2.17794
-5.60267	2.42495
-6.83853	3.35149
-7.33464	2.18729
-5.99839	0.959803
-7.95896	3.35078
-6.87486	2.28382
-4.88829	1.44792
-7.5577	2.50486
-8.28357	1.60333
-5.73407	0.763324
-5.91446	0.61778
-7.18932	0.413047
-8.69581	1.54955
-7.11548	1.79532
-8.74736	0.368731
-8.42789	1.07115
-6.07773	2.51474
-6.60235	0.74412
-8.96274	2.92131
-7.87646	3.03721
-6.22533	2.0129
-4.8636	2.73163
-6.9692	3.19135
-6.3728	1.0186
-6.77857	2.01179
-6.52683	2.78686
-7.84429	0.211937
-6.9768	1.02303
-6.73645	1.02101
-7.57505	1.28396
-5.92073	2.62957
-7.30351	3.95594
-6.13139	0.691838
-6.51317	2.50731
-7.61267	0.996681
-7.77727	2.90494
-4.62583	-0.0183321
-6.68815	2.72675
-7.98466	0.0965679
-8.0647	2.30716
-6.08338	-0.0299229
-7.05957	2.30994
-8.96584	1.45817
-6.03913	2.08269
-8.07247	2.63435
-8.66679	0.455128
-6.55619	2.25392
-6.65201	1.57045
-6.32438	2.19331
-6.30815	2.15522
-8.69747	0.224748
-6.90739	1.59099
-6.9765	3.02729
1.65258	-8.32519
-4.58819	-0.26103
-6.20457	2.26484
-6.91557	2.40953
-8.35819	1.53621
-7.22675	2.72773
-7.26997	3.09103
-9.10554	1.32941
-6.03332	0.630683
-6.12394	1.83373
-6.38287	0.0273286
-7.75257	1.33736
-7.87162	1.01878
-7.39783	1.91739
-8.61478	4.19647
-7.27589	0.271041
-6.75825	3.01945
-7.8686	2.84318
-8.52545	0.823931
-5.30158	3.5077
-5.73971	2.61675
-5.93789	2.13468
-6.8348	3.04662
-6.54001	2.02309
-6.60762	2.04244
-7.78414	0.278662
-6.34361	3.75879
-6.412	1.71581
-6.70938	2.96244
-8.03679	2.42683
-7.4242	1.21134
-8.72035	1.01537
-5.92171	1.69401
-5.91842	2.72715
-7.79289	3.64812
-8.67341	0.354295
-7.04478	0.739394
-8.29496	0.69669
-6.81545	1.92829
-7.04013	1.43586
-6.33425	0.0902992
-7.98505	2.57282
-7.17871	3.43961
-6.22338	1.75668
-4.73138	1.26962
-6.13603	0.346998
-6.32074	0.0830363
-6.63192	2.51579
-8.11389	1.25234
-8.54453	1.56517
-7.06025	0.708506
-6.99663	0.710828
-4.95297	1.31309
-6.8791	0.455028
-6.20075	2.76996
-8.22026	1.5274
-6.57882	2.8379
-7.93439	1.03254
-6.88655	2.88885
-7.7098	0.760626
-7.03277	0.257234
-4.82416	2.05382
-6.48364	3.70175
-7.18627	0.463322
-7.28255	3.5904
-8.44714	4.15018
-6.66848	0.618378
-6.30233	0.539498
-6.44055	2.62836
-6.94518	1.08315
-5.84799	1.12254
-7.25337	1.65596
-6.72471	2.14982
-7.67364	1.43833
-8.0987	2.76883
-8.02874	0.947802
-4.15061	1.39851
-8.4486	0.443142
-5.42579	0.196013
-7.58975	0.360586
-5.88972	1.85362
-8.0541	1.15143
-5.07731	1.52869
-8.52205	1.11892
-6.97626	1.33064
-8.12241	2.12764
-8.15263	1.2375
-7.49557	2.79086
-7.05822	2.60249
-8.47317	3.27076
-8.20123	1.5513
-6.43779	0.888938
-4.81112	1.54156
-7.88324	0.974324
-7.93145	2.1832
-6.32204	2.31667
-6.17541	3.17152
-7.93181	1.8061
-6.11341	1.21983
-9.00792	2.30506
-5.92801	0.496601
-5.13375	-0.0260198
-8.59027	2.05136
-7.3586	1.21364
-7.53253	4.13144
-6.7125	2.8837
-7.7301	2.92158
-6.568	2.18788
-8.20256	0.910336
-7.34187	2.11184
-7.0111	2.7428
-5.11836	0.37499
-7.16925	2.9642
-7.25347	1.95575
-7.39213	0.860326
-8.30685	1.04539
-7.46821	3.00263
-6.55369	1.88198
-8.46398	4.24127
-5.42509	-0.354605
-8.4786	2.02207
-8.71273	1.38205
-6.3441	3.46542
-6.60596	1.82895
-5.82538	0.155262
-7.99675	0.632692
-7.02007	2.4568
-8.2993	2.8914
-4.72802	1.97135
-6.87205	0.978743
-8.75998	0.626457
-5.79281	2.80481
-5.9674	2.28833
-8.40717	3.28121
-5.81315	1.23078
-7.24773	1.50893
-6.56569	3.14356
-6.45711	1.66852
-8.61907	0.856534
-8.2758	1.58726
-6.46137	0.0509741
-8.2765	6.76311
-8.34587	4.71191
-2.88092	-4.83418
-8.19136	2.05987
-5.71121	-0.0301919
-7.99057	2.97696
-6.95517	0.798142
-6.90256	1.89321
-5.30013	2.05868
-8.42797	0.272205
-7.40351	0.932473
-7.82064	0.498155
-7.13634	2.75978
-6.39036	0.876492
-5.66108	3.1368
-8.12434	1.59241
-5.48045	1.84802
-6.69544	0.00970869
-9.03438	1.44205
-7.33079	3.20318
-8.29014	2.17117
-7.19075	0.724855
-6.45165	2.46536
-6.19943	4.08344
-7.63308	0.983178
-7.43396	1.17112
-8.28122	1.61126
-7.84622	3.83437
-7.33866	0.787648
-6.20378	1.97579
-7.80506	1.35011
-8.38386	1.22015
-6.05674	2.24765
-6.06648	2.87441
-7.08055	2.4941
-6.3779	1.5909
-6.19227	2.95316
-5.83892	2.77352
-5.86296	3.19315
-6.8215	2.18699
-6.11718	0.399615
-6.4309	1.86556
-7.30492	1.06819
-7.15401	2.81991
-7.47224	0.883004
-7.49423	0.981079
-7.03036	2.60956
-6.20914	2.38008
-7.57607	0.430069
-6.21851	0.672532
-6.61225	1.20313
-7.13983	2.61908
-6.12696	2.69485
-7.8647	2.53412
-7.30969	0.234857
-7.51309	2.30204
-7.15225	1.05172
-7.03701	1.43317
-6.90461	1.94625
-6.25133	1.69332
-4.6552	2.19369
-8.75465	1.79018
-6.39404	2.27485
-5.30621	0.191938
-7.83329	2.11988
4.72781	-6.52749
-7.34506	2.64693
-8.8655	4.38041
-6.7257	4.16807
-7.35517	2.13068
-7.2536	0.865277
-6.68285	3.14302
-4.6386	2.69146
-6.43971	1.50393
-6.35271	3.35427
-6.57906	2.59605
-7.11826	1.50223
-8.72576	1.01505
-8.2391	3.19048
-7.01338	5.54388
-8.2868	0.0277823
-7.43378	2.80886
-6.84785	1.13285
-8.18779	4.00728
-8.57641	2.38193
-6.58082	1.11782
-7.1204	1.42644
-6.33285	3.05085
-5.32998	-0.815573
-8.75358	1.00247
-5.27363	1.97998
-6.36798	4.03661
-6.9667	1.04256
-8.34646	2.59183
-6.61574	1.99498
-6.62633	0.97339
-7.139	2.13937
-4.87529	1.45836
-8.06176	0.979769
-7.41447	2.64413
-6.05333	2.35169
-8.42358	0.21379
-5.78003	3.48616
-7.90933	2.03023
-6.30535	1.08069
-6.3976	2.28624
-5.22255	2.43435
-7.55649	3.95533
-8.10955	2.16839
-7.72977	3.145
-4.94591	2.01085
-8.48988	0.0504045
-8.65534	1.11223
-8.34689	2.58452
-7.21197	2.34539
-8.41414	1.70311
-7.07288	0.863323
-5.79398	0.998318
-7.85471	3.7921
-7.42281	2.099
-7.98093	0.993694
-7.0776	0.904727
-7.90415	2.34206
-6.74531	1.87326
-6.35049	0.836917
-5.71563	3.47652
-7.12007	0.932252
-5.79894	3.50016
-8.01687	1.65033
-6.46423	2.9032
-6.44554	0.706731
-5.34764	0.634807
-7.76288	2.13112
-7.9613	1.44868
-8.17576	2.40537
-6.2661	2.2577
-6.95021	0.701933
-8.21557	2.45111
-7.27379	2.30775
-5.7	-0.504655
-5.87147	-0.102482
-7.37455	0.662465
-6.76561	0.950965
-6.33995	0.955676
-5.40896	2.58883
-6.11191	1.01856
-6.18954	0.456852
-1.90435	0.588614
-7.65574	3.07293
-6.84807	1.78533
-8.05099	2.76244
-5.51508	2.14004
-6.30633	4.16424
-7.73257	1.89123
-6.12362	0.497826
-6.69984	2.43476
-6.0673	0.932286
-8.04992	-0.000597125
-5.05892	7.81032
-8.12371	0.508406
-8.1477	0.950673
-7.26839	2.6525
-7.47282	1.77224
-8.07117	2.80334
-6.53111	1.36342
-8.00036	1.74996
-7.65986	0.947657
-6.4693	1.51582
-5.86408	1.5275
-7.76917	1.43034
-7.11055	3.00073
-7.46874	3.83796
-7.19849	3.02134
-6.94051	2.13963
-8.0073	3.05261
-6.81437	0.574787
-6.2716	3.12072
-7.87165	4.85257
-4.86179	2.40408
-7.82103	0.56843
-7.28906	2.54954
-7.91747	2.08272
-6.90155	1.59963
-8.16571	2.64832
-8.09947	0.864193
-8.58988	2.16148
-7.98041	2.2286
-8.90308	1.2688
-6.71057	1.12296
-5.47807	0.230026
-5.99923	0.708153
1.51718	-9.24548
-5.63341	2.73398
-8.27022	2.80198
-5.84132	0.985356
-9.06465	3.13605
-5.64947	0.373738
-6.03549	2.64894
-6.74546	2.3392
-5.39354	2.08029
-7.47943	2.66229
-6.64875	0.23718
-7.19336	2.28951
-8.13291	4.18461
-5.59616	1.76622
-7.47627	1.28677
-7.77511	0.734318
-7.49253	2.56667
-6.75487	0.635273
-8.71074	1.09359
-5.50281	2.57808
-6.9669	-0.20055
-8.12591	0.785607
-8.84552	2.35391
-8.64245	0.963458
-7.44096	0.920937
-6.43096	3.66587
-8.49774	1.78879
-8.43726	0.785371
-6.80487	0.203144
-4.80394	2.26465
-8.42023	-0.138839
-8.89498	2.47651
-6.59896	1.84142
-7.28769	1.39015
-7.51079	2.66605
-7.06292	0.694834
-6.07663	2.79855
-8.0862	0.778826
-7.94808	0.881684
-7.31338	3.19625
-4.68802	1.91
-6.43899	1.52254
-7.93111	2.89062
-6.8348	4.24811
-9.17261	1.72555
-8.65298	1.30096
-5.92225	2.48759
-6.11925	2.82718
-6.74533	1.89347
-6.28961	2.04468
-6.82526	1.35558
-5.719	1.58361
-8.31761	4.88903
-7.64184	1.29914
-7.76579	2.01646
-7.10676	2.31515
-8.09214	3.15237
-7.4752	2.05105
-8.3181	2.04011
-8.68734	2.89177
-6.23874	4.00889
-7.43504	1.81942
-6.98185	1.99167
-8.29041	1.93089
-6.4201	1.08457
-7.77724	2.05159
-6.21442	2.10147
-7.54959	1.62472
-8.2743	0.287837
-6.67351	2.81433
-8.95031	0.553235
-7.33359	2.31415
-6.21578	3.28646
-8.47722	0.511117
-6.05385	2.59088
-4.82542	1.60685
-7.38284	1.56706
-7.27565	2.4407
-6.40607	2.91353
-8.97017	0.374019
-5.46005	1.8297
-7.72926	1.28873
-7.93154	0.0328459
-6.76817	0.911494
-7.39431	2.72313
-7.29326	2.14012
-6.85319	1.38974
-8.15733	2.14067
-7.2456	3.14453
-8.31762	2.13336
-8.34889	2.55757
-6.18997	3.99207
-8.78482	2.73816
-6.19254	1.52593
-7.11402	0.825838
-7.53667	1.32377
-7.50534	1.71207
-7.95062	1.54237
-7.50117	2.20338
-6.97787	3.03018
-6.88655	1.71767
-8.06088	2.66635
-7.207	1.5064
-8.30328	2.62612
-6.49791	1.81267
-7.83209	1.79103
-2.19098	6.74179
-8.35646	3.13471
-8.68944	1.1683
-6.47196	2.4623
-6.97187	1.43978
-7.17982	5.16028
-7.12122	2.00873
-8.8687	2.781
-5.70331	1.24681
-8.30893	1.2172
-8.10875	2.91105
-6.41952	1.59555
-8.79572	2.30121
-5.78129	-0.175573
-8.07037	1.61361
-7.13447	1.71563
-7.61882	1.33041
-8.28062	3.30922
-7.75556	1.33098
-5.97044	3.55107
-5.90697	-0.225768
-7.76602	1.58448
-7.18948	0.226777
-6.07773	1.5548
-9.05261	1.43947
-7.53751	2.15391
-8.90434	2.69903
-6.65952	3.5486
-8.30059	0.231919
-6.27047	1.32448
-8.0517	0.0466549
-6.5739	3.09759
-8.36673	1.02252
-6.58815	3.79659
-5.70891	2.55629
-7.13589	0.963596
-8.38369	0.0227868
-8.06772	4.10514
-6.14861	2.14356
-6.22702	2.85619
-8.07609	1.4997
-8.4518	1.56938
-8.7242	0.410969
-5.47036	2.59947
-8.56929	0.751848
-8.24085	2.4582
-7.60843	4.4553
-7.74004	0.551949
-7.85284	1.18242
-7.01111	0.0979022
-6.24786	0.691647
-7.31479	2.71655
-6.22083	1.08074
-6.63355	3.62814
-7.92761	2.57744
-7.81967	2.28093
-9.0218	1.41157
-8.50355	3.40941
-7.39313	0.810303
-7.42708	3.25873
-8.48899	2.45722
-6.95973	2.385
-6.54431	2.26165
-8.21552	4.62833
-6.20769	1.02467
-7.89708	1.90765
-6.73211	1.59861
-7.66009	0.300892
-7.2851	2.54008
-5.2377	2.56384
-8.90857	2.71303
-7.08382	2.76226
-6.18149	-0.192732
-8.88197	-0.12596
-7.45922	1.05262
-7.05335	1.72259
-6.88537	0.925595
-8.78839	2.58973
-9.12576	2.80525
-6.49494	0.940105
-8.65412	1.13767
-7.45188	0.355299
-8.35303	2.3341
-7.87457	1.85489
-7.36598	2.74482
-6.17009	2.29401
-8.48155	1.17637
-8.41348	0.484818
-8.09642	0.665666
-8.25688	0.391738
-8.89453	2.56875
-5.84014	4.0698
-7.52031	1.6017
-5.98461	-0.0357079
-6.56171	1.62386
-7.8215	3.0414
-8.52935	0.436025
-6.03808	1.57548
-8.92377	2.86813
-7.46003	1.80804
-8.78713	1.91291
-6.4232	2.19957
-5.48649	-0.599243
-6.69122	4.27165
-6.45622	2.75179
-8.04515	1.07234
-7.24789	0.852881
-5.77439	1.39068
-7.13182	4.14501
-8.77777	2.80809
-6.96696	3.22423
-6.45287	1.96768
-6.38109	0.0637475
-7.98118	4.34702
-7.95828	1.10929
-6.53991	0.898947
-6.4686	1.91715
-5.20664	4.8543
-6.45493	-0.195615
-4.23829	3.85661
-7.89693	4.02996
-7.22672	1.6656
-6.72033	0.148543
-7.10685	2.58979
-6.64503	-0.188287
-8.75262	1.95238
-6.6448	0.283191
-6.64736	2.44626
-8.2719	0.986481
-5.57895	0.0159773
-7.04747	1.13227
-7.10107	1.57277
-6.24438	0.105947
-6.58579	0.93656
-6.2632	2.63442
-6.89762	1.97863
-5.197	2.06561
-8.05628	2.04598
-7.95629	2.20971
-6.60445	2.98949
-7.35563	0.890352
-8.02096	3.2
-5.83026	0.73204
-8.3036	2.28718
-7.4934	1.5489
-5.47205	1.69243
-7.29046	2.30086
-8.28345	3.41641
-6.74026	1.05199
-8.42324	2.87379
-8.09264	3.41768
-7.04953	2.83279
-8.27074	2.35941
-7.40451	1.85044
-7.00627	2.12185
-8.57502	2.2905
-6.01059	3.35634
-4.11478	1.66643
-6.33931	3.03104
-7.6151	1.72765
-7.07034	2.91805
-5.63459	4.22638
-7.20787	1.79754
-8.56119	2.66152
-8.55647	1.96883
-6.25649	2.00941
-7.21737	0.870268
-6.34564	2.96542
-6.32049	1.74879
-7.92794	3.21066
-6.73035	1.389
-8.15061	3.06454
-8.39608	2.2192
-6.11641	0.776622
-8.49236	3.33962
-7.9321	1.38176
-8.19776	2.18383
-3.95476	1.92996
-7.13834	3.0262
-2.96428	-1.78177
-7.09117	2.23682
-8.10921	1.13571
-7.60252	2.08461
-7.77259	2.98378
-6.35742	3.25633
-7.07059	3.68223
-7.36333	1.2489
-5.06587	1.02347
-4.54123	4.23495
-5.48972	0.649587
-6.32757	1.29818
-5.95239	2.5603
-6.90208	2.84595
-6.01502	2.66383
-4.17152	0.900711
-6.58116	3.68694
-6.10177	1.67225
-7.53496	1.77414
-8.84072	3.22788
-5.98319	1.36527
-5.53135	1.51842
-6.57561	1.86989
-8.12931	3.1443
-4.48218	1.11765
-6.64304	1.7601
-5.65831	0.729788
-6.93755	1.41602
-9.00373	2.1066
-6.88011	3.23572
-5.22868	1.78835
-7.92881	2.0887
-5.99889	2.555
-7.40249	1.1847
-8.99314	3.55994
-6.23174	5.56841
-5.9968	2.5923
-4.68934	0.326535
-7.58508	3.06321
-6.23871	3.03568
-7.66555	0.188907
-4.7257	1.88505
-7.08498	0.890355
-8.55426	0.931838
-8.71109	1.26009
-7.14314	2.84684
-8.13169	2.9088
-6.5257	1.36966
-8.75686	2.20158
-7.20083	2.01835
-7.70403	1.87605
-6.48085	1.15369
-7.80874	2.52165
-7.67426	3.30587
-6.32543	0.307233
-8.53334	3.14054
-7.95835	2.74263
-7.13713	1.92575
-7.24816	0.542881
-7.69393	0.798367
-6.43245	1.10656
-5.60305	3.23831
-6.63514	1.04868
-7.01295	1.63341
-8.18619	0.423036
-5.05558	2.04064
-8.78099	2.43733
-7.28631	2.88601
-5.84342	4.21021
-6.35104	2.67434
-5.45752	1.94961
-8.74463	3.85636
-5.98503	1.29891
-7.57982	2.79724
-5.58129	1.54773
-7.02275	0.32206
-8.30389	3.85116
-7.0869	0.548629
-8.67754	2.18493
-5.18684	1.47079
-5.94009	0.756595
-7.32255	0.294437
-4.81074	1.71452
-6.07793	0.0689761
-6.95264	3.68536
-8.16198	1.69699
-6.30431	3.69198
-5.41683	1.53416
-5.45221	2.22855
-8.02128	4.86732
-7.25268	3.17976
-6.18783	3.21062
-5.94726	2.96985
-8.21648	1.4788
-7.46058	2.88107
-6.56948	1.04305
-6.98006	2.43089
-8.23218	0.648638
-6.07588	1.9248
-6.13257	2.97167
-7.41248	2.11541
-8.36038	2.36306
-8.92302	2.07758
-5.67775	3.27596
-7.20688	1.41998
-5.61316	3.06293
-7.44041	1.12973
-4.76903	1.94626
-8.51083	1.32119
-6.13145	2.72277
-5.70147	3.3385
-5.64949	1.15629
-6.90015	2.4048
-7.0545	1.18446
-8.10904	1.7412
-7.52209	3.0403
-8.9878	2.1237
-9.01844	1.86114
-8.54834	1.762
-8.15949	2.56876
-6.48974	2.20127
-6.96885	1.26771
-5.73625	1.93748
-7.92359	0.971279
-4.24534	3.15062
-5.77544	0.267384
-6.16793	1.63737
-6.76151	0.40605
-4.81143	2.04358
-6.90878	2.64512
-7.11515	2.98103
-7.01136	1.75572
-4.77206	10.05
-8.22506	6.735
-6.19642	1.71951
-5.704	1.56048
-8.70709	2.06845
-8.10297	0.195416
-7.3824	1.87678
-8.43039	0.761259
-7.19029	2.86762
-6.17381	1.0027
-6.40368	0.389425
-7.48947	2.76539
-7.45871	2.00506
-8.72543	0.452182
-6.54662	1.64654
-6.10126	0.310284
-4.89806	0.419084
-6.50484	3.10969
-6.16045	2.09649
-8.30949	2.18464
-8.23875	0.148227
-6.25981	2.50112
-7.37359	2.58355
-8.51934	1.77032
-8.33449	0.359838
-7.87373	3.15196
-8.70466	1.81193
-5.86733	1.91395
-4.64505	1.83838
-7.6516	2.70461
0.34808	0.993774
-6.03785	1.94797
-6.60962	2.95234
-8.29651	0.321534
-7.76619	3.96202
-6.58596	1.94733
-7.59847	0.0555415
-5.22044	0.548587
-6.06608	3.69367
-8.34548	0.543204
-6.49052	2.11229
-8.92803	1.11904
-6.46368	1.7244
-5.694	3.9909
-6.43793	-0.000964964
-6.54264	0.332478
-7.7596	1.84425
-6.34481	1.36124
-7.42149	1.17979
-9.02062	2.88445
-4.97898	1.61904
-7.94964	2.20895
-7.50587	0.634127
-8.29014	2.13913
-7.68844	0.0360589
-8.6414	2.79219
-6.22945	2.83361
-9.04384	2.36693
-8.7777	2.04694
-8.20732	4.99348
-7.12034	0.194918
-6.50285	1.09653
-7.76246	0.562991
-6.41263	0.659254
-6.38259	1.76805
-6.80886	0.325558
-7.54704	2.87046
-6.50679	2.76586
-7.6303	2.72901
-7.29608	1.10015
-6.68197	0.422837
-5.13512	1.92604
-8.71447	-0.0947507
-6.45274	1.0892
-6.63123	2.581
-7.68587	3.27083
-8.31053	2.45595
-5.92401	3.05765
3.60501	-9.80008
-8.62849	1.6543
-8.34943	1.32146
-7.8331	0.402372
-8.31473	3.58309
-6.31994	2.27638
-6.32255	0.710537
-7.3852	1.18413
-7.6609	3.5136
-8.05269	3.81925
-6.58856	0.9136
-7.32516	3.02493
-3.34427	-13.474
-7.20687	1.11697
-5.28529	2.04823
-5.74996	3.34866
-8.52476	1.38302
-6.16883	2.92924
-6.69457	1.5284
-5.79326	2.29012
-8.57474	3.02154
-6.08285	0.637939
-7.21809	2.22055
-9.01838	2.46217
-6.16653	0.739042
-7.25672	1.1401
-7.32538	2.64485
-6.56954	1.01099
-7.88456	-0.167416
-7.98042	0.571519
-8.84742	3.23592
-8.90872	3.79299
-7.5845	1.33805
-5.55165	1.47877
-7.49422	0.538761
-5.75039	3.80387
-6.98314	0.849771
-8.74908	2.43397
-5.62167	1.21143
-6.64947	3.64717
-5.0921	1.09048
-7.54657	0.363278
-7.21483	3.1446
-7.017	0.253702
-7.9746	0.196667
-8.05141	1.71342
-6.38001	2.35158
-7.65122	2.74189
-6.18915	1.32561
-6.33203	2.99311
-7.84515	1.25046
-5.25743	1.04653
-6.71912	3.63693
-8.90425	4.42769
-6.89011	2.81167
-7.99726	2.4149
-8.27195	2.90907
-8.757	0.615668
-6.7267	3.17124
-6.73433	1.91994
-8.30208	1.26132
-7.48613	1.84747
-5.92527	-2.15803
-6.82302	3.42376
-6.55306	2.0386
-7.49117	1.25291
-7.24251	2.99237
-7.47103	1.29812
-7.56642	2.65533
-7.09802	0.351766
-6.18008	1.40294
-7.15617	0.484539
-8.13513	1.92014
-7.38683	1.08489
-6.85973	3.49541
-7.0908	2.27777
-8.06105	1.97873
-7.4668	1.96661
-7.90464	1.13264
-8.18122	1.1983
-6.13681	1.01715
-6.89129	1.56893
-6.12009	2.94744
-7.50294	1.76038
-8.13742	2.08691
-8.97837	2.88121
-7.18389	0.884509
-5.71571	3.54528
-7.96315	0.899807
-8.39379	2.1025
-8.52073	2.93441
-8.16686	2.32728
-7.53718	2.96823
-7.15218	1.12996
-6.9786	2.48777
-7.34603	1.71696
-7.42708	0.116884
-7.43795	2.11571
-6.07119	0.614479
-6.85294	3.34964
-8.79626	1.93251
-7.31348	1.78814
-6.69057	0.00313728
-7.53011	2.8018
-6.78215	2.89755
-6.79737	1.41054
-7.82671	0.168922
-8.03153	1.69087
-8.30842	0.930991
-6.71695	2.07217
-2.25083	-2.52256
-6.83174	2.67577
-8.19641	2.81653
-4.63349	3.33084
-6.87361	1.24985
-6.12769	0.127756
-6.70144	0.830327
-7.71961	0.905231
-6.69076	-0.0577853
-5.32485	1.33576
-7.38049	2.16655
-5.95855	0.349969
-8.67363	4.00091
-6.01782	3.0548
-6.29174	2.59531
-7.91683	1.81832
-6.13131	0.0938972
-6.94838	0.758293
-7.99335	2.16767
-6.33235	3.8259
-4.69484	0.886192
-6.70377	0.893406
-7.95076	0.883061
-7.26032	2.52292
-7.73933	1.4846
-7.26587	1.86407
-8.45894	2.15399
-4.54277	2.9487
-6.93544	2.41905
-7.13246	1.4388
-6.69951	4.39742
-5.99898	2.18134
-6.20821	1.62945
-6.15951	2.55087
-7.30086	2.54405
-7.76031	0.341836
-7.30765	2.68527
-8.03967	1.87414
-7.26062	0.819839
-6.65446	1.8557
-7.07103	1.51007
-7.74263	4.57473
-6.87255	0.817771
-7.66118	3.19228
-7.92319	3.05711
-5.62127	1.74259
-6.24121	1.04743
-5.93955	1.04763
-6.69483	-0.0561343
-6.40525	1.8781
-8.28764	2.75588
-6.77589	1.44364
-4.74711	2.6605
-6.11582	1.4015
-8.86479	1.78239
-6.68034	1.74546
-6.7561	-0.0807102
-6.01628	-0.262232
-7.06775	1.11732
-6.66935	2.34295
-8.84353	0.525184
-5.86056	1.99127
-8.32452	3.49712
-6.80976	3.09698
-8.64451	0.807847
-7.93549	1.41891
-8.82275	3.39125
-6.54432	2.59967
-5.97358	0.165039
-9.07064	0.00385572
-6.61743	2.68052
-6.66514	-0.107855
-7.26948	2.56952
-6.15655	1.70035
-8.68819	1.14203
-6.37938	1.64229
-7.40158	2.87361
-6.62985	0.667766
-8.78752	0.515745
-7.38428	2.10162
-6.33701	1.02151
-8.90682	2.43901
-5.70614	1.9756
-6.42881	2.31762
-5.51387	1.9405
-7.22469	1.43913
-8.72204	2.82037
-6.97762	2.18774
-6.51329	0.987387
-5.43621	4.26004
-6.92398	5.00037
-7.93872	2.52607
-8.00306	3.89238
-6.97138	2.37191
-6.9045	2.03155
-6.11684	0.0855907
-7.56888	0.372077
-4.20247	0.00256148
-6.09205	3.55266
-8.02391	1.12642
-8.41198	2.7701
-7.22256	2.60129
-5.77423	0.283515
-5.7125	1.2973
-7.80687	2.27241
-8.39941	0.729259
-7.3469	0.55513
-7.33181	1.04653
-5.69542	3.03305
-7.37725	1.42845
-7.20209	0.620709
-6.27943	3.54714
-6.81647	0.543011
-8.1809	2.30583
-5.59642	0.755745
-5.56382	0.523563
-8.06272	2.26332
-7.15232	2.44343
-5.60361	0.6645
-8.04543	1.76561
-6.25036	1.87174
-7.03337	0.373836
-6.04025	1.78264
-7.06202	2.76201
-6.48169	1.72907
-8.22107	0.66214
-6.64218	2.52777
-8.29841	2.18061
-6.71359	2.85828
-7.18944	2.89589
-7.01003	-0.0652148
-6.65445	3.71713
-8.94804	2.0694
-8.3616	1.72033
-5.99615	0.349616
-6.46728	1.73141
-7.38977	3.01789
-6.66559	4.33449
-6.4757	2.50074
-7.32671	1.18751
-6.37287	1.31387
-6.93353	2.34707
-6.49994	2.97343
-8.02587	2.11766
-8.23214	0.202981
-7.77813	2.16246
-6.26938	4.50828
-6.13201	0.785785
-5.40444	1.61068
-7.38102	2.27255
-4.59672	0.874956
-8.47734	1.32526
-8.55601	0.532753
-4.63308	1.31196
-8.59988	1.06304
-4.61348	2.50632
-6.05536	1.11284
-5.71202	1.71368
-6.55014	2.56713
-8.44614	3.86706
-5.24141	1.96864
-8.02937	1.9245
-8.41246	2.66775
-7.50299	1.48946
-8.46349	6.76284
-6.96677	0.687004
-7.71559	2.10764
-5.94924	2.80235
-6.50311	3.51913
-8.83501	0.438918
-6.44283	0.40829
-5.64727	2.9651
-7.30502	2.37609
-6.83247	2.76165
-8.1942	3.08288
-6.29366	1.90205
-7.76103	2.03799
-7.88531	4.87439
-8.45903	1.55464
-8.38931	3.0918
-8.80492	1.82872
-6.93667	2.63103
-5.71417	0.925842
-5.68636	1.49854
-7.72116	0.631986
-6.80039	2.91173
-8.02579	0.863571
-6.07799	0.647232
-7.01617	2.42128
-7.83576	0.221698
-7.39709	1.06766
-7.68272	4.05617
-8.35428	1.52886
-7.60062	3.40505
-4.93752	1.0339
-6.83404	1.93046
-6.21429	2.68236
-6.44475	1.01116
-7.4483	2.46071
-7.0167	2.66715
-7.07026	0.477774
-6.81498	0.562395
-6.73176	1.54059
-6.01206	3.30682
-8.22024	1.09973
-7.94928	0.948497
-6.19933	0.471423
-7.68508	2.91937
-8.89772	2.85932
-8.12791	1.23309
-8.1737	3.0603
-7.82148	0.729675
-7.10405	3.75413
-7.81855	3.02412
-7.72065	1.21875
-6.92107	3.68755
-7.13587	1.117
-8.65195	3.2388
-6.36911	0.361784
-6.38265	4.08447
-8.10144	1.5489
-7.08912	0.259974
-7.19545	1.30442
-6.60119	0.469793
-5.04794	4.20566
-5.66929	3.072
-6.65293	2.48668
-5.29183	2.69104
-6.90968	1.17945
-6.47112	-0.0736259
-8.15878	3.75181
-5.80379	2.51188
-6.17844	1.1238
-7.00669	2.388
-7.51656	1.46827
-7.41518	2.30331
-6.00565	2.36029
-6.15169	1.42757
-7.20923	3.02095
-5.17249	1.03964
-5.14304	0.500487
-8.34422	0.344104
-5.80816	0.561959
-7.69019	1.71875
-6.55576	0.0571611
-7.06886	0.424018
-6.46693	0.0515958
-7.55443	1.08851
-7.31169	2.9019
-7.24504	2.51027
-5.09608	1.46971
-8.48778	1.875
-8.77949	2.86369
-7.54992	2.4615
-6.67519	3.86425
-6.85761	0.67918
-8.18946	0.95644
-6.92454	2.46439
-4.9334	0.719998
-5.72859	1.40054
-7.43127	2.127
-7.5649	2.65117
-8.71375	3.33455
-7.82666	3.11104
-5.7367	1.7985
-8.52453	1.92913
-3.1209	4.20102
-7.15328	0.663422
-9.01877	2.19144
-5.50671	1.03193
-6.61385	1.39851
-6.68631	1.34231
-6.49391	2.07569
-8.75282	2.41646
-6.47525	2.67029
-6.41576	1.50886
-8.50661	2.41704
-8.48336	0.0407142
-7.7	2.0076
-7.2684	2.93651
-5.73298	1.60437
-6.16212	0.955941
-5.96302	2.64272
-8.80475	3.04231
-7.71857	1.85439
-8.52045	0.39455
-8.06716	1.69403
-6.05415	1.46497
-8.45562	2.65991
-6.62913	1.43318
-8.90105	0.608256
-8.37569	2.68622
-8.03936	3.83988
-8.28394	2.82382
-5.36871	2.15934
-8.37507	4.49434
-7.55419	1.87866
-6.92013	2.44386
-8.64383	2.78095
-4.58043	1.68074
-6.77123	1.29324
-7.67297	0.0355956
-6.5315	1.35535
-5.80367	2.17458
-7.28374	2.21571
-7.01053	2.50148
-7.08392	1.99031
-5.61461	2.34928
-7.24826	1.44453
-6.99659	1.37981
-6.12987	0.51627
-6.87924	1.98337
-7.12233	2.01013
-8.00079	1.47583
-4.71388	0.493757
-6.52951	1.14224
-5.66162	-0.50191
-7.50136	1.70477
-8.43587	1.94914
-8.26616	0.686395
-8.16595	3.68427
-8.02765	0.659689
-6.93932	0.840236
-7.74839	3.38757
-7.22986	3.05706
-7.84483	2.98205
-6.29707	0.902547
-5.91604	3.60166
-5.35591	1.94231
-5.58271	1.65719
-4.50841	2.62211
-6.95018	3.19496
-6.51438	2.06549
-6.23216	2.61535
-6.47939	-0.0421213
-7.27952	1.17156
-8.27216	1.53914
-6.96986	2.27218
-8.6046	2.46853
-8.41658	2.12814
-5.85553	1.04348
-6.56411	0.851937
-6.14885	3.5494
-8.409	1.36875
-8.45907	1.58019
-4.74533	1.78113
-6.41719	3.19517
-8.4447	1.26346
-7.33576	1.1374
-7.7245	4.04542
-6.00122	0.963137
-7.10473	2.04972
-7.63867	2.21012
-6.33699	1.87284
-7.25184	2.77467
-6.27883	2.37277
-8.01889	0.976043
-6.20722	0.465438
-7.26644	2.73319
-6.70512	2.52817
-4.9602	1.41283
-5.69898	1.92877
-5.43505	4.56056
-5.63011	2.01013
-6.56981	-0.0301873
-2.44164	2.49927
-8.24307	1.72696
-6.3672	1.90195
-8.12333	2.34378
-7.33931	1.00919
-7.91468	2.59698
-8.4275	1.53936
-5.82088	3.00123
-6.65062	3.52304
-8.33298	1.20558
-6.77532	2.34509
-5.44903	1.66196
-7.8956	2.98667
-8.00725	3.17528
-8.57553	1.19868
-8.0989	3.23871
-7.19736	4.69267
-7.79217	2.53886
-6.19022	0.147001
-6.39452	1.11955
-7.1288	1.86301
-6.89511	2.55488
-7.55539	2.0801
-7.2701	0.26603
-8.48971	2.26112
-6.73084	4.31713
-6.83801	1.97592
-5.58583	1.72913
-8.06952	3.81627
-6.54478	2.07595
-7.29341	2.03862
-7.38681	1.82057
-6.49821	0.991527
-7.89048	1.87513
-6.54164	3.21343
-6.36914	2.85268
-6.87532	2.33422
-7.62627	2.72039
-6.32611	4.49767
-6.95038	1.9177
-5.88745	1.33251
-5.77214	2.15891
-4.83281	1.27112
-6.76195	2.55508
-8.09269	1.29928
-5.61884	2.42721
-5.61395	1.34033
-5.91599	1.75717
-6.52945	1.08907
-7.64442	3.64851
-7.68606	2.76506
-5.43979	1.96024
-5.23163	2.39686
-6.35885	0.527268
-7.49342	3.00536
-8.52511	1.15285
6.7221	-9.40417
-6.39126	2.28099
-8.13207	1.55525
-6.31698	2.86491
-7.26026	1.39364
-6.22838	2.103
-7.01694	0.601441
-5.81654	0.828624
-7.12758	2.11089
-6.49622	2.31088
-8.1787	2.19885
-6.88358	3.4713
-6.5845	0.172736
-7.12218	1.97272
-5.45133	2.66582
-5.57542	1.9949
-7.64323	2.25622
-6.31775	1.92137
-7.36531	0.510567
-7.63044	2.69642
-7.69494	2.05036
-7.01949	3.75461
-4.93927	-0.134272
-6.35176	0.00417577
-7.18925	0.279958
-6.05894	2.94899
-6.71882	2.92629
-8.43765	3.20196
-8.27458	1.42797
-6.02575	1.10106
-4.66561	2.45283
-7.85317	0.926637
-5.35333	1.32349
-8.34421	1.91656
-8.63408	4.87025
-6.62575	1.12465
-7.6598	3.12699
-8.2075	1.25829
-5.56331	1.37752
-5.45721	1.17193
-5.48211	1.80649
-3.77708	1.20257
-7.27795	3.36039
-7.30245	2.9742
-6.74805	0.384294
-4.28981	-5.16408
-8.1497	2.5271
-7.93869	2.27779
-6.63296	2.77515
-6.48185	1.81918
-6.93624	2.466
-3.01015	-4.33261
-6.99221	1.47142
-8.78223	1.04103
-6.20306	2.67693
-8.85624	1.36819
-5.52463	4.00095
-7.12308	0.662156
-4.32335	1.3864
-6.35481	1.2403
-8.37515	0.131696
-6.79107	1.33757
-7.50679	1.54579
-6.23386	1.90883
-7.13923	0.785995
-9.05857	3.22002
-7.12088	1.29409
-5.20058	1.42782
-7.4756	3.33394
-7.50526	1.90457
-8.31655	1.62419
-6.71587	1.96134
-4.8481	4.12516
-5.5608	0.349144
-8.60889	1.16008
-6.69444	3.30449
-6.17236	2.08379
-7.97953	3.81548
-6.77691	2.56143
-8.76355	2.18993
-6.78405	2.16767
-8.78052	1.46759
-6.90777	2.17257
-7.08891	0.807746
-5.60908	4.3117
-8.09758	2.62707
-4.83902	3.43833
-6.33047	2.55216
-6.76639	3.99609
-7.34778	0.880282
-7.37433	2.40175
-8.43673	3.07555
-6.54096	1.75094
-8.2298	0.399317
-7.13259	1.45623
-7.38052	2.59656
-8.36269	0.700842
-6.83437	0.564533
-7.71103	1.25708
-7.59745	2.57306
-6.91621	1.27201
-8.89354	2.56103
-4.87755	0.684202
-8.14374	1.44024
-6.74608	2.65294
-7.19291	0.632618
-7.48926	0.843691
-7.93029	2.44706
-7.54972	2.37959
-7.58665	0.262819
-8.15432	2.03369
-7.35492	3.18734
-7.29211	0.317243
-7.09866	2.00962
-6.74218	0.194317
-7.39112	2.0398
-7.55179	0.346448
-8.52055	2.73158
-8.19222	2.75966
-8.08223	0.584443
-7.00554	2.45738
-7.20543	3.15823
-7.6464	0.406906
-6.54657	0.384426
-6.42692	1.90163
-3.50601	3.4205
-6.20303	2.79922
-5.71632	4.93619
-6.98698	2.74686
-6.12569	0.950272
-7.61234	1.104
-7.98001	1.02768
-7.95504	1.68934
-7.77008	2.98558
-8.07504	1.17481
-8.80883	1.68657
-7.76479	0.470122
-8.96361	0.667741
-7.16443	3.08356
-6.89105	1.65425
-7.22742	3.53479
-7.69911	2.78881
-5.8975	2.50139
-4.04052	2.44181
-6.66489	1.43848
-6.58961	3.44209
-8.41547	3.01867
-6.07727	1.53491
-7.12372	1.70971
-5.36775	0.590578
-5.91757	0.710472
-7.8837	4.6066
-6.33897	1.60333
-6.61393	1.92002
-6.54042	2.55484
-7.00193	0.863591
-8.55835	3.71848
-6.59565	2.60354
-6.4784	3.0616
-6.98356	2.46009
-6.38655	2.34643
-7.86328	1.12372
-6.62063	1.72901
-7.1174	0.382751
-6.36891	2.06375
-8.2053	1.88847
-6.25113	0.486296
-5.59447	4.48566
-5.34145	1.88585
-6.30991	2.50931
-6.73192	2.49543
-8.25534	0.0207666
-8.42161	1.93704
-6.03662	1.7602
-8.19061	1.80386
-5.23419	2.01882
-7.78447	1.86385
-5.53693	1.09382
-7.03256	2.98843
-8.48479	0.247946
-8.82899	1.11071
-8.71586	0.203689
-7.15671	0.09889
-3.40441	5.86255
-7.19635	1.92345
-7.04221	0.272521
-6.8762	1.86376
-6.98186	1.61698
-6.10721	2.77559
-8.66174	2.76268
-8.58514	0.95778
-5.85606	0.928341
-7.53687	2.78173
-5.69998	-0.231323
-7.95304	1.87639
-7.85721	1.22055
-7.47447	1.96974
-8.88038	1.25068
-8.36047	1.84046
-7.15501	0.834664
-7.16919	1.59057
-7.8781	0.169947
-6.77363	0.535056
-7.50527	0.770251
-7.08009	1.91647
-7.98913	0.630776
-7.25693	0.422156
-6.35856	1.46256
-7.15205	1.76638
-7.1012	1.82414
-8.42536	0.706845
-4.1745	0.186726
-6.37371	0.947043
-7.11372	3.81757
-8.50171	2.58162
-7.89815	1.75615
-6.54361	1.31173
-8.17356	0.721562
-6.94794	1.63742
-6.55412	3.93432
-7.89881	3.00036
-7.92995	2.56723
-6.14362	0.767469
-7.49321	2.06584
-4.85597	2.41407
-6.84723	0.137618
-5.49627	1.61679
-8.90345	0.864074
-8.13525	1.8067
-8.00074	2.04344
-5.82646	5.52714
-7.48027	2.48889
-7.81559	2.36693
-6.54106	1.37198
-7.76286	1.99079
-7.29437	2.58854
-7.51954	2.93961
-1.21703	-7.73865
-8.51582	2.65778
-8.85922	1.96439
-7.25095	2.65135
-6.74774	3.72537
-7.8421	1.26339
-7.65228	2.64431
-7.42913	0.791205
-4.22218	0.354401
-7.26899	1.729
-8.50464	1.93884
-8.59834	0.312277
-6.62714	0.507538
-6.78379	2.1085
-8.99359	5.43958
-6.77994	3.94096
-6.23073	1.79083
-6.25697	0.757863
-8.17659	1.48638
-4.71239	0.683446
-6.25555	-0.117954
-7.30892	0.743373
-8.31194	1.37508
-6.44227	1.1249
-7.27042	2.11741
-6.36833	3.35132
-6.35659	3.23769
-6.88576	3.49797
-8.1124	2.96221
-6.35695	1.05546
-7.01797	2.67282
-7.35941	1.45539
-6.65416	4.0176
-8.38412	2.73088
-7.45572	2.9128
-6.31648	2.62998
-8.80946	2.84078
-3.70694	1.71589
-7.0941	2.12481
-7.52829	2.51807
-6.79142	1.33485
-6.68846	2.85592
-8.30601	2.39193
-7.07548	2.72662
-7.76674	0.335583
-8.0987	2.86797
-5.98555	0.616254
-7.6214	2.24772
-8.1155	1.4518
-8.06212	1.94292
-9.15413	2.90201
-8.10856	2.95729
-7.04705	3.08681
-7.00856	1.164
-4.8707	-0.594215
-7.06614	3.05209
-6.78713	2.54204
-5.23007	1.79037
-6.82196	1.54208
-6.40108	3.86259
-9.09061	4.50384
-6.10587	1.74792
-7.43153	1.87229
-7.98558	1.78741
-7.66829	3.22219
-8.18273	1.95445
-4.8305	2.33463
-7.62169	3.29319
-7.67137	0.19773
-7.71124	1.1917
-6.39418	1.1472
-7.68131	2.30269
-6.47267	3.52168
-6.01462	2.6339
-6.75484	2.84261
-6.85989	2.67658
-4.87435	2.50309
-5.99435	2.34642
-7.86556	3.98581
-8.8095	0.817522
-6.30153	1.96782
-7.49131	0.416059
-8.24851	0.811187
-6.77388	3.94004
-7.39418	14.2706
-6.46797	2.11783
-9.08221	2.09257
-4.95813	1.63446
-6.59434	0.375601
-6.66336	0.26769
-7.62819	2.86953
-5.60631	2.71516
-6.47161	1.90239
-8.03603	2.20557
-8.36587	1.69256
-6.92937	10.7846
-7.43271	2.5624
-6.10184	3.65182
-7.38726	0.677886
-8.59566	1.01167
-6.9048	1.01507
-7.05162	1.93591
-7.42106	0.648859
3.48275	-5.63887
-5.23895	1.05205
-6.74332	0.920645
-6.64356	3.33665
-6.71661	1.88684
-9.26983	1.69393
-6.40294	3.3821
-7.31602	1.95424
-6.41388	1.17357
-7.50091	2.24436
-8.3103	2.27903
-8.21203	1.66076
-7.17581	3.51324
-5.65941	2.17916
-6.62116	1.01098
-7.27746	1.54423
-8.93238	1.58143
-8.7351	5.1138
-6.538	2.43273
-5.26835	1.75107
-7.97949	0.778662
-6.05481	1.50103
-7.36623	1.60067
-5.05553	3.21975
-6.23584	2.83839
-8.27836	1.23768
-7.07587	3.41031
-6.05717	0.817671
-6.96767	2.02596
-5.48692	2.15569
-6.99213	1.7641
-7.64244	1.92274
-6.67848	0.753626
-8.48189	1.83465
-6.97464	2.72805
-7.50297	1.78394
-8.69383	1.11649
-7.25868	3.0182
-8.24048	3.18429
-6.35555	1.99645
-7.15565	0.491749
-7.24636	1.33159
-6.38842	2.98991
-6.91246	3.42583
-6.07465	1.35604
-2.64083	-1.20835
-8.01344	0.867099
-5.47734	2.92984
-6.58924	1.11843
-7.23992	1.99255
-5.34627	1.91553
-8.81633	2.70317
-8.49176	1.35589
-6.67658	1.6523
-6.11375	2.35011
-7.46972	1.1831
-6.33862	1.94861
-7.47097	3.33613
-6.14208	0.797302
-6.57864	2.5966
-7.60982	1.29846
-6.36605	3.05082
-7.70107	2.82059
-6.70184	4.81851
-5.9963	2.12812
-8.21082	3.32437
-5.59643	2.17907
-6.97386	0.659243
-6.47208	4.92898
-7.88377	1.00742
-6.06578	3.08957
-6.89731	0.266998
-7.51188	0.291391
-7.8585	0.275156
-7.89779	2.48015
-8.85329	2.22371
-6.76837	2.43332
-7.60006	0.859975
-8.01712	1.47079
-7.03365	0.671205
-6.75385	1.62538
-8.41133	1.46838
-8.10754	2.58869
-7.42112	1.94219
-7.77723	2.37365
-5.33064	0.540489
-8.17202	3.72401
-6.50682	2.96636
-8.28636	3.17411
-5.98029	2.9143
-6.12552	1.72456
-7.31144	1.07253
-7.64675	3.07047
-6.43513	3.08499
-8.29833	1.22778
-6.44656	3.15563
-7.35859	0.653019
-7.55682	1.19158
-7.3245	3.50923
-8.14818	0.737454
-7.41856	3.06876
-5.59055	3.07958
-6.13242	0.450603
-6.45688	1.78262
-6.69308	3.33518
-5.73679	0.0898115
-6.66196	2.92999
-6.97857	1.30595
-8.91362	3.48002
-7.064	0.602142
-7.99063	2.54745
-6.79569	0.235323
-7.28782	2.6584
-8.04873	1.32466
-9.11447	1.53323
-7.33207	1.51367
-7.61973	0.242559
-6.70021	2.21932
-6.85369	2.07615
-7.26146	2.36481
-6.93148	2.94173
-5.87929	1.94133
-6.20211	1.45089
-7.59473	0.769163
-6.40454	3.87672
-5.98938	-3.27775
-6.81076	1.93019
-8.31876	1.17331
-7.69898	1.50669
-7.73576	0.954361
-6.13273	3.19401
-8.11041	1.84413
-8.40519	2.83105
-6.50876	1.68373
-8.80813	3.91777
-6.75121	2.12371
-6.78022	2.23818
-6.43552	0.560867
-6.52037	2.83601
-8.51809	1.41727
-6.34827	1.13572
-6.90319	0.331315
-8.58282	-0.0718487
-6.88996	2.11948
-5.88083	1.54908
-8.06672	2.91423
-8.52701	2.13876
-7.82583	1.27433
-8.89311	2.47321
-3.24731	3.44862
-7.4852	3.16556
-6.07827	1.40141
-7.01794	0.164271
-8.29521	3.55266
-7.35149	1.86447
-6.62948	0.8477
-5.47839	3.23075
-8.54298	2.98013
-5.91068	2.01204
-6.81634	1.32434
-6.35172	0.886452
-4.5288	2.45367
-6.3399	1.12249
-7.97346	4.49673
-7.00017	2.60542
-7.77671	1.68614
-6.43184	2.01119
-6.39704	3.11193
-7.52576	2.54747
-6.158	1.26924
-6.6735	0.874314
-6.9365	1.52717
-6.84997	2.94139
-7.50621	1.14015
-8.72753	1.09088
-8.41266	0.149165
-8.29268	2.23779
-7.31992	2.18818
-7.30048	2.12271
-7.96864	1.44872
-7.62723	2.31383
-7.47501	1.00747
-8.56275	0.571785
-7.22735	1.17792
-6.5867	0.470314
-8.25258	3.6822
-6.39796	2.63728
-5.9483	2.23185
-8.95725	3.24545
-8.16269	0.598593
-6.32121	2.81088
-6.97022	0.448016
-6.38714	2.48142
-8.90999	1.08094
0.822186	-11.9038
-7.99642	0.401649
-6.16834	-0.112004
-6.33421	1.84347
-8.27194	0.620145
-6.54528	1.40088
-4.68347	2.49741
-8.34055	1.66183
-7.72853	2.21976
-7.76108	0.89325
-7.9238	2.60653
-5.03942	2.94352
-8.54174	1.9648
-6.32064	4.18774
-5.83419	0.677371
-8.49214	3.23129
-8.66633	2.25018
-5.79506	1.00255
-6.6978	0.98408
-6.28039	2.15293
-6.06191	3.67539
-8.21054	2.67965
-7.09271	0.150358
-8.0915	0.628063
-7.09357	1.54652
-5.48293	1.4031
-7.65093	1.22152
-5.62425	0.462603
-6.80739	0.840442
-9.07694	2.50095
-6.84572	1.11045
-4.64091	2.62398
-6.01369	1.8142
-6.34861	0.099788
-7.42401	0.795125
-8.21965	2.45814
-7.37139	4.04692
-7.90016	1.02075
-7.45879	2.03308
-7.82482	1.80328
-6.53437	1.46675
-8.49395	-0.17588
-6.8347	2.65667
-7.93636	2.06897
-6.25159	2.25023
-5.48453	1.23939
-7.89752	2.07023
