4.07831	10.3558
1.92254	13.162
0.101748	9.46011
2.4996	11.1504
3.71276	11.9995
1.41214	9.67408
0.841759	9.70969
2.19972	9.50689
4.12049	9.76359
2.17935	10.9896
2.84711	10.8576
4.52217	10.1842
3.27639	10.7584
2.36555	12.9154
2.41165	9.78851
0.956378	11.891
0.619595	9.71389
1.04545	10.7162
1.38619	11.2013
1.37575	10.2497
2.50376	11.453
2.41856	10.2795
2.8212	10.0115
2.66354	10.5877
2.56474	9.39607
2.16284	10.6991
1.24135	10.1949
0.719534	12.4731
0.701183	12.6181
1.9434	9.88221
1.73203	11.0009
3.66206	12.288
1.6573	9.68887
2.05079	11.4154
3.39169	11.2589
2.89042	13.5783
0.324477	10.9584
2.65546	10.9383
2.52273	11.0167
2.28917	11.3602
3.44199	10.1604
1.24305	11.3768
0.161204	11.0326
2.20741	10.588
-0.209934	13.2384
1.05656	11.4582
1.38502	10.5825
1.18456	9.59896
2.88798	9.26964
2.69724	11.485
2.46526	10.7302
1.94907	9.77279
3.57612	12.9954
3.1147	11.0758
2.86603	11.4338
3.42873	11.3776
1.98342	11.0646
2.01547	9.59457
1.37741	11.7228
3.16716	10.1637
0.690963	11.5064
0.987288	14.2452
1.48888	13.3602
4.30964	10.2666
2.34103	10.6057
1.93968	11.5621
0.602468	9.58443
1.0592	12.1366
2.67461	9.94213
0.84302	12.8484
0.682856	11.3419
2.74455	8.92205
0.885003	12.0689
3.09102	13.0776
1.68153	9.67009
0.783791	10.6306
1.99589	10.5526
2.26889	10.5442
3.04811	9.68643
1.69153	11.7499
0.327773	9.87095
1.61729	11.3852
1.09532	11.8673
2.14214	11.2593
3.8146	11.31
2.19342	11.3283
2.59042	11.599
1.36948	10.3847
3.32654	12.6734
1.75028	11.6674
0.997982	8.91628
0.943432	11.1503
0.766016	9.80848
4.01333	9.81222
2.32976	10.176
1.94989	11.416
1.90826	10.6682
1.37579	10.6764
0.18265	12.6125
1.67153	11.2448
3.32106	10.7925
2.18787	10.7583
4.4627	10.6271
2.65671	10.7463
2.29114	9.12544
1.50106	11.7786
3.0091	13.7284
2.09258	10.7258
1.91221	10.934
2.5733	10.1652
2.95199	11.0223
0.312872	12.3033
1.4164	10.4097
1.00406	9.78408
1.34332	11.0266
2.68752	11.8811
-0.0149449	9.57892
3.31639	12.096
2.32787	10.3313
3.28792	10.7579
3.2398	10.0358
0.596731	11.3512
1.89971	9.7145
1.70394	9.25086
0.398127	9.9925
1.38394	9.3376
2.54885	12.224
2.51466	10.7785
3.08581	11.3481
2.72695	11.4899
2.79519	10.8363
2.34166	11.2056
2.60859	11.7462
1.19642	10.4349
0.381922	11.8183
2.34549	9.67534
1.8124	12.3186
1.60243	13.4227
1.94232	10.9228
7.21873	11.463
0.384384	13.8149
1.38795	9.41763
1.09249	11.2322
2.66125	10.3371
4.64246	9.8509
4.16345	11.6496
3.60119	8.97892
2.89735	11.7462
2.15803	10.4481
2.44181	8.97129
3.09421	12.3652
0.620178	11.9795
3.13197	9.65644
2.63858	11.8471
9.07043	11.8513
4.38893	10.1677
2.31401	10.9183
1.60963	11.0143
2.29517	11.8702
2.43831	11.096
3.00214	9.75569
1.7621	10.6783
3.82145	9.3761
2.57109	9.53461
1.38943	9.88544
2.66201	10.0362
1.82291	10.7104
1.13182	11.1439
2.63214	11.7365
2.53754	11.3472
2.11366	10.5809
1.66299	12.2985
3.10669	12.8845
0.0169929	10.9191
0.692181	9.43313
1.65536	11.3772
12.8756	-14.0527
2.79136	9.6988
2.89544	9.85347
4.47232	12.4592
2.69284	10.3241
2.70064	9.42605
3.25769	10.753
0.911533	11.7893
2.27673	10.89
0.683261	11.0655
0.956655	10.9339
2.04759	9.82443
2.50703	11.1965
1.78664	9.8323
3.87116	9.68307
1.27442	11.3038
2.57024	9.91082
1.38784	13.9565
0.992709	11.7364
0.952563	10.6968
0.439563	11.4418
1.04624	10.6049
1.11803	9.73676
0.33977	11.8662
0.84445	10.7386
1.01927	10.4985
1.39518	11.7039
1.28941	12.4182
2.22729	12.5686
1.15233	11.3356
2.23279	11.1956
2.59053	12.0557
2.92765	9.04987
2.37254	11.7901
3.20613	10.284
2.92311	10.1313
2.08358	13.0247
3.05254	10.9512
2.11126	11.8272
0.570178	11.8578
0.746296	11.9466
3.13103	9.99173
1.2658	9.97812
3.08064	10.1602
3.05963	11.1608
4.21517	13.3813
2.60265	11.0971
1.7985	12.0557
2.36628	9.92242
1.91612	10.5687
1.24587	9.8905
2.13482	10.6079
4.21032	12.6141
2.49102	9.48752
1.10222	11.0834
1.5829	11.0944
0.1547	9.63167
1.34768	10.8461
2.07862	11.1713
0.150714	10.2043
0.0661409	10.7014
0.160435	11.6439
-0.0984246	12.8276
1.93286	11.2923
1.62422	11.5621
1.96334	11.7351
2.15567	12.6502
0.968617	12.1194
1.20765	11.7166
1.58094	10.2772
3.06956	11.0939
1.98586	11.2042
1.78006	9.14152
0.110661	12.9617
1.32333	9.73994
4.12439	11.07
2.5655	9.95405
0.763265	9.44243
3.27771	10.7436
0.480015	11.0083
3.36676	9.09856
0.0761988	12.0191
3.50269	10.9895
3.62885	10.6439
3.11012	10.746
2.9865	9.61501
1.61397	11.1042
1.69155	12.2232
4.53324	10.9731
2.23617	10.6429
2.56191	13.2153
0.778576	9.95442
5.89825	9.38202
0.866409	12.7195
1.59331	10.5676
1.76582	11.7382
0.783459	10.9822
1.47599	10.0466
2.54415	9.4121
0.00189764	10.3879
3.01112	12.3115
1.4371	10.9475
3.09763	10.4217
0.970232	10.9318
2.33574	9.67172
1.53663	10.6398
0.451871	10.2286
2.27208	14.3688
3.88866	9.90087
3.416	11.1937
1.39	12.5854
2.83933	9.06259
1.5602	11.34
2.36011	10.8255
1.35538	14.1039
0.376877	11.9276
3.85599	9.48703
3.94724	12.3419
2.00444	11.474
0.480137	12.3411
1.09829	9.48314
0.459286	10.0846
2.72192	13.583
0.950566	10.3749
1.30356	9.9976
1.26844	10.4928
4.46355	11.5594
2.62084	9.12138
0.907893	11.8368
1.81498	11.8953
0.738514	9.08915
2.89733	11.8617
3.93881	9.84094
0.694969	11.0903
2.7394	12.776
2.39801	10.0179
3.1983	10.6215
3.09361	13.0893
2.77469	10.2923
1.02556	10.2371
0.256847	9.50072
1.39798	9.53269
2.13198	12.4039
2.30748	10.0278
3.4869	10.9647
2.65913	13.5268
0.297479	11.7687
0.637199	12.1329
2.70812	10.9382
2.86665	8.84625
1.86934	9.10267
5.48267	11.335
1.48407	10.658
1.52336	10.4854
0.350249	8.86001
2.84937	9.60313
1.79841	11.2676
2.65526	11.1169
0.403113	10.5025
2.19777	9.69216
2.34967	10.69
3.40849	9.99021
1.16698	10.8152
1.59758	10.9229
2.95477	9.16607
3.46239	12.351
1.77108	10.9019
3.24817	8.62266
6.34099	12.9219
1.96944	11.9709
1.27139	10.3889
-0.134813	9.54762
0.805594	9.27631
2.25201	13.7704
3.68649	12.4274
1.65086	12.074
1.92107	9.50646
3.36578	8.82281
2.84253	9.56776
1.51367	10.4452
1.39529	11.2686
4.8385	10.2069
1.07874	11.0607
3.73241	8.92761
4.0785	9.93351
1.37648	11.7727
2.26924	9.55454
2.86158	11.189
1.52191	10.5001
1.99317	12.5848
1.43499	11.6944
2.3654	10.569
1.17963	9.55969
0.5498	11.2802
0.96547	10.4518
3.31741	9.76365
2.33898	11.1292
2.20049	10.1547
3.73997	10.4421
2.60384	14.8212
0.063194	12.2516
2.86907	11.8326
1.84836	12.3902
3.36975	11.3786
1.08427	11.7851
1.81687	10.0627
2.22987	9.82549
1.06033	10.2108
2.14126	12.0294
2.77814	11.846
3.24066	11.8827
1.82091	9.9675
2.38391	12.078
0.483957	10.5143
2.86174	12.4042
2.64218	9.91287
0.275329	9.26684
3.17687	8.41064
3.45883	11.4919
2.25049	10.6886
0.218196	9.39081
1.58985	12.6438
1.51965	9.24124
0.46979	11.7339
3.31472	10.7704
2.32049	10.9985
2.57047	10.5879
1.42153	9.01664
2.53862	9.7108
1.99368	11.6539
2.72699	11.3428
0.98282	12.2307
3.70826	13.0442
0.140451	10.2809
1.13595	11.5479
2.94674	9.28649
1.24635	10.6621
1.34771	11.1176
1.45645	10.4117
0.512495	13.0246
0.625564	10.9099
3.20208	11.7796
1.44935	11.2964
1.56433	10.1652
0.27589	10.864
2.03351	11.2807
4.62735	10.0084
2.27675	10.3259
2.00914	12.9563
1.56482	11.5527
1.80637	10.5361
1.10087	13.8044
2.3065	12.3355
1.38047	9.70514
0.48766	9.10793
2.09466	11.1093
2.40313	9.55592
3.02469	9.21026
1.15128	10.28
3.99732	10.1332
4.67055	12.1407
1.11751	9.50794
0.790268	9.09338
2.55236	12.8525
5.24711	10.9058
1.98346	11.8255
2.77042	11.7137
3.55561	9.04843
3.85545	10.2403
0.670824	10.8438
0.919297	11.3426
2.71204	13.8389
3.91024	11.6289
3.18052	9.91992
0.855772	11.2572
1.62155	11.1861
0.534906	11.585
2.24798	9.68581
1.89015	11.3218
0.00066695	10.8171
1.62269	8.75369
2.56401	11.786
5.21558	11.3661
2.59787	9.34583
2.38011	11.236
2.81157	10.5203
1.83719	12.6076
2.13705	11.1913
3.54693	9.64809
2.31036	9.48282
0.406734	12.2565
1.55974	11.1968
2.40267	12.3472
1.69374	11.529
1.6876	11.1251
3.33827	10.1697
0.0813635	11.43
2.47479	11.208
2.70371	10.3107
0.785665	12.5194
3.41566	8.87663
1.02072	9.64865
3.49105	11.2674
1.72311	10.7572
2.31476	10.4589
1.29235	10.0801
1.6557	10.3257
1.47317	10.8276
1.61584	9.9968
2.68132	10.1263
3.91995	12.8365
1.0652	12.8878
1.98947	12.4822
2.90162	9.80652
0.0794923	10.1891
0.791838	11.9551
2.76061	11.1382
0.195319	13.6412
1.01786	11.7782
3.58154	11.5236
0.383133	11.7903
2.85207	10.9301
1.01619	12.0256
4.49307	11.9029
2.63117	10.1861
1.10441	10.7451
0.465126	9.51034
3.63283	11.444
3.04299	12.7532
2.47386	11.7375
3.51765	13.391
1.38034	10.5918
1.672	9.90645
2.86441	9.58068
4.06483	8.63179
0.183586	9.29521
1.40159	12.6553
3.34096	9.99052
1.16722	9.6959
2.74613	11.2474
3.86824	11.4793
1.98227	11.8591
2.42605	12.2902
2.94743	11.0214
1.65768	12.5673
0.631504	9.77
1.27116	10.4172
3.39928	9.87767
4.75858	11.6633
0.669634	11.1527
1.05767	10.5048
5.42918	10.9384
0.681372	9.72923
2.76851	10.859
0.454565	11.5249
0.029775	10.8712
-0.0729787	11.1557
0.382283	9.77856
2.02345	10.9235
2.26864	10.9186
2.98094	9.24754
1.18952	10.9992
2.70825	11.0211
2.13863	11.8308
2.5758	11.7424
1.69129	11.4579
2.85504	14.5399
2.17027	10.4962
1.14318	9.31114
0.436056	11.7191
3.55394	9.35548
0.928035	12.4337
1.72168	11.6075
2.36029	11.343
2.27025	8.95708
2.36423	11.5804
1.57685	9.84286
3.52419	11.1923
1.25496	10.2411
1.19037	12.9952
1.05425	9.19814
3.16382	9.99896
2.72894	11.2664
0.636787	9.29167
0.587499	12.3446
1.05488	10.3735
0.354229	11.6797
0.301516	10.7968
-0.0511949	12.7258
3.86616	9.59648
0.950746	13.631
3.01479	10.4195
2.96881	11.8876
3.97939	10.3751
0.422985	10.7985
1.99363	11.561
0.473946	13.6485
1.64209	12.1595
1.789	9.60033
3.46417	9.74186
1.57557	10.1612
2.34212	13.0737
1.11769	10.0429
0.554066	11.6322
0.561912	10.0479
0.779875	9.35653
2.95126	9.78496
1.8896	11.1809
2.98559	11.0968
2.7989	11.7537
1.23664	11.7125
0.131986	11.5148
2.98769	9.94051
3.13225	12.5281
1.78577	9.55432
3.43577	10.9799
0.0140759	11.1544
5.79354	10.6973
1.45494	13.9503
2.12696	11.6346
0.789319	9.61945
1.9544	12.2789
0.637205	10.5954
2.32462	10.0393
2.92496	9.88715
2.60366	9.3181
2.6952	11.6027
1.15772	9.98032
0.364115	12.4435
1.27547	10.1115
1.91391	10.9882
0.946266	10.0971
2.64365	11.6963
1.18839	12.1098
2.57911	11.1483
2.8348	9.51595
0.245793	9.04598
3.63029	9.50192
1.34101	10.5097
1.69037	10.2584
2.59006	11.9051
0.293407	9.24839
1.49175	11.5171
4.18801	11.369
0.771469	10.3466
3.728	10.8065
2.87545	10.3329
0.332714	10.6912
0.373363	9.82559
3.23569	13.0711
3.9221	12.6866
0.431793	10.5337
0.763482	9.80958
1.73791	11.5799
1.09891	10.0688
0.863111	12.6818
1.41602	9.92733
1.53228	11.0794
1.78489	10.3241
2.62542	10.761
0.357497	10.762
3.42528	9.45899
2.10047	11.7597
3.00292	10.0752
4.82372	11.3506
1.19035	10.3476
2.80734	9.83583
1.10941	9.57071
2.03194	11.5903
1.30919	13.1318
1.72363	11.3014
1.71519	9.60511
0.548862	11.0681
2.33893	11.4401
1.42253	11.2547
1.86584	11.0502
1.88274	9.42489
2.80192	8.87538
2.2827	12.4809
0.797775	12.1536
0.415068	13.0827
4.38816	11.3863
2.79727	11.2002
1.70771	9.47452
2.71902	12.1504
0.554627	11.1342
2.48623	10.8985
3.15173	9.93434
0.836323	11.5887
4.73631	11.699
0.969204	9.99623
1.47393	11.6652
1.13999	9.5579
2.38335	10.1261
2.51651	10.5343
1.67097	10.1489
3.0919	13.3018
3.33879	10.913
0.901207	10.8982
2.40605	10.8888
2.5694	11.335
2.88289	9.93982
1.37146	10.3917
2.58331	11.7161
1.62229	9.61591
1.9191	10.2811
0.833767	11.032
0.0886648	10.4981
1.84391	10.1169
1.82201	12.1346
3.50235	10.7443
1.79114	10.0761
1.85499	11.2434
1.55426	10.8847
3.05968	11.398
0.359099	11.6987
2.38688	11.4084
2.75517	11.006
2.81123	9.42265
2.08151	10.0102
2.0868	11.1002
2.6252	10.7124
3.89903	8.87757
0.0457492	10.4674
1.86842	11.1956
1.81267	9.20093
1.40346	9.84004
3.36594	12.4733
2.47635	11.7877
0.615596	11.791
1.32882	10.1682
1.68238	11.1985
0.37123	10.4994
2.54347	9.60811
0.846316	11.1294
2.80863	11.2469
4.91693	11.4606
1.19543	11.9811
1.54057	9.65788
4.02926	11.0825
2.59692	10.2891
2.05088	11.9213
1.64962	11.1752
1.24129	9.95514
1.80055	10.8049
0.405665	10.6421
0.199073	10.238
2.67962	10.9745
1.53452	10.8862
2.49819	9.49231
4.56902	12.1514
2.04255	12.1279
2.73609	11.2354
0.563574	9.14216
4.38799	10.7174
2.59621	11.6856
1.13269	13.2773
3.19522	11.2729
2.79136	11.6692
2.08281	10.8855
2.59143	12.5139
1.11499	10.0995
1.08955	9.21175
0.928633	9.03186
1.75122	13.016
3.58678	9.68357
0.730985	10.9168
1.9054	11.8746
5.02528	2.98683
2.25878	11.3935
1.57723	10.984
0.812459	13.9578
1.85023	11.4501
2.26863	11.3387
3.18993	10.1948
-0.0317844	10.9396
1.08902	10.0005
0.951935	11.0251
2.76801	10.2992
0.725474	11.705
2.31713	12.9763
1.75074	11.8498
4.00567	12.0548
0.366445	12.4778
2.99299	11.06
3.25063	8.90337
-0.0694151	9.19273
1.02665	10.3754
3.17993	12.2382
2.57074	11.2073
1.30767	11.1451
1.90915	11.3477
2.32032	10.6456
2.33522	11.5082
0.521704	10.8468
2.50482	10.9535
2.53217	12.2499
0.76723	11.37
3.69659	9.78724
2.25957	12.0178
1.76213	13.2736
0.454846	9.39639
2.91784	11.7527
2.14494	10.3587
2.05121	12.6502
2.04257	11.7632
0.837338	9.71789
2.31793	11.0271
1.22406	9.40198
0.84514	10.4249
2.25353	10.1706
0.904641	11.3702
3.76425	11.1512
0.400895	9.71924
-0.171315	11.1892
-0.0192918	10.044
1.95148	10.1849
1.46106	11.9029
0.702738	11.1658
1.86879	9.40496
2.89257	10.3587
2.63042	11.1021
0.931747	10.1292
4.81362	10.9028
1.82283	9.47109
0.497214	11.8495
3.43305	11.1356
2.07917	10.4548
3.29711	10.6859
0.76054	10.142
1.84672	11.8039
2.77421	12.219
3.82701	12.1439
1.42794	10.8641
0.641962	10.0636
1.13768	9.67745
4.16045	8.59541
1.80197	9.27934
2.65917	11.0046
12.9988	11.2975
2.12464	11.7634
0.379021	9.77549
1.37656	13.0565
1.04792	11.0634
2.69297	11.6367
0.764258	10.3275
2.26396	9.94385
1.27346	12.1029
1.70543	11.2175
2.2114	10.6669
1.43906	10.9854
2.86194	9.38481
2.38466	10.435
-0.070198	11.3563
0.0199064	11.4149
2.91402	10.4869
1.41168	9.63925
3.49839	12.6878
2.18882	11.0187
2.60819	12.1825
2.04704	12.0662
3.26921	9.5421
2.54408	10.5541
0.622011	10.4641
2.43404	11.2766
2.2143	10.3923
2.45827	10.9978
0.382259	10.7536
3.42356	12.1392
3.31676	12.3925
0.137977	10.6727
3.40191	9.74697
0.940374	9.91212
2.76943	12.1775
0.526504	12.1677
1.06199	11.8174
1.16511	11.4828
2.47468	10.7237
0.361121	10.8137
2.12152	11.623
0.517531	12.1227
1.77324	11.2205
2.18514	11.0807
0.539909	9.80884
1.81846	10.5072
3.26808	11.0811
0.914645	9.25052
0.447999	10.5927
0.919662	9.55766
2.83021	9.0219
2.24779	10.8681
0.830741	11.2263
1.79311	10.7698
3.30439	10.7481
1.05577	9.93476
0.87276	12.9196
2.85177	10.5789
2.7465	12.7832
0.286105	10.052
0.137897	10.3355
0.621227	10.866
0.879019	12.9039
2.75013	11.6115
0.604274	11.0836
1.60757	10.8778
2.36758	10.5371
2.38345	9.79639
0.912955	12.4185
1.46354	9.49701
1.82537	10.7178
2.73095	10.0754
1.58992	10.7659
1.92767	11.6256
-0.0608085	11.4822
3.53008	13.5384
0.423683	11.8677
2.23934	8.78488
1.97565	12.1167
0.310149	9.32685
0.724062	9.87277
1.67479	13.4623
3.70706	11.9303
3.66853	13.0643
1.28991	9.63352
3.08829	9.48094
0.341555	13.0756
1.98502	9.63698
2.91228	10.6155
2.5606	9.28612
3.43096	9.56171
4.68372	10.5532
0.0732767	12.4036
2.62084	10.0679
2.5612	9.8953
0.730368	12.2283
2.60616	11.1628
1.99148	12.27
3.37097	10.2855
0.787529	11.628
0.382341	9.4072
2.20526	10.5527
2.79372	11.7005
2.62472	10.2526
3.00759	11.8618
2.03152	10.551
0.527573	9.22178
4.05204	11.1075
1.89127	10.5636
0.817051	10.6109
3.53459	12.6227
1.17078	11.8248
3.20949	10.8271
1.53884	9.5301
1.72285	12.1873
2.03821	9.97822
2.3099	10.0148
2.79412	11.3762
1.49163	11.198
2.13396	11.0003
0.226731	10.842
1.57352	11.7994
1.34164	10.1537
1.78598	11.526
2.73367	10.4011
1.65023	11.6854
1.5526	11.5876
2.95714	11.9003
1.90373	10.8118
0.739388	11.8236
1.65499	11.3099
0.237628	9.85181
1.6631	9.77883
-0.0339284	9.91256
0.618661	10.4096
0.140353	9.20518
3.00476	10.3825
2.89868	9.84651
0.682644	11.6284
2.06989	12.127
1.9152	12.1417
2.53795	11.1287
3.59829	12.3614
1.86802	9.20348
1.54362	11.9497
2.0374	11.293
0.20304	11.736
4.09963	9.17031
3.80964	9.72924
0.681673	10.8832
0.136694	11.33
1.79537	12.1081
3.515	10.9522
1.66022	9.68483
-0.0280594	10.9297
1.84546	10.1978
3.60465	11.6121
1.32078	10.6761
1.58497	12.262
3.56416	9.78397
0.891102	9.81284
1.92259	11.25
0.724508	11.3315
0.068541	9.77452
6.25739	9.30448
2.55704	10.8418
0.275967	10.9713
3.40315	12.2
2.69218	8.81162
2.9717	10.5815
2.80277	9.22681
0.555181	10.2096
2.70414	10.9985
0.0362965	11.0089
0.777748	9.10116
0.934394	11.5017
3.49474	14.6227
1.81267	10.5143
2.43939	10.9531
2.69918	11.3926
2.35805	10.0158
1.42592	10.5934
2.42286	9.5108
1.26245	11.7831
2.48227	12.3792
2.14365	10.6173
0.425811	9.74682
1.10247	10.5148
2.63434	11.7564
2.88888	9.65545
2.26453	10.1808
2.90123	12.4696
1.72533	10.0938
2.40715	9.72215
2.80162	10.5287
2.98314	10.9742
3.40521	10.5626
1.78563	13.1193
0.169129	11.1492
0.988987	10.7401
1.40938	10.5415
0.297806	11.3472
3.62723	11.7612
2.03444	10.3844
2.83647	11.2453
1.49059	10.2991
2.37988	11.7517
2.54864	11.3392
2.09364	12.0795
1.78155	9.58934
1.67637	12.2626
2.70643	11.2935
1.13842	11.9136
3.65634	11.0386
4.29266	10.9468
0.17648	10.1459
2.72797	10.6414
0.0691068	12.5144
3.1465	11.7304
2.36041	9.69283
1.71174	13.1692
2.48519	9.76942
2.59179	9.27807
3.04421	10.5421
0.865794	11.6987
2.91648	9.17244
0.482079	11.6595
0.310298	9.43377
-0.0544916	11.1546
3.09246	11.1019
1.05237	10.4266
3.27082	11.3316
2.791	9.44956
2.62748	9.13213
2.76012	10.5718
3.08191	12.8897
0.178544	9.9199
2.43473	9.77808
2.93613	9.48673
3.69044	9.73442
2.36874	10.5404
2.03216	11.3045
11.1021	-1.06972
0.968898	9.86254
0.987406	10.2772
1.45474	11.5515
2.63568	11.3934
2.00977	11.4303
2.76571	11.3823
3.51151	12.8664
0.762285	10.9209
2.56614	9.12709
2.24069	11.6116
2.04599	10.4075
0.269907	9.7084
2.21921	10.3886
3.37273	11.7705
0.563904	13.1935
2.62564	11.1046
2.97493	10.2544
2.09841	10.9423
2.13369	9.98631
1.12415	9.90027
2.69811	10.9756
3.02147	10.8067
1.71288	11.5644
1.8762	12.6688
0.285852	10.8378
3.45492	10.8733
2.25895	9.98627
0.661795	12.1208
1.41626	11.0474
5.0141	11.9236
0.688734	8.84381
1.41684	10.7707
2.7111	11.623
1.26286	12.1121
2.08024	10.6685
0.540997	10.5206
4.72082	10.9033
2.95734	10.1618
1.47019	11.0445
1.64945	10.0725
3.67855	9.17122
0.798483	10.6937
2.34794	11.9014
1.37091	10.2861
1.30556	10.1674
2.17446	9.92026
1.3653	11.3532
2.80938	9.56014
2.53164	9.34899
1.67417	9.658
0.581232	10.7435
1.06772	12.0351
-0.1174	9.6605
1.71862	9.80627
1.13591	11.2575
3.9086	12.2357
1.92873	11.0074
1.23096	10.6939
2.55707	11.4482
2.49988	11.7428
2.73333	12.6845
-0.0877981	11.1579
0.114745	9.73427
0.646218	11.0493
0.93385	11.6698
4.42008	12.3283
1.5349	9.50484
2.00802	10.1998
2.86635	11.9153
2.53629	10.3206
0.704237	11.6733
0.976509	10.0775
0.734681	10.7052
2.83852	10.5591
1.71724	10.3332
2.1967	11.5347
3.451	11.2865
2.09227	10.9098
2.76346	10.1816
0.118755	9.6896
2.17505	12.0891
0.2914	12.1372
2.04634	11.4768
4.08032	8.76807
2.41991	12.2325
1.51534	14.2182
2.3124	11.0508
0.913545	10.3636
2.92961	10.109
2.63756	11.7582
0.863747	11.7195
1.52185	10.3754
1.12851	10.503
2.81727	9.03418
4.13451	10.2194
4.45184	10.1925
7.02276	5.35289
0.634949	11.3368
1.69784	9.85803
2.93452	10.4522
-0.182017	11.9924
2.92879	10.0825
2.29366	12.2609
1.17397	13.2811
0.389349	10.044
2.04022	12.7524
3.80662	10.0719
2.4988	12.0157
2.41118	11.4636
1.20637	10.2524
0.660258	11.8708
2.61652	10.7803
3.78438	8.90671
0.969173	10.7664
0.662765	11.947
4.13755	11.4361
3.72194	9.1073
1.64664	9.19171
2.89544	10.5134
0.319191	11.6036
2.41239	9.70509
2.49767	11.5045
7.85171	9.23543
3.13321	12.3893
2.12014	11.1511
1.23045	12.055
3.37534	10.2649
2.77623	11.9212
1.44437	9.69891
3.16049	11.9081
2.2719	9.76301
0.577733	10.4672
1.74871	10.9882
0.794908	10.3352
4.3181	10.7714
2.54218	11.4055
2.86272	10.9606
2.05717	9.26018
1.1322	9.95831
4.12543	10.7771
1.71827	10.6544
1.35341	11.3175
1.52822	11.6692
2.43979	11.004
1.0909	11.1622
2.5928	11.9295
1.90808	10.8308
1.45568	11.7169
4.03635	9.94134
1.8668	12.8941
1.2544	9.73332
0.546853	10.9645
3.04254	12.2325
1.29605	11.6973
3.78744	9.76413
1.98136	9.35301
3.28154	9.12709
2.75239	11.1399
2.32634	11.3121
1.32949	10.8588
2.8299	9.27579
0.123288	10.5681
4.4572	12.141
0.442122	10.918
1.09293	12.8029
0.456315	10.1715
2.11198	11.3893
2.06112	11.9634
0.507551	11.5135
2.93867	10.5197
3.65242	10.0996
3.93407	11.3667
0.264445	11.1426
1.15033	9.93708
1.10242	12.3111
1.22481	10.7314
1.79894	9.30092
2.26622	9.79967
3.39171	10.0867
-0.0116596	11.2194
0.682859	9.87813
2.31683	11.386
2.71443	12.127
1.99487	11.7182
0.765742	11.9949
1.60251	10.4356
8.47989	10.8639
0.886159	9.88462
0.659718	10.7712
2.56026	11.3845
1.40076	10.9579
1.08762	12.2293
1.09753	13.4567
1.16215	11.8576
-0.192959	11.6746
1.45177	10.571
3.20537	10.2984
0.66314	10.2046
3.71666	10.2295
3.01054	12.8826
1.66359	11.4019
2.73182	8.97408
3.69083	10.566
3.91734	12.3774
1.1433	12.4025
2.90211	9.10539
0.558178	10.1968
2.86819	8.7981
3.21784	10.3718
6.12908	14.0831
2.4122	12.8273
0.994442	11.0158
0.252143	8.97163
1.92369	10.3217
3.84002	8.95726
2.4263	9.93667
3.10319	9.33949
2.76173	9.45701
3.42949	11.8013
0.834647	12.4757
2.28825	10.7503
6.41917	14.4726
3.08512	9.41435
2.91813	11.2649
1.39232	12.7491
2.62401	10.5103
1.88169	11.3599
2.94622	11.8317
2.66909	13.1538
0.1608	11.2188
2.33744	8.87816
0.489865	9.6394
1.57108	12.5105
0.649225	9.94576
3.32871	11.6882
3.84156	11.5576
0.832239	11.2704
2.7653	9.52041
0.974403	9.30897
3.52981	10.9494
0.945704	10.5436
2.35189	10.5908
1.7608	11.532
3.02506	11.9464
2.10732	10.1398
1.81143	10.9237
1.72024	10.2698
2.13589	10.4917
1.72167	11.2278
4.99907	9.83504
0.932351	11.6753
0.819532	11.0757
1.45114	10.1677
2.78208	9.43218
2.07272	10.5526
1.15585	11.5477
2.1463	11.1542
0.984094	10.7911
2.08289	9.28514
0.348426	9.38083
2.79472	10.5985
2.0229	12.5402
0.398181	11.8335
3.56161	11.0044
0.929631	11.5927
6.07972	11.5379
-0.145012	11.1086
0.454847	10.7496
4.30767	8.63996
1.8943	11.2571
1.59211	10.3124
0.774531	11.7092
1.75459	11.4341
1.25571	12.0649
1.92767	11.5481
0.82113	10.8911
1.01862	10.8577
1.90676	9.65114
0.98335	10.5229
2.92581	11.0663
2.01929	10.036
2.04016	9.50782
1.08241	10.2681
0.524261	9.21445
-0.00803622	10.2751
2.26122	11.8291
1.76257	9.6532
1.69826	9.42039
0.735874	9.51206
2.92582	11.7468
2.21855	11.6495
2.05981	9.94633
1.29485	11.8755
3.13444	9.5869
1.62847	9.97958
1.20869	11.9857
1.95756	11.4548
0.513101	10.9519
0.895902	9.91378
0.893075	9.27243
1.88116	11.7589
4.03452	10.3802
2.57595	9.22001
2.39925	10.0617
3.71971	10.3304
2.61305	11.785
1.25188	12.4206
3.26132	10.1907
2.47823	11.7639
2.28085	11.6742
2.44596	11.2325
0.787128	12.1344
2.10277	11.1697
2.13571	9.69961
2.10903	9.09521
0.683713	11.0021
0.714273	11.1872
1.88488	9.06922
1.91565	9.7938
1.00821	11.109
1.26934	11.479
1.8418	10.8614
1.62126	10.9135
2.54631	10.7289
4.27181	12.2561
0.354706	10.5784
1.51978	10.8541
1.98449	11.2852
2.16457	10.3678
3.46334	11.2246
1.64294	13.5354
1.03488	10.4863
2.48706	11.2282
1.82136	12.1244
0.421184	12.2469
2.24991	10.3578
0.15355	11.4174
1.01536	11.3558
2.30396	11.7665
0.966349	9.5742
2.0874	9.37778
2.45583	10.5425
0.6934	11.945
2.75795	10.428
2.90207	11.1096
2.41395	11.1428
2.82541	9.7796
1.03132	11.8499
2.36865	9.41473
1.62598	9.64029
0.643127	11.015
1.06678	11.2031
0.341692	10.2335
0.782627	10.7092
3.63313	12.1355
1.18243	11.0899
3.92565	10.1571
9.17355	8.76164
1.77355	10.5258
0.103028	10.8584
0.361141	11.6538
2.20846	11.6115
0.0920792	9.67102
2.78624	9.93226
0.824459	10.5437
1.7353	10.6995
1.02035	10.897
0.932171	11.1903
2.99601	11.7466
3.03972	10.7643
2.45424	10.9317
0.847762	10.3048
0.48104	11.3516
0.817582	12.3382
2.55801	12.2767
2.38063	10.819
2.20707	9.6449
1.77144	10.6429
3.05553	9.73295
3.10221	12.2616
2.24078	11.3551
2.74694	11.9364
3.06252	11.538
3.13567	11.8317
2.22445	12.8888
4.04506	11.023
2.54607	11.7904
0.383424	11.8283
0.684347	10.3235
2.20548	9.73712
1.16341	12.0174
2.01211	9.72933
2.30054	11.9566
3.7023	9.29908
1.84078	14.2387
0.823712	9.94923
2.26108	9.69013
1.64516	12.5563
6.44675	10.5345
1.87946	11.0742
2.87118	11.6967
2.88841	9.98287
3.06282	11.1568
1.04761	12.458
0.134738	11.0513
1.00657	9.2733
2.59287	11.8462
1.0945	10.9493
1.67565	9.51476
0.483545	11.295
1.09128	12.0328
2.18976	9.37533
1.95422	11.8388
2.77271	10.4818
2.18307	10.4226
1.31509	11.2268
2.51527	9.86915
0.406251	10.4109
3.58644	11.5295
2.13228	12.1858
2.09484	11.3146
2.37654	12.1506
0.283624	11.648
2.42786	11.4094
1.54693	12.2614
-0.0660731	10.8701
2.08175	11.6893
2.92843	10.8468
1.4561	10.7024
2.01448	10.2004
2.10413	10.615
1.15837	10.7749
4.86183	8.72949
4.57212	10.7987
3.40197	9.33232
2.6853	9.38645
2.03001	9.71175
1.8614	11.5773
1.92237	11.2474
1.27774	10.1953
3.02971	10.5742
2.38445	12.1326
2.25412	9.77687
2.13168	11.593
0.076253	11.8944
1.7799	12.1346
4.77065	11.5836
-0.205861	11.5553
2.73507	11.175
2.61767	9.03118
3.33551	12.6266
2.72362	11.9154
2.33111	10.5585
0.474519	13.0813
1.37626	11.7595
2.76707	11.0112
1.37845	11.9244
2.99546	12.9358
0.608607	11.164
0.156598	10.4718
1.3121	10.835
2.48619	10.245
2.45558	9.33963
3.4613	11.458
1.59054	9.99261
2.42077	10.5883
0.904784	12.813
0.952162	12.9339
3.43565	9.59813
2.22316	10.5429
3.18792	12.5388
1.32479	10.001
-0.0228919	12.0154
1.35973	12.9462
2.86224	9.27023
2.35038	12.1204
1.50943	12.9569
2.66875	11.6967
0.13903	9.73217
3.39564	11.7162
2.49831	10.7738
4.29149	12.0353
2.38305	10.771
2.91597	11.3153
0.919991	9.54211
2.06433	13.3737
-0.0113464	9.50373
0.708567	11.6736
0.941208	13.5957
2.90102	9.98109
3.33809	10.5647
0.781519	11.0141
2.82236	10.047
1.59149	12.4946
2.66459	13.0371
1.84506	11.8966
4.38815	10.6899
2.70569	10.0552
0.645975	10.8747
0.498103	11.0309
4.29097	11.7982
2.73756	11.4981
2.64526	13.1943
2.6151	11.5241
3.23344	10.6037
3.13821	10.7881
2.32697	9.46139
2.58652	9.968
3.35157	9.53604
1.21752	11.2276
2.73973	11.3456
0.293812	9.09641
4.57297	7.28375
2.19433	9.77716
-0.0032775	10.2397
4.66686	1.56079
0.674312	12.1411
2.65959	10.4941
2.54619	13.4779
1.74907	13.0206
3.16252	10.0381
2.73423	11.4738
2.89948	11.4717
3.70722	11.4101
0.525581	11.0705
2.64086	12.4131
0.897838	11.0207
0.940089	11.814
0.515652	9.81332
1.87875	10.7217
2.63102	11.289
0.112467	11.6597
2.56962	11.8263
0.118512	12.1122
0.120645	9.63572
0.819037	11.2625
1.49221	10.1827
2.47902	9.0404
2.03173	11.879
0.503692	11.6374
2.08846	10.552
2.15007	9.74178
1.4469	13.9346
0.528857	11.9225
3.21818	9.20385
1.95628	10.1546
0.622208	9.38773
2.01441	11.7436
1.48261	9.53447
0.565296	12.7254
0.547737	9.63355
2.13646	10.9189
0.519221	10.0309
2.61507	11.688
1.02953	9.71278
1.22452	9.62658
0.113226	12.8282
3.88663	10.4791
2.24404	11.8819
2.37079	9.52623
3.66434	13.8354
2.56119	10.3467
2.35863	10.318
1.98529	8.96284
3.49961	10.3328
2.71394	10.2323
4.04492	13.575
2.42702	9.5378
2.33143	10.5401
0.49496	12.4502
2.22727	12.0629
2.20789	12.3185
3.21764	10.4431
1.59901	10.3717
1.88409	10.2875
1.04526	9.55929
1.91964	10.0151
1.027	9.857
0.760934	11.3521
0.909882	8.98006
1.20787	11.32
3.59812	8.14332
3.53128	13.6492
1.31926	11.3751
1.12069	10.4059
3.16102	13.783
1.38394	11.7322
1.63148	9.60959
3.4534	10.8495
1.74544	12.5462
0.675097	11.6562
0.314188	11.2344
3.57043	10.0554
0.388936	12.4382
1.1988	10.2523
0.56411	12.7315
3.36111	10.5453
1.58404	10.9794
0.205988	9.32535
1.29755	10.78
3.58659	11.2027
0.544627	11.2258
2.29411	10.1486
3.43958	12.4621
2.63379	11.0376
1.27063	10.7597
0.402656	11.2262
4.16556	9.57699
1.65992	12.8322
2.39278	11.4171
3.09105	10.7139
2.4131	12.5173
2.56758	11.0171
1.97967	12.3533
3.25449	10.696
2.95643	9.64754
0.038238	10.6934
0.0988103	10.2831
1.9291	9.48102
0.817862	9.61924
4.29866	12.5097
3.3831	11.595
0.978679	9.14011
1.18705	9.12952
0.227486	10.6364
2.80494	10.241
0.706621	9.85138
2.10065	10.9437
2.12048	10.0141
1.04023	10.4063
0.124508	10.3508
13.3587	11.3493
2.44863	12.0048
2.71283	12.6362
0.120296	10.2062
0.897789	10.9735
3.51883	9.71487
0.349733	10.4861
4.73204	11.5176
2.57015	9.77181
2.72311	10.5539
1.73561	9.25856
3.153	12.2408
1.04643	10.9502
1.49535	9.93198
0.999892	10.8062
0.374009	9.38523
1.45039	11.3829
2.39542	9.75687
3.32381	11.5603
0.148359	13.3761
2.13376	9.58279
2.14206	11.6061
1.20009	11.1119
2.27772	11.3689
2.66622	10.1102
1.80102	10.9494
1.77583	11.7253
0.783961	12.7364
1.4292	10.4604
2.23619	10.5213
1.69425	10.8796
1.15353	9.2581
1.27364	9.80997
1.6294	10.133
2.45435	11.5636
-0.0924834	9.42174
1.01584	12.6068
2.61377	9.96271
3.61409	11.7297
6.25228	6.00953
1.18123	10.9727
2.8754	10.5272
2.85299	12.6674
1.90182	9.33157
2.38093	10.6321
2.10412	11.3723
2.84326	10.7426
3.60532	11.2206
2.24289	10.9381
2.7429	9.99591
1.63315	12.1239
1.14252	12.3312
2.30804	12.4855
5.54929	11.2829
1.76168	12.0727
0.9089	10.8387
3.26605	10.043
4.29423	11.2119
1.2126	9.32537
1.94653	11.4284
0.597224	11.7294
2.34039	9.79982
0.694737	10.7161
-0.0543751	12.2482
0.716117	11.1511
0.134254	11.5128
1.82531	13.5774
0.913555	10.322
2.11019	11.6201
0.0736073	10.1355
0.661054	10.9464
1.40634	10.5312
2.43611	10.4488
2.96028	10.7424
2.81631	12.012
0.51922	11.1764
0.917175	9.78984
2.13668	10.9857
2.22446	11.6006
2.7126	10.344
1.97115	10.2418
2.25665	13.0246
1.63458	9.96221
0.62828	11.3087
1.05098	12.8165
2.34834	10.3255
6.56431	12.1764
1.5203	13.0212
1.06434	10.7162
2.23428	9.69499
0.436687	9.79853
3.50239	10.8759
1.42129	11.3461
0.706601	11.6051
1.43011	12.9178
1.40038	10.5325
2.73986	11.6045
3.17715	11.8923
2.24676	12.8298
1.10948	11.0991
3.2744	10.6556
1.80447	11.0499
3.14129	11.4325
1.02758	11.6625
3.08231	10.8132
1.33967	10.5312
2.07359	11.2703
0.219296	11.586
3.26504	11.97
0.778586	13.3112
1.00274	9.38858
1.54747	9.67891
2.5273	11.0607
1.60402	9.85353
1.60785	11.9404
1.77391	11.3796
0.994909	11.158
1.57301	11.0379
0.83365	10.6675
2.64639	11.6247
2.00885	9.54612
1.28316	11.1805
2.08314	11.8595
0.151255	9.98541
2.59497	10.4928
1.75658	9.8115
2.5542	10.9032
0.789228	9.75672
0.163969	10.2646
1.3556	9.54276
2.56358	9.85301
3.83306	11.666
0.846422	9.01266
0.483345	9.47988
0.492431	9.6352
0.947807	9.20336
3.21792	10.8437
1.08727	9.47503
2.56893	9.09108
0.843625	12.0693
2.88082	10.3603
4.05521	10.8358
0.373475	11.5654
3.3672	10.6063
4.2337	11.8212
1.37681	9.93431
2.24615	9.83025
1.10698	9.61335
2.18987	13.5041
2.84392	11.834
2.87009	10.132
2.65833	10.5022
2.51995	11.7904
1.37877	11.321
0.775875	9.31225
0.540645	10.9242
0.807654	10.977
2.50924	11.5007
2.10082	10.2387
2.03726	9.76666
0.697935	11.8744
1.9476	10.0994
2.35015	10.4443
2.40387	10.642
3.21204	11.7481
0.0216876	10.2414
0.436956	11.2059
2.34833	11.2294
2.58254	9.19066
2.57791	11.5614
2.88801	12.2806
4.6135	7.44842
1.07551	10.6723
2.64031	9.57204
0.803122	8.94774
4.58276	7.73316
2.92182	9.16553
2.68059	8.96502
1.48718	11.5631
0.305478	9.80967
2.34525	10.8035
2.2222	10.3606
2.82597	12.4531
1.73163	12.2253
3.64394	9.87843
3.45347	11.7152
1.73727	12.4807
0.998637	9.43593
2.03909	9.07745
1.99747	11.6844
2.5632	9.92172
2.4668	10.701
5.0685	10.2507
3.07316	11.0035
2.03908	10.8513
1.81831	12.3829
0.425976	11.8862
1.6628	8.93203
0.252194	12.0587
3.15105	11.3858
0.926861	9.23111
2.61201	10.9709
0.220601	11.9552
4.09797	9.28166
0.854784	10.0657
3.50473	11.0687
0.688842	10.0757
1.01222	11.1371
2.43393	11.2439
3.84706	11.8701
3.3282	12.2996
0.504773	10.9665
2.59912	10.3216
2.14786	10.9036
1.54954	10.5534
1.20538	10.1313
2.31521	9.44886
2.89625	10.6315
1.64044	11.8493
1.88027	9.42406
2.5278	9.23649
1.11353	11.8754
1.92534	9.13327
3.61296	11.6527
3.11553	12.699
2.64546	10.8925
2.33991	11.576
2.79922	10.0381
2.39613	10.8375
0.394896	9.14118
1.32935	11.2445
3.53457	10.699
1.07138	11.259
1.77064	9.33981
0.837924	10.3921
1.57152	12.9469
2.88726	11.9089
0.896388	11.5454
0.370346	10.5766
3.44334	11.3874
3.28719	9.90076
2.05788	8.88833
2.78208	10.2847
2.15946	13.0201
1.02529	10.2897
0.307186	9.47651
3.29966	10.4239
2.73549	11.2016
4.34537	9.84448
1.01527	9.74513
2.08806	12.2748
5.05473	10.7435
0.575644	12.1528
3.05457	11.3362
3.15872	10.795
2.15056	11.4251
0.343817	9.84862
3.24332	8.56325
4.17903	11.7078
3.31064	13.5658
2.43698	10.6464
3.2563	12.4082
2.79096	10.093
1.40998	14.1883
1.12092	11.5854
2.53753	11.2734
2.42062	12.4053
1.34928	11.3406
1.23525	10.3832
4.1245	11.7704
0.292606	11.8524
2.80005	10.6299
2.13225	9.72776
3.73408	10.9045
0.666812	11.5111
4.18333	11.4785
1.09073	10.3802
1.14989	10.7016
3.2954	9.89836
3.58523	12.428
2.03437	9.29319
3.30731	10.3578
2.07566	10.7703
2.7638	11.8108
1.93549	9.67413
4.37705	9.72742
3.14207	10.9141
1.11023	12.3269
0.848036	11.6966
0.826956	10.4688
1.31132	13.5487
0.583201	12.2562
2.88867	11.6129
0.706762	10.434
0.592811	11.9173
2.07805	10.5591
2.35271	11.2544
1.57433	11.6613
2.19227	10.5259
-0.271725	12.4001
2.3622	11.8201
2.17757	11.0521
3.08947	13.9524
2.91298	11.76
1.17795	10.9605
4.73088	10.8922
3.2174	11.8935
2.49345	12.0382
3.1071	11.3846
1.69382	9.35633
0.34323	12.7119
11.1793	13.1319
2.8727	10.3324
2.03514	11.2713
-0.000774011	9.88409
2.00166	11.2504
3.76084	11.5655
0.799082	9.27327
1.96827	10.0877
2.73625	11.6577
0.0946148	11.66
0.756846	9.53272
2.80981	11.1065
1.56259	10.7455
1.75358	10.7858
1.73074	12.038
2.20155	11.369
1.78578	10.3266
3.83105	9.72158
1.47004	10.6143
3.03556	11.5597
3.24347	9.40514
0.206763	11.4431
1.91957	11.5315
0.887714	11.8358
1.65166	11.7587
2.28471	11.8147
0.617047	10.0323
1.62408	9.15356
3.71391	13.0863
1.84319	9.64622
1.30208	10.9575
4.27535	9.95952
3.47147	7.73339
1.14299	10.55
2.1793	11.3827
0.330188	10.6194
1.57359	14.1429
2.35895	12.1838
2.29856	12.379
0.296579	11.9586
2.97889	10.5472
0.0232927	11.5873
3.50689	11.2501
2.48356	11.2609
0.998265	9.23123
0.701363	11.9972
0.433292	9.89883
1.28697	10.7575
4.06605	11.1133
0.882483	10.2966
1.3065	10.904
2.62531	11.358
2.99185	11.2284
4.90653	10.1942
4.05791	12.4182
1.12301	10.3948
0.105957	10.4061
3.46561	11.5789
1.71658	13.2299
3.59445	13.1555
2.4363	12.1863
6.19871	14.0989
2.1794	11.5148
1.13511	10.6151
1.65525	11.0827
2.82951	9.99765
2.54651	11.6509
0.844428	11.2147
3.42778	7.70358
1.62582	11.5114
1.3131	10.7903
2.74815	10.1403
1.45947	11.5655
1.22034	9.41306
1.99968	10.431
4.25013	11.3188
2.50919	9.435
3.69445	8.23593
1.55059	9.39082
0.144093	12.6706
1.79995	12.2476
2.79845	11.6345
0.0259875	12.5642
2.60914	9.8572
2.40914	12.1356
0.653099	11.7384
2.79797	10.6864
1.03026	9.4918
1.47537	11.0723
0.33159	12.4338
0.210211	10.3984
0.461718	11.6392
3.68059	11.1158
0.863203	11.4743
2.68579	9.84721
3.03799	9.2235
0.694513	11.4592
1.48516	10.8645
1.87951	11.898
1.23924	9.53983
3.11635	11.3145
1.99443	11.3232
2.94148	11.2323
3.30523	9.82682
1.63308	13.0372
1.03033	11.4941
0.202209	13.3247
2.61466	11.8622
0.793047	10.0739
1.99192	11.4607
2.44347	9.64266
0.92616	9.74793
3.4571	10.2241
2.14794	12.1206
2.15729	11.0537
0.200648	10.8718
2.65377	10.4222
2.1338	11.5679
1.24057	11.7094
2.73556	9.98858
2.18386	10.8626
3.3031	10.5534
0.226069	11.8346
3.74078	10.1508
2.64529	9.82344
1.10347	12.5996
-0.00548966	11.9633
1.52868	10.3236
1.79897	13.7111
0.139783	11.7538
0.984385	11.0365
1.09949	12.0637
2.76598	10.6246
1.97031	11.0116
1.19975	9.85857
2.74097	10.0871
3.0217	10.3907
1.65611	9.45035
1.72402	12.5779
2.52469	9.49556
2.92469	9.77001
2.33285	11.4438
1.46202	10.4527
2.04918	11.5022
1.28716	10.2755
1.17807	11.3231
1.44499	9.53836
0.763185	10.8221
2.62923	10.1978
1.19378	9.39948
2.46892	10.0774
2.60009	10.3138
2.40151	11.6765
1.91284	9.51549
3.81994	9.3072
0.56608	11.2915
3.13277	11.6754
-0.00943769	11.405
1.49332	13.0894
-0.172007	10.8307
-0.0886653	11.3928
2.53936	11.0596
1.8611	11.5882
2.06633	10.2294
2.7712	10.9095
2.12124	11.6468
1.8942	10.6416
2.78229	10.5671
1.91504	10.9844
0.510943	10.8529
3.08539	11.0377
1.66477	9.88468
2.53504	12.0148
2.08197	10.9347
1.0376	11.2583
1.65671	10.8102
2.55024	10.0207
2.03002	11.9
0.75699	11.6004
1.99066	10.1985
0.274659	10.58
3.52523	11.3486
1.97852	9.41322
2.96834	12.7153
1.26113	10.0307
2.39256	9.53393
0.148779	12.1126
3.45545	12.0034
2.60658	9.89967
1.78876	10.7986
1.31926	13.7037
3.54826	10.7981
1.6274	12.0009
1.72179	10.9986
0.570615	9.81104
0.861508	10.6079
2.35796	9.49817
0.0739424	13.5101
1.83372	11.8496
1.26687	12.1609
0.0375202	10.933
4.15166	9.89167
0.921855	10.3354
2.39703	11.0992
0.86013	9.9984
0.639732	13.2614
0.403172	9.91849
2.80592	11.4125
1.48045	11.4654
0.818576	9.1113
3.62165	9.96699
2.13573	10.0077
2.14928	11.8137
2.44745	9.11194
3.62018	10.4588
0.560301	11.9518
1.65778	11.3687
2.46201	11.6163
0.151835	14.1067
0.670401	10.4511
3.76201	12.5623
3.70302	13.2452
2.4065	11.7057
1.66496	11.5025
1.70421	11.7355
1.37329	10.0663
2.82964	9.91065
1.10383	10.5116
1.58	11.1376
1.45126	10.493
1.26118	9.90241
2.3677	11.9564
5.09728	11.7244
2.02619	12.744
1.96292	11.9326
3.44421	11.5425
0.857619	10.7868
1.6097	10.6394
1.00419	11.3819
0.3582	10.1034
1.32901	10.0895
2.04907	10.6762
2.70421	10.8875
2.25328	10.4258
5.83789	8.6865
1.74415	11.2675
1.90916	11.6048
1.6764	9.17483
5.38669	12.3967
0.710228	9.46391
0.481694	10.781
3.06406	10.4678
1.43402	11.409
1.98045	9.75263
3.47909	11.1836
2.65415	11.3579
1.52088	10.2433
0.165131	12.3954
1.63636	10.0112
3.41165	9.70864
0.573682	10.8409
0.368196	9.52509
1.28043	10.7069
2.08819	11.4153
1.6649	11.8777
0.578195	12.4732
1.7816	9.32245
2.96359	10.27
1.95663	11.4067
2.59977	11.4334
2.26652	9.22399
2.26551	11.057
2.23229	9.64998
4.42601	10.9077
1.99292	11.6829
2.13735	10.0345
2.68822	11.2411
2.10587	11.4683
-0.101766	9.97545
3.12681	10.4232
3.05505	9.71593
1.39631	12.8784
2.33509	11.2842
0.882932	9.83431
1.32887	11.4649
2.42446	9.06426
1.45018	11.605
2.66224	13.0785
1.63859	11.1763
1.50105	9.98938
0.745552	9.93295
2.9765	11.9639
1.49658	11.446
0.695455	10.2184
3.08479	11.5012
2.35308	10.9237
4.62856	9.09164
2.41991	11.6946
1.63845	10.7882
1.73941	8.93198
2.19179	10.5288
3.09885	10.8301
1.26011	13.0734
1.79869	10.3871
1.91788	10.5377
0.685331	10.4149
3.88929	11.8874
3.79595	9.26547
2.96091	11.2687
3.69442	10.9948
2.69164	9.80961
2.63095	9.78171
1.78131	10.1662
1.96083	10.8077
2.25128	9.47762
2.24197	10.9899
1.35611	12.0622
2.72711	11.0023
0.647345	10.1603
2.16501	9.95189
1.06718	9.4547
2.97976	11.7766
0.394621	10.133
2.19065	12.3944
3.17854	12.751
2.2815	10.3287
0.963049	11.9303
4.25674	9.5964
2.6204	9.67142
2.9805	10.5226
3.25085	11.8405
2.13634	10.5595
1.50623	10.312
0.907967	10.2325
0.657346	11.0776
0.534729	10.8366
1.706	11.8868
2.54222	12.2608
0.437229	9.60039
0.830408	11.1824
3.37621	11.1593
2.71012	9.42169
1.58298	12.8059
3.53548	11.1666
2.59482	11.3182
2.03746	9.6352
2.73029	10.7363
1.20804	9.85824
3.02777	11.7748
2.31014	10.7906
2.44387	11.2479
3.61606	10.8384
2.78127	11.8306
1.97792	10.6179
0.900541	10.6297
0.353148	11.8096
1.50714	11.5739
2.35832	9.2622
0.789624	11.0017
1.31956	11.8798
-0.229487	11.4437
0.588896	12.4216
5.2835	11.8781
3.17883	11.7384
4.08318	10.1262
0.0134805	10.7405
3.64126	11.2503
1.82375	12.3713
3.43634	10.8434
2.23275	10.8393
2.65445	12.8955
2.30853	9.17712
1.16548	10.1323
2.11901	12.7157
2.70188	9.65127
3.13576	12.3829
1.75082	9.64484
0.860919	10.9855
3.73529	11.2305
2.32188	9.89423
0.393658	9.29999
2.73311	11.0781
1.66997	11.2729
0.181807	10.931
0.849857	9.56418
2.38531	9.9715
2.8473	11.9654
2.96682	9.86739
1.51495	10.9885
2.42795	9.37073
1.91614	13.1979
1.84079	10.0479
1.11662	12.8621
2.4758	8.91155
1.06379	12.1722
1.05147	12.795
2.74413	10.8355
0.644313	10.7636
2.11987	10.8441
2.33486	10.8959
2.82035	11.1582
0.562076	10.3586
2.46113	11.2471
2.60936	10.8859
1.01147	9.87768
0.348078	11.0829
1.13577	10.198
3.17569	11.0913
4.06509	10.3706
3.3117	9.43259
0.291837	11.4701
4.14251	11.3114
3.83172	8.96691
0.574601	12.2536
2.41599	11.8723
1.1374	10.6165
1.91695	11.4792
1.49432	9.83383
3.17782	11.565
1.29346	10.3684
1.12652	9.56117
5.98633	12.5472
4.32536	9.84651
1.11327	10.5029
0.302499	10.7722
1.65086	10.3896
2.44959	12.2179
1.58416	9.28652
2.56538	10.4048
1.61124	11.2345
1.36734	10.1761
2.91444	10.2325
1.52049	12.9806
0.677655	11.0619
1.17832	13.194
0.245151	9.66814
0.875354	11.4595
2.27964	9.97144
3.16701	10.4497
0.404506	9.05913
3.96483	10.844
1.91179	10.1653
3.32111	10.28
0.386112	11.0838
0.832882	11.0608
1.08766	11.0101
1.28519	11.4477
3.2931	12.4474
1.08958	11.5212
0.573787	11.0354
1.10662	11.6618
1.10492	9.56463
2.03681	10.1031
1.57576	10.4117
2.31936	9.0519
1.25626	11.1867
2.02455	11.4916
0.626101	11.1526
2.61212	12.0198
0.991463	9.91311
0.0536586	12.5775
2.29831	10.5258
1.51387	9.76216
2.26232	10.694
0.149864	13.1145
1.74976	11.1776
2.44591	12.2954
2.9218	9.379
1.86789	12.3028
1.97319	11.2248
2.91894	10.208
2.15049	11.5528
0.319621	9.74774
3.61372	7.82383
3.97321	9.14024
2.81863	8.94876
4.53562	13.5266
0.0379014	10.1751
1.10643	11.0152
3.11903	11.326
5.64786	9.96669
1.47937	11.2925
3.96808	12.1085
1.86671	10.9936
3.40832	10.6772
1.83612	9.69571
1.24535	10.9053
1.4628	11.6273
1.92093	13.3756
4.42131	10.4039
2.44492	9.58298
2.14462	13.3798
1.09672	10.4604
0.596614	9.38953
1.78817	10.9025
2.10827	9.85397
0.495354	12.0093
2.28143	11.8874
-0.0265229	11.5513
0.735127	9.49524
0.188934	11.8868
2.73443	10.9205
0.499725	11.4955
2.74549	11.7152
5.0092	11.3431
3.7329	10.9447
2.44223	10.097
4.23119	11.3243
0.970793	11.0046
0.937402	11.6002
2.46664	9.0566
7.66581	9.23054
2.4789	10.5499
3.68346	10.8216
2.19934	9.61441
0.749556	11.9309
2.87064	11.8434
3.44933	12.0217
0.0631775	10.8648
2.78128	11.4037
2.65005	11.4711
1.94991	10.7095
2.34351	10.668
0.0634289	10.4921
2.79359	10.7257
2.58371	10.9593
2.53766	11.3835
0.600329	11.0871
2.4532	11.0805
2.79769	10.6966
1.03089	9.29831
1.93375	10.4894
2.94632	11.7486
0.445616	11.6335
3.8152	11.1276
2.83408	11.0659
2.12526	11.7978
1.59916	11.0104
0.611985	11.5769
1.96038	9.73619
1.06532	11.2338
2.25951	13.537
0.828196	10.9943
0.319387	9.13269
1.40288	9.2591
1.04326	10.5507
0.466792	10.1396
2.276	9.18255
0.583233	10.6627
0.657975	11.653
2.53557	10.8853
2.40568	10.4689
1.11422	10.7586
0.404715	10.8996
0.668219	11.3388
0.353761	10.6
1.83507	11.3862
3.04806	9.96485
0.637049	10.0846
2.56593	9.90845
1.18075	9.61558
0.857665	10.8231
3.32777	9.62524
1.62078	10.3151
3.38911	9.75564
14.9458	1.3453
2.17119	10.0698
2.72121	9.53235
3.06558	9.97428
2.01308	11.7994
0.161809	9.43799
1.0059	11.6151
0.662999	11.205
1.41525	9.87223
1.34251	10.3819
0.757526	9.32887
1.33675	10.3409
2.5989	11.058
2.41001	12.1088
-0.0760309	10.913
4.78715	9.6239
2.20864	9.65068
1.6014	10.2055
1.99079	14.2734
1.6464	10.1311
2.25658	10.2609
2.8218	12.2541
1.01984	12.3487
1.26396	11.8917
2.63187	11.3569
1.89829	12.364
0.164614	11.1431
3.16357	10.0112
2.70115	10.5949
1.39453	10.739
2.28437	11.4474
1.32572	9.22062
0.391561	9.51511
1.25719	10.3947
1.25785	13.0174
0.991279	10.8392
1.32997	9.95271
1.34552	9.64558
4.12357	12.0227
3.36085	13.1418
3.13299	9.9592
3.94371	12.3372
0.530622	10.3616
2.71399	10.589
3.62343	11.642
1.82211	11.2645
2.04565	9.14161
1.23781	11.128
3.98175	10.3277
2.3174	10.6751
3.22768	11.3801
0.455065	11.0712
2.33932	11.8375
1.74688	12.1333
5.50522	0.570609
0.747957	10.4029
3.21249	10.6918
2.803	10.1129
2.07866	10.1405
0.301718	9.99211
3.09781	13.7527
0.729613	11.4038
1.4841	12.7203
2.78845	9.43789
0.142617	9.81379
1.96303	9.72892
-0.0493722	9.83508
2.01318	10.0161
1.56676	9.35019
3.21942	9.9542
1.48621	10.4964
2.15318	10.2193
0.90995	10.7017
3.56628	12.7391
2.32874	9.91518
3.54609	11.3342
3.89032	10.439
1.4888	13.3721
2.26499	11.4497
3.60309	12.2793
0.661461	10.6613
2.09131	11.2368
1.10298	10.5352
0.930548	12.0871
1.67479	12.1677
1.28913	9.25223
-0.0357179	10.0115
2.92833	8.91167
2.15536	10.3346
-0.112603	12.5709
2.30727	11.4814
3.29817	9.47949
2.26351	12.0745
2.05871	11.8078
2.08846	11.6205
2.85293	8.94276
0.878406	11.6848
3.58946	12.2978
0.760988	9.54621
0.461362	13.8882
2.48288	11.7524
0.0659073	10.2373
2.10114	9.90333
1.81171	11.3229
-0.100178	11.419
3.0837	9.38852
4.43725	9.93325
0.344253	11.0395
2.86063	10.6301
2.83097	12.8257
2.76027	11.4138
0.548252	9.03675
2.4597	11.8014
2.41756	11.9049
1.41556	13.0119
3.1319	11.5587
3.89207	8.87174
1.84471	13.0827
2.99508	10.1491
2.15894	10.776
6.47512	11.5892
1.17538	12.2406
2.67039	11.0175
3.07216	10.6953
1.30869	11.3086
2.33293	11.4006
1.45578	10.9787
3.0818	12.7258
2.55553	11.2651
1.22092	10.9771
3.31143	8.00724
0.78557	10.2876
1.5128	9.45818
0.965296	10.9548
3.32338	11.9572
3.36656	8.46565
3.21967	11.4687
3.66971	10.8626
2.88604	12.8626
0.693788	11.6833
3.5596	10.6948
1.47858	11.8309
2.68809	10.8012
1.30139	10.3555
2.63025	12.4986
0.820513	11.1484
2.56628	11.5404
1.58544	10.8207
2.14296	12.4697
2.61591	11.3359
2.90781	11.5307
2.96851	11.5147
4.22396	11.7472
2.33984	9.17923
1.02021	11.18
-0.0805071	9.74652
2.399	9.53079
2.25875	11.2327
2.02573	9.46874
0.417146	12.1751
1.94181	11.072
2.29105	11.1705
1.69943	9.11566
3.06079	11.3499
3.37519	11.2339
2.94056	10.2937
0.377586	9.60077
1.60218	12.5749
3.64407	12.0344
3.29914	10.9326
2.77169	10.3931
1.15501	9.08861
3.41887	9.79401
0.282845	11.4964
1.97041	10.4388
0.603974	11.3941
2.1633	11.5483
3.89857	10.4683
1.14472	11.5434
1.57431	10.2147
3.27284	10.1103
1.73386	9.15192
1.37499	12.7612
2.21364	9.19743
2.36032	9.55613
3.57086	10.9464
2.34122	9.33323
2.80708	12.5625
2.48565	10.5952
3.2059	9.97029
2.48611	10.3659
1.56936	9.56388
2.09837	10.3411
3.15291	9.54287
5.19679	10.9109
1.59512	11.6356
3.56971	11.3034
1.15284	12.6429
1.71861	11.3113
1.66836	11.4649
1.55411	11.4142
2.03908	10.8163
1.45301	11.0835
2.69358	10.2078
2.45093	11.9052
0.364237	12.1217
1.5141	11.653
1.96371	9.36392
2.18602	9.31198
1.02421	9.43005
1.59709	10.0805
3.10841	10.2406
-0.0478639	9.52691
1.54079	9.78407
1.51536	10.2838
1.15059	11.3478
0.0819251	8.92844
2.71932	10.5179
2.81191	9.05473
2.49025	11.8128
0.803401	11.3074
2.0315	9.75097
0.927171	9.59153
4.72314	10.3068
2.98201	10.3216
4.07565	8.71818
2.26653	10.62
1.86922	10.5311
2.58824	9.82478
0.709632	11.7109
0.295423	9.68367
0.680707	12.3537
1.99378	9.44292
3.27895	13.5657
2.59328	10.0956
2.0672	10.8924
3.29881	9.81338
2.98776	10.8362
3.2785	11.9204
1.8107	12.1619
1.80169	9.71703
1.74118	10.9048
2.2656	12.1844
2.24412	9.17731
0.109896	10.992
9.67362	3.96811
1.54815	12.362
0.426585	9.57498
3.18128	11.5764
3.56372	12.7664
2.21034	12.8382
1.7689	10.7349
3.18202	9.32114
2.63443	10.7431
1.09365	11.3454
1.92563	11.1618
2.9398	10.4477
2.07405	11.022
1.55182	11.5517
2.40288	13.657
0.675016	10.2315
3.4029	10.7638
0.90736	11.9336
3.90766	9.85725
2.58183	11.1443
3.88766	13.0339
0.639976	11.4156
1.70317	11.5917
0.74378	9.67676
2.99521	10.5102
3.45375	10.2704
1.99336	9.82693
3.35902	10.1681
2.36992	11.4898
3.02501	10.3556
0.606366	9.875
0.0564679	10.2636
1.53684	9.76639
2.08305	9.50083
2.65258	10.4365
2.81845	11.9148
3.52024	10.8896
1.42319	10.3028
2.9501	10.3553
1.97476	11.3321
0.596906	9.43928
3.18872	13.683
2.22836	10.0386
3.29068	10.5353
-0.12842	11.9241
3.56484	10.3859
4.76305	9.7933
1.06532	11.6915
-0.20275	11.0949
0.167429	10.8163
4.75265	10.9591
1.78358	10.3804
0.825194	14.9814
2.46599	9.19636
0.682024	12.9406
2.29778	10.1775
1.20858	10.4305
1.66578	9.78786
2.06327	9.16123
-0.0401557	9.9528
3.71199	9.88975
1.0223	9.95412
0.696891	12.4643
1.24837	12.5877
2.44108	9.40221
1.84472	10.2727
1.51048	10.3342
1.70355	9.584
1.42502	11.7458
3.31051	10.2215
2.36998	12.8792
2.23357	11.5209
2.46284	9.06451
3.40643	9.36339
2.28322	11.6167
2.45131	11.4938
1.70397	9.73059
2.72487	10.333
2.9597	11.1166
0.25471	11.2552
2.83441	10.4449
0.969931	11.0828
2.01505	12.5972
0.408972	9.54596
1.14335	12.9965
0.894343	12.075
3.7095	9.77283
3.32213	9.95984
1.5842	9.49028
2.24825	10.6318
2.56525	11.599
0.358565	10.4614
2.43731	10.8531
1.19512	11.974
1.40204	11.0453
2.01406	9.90369
3.11573	9.48845
1.2896	11.0302
2.58749	10.2983
0.0151886	9.0687
1.87011	10.6047
1.33591	11.7276
1.01131	9.77078
1.97152	10.6839
4.02741	10.4196
0.948477	11.5677
0.196455	11.567
3.66849	12.7456
4.07127	8.90495
2.30176	12.0569
1.62044	12.5329
2.06701	9.96226
0.643862	9.6596
1.57362	9.38277
1.11076	10.8489
1.48706	9.72176
0.48421	11.5025
2.2274	9.16444
3.29851	11.14
3.61909	11.1325
2.622	10.8077
2.72801	10.7382
1.80626	11.9262
3.16459	11.8442
2.75495	10.8619
1.13518	12.438
2.71864	9.67137
1.47516	11.256
0.929243	11.9848
1.05814	10.168
2.72334	10.1283
2.82341	10.8786
3.69968	10.1987
3.72431	11.0939
2.48968	10.5116
0.586306	9.38895
0.726914	10.1808
0.231163	11.0749
1.2579	11.7153
1.99363	11.9794
1.54439	10.1784
0.178172	10.5685
1.59346	12.374
2.30439	9.74168
1.18765	12.1061
1.51822	9.69975
1.04278	11.8619
3.13228	10.0808
1.62994	9.80717
0.527229	12.2454
2.78631	11.4116
2.90313	9.87557
2.7834	12.5296
1.82541	9.69607
1.13142	9.4894
2.84546	10.7266
2.16938	12.9922
2.09677	11.2672
3.09803	8.69604
0.39549	11.0606
0.974917	10.8273
0.71167	11.4792
1.76252	8.96268
2.36468	9.41783
2.50936	9.9165
0.588746	11.3971
3.07544	10.0825
3.02821	11.5366
1.14762	11.0507
0.266546	12.6176
2.55526	10.0365
2.19534	10.8733
3.24993	12.7624
0.550985	11.3033
0.493843	9.89159
2.34883	11.4451
0.746687	10.0035
0.0531767	9.19703
2.54435	9.59037
0.892597	11.9401
2.1752	10.7918
1.53655	12.6177
1.6091	12.031
1.72454	11.5168
2.75252	11.8513
3.23899	11.039
2.44324	11.08
2.09067	9.11468
1.33451	10.198
0.993408	9.51867
2.7009	11.3745
1.41944	10.9162
2.14073	11.8804
2.32844	9.47054
1.35308	11.6483
3.16896	11.6158
2.3197	9.03671
2.44249	10.603
3.1352	10.9926
2.33486	11.9101
3.5767	10.0577
2.75808	9.23865
0.146388	10.9688
0.794706	11.7742
1.31245	10.8105
3.94954	8.85156
3.27303	11.2376
1.82817	11.0177
2.34386	9.82177
0.81272	11.2805
1.27554	9.52268
3.28795	9.68594
3.12919	9.45462
2.70604	11.0539
1.4906	12.3963
0.633191	10.5511
1.42645	9.76062
0.869458	9.87797
0.384662	12.4221
3.35031	11.8525
2.46644	9.84049
0.263484	9.49621
1.53524	11.4916
2.97281	12.8536
2.76094	9.9721
1.89203	9.068
1.05376	10.8178
2.17638	9.89701
3.80561	11.1832
1.37505	10.0089
0.0712762	12.1274
3.23865	12.0318
1.96859	12.0976
1.45882	11.9085
1.3679	11.9568
0.167369	12.5313
2.63328	11.373
1.25228	13.4508
1.46013	13.257
2.05249	9.68849
3.85818	11.2669
2.43867	10.6103
0.540679	8.94298
2.26416	9.03438
1.85324	8.81605
1.49215	8.93945
1.67652	10.213
1.40334	12.0952
1.37427	10.3686
4.05005	10.2676
2.58685	10.0391
1.90306	12.2267
2.88565	10.0979
0.495031	9.72814
2.40709	11.0954
5.81199	7.79776
4.56741	12.5637
2.83994	9.85779
1.68197	11.0362
2.43799	12.9212
1.17449	12.4612
2.58032	11.7226
2.28103	11.172
3.63868	9.23437
2.64767	12.1333
2.73027	10.2472
1.04701	9.82237
0.106018	11.7829
1.57488	11.5386
2.41564	10.4643
1.63933	11.2259
2.05884	11.594
3.20734	8.60417
2.35088	12.4979
1.25997	11.3083
2.83141	10.8892
3.6722	11.7444
2.33367	10.5602
0.775922	12.4591
1.41138	10.3448
2.33446	10.6999
2.13834	10.3983
1.78119	10.5199
0.878211	10.5855
2.75937	9.92247
1.92389	10.0143
1.68908	10.8992
3.36004	13.3964
2.00225	11.2513
2.58993	10.2752
2.49904	11.5299
-0.0124028	9.54491
4.01111	8.12669
1.72795	12.1059
0.433122	11.3859
0.869957	12.3421
3.78485	10.6494
3.32733	10.4728
1.85546	10.7187
2.7168	12.107
3.31977	12.5725
1.7737	11.2093
1.55274	14.1272
1.70993	10.2143
2.69804	11.9425
2.40961	11.917
4.0578	10.3771
0.184164	11.7706
1.49348	9.93918
2.88537	13.0452
0.500874	13.5772
0.260188	9.59214
2.48809	10.6366
3.83663	10.941
1.91997	11.8889
0.181246	11.2598
1.44429	10.8818
1.00874	11.2582
1.75392	10.2408
1.1785	9.68429
1.42665	11.5521
2.20317	10.7916
0.35551	10.7295
0.8691	10.1928
2.90501	11.0035
2.15937	11.9796
1.55537	11.5293
1.34527	10.4104
3.91119	10.8905
2.87369	11.8229
2.06482	13.2504
0.798735	9.22353
0.883824	11.4485
0.952544	11.3802
0.284931	10.1542
2.43356	10.2082
2.0601	13.4149
1.0851	11.006
3.09937	10.6144
0.747836	10.7564
3.05538	10.553
0.610864	11.56
2.72248	11.4468
0.887677	11.6746
0.717991	9.75094
2.32138	9.54459
0.671466	11.4
3.63563	10.3742
1.25594	10.703
1.15422	11.6613
2.81833	9.39911
1.56304	11.585
0.212627	10.7004
1.02312	12.3476
1.73885	12.2628
2.42403	10.2714
3.25566	9.72134
1.07518	11.7665
1.49594	11.3472
2.08366	10.03
3.68944	9.1629
2.1034	11.6706
2.10513	11.7558
1.39865	11.4186
0.0470583	11.2227
2.2995	11.7518
1.27577	10.8066
2.36638	8.97834
2.57432	13.8482
0.84429	11.8859
2.31329	10.0699
2.66795	12.0235
2.67779	9.4292
1.46156	9.36178
2.11354	10.5805
3.47894	10.8324
3.10944	9.85714
0.650998	11.4576
3.09161	9.78708
1.18218	10.152
2.59822	11.48
3.79277	11.1364
-0.116738	11.8077
2.10659	10.0028
2.55375	12.0162
1.1038	8.973
0.512984	10.2852
2.01262	11.7869
0.616255	11.2365
1.65418	12.1521
3.33436	11.7034
2.41911	9.549
0.827463	10.5128
1.72762	11.8463
2.81116	13.4094
0.321921	11.7334
2.77539	11.6093
2.43509	12.2762
2.4136	11.5222
0.67857	9.383
4.30725	11.0645
2.14099	9.35436
0.495411	12.7334
2.35329	12.146
1.41737	13.435
2.38354	9.42651
2.71972	9.38151
0.881205	11.3094
1.14042	11.0193
-0.0312942	11.7244
2.95964	10.2383
1.855	10.6917
5.00364	10.4171
2.39125	10.7863
1.22555	10.76
1.38927	9.5463
0.76277	11.7277
1.50011	11.662
0.233552	11.5126
1.66473	11.4928
2.51894	9.25406
1.40521	9.69106
2.21355	11.3164
1.55557	9.79724
2.99549	11.2112
1.76053	9.90057
2.40372	9.7814
3.58922	11.0545
0.636302	11.3963
1.74604	10.3913
2.10657	9.73834
2.54823	8.97367
-0.0745031	10.8967
3.21178	9.53791
0.0364794	9.0611
3.10891	10.5885
2.76572	10.1694
3.13847	9.78478
3.20655	13.7764
2.6827	11.3022
2.82858	10.6172
1.95049	10.58
3.30467	9.39884
1.42825	11.1833
2.07508	9.88515
2.44267	12.3835
3.21994	9.726
2.89239	11.8445
2.25227	11.2376
0.736366	10.5128
3.42829	11.4531
1.45671	12.1161
2.07289	12.1513
1.19429	11.2479
1.92904	9.34767
0.791883	11.3848
2.12422	11.4064
1.88627	9.84251
3.54872	11.0343
2.79675	11.8598
2.55953	10.6286
2.56234	11.9423
4.08169	11.0985
3.54575	11.242
0.670695	12.1296
1.77385	13.6286
1.37302	8.87443
4.3831	11.4405
0.0969102	9.62819
1.80747	11.8658
0.014876	10.3694
0.888462	12.1182
0.564544	9.91776
0.924537	10.6933
1.86988	13.9107
1.24952	10.3052
2.77387	11.8638
2.15006	12.1426
0.390218	9.03836
2.37045	10.8754
0.763314	10.578
4.77913	11.4818
3.35816	12.356
2.61493	11.6313
1.43124	10.5686
1.75303	10.1595
2.84863	9.21765
1.65939	10.9145
4.08586	9.34398
1.69579	11.2344
0.316073	10.3312
2.23828	11.4278
1.48787	10.5327
1.50657	9.25621
1.19132	9.45739
1.82011	11.8099
2.53916	10.6858
0.193862	11.0663
3.25507	8.7313
0.986628	9.47406
2.37309	9.73549
4.2482	10.1283
0.728184	11.4535
-0.0407487	11.3191
14.7052	12.8332
0.649389	11.3227
1.43811	10.513
1.42637	10.0897
3.03904	10.5636
2.57621	10.5386
3.46679	10.9941
1.90262	10.981
2.8085	11.7302
0.820011	10.9213
4.06766	10.311
2.64539	10.9538
2.72784	8.96426
3.86968	8.54532
2.37632	11.8848
0.953502	10.0739
0.479993	9.26031
2.90151	10.1394
2.03131	9.53915
2.44331	11.2964
3.66726	10.6534
2.00823	10.034
1.85879	10.8088
2.00044	11.7929
2.80792	10.877
0.43407	11.8696
1.36629	10.4072
3.7832	10.7086
1.33792	10.2739
0.0886861	10.5789
2.02792	11.7137
0.443491	9.19078
2.1059	12.1299
1.76506	10.5272
3.85403	10.3382
1.51668	10.4346
0.806934	11.2433
2.98343	9.25947
2.52182	9.16613
2.31842	11.4513
1.20165	9.6795
2.8428	10.0032
3.0842	11.2887
1.63157	11.5615
4.71335	9.45268
2.1031	10.9754
2.3911	12.5021
2.39772	14.0246
3.92577	10.8959
2.77396	10.7162
0.801677	12.3486
2.35951	10.6542
3.52033	11.225
1.92722	10.1526
3.16946	12.3836
3.45333	9.89463
1.78592	9.46405
-0.00849033	12.2023
2.33471	9.20765
2.73842	11.7727
0.164764	12.0363
3.31527	12.0303
0.757665	11.1247
3.25444	9.49925
1.33259	11.0758
1.95442	12.6882
2.86457	11.5926
0.237963	11.3001
2.79674	9.55886
7.63729	8.8297
2.91183	9.11321
1.84005	12.9213
0.987848	11.3341
1.17431	12.3024
3.08359	11.4769
3.66062	11.1725
2.34456	10.7221
1.57604	9.97013
2.57666	10.2312
0.782612	10.6068
1.69945	11.6822
3.0957	11.6972
3.47613	11.7845
2.4012	10.8094
2.32925	10.5513
2.64626	11.4975
0.546951	9.50027
2.90828	13.9084
2.93024	10.3406
1.59692	11.0762
1.25146	13.3118
1.29421	10.9335
0.38651	11.0906
1.77813	12.4662
1.24367	10.6406
1.96343	11.1891
1.91527	11.3072
1.38316	11.0488
3.61816	8.39187
0.259467	9.68096
3.04849	9.54528
1.90566	10.7257
-0.0307813	11.4281
3.2877	11.3373
1.9162	10.377
1.37783	11.9361
2.52517	11.8804
1.55166	12.2559
5.35028	8.92418
1.89339	11.152
3.00615	10.9004
1.54486	12.2684
2.92631	11.4343
0.261624	10.9897
2.10837	10.9328
1.91366	9.81973
1.8821	11.2574
0.690854	9.99996
3.03962	11.3876
3.17518	10.7143
1.93281	10.6488
1.38517	10.2255
0.52149	9.82031
0.0741483	10.4745
2.50147	11.2952
1.76269	10.9564
1.95678	9.0476
2.15653	9.12493
1.63484	11.0922
2.28894	12.3205
2.30785	9.78681
0.527144	11.8797
1.45411	13.1322
2.0425	13.1985
1.11675	11.9997
4.34165	9.62281
2.72345	11.4646
1.05878	11.334
-0.0100883	11.7344
1.5115	11.7327
0.670725	9.43881
2.70428	10.3014
0.45978	11.6404
3.42466	10.396
2.05739	9.9609
2.82868	11.862
5.03081	10.8404
2.45872	9.28324
4.29274	10.1663
2.68732	10.6003
2.29179	11.0923
2.51424	10.8603
2.37153	9.32375
0.238851	11.6437
1.72299	9.07311
0.378947	11.7474
2.31777	10.1562
1.37625	13.0721
0.564544	10.2673
3.74472	10.649
3.30143	10.5729
2.12655	11.9455
3.60914	10.1045
0.367714	11.4446
2.98506	9.30082
1.79202	10.2415
1.70461	10.9825
0.709449	11.8203
1.10106	10.6532
0.597562	11.2478
1.23984	11.1829
2.73023	9.46426
1.25979	9.66687
0.270238	9.20709
2.20149	10.6922
1.87378	10.5725
2.81381	10.1763
2.22592	11.3844
2.05881	12.1375
2.15571	12.851
1.77871	13.4265
2.82232	9.69025
1.14525	9.45044
-0.0772143	8.89433
2.60318	10.0674
0.113939	11.2889
3.04919	9.35486
2.20542	10.8528
0.232247	12.2723
2.7774	9.56253
2.56687	10.6594
1.8396	11.0286
0.588798	10.3371
2.8598	11.999
1.65228	10.8002
1.33295	11.7192
3.04649	11.5277
3.09737	12.1877
0.257853	11.8438
5.27076	9.13335
0.549091	11.2972
3.69812	12.4133
2.22318	12.2122
1.92637	10.1231
3.20529	8.863
0.862398	12.1021
2.49039	10.6603
4.19714	10.9383
3.49525	7.96535
2.10718	10.0135
1.44044	13.504
1.88358	9.39792
1.74099	10.988
3.19893	10.706
3.536	9.87125
1.66914	11.477
2.49672	10.1265
6.19214	10.533
0.755357	11.5223
2.61127	11.4794
2.15366	11.1198
2.17104	10.0442
3.40354	9.88789
0.690405	11.0652
0.755203	11.8545
1.8973	11.031
2.26724	9.70133
4.06286	9.57789
1.24233	10.6086
1.63929	11.0604
2.0412	11.2025
0.548433	10.7185
2.09361	12.4835
4.50561	10.4034
0.567005	10.6279
1.84515	11.7493
0.684714	9.63766
1.3986	9.97099
0.785933	11.8823
2.96564	11.5469
1.51875	9.024
0.357114	12.1776
4.40654	11.1343
1.96721	13.7465
1.87522	12.8224
5.35176	10.4037
1.37609	9.03507
2.73429	9.89186
2.86164	13.9109
0.0380489	9.44044
0.95522	11.4743
2.40373	11.7058
1.78052	10.8933
3.75821	11.2699
2.61894	10.1182
1.84542	11.0318
2.69369	11.1659
2.75408	11.7374
1.95591	11.1977
2.09854	10.6704
4.46506	11.6925
1.8459	10.8708
2.40332	10.2628
1.03811	11.7794
1.9745	9.91413
2.82967	11.5445
1.86543	11.5304
2.06537	9.52191
1.85571	10.3192
1.06591	10.9801
3.17311	9.1003
2.62409	12.6258
0.0790172	10.9496
2.28382	10.1076
0.838069	11.2037
2.62251	10.8452
0.286416	10.7356
0.728597	10.3746
1.39877	9.83043
4.39946	9.50496
1.86321	10.9162
2.25834	9.35003
2.86665	11.3303
2.00269	10.3554
2.5528	11.5302
2.3394	10.72
1.47178	12.8639
1.30479	10.2951
0.0344686	10.0678
3.36883	9.35049
2.4873	9.02256
2.81539	12.0631
2.27084	11.8011
0.339596	12.8802
3.18984	12.2725
1.42218	11.3647
3.26583	11.153
1.3446	9.78355
3.05271	11.8528
0.747254	9.53819
2.73892	10.3137
1.44714	9.67748
2.50396	12.834
2.81103	11.0685
3.96123	11.4285
2.67482	11.3789
3.4695	10.8258
2.6542	12.0828
0.888873	10.4427
2.58899	10.614
0.178058	11.0895
3.18784	9.56765
2.75164	10.0371
2.19566	11.2548
0.111478	10.8187
2.37964	11.7114
2.52378	11.7709
2.93772	10.743
1.6324	10.7621
2.90439	11.4151
1.72528	9.66123
2.53763	10.4127
3.36209	11.9602
0.428249	11.3362
3.10568	10.3678
1.86996	11.6333
1.04218	11.0535
1.42524	9.51737
0.129292	10.1824
1.33318	9.35038
2.48797	8.97189
1.45453	10.4133
3.8469	12.2967
1.47129	11.3724
0.990535	11.028
2.05977	11.4613
0.0895773	9.37814
3.46103	13.3839
2.54732	9.27199
1.0847	11.2453
1.87655	11.5294
0.885794	11.3383
2.60956	9.52547
3.10642	11.7352
1.10999	12.907
1.95939	11.2639
1.88457	10.4692
2.17468	11.1829
1.44865	9.46772
4.9169	11.8631
0.748907	10.1533
3.80573	12.4628
0.835598	10.7457
1.36049	11.5776
2.94137	11.8367
3.21067	12.2061
1.30297	10.2914
0.623944	12.5642
1.78555	12.0475
2.23158	12.7872
3.70034	9.3606
1.98487	10.3253
0.698418	11.8131
1.16875	10.4828
1.17504	10.9144
1.44211	11.992
2.70733	12.9203
0.733311	11.4361
1.05457	10.8802
3.01212	10.8403
0.187748	11.1615
1.51968	12.037
0.588126	10.6641
1.78393	9.95912
0.986689	10.5116
2.71176	9.48522
2.96086	10.7974
0.989547	11.716
0.789744	10.413
4.0134	11.2055
1.73392	11.3137
1.28279	10.8701
3.75069	10.0277
1.41861	10.6481
2.93132	9.92262
0.570717	10.5957
2.73859	11.8299
0.0835863	10.322
2.20934	12.9099
2.68262	9.97758
1.32978	9.81591
0.739136	8.85282
1.987	8.91304
4.69342	11.5369
1.91487	12.7263
2.01183	10.9739
4.53282	11.0442
1.98155	10.686
0.400246	11.7047
1.33255	11.7423
0.599761	9.72715
0.157868	11.8677
2.15671	10.7157
3.00438	11.0276
1.22523	10.9466
4.52993	10.7847
2.89436	10.8176
1.47826	12.2271
2.89789	11.7849
3.37706	9.9996
2.58118	9.17735
2.03128	12.3749
0.801234	11.7648
2.09333	11.178
1.51693	12.152
2.80567	10.2335
0.732981	10.3493
1.73226	11.9962
0.741066	10.8053
4.11544	8.97108
0.475574	12.964
1.33745	9.74603
1.83422	10.7822
2.97504	13.359
2.765	11.4571
2.5526	10.4274
1.27699	10.3726
0.627947	10.1753
0.0441589	9.5457
1.48889	10.7387
3.00751	11.1011
1.07186	11.9298
1.01143	12.7404
3.13899	9.73306
-0.121482	10.1887
1.33894	10.5676
2.38516	11.5027
1.11994	10.9803
0.960022	9.35041
0.663022	10.5529
2.64295	12.11
0.719184	11.2269
0.0604735	10.5147
3.35523	12.328
0.610672	10.7979
2.95647	9.86062
2.09609	10.5995
3.09825	10.964
3.18158	8.87817
0.72837	11.0964
3.7036	9.75238
2.52504	10.1997
2.69535	10.7423
2.61237	11.2281
0.480022	11.7026
2.00934	9.67198
2.48398	10.5756
2.71195	11.5897
1.47968	10.8471
4.12981	11.2402
3.48335	11.9298
0.175746	11.572
1.24288	9.81287
1.54599	11.7815
0.634517	9.94196
10.8583	12.6499
2.85225	12.9766
0.00287833	9.55858
3.8726	12.0003
0.692084	11.8566
1.00997	10.8097
1.89952	9.22626
2.02622	11.3997
0.496828	11.4505
2.99234	11.9172
2.30013	12.8951
0.535152	11.6388
0.792214	10.8546
0.229794	10.0307
2.67276	9.46536
1.30045	11.4753
2.11083	11.5392
2.23807	9.87593
2.26539	10.4212
1.76064	10.1913
2.29428	9.70157
4.28169	11.9308
2.15759	10.7006
2.44695	10.3181
1.8666	10.1943
0.890645	10.5165
0.971001	11.1055
2.41413	9.06463
3.9607	10.9006
2.903	11.1595
5.4096	9.13881
1.58659	11.5967
0.737422	10.2659
1.9673	11.5382
2.76783	11.3804
1.81126	10.315
1.22369	13.6544
0.484986	11.3614
2.76611	9.63858
1.7649	11.7052
0.267645	11.4955
2.03764	11.1918
2.19333	11.5122
1.11312	10.9242
2.21106	10.9268
1.50856	10.4954
1.85907	11.6069
3.18032	11.2617
4.11882	9.79118
0.775583	10.4181
2.11643	9.7306
3.13539	10.0811
1.56282	11.2254
2.53105	11.2652
0.0513296	11.5387
0.561525	8.81851
0.357408	9.71104
1.11982	10.1725
0.456124	9.09091
3.32664	8.89936
0.608262	9.88078
2.06454	12.4272
1.75837	9.4581
0.926192	11.5455
2.24798	10.9856
4.39349	11.7917
3.63384	12.5745
1.66252	10.5155
2.45715	9.28232
1.25177	10.4514
2.49895	9.7603
2.40186	10.631
1.94724	10.4002
0.562706	10.334
1.0403	12.9561
1.03251	11.9953
1.20492	11.0883
0.600613	10.992
0.995349	11.3858
2.50078	10.6321
1.06002	9.91675
1.98292	9.51991
2.00795	11.3833
0.489936	10.6482
0.499972	11.4062
1.93599	9.61868
1.87155	11.3035
2.25832	12.7298
1.89854	10.8175
3.4072	9.90875
2.15715	10.4262
2.97406	13.0771
3.13645	12.0888
2.65469	12.1631
3.09594	10.1943
0.573	11.2259
1.1416	9.46404
2.3472	10.252
0.482775	9.71373
1.52745	12.6089
0.619219	10.4067
3.67037	13.4308
2.36065	11.1512
2.51951	9.87386
3.5585	10.1943
2.30475	9.66414
1.48103	10.3842
-0.0240137	9.25188
2.24026	10.1836
3.17391	9.82311
2.55422	11.4872
0.713978	12.7773
1.57981	11.7213
2.66845	11.1144
4.08323	12.3231
0.507699	10.3605
1.86173	9.90929
2.57509	11.9499
2.21585	11.1627
0.640545	10.1705
2.06597	11.3102
0.280563	9.94667
2.8463	12.4656
4.48601	14.4127
1.21043	11.7507
2.48019	10.404
1.29188	11.6705
0.36353	9.75625
1.53301	11.4866
4.3403	10.5097
0.843503	9.33143
2.04393	10.8131
1.06486	9.70041
1.31516	9.82067
0.909887	11.6849
1.30681	11.5022
1.9646	11.2685
1.69485	9.42452
3.05933	9.57938
1.00417	10.4255
2.1058	11.3666
4.09501	13.3543
2.51943	9.58896
0.981084	11.6867
2.11759	9.74138
1.43835	10.2598
1.67844	10.9949
1.80199	9.5534
2.42591	9.44966
3.70492	10.4465
2.10453	11.4055
1.22439	12.3688
2.32083	11.8503
2.07615	11.4924
0.826844	10.5641
2.39417	11.9917
1.88661	11.9064
0.476705	9.21056
1.53127	10.7016
2.22205	12.7651
1.63393	9.80378
2.03823	9.67031
1.1769	11.8335
4.54491	11.0703
1.11096	11.9079
1.7743	9.85406
0.247095	10.0159
1.05787	10.5379
0.873714	11.0795
0.197791	11.3941
4.2473	11.62
1.73212	9.40003
1.42144	11.6967
2.02114	12.1937
1.57099	11.7481
1.98019	10.7337
3.12217	11.2756
2.17891	11.2356
4.5865	10.5162
1.38091	12.6499
1.95852	9.69304
2.75173	10.6878
1.29209	10.615
2.08944	11.8359
0.0878397	11.7632
2.30601	9.47233
3.92622	11.847
1.33393	11.8746
3.01649	12.3133
1.55684	10.3034
3.16698	12.4536
1.22186	9.78789
2.09668	11.6224
1.32048	8.8328
0.495174	9.77751
2.3259	11.5876
1.00021	10.1671
0.646315	10.2094
1.61884	11.7754
2.2106	12.92
1.52915	12.2134
2.67971	9.47543
2.26565	10.9455
1.64211	10.0314
2.22379	11.2586
0.980139	9.56048
2.73486	10.6282
1.78574	13.2559
2.17429	11.0156
2.38936	13.6099
1.38715	11.5334
2.46886	12.2086
0.108377	10.8954
0.982428	11.134
1.81523	10.6689
4.87611	8.4728
0.685057	9.80886
1.22265	9.92005
1.18279	11.7845
1.63454	9.92766
2.36872	9.0232
1.97186	10.1428
0.924442	9.9468
7.38887	12.5955
2.31216	10.3987
2.71326	11.1033
0.509083	11.692
1.19318	11.8601
2.93608	12.0815
2.2116	11.2994
2.12313	9.23086
2.43037	9.98068
2.98941	11.6765
0.825981	11.7843
2.94344	10.791
0.438143	10.8485
0.796123	11.9156
3.1766	9.33183
1.38343	11.0279
1.11024	10.4418
1.16878	10.9179
0.105145	11.0592
0.118663	10.7768
2.67178	10.0485
3.01823	11.254
1.40834	9.82265
0.745691	11.7288
4.00185	10.0785
0.931764	10.8008
2.66078	10.3874
3.22366	10.8755
1.80585	11.2735
1.86027	10.4072
2.18666	9.1799
2.55592	11.3084
0.930136	10.3816
0.841187	10.9669
2.98806	9.59229
0.864514	10.6871
3.03902	10.2072
3.23271	10.0114
2.6309	11.4059
2.17504	11.0447
2.28742	10.316
2.72419	9.16334
4.5387	11.051
2.92266	10.1064
0.901672	10.8936
2.72851	11.5148
0.617891	10.4885
1.83366	12.2377
1.55504	9.40727
3.08983	10.9703
0.807884	9.834
1.18869	9.78271
1.80316	9.76577
2.62728	9.22701
0.974833	12.897
2.59231	10.2798
3.61423	10.8406
2.47022	9.97643
0.392602	10.152
2.50099	10.3739
0.956175	10.3368
0.729975	10.3363
3.36831	11.1995
2.28596	10.6773
2.0054	9.94922
1.52496	11.6972
2.28772	9.53894
3.06125	10.8775
1.86834	9.77492
1.13161	9.32969
1.80358	12.0501
1.14235	11.9305
3.74188	6.40276
2.05736	10.8204
0.807422	11.1553
3.29197	11.4413
1.41605	11.7318
1.4757	9.8457
5.50737	11.2301
0.728329	12.6457
2.47545	9.83463
0.805834	10.3122
0.667258	12.3841
1.0282	10.4058
3.53734	9.77535
1.85355	11.2222
3.98303	11.5367
2.66097	9.44205
3.50924	12.6797
1.85102	10.4779
1.43178	12.202
1.41773	9.96627
0.823536	10.0242
2.99132	10.549
2.65058	11.6242
3.02262	9.66269
2.77484	10.0214
2.5709	9.40201
3.02944	9.46369
3.01843	9.13568
1.8253	9.8895
3.47022	9.39493
2.37747	11.3711
0.623192	10.0081
3.20204	11.0184
3.04612	8.38919
1.56956	11.8494
1.443	10.9128
0.476717	10.2772
1.79789	9.4908
0.855645	12.9296
3.31081	9.78272
1.41374	11.8269
3.18287	9.55634
3.14509	9.67139
3.00084	11.0867
0.379895	10.8585
1.26132	10.8901
1.28909	12.7522
1.87753	9.18525
2.05265	9.45563
0.86142	10.7395
2.33695	10.8652
1.87516	9.59928
1.49298	11.5798
3.13815	12.4949
1.22689	11.5687
0.714716	11.9027
2.98278	10.3136
0.358443	11.3007
1.8094	11.3892
1.17201	11.7215
0.972957	10.2189
2.79928	9.32171
0.936677	11.7807
2.46142	13.5505
0.578127	11.3389
0.756413	9.73834
2.01979	11.5441
2.51286	10.4334
1.97286	11.838
1.67675	9.49988
1.71041	10.8537
1.83396	11.0926
2.91229	10.2177
4.03785	10.9573
1.79239	11.489
1.5917	12.0679
3.54466	12.2729
2.29218	11.7996
1.07957	11.261
3.31373	13.7551
0.754695	13.4884
0.517691	9.85854
1.19819	10.5925
4.36846	9.57545
3.55118	11.1687
3.42833	11.6904
1.65944	10.1776
1.13012	11.4228
2.11227	11.0199
3.32256	10.7004
2.75006	10.1917
3.74227	10.9996
0.1175	10.0621
3.31831	9.33491
1.59892	10.2427
1.14487	9.31649
1.84835	11.7812
0.662205	9.26449
1.50748	12.2241
2.51089	9.66326
3.51078	9.76433
2.68146	10.3093
1.29088	11.6889
0.802478	9.36359
1.25742	11.7286
0.35962	11.591
1.68885	9.66327
2.03712	12.8016
1.21289	10.7354
0.467474	11.7935
1.85181	9.9793
2.85583	12.0287
3.74911	10.0378
4.11195	10.2673
1.35191	9.76867
3.2965	10.7377
1.29913	13.449
2.01808	10.3566
3.70537	11.3697
0.721419	10.2234
1.18944	10.8293
2.01431	9.15309
2.83821	12.0789
0.291122	11.9423
0.471522	11.6585
1.97394	9.37806
3.21499	8.49907
2.39199	11.9961
-0.0282133	9.79215
3.86596	11.3027
0.713417	11.1681
2.39649	10.0643
4.48918	10.6701
1.03706	11.767
2.56603	13.3293
3.06296	11.6595
3.05935	10.2185
0.0686447	11.9731
0.34062	11.0342
1.43406	9.81521
2.73078	13.1214
2.08506	11.6675
2.27086	9.377
0.855138	10.2422
0.200902	9.60242
2.2803	12.3048
1.29731	9.6565
1.93943	11.2592
2.02753	9.42996
2.33683	9.58018
2.89919	10.5832
3.62289	11.2935
2.452	10.3782
3.62542	14.1896
3.564	10.3558
0.0158601	13.2402
2.4938	14.2327
2.4605	9.10689
1.47377	11.3432
2.65105	10.1357
2.32938	10.1944
1.06627	12.1579
2.80513	11.2101
2.9505	9.53355
4.64987	10.7718
3.38062	11.7863
2.70406	11.6338
3.68247	12.7954
2.46093	9.09211
3.31937	11.7576
1.66973	10.4369
1.93946	10.9806
2.43058	9.65247
0.601375	11.0938
2.63408	11.9117
3.60676	11.4416
0.0881474	11.8791
3.23594	12.4492
2.23489	10.1391
1.34497	10.2703
0.218948	11.7372
2.81837	9.41911
0.52497	9.36409
4.56095	11.7576
1.31779	9.03766
2.45311	10.6457
2.20037	12.1388
3.40905	10.4399
2.81826	9.09027
1.09417	10.9243
1.08206	9.09617
2.56401	11.9329
2.23558	11.2553
2.39261	12.1275
1.87502	9.22861
2.40426	10.0695
0.6149	11.8733
4.23186	11.6843
1.29188	9.7467
1.92542	11.9186
2.3815	13.4763
1.91715	10.1894
2.03403	11.6938
2.51768	11.5089
0.82162	12.0802
3.4779	12.9004
1.2602	13.7405
-0.0477132	11.56
4.14736	10.3016
4.10789	11.1897
3.16315	11.5466
4.42535	11.1532
1.76601	9.18717
2.24729	10.1766
1.78879	9.9782
2.66297	9.56582
0.400649	10.4649
1.67573	13.3038
2.2447	11.2166
3.32023	10.9068
0.957197	9.91901
2.01696	10.7698
2.78034	9.4065
1.28994	14.6212
-0.0855422	11.4218
3.77761	12.8053
2.1111	10.6833
-0.188063	10.9216
2.2254	9.36573
2.95803	10.2882
1.75215	10.7648
0.751384	12.6977
2.97213	11.9045
3.23125	10.5231
3.77639	9.55759
1.9532	11.8335
2.1231	12.7097
2.50906	10.8852
3.46911	9.56339
2.6003	9.4545
1.23318	9.4223
2.85977	11.4552
2.39809	11.2468
1.28858	9.28474
2.65301	10.0875
2.42571	9.35933
2.68139	10.7238
0.781872	9.38963
2.87405	9.5736
2.64781	11.9976
2.496	11.0733
2.14793	12.1819
2.11626	13.541
2.55363	10.9998
0.225199	11.7169
1.22049	10.2271
2.77821	10.0189
1.4589	11.6995
2.61879	11.4725
1.83011	9.52904
0.0990964	12.2765
0.980568	10.2045
1.88192	11.5334
2.92885	9.5024
1.18371	12.8762
2.45176	10.1028
3.40915	9.4695
2.69859	11.2175
2.73371	10.7016
1.94211	11.5004
2.24259	11.6089
2.29039	10.0956
2.87653	11.3063
0.398496	14.2446
2.91383	11.0073
1.35572	12.0436
2.82453	11.0372
4.63745	11.0778
1.99167	11.8657
1.23106	11.8717
3.44322	12.9188
2.88662	14.0644
2.59395	11.3462
1.00241	11.6217
0.852816	11.992
1.63064	10.0069
1.64523	11.1846
1.60448	11.7718
3.5708	10.5808
5.32715	8.15361
0.411296	11.838
1.16612	10.9817
2.69401	11.0305
2.8623	12.5001
0.824107	13.0259
1.73294	12.6159
2.88353	11.8623
0.536488	10.7006
2.31618	9.78297
-0.0501768	12.0502
0.436883	12.0282
0.994838	10.5579
4.02278	10.7654
2.77567	11.4515
2.68339	9.73715
3.76223	10.1244
0.901314	11.3053
0.377981	10.3341
2.37415	11.5908
3.97197	11.0527
3.652	9.79156
3.02652	10.5782
0.727316	10.3784
1.49929	12.0593
1.21683	10.2839
2.54225	14.5677
2.51873	10.8618
3.04831	9.74612
1.09801	12.5978
2.61381	10.4037
2.12861	9.18527
1.53517	10.0877
0.714979	10.3049
2.02757	12.5232
3.05504	13.5767
3.03919	9.26992
1.1999	11.157
0.93409	10.5286
3.48278	10.7342
-0.0129487	10.7473
1.22489	10.1114
3.68385	10.2195
3.41969	10.35
1.78652	12.0554
2.29801	9.97599
1.25845	9.18081
1.40193	10.845
0.695482	10.3925
0.900379	9.66309
2.10395	11.8549
3.72313	11.4711
1.70123	11.9247
1.00027	10.0354
2.35255	9.8962
0.781086	10.5037
2.51259	9.19037
2.25307	12.3473
1.5311	11.9141
1.60997	10.8204
1.648	11.582
2.81658	11.5277
0.857926	11.1854
2.43673	13.4615
0.549804	8.96526
0.523486	11.9118
1.31164	11.317
2.52399	10.4897
2.3215	9.17438
1.68081	11.4395
1.90505	11.1521
3.2984	9.41724
3.95669	11.7031
1.96036	11.3645
2.03408	9.60229
1.1996	11.8732
1.97991	12.4123
2.65964	9.43553
2.31982	9.93507
2.97414	13.0393
1.1889	11.7097
2.53608	11.6932
2.67789	10.6208
2.51954	11.082
1.66755	9.86528
0.955926	11.6227
0.0488788	10.8303
2.70898	10.885
1.93199	8.99365
2.01669	12.4206
2.28564	10.3573
2.8549	11.8765
3.22212	9.49635
3.4398	10.7987
1.3666	11.8713
3.06224	9.98673
3.11803	10.735
0.489198	11.4652
1.96025	11.6828
0.645489	9.56584
2.65508	9.53287
1.61303	10.6336
2.04243	9.44694
2.86665	11.5433
1.65355	9.29581
0.701862	11.6463
0.826831	10.2929
0.428265	10.8993
0.870552	10.9139
1.74733	9.13673
2.66051	8.94844
1.21688	13.414
2.881	11.0137
2.4097	9.63868
1.81232	13.3356
3.23398	11.2411
1.71208	11.1413
0.532101	10.8005
3.68965	9.72718
0.676122	10.9812
1.05236	11.2214
1.20218	10.5199
1.94151	10.7489
1.58041	9.74483
2.37572	9.70992
1.11725	12.0574
0.58657	10.6373
3.3782	11.6026
2.35478	10.1305
2.99903	10.4428
0.218635	11.2864
3.05172	9.42341
1.09086	13.1135
10.2719	7.79046
1.6264	11.2585
1.91892	10.9962
2.49537	11.7562
2.30893	12.9628
2.89565	11.0815
3.27257	10.2918
2.14478	11.592
1.09085	9.46255
0.611628	11.3689
3.05852	10.9917
1.94452	13.2927
1.70792	10.5504
2.88032	11.2677
1.77944	11.1641
4.05112	10.6862
-0.159887	10.7983
2.74449	10.5295
3.62821	10.9114
2.67124	12.2187
1.70902	12.4154
0.369397	11.1377
1.37395	12.5825
2.31553	11.8499
3.13847	9.81312
1.16035	12.4053
2.71051	10.1702
0.724208	9.98725
1.489	10.7783
2.27929	9.21739
1.73804	10.4253
0.122738	10.3115
2.45331	12.0456
1.64391	10.2098
2.11298	11.088
2.0134	10.3456
3.96894	9.97384
1.25856	10.2798
2.09945	9.19186
3.84984	11.2311
1.06262	10.7021
1.07728	12.1658
2.86872	12.8447
2.97113	11.6643
4.39941	11.5503
1.43792	10.1527
1.45719	11.6965
1.55993	11.7768
3.80485	9.6079
1.86295	10.8114
0.796377	10.2609
1.68299	10.2617
2.94388	10.2635
1.94673	11.1514
2.57766	12.5164
0.809692	11.8167
1.30648	11.3968
0.871494	11.8962
0.462445	9.41186
0.396748	11.1015
1.71079	9.44275
1.48302	10.5827
0.951141	13.3684
1.36179	10.9854
-0.114531	9.33296
2.55589	11.6084
2.77201	10.3612
1.97387	11.5258
2.82656	11.1288
1.78552	10.1195
4.01949	11.7432
2.35018	10.9925
1.76575	12.4575
2.44615	10.4168
3.17632	12.0122
1.92366	10.2839
0.842208	8.92058
1.73235	9.75426
1.83108	9.77324
0.93515	10.2572
0.0997959	9.92447
0.707593	9.21518
0.406684	9.81877
0.268643	12.1552
1.8849	13.1472
0.261695	10.7978
0.478951	10.7907
2.03741	11.467
1.38344	13.2521
0.934832	9.7974
0.407925	12.3281
0.257257	9.54148
2.74929	10.9619
1.5885	10.5673
2.62807	11.1212
7.22513	-9.9899
2.33509	9.98798
0.617768	9.20885
2.54723	10.8484
0.193839	10.4923
2.35892	11.4784
3.07487	11.6134
4.43866	10.5737
0.0812961	13.1022
1.37945	13.2228
0.882503	13.0434
0.558096	9.88242
1.84485	10.9127
2.10458	10.4936
2.53254	10.905
3.5529	10.048
2.16626	10.7475
0.0348064	12.6552
3.92422	11.3634
1.19391	12.3479
1.8154	10.2701
1.67125	11.1037
2.36447	10.3619
2.4653	10.6457
0.496676	12.9814
1.97539	12.5307
1.39931	8.9847
2.5279	11.8286
0.188287	10.8457
4.58685	9.58599
1.30998	10.7385
0.865243	11.9211
1.89456	11.1285
0.142129	11.8957
0.652092	11.2407
0.786496	10.43
1.1632	9.45273
1.90219	11.3376
1.47781	11.7226
1.36101	12.6835
0.793012	9.44095
-0.217138	10.5376
4.08697	8.5952
2.0735	11.4326
3.42511	9.9547
4.91337	10.596
3.85208	9.05573
4.20959	11.7149
1.81559	12.741
2.14148	12.9465
1.97144	10.4209
3.19712	9.1835
0.199228	10.8387
1.83845	12.4185
2.31858	9.38909
0.837713	11.3492
0.915818	10.6697
0.0618585	12.9614
2.42527	10.5941
2.93366	10.4825
0.794675	9.85186
4.09101	10.7805
4.51277	10.2298
2.4542	10.5443
2.36472	9.94597
0.388194	11.9075
0.57642	9.36757
1.4137	9.13623
2.67735	9.09436
3.00571	11.6752
1.97781	10.7322
2.42077	9.18903
1.6989	9.16245
1.71925	12.3484
2.27403	10.4075
2.90842	11.2887
2.72086	11.1882
0.0109702	11.3745
2.79442	9.87149
2.51238	10.351
3.18071	11.2181
1.67538	11.8996
1.28888	11.5897
1.88621	11.3278
2.79221	13.1427
3.08172	10.5509
2.36985	11.8434
1.31803	11.8313
2.01669	11.0495
1.98011	9.63869
2.30406	12.3452
1.08795	9.48129
0.789442	11.846
2.70452	10.8106
3.50639	11.1349
2.16039	9.48098
0.488229	11.2143
3.88659	10.3729
2.9078	11.7662
2.52867	11.9432
3.87608	10.2619
1.78892	12.2269
1.97197	11.429
1.63836	12.0483
0.261278	11.6784
0.664396	11.6441
1.63418	11.2195
2.22296	11.5059
1.52227	10.4
2.70534	11.0151
2.07189	11.9113
2.8799	10.1831
1.8808	11.8483
3.99066	10.4063
5.01216	10.9944
2.11014	12.0863
0.200383	11.0119
0.653327	9.79196
3.12042	11.8473
2.36842	10.7301
1.6011	10.2623
4.43819	9.3048
3.08715	8.96494
3.98154	10.3496
1.47697	11.5575
2.86178	10.1988
1.70609	9.46878
3.14774	9.77338
2.97328	9.71596
2.09655	8.99196
1.46676	11.2917
2.36151	11.2626
0.457829	12.8752
2.34937	11.7259
1.44444	12.121
0.538531	10.9838
2.04038	12.2759
1.48014	10.6567
2.28265	11.4792
1.12296	12.7368
2.49425	9.35917
0.0606212	9.65526
0.257368	11.5512
2.96629	12.8291
2.44834	10.8788
2.95238	9.12801
2.66281	10.5848
0.126691	11.5855
1.26834	12.0025
0.739121	11.5322
2.81768	10.0247
1.86961	11.5613
3.22369	11.0558
3.70709	11.9671
2.66953	11.4846
3.7691	11.652
0.775691	10.7926
1.62724	9.27275
0.26689	10.3114
1.94156	11.346
5.07623	9.51493
2.65177	11.8487
3.80377	11.0087
0.182281	10.9136
3.76404	12.3359
2.68332	9.61407
-0.0971489	11.0511
1.50206	12.3066
0.0363083	9.68843
4.2952	10.3713
1.16941	12.6708
2.39657	9.59295
3.97555	9.72932
2.77776	11.6715
2.50882	11.8642
3.65604	11.3611
0.881157	9.35507
1.87576	9.9194
0.115744	11.5541
1.46612	10.1438
1.91307	9.25705
1.98819	10.8133
1.0427	10.4834
1.06444	11.0035
-0.136521	9.13247
0.378827	11.8885
0.847654	11.993
0.513525	10.699
2.71921	11.0016
0.65138	11.1736
2.30983	10.2667
2.84199	11.339
2.79757	11.7853
0.424287	8.99454
2.46014	9.3915
2.29559	12.1298
3.91512	9.90348
1.05629	9.0408
0.211795	9.18404
0.53068	9.25711
1.00939	13.1774
2.75327	9.53898
2.55864	11.8384
2.70324	11.104
1.51154	10.3022
1.78638	9.40954
3.95614	11.7021
1.87563	13.1788
0.352468	9.51607
1.08566	8.97607
1.32066	13.554
4.17772	11.2387
0.182399	9.28609
2.06126	10.6376
1.33148	9.55939
1.29677	11.1379
1.84377	11.7706
1.61372	11.0461
1.38413	10.0353
3.7715	10.2289
1.68275	10.3083
2.28525	11.9046
3.03864	13.0483
4.27392	7.72781
0.333006	11.3643
1.12032	10.327
1.43213	9.93013
3.74582	10.956
0.359185	11.3822
3.83844	10.0027
0.410433	9.83594
2.43453	11.3183
3.57363	11.1052
2.38897	10.3958
1.0262	12.491
2.94837	10.3644
2.04153	10.6959
2.14115	10.4117
3.68042	11.091
2.61388	11.0499
4.3964	9.37015
0.628387	10.5853
2.39803	9.72333
2.4028	11.3818
2.05579	13.4286
4.53841	9.68342
2.52304	10.5912
0.812484	10.2781
-0.0108643	9.97635
3.54002	9.75241
1.85053	9.89675
2.79909	10.7037
2.68503	10.2868
2.90534	9.44506
0.567061	11.0882
1.64929	10.8603
0.482008	11.8691
3.41048	11.1102
1.42041	10.45
0.866874	10.9682
0.303372	10.5144
2.0197	10.5361
2.06421	11.0289
2.50582	9.86673
2.62445	10.6044
2.29828	10.6649
0.947831	10.4453
1.62784	10.9089
1.88819	12.9681
3.13269	12.7511
1.51565	12.5593
2.54474	11.899
0.562993	10.6728
2.22144	10.7611
1.51114	10.9416
3.23714	12.4338
1.67282	9.43353
2.74065	9.41435
1.76712	10.7944
1.29872	9.77405
0.605175	10.6779
0.7984	12.4907
1.62803	12.1789
2.39538	12.2754
0.941671	10.1929
1.8192	11.7336
1.838	10.4912
1.62903	10.6399
2.98656	11.6323
2.95184	11.2177
2.21636	9.5753
0.662881	11.0967
2.57915	10.0702
3.7682	9.7745
0.473603	11.7562
4.10276	10.7787
3.02503	11.5833
2.76532	11.3136
1.86856	9.61675
1.51503	11.8958
2.51918	11.7427
1.52829	10.634
-0.0452431	10.311
2.05023	12.8879
2.31399	10.4484
2.61384	9.18135
2.47843	11.9473
2.32198	10.6072
1.51191	11.6063
1.18917	9.16358
2.9366	12.0209
1.20834	9.91179
2.53066	9.50553
1.9073	11.634
1.5991	9.32328
-0.0850082	11.2019
4.03725	13.4322
1.80945	11.851
0.988016	11.9843
1.84825	9.86153
2.43942	9.88996
1.26431	11.4523
0.363335	9.37839
3.18547	11.8537
3.9511	10.3903
0.900781	9.98639
1.25516	12.0898
0.94643	11.4426
3.33136	10.7255
3.70843	13.1772
2.22184	10.9354
1.81297	13.3844
2.21381	13.5965
2.95549	11.038
3.68949	10.9169
0.74084	9.83469
0.103446	9.59078
1.54254	12.1812
0.493882	10.3115
2.46131	11.9515
1.41087	10.3619
0.111209	10.8175
0.998905	11.8131
3.06151	11.7751
8.00147	10.757
8.86913	7.44904
1.89366	11.6981
3.41465	8.57871
3.65456	8.97962
1.89914	10.9452
0.863474	11.0098
2.08545	10.4412
1.22624	11.9705
1.97436	11.6869
3.06376	5.30597
1.79143	10.6317
1.11559	10.2766
3.23089	11.9433
2.58358	11.5884
1.45172	10.8457
3.28087	13.8138
2.41014	11.3566
2.74744	11.18
1.56526	9.79202
2.0196	11.5996
0.308515	9.29918
2.81768	10.5068
3.25703	10.1107
2.95465	12.1886
0.295891	10.486
4.06003	3.23862
1.9257	11.3659
2.961	11.0861
1.27448	10.3667
0.980082	11.8347
3.59458	10.5167
0.347792	10.2003
1.38201	10.7723
1.94654	11.8053
1.47557	9.81939
3.03881	11.8305
0.973567	11.0384
5.11415	9.61469
1.53338	9.32602
0.736519	11.4557
1.34496	12.8943
2.22705	11.0701
2.91456	13.1296
0.789694	11.099
1.43714	11.6416
1.97109	11.0514
0.851781	11.5556
1.78628	9.53964
2.45225	11.4196
1.39408	11.7592
2.67421	9.84564
2.51854	11.5861
14.2935	-0.42222
1.76961	10.5213
0.280799	9.75728
2.39082	9.59819
2.19879	12.053
0.414447	9.1076
0.817034	11.7859
2.83822	12.1321
5.47395	10.186
1.82725	8.97469
1.37942	10.6399
-0.0124617	10.5524
3.09232	11.9918
2.98796	9.10375
0.272794	10.1613
0.566513	10.518
1.04549	12.1235
1.75773	10.6382
2.87146	10.2209
2.63801	11.9117
2.48208	11.8487
1.10997	9.44817
1.81926	9.11637
2.65297	10.0977
1.45788	11.3191
1.95268	10.8531
1.44339	11.953
0.347683	11.7869
2.25312	9.87024
0.422753	10.7344
1.90125	12.0704
1.9868	9.95637
0.594661	9.76462
0.65772	9.1515
4.26712	11.1785
2.55359	11.6978
1.44036	11.0167
1.00288	9.49122
2.52584	10
2.13628	11.2894
2.50734	11.8692
2.94911	12.8702
1.09477	11.237
5.42113	9.62503
0.305121	9.27573
3.4575	8.93141
2.55245	9.86393
2.68096	11.8487
1.20504	10.691
2.13184	11.9859
2.2129	9.32584
1.04453	10.7428
0.941558	9.74826
2.47212	9.67464
-0.0107235	11.3882
1.91181	12.0297
2.86638	9.92323
1.53346	11.3429
3.5129	10.0657
1.48176	10.8184
1.3895	10.4993
3.31372	11.701
1.49776	10.842
3.8006	11.6234
2.76323	9.69699
2.02724	11.9191
1.35982	11.2091
1.42556	11.736
2.86822	11.9912
0.621774	10.6711
2.15564	11.0399
1.21248	11.1433
2.16976	11.4205
2.04297	11.966
0.227472	11.6457
0.492125	11.7672
2.1153	12.1779
0.439315	11.7686
1.25846	11.0578
0.439394	9.12958
2.96079	8.82965
2.12903	8.98266
2.1661	11.4211
1.78813	10.5102
2.86594	11.4432
3.73119	13.1193
0.47318	10.8323
2.14722	11.962
3.03252	10.0534
1.0989	11.1465
2.62253	9.13792
2.21075	13.5891
0.577997	10.3495
0.656176	11.2644
3.87506	9.3
2.61853	9.64177
1.27322	12.7053
0.312465	11.2032
1.19902	10.9194
1.12604	11.5668
2.79229	11.0344
2.08057	13.099
2.10142	12.5884
2.72063	9.52291
0.236163	11.5073
1.57454	11.3851
1.18693	11.0862
0.457573	11.641
1.63724	11.305
2.6175	10.0622
0.963253	9.87179
0.534656	9.90888
2.21004	9.83313
0.33568	11.8225
3.15916	9.5126
2.39609	9.61727
4.09331	9.65498
2.17809	12.2184
0.236202	11.2777
2.44763	10.4866
2.24994	11.1858
2.13458	11.5414
0.160448	11.314
1.80776	10.7976
1.69575	11.5002
