-11.9999	-10.1956
-9.11914	-9.04552
-10.5584	-9.73882
-9.25213	-11.3184
-9.87259	-10.4182
-9.03548	-11.059
-8.85395	-9.06802
-9.10569	-9.80781
-9.34923	-9.23016
-11.8522	-10.7676
-12.1012	-9.74954
-10.0934	-8.76729
-11.9665	-9.53077
-8.21141	-9.06546
-9.52888	-10.7954
-10.7096	-10.0524
-10.7838	-10.4816
-11.1886	-10.7847
-8.54178	-11.1316
-10.7008	-7.63625
-10.2659	-10.4466
-9.78956	-8.89853
-10.925	-10.7563
-9.21507	-8.15723
-11.1828	-10.1981
-7.76948	-9.55381
-11.5927	-9.13546
-12.1354	-9.8329
-7.31545	-9.93758
-8.48262	-9.84591
-10.5726	-11.6411
-11.6233	-10.0874
-10.8794	-11.0741
-10.1286	-9.86005
-11.4986	-9.06901
-11.3866	-10.7596
-9.36641	-10.1334
-10.2998	-10.9082
-11.685	-11.0401
-11.5114	-9.98457
-10.8781	-7.87861
-11.1362	-9.71862
-11.0148	-7.32263
-9.53685	-9.93151
-10.0961	-10.4154
-9.62485	-9.76662
-9.02034	-9.31865
-10.9172	-8.89249
-9.25867	-9.56417
-11.0121	-10.2749
-11.0985	-9.33367
-10.0788	-9.87211
-9.42171	-9.46698
-7.92503	-9.01182
-8.50884	-10.1441
-9.00838	-11.1151
-8.40827	-10.702
-9.5753	-10.5645
-9.73754	-11.1798
-11.419	-10.8369
-8.86015	-9.94592
-11.4228	-10.2489
-10.0544	-10.6917
-10.7123	-9.68163
-10.4138	-9.92221
-10.436	-9.64781
-10.2932	-10.3986
-9.32002	-12.0458
-10.3286	-11.0033
-10.3162	-9.73682
-9.78915	-9.57649
-10.1096	-8.91739
-11.3012	-10.7506
-8.96592	-8.40987
-9.88124	-9.35879
-9.58223	-11.6721
-9.17517	-11.7324
-10.7794	-10.5413
-11.2306	-11.0376
-9.41486	-10.0219
-9.83932	-11.2089
-11.7568	-11.675
-10.5508	-8.81872
-11.0452	-10.2359
-10.9323	-9.32861
-10.3768	-10.8019
-8.58604	-10.0776
-10.4182	-11.4408
-10.427	-8.19828
-9.66054	-10.2831
-10.412	-7.14353
-9.97947	-11.6999
-10.3109	-7.92773
-10.4579	-9.34724
-9.90679	-9.6482
-9.88346	-10.7822
-10.8056	-9.68213
-10.0623	-10.3015
-9.51379	-11.3081
-9.74051	-11.1534
-9.58868	-8.2056
-9.19478	-11.0134
-11.3896	-11.377
-10.1246	-10.3808
-9.80699	-10.7828
-9.15449	-11.341
-7.97227	-10.7477
-10.6402	-10.2595
-9.21862	-7.42353
-10.3761	-11.1228
-9.38487	-11.5797
-11.3104	-9.20702
-9.70948	-9.80288
-10.3108	-9.25856
-10.4393	-9.84851
-10.6615	-10.5613
-10.0257	-10.1224
-11.1853	-11.3159
-10.3524	-9.14979
-8.57265	-10.422
-10.9688	-7.952
-8.68916	-9.01993
-9.97764	-8.83464
-10.6094	-8.52582
-8.09731	-5.13481
-9.02606	-9.44344
-7.93538	-10.9143
-9.44489	-8.36463
-8.45411	-10.9539
-9.17426	-9.51468
-9.20065	-9.70307
-9.081	-10.9996
-8.03855	-12.2896
-11.6624	-11.4427
-11.2951	-10.815
-9.60479	-10.8407
-11.7409	-10.3575
-10.4042	-9.14751
-10.9813	-8.22609
-10.2245	-11.4226
-10.6483	-9.68467
-8.47593	-9.71565
-9.61024	-8.82821
-11.7266	-10.7394
-10.8718	-8.87884
-10.5807	-8.62567
-9.06358	-8.30242
-9.75476	-11.321
-11.817	-7.97866
6.88993	-11.4702
-9.17811	-9.57518
-12.028	-9.06972
-11.2731	-10.23
-8.87627	-10.3177
-8.21045	-9.57861
-7.70901	-10.2721
-9.93131	-10.8514
-9.27083	-7.4089
-8.46336	-9.04886
-10.0769	-11.1635
-11.6376	-7.33331
-10.2197	-10.6045
-10.7247	-8.25229
-8.92595	-10.8578
-11.6597	-9.57947
-10.533	-8.6501
-9.3724	-9.22739
-10.5004	-10.9964
-11.792	-9.3768
-10.8356	-11.5383
-10.0269	-9.34652
-9.44791	-9.91214
-9.70804	-8.98616
-9.3768	-9.9076
-7.06735	-14.8213
-10.315	-11.5396
-9.60064	-9.90307
-10.0125	-9.73796
-9.75635	-8.86379
-10.9352	-7.52389
-9.62897	-9.73212
-9.5787	-10.0266
-9.81977	-10.5186
-10.8881	-11.653
-11.3006	-9.23182
-8.97244	-8.92932
-8.35013	-10.7577
-11.6	-11.3032
-11.2476	-9.64646
-11.4411	-10.6553
-8.82034	-10.9729
-9.81049	-11.1496
-9.84424	-9.32608
-8.64454	-10.6745
-8.14396	-11.7233
-9.48054	-9.22241
-10.2998	-8.43725
-9.36918	-10.1937
-10.66	-11.3103
-9.14649	-10.2136
-10.7561	-8.90854
-11.0668	-11.4842
-11.441	-9.95934
-9.70401	-11.1171
-10.3737	-9.09793
-9.84457	-10.2537
-11.2686	-10.1588
-9.9073	-7.74003
-8.3188	-8.25864
-9.82705	-10.6697
-9.22708	-8.54547
-9.47361	-11.5795
-11.0676	-10.0573
-9.71427	-9.85549
-11.4339	-9.42024
-11.8537	-10.4738
-11.6091	-11.445
-11.6768	-9.98869
-10.7439	-9.5599
-10.4481	-8.97488
-8.2813	-8.26751
-9.88905	-9.35808
-11.7037	-10.97
-11.6814	-11.5486
-8.77848	-11.6792
-10.3316	-11.4461
-10.6765	-10.5781
-12.0691	-11.4317
-9.00368	-9.42294
-10.8718	-8.23221
-9.57497	-11.8849
-9.14799	-11.1308
-11.9644	-8.8898
-9.90394	-10.9793
-9.80562	-8.38752
-6.96499	-8.77983
-8.71357	-11.3334
-11.7578	-9.63385
-10.6611	-11.4413
-11.1705	-11.2953
-10.3511	-11.3851
-11.8556	-9.58711
-10.1955	-9.72119
-8.13947	-10.7834
-10.0705	-10.4693
-10.1327	-11.0516
-9.35499	-9.84856
-7.85585	-9.61265
-9.75861	-10.7515
-9.29212	-9.67451
-8.71408	-11.5107
-10.7809	-9.95938
-10.0783	-11.2705
-11.7837	-9.46229
-10.6094	-10.924
-9.02063	-9.72467
-11.986	-11.7394
-11.3716	-10.4391
-10.2449	-10.9459
-9.7896	-11.8311
-11.772	-11.7288
-10.9296	-10.0195
-9.8085	-9.396
-11.5741	-2.95271
-10.8452	-11.6052
-10.7626	-9.83283
-7.54488	-9.02826
-9.12103	-9.75384
-10.7169	-10.236
-9.93564	-9.0492
-8.72389	-8.43352
-10.0836	-11.8779
-11.2822	-9.33368
-11.131	-5.24439
-10.6445	-9.54187
-11.2709	-8.89966
-10.8462	-11.5295
-8.23031	-10.1958
-10.8505	-9.0406
-9.07348	-10.7148
-9.86231	-10.32
-9.30314	-10.3436
-10.9265	-9.74305
-9.23979	-8.31767
-10.2681	-9.46584
-9.67151	-8.69705
-10.1338	-9.09327
-8.13677	-10.1351
-9.73624	-8.59223
-11.0471	-8.99636
-8.41207	-8.82791
-11.5978	-9.96692
-7.37306	-9.6984
-10.0335	-9.77748
-11.7916	-10.7292
-9.8827	-11.1524
-11.1054	-10.9047
-10.3964	-8.6451
-8.44577	-8.57255
-9.19174	-12.0115
-9.87361	-8.71531
-9.24376	-9.30054
-8.38516	-9.18462
-9.37619	-11.5436
-9.54217	-10.6568
-12.1917	-11.5985
-10.4497	-10.0158
-10.5447	-10.1327
-8.31597	-9.5312
-10.2103	-11.1113
-9.26913	-11.2796
-9.71383	-11.8574
-10.6904	-10.3962
-9.1244	-12.1749
-9.927	-9.41675
-10.4678	-9.77741
-11.1747	-11.2405
-7.46373	-10.2429
-11.1195	-9.20418
-12.0255	-10.0288
-7.93705	-10.341
-11.0937	-10.9622
-11.3379	-9.07918
-9.24134	-11.2697
-10.0397	-9.82455
-9.63573	-9.93081
-10.7467	-11.2299
-10.6517	-7.67597
-9.19319	-9.10909
-10.2599	-11.9391
-10.3786	-10.5571
-10.9135	-9.16517
-10.6062	-9.4012
-10.0638	-10.0999
-10.6434	-9.57088
-11.9035	-8.52921
-9.481	-8.80886
-9.56234	-11.3271
-9.66807	-8.21719
-10.8305	-10.3744
-11.0631	-10.8968
-11.1308	-10.6914
-11.0456	-11.779
-11.5771	-9.63416
-9.77379	-10.0908
-10.6637	-10.629
-9.77897	-9.33664
-11.868	-11.2069
-9.06255	-10.9363
-9.72685	-9.66139
-12.1112	-10.177
-10.6389	-10.6331
-10.6046	-9.62637
-11.5879	-9.0599
-11.4837	-11.5018
-9.5875	-10.9274
-8.41666	-8.93747
-11.0837	-11.2128
-8.88827	-10.5254
-8.72662	-10.5324
-10.1437	-10.3857
-11.6096	-11.2353
-11.8368	-10.8773
-9.51837	-9.4493
-9.32945	-10.1641
-9.47709	-9.02958
-9.9085	-11.0004
-9.84586	-9.05503
-10.7248	-11.3081
-11.0252	-10.3878
-10.3126	-9.66503
-9.79982	-9.80919
-9.24163	-10.1055
-9.33816	-9.8068
-12.1599	-8.86928
-9.81862	-9.7417
-7.41253	-10.8591
-9.91113	-9.44981
-8.62512	-9.53953
-9.91672	-10.4213
-11.6408	-10.0673
-10.2239	-10.5967
-10.7186	-10.2715
-8.61927	-11.3546
-10.1454	-9.88136
-11.8966	-9.12313
-8.36559	-9.01839
-9.51414	-9.18569
-11.4589	-8.63066
-9.55839	-9.40454
-11.3227	-9.18614
-11.0461	-11.8972
-11.5502	-9.09445
-11.3448	-9.81616
-9.96628	-9.65219
-10.9337	-10.6573
-10.7765	-10.0463
-10.482	-10.756
-10.5679	-9.92704
-11.3821	-9.40013
-9.39723	-10.3588
-8.67659	-10.8395
-9.01871	-10.2429
-9.01467	-10.1338
-10.2294	-10.2928
-10.2645	-9.77648
-9.5561	-9.41714
-11.1325	-9.67784
-9.5555	-11.1789
-8.89161	-7.63444
-9.25318	-10.832
-9.72867	-10.4605
-10.4213	-11.6037
-11.4888	-9.13351
-9.63379	-11.1469
-8.42589	-8.99416
-10.0531	-10.2503
-8.57296	-11.4106
-10.6422	-10.1338
-9.45955	-10.3096
-10.447	-10.3378
-9.53287	-9.58136
-10.4197	-9.45705
-9.24181	-11.3464
-10.8334	-9.27582
-11.3089	-9.58892
-9.44835	-10.1819
-10.7344	-10.4294
-9.42443	-9.76842
-10.6643	-11.8842
-10.291	-9.78364
-8.06037	-7.5033
-8.8343	-12.5991
-9.85465	-9.87716
-9.03651	-9.01082
-10.5537	-8.90239
-7.73822	-10.3809
-9.44229	-10.2365
-9.07075	-11.0853
-10.5242	-9.21206
-11.0346	-9.30953
-9.89851	-10.0903
-10.4938	-10.6325
-9.82484	-9.81316
-9.28839	-11.8219
-9.01924	-10.0326
-10.3524	-9.43809
-11.0778	-9.29244
-11.8085	-10.0774
-9.28827	-11.3504
-12.031	-9.87758
-9.76212	-8.30909
-9.15337	-8.88827
-9.31095	-11.9283
-9.44023	-10.896
-9.80232	-11.5407
-10.5014	-9.02823
-8.81853	-11.6762
-9.35561	-11.3238
-11.9884	-11.6519
-7.85705	-10.5774
-11.0426	-11.5872
-7.05175	-11.1974
-9.02708	-11.3701
-11.1234	-9.47957
-8.83761	-8.61798
-9.2843	-10.1572
-8.15845	-12.7746
-11.4074	-11.1018
-7.78469	-11.267
-9.75167	-9.09973
-7.9507	-9.548
-8.97363	-9.363
-10.0302	-8.64836
-9.31743	-9.46889
-9.8985	-11.368
-9.60065	-11.8302
-10.3812	-10.523
-10.868	-11.3285
-10.9917	-9.26537
-11.1512	-9.6899
-9.03828	-9.79375
-11.6232	-9.95832
-9.90557	-9.8033
-10.9869	-9.46388
-11.329	-7.86319
-11.3334	-11.4131
-10.7999	-10.2949
-8.99146	-9.90345
-8.54354	-11.8691
-11.003	-9.63431
-11.0132	-9.9553
-11.0596	-10.5626
-10.272	-11.8565
-11.6266	-10.3164
-11.5941	-11.431
-11.3352	-10.2645
-11.4675	-10.6869
-10.2362	-10.6758
-11.621	-10.7924
-11.4557	-10.136
-11.4488	-10.4721
-10.0025	-11.3053
-10.4408	-9.35123
-9.67046	-10.6655
-11.1667	-10.9573
-8.44505	-8.74214
-8.91342	-10.2455
-9.41421	-11.13
-10.7731	-9.56238
-10.0742	-6.11968
-10.0116	-9.58201
-9.73193	-11.2047
-10.7653	-10.239
-11.5407	-9.73944
-9.03477	-11.2133
-11.3619	-11.6732
-9.56563	-11.6199
-11.6559	-10.8402
-10.6091	-11.1185
-10.7387	-10.0682
-9.11219	-9.33357
-9.38655	-10.6383
-9.64891	-9.99436
-3.79561	0.293484
-9.17537	-8.33012
-7.80046	-8.55462
-9.783	-10.4671
-9.73098	-10.1689
-8.54059	-8.72688
-11.365	-8.79086
-9.2112	-10.2766
-10.3861	-10.2465
-9.43594	-10.6333
-11.9367	-9.2239
-7.54879	-8.48219
-8.9332	-10.6208
-8.85166	-10.2607
-8.5817	-11.1168
-9.05472	-12.2147
-10.1784	-10.3814
-11.5674	-10.1829
-9.88636	-10.0094
-10.2792	-9.3108
-7.69993	-11.6184
-9.29598	-10.0056
-11.0514	-10.0972
-11.5384	-11.3449
-11.8401	-11.8908
-10.4916	-9.17824
-9.49978	-8.97854
-11.7331	-10.5176
-8.9552	-9.84304
-10.2869	-8.23428
-9.53754	-9.72118
-9.56272	-10.0096
-11.4925	-8.78891
-11.2307	-10.0685
-9.78781	-10.5102
-9.54049	-9.53626
-10.3015	-11.6726
-8.21027	-9.67339
-9.36999	-11.9092
-11.1742	-11.4338
-10.3138	-12.0677
-11.8614	-8.17842
-8.85416	-12.3906
-9.95389	-11.072
-6.33228	-12.221
-9.23427	-11.5652
-9.71447	-11.2037
-8.59752	-9.15955
-11.4556	-9.282
-10.7986	-9.20886
-10.2055	-9.24219
-10.1355	-10.6141
-8.92824	-8.44368
-10.5805	-8.23058
-11.5402	-8.71114
-9.15725	-9.45109
-9.45369	-8.65932
-8.73165	-10.8373
-11.0149	-9.09552
-10.0821	-11.4782
-8.7117	-9.57541
-9.76915	-7.31195
-9.01037	-9.81682
-10.4999	-9.08698
5.65401	14.8804
-9.99636	-11.2384
-9.10457	-9.85186
-9.58122	-10.362
-9.3746	-11.0646
-11.0908	-9.59382
-10.9746	-9.15418
-9.70713	-9.77688
-9.24792	-10.3811
-8.91195	-11.0303
-7.41901	-10.1673
-9.52296	-9.95528
-11.0211	-10.7202
-8.03545	-9.20155
-10.0999	-7.44357
-9.28997	-9.70237
-9.55122	-10.044
-10.2734	-9.37775
-10.0321	-8.29043
-9.50403	-10.6163
-9.15909	-11.4574
-11.3988	-10.6216
-10.3243	-9.0377
-9.76549	-9.66682
-11.721	-10.0265
-9.70104	-11.504
-11.1552	-11.4308
-9.27122	-11.7266
-11.5225	-8.70905
-11.4938	-11.6052
-9.41148	-8.76805
-10.9293	-11.2587
-10.6482	-9.95814
-9.90529	-9.91784
-9.36389	-10.3365
-9.92459	-9.95396
-10.4779	-10.1347
-11.3175	-9.92079
-9.16592	-10.9634
-11.0675	-9.08603
-11.2823	-9.16506
-9.14942	-10.8231
-6.95399	-11.7666
-9.35198	-10.0585
-10.4438	-11.5927
-11.4833	-11.0155
-9.22124	-8.75292
-8.75212	-12.9851
-11.1279	-10.8312
-11.3474	-10.3601
-8.49753	-10.4785
-11.228	-9.77735
-9.60985	-10.0882
-9.50229	-9.65763
-9.0357	-9.52889
-9.43457	-8.5982
-9.11514	-8.56215
-9.51065	-10.7272
-9.69151	-10.2976
-8.96408	-9.51948
-9.54739	-10.298
-8.42748	-11.6475
-10.9864	-11.3775
-10.5582	-8.58523
-10.3772	-10.7905
-11.0101	-11.346
-9.23595	-12.0667
-9.86581	-10.8346
-9.83018	-8.7378
-9.62948	-9.93237
-11.1216	-11.4173
-11.3086	-10.7523
-9.76768	-10.2999
-8.90571	-9.63322
-9.54498	-10.0057
-11.273	-11.0123
-9.64774	-11.4484
-9.42735	-11.4916
-9.43169	-8.34126
-9.99137	-9.76037
-9.23859	-10.8154
-8.41079	-9.45098
-9.69818	-8.65414
-9.97565	-9.1596
-9.4829	-9.33202
-9.53392	-11.1429
-10.7509	-8.63261
-9.19621	-11.7907
-10.9493	-8.08328
-10.4836	-10.3201
-10.3125	-10.2999
-11.0974	-9.90313
-11.7804	-8.91329
-11.9439	-8.19878
-11.6957	-10.8358
-10.23	-8.77681
-9.61388	-11.4265
-10.1874	-9.16698
-10.3398	-10.2299
-9.47134	-10.1987
-11.4911	-9.92268
-9.34995	-10.024
-10.1654	-10.7844
-9.98689	-8.74411
-11.9305	-10.2328
-8.83691	-9.11789
-8.33707	-11.5116
-10.5494	-10.2967
-9.96669	-9.7992
-10.4948	-8.73188
-10.0781	-10.8722
-10.3975	-10.5363
-10.4378	-8.89986
-10.4372	-8.85725
-9.94663	-11.6721
-8.16252	-10.2636
-9.3341	-11.4395
-10.3637	-8.58033
-8.57507	-8.53596
-10.829	-10.929
-9.58482	-9.79266
-10.2136	-9.38265
-11.9416	-11.7318
-7.81468	-10.7935
-11.5355	-11.5575
-9.01886	-11.4953
-11.6328	-10.4522
-9.04589	-8.41693
-9.54735	-9.75589
-9.07958	-10.6091
-11.7053	-9.96725
-11.6134	-9.34416
-11.3692	-9.3008
-9.43657	-10.2508
-9.21768	-10.9642
-11.1034	-10.8991
-11.2785	-9.74659
-8.64591	-10.1817
-10.107	-9.91414
-8.45664	-10.5063
-9.7074	-8.96853
-10.8779	-9.48802
-11.5882	-10.4588
-4.48543	0.17549
-10.2539	-9.34349
-11.2164	-11.585
-10.6646	-10.1727
-8.28286	-8.35777
-8.60509	-10.6937
-7.69919	-9.68526
-9.32569	-10.6361
-10.4468	-9.79954
-11.1452	-9.5364
-11.5825	-8.51797
-10.1496	-7.88111
-9.76158	-10.1609
-8.15847	-9.6939
-9.8216	-11.0192
-9.24348	-10.5166
-10.4676	-12.1515
-11.3282	-9.30828
-9.90409	-10.9543
-8.69135	-10.8617
-10.4444	-10.7822
-10.645	-10.3896
-11.7842	-9.80557
-11.6217	-9.42364
-9.65002	-10.18
-9.03816	-11.2842
-11.6626	-9.94866
-10.8827	-9.12123
-4.43631	-11.0242
-9.67785	-10.7368
-10.6218	-11.0707
-10.5642	-10.095
-10.5433	-9.16434
-11.0175	-11.7002
-9.13294	-11.7889
-9.62562	-9.45712
-10.2107	-10.672
-10.1438	-7.99941
-11.0403	-9.5321
-9.58386	-11.3625
-11.0945	-9.03451
-10.4369	-8.92172
-9.45868	-11.4356
-9.10256	-9.24412
-9.72531	-11.208
-8.11031	-8.91535
-9.54977	-8.05137
-9.74609	-9.86095
-11.1327	-9.24592
-11.4599	-9.87117
-8.66636	-9.57121
-11.3771	-9.4236
-9.40481	-9.68662
-8.94768	-8.10051
-9.67654	-9.07413
-10.447	-10.7436
-11.7311	-11.9499
-10.1414	-10.6491
-11.5199	-10.5601
-11.1421	-10.502
-10.6851	-11.1454
-9.61343	-11.4109
-10.5287	-10.3306
-9.13762	-10.3222
-10.1205	-10.5095
-7.87595	-4.79293
-10.3278	-9.22313
-8.71546	-12.0841
-9.8124	-9.90802
-8.47988	-9.93613
-11.5521	-9.31299
-9.91782	-10.4877
-10.0647	-7.30618
-10.427	-10.3371
-10.6081	-4.52614
-10.9032	-11.9519
-9.5292	-6.85149
-9.45527	-11.4467
-9.61263	-9.01598
-10.1963	-11.4283
-9.33036	-9.38017
-11.3421	-10.9717
-9.09155	-9.74715
-10.8793	-10.0269
-11.7318	-9.92912
-9.86599	-10.7841
-11.7907	-9.43779
-9.9806	-10.7752
-10.6621	-10.8671
-11.3398	-9.616
-10.1061	-8.46187
-12.2161	-11.6895
-9.76261	-8.72082
-7.62162	-10.8971
-11.2683	-8.26142
-9.62888	-9.62201
-11.0214	-10.7506
-10.1423	-10.6234
-11.5862	-11.4937
-10.2834	-7.98014
-8.39375	-11.0143
-9.29695	-10.3311
-11.3312	-9.6462
-7.3833	-10.0121
-10.2778	-11.5091
-9.88084	-8.99877
-3.78144	-1.06606
-10.8852	-8.14736
-11.3363	-11.5373
-8.93168	-8.20748
-10.2079	-9.15347
-8.81164	-8.38419
-10.9016	-10.7242
-8.8534	-10.1207
-8.90048	-9.53178
-7.9259	-10.9137
-11.183	-9.35762
-8.83044	-11.7565
14.5225	-10.9577
-10.0161	-11.0892
-9.62952	-9.21863
-8.7852	-8.79528
-10.2588	-10.8126
-11.5465	-10.902
-11.3407	-12.0158
-11.4853	-9.97466
-8.08188	-10.9189
-10.378	-10.5615
-10.8798	-10.6793
-8.79688	-11.0232
-8.34314	-11.0102
-8.5487	-10.309
-10.8341	-9.20289
-8.51065	-10.5597
-10.4646	-10.4233
-9.57175	-10.5347
-10.5267	-10.031
-11.1765	-11.434
-8.03567	-8.96458
-9.62046	-9.25439
-10.8682	-10.9364
-10.3332	-10.6009
-11.3778	-10.7129
-8.96074	-10.7796
-10.5174	-9.92402
-10.9282	-10.1189
-11.7809	-8.35294
-11.3133	-8.5957
-11.6826	-10.7649
-9.11913	-9.25629
-10.4253	-7.66541
-10.7935	-11.2433
-10.0843	-10.6252
-8.69933	-11.755
-10.6924	-10.6921
-10.0287	-10.5351
-9.33112	-11.5607
-10.6924	-9.8699
-9.34578	-11.2763
-9.89933	-9.48977
-10.098	-9.81942
-9.65842	-9.79214
-10.6492	-11.1323
-9.60729	-11.2627
-9.91813	-10.2414
-8.08831	-11.1447
-8.66711	-7.66581
-10.5986	-8.47268
-10.2939	-10.399
-9.11434	-9.41215
-8.91185	-9.14248
-10.6597	-11.4374
-10.9574	-10.8523
-8.0082	-8.98432
-10.5628	-10.7447
-9.99842	-10.1808
-9.71861	-8.719
-9.2339	-11.6282
-10.6352	-9.51892
-11.8497	-10.669
-10.2684	-10.2227
-10.2098	-11.6008
-8.90924	-8.70685
-9.23593	-7.93585
-7.98047	-8.57623
-9.27994	-9.46913
-10.5806	-11.0599
-10.2742	-11.5211
-11.0816	-11.4774
-9.36328	-8.79143
-11.0029	-10.7963
-9.69666	-9.44752
-7.96033	-12.1554
-8.54165	-8.06544
-8.39296	-9.43882
-12.0119	-8.39588
-8.64516	-9.81779
-11.8199	-11.7263
-12.0422	-10.4532
-9.16965	-9.30176
-9.17885	-9.31179
-8.13837	-7.1833
-11.3694	-8.90891
-8.56087	-9.65242
-9.67275	-10.2384
-9.50691	-9.64935
-8.9649	-10.2891
-10.8625	-10.5355
-9.97385	-10.5653
-9.87447	-9.65899
-11.8394	-9.82786
-10.5978	-10.4453
-10.7056	-11.4419
-8.30759	-11.8986
-9.40765	-8.00642
-9.39682	-7.88295
-10.8246	-10.1546
-9.62507	-10.2333
-8.27386	-9.39521
-10.6355	-10.6355
-11.1822	-8.29898
-9.28176	-9.95278
-9.9104	-10.9163
-10.2187	-10.4395
-10.336	-10.3871
-9.63331	-8.33468
-9.94658	-8.84457
-9.6873	-11.4901
-9.31243	-8.99812
-10.4281	-10.4403
-9.4839	-10.1525
-9.62909	-9.28447
-11.2123	-11.3786
-8.57688	-12.098
-10.6501	-9.32875
-10.758	-11.0222
-9.80316	-9.86137
-10.5186	-11.4957
-10.5823	-10.2713
-9.24095	-6.81874
-9.54821	-8.56692
-10.1458	-11.5882
-10.7588	-9.31379
-9.4578	-10.8009
-10.3059	-10.7474
-10.2484	-9.88061
-9.87502	-9.89074
-9.60044	-10.7422
-12.0145	-10.7123
-11.7656	-10.2964
-8.74803	-9.76647
-7.73832	-8.99203
-10.8439	-10.0215
-11.7254	-9.66038
-9.00732	-9.91493
-9.12329	-9.77293
-7.31501	-9.30547
-10.2396	-11.8151
-10.6539	-10.8868
-11.2055	-10.3725
-11.408	-8.10262
-10.6831	-9.35024
-9.69221	-11.3592
-10.3018	-10.0883
-10.7312	-10.7759
-8.2378	-7.65952
-10.5508	-9.3092
-11.1868	-10.8081
-8.20413	-10.1147
-12.2932	-10.1835
-10.4209	-8.88708
-10.4867	-11.5218
-6.64742	-9.86158
-8.82422	-9.13692
-10.9184	-10.7008
-10.0411	-9.1055
-11.1274	-9.34861
-11.1028	-11.9022
-10.8227	-10.6844
-10.1039	-8.99073
-10.9108	-10.2016
-9.69519	-10.0877
-9.37709	-9.02773
-9.69958	-7.97588
-9.28205	-11.912
-8.51597	-11.1145
-10.598	-11.0601
-11.3684	-9.28756
-11.7576	-9.33914
-8.47182	-10.1539
-10.8553	-8.673
-9.94591	-9.67717
-10.5914	-10.8175
-11.5868	-10.3893
-11.1365	-9.23623
-8.58969	-11.3449
-9.83509	-10.299
-10.0589	-9.30758
-8.29276	-11.9448
-8.55096	-8.77611
-10.7329	-10.5236
-9.76274	-10.3143
-11.4499	-10.9108
-10.6953	-11.4711
-9.33193	-9.14418
-9.99276	-9.10085
-10.9908	-10.7782
-11.3183	-9.49966
-10.4416	-9.47162
-9.77279	-11.8381
-10.1843	-9.52984
-10.6034	-11.5993
-11.808	-9.98736
-9.84194	-8.68027
-9.24932	-11.2655
-8.95859	-9.98538
-8.45098	-11.7741
-10.7368	-8.90788
-8.97981	-10.5108
-10.4174	-9.78518
-10.1216	-8.75024
-11.6298	-8.11784
-11.6208	-10.1591
-8.96299	-9.98752
-9.34644	-10.3204
-9.18733	-9.49017
-9.09905	-8.36632
-9.33962	-10.4836
-8.74198	-9.36247
-11.7846	-10.5839
-10.1939	-12.0913
-11.2742	-10.7308
-10.0086	-11.5032
-11.8393	-10.0487
-10.2091	-10.5074
-11.8784	-8.74961
-9.64069	-7.73864
-8.95177	-10.7025
0.95207	-8.3105
-8.97737	-8.64439
-11.3386	-11.2707
-11.2936	-9.75857
-9.54203	-11.7126
-10.8684	-9.36313
-8.64287	-10.5746
-7.54591	-11.8783
-10.0168	-8.74658
-8.59865	-11.6658
-11.4995	-10.3419
-10.495	-8.48733
-11.08	-9.84565
-10.4819	-9.48607
-11.7908	-10.2439
-10.729	-9.98558
-9.86603	-10.6981
-8.72568	-10.4255
-12.1038	-8.77775
-9.63229	-11.2781
-10.3279	-9.92597
-10.931	-8.54578
-8.27137	-9.01538
-9.03839	-10.3382
-10.2768	-10.7792
-10.1257	-8.47221
-10.9204	-8.02647
-9.32225	-11.5114
-7.94624	-9.93371
-10.5261	-11.1965
-9.2611	-11.6709
-8.8495	-11.96
-8.57583	-11.5451
-9.71686	-9.81076
-8.38533	-10.8123
-11.2661	-8.75108
-11.0537	-9.00134
-11.8343	-9.12686
-9.154	-9.82919
-10.5392	-9.20622
-11.7416	-9.1732
-9.14605	-10.5408
-8.01378	-10.1848
-10.0418	-9.35358
-11.0977	-11.3867
-9.24449	-10.2963
-8.98769	-11.0815
-8.5994	-9.03545
-11.8542	-9.81768
-9.14922	-8.25286
-9.01834	-10.1245
-10.8791	-8.99597
-10.8814	-8.7462
-10.4443	-9.58679
-10.5926	-10.202
-10.5721	-11.6159
-7.71099	-10.7848
-9.27002	-9.8647
-11.3333	-8.80694
-11.3144	-9.83433
-9.11098	-10.6715
-9.81445	-11.2007
-0.109786	-7.76016
-9.93847	-9.91751
-11.5852	-9.26204
-10.2074	-10.8633
-11.847	-10.3869
-9.42488	-9.37092
-9.43173	-10.468
-9.74472	-8.4708
-8.39899	-9.91609
-10.4151	-10.1876
-7.30387	-10.9259
-8.04854	-9.82279
-10.7064	-11.0561
-11.7011	-7.99186
-9.51535	-11.1223
-9.4795	-11.0103
-11.5685	-8.95902
-10.9335	-11.9468
-10.8828	-8.63001
-10.8335	-11.0767
-11.0661	-10.1372
-10.5443	-9.24438
-8.69001	-9.16205
-10.3913	-11.6395
-11.6242	-10.7122
-10.2842	-9.11719
-10.2228	-9.71305
-9.19596	-10.2483
-8.93167	-11.0804
-10.7641	-7.9858
-9.14135	-10.2296
-9.25933	-11.1124
-11.2137	-11.0467
-11.4544	-7.96543
-8.47881	-10.4412
-10.6725	-11.9874
-12.0229	-9.49483
-11.2541	-8.02318
-11.3639	-10.5844
-9.74882	-11.6
-10.2818	-10.4937
-8.45846	-9.59855
-9.3827	-10.3935
-11.1245	-8.89547
-10.4733	-9.41541
-8.68717	-10.4962
-9.65573	-10.5556
-8.67016	-7.28834
-9.6146	-7.27414
-9.91898	-8.7216
-10.5956	-9.62861
-10.7887	-8.64556
-10.9532	-10.0582
-9.71286	-8.21351
-5.27561	-6.92012
-11.7852	-11.9492
-9.46389	-9.50921
-10.8747	-8.03322
-9.84737	-8.85179
-10.5967	-9.36099
-11.5426	-11.3158
-9.63345	-9.76641
-10.7278	-11.2675
-9.95776	-10.5882
-11.0533	-11.5282
-8.07218	-9.27799
-10.3914	-9.74622
-10.5349	-9.92937
-10.7212	-9.38472
-9.77263	-10.6058
-10.7742	-10.9614
-11.6243	-11.1461
-10.3416	-9.24169
-9.23728	-10.2636
-8.7328	-9.17616
-8.26378	-8.91536
-11.2634	-10.5958
-10.2845	-6.72107
-11.2801	-11.4028
-11.2357	-11.4005
-8.96267	-10.2402
-11.0438	-10.3127
-9.01695	-10.6159
-9.18681	-11.6133
-10.8265	-10.3101
-11.754	-10.5174
-10.6239	-11.125
-11.6484	-11.6168
-9.82893	-8.52049
-9.26921	-10.7296
-11.2143	-9.34556
-10.7465	-9.98912
-10.2188	-8.82984
-11.1768	-8.13047
-9.97675	-6.89354
-11.7207	-9.58771
-8.99392	-7.927
-8.46744	-11.3487
-9.23962	-12.3037
-10.1436	-8.85534
-8.60871	-8.42565
-11.9808	-10.5827
-7.51691	-10.7674
-7.82012	-8.95828
-11.7253	-8.86732
-9.25161	-11.5911
-9.21304	-11.4422
-11.7326	-8.56411
-8.93707	-2.27776
-10.2643	-10.2537
-8.41277	-8.75507
-11.8147	-9.28492
-9.47053	-9.91998
-7.54185	-10.8178
-11.86	-8.11494
-10.9252	-8.77335
-9.91178	-9.81621
-10.6533	-9.69095
-9.23941	-10.8635
-9.82826	-11.1058
-11.1958	-11.1538
-8.23225	-10.3188
-9.57904	-8.7704
-9.92808	-10.0434
-11.3656	-11.609
-10.7466	-9.46204
-8.77895	-11.1169
-11.1341	-10.3722
-10.0362	-9.68015
-10.3834	-9.40421
-10.029	-11.4197
-11.5489	-8.97656
-9.64726	-11.8657
-10.9507	-10.0801
-11.7088	-11.565
-9.68685	-9.74176
-11.1794	-9.73362
-10.2539	-9.77853
-9.08859	-10.3841
-10.4715	-9.00997
-9.89682	-9.99805
-7.87186	-11.9491
-10.9662	-10.1318
-9.39881	-11.5903
-11.6379	-11.5609
-9.51686	-10.3368
-11.8421	-9.48857
-9.74418	-9.4478
-11.1455	-10.2134
-11.5558	-8.21917
-9.51198	-11.7628
-9.38454	-11.3944
-11.7858	-8.70675
-9.64157	-11.4356
-9.94165	-7.72839
-8.12327	-8.77489
-9.54064	-10.0748
-8.31531	-11.8485
-9.38462	-10.0947
-10.9495	-11.2024
-6.02627	-9.5094
-11.5523	-10.4876
-10.2205	-8.49795
-9.79151	-10.4019
-9.54603	-10.9867
-10.4796	-10.3443
-11.0193	-9.29305
-10.1179	-9.37871
-9.4644	-10.8769
-9.78402	-9.79849
-11.3908	-8.86458
-10.5438	-11.6525
-10.2431	-8.91844
-11.5976	-11.4952
-10.7171	-10.9613
-11.016	-10.2355
-1.03731	-10.3141
-11.7677	-9.75686
-8.8892	-11.9451
-7.94398	-8.92297
-10.1557	-10.6263
-9.84518	-11.9711
-10.6268	-8.88379
-10.4212	-10.2323
-10.8122	-8.94089
-9.22138	-10.6916
-9.28841	-8.26433
-10.7797	-7.18184
-10.9712	-11.1464
-10.4912	-9.64237
-9.60957	-11.2259
-6.87273	-10.3267
-11.7003	-10.1626
-10.6096	-9.96552
-8.44041	-9.90332
-10.6059	-10.9985
-11.4894	-10.9798
-7.70607	-10.3154
-10.7334	-9.39814
-9.24479	-9.6697
-10.2198	-9.21473
-8.93807	-9.38889
-10.3637	-9.76089
-10.6299	-10.1191
-11.4429	-11.1681
-10.93	-10.0982
-10.4673	-10.3464
-10.2937	-11.2083
-8.7908	-11.9587
-9.56981	-9.72246
-11.4514	-10.577
-9.10574	-10.9684
-9.87806	-10.1957
-10.2192	-11.6017
-9.16153	-9.10617
-9.92221	-10.2482
-10.5098	-10.0196
-9.83553	-10.5157
-9.20312	-10.6847
-9.82451	-11.5152
-11.3493	-10.1018
-10.564	-9.915
-11.6005	-9.19427
-11.8608	-9.78797
-8.68473	-10.3692
-11.5505	-9.2824
-8.76047	-11.8424
-9.45094	-11.1756
-8.42648	-9.56702
-10.4737	-9.56732
-11.3987	-9.44194
-10.3247	-9.29248
-10.9605	-8.85298
-10.612	-11.4163
-10.892	-10.2156
-8.86824	-10.0121
-9.77354	-10.2447
-9.64485	-9.58115
-10.1068	-11.1709
-10.5789	-11.3449
-10.2215	-9.309
-9.14026	-10.0419
-9.77521	-9.55029
-11.2311	-8.41278
-10.9712	-10.1432
-10.9576	-10.6262
-11.0046	-5.45269
-11.1289	-11.7678
-9.24758	-7.41835
-9.33044	-12.025
-10.1723	-10.4811
-9.71932	-11.1529
-11.2588	-8.69211
-11.2202	-11.2451
-10.9736	-10.0162
-9.81232	-8.41642
-9.53771	-11.474
-11.4373	-10.7383
-9.61615	-10.2191
-8.76902	-10.9891
-10.2097	-10.1894
-9.48411	-9.14097
-8.87014	-10.4808
-11.3578	-8.3951
-11.3376	-8.73153
-10.1164	-9.95531
-8.68925	-8.05249
-10.1799	-9.42674
-10.3392	-10.4942
-11.384	-10.8344
-8.52213	-10.3756
-7.63064	-8.75306
-11.7653	-10.2506
-10.1967	-7.5446
-8.18671	-9.43014
-7.94695	-12.0441
-9.20207	-11.1504
-11.1521	-11.5084
-9.3712	-9.61965
-9.98452	-11.8506
-10.1099	-10.2595
-10.0416	-9.3915
-10.0603	-10.1068
-12.0758	-9.11682
-9.76395	-10.19
-7.29177	-12.2445
-9.92145	-11.2312
-9.9635	-10.5763
-7.59385	-11.3749
-8.22099	-10.4644
-10.0435	-11.9051
-10.7899	-11.0316
-10.2082	-10.7595
-11.5447	-8.45616
-9.2401	-11.3411
-10.0158	-9.56622
-12.0281	-9.25249
-9.0944	-10.1861
-10.3267	-9.62484
-11.1622	-9.40673
-9.40496	-11.7672
-11.3831	-8.3715
-10.0291	-11.095
-10.2205	-8.8794
-11.6252	-10.6564
-8.98116	-11.7585
-10.8871	-10.2246
-7.15692	-10.5432
-9.88369	-9.91185
-11.8758	-10.9974
-10.7658	-9.99565
-9.36955	-10.6343
-9.09998	-7.54523
-10.98	-9.21421
-10.3704	-9.83328
-8.78356	-11.8338
-10.4173	-9.20624
-9.84035	-9.58419
-4.88485	-8.29378
-9.69092	-10.3934
-10.9889	-9.0519
-8.52104	-12.0293
-9.96441	-11.0339
-11.498	-9.04139
-9.36198	-9.10228
-11.6336	-11.9318
-9.51437	-9.91535
-10.1985	-9.0503
-11.054	-10.2547
-10.4348	-10.7851
-11.5503	-11.7977
-10.9004	-10.182
-9.06674	-11.1697
-9.70705	-6.81809
-9.12862	-9.69885
-10.8791	-9.41645
-9.75444	-11.5034
-7.71641	-9.29373
-11.9077	-9.74972
-9.48067	-9.6319
-9.91368	-10.0503
-9.21741	-11.0657
-10.3082	-7.69453
-10.5241	-11.1627
-9.30094	-11.4483
-9.66157	-9.95455
-10.8675	-8.48454
-10.6912	-10.9696
-10.6568	-10.7779
-8.06693	-12.3003
-9.4711	-10.5504
-11.0887	-10.1581
-11.3686	-8.64125
-9.32423	-11.6002
-10.3575	-8.82623
-10.7474	-10.2257
-8.81227	-11.5768
-11.657	-8.13806
-9.61776	-9.63239
-8.33307	-9.38198
-10.7642	-9.80705
-10.64	-7.84845
-9.72679	-11.7357
-8.08365	-8.92601
-7.38938	-11.4236
-9.25262	-9.84048
-9.38598	-10.9969
-11.6081	-10.1301
-9.21504	-9.38802
-9.32427	-9.3973
-11.0248	-9.39363
-8.89376	-10.9102
-10.8669	-9.09482
-8.56333	-10.2206
-11.2858	-10.3486
-11.659	-11.7701
-10.4737	-12.071
-9.46678	-10.6571
-11.9553	-9.70272
-10.3684	-11.9353
-11.4104	-9.71533
-11.0773	-10.7901
-9.79472	-9.05843
-9.55024	-11.3559
-10.6588	-7.69991
-11.4471	-9.63541
-10.1144	-11.7071
-8.78916	-11.0454
-11.6198	-8.28071
-9.2608	-9.70232
-9.10213	-11.7628
-8.35425	-9.73353
-11.3131	-8.75499
-10.2308	-10.8407
-10.1128	-8.07051
-8.85613	-7.9956
-12.0313	-11.1752
-10.0355	-11.5672
-9.52416	-11.852
-8.52686	-9.54646
-9.54428	-11.401
-10.8758	-11.8611
-10.2132	-10.2383
-9.59972	-9.71946
-10.0236	-8.3462
-10.1483	-9.87276
-10.2105	-11.3594
-11.4901	-8.49492
-9.41616	-11.6735
-9.56755	-11.1381
-8.0066	-10.4919
-11.0773	-10.5534
-11.8629	-12.0727
-8.39366	-12.0616
-11.8261	-9.35118
-11.5341	-12.017
-11.8495	-11.1114
-9.62366	-7.49625
-10.0257	-9.43264
-9.10497	-9.52006
-8.90279	-10.2487
-10.0454	-10.6646
-11.516	-5.59237
-11.5851	-10.9329
-11.5679	-10.3936
-11.2624	-9.50136
-8.89435	-7.73075
-9.2998	-10.9162
-10.3021	-8.80999
-10.5483	-10.3949
-9.64313	-10.9849
-10.0439	-10.551
-11.3598	-10.0177
-10.0006	-11.9057
-10.661	-10.2893
-9.47059	-9.90074
-9.40612	-10.1553
-10.7832	-9.06593
-9.57187	-8.71122
-10.4241	-11.5941
-11.1844	-9.76261
-10.3532	-10.3717
-11.107	-11.2796
-10.3045	-12.157
-9.7796	-10.1727
-12.0763	-11.5829
-10.5992	-9.64208
-8.70129	-9.00753
-10.5688	-8.07403
-6.29876	-9.88041
-9.84118	-8.61737
-9.41862	-10.5915
-8.14946	-9.8186
-9.26671	-9.99841
-10.0676	-10.3131
-8.8862	-11.5762
-10.4255	-10.6882
-11.6375	-11.3777
-10.6773	-10.172
-9.46583	-9.37371
-8.11928	-10.9674
-8.42423	-10.7151
-11.6025	-9.38497
-10.9759	-10.3039
-11.1016	-10.0992
-10.7002	-9.50761
-9.77693	-10.9606
-10.2772	-11.7709
-10.1866	-9.34263
-11.2896	-9.29353
-10.846	-7.51012
-10.1373	-11.7749
-10.6392	-8.11842
-10.5029	-10.0444
-11.1741	-10.1635
-10.6658	-8.6853
-10.0976	-10.0512
-10.1084	-11.4415
-10.6859	-11.4288
-7.78726	-11.883
-11.8782	-7.42923
-9.24808	-10.0638
-9.12333	-11.359
-9.75833	-10.476
-11.7511	-11.6642
-9.57855	-9.88285
-9.92613	-10.0636
-8.91152	-9.69346
-8.45382	-9.95378
-8.8821	-10.0305
-10.4394	-10.3472
-10.4257	-10.5331
-9.58496	-9.92471
-9.44073	-9.67638
-5.37877	-7.14496
-8.22105	-8.95467
-9.67166	-10.3546
-9.69627	-7.83264
-10.1532	-9.2032
-9.36442	-8.52462
-10.1242	-7.7411
-9.17818	-11.7047
-9.42722	-8.01701
-9.34385	-10.6503
-9.27769	-9.39917
-11.2049	-10.965
-9.65244	-8.96948
-11.3059	-11.7597
-8.93542	-10.2891
-11.7889	-10.1295
-8.1148	-10.1794
-8.76314	-9.93518
-10.8668	-9.2519
-10.2019	-10.5198
-9.06447	-11.0377
-11.9911	-9.77017
-9.68722	-9.15383
-6.58822	-10.823
-10.2363	-9.12543
-11.0249	-11.3562
-9.78081	-9.31455
-8.13639	-10.708
-11.083	-11.3246
-10.9433	-8.00147
-9.19313	-11.0717
-9.18666	-10.7974
-9.30142	-10.9529
-9.5394	-10.8193
-11.4838	-10.5387
-10.45	-11.1699
-8.47887	-8.01042
-7.88683	-9.75281
-9.43422	-9.81911
-9.42518	-9.48922
-8.78323	-11.947
-11.8955	-8.96903
-9.26007	-9.82962
-9.74754	-11.3058
-10.4357	-8.99909
-9.93706	-11.8082
-9.905	-10.4118
-11.4496	-10.4038
-7.82927	-10.9296
-11.5919	-10.1311
-8.35509	-10.5791
-9.95875	-7.55026
-10.0071	-9.17665
-8.32612	-9.02074
-9.46273	-10.1905
-9.55593	-9.96796
-9.08491	-9.85917
-8.23434	-9.99142
-9.64381	-11.4747
-9.65987	-8.92638
-10.0616	-9.54149
-7.37114	-9.64419
-9.69172	-7.92394
-9.27013	-11.779
-9.20409	-11.8996
-9.9423	-10.7668
-11.4824	-9.68001
-9.90504	-9.69929
-7.41664	-8.98124
-9.65582	-10.2187
-9.94749	-10.0418
-9.25098	-11.5154
-9.26368	-11.021
-10.3503	-10.742
-10.0731	-9.82323
-7.56351	-9.53242
-10.8952	-9.41146
-9.7076	-10.077
-10.1929	-9.22662
-11.5453	-9.84425
-10.6539	-9.07207
-9.35638	-8.36303
-11.6374	-9.60253
-11.2093	-9.27754
-11.9062	-9.48758
-11.8547	-10.9231
-9.37505	-9.24654
-9.48804	-10.8044
-10.9341	-10.0643
-10.1147	-9.51522
-9.68729	-9.59112
-10.8584	-10.8169
-11.5947	-10.7851
-9.91357	-9.88418
-9.29304	-10.8047
-10.7258	-9.91112
-9.72603	-9.26296
-9.7801	-9.14428
-8.94687	-10.6403
-10.5875	-9.96936
-10.4781	-9.5673
-10.1009	-9.76975
-9.59585	-11.0483
-10.0671	-9.8724
-9.60362	-10.6931
-10.974	-11.564
-9.83909	-10.1239
-9.691	-9.45876
-11.5276	-11.0543
-10.2367	-9.35306
-10.1132	-9.33662
-8.84675	-8.58153
-9.53081	-9.26312
-8.83969	-9.34198
-9.47076	-11.3413
-9.87438	-10.7636
-10.2317	-10.3895
-7.5463	-8.20734
-9.98036	-8.97925
-9.29351	-11.2276
-11.5076	-8.50712
-11.9092	-11.2823
-10.5023	-10.539
-10.4892	-11.8417
-11.3703	-10.2432
-10.9201	-10.8531
-9.14501	-11.0274
-9.31911	-10.4153
-11.361	-9.18285
-10.0591	-11.6628
-9.5559	-10.9074
-11.6825	-7.3513
-7.08261	-6.42365
-10.241	-10.6783
-10.7865	-9.72384
-11.8013	-10.6022
-8.88376	-10.8562
-9.74463	-10.7728
-11.6232	-10.6948
-9.35189	-7.39012
-9.86392	-9.77118
-9.63768	-7.93562
-9.84079	-7.61086
-8.67223	-10.5188
-11.8054	-11.0456
-11.5621	-10.9551
-7.52951	-8.63296
-9.05416	-9.38367
-9.77328	-8.90091
-11.4901	-10.8895
-11.2333	-8.87335
-10.6084	-10.2005
-9.02658	-10.3991
-9.77962	-10.0544
-9.84713	-10.9199
-10.373	-9.6976
-10.6827	-10.4543
-9.54388	-11.2823
-10.2762	-9.90744
-10.3226	-9.97728
-8.85782	-7.69697
-10.944	-11.7248
-11.4218	-9.49888
-11.1851	-9.71308
-11.2483	-11.8671
-10.2673	-10.7442
-11.4167	-9.4523
-9.59603	-9.8158
-10.8782	-9.72873
-8.41861	-12.4409
-9.83873	-11.1281
-7.77779	-11.2165
-11.3924	-9.25194
-10.0486	-8.65118
-11.6977	-11.2155
-10.1258	-11.0819
-8.33153	-10.1582
-10.9807	-11.1161
-9.73582	-9.44553
-11.5699	-10.8437
-11.7215	-10.1452
-10.0196	-9.08784
-6.70027	-8.41516
-8.02886	-10.4576
-8.52297	-10.8053
-10.0856	-11.0061
-8.89085	-11.1131
-10.0961	-11.1547
-8.77205	-11.9678
-9.31136	-9.6951
-9.07713	-10.8674
-11.0834	-10.6929
-10.7713	-11.9652
-9.9671	-9.7103
-9.31312	-9.42167
-9.34274	-11.7997
-8.47971	-9.99612
-11.2737	-8.73952
-9.09043	-11.7037
-11.6743	-11.0648
-10.1436	-9.3137
-11.3527	-9.61414
-7.42317	-8.99931
-10.8727	-9.72193
-10.9487	-8.39415
-9.07685	-9.33059
-10.3588	-11.8046
-9.54879	-10.3182
-8.62986	-11.8551
-9.10633	-11.0753
-10.5131	-9.13292
-10.0451	-11.1758
-9.11845	-10.196
-10.5108	-8.54854
-9.31068	-11.2252
-10.0172	-9.64952
-10.3648	-11.4752
-10.623	-10.007
-9.15148	-9.40761
-8.82654	-9.84856
-8.82887	-12.438
-9.6495	-11.1451
-7.72954	-11.239
-10.2267	-8.58905
-11.5174	-9.64732
-8.37618	-7.0067
-11.109	-7.6723
-10.8092	-8.54228
-11.6398	-9.29279
-10.9867	-10.2607
-10.8963	-11.1478
-10.199	-9.37718
-9.51617	-11.471
-9.2753	-9.89639
-10.5608	-11.0822
-9.54668	-11.5199
-9.75439	-9.90111
-12.0185	-9.22286
-8.6572	-11.0245
-10.6242	-11.1845
-9.17802	-9.92008
-8.80383	-9.46789
-9.58092	-11.3601
-9.86503	-10.9287
-11.4095	-11.2462
-9.3476	-11.7628
-11.342	-10.994
-9.16765	-10.8706
-11.0747	-12.2113
-10.9399	-8.32422
-9.53416	-9.47525
-11.9434	-9.73767
-10.043	-10.4296
-9.56526	-9.02048
-11.0333	-10.3325
-9.91748	-10.7836
-0.883442	-12.0765
-9.03149	-10.7146
-10.0408	-10.2247
-10.0128	-9.86852
-9.61986	-9.33387
-8.89635	-8.39497
-8.752	-9.99564
-10.1764	-10.2206
-8.81101	-11.3377
-12.1291	-10.6662
-11.0967	-9.24599
-7.86931	-10.2973
-8.32443	-9.91903
-10.806	-7.99674
-9.277	-11.6688
-11.067	-10.752
-10.4437	-11.9027
-10.2286	-10.4584
-10.3282	-11.5042
-9.19947	-12.1033
-11.1983	-11.6461
-10.1143	-8.70441
-10.7558	-11.3071
-9.3598	-8.75282
-11.8092	-10.2215
-10.4955	-11.4288
-9.46261	-8.08254
-8.03627	-10.747
-8.8725	-8.80881
-10.0791	-11.062
-9.76709	-9.1899
-11.8183	-10.8945
-8.86642	-10.3542
-10.1867	-10.4118
-8.48074	-9.38676
-10.385	-10.1834
-10.4634	-10.4463
-11.6198	-10.4099
-11.5886	-9.28302
-12.1074	-10.1138
-8.33394	-10.929
-8.14274	-11.6455
-11.4135	-10.1317
-9.38083	-9.65981
-10.6641	-9.30322
-9.99225	-10.3371
-9.61484	-11.1307
-8.52173	-10.2394
-9.20118	-9.57384
-11.0488	-10.7107
-10.7867	-9.04747
-9.74832	-10.782
-9.09703	-11.3654
-11.0198	-10.9299
-9.93905	-12.0528
-9.08354	-9.65498
-9.2117	-9.62937
-9.95212	-8.10819
-9.49038	-8.42403
-10.3386	-11.1047
-7.05149	-10.4507
-3.86687	-2.78164
-9.85405	-9.14805
-11.3793	-9.14056
-9.47159	-9.99566
-11.3259	-9.58009
-9.49061	-10.5794
-9.78102	-10.7354
-9.50699	-8.88125
-9.08838	-11.3569
-10.2221	-8.49938
-9.40146	-10.8446
-8.94636	-9.97848
-10.4578	-9.5564
-9.89478	-11.8429
-8.69592	-9.51366
-9.30842	-11.239
-8.50296	-12.3609
-11.3529	-10.4692
-11.6873	-7.97937
-9.44523	-9.57001
-9.33899	-9.07035
-12.0169	-8.89358
-7.71383	-8.99175
-10.791	-11.4001
-10.0115	-7.88142
-7.30106	-10.3963
-11.7702	-9.88209
-8.66694	-9.89125
-9.2754	-10.404
-10.0526	-9.91134
-9.49738	-8.80375
-10.645	-9.76569
-10.7238	-10.1826
-8.70477	-11.2143
-9.4696	-9.22387
-9.65532	-10.7187
-11.468	-9.71952
-9.07133	-10.4608
-9.58064	-10.5546
-8.43653	-10.4794
-9.21672	-9.97224
-10.1699	-10.9921
-9.92739	-9.41258
-10.6515	-10.728
-11.5093	-11.2454
-6.763	-11.4176
-9.27878	-9.3829
-9.60328	-9.32741
-9.37416	-9.98824
-8.88713	-10.3596
-11.3586	-9.52958
-12.0431	-11.5591
-8.92668	-10.5698
-10.28	-9.55182
-8.7938	-7.86362
-10.0292	-7.24322
-9.08109	-10.9975
-10.4331	-10.2094
-10.5556	-10.5695
-9.22076	-10.5696
-10.4185	-12.0767
-9.02053	-9.73984
-11.056	-11.3142
-11.1384	-9.36959
-10.8959	-8.15463
-9.23775	-10.0824
-10.7849	-10.8262
-9.89583	-7.11372
-9.39839	-11.202
-9.51378	-10.535
-8.83187	-10.5498
-10.6426	-11.3
-10.1159	-10.0168
-10.5562	-8.02092
-9.40396	-10.8217
-8.35241	-5.59187
-9.63938	-9.16408
-10.7036	-11.9726
-3.50722	-9.98952
-7.74559	-11.4765
-9.91357	-11.4541
-12.0274	-10.9165
-11.9118	-9.50662
-11.0967	-8.28321
-9.15867	-10.4944
-11.4332	-8.7106
-11.9277	-10.1017
-11.0449	-11.9378
-10.2428	-7.91548
-7.34616	-6.18264
-10.3936	-10.5315
-11.4956	-11.1091
-8.41956	-13.0189
-11.7735	-10.0317
-11.08	-8.83241
-10.3607	-9.41896
-9.53249	-10.7266
-11.2441	-10.6099
-10.4839	-9.80544
-10.8281	-10.2446
-9.85746	-8.98719
-10.7572	-8.51823
-9.63587	-11.2336
-11.1245	-9.16374
-9.39319	-10.4152
-9.7947	-10.983
-8.44872	-10.5931
-9.94884	-9.07939
-9.68086	-9.96988
-10.1172	-11.4747
-8.99193	-9.52947
-9.65249	-8.68811
-9.54133	-8.8593
-9.44552	-7.64116
-12.1491	-8.69886
-11.195	-9.46336
-9.25172	-10.8658
-10.2251	-11.1486
-10.366	-11.4901
-10.1108	-8.48244
-9.09597	-12.7824
-9.51424	-9.49364
-8.13285	-11.8404
-11.0991	-9.5095
-11.1761	-9.84553
-11.0363	-9.35843
-10.8293	-9.60945
-10.1378	-11.2461
-8.82793	-10.8388
-9.86991	-11.0883
-8.308	-11.2182
-9.84192	-10.7128
-10.6132	-10.5828
-11.7482	-9.10445
-8.52317	-10.474
-8.85461	-9.6653
-8.78261	-11.3432
-9.46863	-9.89321
-10.082	-10.7427
-9.8138	-10.9027
-9.88756	-9.65263
-10.3698	-11.147
-9.0515	-9.94149
-9.58708	-9.26629
-10.2734	-9.61049
-12.0416	-9.27858
-9.31633	-11.8667
-4.32107	-11.2299
-10.9147	-9.59081
-9.48087	-9.94138
-9.41336	-10.9171
-9.41886	-9.28591
-10.3294	-11.3255
-9.14965	-10.8563
-9.36729	-12.1262
-10.4784	-10.6755
-9.3475	-9.86609
-10.9985	-11.671
-9.53756	-8.99777
-10.1969	-11.395
-9.45351	-7.99473
-9.99041	-10.6595
-8.06608	-9.323
-10.2794	-9.19577
-8.7518	-9.74461
-11.9343	-11.3807
-10.1092	-8.41252
-10.4379	-10.8727
-9.71603	-10.862
-8.58258	-10.7088
-10.4984	-7.13329
-11.1269	-9.69674
-8.19151	-10.5246
-10.2719	-9.6228
-9.87948	-10.1114
-9.73632	-8.36497
-10.3446	-10.7874
-8.92635	-10.5854
-10.0276	-9.69156
-8.86445	-10.5039
-9.56732	-10.7327
-9.18257	-11.1856
-4.99426	-14.6418
-9.83923	-12.0573
-10.6285	-8.41738
-10.3681	-10.9528
-8.27179	-13.6849
-11.659	-9.53203
-9.2625	-9.6405
-9.49338	-10.3544
-9.26034	-9.31309
-11.3226	-9.49883
-8.8943	-12.0685
-11.3979	-11.222
-11.4063	-8.86283
-11.8443	-9.84419
-10.9757	-10.5452
-11.422	-10.4178
-7.63507	-9.4296
-10.7313	-9.93871
-10.5822	-9.87766
-11.4	-10.4612
-9.27625	-9.17001
-10.6254	-9.23766
-10.0112	-10.5051
-9.01691	-10.6542
-11.6981	-11.6729
-9.44637	-10.499
-9.86853	-9.66663
-11.5022	-9.12981
-10.1732	-11.5645
-11.0587	-9.29052
-9.74048	-10.5483
-10.3594	-7.14315
-10.8987	-10.449
-9.28871	-10.4142
-8.48344	-11.9577
-9.03253	-11.524
-11.6395	-9.98534
-9.84875	-10.3549
-4.72368	-12.4094
-12.0008	-9.82473
-9.56703	-8.34448
-9.10866	-10.1385
-9.29142	-11.6536
-11.3598	-8.03125
-8.65611	-10.9773
-10.8567	-9.51361
-10.9139	-8.82951
-11.7636	-10.751
-10.2279	-9.44301
-11.411	-10.9633
-11.7625	-8.11324
-8.61907	-9.68324
-10.4317	-9.50439
-10.0672	-10.5513
-10.0633	-8.07984
-11.6304	-10.1286
-9.96134	-10.0556
-9.54199	-10.3617
-8.5697	-8.79913
-9.6578	-11.0688
-8.58388	-10.5548
-9.58265	-9.13456
-9.18154	-9.36617
-8.7833	-8.42266
-11.7783	-10.0903
-9.61005	-9.92177
-9.76289	-10.9039
-8.52924	-10.9411
-10.527	-10.8028
-10.6304	-9.80515
-11.8935	-9.31308
-9.83144	-9.66343
-7.25553	-11.4182
-11.1441	-8.61574
-10.534	-9.29376
-8.05581	-7.69737
-8.04993	-10.7695
-8.84618	-9.09568
-9.00946	-12.0813
-9.73297	-10.0109
-10.6664	-8.83976
-7.12381	-12.0595
-11.3776	-11.9512
-10.8486	-9.51469
-12.0158	-10.8628
-10.3634	-9.32747
-11.0522	-10.4239
-12.0015	-11.0214
-10.0683	-11.9019
-8.73044	-8.33574
-9.71863	-8.8083
-1.78951	-7.05386
-10.0867	-11.2098
-8.57667	-7.42087
-8.65631	-9.93358
-11.267	-10.0159
-10.6156	-11.4633
-11.1071	-11.2708
-9.69118	-11.1666
-11.1485	-11.0267
-11.6449	-11.9667
-9.18256	-9.74039
-10.9418	-10.7167
-10.4522	-9.49992
-10.9095	-10.6753
-11.728	-8.37622
-7.93589	-9.91254
-10.9053	-11.6333
-9.66679	-9.5849
-10.878	-9.95626
-10.2628	-9.46258
-8.60766	-9.70829
-9.89805	-10.5981
-11.9108	-8.99064
-12.1114	-10.3484
-9.71668	-10.4884
-10.6567	-10.2531
-9.64444	-9.87789
-8.54536	-10.0112
-11.5313	-11.2568
-9.40155	-10.3518
-9.20402	-10.8036
-11.309	-9.07013
-8.74731	-8.25821
-7.55786	-9.74683
-9.24034	-10.1276
-10.3501	-10.1457
-7.26915	-11.8174
-9.82214	-10.4301
-8.79892	-10.5446
-9.42447	-11.2289
-10.8323	-11.2043
-10.3544	-9.76266
-9.48205	-10.7906
-10.3361	-8.79229
-10.994	-9.33749
-10.759	-8.88533
-9.05654	-11.3551
-8.49647	-8.77303
-10.7561	-11.1607
-11.3442	-9.87919
-9.38277	-11.7766
-11.5288	-9.92893
-9.74229	-10.1416
-9.64546	-12.0923
-10.0022	-9.73723
-10.2889	-10.3283
-8.29986	-10.6976
-9.67108	-10.5017
-8.46772	-9.32561
-7.33851	-11.2426
-9.07247	-9.11304
-9.34838	-10.1435
-10.1113	-11.6195
-11.4525	-11.1381
-7.9127	-6.07627
-9.41697	-11.8351
-8.72374	-10.3409
-10.8085	-10.5814
-8.38455	-10.876
-11.0265	-9.33546
-9.43705	-8.1098
-10.4903	-12.0864
-11.2887	-10.0094
-8.89067	-9.93837
-11.6247	-10.9148
-9.15889	-9.81828
-9.646	-9.65875
-11.9117	-10.9103
-8.88338	-10.1502
-11.9198	-10.8875
-10.8584	-8.37976
-11.5362	-9.11623
-9.484	-8.19026
-10.568	-11.3657
-9.54917	-8.35029
-9.24661	-9.33425
-9.09919	-11.5455
-9.51135	-9.9902
-8.91613	-11.4782
-8.76903	-11.7666
-9.87251	-11.0687
-8.63617	-10.5612
-9.26968	-11.0871
-10.4797	-8.97184
-10.0787	-11.2546
-10.8576	-8.52768
-11.0553	-10.4036
-11.5955	-10.0185
-7.88615	-8.21748
-10.1709	-9.36665
-9.71949	-11.8044
-9.73685	-9.87907
-8.88575	-10.5264
-9.60062	-8.4095
-10.4494	-10.9405
-9.1736	-10.8793
-9.5306	-10.8673
-10.3932	-9.17964
-10.9897	-10.9574
-11.6944	-11.1523
-10.6865	-9.42002
-7.75368	-9.469
-11.5115	-8.12075
-9.8632	-11.1348
-10.749	-8.89019
-10.6666	-11.6541
-10.1183	-7.69213
-10.763	-7.25984
-11.9666	-11.6876
-10.9475	-11.7456
-10.0633	-10.9915
-11.8624	-11.4615
-11.3716	-9.67798
-11.6784	-7.87693
-10.4328	-10.0732
-10.6627	-8.06432
-11.2977	-10.9466
-10.9214	-8.87325
-11.2364	-10.8464
-10.2725	-10.0674
-10.3305	-9.77394
-8.57138	-8.48968
-10.0616	-11.1529
-11.4919	-10.9592
-7.76591	-7.88733
-9.6492	-9.23637
-10.7468	-11.0733
-7.62147	-10.1009
-10.8996	-10.8546
-8.97516	-10.0516
-8.85079	-10.9631
-9.75913	-7.80407
-9.80227	-9.39376
-11.3747	-8.63539
-10.5729	-10.8165
-9.21483	-11.7903
-10.7956	-9.9823
-6.24331	-7.54762
-8.51584	-12.6321
-9.17468	-9.16436
-8.33365	-10.994
-10.7202	-11.2569
-10.1257	-11.4896
-7.60665	-7.99311
-11.8258	-9.97292
-10.5911	-10.2177
-10.7278	-9.67048
-8.85229	-10.3658
-12.0686	-9.56247
-10.2453	-10.0042
-9.40307	-11.6693
-10.3557	-9.23857
-9.32724	-8.74708
-9.8514	-10.472
-10.792	-11.8358
-10.8314	-9.02667
-10.0778	-11.5426
-9.76597	-7.89866
-11.1084	-7.73556
-8.20902	-9.51155
-7.44167	-9.09044
-10.5298	-9.64808
-10.8991	-8.37741
-10.9839	-9.17784
-9.04225	-9.34253
-10.9341	-9.05084
-9.90139	-10.3459
-9.84886	-4.90044
-8.85368	-9.74915
-10.3178	-9.96907
-9.20846	-9.7475
-10.3438	-9.32417
-9.12856	-9.30268
-9.82313	-10.512
-11.8702	-11.218
-9.36041	-10.6508
-7.93824	-10.6601
-12.0733	-9.50392
-10.4699	-11.9171
-10.7949	-10.1284
-10.2422	-9.61526
-10.1886	-10.1065
-10.2458	-9.91773
-12.1537	-10.218
-9.63483	-9.35819
-10.6976	-9.96713
-11.5468	-9.15698
-10.7681	-8.89793
-10.22	-10.9443
-11.0808	-11.6885
-10.1743	-10.6206
-9.8351	-8.38976
-11.4895	-9.74876
-8.61573	-10.1053
-9.44643	-10.4535
-10.4503	-9.11391
-7.017	-7.53902
-9.7355	-9.36378
-10.3268	-8.93559
-10.4111	-9.21202
-9.41477	-10.146
-10.8483	-9.72006
-11.974	-10.3967
-10.8131	-9.10625
-10.1553	-11.6427
-10.4364	-9.26215
-9.37329	-10.0612
-10.1937	-7.81264
-11.7096	-10.9198
-11.5536	-10.8387
-9.29141	-10.2326
-9.96681	-9.49403
-10.1262	-10.1246
-9.44916	-10.8922
-9.94718	-11.6957
-8.24518	-8.93702
-10.4449	-11.0829
-9.22512	-11.0201
-8.7222	-12.1135
-9.97036	-8.45933
-10.5472	-11.5709
-9.2104	-10.3481
-3.78436	-4.75859
-8.7958	-11.5359
-9.73647	-9.39336
-10.8697	-10.838
-11.0188	-8.8585
-10.9491	-11.7926
-8.94206	-9.30071
-10.6177	-4.50155
-9.52764	-10.6423
-10.4213	-9.45701
-11.8728	-10.893
-11.5853	-9.47678
-9.5049	-10.9083
-11.0485	-9.20074
-8.82082	-11.3797
-9.05492	-10.2142
-9.66198	-10.0663
-9.69798	-11.7042
-9.65668	-11.6469
-10.3089	-8.18726
-9.99714	-10.2031
-11.8348	-10.2312
-10.5189	-10.405
-8.64644	-11.0174
-11.673	-9.08686
-9.9212	-9.02382
-9.33739	-9.66079
-9.29131	-9.42916
-9.14863	-9.67788
-11.046	-11.3599
-9.46109	-9.02087
-11.6747	-10.0922
-9.32858	-9.31376
-11.0409	-10.5314
-9.36555	-11.8679
-8.25823	-9.04742
-10.1869	-8.26587
-11.9643	-7.8368
-10.6938	-11.5072
-10.549	-9.75594
-10.2339	-10.5043
-11.1765	-9.68173
-9.62276	-9.43795
-8.65287	-9.48738
-8.40356	-12.3813
-8.77196	-10.9403
-10.7054	-8.15784
-10.514	-9.43794
-11.5337	-10.5831
-9.42277	-9.1042
-8.96049	-11.2394
-11.1069	-11.1439
-9.25459	-9.86176
-8.46467	-9.77016
-10.3622	-9.33857
-10.2463	-11.6896
-9.1723	-9.51226
-10.1109	-11.737
-10.9394	-11.186
-10.0972	-9.27989
-9.02677	-10.766
-10.6431	-9.38407
-8.04328	-10.533
-11.2413	-10.4544
-10.2927	-11.0353
-10.4802	-9.68123
-7.60716	-11.138
-9.45323	-10.0742
-8.92524	-9.60743
-11.889	-10.1488
-9.53462	-11.5189
-11.9731	-11.6182
-10.9166	-11.4432
-9.02244	-10.129
-9.59932	-10.2263
-11.4193	-10.7084
-11.6249	-10.4027
-11.7681	-9.01173
-11.4002	-11.7471
-8.79741	-9.17143
-9.51622	-11.3919
-9.27503	-11.7331
-10.8371	-10.2161
-10.8209	-9.93306
-10.8149	-9.78453
-10.3105	-11.6
-10.8282	-9.54201
-12.1625	-10.0193
-8.69657	-9.20306
-10.3552	-11.4327
-9.72184	-11.1298
-8.55404	-10.3792
-7.86389	-12.2192
-11.9347	-8.74148
-10.0598	-11.6335
-8.5515	-10.0255
-11.5768	-11.6152
-11.4528	-9.2456
-9.62819	-9.36579
-11.1978	-8.32719
-8.85006	-11.2462
-10.9247	-10.8627
-7.60099	-11.1639
-9.47721	-9.19904
-8.72976	-9.20582
-11.4974	-10.2692
-11.6304	-11.0931
-10.2472	-8.78465
-11.0322	-10.9469
-11.5178	-10.986
-9.86486	-10.8559
-8.97044	-9.37927
-12.0745	-8.45352
-10.8066	-11.2115
-11.0905	-9.55365
-10.9275	-10.8207
-11.0558	-11.3583
-10.7926	-11.039
-9.50061	-9.41606
-11.5991	-9.59738
-9.21283	-9.57412
-11.2044	-9.40387
-10.9268	-11.6606
-10.6561	-7.80079
-11.7229	-10.8633
-9.02552	-9.33916
-10.2407	-10.8453
7.60686	-9.17907
-11.8075	-10.6796
-8.48783	-8.21285
-9.1484	-11.4269
-10.5111	-5.06257
-11.0836	-8.95597
-9.9328	-10.9888
-11.3778	-9.31431
-11.2903	-10.0749
-7.92401	-10.9584
-10.0147	-10.0618
-10.0316	-8.36035
-8.42552	-9.33519
-9.99699	-10.0772
-9.9449	-10.8603
-9.14958	-9.99154
-8.34142	-10.467
-9.74655	-9.79818
-9.6339	-10.5558
-9.77749	-9.18946
-9.54524	-9.50023
-10.4297	-9.6986
-10.8429	-11.1466
-8.38716	-11.5262
-11.892	-8.24444
-8.85371	-8.64303
-10.6561	-10.6248
-9.97677	-9.99021
-11.4742	-8.36059
-10.5361	-11.3618
-9.8607	-9.62867
-9.79713	-11.5785
-9.60748	-10.794
-8.74168	-10.6074
-9.17075	-10.6475
-8.74113	-11.3582
-10.8977	-10.0076
-9.5686	-11.7824
-11.7464	-8.80042
-11.4078	-11.9707
-8.96926	-10.4934
-11.0315	-9.77445
-9.49171	-10.9946
-9.40628	-9.60609
-10.5418	-8.95734
-7.73228	-11.7859
-8.50479	-10.5545
-8.94699	-10.5755
-8.96276	-9.27991
-10.0231	-9.94923
-9.07268	-10.4555
-11.0271	-9.43464
-6.95523	-10.3725
-10.3937	-10.9383
-11.8205	-10.6898
-8.31681	-10.5226
-10.7762	-12.0647
-10.4391	-9.60466
-10.0764	-10.7707
-10.3596	-11.7244
-9.04251	-9.81343
-9.85203	-11.1931
-10.5309	-8.14275
-9.78507	-9.97064
-7.90149	-11.3891
-9.78265	-11.493
-9.87607	-9.86491
-9.6221	-9.26734
-10.9413	-9.6592
-11.4141	-10.0775
-10.1747	-9.67041
-9.91971	-9.55065
-9.64309	-11.9091
-10.1469	-9.23017
-10.3143	-9.95682
-10.9377	-8.14542
-10.61	-11.7569
-9.30877	-9.22857
-9.28883	-10.0041
-9.15722	-9.53862
-8.71608	-9.5242
-9.98978	-9.8043
-11.2032	-11.0551
-8.46672	-9.4435
-12.0163	-11.3663
-11.6912	-11.3113
-10.2413	-9.25542
-9.62365	-11.9033
-11.8391	-9.50621
-9.4721	-10.4608
-7.72305	-11.3662
-8.48811	-8.53883
-9.18959	-9.80088
-10.4116	-8.59054
-9.35254	-10.3613
-11.2307	-11.1943
-9.77991	-10.9048
-9.70405	-10.185
-11.4654	-9.70068
-11.7106	-10.3428
-9.33778	-10.3073
-9.80546	-8.75667
-9.23765	-9.58926
-8.57319	-10.8799
-9.59206	-10.5867
-9.42754	-10.682
-10.3225	-10.1214
-10.3246	-11.3098
-11.631	-10.9774
-10.8608	-9.93346
-10.4597	-9.49483
-9.40419	-9.78858
-10.0049	-10.1628
-8.63689	-8.60194
-11.2178	-9.84687
-10.6887	-11.5085
-8.38427	-10.3916
-11.2345	-9.71861
-9.99675	-8.64666
-10.7154	-9.18271
-11.6023	-10.985
-10.6201	-8.74077
-11.1993	-11.805
-9.59504	-11.0418
-9.78079	-9.41712
-11.3369	-11.1811
-9.73371	-10.2713
-11.8795	-9.54136
-9.86217	-9.44945
-9.51166	-10.5329
-10.2008	-8.74796
-11.0256	-10.593
-11.6465	-9.26442
-9.35895	-10.3552
-8.42581	-9.23516
-10.277	-9.50042
-8.91199	-9.43774
-9.72233	-9.58181
-11.3847	-10.2814
-10.6536	-11.7852
11.343	-1.6767
-10.9607	-9.81518
-9.71165	-8.52805
-9.75756	-11.6891
-10.9538	-8.41544
-11.0803	-11.9983
-9.13454	-10.9777
-9.46643	-11.2543
-3.65386	-10.7555
-8.43123	-9.39226
-11.4656	-9.09517
-9.39462	-11.0096
-7.88274	-11.0761
-11.0861	-11.5255
-10.6647	-11.1571
-9.92017	-10.8757
-10.0483	-10.8143
-10.188	-11.6081
-9.53996	-9.84087
-9.05018	-11.1437
-11.6039	-11.3371
-10.2638	-10.8197
-11.16	-9.29134
-9.06527	-9.83158
-11.1734	-10.585
-9.46809	-10.0234
-11.5975	-10.8416
-11.1239	-11.2986
-9.22647	-9.88386
-9.16466	-9.25847
-9.97852	-11.098
-10.332	-10.024
-9.67579	-10.3238
-9.60862	-9.85181
-8.98998	-9.60108
-9.88166	-6.85063
-11.5888	-7.87034
-7.77436	-8.57811
-9.97183	-10.8972
-10.5836	-9.07754
-11.317	-10.1068
-9.77907	-9.07412
-10.4473	-11.3682
-12.0029	-12.0925
-10.1678	-11.8235
-10.6504	-9.38123
-10.8064	-10.6706
-10.6767	-9.34336
-12.1353	-8.35137
-8.20122	-9.08409
-11.5836	-10.7786
-9.37342	-9.897
-9.68194	-10.2214
-9.92334	-11.2855
-11.3093	-9.90374
-10.0796	-10.2917
-9.2147	-11.2231
-11.2203	-10.4252
-10.167	-7.97458
-9.87672	-10.8973
-11.0056	-10.3672
-6.88047	-11.7446
-9.67622	-10.9258
-8.24277	-10.6675
-9.11518	-10.6436
-11.7372	-10.1059
-10.0999	-10.2677
-9.33476	-11.8459
-1.18184	-10.073
-11.8434	-10.0018
-10.1527	-8.98459
-10.9	-10.0228
-12.0799	-9.06416
-11.1096	-9.36985
-9.261	-10.2155
-10.3382	-8.50392
-11.0517	-10.621
-7.13185	-7.72919
-11.7505	-11.0134
-9.6617	-10.1623
-8.35768	-10.4037
-8.07118	-12.1658
-11.6446	-10.43
-11.8137	-8.06356
-9.10578	-9.88955
-8.83289	-9.40431
-10.5393	-11.4262
-8.72345	-10.3515
-10.0232	-9.7456
-9.65877	-10.8931
-9.76764	-10.9482
-9.97348	-10.2282
-8.92418	-11.0188
-9.2912	-11.4533
-7.42308	-11.8032
-11.5193	-8.18051
-11.9179	-8.96124
-12.2013	-10.6937
-5.40459	-10.4282
-9.36842	-8.1942
-9.81275	-11.3271
-9.26351	-10.2022
-11.0579	-7.82235
-9.16457	-9.03865
-9.00063	-10.6891
-9.67957	-10.337
-11.4557	-9.27938
-9.5678	-9.14607
-10.0632	-9.55586
-6.37614	-1.91504
-8.72552	-11.4191
-9.82714	-9.96035
-10.8318	-8.26226
-10.9381	-10.9106
-11.061	-9.2618
-8.0662	-9.04246
-8.81077	-9.8558
-9.02825	-11.0657
-10.7406	-9.9966
-11.5716	-10.6808
-10.9956	-10.9
-9.17766	-9.81697
-10.3118	-9.53322
-10.2682	-9.73419
-8.6948	-9.90477
-9.30023	-10.2624
-10.5814	-11.1344
-10.113	-11.3048
-8.02047	-12.3302
-11.7767	-9.51417
-11.4109	-9.99428
-11.2219	-10.3633
-9.74908	-9.68078
-9.23411	-11.664
-9.93866	-9.18894
-8.51932	-7.78495
-9.67879	-11.507
-11.1865	-10.4581
-9.80222	-11.9593
-10.0418	-10.3763
-10.6164	-9.66206
-9.84011	-9.97565
-10.2149	-10.5627
-10.7615	-8.9319
-11.198	-9.52933
-11.9786	-11.7959
-9.85225	-9.93137
-9.8275	-9.75314
-9.53846	-11.4058
-10.0114	-9.86879
-10.0035	-9.30985
-10.8623	-8.90837
-11.7524	-9.54494
-10.5537	-10.1747
-9.65353	-11.6298
-11.2597	-10.3086
-11.2948	-9.47257
-10.1424	-11.5233
-8.95159	-10.6896
-10.1749	-10.3573
-9.63279	-9.76924
-8.33115	-7.97889
-10.1948	-12.0954
-11.5141	-10.7404
-10.917	-11.2339
-9.39113	-9.46059
-11.6761	-11.8765
-10.3504	-8.4623
-8.35737	-10.6256
-9.32338	-10.321
-10.8844	-11.7521
-9.54075	-11.3877
-10.0425	-10.4675
-10.7795	-10.4772
-3.23816	-14.5741
-10.8231	-10.8695
-10.4478	-9.00836
-10.0687	-10.3587
-10.1706	-10.8425
-10.7531	-10.8352
-7.85204	-10.3044
-9.26185	-11.0729
-10.368	-7.83836
-10.6397	-9.49772
-10.715	-8.67405
-10.1303	-10.9193
-11.0166	-11.0535
-10.8622	-11.5126
-11.52	-10.4303
-10.4986	-10.855
-10.5043	-9.74461
-10.4773	-9.14667
-11.3539	-10.4634
-9.5399	-8.75058
-8.50972	-12.1523
-8.57432	-8.21029
-8.74912	-9.503
-10.0441	-9.50273
-10.2074	-11.8332
-11.6065	-9.01865
-9.50626	-9.08422
-9.81654	-10.0617
-12.0595	-10.3123
-11.8676	-10.5203
-10.303	-10.9825
-9.59754	-7.24363
-11.6248	-9.12695
-9.38778	-9.44538
-10.8942	-8.77799
-11.0589	-10.2751
-9.98873	-10.2029
-10.3079	-9.64121
-11.2837	-11.3042
-11.8171	-10.4458
-9.68588	-9.48326
-9.55366	-9.44626
-7.86777	-11.7927
-10.3248	-9.91013
-10.7499	-9.68717
-11.923	-11.6647
-10.5928	-8.11612
-10.8684	-10.2028
-9.97456	-8.63644
-7.90977	-10.2244
-9.12174	-11.157
-11.6091	-11.7004
-11.1039	-11.1143
-10.774	-9.92116
-9.4083	-8.56514
-8.16332	-9.31825
-8.2025	-10.0054
-9.4247	-11.6169
-11.0851	-9.08683
-10.2413	-11.5264
-9.53606	-10.3247
-10.337	-12.1036
-9.95628	-10.4992
-9.4793	-10.0853
-11.9493	-9.2568
-9.12444	-0.260564
-9.9042	-10.5648
-7.72507	-9.62721
-8.6703	-10.2099
-9.73098	-10.8908
-10.7126	-10.5527
-9.93923	-10.8682
-10.717	-8.67486
-11.8258	-10.1721
-9.05125	-9.9155
-11.3546	-11.1567
-11.7967	-9.83881
-10.6614	-9.76191
-9.65354	-9.40552
-8.7867	-13.0741
-9.45121	-9.83308
-11.3075	-9.05805
-9.21365	-10.4051
-9.42904	-10.1042
-8.38386	-9.87323
-9.49679	-10.8716
-11.5851	-11.3659
-7.95723	-10.2103
-10.4462	-8.39269
-10.639	-10.746
-7.43866	-12.8229
-8.17916	-9.77437
-10.9244	-10.6327
-9.20292	-10.9359
-11.0255	-10.2696
-10.3645	-11.3247
-11.0484	-11.0197
-11.3537	-9.53565
-7.64246	-12.6249
-11.4631	-9.71223
-9.1062	-9.47863
-8.401	-10.617
-8.38673	-12.9256
-9.9846	-9.4579
-9.53486	-10.8388
-8.73608	-10.6825
-10.7788	-9.30201
-9.73144	-8.36443
-8.78554	-8.91479
-9.09886	-8.56412
-10.8188	-9.3288
-11.6779	-9.34442
-10.4434	-9.37715
-11.6332	-8.47688
-11.5166	-9.39289
-10.6696	-11.8637
-9.17669	-7.80074
-12.2303	-9.54587
-11.2445	-11.2697
-10.3866	-10.1812
-9.50339	-9.07554
-10.2272	-9.04865
-11.0212	-9.39305
-9.40364	-9.54721
-9.98051	-9.9114
-10.7164	-11.3545
-9.24057	-9.30481
-8.34831	-11.6104
-11.0786	-10.0099
-9.15669	-9.31227
-9.50243	-9.7041
-11.3529	-10.9781
-10.1859	-9.81978
-11.1214	-10.9358
-10.9005	-9.55267
-10.8783	-11.5248
-7.28725	-9.27471
-8.7509	-10.5829
-9.73723	-10.4205
-10.511	-9.78017
-8.39162	-8.73679
-11.1825	-9.69125
-8.25689	-11.2857
-10.0838	-10.276
-10.2212	-8.04097
-9.99532	-10.4724
-9.39584	-11.6001
-8.98419	-9.98326
-10.8449	-9.47036
-10.657	-8.72738
-9.45828	-11.0054
-8.15759	-9.76436
-9.26822	-11.1132
-9.60915	-9.49862
-11.1142	-8.70468
-8.80599	-10.4059
-9.70354	-10.8044
-9.97663	-9.426
-10.5822	-11.2341
-10.7652	-9.46536
-7.8546	-8.7787
-9.26826	-9.29084
-9.19833	-11.0828
-10.079	-11.4953
-10.1528	-9.99161
-10.857	-9.56345
-10.8651	-9.07495
-10.8998	-10.2885
-9.45014	-9.80872
-9.24009	-9.88859
-9.48634	-9.33525
-7.74636	-11.855
-11.6423	-9.71457
-11.9416	-9.41875
-9.67967	-9.6604
-11.4197	-10.8609
-9.74601	-11.3216
-7.91276	-12.7853
-8.39594	-10.5236
-10.928	-10.1468
-8.72867	-8.5786
-9.52174	-9.63315
-11.5071	-10.8583
-10.2423	-9.74659
-9.52768	-10.1905
-11.2205	-8.80244
-10.0575	-9.32469
-10.3312	-8.99176
-10.2618	-9.1602
-9.28288	-11.261
-9.99649	-9.12964
-9.2409	-11.7917
-10.781	-8.6793
-9.49533	-10.7056
-9.58651	-9.36517
-9.9532	-7.49978
-9.1411	-11.4008
-11.6638	-10.312
-9.60653	-9.56405
-11.1791	-9.51804
-8.80991	-9.99326
-10.0783	-9.91327
-7.71124	-7.93153
-10.7214	-8.75353
-9.47262	-10.9248
-10.5885	-10.0822
-10.2932	-8.53015
-11.4575	-8.21742
-11.3811	-9.90347
-9.09198	-8.4878
-7.8097	-10.7368
-8.55681	-9.8702
-8.86745	-11.8464
-9.55527	-10.1487
-9.2579	-9.6706
-9.62972	-10.2859
-9.25802	-8.72598
-10.331	-9.6276
-9.43411	-8.81677
-9.11086	-10.2023
-9.52143	-10.55
-9.87711	-9.35862
-10.5307	-9.84964
-11.1084	-10.2062
-9.88238	-9.48622
-9.69996	-9.64344
-9.62633	-10.9942
-10.0212	-10.9849
-11.0957	-9.36352
-8.79122	-9.7163
-7.4391	-10.5186
-11.3889	-11.1645
-10.3185	-11.7243
-9.24928	-9.93293
-11.3902	-11.3454
-11.5275	-10.2654
-9.48441	-9.77535
-11.9976	-11.4375
-11.1129	-9.25499
-11.2832	-9.72472
-10.2454	-10.0506
-10.8433	-11.3447
-8.5598	-9.08117
-11.3755	-11.6168
-10.1109	-9.50261
-9.33779	-9.52925
-10.1515	-11.7587
-10.1409	-11.1064
-8.71952	-10.2551
-9.0228	-10.9955
-10.5566	-9.09424
-5.48416	9.06921
-10.3086	-10.4652
-9.64859	-9.16434
-11.392	-9.61404
7.09723	-7.93193
-10.6664	-11.7135
-10.7421	-9.05308
-10.6098	-8.92729
-10.578	-10.8356
-11.2705	-11.5331
-9.7831	-9.55153
-11.3121	-9.99103
-9.23191	-11.8188
-11.4988	-10.5002
-10.6253	-11.3294
-10.4138	-10.0213
-11.4076	-10.6051
-9.37518	-10.7896
-9.70755	-11.5973
-9.78228	-8.7639
-10.2723	-8.57438
-11.0084	-9.17834
8.60199	8.57191
-8.47348	-10.686
-9.64666	-9.1324
-11.3203	-8.75185
-9.87108	-10.003
-11.1589	-11.2608
-9.3432	-9.83782
-10.6892	-10.295
-8.02574	-10.7765
-10.0714	-10.5826
-10.9285	-10.7329
-11.0463	-9.90182
-9.88047	-10.7865
-10.91	-8.53089
-9.13784	-10.7534
-9.40972	-10.8037
-8.27769	-11.3214
-10.4805	-11.2088
-11.5514	-8.79556
-11.9581	-11.0195
-9.52188	-9.90071
-10.9808	-11.586
-11.1077	-10.4596
-9.77583	-10.5918
-10.4259	-10.8048
-10.795	-11.515
-9.22945	-9.57257
-10.5624	-10.4493
-8.71896	-12.3738
-9.99917	-10.9166
-11.0642	-10.6333
-10.1546	-9.66954
-9.84729	-10.5701
-8.51781	-10.671
-11.7803	-11.1558
-10.4403	-9.29957
-10.9585	-9.61585
-10.2815	-10.1426
-11.5673	-11.4522
-11.3424	-9.90295
-9.37249	-11.4167
-9.58129	-11.3672
-11.0314	-11.7245
-9.67524	-11.2796
-8.77303	-9.94421
-11.6433	-10.5228
-9.37517	-10.3811
-10.7077	-10.8569
-7.86881	-8.40087
-10.6163	-9.9923
-8.98097	-10.2406
-10.9563	-11.951
-9.1024	-10.3007
-9.12826	-9.65739
-7.05605	-9.9935
-7.97682	-10.1334
-8.55233	-9.77593
-10.7098	-11.0222
-11.2208	-7.91426
-11.3225	-9.69997
-10.8269	-9.18764
-10.3357	-9.42365
-11.52	-12.1207
-10.7936	-9.81679
-10.1697	-9.63405
-9.82292	-10.7145
-10.1995	-9.85541
-9.5977	-10.0106
-9.21779	-8.85721
-9.65917	-10.8876
-9.37698	-8.59465
-10.2833	-9.25108
-9.30125	-10.7844
-8.75833	-9.48819
-10.1391	-9.80135
-10.6372	-9.93661
-8.65567	-10.6158
-10.7635	-9.65427
-7.93901	-8.66294
-9.96976	-10.1211
-11.0978	-10.2067
-9.03254	-9.53175
-9.83841	-10.4081
-9.84331	-11.5201
-11.4552	-9.90459
-10.8844	-8.57124
-9.78073	-7.916
-11.7777	-9.78848
-11.8353	-8.81357
-11.0424	-10.0811
-12.0127	-10.7394
-8.93161	-10.5723
-10.7304	-10.2838
-10.3701	-10.7908
-9.48649	-11.5188
-10.3535	-11.7506
-8.97227	-9.62073
-8.07415	-8.60945
-10.2204	4.83499
-9.90646	-9.11623
-10.67	-10.0616
-9.42807	-10.1128
-9.43796	-10.8441
-9.35271	-11.7982
-9.57278	-8.35363
-8.76884	-11.7221
-7.04776	2.3305
-10.1277	-11.3591
-8.86717	-7.96783
-9.39721	-10.1721
-10.4234	-9.24336
-7.7675	-13.2751
-11.4599	-9.4242
-10.4735	-10.0264
-6.90382	-12.6122
-9.76037	-11.21
-9.4545	-9.92393
-9.34073	-9.35605
-11.0749	-10.646
-10.5077	-9.95226
-8.38528	-11.2229
-9.36497	-10.9545
-10.6926	-8.93293
-9.25308	-10.7281
-9.28189	-9.21005
-9.62716	-7.59481
-11.4888	-9.05142
-10.4582	-10.2399
-10.6783	-9.83238
-10.844	-10.1965
-9.75021	-10.2524
-8.27411	-10.6465
-8.54237	-9.08588
-7.91385	-12.0508
-9.97586	-8.35184
-8.95062	-10.1607
-11.5944	-11.767
-9.63846	-11.1075
-10.7832	-9.49553
-8.81294	-8.75985
-10.1512	-10.7576
-8.68983	-11.3169
-10.4506	-9.30614
-10.8685	-8.14622
-10.2125	-10.0834
-8.65968	-8.42912
-7.84345	-11.7235
-11.2232	-11.0014
-10.1522	-10.0543
-9.33647	-11.5802
-10.3471	-9.4078
-10.4344	-8.9591
-10.5513	-10.2205
-10.3314	-9.40811
-10.8713	-10.0633
-9.13941	-9.26443
-11.06	-9.27825
-10.6184	-9.52815
-11.0652	-9.71765
-9.65722	-9.67917
-11.4633	-11.1397
-10.7693	-9.33819
-10.4511	-10.6746
-10.9277	-9.91788
-10.4666	-9.13042
-9.9157	-9.78719
-8.86216	-11.7199
-9.7881	-9.0151
-10.0231	-10.3289
-10.4001	-11.1693
-8.71054	-10.2778
-8.7057	-12.0687
-10.7906	-9.00833
-7.84256	-7.95556
-11.2543	-10.6661
-9.96946	-10.7351
-11.3139	-11.5947
-8.44752	-8.45565
-10.0813	-11.4346
-9.09508	-10.335
-11.8218	-9.20412
-10.9752	-9.86671
-8.58637	-11.8571
-10.3041	-11.8359
-9.06206	-8.56778
-11.2647	-10.9316
-10.4324	-9.04311
-9.31683	-9.81944
-11.4182	-11.8897
-10.1159	-10.6583
-11.9979	-11.6764
-11.0385	-11.0249
-8.67574	-9.93101
-8.944	-10.8073
-9.56162	-8.92002
-10.0644	-10.889
-8.78216	-10.6402
-10.5086	-10.1311
-9.73041	-10.8902
-8.76967	-7.5411
-9.58486	-10.3729
-10.7573	-8.16909
-10.027	-11.348
-10.0197	-9.85813
-11.0301	-6.9666
-9.76462	-9.52536
-9.20176	-10.9392
-11.0141	-12.199
-8.35451	-10.4877
-8.15186	-9.17502
-10.5885	-10.331
-11.4265	-10.2606
-10.8653	-11.2387
-9.43948	-10.5584
-10.3604	-9.50258
-9.84337	-9.74049
-11.7988	-10.3811
-10.9708	-11.3296
-11.2568	-8.60081
-12.2231	-11.2692
-10.2029	-11.0623
-11.1318	-10.0739
-9.79552	-8.17392
-9.05242	-8.11851
-10.1622	-9.5026
-8.80619	-10.7237
-5.43514	-11.8707
-9.43222	-10.3575
-10.1995	-9.35373
-9.17658	-11.2986
-9.25703	-11.0039
-9.27525	-10.5707
-9.44277	-9.06444
-8.6469	-8.58436
-9.15919	-9.71678
-9.35078	-10.26
-9.69747	-11.4955
-10.6892	-11.18
-10.3357	-10.3745
-9.16348	-9.86939
-9.52772	-8.11317
-10.5355	-8.95588
-9.25455	-9.41798
-8.32474	-9.52958
-8.54155	-8.08813
-10.5032	-12.0247
-9.88233	-9.06662
-6.28865	-9.28969
-8.86829	-13.289
-9.4152	-8.85242
-9.31323	-10.9983
-10.433	-9.92571
-9.76534	-10.8578
-10.3485	-10.1836
-9.71769	-11.4618
-10.7497	-11.1821
-10.5185	-10.5608
-11.9883	-11.7803
-9.36298	-10.5087
-8.41372	-11.6486
-10.9396	-10.4953
-11.3127	-10.0534
-8.02135	-12.2858
-11.7296	-9.13038
-8.39187	-9.23802
-10.2632	-6.43123
-11.2834	-9.8345
-8.45733	-8.55623
-9.91458	-9.7171
-9.7209	-10.3719
-8.67385	-12.3296
-9.31543	-10.4047
-8.03996	-8.87494
-9.93263	-8.91004
-10.4822	-10.2653
-6.68782	-12.7746
-11.131	-8.6283
-11.6816	-9.71918
-10.6943	-10.2942
-11.3389	-9.42779
-10.534	-10.7282
-10.9054	-11.2581
-9.78254	-10.6169
-11.5681	-9.41522
-11.2759	-10.8391
-11.405	-10.7329
-9.35402	-7.65149
-9.59776	-10.4195
-9.22153	-9.52477
-5.86507	-1.95528
-10.2754	-9.31014
-10.6477	-8.80953
-9.06989	-11.3684
-10.2062	-9.01344
-11.2112	-10.0897
-10.1454	-11.0118
-9.08927	-10.3886
-8.88133	-11.6543
-9.50697	-9.78943
-11.7515	-11.7687
-11.5253	-9.06798
-9.81774	-9.37599
-8.54845	-7.20237
-9.12855	-8.42382
-9.22672	-11.0482
-11.0071	-9.54272
-10.2936	-8.80876
-8.80466	-10.5147
-9.29823	-12.0466
-10.9992	-9.33208
-10.339	-9.28265
-10.3376	-11.5099
-10.4863	-10.9076
-10.4077	-11.2286
-9.88227	-9.71553
-10.1117	-8.42738
-10.3279	-11.0162
-12.1474	-8.93211
-8.76015	-7.68371
-7.81169	-11.7221
-10.8657	-10.7783
-9.08445	-9.24327
-10.1682	-10.1017
-8.40541	-10.3468
-8.59626	-10.7118
-11.844	-9.91508
-10.3346	-11.2678
-7.45233	-11.6235
-10.4577	-9.79463
-9.68396	-11.5972
-9.4319	-10.9097
-11.0859	-11.6443
-9.97846	-10.0315
-7.11032	-12.2897
-9.9667	-10.1101
-10.2081	-11.014
-9.33743	-9.43754
-10.1202	-7.5952
-8.45242	-8.9363
-9.38594	-9.87196
-10.2881	-10.7882
-9.84482	-10.2157
-10.4205	-11.7634
-10.7837	-11.3344
-9.01676	-9.72774
-8.36482	-10.2417
-8.92058	-12.7518
-9.19095	-10.8401
-11.1703	-12.1916
-8.13846	-8.35203
-9.8553	-8.40683
-9.0265	-9.46501
-10.2475	-11.091
-11.6302	-10.5819
-9.82918	-8.79584
-10.3591	-10.8109
-10.9915	-11.3685
-10.8492	-9.10906
-10.2662	-11.3871
-9.58492	-9.80818
-10.1944	-7.62319
-10.273	-11.1836
-11.1833	-9.20331
-10.2645	-9.64805
-11.6216	-10.0212
-9.66176	-8.15146
-9.57963	-10.9489
-11.0671	-9.27004
-10.9931	-9.89526
-8.88745	-12.1027
-11.1036	-9.90543
-11.6624	-8.6869
-10.7473	-10.0254
-9.34403	-10.6343
-11.1899	-11.227
-11.8333	-9.22093
-8.58005	-9.21932
-10.358	-10.1631
-11.6798	-9.49494
-9.92397	-11.1176
-11.7545	-9.11091
-10.4335	-9.71689
-11.289	-11.1984
-10.3028	-9.52309
-10.4642	-10.6169
-9.94605	-9.97969
-9.66503	-9.79701
-9.53349	-10.782
-8.70592	-11.297
-11.3102	-10.3932
-9.98492	-10.3574
-10.1833	-10.3684
-9.53654	-9.03587
-10.7484	-9.83959
-9.38763	-11.9678
-11.6512	-10.2228
-10.9005	-8.88078
-10.1252	-11.587
-11.7765	-10.6368
-10.1393	-9.40452
-10.0087	-10.4786
-10.7222	-11.5165
-10.5432	-8.19843
-9.61424	-10.538
-11.2284	-10.6416
-10.9621	-10.5079
-8.77515	-12.2556
-10.3992	-9.32614
-9.30199	-11.9329
-11.1567	-9.29567
-9.93088	-10.4323
-7.86115	-13.4953
-9.75319	-9.13708
-9.89293	-11.3062
-10.4409	-12.0951
-10.6022	-10.1564
-9.88844	-9.63995
-9.04138	-9.46057
-10.6388	-11.35
-9.01096	-9.87955
-10.0628	-9.06282
-10.0853	-10.2195
-11.0645	-10.129
-10.6349	-10.7067
-9.7717	-10.4772
-11.013	-10.7255
-11.0776	-11.4043
-7.79472	-11.0145
-9.99214	-10.2732
-11.3833	-11.7186
-9.15934	-11.3085
-11.0905	-8.84753
-10.4838	-9.75062
-11.1869	-10.2441
-9.75404	-11.6702
-9.17282	-10.6116
-11.5197	-9.08583
-11.2466	-10.9162
-10.6629	-8.75076
-9.17978	-8.04725
-7.87403	-9.07627
-9.79314	-9.2465
-11.3035	-9.72701
-10.3167	-9.46422
-10.7863	-9.79581
-11.9441	-8.00335
-7.65507	-12.2231
-10.8252	-9.10222
-9.72252	-11.1441
-10.3576	-12.019
-10.5708	-9.86689
-10.4306	-11.079
-7.44703	-9.29676
-8.79205	-11.3558
-11.7309	-8.53823
-10.0581	-8.54876
-11.4121	-7.87998
-8.79415	-9.04957
-8.46347	-11.3549
-9.07514	-11.2254
-1.12705	0.799388
-9.61714	-10.385
-8.18372	-10.8438
-9.05411	-11.5395
-9.59493	-10.2067
-10.3754	-8.81409
-11.3953	-8.94338
-8.36703	-9.45194
-9.77744	-9.88448
-10.9338	-8.99725
-9.25005	-8.27868
-9.91504	-9.53758
-9.21942	-10.301
-9.56516	-9.60705
-8.10002	-12.569
-10.3241	-8.74175
-9.89874	-8.49496
-10.0643	-8.83893
-9.65221	-11.7602
-9.60497	-8.40661
-10.8646	-9.30099
-9.9668	-9.69793
-11.5619	-9.61749
-10.9353	-11.3784
-9.46825	-9.9586
-8.87028	-11.19
-8.04767	-12.2424
-11.3824	-10.5113
-11.7301	-10.7233
-11.2227	-10.5859
-9.7968	-10.0966
-11.0273	1.06408
-11.0242	-8.52374
-11.0561	-9.06423
-8.56595	-11.2139
-9.54167	-7.9401
-9.03708	-8.36427
-9.2293	-9.57048
-10.8804	-10.1325
-10.9997	-8.97821
-10.1741	-11.7411
-10.7787	-9.64967
-9.37886	-11.2772
-8.84696	-9.19654
-10.1925	-9.47665
-9.57288	-7.66055
-9.74935	-9.22927
-9.51314	-9.2864
-12.25	-9.5197
-8.11138	-9.15203
-9.34312	-11.2271
-9.70972	-9.20278
-11.9323	-10.0501
-9.85898	-9.21865
-11.3895	-9.49101
-8.91089	-11.5256
-9.22811	-12.0806
-10.7225	-9.79469
-9.48484	-8.4639
-7.42852	-12.979
-11.6088	-10.7732
-9.58761	-9.49713
-11.1875	-9.60577
-10.072	-10.7517
-7.38102	-12.148
-10.1678	-9.43629
-9.0774	-8.26074
-11.1308	-11.2775
-9.06428	-10.8254
-9.24638	-9.21415
-10.2925	-9.02842
-9.27489	-9.35496
-9.50669	-9.45835
-9.65149	-11.4158
-11.7479	-11.2591
-9.40624	-10.2144
-10.7438	-10.4004
-10.164	-10.2341
-7.34283	-11.4021
-10.7056	-10.9619
-7.18199	-8.44868
-11.3162	-9.4705
-9.22947	-9.97637
-10.6525	-9.03782
-9.60317	-9.60352
-9.19512	-8.92603
-10.4983	-11.3578
-10.1218	-8.54076
-11.3136	-11.9163
-9.5789	-7.92925
-9.6449	-9.99331
-9.921	-9.89023
-8.23958	-9.55917
-8.76545	-12.3883
-10.0018	-8.00375
-11.1154	-9.76031
-11.707	-9.69467
-9.13581	-11.0368
-9.24976	-10.0856
-11.7124	-10.3875
-9.33705	-10.5296
-11.6923	-10.5332
-9.34411	-9.45366
-10.6876	-11.7795
-8.96462	-9.97041
-9.60102	-9.75543
-9.92923	-11.4825
-12.1535	-7.62034
-9.77772	-11.2206
-10.7379	-11.7702
-9.95787	-9.42132
-10.9482	-8.55555
-10.4679	-9.70671
-10.3435	-8.95206
-9.56415	-10.5358
-7.11046	-10.9683
-9.47671	-11.2317
-11.4033	-9.642
-11.3599	-11.2374
-10.7739	-11.7441
-10.5294	-9.38043
-8.04952	-9.65281
-10.7072	-11.4602
-8.22909	-10.8746
-10.3884	-8.72602
-9.89681	-9.71352
-9.72049	-9.09346
-10.9195	-9.38296
-10.8131	-9.11902
-11.0994	-9.33999
-11.1396	-10.962
-8.23534	-7.27492
-10.2107	-11.8263
-8.21039	-11.8528
-8.58936	-9.18724
-10.5248	-9.15221
-2.7456	-12.0514
-9.34679	-6.68074
-11.9868	-10.1152
-10.491	-9.28096
-6.78298	-10.3774
-8.39932	-11.2979
-9.21502	-9.26606
-10.7482	-9.0329
-11.8319	-8.77394
-10.0386	-10.5993
-7.57231	-10.7507
-9.57057	-9.59168
-11.7834	-9.52585
-8.81918	-10.9228
-8.93559	-10.0718
-10.1667	-10.5234
-8.43002	-9.21826
-10.9391	-7.54492
-11.4456	-10.6574
-9.94618	-11.1918
-9.99912	-11.1154
-9.17131	-8.93619
-12.1709	-10.3962
-11.2362	-10.7262
-10.4366	-9.25099
-11.2807	-10.5278
-9.77569	-11.8277
-10.4456	-8.68328
-9.85502	-8.60433
-9.0673	-10.5303
-9.11082	-10.0371
-11.7926	-11.6504
-10.1093	-9.98647
-10.199	-10.9289
-9.62773	-9.17333
-9.72781	-11.9354
-10.9638	-8.87208
-11.6719	-11.6968
-11.789	-10.9476
-7.66636	-10.8901
-9.73021	-11.2547
-10.8553	-7.40572
-7.82043	-11.0454
-10.4394	-11.6048
-10.3518	-10.6539
-9.92342	-8.98881
-10.2217	-10.8896
-9.55143	-9.26861
-8.06413	-10.8444
-11.9853	-7.74048
-10.1977	-9.75258
-8.91738	-10.7385
-12.1735	-9.99059
-9.44777	-9.75059
-10.5428	-9.47548
-6.91951	-13.4607
-11.6888	-9.19689
-11.3904	-7.25322
-9.52112	-9.5615
-9.01797	-10.3233
-11.9912	-11.028
-10.5747	-10.2369
-9.18109	-10.1541
-9.60394	-11.5624
-9.43542	-9.70212
-9.35651	-11.3422
-11.4767	-10.713
-9.92284	-11.8238
-11.1521	-9.3768
-10.8388	-9.93703
-11.7563	-9.62064
-11.5487	-10.965
-9.65477	-11.7135
-9.68288	-11.9858
-10.9894	-10.5895
-11.5494	-9.36842
-7.4046	-14.1452
-9.1367	-8.83852
-9.8569	-9.42049
-10.3869	-10.7102
-10.0513	-11.4575
-11.3053	-10.3498
-11.6359	-9.67883
-11.4581	-11.1228
-8.41158	-11.2976
-12.1383	-9.48433
-9.1866	-11.0842
-10.0847	-7.92406
-11.8928	-9.07471
-9.96369	-9.48925
-10.8494	-11.3631
-9.55132	-11.2311
-9.00758	-8.18478
-10.2953	-8.95181
-10.2057	-10.9489
-11.5976	-9.85296
-9.87843	-8.54366
-9.30026	-11.4833
-9.47357	-11.8251
-9.37008	-8.53665
-8.63094	-10.0091
-8.82428	-8.35408
-11.8316	-8.99501
-10.1654	-10.8892
-11.2562	-9.2977
-8.51826	-11.5634
-11.1304	-9.20329
-11.6949	-8.69201
-9.41607	-9.12999
-7.8335	-11.8839
-11.9833	-9.87107
-11.2075	-10.4536
-10.0435	-9.63904
-10.0514	-9.76701
-9.23746	-9.54408
-9.80111	-8.82704
-10.4098	-9.72731
-10.3439	-9.83534
-8.76633	-11.4023
-8.94837	-9.42565
-9.10798	-11.3165
-10.8618	-8.9191
-9.00064	-10.5641
-9.61836	-9.41027
-10.7556	-11.2349
-9.58806	-10.4778
-10.8422	-9.75424
-10.6053	-10.0617
-10.1962	-10.9975
-11.6568	-11.761
-10.0912	-11.8832
-9.71318	-10.1667
-9.14014	-8.40295
-10.8682	-11.5812
-9.72207	-10.5838
-9.40453	-9.06031
-8.97478	-10.0768
-10.9247	-8.577
-8.40031	-9.62464
-9.75258	-9.20074
-10.1566	-11.4271
-8.97914	-9.89569
-11.5543	-9.71858
-10.3933	-11.1921
-10.5193	-9.14504
-11.2201	-10.6186
-10.0153	-11.6707
-8.2787	-11.5227
-9.38912	-10.958
-10.1994	-9.22948
-9.42063	-8.89447
-11.0578	-10.8995
-10.4861	-11.0277
-8.679	-8.74021
-8.93029	-8.59947
-11.5125	-9.55171
-10.3839	-11.3145
-10.1699	-10.4959
-10.389	-12.0222
-10.8273	-9.0916
-9.27251	-10.3891
-12.0006	-11.8757
-10.0875	-9.6712
-10.3189	-10.6092
-11.4241	-9.79641
-9.79545	-9.54927
-9.743	-11.7898
-11.7816	-10.6212
-10.0398	-9.01757
-8.29108	-10.5071
-9.30625	-11.4208
-11.3418	-12.0079
-10.9305	-11.7008
-8.8255	-9.92988
-11.2514	-10.3354
-8.02434	-9.74443
-10.5309	-10.7277
-10.8372	-10.9888
-10.9524	-11.6375
-10.7615	-10.1361
-10.8808	-11.2201
-11.6687	-9.58822
-9.1821	-9.1397
-11.9409	-10.9697
-8.95111	-9.19103
-11.5907	-8.99884
-9.02915	-11.4862
-10.9903	-8.50168
-8.38018	-10.0494
-10.8914	-8.39765
-10.656	-11.2329
-10.1413	-9.30672
-7.26585	-10.4494
-8.61382	-8.98665
-9.92145	-8.79602
-9.20724	-10.0856
-9.18775	-10.7052
-9.18835	-9.45272
-9.50017	-10.6308
-9.51175	-10.8686
-10.0383	-9.90148
-7.73111	-8.2579
-9.23288	-11.6633
-9.49344	-10.4485
-9.80461	-9.69525
-10.7668	-10.9395
-9.6954	-12.0087
-9.96572	-11.1896
-9.34484	-10.5817
-9.88654	-9.19791
-10.1306	-10.3134
-10.8062	-10.6916
-9.41251	-10.2139
-9.78262	-8.46794
-10.3301	-11.4733
-10.0597	-8.23737
-3.01252	1.99514
-10.0209	-12.1373
-10.1229	-9.45589
-10.1146	-10.9084
-9.04441	-9.83798
-11.8609	-10.0014
-7.58062	-10.639
-8.34163	-10.8326
-9.09316	-10.7441
-9.52782	-10.1026
-11.2623	-10.3657
-0.870871	-0.457686
-10.211	-11.5644
-6.0071	-7.7393
-9.48437	-10.3069
-8.89114	-8.52806
-11.9915	-10.156
-11.9597	-8.62333
-9.79588	-11.813
-9.38832	-11.2046
-9.95078	-9.21609
-9.53654	-10.6837
-10.7502	-9.48106
-11.1921	-10.1434
-10.3342	-9.19637
-10.637	-9.13258
-9.07224	-10.9668
-9.75506	-9.1507
-8.87713	-11.7992
-10.1744	-10.6176
-10.6004	-9.49794
-11.4058	-6.85502
-11.4222	-10.7424
-8.94636	-6.8602
-10.6015	-8.90495
-10.5678	-11.2138
-10.6875	-10.0276
-11.3758	-11.2127
-8.11764	-10.5479
-8.94514	-2.29298
-11.4361	-10.8566
-9.79553	-8.57773
-7.56349	-11.1123
-9.60124	-10.4984
-9.52097	-9.01148
-9.03719	-10.1852
-9.96077	-9.32522
-11.4023	-7.95015
-9.67471	-10.7692
-10.1476	-10.1333
-8.84587	-8.89203
-9.0538	-7.51424
-9.47585	-10.2688
-9.9974	-8.30814
-10.8463	-10.7517
-11.4468	-11.6664
-10.6283	-8.02624
-8.78357	-9.94135
-9.41441	-9.90054
-9.39062	-11.855
-10.8222	-9.90556
-9.27285	-11.7813
-10.1028	-11.2638
-10.0588	-11.7826
-11.0426	-10.5255
-11.5501	-11.2946
-11.1269	-11.2156
-8.71591	-11.6295
-9.44197	-9.92132
-10.1736	-9.01168
-10.7924	-8.74799
-9.89024	-10.6639
-11.7589	-10.0987
-9.60083	-8.72235
-11.1476	-9.94806
-8.04992	-10.4751
-8.40865	-10.8214
-11.5983	-10.2192
-11.2829	-8.68311
-10.2644	-9.2761
-11.0244	-10.9248
-9.91385	-11.477
-10.2644	-9.23031
-10.4542	-8.18218
-9.07795	-10.1365
-9.41808	-11.3689
-10.9987	-10.4408
-10.2606	-10.566
-10.2872	-11.1437
-11.0411	-9.14751
-9.60167	-10.9217
-10.7874	-7.9338
-11.4735	-11.3893
3.48702	-8.13656
-11.1661	-11.0278
-9.7863	-9.42324
-10.2295	-9.30417
-7.13664	-8.9094
-10.364	-9.98523
-9.17437	-7.66569
-9.5237	-10.2454
-9.41753	-9.32984
-10.5496	-8.84299
-9.30243	-11.1945
-11.9033	-8.91484
-10.7734	-10.5357
-10.7229	-9.58787
-10.9633	-11.5462
-9.48384	-8.70333
-8.36155	-10.628
-9.81475	-9.29864
-10.4712	-8.56584
-10.9467	-10.1212
-11.9146	-9.98745
-11.0864	-9.67638
-11.0716	-11.467
-9.92905	-11.4021
-10.1741	-10.9036
-12.1641	-11.3561
-9.95831	-9.85957
-10.5835	-11.9106
-9.26766	-10.006
-11.8483	-9.00227
-11.4059	-9.28338
-12.147	-11.8896
-10.3525	-9.21488
-11.5628	-10.5733
-11.1547	-8.5567
-10.9874	-11.827
-8.76192	-8.82079
-10.2263	-10.2603
-11.2692	-10.8392
-11.1499	-9.76012
-9.09907	-9.90145
-7.82789	-9.88753
-9.59519	-11.1772
-11.5389	-8.64641
-11.1182	-10.8399
-9.62283	-11.8943
-9.35389	-9.73639
-11.7481	-10.7814
-10.4861	-8.37797
-7.46538	-10.2571
-11.397	-9.79452
-9.61404	-9.17082
-10.9643	-9.48718
-10.466	-10.4628
-6.65486	-11.4285
-10.5612	-9.85186
-7.2345	-11.0638
-10.9487	-10.4411
-9.53497	-10.5572
-10.077	-10.7042
-7.98457	-10.7723
-9.41508	-9.85408
-10.5045	-9.12226
-8.7958	-8.54402
-10.4389	-8.94513
-11.3546	-10.4166
-10.9224	-10.769
-9.80384	-8.50389
-10.6273	-11.2013
-5.46209	-9.40011
-8.54582	-12.3064
-8.74363	-11.3524
-9.54122	-10.9296
-8.19655	-10.4948
-9.06889	-10.761
-9.36324	-10.2863
-11.6157	-8.51901
-9.5401	-9.22151
-11.2725	-9.41543
-10.4747	-9.13093
-11.4049	-10.9055
-10.7764	-10.9385
-9.25189	-9.11746
-11.5083	-11.6803
-8.64612	-11.2809
-9.70323	-10.6593
-10.6169	-9.03948
-11.2689	-10.7762
-8.464	-9.61282
-10.5562	-11.0787
-8.09518	-11.5937
-9.74144	-11.2629
-9.17839	-11.3862
-9.8959	-11.622
-8.77978	-9.95438
-10.1968	-12.0614
-11.4811	-10.7986
-12.0322	-11.3885
-10.0874	-11.6385
-10.0143	-9.5505
-8.35701	-11.7333
-10.8893	-9.79623
-9.55243	-9.62519
-10.0124	-11.0986
-9.30696	-11.8151
-10.5412	-9.62742
-9.85222	-8.95567
-11.0485	-12.0334
-9.37206	-9.49582
-8.70661	-10.7525
-11.5086	-11.5473
-10.6879	-10.6864
-9.3984	-9.83591
-9.84896	-8.23598
-10.1155	-10.011
-10.9628	-8.31746
-9.93306	-9.89055
-10.0671	-11.1915
-11.8593	-11.7771
-11.0054	-10.3374
-9.98997	-10.9708
-9.64323	-12.1947
-10.2426	-7.22928
-11.428	-9.59607
-9.08338	-11.1889
-7.41329	-8.48848
-10.3152	-9.60203
-11.5415	-8.54359
-10.628	-11.2719
-8.82322	-8.40046
-10.4544	-9.83263
-9.20018	-9.1189
-12.0361	-9.47771
-11.1748	-10.7596
-8.25103	-10.9587
-9.29208	-9.50622
-8.60549	-9.47398
-10.3313	-8.92208
-10.2245	-11.5126
-7.86542	-11.7366
-11.2207	-9.01655
-11.3235	-11.7716
-9.37495	-9.35497
-10.4182	-9.85914
-10.6822	-10.9133
-11.9338	-11.3351
-10.5519	-11.1537
-9.05905	-9.90262
-11.7333	-9.08496
-10.4707	-11.3666
-9.39731	-11.5989
-9.34471	-10.1983
-9.5382	-10.6872
-8.60142	-8.86377
-9.79782	-9.75686
-8.23596	-8.02678
-9.34033	-9.37735
-9.32852	-12.2151
-11.279	-11.9439
-8.41924	-10.6417
-9.41127	-9.87257
-11.7256	-10.0278
-9.70701	-8.24138
-10.6699	-10.2261
-9.5383	-11.523
-10.1245	-10.2694
-8.75086	-10.9257
-8.44948	-8.40106
-11.652	-11.1702
-11.1865	-10.1579
-10.3587	-9.95105
-11.453	-9.98227
-9.92691	-10.0797
-8.84814	-9.34095
-9.17723	-10.5372
-8.9212	-10.1918
-9.31036	-10.3017
-8.15588	-12.5289
-10.2938	-10.4604
-10.9517	-11.0888
-9.9937	-12.0256
-9.42727	-10.3961
-11.8784	-11.9044
-9.35638	-9.60087
-9.14881	-11.4496
-10.632	-8.11873
-10.3285	-9.70206
-10.2592	-9.89237
-9.17442	-8.64029
-7.96656	-8.26984
-10.257	-9.3013
-9.74738	-9.54609
-10.3045	-9.22368
-11.5404	-9.15919
-10.0693	-9.09483
-10.0191	-10.9846
-9.31656	-12.0045
-10.6579	-11.1093
-8.93944	-9.16605
-11.6528	-9.073
-7.62643	-9.66615
-10.2271	-10.2684
-9.33576	-11.4934
-11.9557	-8.39126
-11.2037	-9.89547
-10.4645	-11.4594
-10.8519	-10.8044
-10.2814	-9.07518
-4.34943	3.00624
-10.4489	-9.81608
-6.56562	2.29599
-8.99432	-11.4909
-10.1605	-10.1062
-10.3136	-10.3487
-11.5381	-10.9716
-9.10777	-10.0806
-10.7164	-9.49256
-11.4617	-9.13831
-11.8457	-11.0002
-10.174	-5.961
-9.82183	-10.95
-11.2918	-9.85039
-11.6842	-9.87991
-11.3861	-9.07248
-10.1263	-11.9466
-11.4684	-9.03013
-10.7981	-10.3016
-11.1668	-9.9906
-10.0727	-10.9706
-11.7189	-10.7136
-8.82296	-0.738145
-9.95557	-11.3392
-9.37012	-11.4256
-9.36576	-11.9445
-10.1222	-11.4835
-9.29731	-10.2136
-9.61727	-10.1412
-9.61113	-9.64076
-9.35568	-9.14021
-8.85307	-10.1719
-9.46704	-9.7975
-10.26	-10.4983
-9.07349	-10.2188
-11.714	-9.45718
-8.90466	-11.4166
-11.24	-9.25246
-12.0153	-10.9211
-10.6219	-10.5829
-9.40751	-11.762
-9.19921	-10.0297
-10.4035	-11.7584
-10.632	-10.815
-9.56925	-10.1041
-9.57002	-10.6948
-10.9043	-10.0749
-9.63096	-10.529
-9.43395	-9.89653
-8.91567	-10.0795
-10.118	-10.7223
-9.66235	-10.1941
-10.9559	-9.85005
-8.74473	-10.1327
-10.0529	-10.6366
-7.97161	-11.0468
-11.2097	-9.65605
-7.49411	-11.0677
-9.01691	-8.76809
-7.33186	-11.1571
-10.0262	-9.81051
-10.4413	-9.78183
-11.3831	-10.7991
-9.81792	-9.71638
-9.58387	-11.6893
-9.86871	-9.61468
-8.51773	-12.4779
-11.1458	-11.1679
-7.42106	-10.7798
-10.1225	-11.4041
-10.5671	-10.0405
-11.2126	-10.9223
-11.6092	-11.3572
-9.08493	-9.27836
-9.54791	-7.96429
-10.3377	-10.3311
-9.82959	-9.53105
-8.75062	-9.48703
-10.1663	-11.761
-9.97354	-9.85407
-11.5547	-8.66725
-9.25259	-8.23473
-8.78566	-9.62892
-10.8988	-11.5137
-9.54518	-9.36736
-8.27635	-14.8532
-8.86862	-11.2767
-10.4506	-8.58061
-11.4271	-10.9862
-10.4419	-11.4053
-10.0195	-9.14708
-8.82001	-11.0935
-9.68674	-11.1907
-11.4556	-10.7852
-10.5995	-11.6265
-11.1582	-8.96873
-10.0319	-10.482
-10.3813	-9.59386
-9.78078	-8.22012
-11.7008	-11.0851
-9.93212	-11.3709
-7.72752	-8.04028
-10.9743	-9.72533
-8.88108	-10.036
-10.2313	-8.89745
-9.25198	-10.31
-9.04522	-7.39421
-10.5711	-7.58302
-9.63012	-9.67759
-11.5395	-11.5038
-9.69528	-11.4232
-11.025	-10.7194
-8.86933	-8.84087
-12.0471	-9.83604
-10.2586	-11.1661
-9.71919	-11.0151
-11.0465	-10.8901
-10.3049	-8.2055
-9.7865	-10.0119
-9.92835	-11.3468
-8.93485	-8.76976
-11.341	-9.66393
-9.46977	-9.48579
-10.4629	-8.69925
-6.677	4.94715
-10.8708	-7.91364
-11.121	-9.39476
-10.5879	-12.0731
-9.58413	-7.16095
-9.24176	-12.012
-10.1826	-9.49033
-11.58	-10.7235
-9.4033	-9.0388
-10.7475	-11.5643
-9.59812	-8.95213
-8.89294	-10.3601
-10.5169	-11.2353
-9.02034	-10.7712
-9.26511	-9.20394
-10.9739	-11.7963
-9.15273	-10.8629
-8.99266	-8.93058
-9.41743	-9.20027
-8.00849	-10.8386
-8.96872	-10.333
-11.6923	-11.6323
-11.3237	-9.06881
-10.5013	-8.71812
-9.86769	-9.67782
-10.7601	-10.2161
-10.0522	-10.4468
-8.79931	-10.0747
-9.39152	-10.414
-11.5159	-10.5906
-10.5932	-10.6434
-11.7577	-12.1469
-10.8638	-8.68366
-11.3762	-11.3922
-8.46293	-12.2989
-9.7397	-11.1494
-10.232	-10.806
-4.63032	-10.2032
-11.802	-12.0705
-10.8855	-9.3266
-9.25041	-10.8481
-10.4369	-11.1092
-10.3599	-10.4224
-10.4471	-10.3116
-10.8652	-9.34034
-8.93668	-9.89012
-10.6386	-10.0531
-11.3011	-11.5548
-10.9901	-10.2437
-11.9685	-10.9562
-11.6977	-9.6297
-9.95456	-9.21855
-8.80387	-10.3093
-9.68448	-9.61587
-9.09949	-9.46283
-9.73262	-10.1212
-10.6793	-10.8473
-8.53596	-9.57614
-9.46775	-10.5468
-10.0257	-9.31223
-10.7668	-9.93695
-11.0378	-11.8917
-9.72368	-9.55776
-10.2526	-10.5724
-10.2155	-10.9041
-9.66481	-9.53487
-10.368	-11.0954
-8.15207	-10.7508
-9.08791	-9.55844
-9.46627	-9.15645
-11.6087	-10.9751
-11.6783	-10.1635
-10.1835	-10.0262
-9.38591	-8.52948
-11.5312	-11.7661
-11.0691	-11.9556
-9.47227	-10.5264
-9.19056	-11.9496
-9.91738	-9.40382
-9.39199	-7.68544
-9.42663	-10.2436
-8.49265	-11.1499
-10.1434	-11.2631
-11.1509	-11.7768
-10.9819	-9.17608
-10.0487	-10.0483
-9.5154	-11.4001
-11.6206	-10.0404
-8.62978	-10.627
-9.69598	-8.20625
-11.7087	-9.90925
-9.8694	-9.00971
-8.83122	-10.1459
-8.98836	-9.87606
-9.78944	-11.54
-10.7023	-11.0712
-8.90818	-12.9135
-8.87625	-9.37838
-9.22537	-11.7629
-9.66503	-9.17181
-10.3525	-12.0034
-9.2727	-8.01208
-10.7358	-10.0668
-9.69212	-9.5727
-9.53057	-11.6872
-10.5898	-9.03382
-8.73631	-13.0327
-10.596	-10.4033
-10.0692	-9.50431
-9.93353	-9.88674
-10.1699	-9.74754
-6.88318	-9.84971
-9.31003	-10.9012
-9.49265	-10.8341
-11.3058	-10.3522
-9.22017	-9.27341
-11.5785	-10.8201
-10.443	-10.7542
-10.1832	-11.78
-11.126	-7.57696
-10.4978	-10.0203
-9.8023	-10.757
-11.2757	-8.5985
-10.2967	-8.4867
-10.7755	-11.8434
4.00304	3.51183
-11.6128	-11.0023
-10.9361	-11.2027
-9.62772	-8.28191
-9.66575	-11.7598
-11.6043	-10.5727
-10.3477	-11.2155
-9.73373	-9.2195
-11.5423	-11.4114
-11.679	-8.93688
-9.21156	-8.60068
-10.4375	-9.40593
-8.16881	-8.73548
-9.71724	-10.911
-10.513	-9.12968
-11.2169	-11.2418
-8.60654	-9.86599
-10.1399	-11.9814
-9.62437	-10.5214
-9.99595	-9.77843
-10.9645	-10.0522
-8.34365	-11.1209
-9.43288	-9.87684
-10.8802	-9.32409
-11	-9.10808
-9.29983	-9.45555
-9.83763	-8.64793
-9.15601	-8.59732
-9.53172	-11.6701
-8.98323	-9.06875
-8.54616	-9.10083
-10.0783	-11.8735
-10.4862	-11.1929
-9.68025	-11.3719
-10.954	-8.69933
-10.7624	-11.3246
-10.4893	-11.6812
-9.85614	-7.26572
-8.77774	-11.1231
-11.7514	-10.9354
-9.48551	-9.79441
-9.96004	-9.85028
-8.87143	-11.3103
-8.51928	-12.4223
-9.02685	-8.8507
-10.4711	-10.0317
-11.5734	-10.6416
-9.71	-11.3365
-10.7406	-9.10953
-10.4519	-10.6466
-9.0956	-10.1761
-9.09044	-10.1866
-11.8485	-10.0808
-10.9711	-10.4316
-9.4821	-10.4114
-9.8335	-7.4313
-8.23732	-7.14744
-10.2917	-9.35901
-9.80064	-7.6125
-10.9173	-9.4136
-10.5627	-10.4675
-10.6569	-9.49831
-11.2217	-10.9124
-10.2331	-7.07913
-8.69067	-10.0244
-8.55713	-12.2445
-10.5841	-11.0348
-9.25185	-11.2441
-11.4735	-9.19592
-8.99119	-7.90699
-10.6019	-11.3449
-8.59353	-12.4628
-10.8444	-9.70218
-8.09921	-9.57107
-9.90544	-8.32112
-10.4188	-9.56437
-9.19295	-11.7866
-11.6007	-8.0558
-10.5713	-11.3461
-11.1065	-9.64156
-11.3849	-9.15215
-11.2997	-10.4209
-10.4415	-7.80331
-11.8963	-11.7553
-11.0908	-9.23757
-9.92386	-9.18118
-9.6963	-11.1748
-12.0582	-10.6574
-7.7128	-8.92771
-8.55946	-11.0658
-11.9492	-11.2252
-9.82739	-10.7514
-10.5167	-10.0256
-9.79708	-11.6354
-8.67171	-10.7775
-11.0999	-10.2717
-9.01339	-9.37523
-7.87873	-11.8597
-11.5868	-7.96378
-10.666	-7.4885
-9.03554	-9.14868
-10.0676	-8.34302
-11.0778	-11.0504
-9.50239	-11.1456
-11.2259	-7.4211
-10.7846	-10.621
-10.1564	-10.2879
-11.5629	-11.1428
-10.7701	-10.9957
-10.303	-10.7028
-10.4202	-11.0175
-10.9477	-11.8321
-11.5133	-7.61058
-9.95174	-10.0679
-9.82145	-11.422
-9.6485	-9.91358
-9.45141	-9.7385
-8.85592	-8.99191
-10.1341	-10.3998
-9.30588	-7.83994
-8.84814	-9.12626
-9.51813	-11.2384
-10.5134	-8.46587
-10.1228	-8.27465
-10.2182	-11.6647
-11.5328	-8.40216
-10.9145	-12.0439
-8.63688	-10.0527
-10.0188	-10.5686
-10.1396	-9.44424
-10.5372	-11.6899
-10.3539	-11.1846
-11.2904	-8.81047
-9.1348	-9.37592
-6.06331	-6.53559
-10.8976	-9.24355
-11.6451	-10.18
-10.8401	-10.195
-10.8027	-10.7678
-8.98576	-9.72044
-9.50879	-10.2303
-9.8334	-7.46819
-10.6061	-10.4198
-8.70691	-11.7521
-10.5851	-9.10718
-11.5209	-11.2078
-9.96852	-9.10745
-8.18977	-10.3449
-8.36822	-9.42267
-9.40371	-10.6891
-8.55227	-12.3413
-10.1938	-8.57047
-11.1634	-9.2801
-9.83356	-10.057
-10.2421	-10.8983
-11.1261	-9.97344
-10.1538	-9.48183
-9.73686	-7.60614
-10.2291	-9.97461
-10.9225	-9.12231
-9.82453	-11.325
-9.66607	-9.25189
-9.81768	-8.25142
-10.2366	-9.86858
-9.22964	-10.1083
-10.5223	-10.8109
-11.9057	-7.38518
-7.95562	-11.3889
-10.2972	-10.2885
-9.16285	-10.9897
-8.61322	-10.3849
-9.55167	-10.7686
-8.9929	-8.63209
-11.1815	-11.3763
-7.5176	-12.9848
1.66888	-4.93104
-11.9007	-9.88792
-9.86419	-10.1193
-9.75582	-9.11512
-10.464	-10.5173
-11.2542	-10.2546
-10.4636	-8.59127
-9.45063	-10.4482
-10.0427	-9.05742
-10.6091	-9.21941
-11.5716	-7.88208
-9.16616	-10.7487
-9.77324	-9.79671
-10.7944	-10.4175
-8.56507	-9.87138
-10.0262	-10.2211
-9.13266	-9.24357
-11.2336	-10.5619
-12.0285	-9.5786
-10.2261	-8.99386
-11.558	-11.5354
-7.09997	-11.3792
-9.05422	-11.6364
-8.438	-10.6012
-11.8385	-9.80457
-9.27856	-11.8484
-10.5998	-11.823
-10.9357	-9.47268
-11.5906	-9.22465
-10.9131	-10.2482
-9.77458	-9.76613
-10.1767	-9.03056
-7.9577	-8.65181
-8.06222	-9.16843
-10.2816	-10.4636
-11.7734	-10.8733
-9.10906	-9.09698
-9.7435	-10.9721
-9.48341	-8.47747
-9.48383	-9.59554
-9.11252	-8.66105
-10.0095	-12.11
-10.2195	-9.17835
-11.3121	-9.51087
-10.6442	-11.7664
-9.58327	-9.51816
-10.1955	-9.83801
-10.4567	-8.79599
-9.09924	-9.99859
-11.3044	-10.393
-9.50354	-9.54251
-10.5419	-11.5646
-9.01465	-10.676
-9.79145	-9.04343
-10.8707	-9.63109
-9.76827	-12.1497
-11.0095	-10.8382
-8.73223	-9.54193
-10.4733	-9.13473
-10.4127	-9.85122
-9.46805	-9.23889
-9.32702	-10.4799
-10.4084	-10.5795
-9.15963	-9.84234
-9.35466	-8.4155
-9.39323	-8.18299
-8.3438	-9.23606
-11.5113	-10.0722
-10.0173	-11.395
-9.30065	-10.9793
-9.98588	-9.86707
-10.0542	-8.80004
-11.7429	-11.8338
-10.7285	-10.9006
-9.81487	-10.8797
-10.5849	-10.2191
-9.98028	-8.65618
-8.42885	-9.99593
-10.5233	-10.2824
-9.7508	-11.2672
-9.46308	-9.40113
-9.72694	-12.1373
-9.30732	-11.682
-11.7874	-10.0993
-11.0288	-8.59027
-8.79933	-9.47516
-8.93488	-9.89278
-10.99	-11.7352
-10.7406	-8.12878
-6.77568	-9.19647
-10.5427	-9.55098
-8.66558	-11.4405
-10.1526	-8.41125
-11.8428	-11.959
-11.5738	-11.7025
-10.6903	-9.36117
-8.09308	-9.53566
-10.3527	-11.4846
-9.8277	-10.9573
-9.64811	-11.4103
-10.799	-9.15017
-10.8779	-10.1863
-10.8651	-9.80987
-9.27907	-11.3891
-9.07007	-9.43058
-10.7505	-10.0189
-8.87767	-11.7088
-9.78626	-10.9838
-11.4027	-9.7994
-10.1731	-11.203
-12.0267	-9.99067
-9.73804	-10.4064
-11.3142	-11.4977
-8.06572	-8.81586
-9.3853	-10.1139
-12.0181	-9.89801
-11.325	-11.5896
-9.79373	-9.58628
-9.26993	-11.7125
-10.3375	-9.37776
-8.70856	-8.55725
-8.82294	-10.6204
-8.45685	-10.2457
-9.19437	-11.1407
-7.67777	-11.3934
-9.47947	-9.26603
-11.8574	-11.4565
-8.80062	-10.3064
-10.6071	-10.5637
-11.1189	-11.1569
-10.2408	-8.39505
-10.2841	-10.3628
-10.4426	-10.0643
-10.0554	-11.7678
-10.0934	-10.6437
-11.5853	-9.40113
-11.3642	-10.7451
-9.19532	-9.22995
-7.78359	-10.3577
-10.5964	-10.4629
-7.7177	-9.41458
-10.8883	-11.7584
-12.1185	-10.464
-9.97004	-10.3446
-10.3243	-11.5226
-9.51026	-8.52423
-9.86103	-9.35096
-7.70231	-8.83374
-9.64547	-9.79648
-9.33493	-11.7284
-9.06237	-8.84672
-9.03085	-9.72353
-10.39	-9.47686
-10.3276	-10.0853
-9.50817	-9.80649
-10.4567	-11.0705
-7.64293	-9.26404
-9.36139	-9.77059
-10.6962	-10.2088
-9.0576	-9.86286
-10.8913	-9.65232
-10.0244	-9.04817
-11.5247	-11.5714
-10.5797	-7.75248
-9.88628	-10.5087
-11.8932	-10.0591
-7.14217	-12.162
-10.1668	-10.1793
-12.062	-10.3424
-10.2179	-7.70628
-10.8625	-9.55656
-8.67784	-7.68561
-10.5467	-10.8741
-8.88985	-12.0874
-11.4825	-8.92843
-10.6049	-9.71006
-10.3258	-10.1162
-9.80491	-10.1957
-10.4406	-11.7607
-11.8144	-11.3453
-8.8102	-11.2235
-10.2173	-9.57822
-8.31112	-11.3028
-9.80797	-11.4538
-8.68622	-10.8168
-9.77692	-9.41301
-9.27418	-10.3462
-7.66667	-11.7629
-10.0917	-11.7635
-11.301	-10.7282
-9.89062	-10.3926
-8.85088	-9.12248
-11.7443	-10.9131
-11.2283	-8.9735
-11.148	-10.8392
-9.17511	-11.5753
-8.36919	-10.0959
-10.0776	-9.38619
-9.05865	-11.6456
-9.24207	-8.8154
-9.05691	-9.92401
-8.41701	-8.86119
-7.81112	-11.3868
-10.1737	-10.8833
-10.0458	-11.0591
-11.3209	-9.85387
-8.49177	-9.77745
-9.44182	-8.23771
-10.1505	-10.8247
-8.6661	-10.1084
-7.09447	-9.82157
-10.702	-11.1507
-10.1582	-10.6111
-8.48953	-9.48987
-10.0937	-8.84532
-9.96543	-11.2478
-11.159	-11.1491
-9.8946	-9.90255
-7.80816	-10.0503
-8.03222	-11.3691
-10.4514	-9.70589
-10.1712	-10.726
-9.53449	-11.3007
-6.42541	-9.80068
-10.7563	-11.0962
-8.37516	-9.40631
-7.67146	-11.8282
-10.6063	-9.40236
-10.6181	-9.84563
-8.79179	-10.2646
-10.9177	-9.74859
-10.1268	-11.7598
-9.27203	-9.93059
-11.6484	-8.9332
-11.4041	-10.0411
-11.7734	-11.5411
-8.09491	-8.61481
-11.0936	-8.3295
-11.3028	-9.28274
-9.89264	-8.36625
-10.8777	-10.1931
-8.99658	-10.0221
-9.1645	-11.9339
-9.50336	-11.4075
-9.62804	-8.83868
-10.4178	-8.82164
-12.081	-11.4916
-11.7343	-8.6458
-9.13238	-10.7471
-10.9761	-9.14029
-9.25368	-10.4487
-7.69697	-10.2846
-10.142	-9.28483
-11.6699	-10.2807
-9.8572	-9.65067
-10.73	-9.78378
-10.6609	-8.63293
-10.4099	-11.2984
-11.0735	-10.7657
-10.4358	-9.68776
-9.43838	-9.19873
-9.54284	-10.7818
-10.4105	-11.652
-10.1732	-8.83265
-11.933	-10.2867
-9.17145	-11.7684
-9.96318	-11.3038
-9.74524	-8.5138
-8.72159	-11.4037
-11.9109	-11.1977
-9.39974	-10.2935
-10.3449	-9.73197
-7.41753	-8.77513
-10.1201	-10.5239
-9.56969	-10.0622
-9.01449	-11.345
-10.8965	-10.7612
-10.8509	-9.47429
-11.6402	-9.21688
-10.003	-10.508
-11.5652	-10.7419
-10.6857	-9.16313
-11.1463	-12.1915
-8.53463	-10.166
-11.7911	-11.8138
-9.68779	-10.2486
-10.3119	-10.0769
-10.9974	-10.9517
-11.3962	-8.89911
-9.62915	-9.76135
-10.5281	-7.34874
-10.0834	-10.1321
-8.99408	-9.78202
-10.8696	-9.88404
-9.5992	-11.554
-7.47312	-6.8321
-6.37335	-9.91796
-9.67763	-11.1251
-9.91537	-9.16544
-9.66454	-9.0308
-9.85626	-9.6106
-11.7025	-11.5242
-2.46143	-11.2234
-9.48753	-9.70888
-10.703	-10.4336
-7.35695	-8.77982
-10.9557	-11.448
-9.40403	-11.8545
-11.2649	-10.2429
-10.5015	-10.6527
-9.74219	-10.0713
