10.1391	9.93254
9.78404	9.95506
12.5179	11.2856
9.50771	11.2132
10.0324	10.7323
12.583	11.5173
9.05164	10.1506
12.2568	10.0123
10.1888	10.7126
11.3815	9.68008
10.0788	9.96458
10.2463	13.2098
9.56361	12.0145
10.1091	12.6544
12.2798	10.316
10.5234	12.6759
10.9786	11.6699
9.06621	11.7536
11.4524	10.787
10.9235	12.5998
10.7491	11.7605
11.8356	9.6621
10.3793	10.0493
11.3535	10.2721
10.9958	9.68073
10.0943	9.42153
9.1357	10.6443
9.40042	9.41643
10.4626	12.0585
9.55353	10.2207
10.6926	10.6504
10.0179	10.3724
11.1785	12.1548
12.3584	9.4979
9.83947	9.79438
13.4545	10.634
10.6441	10.1843
11.6854	11.2316
12.9831	8.76559
13.616	12.4502
11.0174	10.2643
11.8461	11.4242
11.9843	9.64411
11.2075	11.206
11.9869	10.6961
13.1406	10.6179
11.6583	10.9617
11.335	9.95338
10.5991	13.9788
10.7879	12.2944
10.8145	10.2845
11.3574	10.2424
10.4571	10.9507
9.77494	11.0132
9.85818	11.1858
14.7957	10.943
10.6348	10.657
11.3642	9.52803
13.2179	10.6823
9.70575	9.41746
8.98661	10.6633
13.1041	12.981
10.6247	10.3714
10.4659	11.1339
11.2091	11.7725
12.039	10.1789
10.1088	11.6733
11.532	12.3996
9.99643	9.6197
11.6111	9.64918
10.5787	10.7286
11.1957	9.60588
9.87003	10.6488
10.7627	10.646
11.4294	9.16941
11.8368	10.2964
11.03	9.79859
10.0299	11.1321
10.6629	9.83446
11.3164	11.2168
10.417	9.77256
12.6599	10.2433
11.6794	9.38562
11.3875	10.6584
10.8056	9.94252
11.1464	11.0068
10.2858	11.6428
9.87587	10.7452
13.4648	11.5535
11.7636	11.2836
9.49276	10.5637
11.2386	10.7785
10.2335	11.4202
9.85526	11.4057
11.6548	11.0679
9.34447	12.0826
9.7238	10.6975
10.8157	11.6631
12.1289	12.2967
10.9039	11.7422
11.1029	11.0363
10.8746	9.08026
11.0113	11.3012
11.0893	10.4648
9.56574	12.024
9.00311	10.1958
10.9444	9.87493
9.82124	9.4268
10.0368	9.74417
10.6107	12.3698
10.1134	11.7771
10.5152	10.8949
12.4355	11.9194
9.62566	11.5902
10.9501	10.0442
11.4095	11.4559
9.79728	10.7908
12.2949	9.99607
11.5306	13.074
11.3337	10.5287
9.64206	12.9203
11.0794	10.066
11.4197	14.3282
9.1854	12.6563
10.9288	10.896
9.29162	10.4979
10.8152	11.443
10.003	11.0976
12.1846	12.6506
10.1702	11.5566
10.5295	9.53418
8.82681	11.7158
10.5873	9.57291
9.82039	10.3156
10.6838	10.0927
8.94721	10.187
9.9945	9.0083
12.8842	9.82318
11.9467	11.9046
11.157	10.1942
9.64624	12.18
12.9012	11.6345
10.066	10.59
11.1651	11.6437
10.5965	12.0073
10.524	9.38985
10.1082	10.7423
11.8971	11.8317
11.5833	11.8118
11.8015	9.43706
13.2808	13.1319
11.0239	11.6545
11.5114	11.738
11.6509	10.4203
10.6048	12.6394
12.361	9.4229
11.9925	10.0368
12.5231	11.1107
11.2314	11.3076
10.9314	9.38422
11.3001	11.3328
10.3768	11.5759
9.78263	13.6197
9.49248	11.5856
11.6833	10.7259
10.2456	10.7842
10.5569	11.2866
13.5821	11.1128
10.1706	9.77585
11.1927	9.90669
11.3805	10.186
10.3594	9.04203
9.6236	11.073
11.1704	10.3977
12.666	12.655
12.76	11.2352
11.0449	9.92975
11.6129	11.6164
11.8267	9.58194
9.84903	12.4242
9.27992	9.3818
12.3317	9.30745
12.4029	12.5442
12.362	12.4838
11.1771	12.4986
11.536	9.2801
12.4586	8.3439
12.1346	11.116
12.8689	12.5065
9.7401	10.7584
10.6661	12.5593
8.95688	10.4838
11.9634	9.99593
10.156	11.412
9.18439	12.3318
11.7435	10.9111
10.0591	10.7437
9.36106	13.1584
9.627	9.93465
11.4255	11.0959
11.7599	10.8014
11.6224	10.1646
11.8102	10.0403
13.7217	11.5501
12.3304	10.0805
9.66674	11.7675
9.63031	12.6004
10.6923	10.0435
10.7497	10.7619
11.9632	10.1495
9.81843	10.7119
10.345	11.6946
8.87561	12.6049
12.664	10.1735
10.6583	10.8184
9.97516	11.8021
11.1363	9.60406
10.5609	10.5695
12.563	10.2463
12.1798	10.0753
11.8019	9.27933
11.0003	9.79608
9.29498	10.4717
9.9144	11.2269
11.6396	11.1574
12.7185	11.0403
12.02	10.3262
12.354	12.6023
12.4062	10.3104
11.1446	12.6734
12.2154	7.10131
9.87056	8.83849
11.51	11.523
11.8145	10.5063
9.92904	10.0339
10.8986	10.7968
11.0466	13.2998
11.6547	10.5276
10.7347	12.0423
11.4803	9.79588
11.6065	10.9461
11.6702	9.83882
11.6146	12.0457
11.0203	11.2848
12.251	9.62781
11.0687	11.2609
10.922	10.288
10.5937	10.7453
10.1409	10.2666
10.4702	12.8723
9.99479	10.3662
12.0739	10.8874
12.5055	11.5897
11.481	12.0041
11.5402	10.3191
11.9807	12.2296
8.90831	11.6043
10.2508	9.62899
11.7311	11.5086
10.5579	11.4739
10.4686	11.9209
10.7216	9.98463
9.90857	10.2671
9.9459	9.97342
11.8145	10.2392
10.7774	9.80403
9.20638	11.1458
11.779	10.9749
11.2568	10.3514
13.0164	8.44197
10.9578	11.066
11.6137	9.57023
11.0142	10.666
12.7529	11.7674
9.34298	11.805
11.3989	11.6161
11.529	9.75513
11.0467	11.5057
9.63526	11.1984
10.5416	9.23819
9.80248	9.93562
11.5033	9.89763
9.60409	11.9025
10.6304	9.20617
10.4853	10.8685
12.0919	11.8636
10.4092	9.71737
11.3287	11.4785
13.2298	10.0518
9.60278	13.9507
11.0278	10.9279
11.4257	11.1364
10.5251	10.1782
11.0379	10.7045
11.592	10.996
11.8507	11.136
11.7063	10.0378
11.0867	10.3697
11.1055	9.47344
10.2539	11.6436
9.50649	9.43767
10.3414	13.3115
10.3703	10.2006
10.1963	10.7928
11.0925	10.3654
11.6748	9.39878
13.541	11.0661
12.3725	10.7423
10.3063	11.9486
9.61677	10.3076
10.8612	9.99709
10.139	10.8606
10.0107	10.7235
13.9051	11.0598
11.176	10.053
9.57122	11.2191
12.679	13.5538
11.2659	10.8942
11.3966	9.82695
11.4741	11.4874
10.5313	9.24897
9.74171	9.23981
9.76904	10.7149
12.8495	11.0936
11.4829	10.0313
11.196	11.3855
11.7783	10.013
11.3237	11.659
11.552	12.0324
12.0575	11.8746
9.60504	10.9432
10.2876	13.0169
9.64888	12.8677
10.0042	9.94233
11.1002	11.2522
11.5149	10.9022
11.6979	10.2242
10.3557	9.71778
12.0493	12.5352
10.5949	9.85048
11.0871	10.609
10.3296	9.3391
12.7233	10.8762
10.596	9.17832
11.3801	9.90832
9.06615	9.94779
11.5861	9.56461
11.2505	10.1496
10.741	12.3199
14.7602	5.80171
10.4482	10.2544
10.3692	10.4406
13.6396	9.94859
10.4895	9.64106
12.0179	10.4124
11.5792	9.92358
11.9734	9.0137
11.909	11.6106
9.06487	12.3867
10.281	11.08
11.9772	10.6497
9.33243	12.1564
11.8719	10.1696
11.1545	10.3672
10.2881	9.60148
10.3489	10.082
11.1459	9.91051
13.2118	11.8953
10.4667	10.6655
10.2634	11.93
11.0075	8.91052
12.1594	11.3027
12.0227	11.5426
11.659	11.594
9.55984	9.78541
10.7824	10.2481
10.3002	10.3895
9.59405	10.1092
10.3034	11.9781
9.7443	10.8652
12.2278	10.5705
10.4597	13.2852
9.85658	10.374
11.3927	9.28135
9.27463	12.3751
10.4602	10.868
9.86144	12.0985
9.33245	10.7629
11.3327	10.558
10.6225	11.1749
12.2409	11.8955
10.9034	12.4121
10.1736	12.2928
11.4477	10.0169
9.39117	13.459
10.5237	9.74794
11.6852	9.87222
11.2777	11.0885
11.8071	11.6056
11.8031	10.8433
9.22628	12.3826
10.2956	10.7507
11.5902	12.9418
9.01469	11.5174
12.2624	11.368
9.95028	12.2818
12.6764	12.5054
9.04491	10.3924
9.87002	10.6236
13.7908	7.32232
9.35689	10.0131
9.63599	11.8162
11.0897	11.5706
11.9024	9.73476
11.2088	9.82264
11.0713	10.4529
11.7341	11.6836
10.6936	9.01195
10.4544	9.52698
9.12002	13.1368
11.9928	11.2219
11.5887	12.8469
10.4174	10.1786
11.8349	10.5304
9.67598	10.4234
11.9748	9.17784
11.4809	10.9744
10.3438	12.287
11.3013	11.3632
10.1083	9.40361
11.6524	11.1555
10.06	11.0393
11.0331	11.1374
9.83922	12.0672
12.1306	11.8067
11.4592	11.9942
13.2456	10.8583
11.1633	9.42466
9.1717	11.6011
11.1687	9.82398
10.308	10.9069
11.3461	12.0735
9.68308	10.4148
11.6456	10.6228
9.04313	12.2384
9.97107	10.8371
9.24284	11.1461
11.1699	11.1281
11.5524	9.40584
11.301	11.1836
11.3761	11.2813
11.0877	11.3483
12.5171	10.2745
10.0808	10.7919
12.192	12.603
10.4903	9.3515
9.18921	10.004
10.0341	8.97257
9.90251	11.8888
9.4123	11.9094
10.588	11.0483
9.58347	12.7048
13.5852	11.0332
9.3996	11.6006
11.5143	10.7645
11.4154	10.2946
9.60923	9.34663
13.6661	14.9537
11.7545	11.728
11.8442	11.6024
10.233	10.9103
10.9733	11.206
9.00956	12.9018
11.748	9.98986
11.9512	10.7615
9.96778	9.62826
10.2052	9.27558
9.28252	11.4266
11.7578	9.96344
10.8812	11.6182
11.7734	11.0399
10.1593	10.9716
12.242	9.77069
9.28913	8.87587
10.2029	11.1501
10.1965	9.92657
10.6819	9.03947
11.3581	10.0681
9.7239	12.9704
11.9708	10.6981
11.5395	12.0588
11.1571	10.4302
10.7119	10.7549
12.4523	10.1808
11.5024	10.6145
9.78928	12.2928
10.6502	10.7823
11.4057	11.0101
10.6979	9.48181
11.8083	10.4031
11.1569	11.5483
9.88653	9.49536
12.0418	11.0443
12.1115	11.2645
12.433	9.88835
10.8403	9.98178
10.1977	11.6904
9.9639	9.94663
10.2767	9.16707
10.903	12.944
9.17905	11.7659
11.2182	11.5734
12.3499	11.8733
11.5833	10.0351
10.0082	12.485
9.06961	9.42776
11.5407	11.7392
12.1011	9.9362
11.157	11.2772
10.1215	9.93242
10.6937	10.9342
10.6882	9.30042
8.8845	10.4971
9.32656	10.1799
10.895	11.2394
12.1464	11.2098
12.0746	12.4244
10.2372	12.7862
11.8004	9.49606
11.2003	10.3949
10.5243	9.9258
11.0275	10.3181
10.4364	10.9782
13.254	11.0724
9.58135	10.4181
10.5832	12.4753
11.7395	11.1359
11.6155	9.47743
11.4631	10.6435
10.0905	11.5803
10.5252	11.8552
13.0941	11.6117
9.57281	12.2241
13.6924	11.3009
11.2673	10.0846
10.439	9.19628
11.0889	11.2246
11.3339	13.3587
13.168	8.93361
10.0578	10.175
11.6151	11.9015
12.6164	9.5382
9.58394	12.3637
10.6421	9.93884
11.3256	11.3683
11.6515	11.0926
9.63476	10.0654
12.7557	12.7181
11.6465	11.3305
11.6646	9.68567
10.7029	10.5039
10.9685	10.1729
11.2592	9.93952
9.64919	11.9019
12.1418	9.12096
11.8269	11.6282
10.6113	9.16635
11.5072	13.0883
10.4847	10.2748
10.6522	11.1582
9.80448	10.8437
12.0626	9.86507
11.2942	12.2692
11.5734	11.4824
12.8193	12.208
10.6229	12.4347
11.4623	10.7312
11.8247	11.3909
11.3027	9.94103
10.1871	10.6686
12.1962	8.50649
10.0201	11.2963
11.4262	10.0064
13.4931	9.58056
12.6701	11.1928
11.1229	9.09459
12.2739	11.504
10.1666	9.40394
11.4534	9.16942
11.1102	11.3824
10.2041	10.2641
10.3486	11.2194
11.9682	10.851
11.29	13.2557
12.8858	9.00403
9.97514	9.26484
10.4781	9.95868
11.3802	10.0526
9.86182	10.803
10.3825	10.9348
10.7529	13.7213
11.7902	9.29411
11.2566	9.72912
9.54077	9.075
10.4287	10.9764
10.0277	9.61662
11.5689	9.68233
10.7403	9.46928
9.48126	12.002
11.9458	9.49838
12.5404	11.0907
10.9772	9.26951
9.85191	10.809
11.0143	10.2424
10.0764	10.5402
10.0859	9.62072
10.6946	11.238
11.4247	11.8399
10.2454	12.0065
10.8759	10.1491
11.1469	9.66948
10.0944	11.9861
9.39887	12.0123
10.9939	9.19958
11.7888	10.4561
10.8941	9.51073
10.9255	10.3175
10.1052	10.2994
10.1361	10.4476
9.49295	11.4754
11.759	9.48063
11.4654	11.3396
10.0612	10.6771
9.27867	10.7675
10.5272	10.1797
10.18	12.4301
11.6238	9.16283
12.3542	11.5876
13.4234	10.0952
12.4902	11.2168
11.5468	12.4805
12.2112	10.7288
11.1468	11.3838
9.95339	9.62887
10.3498	9.70961
10.9492	11.6361
11.5578	9.96918
11.3153	11.5035
11.6852	10.1602
12.9402	11.4159
11.4255	11.0455
11.4598	10.0769
11.4193	8.81446
9.25713	11.3391
12.124	9.96233
11.944	10.4274
9.7144	10.7152
10.7215	10.9959
12.8002	10.2376
10.9186	9.89199
10.9284	10.25
10.7391	10.7183
11.6684	10.8598
9.63278	11.0085
11.3238	9.75849
9.67214	11.3148
10.6879	10.5262
10.5822	11.3745
10.1669	11.6414
10.0025	11.1978
8.8872	10.2325
10.8694	10.8064
10.9118	12.0688
11.6672	11.7353
10.6952	13.0744
11.3738	12.6058
12.0388	12.2197
12.331	11.4166
9.59955	10.5431
10.6047	11.1103
11.9896	11.6889
11.8869	10.9669
9.65159	11.6134
10.9704	13.6314
11.5751	10.603
10.7072	9.31017
9.71792	12.7244
11.5864	12.1326
10.2604	10.5373
10.1687	11.7152
12.0182	11.1418
12.4386	10.5796
10.966	9.77941
11.454	9.24276
11.5345	8.97174
11.1853	11.3358
9.93717	11.9407
10.3415	10.8654
11.4662	10.8369
11.0404	12.0908
14.3936	11.1572
11.3148	9.67789
10.9363	11.2076
12.9605	9.07965
11.785	11.1906
10.8853	12.7477
9.91447	11.1238
10.6836	11.8342
11.3309	11.3563
11.8754	9.49689
10.8677	10.735
11.6654	10.6617
12.6839	11.3584
11.9595	9.41617
10.7321	10.1704
11.0825	11.4134
9.87436	11.7896
9.61282	9.58004
10.1536	10.6658
9.58984	11.5942
9.77267	10.5934
9.26799	11.3934
12.1683	12.3357
10.4863	11.5311
10.4424	12.3587
9.5122	11.8157
10.3004	12.2536
13.8849	11.0513
9.20654	10.8665
9.20671	11.9755
10.9032	10.2372
10.7143	11.0887
10.5126	10.2775
9.63078	10.9384
11.7323	11.4844
10.9298	10.343
10.5241	10.8071
10.9274	11.3368
11.1264	9.70601
10.4664	11.8672
12.2754	9.3997
10.6631	12.221
10.8303	12.0648
9.64656	11.0503
10.3978	11.838
9.33719	13.4651
9.23417	9.51338
9.49226	13.1736
12.3191	8.35464
10.2341	11.2029
9.18969	10.0925
10.2283	9.96839
11.8077	10.9781
12.0484	10.2001
13.0625	10.7049
9.25606	9.735
11.5278	11.5634
10.231	10.9172
11.057	10.5569
9.03245	11.7629
10.2346	12.1025
10.0109	10.2111
11.4828	13.0563
11.5044	10.9766
13.169	8.85615
11.6238	10.9005
11.425	11.7178
11.302	11.0346
10.7005	9.90443
11.583	10.754
9.16181	10.8968
11.1111	11.8537
11.63	13.3573
11.4666	9.87002
10.9912	10.4338
10.7947	11.6727
9.4663	10.1694
10.7135	10.4855
10.4377	9.07041
9.52104	12.2747
12.8227	10.8312
13.6074	9.59899
10.313	10.0577
8.92465	9.99394
11.5659	12.3646
12.5801	7.78376
9.80944	10.5662
10.8825	9.91116
9.94612	10.5225
8.7668	11.665
9.65036	11.1262
12.5937	10.8766
11.5675	12.4258
11.3225	11.2669
10.6512	11.0376
11.5621	9.37854
12.954	10.198
9.4044	10.5485
11.3464	11.1151
10.0264	10.5929
9.99672	9.72249
9.38895	9.65625
11.1023	10.9225
10.5478	10.9046
10.0843	10.0916
12.0104	10.7986
11.5084	9.98538
9.06934	9.32813
12.628	11.7393
11.1723	12.1373
9.30817	10.6717
11.3963	11.2
12.2618	11.7848
9.89899	10.6709
11.8621	11.1167
10.6864	10.5364
10.9482	9.09872
9.10298	10.115
11.1004	11.791
10.4668	11.5049
9.72115	10.3851
9.33468	11.4466
10.3016	10.704
10.0988	11.3936
9.49127	10.8398
12.3244	10.0707
12.4606	10.4921
11.8296	10.1983
12.3465	11.5307
10.7434	11.2191
11.7483	10.056
11.2579	13.4504
12.3655	9.08219
10.3997	9.04857
10.9251	10.1428
11.8701	9.5285
10.4479	11.852
11.8766	11.0441
10.3577	12.7292
12.1711	10.2522
10.5893	10.9003
10.4429	10.6632
13.6649	8.59461
10.476	10.3673
10.7945	11.3828
10.7096	10.9981
12.6585	10.2828
13.4402	8.79816
13.1943	10.8544
11.0233	11.5158
9.77073	10.7988
12.278	9.16422
8.74084	11.7776
11.2502	10.0065
10.8737	12.7559
10.2877	13.3222
10.7915	10.4907
12.389	8.70493
10.6011	12.2457
11.2605	9.6374
12.1743	12.7919
10.8992	13.317
12.5316	12.437
12.147	10.9065
10.9699	11.2607
12.5304	12.4971
12.53	11.7113
9.72869	10.7465
12.3752	9.78111
10.9181	10.7166
11.851	10.2536
12.5812	12.6807
9.29255	10.7519
11.6137	10.975
10.2097	11.1034
12.1904	10.3319
11.5925	11.1494
11.3788	9.87519
11.3469	11.3455
11.0091	12.3921
13.4417	8.4095
11.6535	10.2073
9.5148	10.7051
10.1882	10.904
9.18167	11.6154
11.5253	9.77917
10.3315	10.9593
10.3593	10.2085
10.6327	12.1974
10.7797	11.6341
11.5362	11.5216
8.88071	9.86529
11.5312	12.9965
12.8563	8.9249
12.8557	9.31958
11.0508	9.33726
9.93585	12.74
11.8091	12.5143
12.432	9.19752
12.0237	10.6358
11.522	10.862
11.6718	9.54423
9.47078	11.7861
11.2095	8.9766
10.6159	11.6446
8.96407	11.7001
11.6861	10.7998
12.2459	12.8527
13.1818	10.0168
10.666	12.2713
11.2241	12.5235
10.648	13.3359
10.2792	12.093
11.5061	10.9887
9.59434	10.1706
12.0242	10.3367
10.6751	11.265
10.6203	12.1485
12.019	10.9343
11.8622	11.2861
9.40886	10.5847
12.7185	9.93212
13.3431	10.2669
12.2049	10.8747
9.63835	10.0491
9.8138	11.7315
9.30027	9.57415
11.58	11.52
11.8874	10.0891
9.6741	9.34594
11.4454	11.9595
12.9928	10.0411
12.6219	11.0594
10.4847	11.6838
11.478	9.19458
11.3359	10.3218
12.6616	11.0201
10.3461	11.1284
9.33462	13.1208
10.0291	10.0503
13.0692	10.4021
10.2535	9.74643
9.69809	11.2157
10.7763	12.1319
11.7938	10.6743
10.0785	12.5609
8.80672	10.6477
11.2534	10.0991
10.9159	10.3985
9.84763	11.2392
11.0547	11.5783
11.7593	11.4001
11.2615	10.7141
12.2195	11.5254
11.4416	12.0676
10.1986	9.37012
9.97261	12.1568
11.0137	12.3013
12.7262	10.1941
10.665	9.69528
12.9516	9.62107
9.13102	11.3652
9.94832	9.37007
12.3524	12.3645
9.90991	11.9366
12.0456	12.4678
10.69	10.2195
11.1362	10.3565
9.66712	12.5613
10.8205	12.5707
12.541	12.3258
9.87448	10.6984
11.605	11.4023
11.8297	11.7677
9.29926	9.0513
10.8994	12.3197
12.2553	11.3645
13.1789	11.0414
9.6697	11.9813
12.3243	12.2559
11.934	11.0052
9.70872	9.42778
10.3881	11.3673
10.5535	10.8082
11.6239	11.1602
11.7529	9.93308
12.3134	12.1515
11.5014	9.11382
11.9136	9.53172
11.302	13.1473
11.748	11.0469
13.3126	10.45
11.1605	11.5784
9.43436	9.05327
11.307	10.8584
10.7751	10.7138
9.82181	12.5018
11.3746	9.77626
12.7157	12.5317
10.0013	10.281
11.2154	11.4567
12.9635	10.5878
11.9021	13.7405
11.0573	10.1927
10.6741	13.3244
11.1322	10.797
12.1992	10.8486
9.31384	9.36661
9.04084	12.2833
11.5585	12.7463
11.5966	11.7964
11.6463	10.785
11.6567	10.4864
9.61689	12.5802
9.78951	9.23782
12.6285	-6.08347
11.1531	11.6009
11.8355	11.4361
10.2088	9.28671
10.8568	9.49087
11.4792	11.338
10.3794	13.6022
11.9652	9.58162
12.0803	9.44313
10.3588	11.5843
12.0306	11.7811
12.8942	11.0972
9.79552	10.5525
12.7634	10.5298
10.2025	11.2539
11.1178	10.6647
12.2147	10.5282
9.84693	10.5729
12.0869	11.6054
11.4222	14.1825
9.50234	11.5112
11.0234	11.2399
9.90125	10.9325
11.4193	10.2069
10.0557	11.1412
10.2469	11.3785
9.31906	13.4854
11.7947	11.3167
13.5185	10.5036
9.99196	12.3425
11.2005	9.88118
10.0735	10.3611
10.6567	10.0628
10.1936	13.2284
10.314	11.5708
11.8467	10.3965
10.2779	11.7425
10.1528	11.597
10.4354	10.9928
10.9544	11.3296
10.9471	11.2858
10.7447	10.8962
11.6917	12.1214
11.0681	11.4379
9.90747	11.8414
9.45239	11.5528
11.9865	12.2907
10.5267	10.8032
9.67792	9.99293
11.4894	11.6252
9.97899	11.0442
10.6345	13.192
10.4521	10.8692
9.91805	12.4623
9.43101	11.5787
9.79431	10.7456
10.6086	9.9365
11.114	9.94825
10.7142	10.226
11.7466	12.7823
9.17558	10.8532
9.46923	11.703
9.72344	10.39
9.04359	10.2997
10.3424	11.4092
11.4948	10.1534
10.2047	13.1747
10.1298	11.531
11.6544	9.09687
10.6477	11.5529
10.4839	9.317
11.0893	10.2942
8.96874	10.4119
8.99559	9.875
12.1786	11.3535
11.6506	9.38917
11.1388	10.8156
14.2136	9.22008
12.0295	9.88622
10.2375	11.947
9.44178	11.8669
10.2309	11.342
11.79	10.1773
11.6084	11.3911
11.0687	11.9574
11.9515	11.9018
11.2317	11.2237
9.40697	11.0521
11.1907	10.1462
10.9505	11.8967
10.1014	11.8578
12.1111	10.9496
10.2945	10.3657
12.907	9.29261
11.585	11.8629
9.72615	11.4377
11.5355	10.5719
11.2815	10.889
8.80379	9.25408
11.0063	11.0758
11.0816	11.5233
11.3709	11.4027
12.4921	11.4783
13.2458	12.7771
11.8479	11.9836
12.0642	10.3006
11.515	11.2062
11.575	11.5555
11.7532	10.288
12.1601	10.6356
9.83	11.8772
10.1978	11.4863
12.5092	11.2706
11.6836	12.3429
10.9575	11.4228
10.5057	10.0961
11.0631	9.81301
11.0089	9.91374
9.52776	12.118
10.5279	10.6803
9.87074	11.0148
11.2363	10.9085
11.1978	12.2725
11.8065	9.95505
11.0665	12.815
9.79212	12.6058
10.6531	11.9875
10.7313	11.66
9.78414	9.60522
11.3082	9.05665
11.1539	10.7741
10.8484	11.2435
11.8351	10.6028
11.3245	11.5339
10.5407	11.9558
11.8607	10.6751
11.6419	10.3698
9.44752	10.8034
11.5382	11.4581
11.9116	9.47443
12.1255	11.3794
11.8821	9.57921
10.5623	11.7148
9.80084	11.0931
10.9988	9.6618
11.8262	12.1303
11.2721	10.5788
9.00668	10.3825
11.5963	10.444
11.7292	13.1516
10.4185	11.6523
10.8131	10.2712
14.0824	10.5192
10.7853	9.5502
13.3539	9.96631
12.1418	9.79467
11.3778	9.12233
11.6168	8.89595
8.89843	11.0403
10.1306	9.26802
9.21274	10.5136
11.4688	10.1997
10.3094	10.7755
10.3096	10.2167
10.5919	11.3916
9.15511	10.0766
11.2909	12.1556
11.2383	9.71752
12.3218	11.6088
11.7568	9.46906
10.7231	9.44263
9.84855	11.399
11.1487	10.0332
11.4819	9.62258
9.95142	10.9926
12.9754	11.7102
12.0477	9.44272
10.298	12.2991
9.92497	10.7335
11.4813	9.70258
9.70623	9.49792
10.0463	10.0224
11.4757	11.1657
11.2421	10.5699
10.407	11.278
10.5335	11.5958
13.269	10.1211
9.00799	9.28736
12.0451	10.7985
11.2011	12.7875
9.54339	10.0048
12.4228	11.4271
12.0336	11.9551
11.6058	11.1489
11.4976	10.8168
11.196	10.099
12.009	10.4661
9.86737	10.6498
10.9678	10.9349
9.58926	9.348
11.2386	11.9293
12.508	12.249
10.058	10.7922
12.4866	10.413
11.2122	10.5273
11.5338	11.3208
9.00127	10.084
11.3923	11.6436
10.9817	9.72496
11.9273	9.88224
10.935	9.31115
11.8983	11.0662
9.73976	10.2484
11.7646	12.4564
9.9926	9.81538
12.2735	9.54416
10.5678	12.3998
13.1896	9.97009
10.5663	10.623
9.56536	8.9864
11.1037	10.2207
12.3701	11.0715
10.4483	9.95221
11.4479	11.2902
10.5981	10.288
11.8312	10.5578
11.7934	10.2613
12.322	10.5438
12.5447	9.81228
12.8168	8.72987
9.73143	11.8166
11.792	9.28884
12.3053	8.92324
11.3917	9.10393
12.7601	9.34807
9.87027	11.434
10.6002	11.7924
12.2301	9.83132
9.73325	12.3359
11.4728	12.7219
13.2624	8.04379
9.96274	9.58066
9.92284	9.15786
9.88579	12.4459
9.40889	11.1916
9.52292	10.3268
9.3701	10.1944
12.0119	8.73571
10.0149	10.846
10.3293	11.0744
11.4388	10.0915
10.295	11.2166
12.3919	12.1653
11.4735	9.81884
10.6214	11.1735
10.0701	9.90421
10.894	9.85248
11.839	10.7439
10.4851	9.85052
11.6276	12.5675
13.0808	10.8299
11.7347	12.3861
9.60859	10.9672
11.9088	11.3973
9.19813	11.8026
11.7819	9.71753
11.4603	14.8631
12.4409	9.07219
12.5118	11.4915
13.3824	11.3474
10.3413	9.39833
10.7955	11.939
9.59265	10.0811
10.6656	11.8761
11.1362	9.16874
12.0798	8.00602
11.2759	10.7568
9.43194	11.6698
9.7405	11.1537
9.52862	10.902
10.7303	9.65427
9.47198	10.7452
10.663	9.55265
11.5122	11.1366
12.8844	9.09654
11.8783	10.7881
11.8807	10.3655
12.9822	10.2456
10.3374	11.8436
10.001	10.2541
11.3774	9.32086
9.40816	9.06928
10.679	10.6283
11.1437	9.13403
10.2065	12.4498
9.63091	10.5536
11.5219	11.8682
10.0672	10.536
12.1308	9.57622
9.82777	10.1444
9.79849	10.2182
13.0173	11.6991
13.1331	11.4842
10.8905	9.40079
8.99643	11.5841
12.2464	10.4572
11.008	11.954
10.951	11.1024
11.1635	10.1906
9.62057	9.12592
9.24402	10.1289
10.0282	10.9066
11.876	11.1394
10.1234	11.7445
11.5875	12.2596
10.6237	10.804
11.494	9.79641
10.9764	11.4326
9.30836	10.9496
11.5961	11.6489
11.9368	10.7455
10.5334	10.3122
12.7132	9.47426
10.7482	9.29809
11.2359	9.47694
11.7602	11.9511
12.3764	-5.45886
10.3646	10.4584
11.1357	12.1051
11.1523	11.8823
12.8178	10.3272
11.3221	9.67411
10.8396	11.1485
10.5795	12.9757
10.1178	9.29138
10.368	11.3883
12.1761	10.337
10.0799	10.6791
11.7943	11.6154
10.7756	12.5575
10.1912	10.2788
10.0757	10.4378
9.96653	11.194
9.35667	10.6839
11.4822	13.6944
9.385	10.6264
11.7114	13.3139
10.0369	14.2712
11.7949	12.3741
9.47249	9.59617
11.3951	12.5149
11.6504	11.6881
9.65563	10.3716
9.41953	10.5544
12.5397	11.5497
10.2399	11.6247
10.3659	11.1447
10.4082	10.686
11.0927	12.8897
12.6501	11.311
11.0084	9.10936
14.4236	13.9827
10.794	10.6682
10.1926	11.5478
11.1661	11.8067
11.3191	11.8878
10.1522	9.94019
10.5215	10.5186
10.433	10.2048
10.9984	9.86983
11.4329	11.7566
9.91268	10.8354
10.4906	9.29894
9.50832	13.0618
14.8352	10.7829
9.86222	9.23441
12.8485	4.34104
10.3146	11.7543
11.5153	9.59401
9.14816	10.7938
12.3115	10.5544
11.9777	10.7811
10.8311	9.55504
9.90496	8.98176
11.4938	11.6666
11.5341	11.9497
10.3605	10.7233
12.2623	11.042
11.7811	11.4526
10.6489	9.30706
11.1853	10.5752
11.7513	11.5241
10.2146	10.1415
10.7086	11.5401
9.91615	10.5741
10.6626	11.3005
10.4287	13.5581
9.52165	11.0932
11.8191	10.7689
11.4919	10.8418
9.20433	9.0987
10.6918	10.9605
9.14936	11.1013
9.62702	9.83268
12.2216	10.2538
11.5015	10.1909
12.5438	11.4077
8.8936	9.21953
11.2376	10.8135
10.6236	9.94731
10.5463	11.4631
12.6269	10.4323
12.3769	13.9405
11.0104	12.2998
11.0687	13.0284
11.8825	10.2877
12.7065	10.6797
11.8356	9.71361
11.6503	12.099
9.08406	12.3491
10.4346	10.1453
9.31873	12.1353
12.188	12.7193
10.9481	9.80624
11.5855	13.7708
9.45504	10.4555
9.7633	10.3616
11.762	9.68699
10.8793	11.4235
9.66539	11.6715
10.4424	12.1533
10.4482	10.0502
11.3085	10.4729
9.55996	10.287
10.0516	10.8868
10.307	11.4431
13.1196	10.5828
10.3485	10.4777
11.0304	11.0812
11.1646	12.806
13.617	10.9805
13.5092	10.2472
11.1561	12.0366
9.19405	10.3105
14.1544	11.5578
11.5815	10.6721
11.3272	11.8658
9.1292	11.839
10.9214	10.9983
11.602	9.55262
9.58555	9.78462
9.92763	11.6854
10.5591	11.7477
11.5071	11.26
10.8518	11.306
11.46	9.73836
11.4194	11.9924
10.9274	11.2466
9.51242	10.2703
10.0285	9.89074
11.9225	11.0353
10.6379	11.995
10.8337	10.4219
10.1663	9.67015
9.29179	11.6555
10.2555	9.84457
11.5293	10.9374
10.8265	9.2822
13.4697	9.27522
10.292	9.99348
11.7653	10.8062
11.5877	10.3552
10.6097	10.0875
12.1501	10.0407
11.7278	10.9652
11.975	12.2943
9.81045	10.9308
10.8089	10.7157
10.3955	11.19
12.9137	9.34091
11.2869	10.0102
11.2202	10.8788
11.6104	10.8262
9.13845	10.5647
11.3041	10.5902
11.2182	9.88034
10.8317	10.0451
9.87518	11.4066
10.013	10.7672
10.3649	12.6546
12.3295	11.8494
11.4596	11.766
10.7971	9.19782
10.5113	11.4655
11.6203	10.4195
9.8251	10.9299
11.6908	9.75777
9.54568	11.4897
9.29485	12.4744
12.0706	11.2942
10.0743	11.5534
11.2583	11.1897
9.73614	11.6177
10.4736	11.5784
12.3131	11.1827
11.3991	11.7299
10.8239	11.6868
11.8879	11.4572
10.6372	11.8318
10.9664	9.57937
11.3121	11.1652
10.6016	11.1143
11.9055	11.5265
10.1885	9.87345
11.4843	10.1083
12.2827	12.004
12.9407	10.2503
11.3352	10.2698
11.4914	9.12871
9.79132	9.87703
11.5298	10.6091
10.0103	9.55931
11.5424	9.19003
11.8211	13.6661
10.0859	9.81995
12.9952	11.6811
10.4398	11.579
12.1716	10.2923
9.88993	9.26753
9.94514	11.4597
11.068	11.2946
13.0931	10.7588
11.5105	10.1671
12.1165	11.91
8.95022	10.3976
11.5155	11.6773
14.649	11.1043
12.4061	10.3282
11.1631	9.39771
9.05122	12.6668
12.7675	11.1611
9.88923	11.1604
11.6888	11.2981
10.533	11.2817
11.6603	11.8422
10.5243	10.732
10.5859	13.9967
11.0324	9.73646
8.90204	10.3428
13.3844	11.3907
11.2348	11.1104
11.2416	10.0596
11.5854	11.9885
10.4985	9.87322
10.2546	11.6688
10.2865	11.3129
13.1133	9.61235
9.31837	12.257
10.646	13.5678
11.2404	12.3398
12.0919	12.8465
9.45376	10.8994
10.4735	11.0682
10.0189	13.102
12.2495	13.928
10.3704	9.32162
9.28397	11.9243
10.1942	11.7696
12.7894	10.7969
11.5636	10.1879
10.8988	10.499
8.82118	9.9263
9.66899	10.6503
11.1302	11.0978
11.3344	10.4309
10.175	11.6528
12.2274	12.4619
12.0986	9.30624
10.8758	11.3132
9.67125	10.7653
10.1491	11.1152
10.7986	11.3511
9.9935	11.5954
10.1504	9.79238
10.038	11.8456
12.5033	9.32917
10.7481	11.5178
10.7888	10.0422
9.84112	9.88503
12.6886	12.8153
11.3532	10.4805
11.7643	9.94732
11.0279	10.1328
10.8144	11.0037
10.5402	11.0287
9.45764	9.60454
10.2152	10.4631
11.8618	9.73959
10.3449	12.3352
11.8556	9.32212
11.1285	9.21332
11.1813	11.6971
11.9495	10.5412
11.0307	9.22765
12.2083	10.5457
10.5853	9.98596
13.6447	11.3049
9.18093	10.6343
10.2965	10.4467
10.8933	11.5165
11.3491	11.558
10.604	10.1331
9.81783	11.5786
13.0625	12.4434
12.5497	10.4526
11.3331	11.3403
10.6119	11.0798
11.6938	10.9936
10.3647	10.3443
9.01881	9.6131
11.3945	10.5611
10.6482	11.5021
9.24459	11.3024
10.3103	13.032
12.7868	8.15517
10.2464	10.8562
10.9202	11.2088
11.7007	10.128
11.3607	10.1031
11.2625	10.9707
11.5738	9.80018
10.3973	10.229
11.6019	11.2313
9.92008	10.2104
12.8204	10.4747
10.8243	11.5182
9.4645	9.35013
10.8773	11.2411
10.0671	10.8195
10.9027	11.5152
10.3846	11.8924
11.4161	12.6365
10.387	10.672
10.7273	11.2682
10.7583	9.22047
10.0045	9.49377
10.0322	12.3977
13.8815	11.2845
11.3575	9.77019
9.18138	11.3611
13.4072	10.4441
11.963	13.2273
9.66289	10.3268
11.8548	12.0646
9.13319	10.0671
10.6897	11.9611
10.9007	11.5591
10.9746	11.2431
10.6722	9.67242
13.9022	8.67879
11.6047	12.1363
12.1581	10.5329
11.48	10.0999
11.4959	11.0221
9.899	9.30725
11.9049	11.7934
10.773	10.8251
11.2761	8.9092
10.1106	10.7598
10.4597	11.5463
10.6389	11.4383
12.3658	10.8094
10.7435	11.6766
10.5214	13.0821
10.1469	10.8346
12.023	11.2067
9.69832	10.4702
11.7856	9.8709
11.8213	11.6823
10.381	10.3532
10.8886	10.8868
10.5839	11.0193
12.7663	9.96109
14.8767	7.94758
12.5519	9.64688
11.1994	11.3755
10.3218	11.3428
12.9234	10.3133
10.0391	11.3882
10.5951	12.6618
9.78874	12.4471
10.2055	10.0894
10.8173	9.76628
11.3217	11.3201
12.1561	11.1499
11.0105	10.9102
9.76591	10.792
10.8861	9.73925
11.7978	10.7394
9.72619	11.7471
11.2102	11.6092
10.8033	11.2802
11.8187	12.0533
11.9078	11.0798
10.2942	9.64884
11.7567	9.741
9.84707	11.0484
11.4935	11.8146
9.13508	10.5304
10.8342	9.4526
10.5245	8.93248
12.167	14.1622
12.5787	11.4945
10.7558	11.3651
11.7469	10.4582
12.0329	9.25384
11.0095	10.832
12.2076	11.0911
10.0698	11.3395
10.2703	10.334
10.2255	9.86233
11.8937	13.4163
13.0527	12.0283
12.2601	12.7923
12.1918	12.2206
11.5597	10.5836
10.6698	11.8462
12.9005	10.8908
11.1746	11.7626
11.8002	11.9132
11.2651	11.1387
11.8308	9.46201
9.45966	10.9313
10.1018	10.9171
11.0771	10.9332
9.39821	10.5216
11.9486	10.8227
10.0499	9.76181
9.65243	13.5386
11.807	10.4212
9.10431	10.6866
10.7144	9.26752
12.0228	11.5968
10.53	10.3263
12.5929	12.7838
12.3282	10.3417
9.17318	11.4499
11.6275	10.2802
12.627	12.0728
10.1218	12.0503
12.4055	12.4318
9.63586	11.6538
11.773	12.4919
11.6655	10.9984
9.92051	10.5064
11.3663	10.2256
10.3133	11.2218
11.2418	11.4791
12.4356	9.15787
10.7478	10.9721
12.2543	12.5835
10.9833	11.9745
10.0512	9.55664
12.3247	10.3121
11.8895	11.2582
11.9582	10.9504
11.7595	10.1474
11.0167	9.39123
11.5675	11.5397
11.4164	10.6317
12.08	11.8616
11.4826	10.2441
9.16146	11.7259
9.35166	8.97658
10.6831	11.6711
9.89952	11.8477
10.418	9.69725
12.9718	10.1287
11.7225	10.1825
9.96884	9.94454
9.9294	11.2445
8.94362	10.6692
11.9307	10.5215
11.3075	11.7057
9.63555	9.09992
12.2254	9.45492
11.5273	10.2016
11.1687	12.0003
10.7672	11.4446
10.2934	10.1632
13.0181	10.2449
11.5178	11.8069
10.1999	10.3673
11.1137	10.7343
9.41811	11.4566
9.04537	11.4776
9.36247	9.6022
9.31884	10.0002
11.1898	9.98101
9.07524	10.5251
12.1974	9.04485
10.7344	11.8063
12.2499	11.868
10.8119	11.9106
12.2208	9.07472
10.0496	13.6321
12.6893	11.56
9.8364	11.6149
10.1244	10.259
11.5531	9.6328
10.8419	11.3847
12.6084	10.2612
11.1071	12.0552
10.4449	9.21188
10.1864	12.7082
11.5982	11.2235
9.30488	9.45758
10.6346	10.783
11.608	9.97889
11.5179	9.42328
13.6423	9.56121
11.7183	11.7471
10.4834	10.8516
9.76529	11.3265
11.3957	11.5301
11.2222	11.7727
10.1437	11.7515
9.89375	10.8559
12.7841	12.3736
9.46708	11.3082
10.1945	11.4363
13.6554	11.2787
10.172	11.319
11.1662	9.60921
8.87821	10.4907
9.175	9.1215
9.84334	9.39016
13.0762	10.0677
11.837	10.3908
11.8305	11.47
12.9334	10.7199
9.84652	11.5459
9.51625	8.99998
12.1562	11.7559
11.7361	11.2933
10.621	11.105
9.01274	10.5366
9.22092	9.04135
9.96831	12.1547
13.1942	10.3974
11.824	10.2464
11.178	10.9754
11.1446	9.34941
11.4665	10.718
10.5633	11.1319
9.07957	10.5346
9.97439	12.1388
10.8646	10.456
10.568	11.3443
10.2558	10.3934
11.7624	11.5523
11.2825	11.3975
10.0574	10.8438
11.5109	12.1449
9.749	11.8262
10.1714	9.4774
10.1755	11.5168
11.208	10.6574
11.392	9.86672
10.3618	9.94311
12.1337	10.1663
11.729	11.5206
11.4794	10.5598
8.81049	12.19
10.6712	12.8866
10.9424	11.3393
11.7809	11.2653
9.02872	8.90064
11.6294	10.8837
12.9588	10.2702
12.589	10.4749
10.3291	9.8762
11.5182	9.30501
11.487	11.658
9.11002	12.0304
9.63066	9.6407
10.0512	9.35462
11.6327	10.9038
9.13996	9.75827
9.92949	9.80124
10.0645	11.3195
11.866	9.8881
10.3714	10.1431
11.3105	10.6107
11.5154	10.4568
10.6426	11.847
9.17442	9.72198
9.54826	12.1128
9.5204	11.547
9.22835	8.94202
12.4294	11.2207
10.9088	10.2677
10.0657	11.052
12.0687	11.213
11.2578	10.3607
9.66911	10.317
9.28999	10.888
11.6411	9.74748
9.89421	11.53
11.3518	10.8127
11.0608	12.7696
11.1298	10.1755
11.4253	10.8588
10.6312	11.8808
10.1413	10.7625
12.8247	9.50387
9.15746	9.23115
12.7597	11.6186
9.71807	11.595
12.0557	11.2792
10.2787	9.76509
9.51923	12.1524
13.1179	11.319
10.6989	10.8722
10.1965	12.5908
10.4978	12.6462
11.6516	12.2058
9.51106	11.5702
11.6137	10.91
11.3518	9.62249
11.0735	8.95986
11.3221	10.9538
11.6912	11.9806
11.5264	9.91588
10.6272	11.3031
11.8037	9.9478
13.4187	10.2155
12.2077	10.201
12.6384	12.7612
11.4972	9.33564
10.6833	9.26498
9.57871	11.2708
10.8799	11.3174
9.654	9.31474
12.3607	10.5913
11.3433	12.3805
11.5028	11.3601
10.1232	10.8036
11.1434	9.68972
10.6504	11.9029
13.8109	11.7358
10.8075	9.30908
10.2249	11.4045
11.8647	10.9386
12.5368	10.117
10.9661	12.239
11.7072	12.7782
12.3249	10.6498
9.64805	10.2279
11.8207	11.2772
10.8416	11.5991
10.6157	10.1324
10.1292	9.3318
12.1831	10.1092
10.5224	11.6582
11.8661	9.67359
11.5819	11.1192
12.3979	10.1511
10.4439	11.3368
11.1695	11.391
11.7237	13.1896
11.7414	10.0196
10.1228	9.73548
10.8094	11.168
10.8378	9.04448
10.7688	12.438
9.34609	10.2033
10.8763	9.48171
10.3165	9.08972
11.4444	10.4563
12.113	10.8117
10.1377	11.0036
11.8951	10.7742
11.6269	11.6742
8.94134	10.6875
10.2378	10.5146
10.7836	12.3479
10.5795	10.4719
11.5529	10.476
11.6089	10.2492
9.55564	11.7797
12.3095	10.7121
9.74804	12.2621
11.7186	10.7694
11.4814	9.21167
10.7319	11.1412
9.54258	10.311
10.1647	10.9009
11.1044	11.2821
9.821	9.63067
9.35082	11.047
12.2604	10.9179
10.6968	11.9471
11.977	8.87079
12.2753	10.3271
11.8775	8.82147
10.1246	11.4175
10.3864	12.2499
9.6854	11.0968
10.5452	8.95866
10.8156	11.0375
9.77908	10.8603
10.438	10.227
10.091	9.34583
10.7539	12.1291
9.69736	11.7311
10.5102	12.1903
11.0488	10.2424
13.6219	11.762
10.8352	13.7204
12.0398	10.5762
10.1896	11.3137
11.9037	11.0129
9.38062	11.3615
12.667	9.84529
11.1403	10.5821
11.4296	9.00536
11.3768	11.1091
14.0395	9.56344
10.4084	11.2063
12.7247	10.9239
9.10895	9.44885
10.62	11.1557
13.245	10.7835
12.1069	9.97861
10.5284	11.1819
9.80905	12.1123
10.7894	12.0494
11.5648	10.0798
12.4609	11.6924
10.586	9.07101
12.4796	11.6884
11.9689	11.1329
11.3903	9.84894
10.2275	9.68157
9.62497	11.7796
12.4639	12.2498
9.28105	11.7086
11.505	11.8262
9.24459	10.1024
11.3536	9.72694
9.71646	12.1351
10.6909	9.65979
11.6574	10.2357
12.6384	9.26388
13.0174	9.97645
9.42785	10.9431
9.61127	9.97144
10.5063	11.9956
13.9097	8.21457
9.64761	10.8443
11.2887	9.70396
11.104	11.479
10.7954	11.4027
12.099	10.6177
12.9982	11.5849
11.0425	9.20027
9.4224	10.845
11.2434	11.1461
11.2945	11.3703
11.4274	10.9256
10.6292	10.1311
12.3438	9.93664
9.98888	9.37436
10.504	11.2231
12.2706	9.86749
10.421	11.8843
11.2853	10.7263
10.2489	10.7555
12.264	9.70149
10.9755	9.83737
12.3503	9.96132
10.1235	10.4649
10.7309	11.3679
9.21234	10.2331
12.0226	10.2584
9.83216	12.0112
10.2522	10.0337
10.5872	10.6993
11.1116	13.0026
11.2018	13.0797
9.96832	10.9137
11.1898	11.0043
11.5476	10.0557
11.9338	10.5213
11.5612	12.6169
11.4768	10.8752
12.5193	9.6476
12.07	10.2459
11.0268	9.37935
10.6036	10.4384
11.5586	13.5836
11.9705	10.9435
10.9648	11.516
11.7883	11.6393
11.6732	11.0599
14.3845	9.70465
10.8372	10.8926
13.5758	11.3553
10.2143	10.756
10.3235	10.8763
10.6701	12.6199
11.1858	12.2773
10.8728	11.305
11.8822	11.5005
9.49106	11.1856
10.9721	12.0486
9.58597	12.0337
9.09822	10.3141
9.68556	12.0487
11.339	9.14565
9.45366	10.8036
9.18018	11.373
10.9774	11.6806
10.54	13.7287
11.9401	11.6751
10.6968	11.9599
11.7341	10.4044
10.9967	11.1702
10.6926	11.4805
9.73765	10.9732
9.94087	9.25855
9.10308	9.09946
9.19326	10.4858
9.36989	10.1484
9.67709	11.6326
13.2713	10.7755
10.1399	9.35371
10.1222	10.0849
10.035	11.0067
9.36318	9.6101
10.6938	9.34004
11.5582	9.11582
10.4022	11.5159
11.9257	10.2249
10.5346	10.1709
9.24251	12.9001
11.6751	10.2494
8.95803	12.0942
10.0599	11.9322
11.7469	12.3953
10.5033	11.651
9.98646	10.0681
9.64245	10.1601
9.50498	10.6693
11.1133	11.028
10.8712	11.9455
9.65545	11.8425
10.944	11.834
11.2612	9.5749
13.5141	12.7457
11.9656	11.1692
11.9486	9.0872
10.5098	11.5849
10.3952	8.81703
11.618	11.4075
10.9365	10.6177
12.5238	10.7523
9.74038	8.94416
10.7449	10.378
11.8229	9.95134
11.1654	12.3689
10.387	10.9833
10.4502	11.8431
10.6457	9.04512
12.7344	11.3811
10.7317	9.99807
12.3449	8.73039
10.8812	13.5564
12.2723	10.374
11.665	12.2945
11.4464	10.3192
11.6732	11.8369
11.071	10.1402
11.6164	9.9002
11.4028	10.3404
9.96229	10.7765
9.56804	10.5521
11.8384	10.9036
11.5274	12.0501
9.73598	8.90644
12.3253	13.0113
9.96759	9.95725
11.0309	10.4292
9.46294	13.8546
12.2274	9.76016
11.1853	9.70456
10.1357	11.6244
10.907	12.1721
9.8965	10.9395
12.3069	12.1737
10.126	10.3872
11.5475	10.6378
10.541	11.2316
12.252	10.0009
10.6706	10.4807
11.1981	11.7714
9.79283	9.35112
11.8178	9.80939
10.4228	11.4687
12.9461	11.019
9.27109	9.35367
9.84491	9.39411
13.553	9.66728
10.412	11.8174
11.4579	12.2173
13.2061	12.3286
11.4694	10.8434
10.3228	10.4647
12.008	9.54994
9.88185	11.4728
10.7802	10.4165
10.4786	11.5464
9.0095	9.75003
11.1709	10.6306
12.304	11.7022
12.1946	13.1272
14.9174	7.21962
9.51869	13.3009
12.0059	12.4777
11.3884	9.57817
11.4566	10.3806
9.52669	11.3327
12.2516	10.9155
10.1133	11.8789
10.1495	9.74283
10.7091	12.3129
10.6599	11.9991
9.61383	9.6558
11.6284	10.5659
12.0743	10.4958
9.58547	9.61435
9.62363	12.2119
11.7974	13.6566
12.7994	11.6887
12.4345	11.2265
10.9489	10.528
12.3068	12.6555
9.17405	12.021
9.55047	9.64048
13.0772	9.36451
11.2654	13.4739
12.3477	8.9263
12.0736	11.1671
11.2512	12.9307
9.09525	11.6872
12.1582	11.2818
9.28871	10.6768
10.8355	10.0889
9.36651	11.1242
11.228	10.4834
11.0291	9.60701
11.707	11.3465
9.03461	11.1055
11.9235	11.7802
11.8564	10.4704
9.11172	10.6448
12.1644	11.1447
10.1401	10.3499
12.0057	10.9914
9.60564	11.2113
11.8255	11.6071
11.3201	12.5423
10.5574	10.3057
10.8938	11.7563
10.2164	10.0987
11.6038	8.96026
9.20941	11.588
11.4521	11.3915
11.6354	11.3274
12.1192	9.18077
9.07664	10.4728
10.1029	10.1822
11.8043	11.6224
10.1012	11.6222
10.5207	9.4395
9.1866	11.2804
11.2777	9.23849
9.32803	9.81457
9.31399	9.75727
13.142	9.58092
10.0097	9.71966
11.3314	10.8174
11.1842	12.5519
11.6699	11.89
9.44442	10.1113
12.1326	9.66907
12.1347	8.8397
14.3165	11.9588
10.9975	10.8603
11.427	10.5063
9.59249	10.8362
10.9431	10.0775
10.985	10.7467
9.24224	10.9749
11.6982	14.4894
10.6625	10.2305
10.7606	9.77721
10.5844	10.4688
10.9769	9.49869
11.8055	9.54301
9.99256	11.5025
11.9305	11.6611
10.8334	11.4469
12.4879	10.9357
10.6657	10.4538
10.9843	11.6384
10.0046	9.87837
14.6026	11.0567
11.0567	9.48604
9.82451	11.5069
11.9754	9.76036
11.8304	12.0527
11.7213	11.6038
12.4115	8.73935
9.26687	9.34259
9.30414	11.1115
10.1659	11.1882
10.1502	9.85249
10.8338	11.7869
10.3657	11.8584
10.6833	10.4412
10.918	11.5257
11.2479	9.73866
9.74414	11.0583
11.023	12.3066
12.2324	11.6038
10.4474	9.02531
12.981	9.38988
11.8132	9.42185
10.7753	11.0215
10.4387	11.0214
9.11948	11.4664
10.9469	11.7221
10.9458	12.6078
9.83704	9.37592
11.7059	10.7808
9.53242	9.41576
10.5215	12.5267
9.99871	10.916
10.7971	10.4793
11.7432	10.1279
9.84458	11.7335
11.6366	10.2247
10.212	10.9895
10.1577	11.5347
11.9033	10.5409
10.3443	10.7996
10.7733	9.04535
11.6954	12.6231
11.3505	11.4007
10.3443	12.3723
9.99312	11.4892
11.4376	10.619
9.81964	10.9418
10.6734	11.3631
10.8577	11.7695
9.42256	9.73243
11.6109	12.15
11.7701	11.2569
8.83493	10.5538
10.6436	13.7096
11.4066	11.5528
12.4426	12.6859
10.9883	9.837
13.081	11.7778
11.5708	10.7873
10.6179	10.6405
9.64956	11.2476
9.77457	10.5206
13.1782	11.899
10.1786	11
9.29959	10.9855
9.44887	11.0809
11.5308	11.0948
9.60612	11.4327
10.8372	10.95
12.6009	7.779
9.92424	12.8643
12.1069	9.3666
11.0316	12.7253
11.7281	11.4344
13.2339	12.2693
9.32341	13.4966
10.5965	10.3593
11.1307	10.729
9.49497	9.7995
9.75757	10.2482
10.2205	11.8947
9.24693	10.6656
9.0128	9.64114
10.8518	9.53122
11.4913	12.311
11.4425	12.8614
11.3628	9.99883
10.3006	12.3941
11.0657	11.941
10.3615	9.09205
10.0294	10.4995
11.7386	10.2291
11.8028	11.4857
11.5584	9.74305
11.2267	10.6803
10.2501	10.9109
8.83881	9.20705
10.5606	11.9575
9.94219	10.076
12.9925	11.8359
11.3514	11.0057
9.54623	10.8525
11.1394	9.0112
12.3784	9.69332
12.1123	9.61592
10.7323	11.9035
10.2863	9.83166
12.0883	9.22582
9.62893	9.11411
9.51571	9.54684
10.8206	10.0092
10.6708	9.28686
10.741	13.7485
11.5565	11.8736
10.6108	10.756
10.7409	12.6671
10.24	11.587
10.5876	12.5543
11.0221	11.6918
11.2853	9.49119
11.7117	11.8845
10.3862	9.75037
12.2265	8.95998
9.99011	11.6685
11.7368	11.9204
13.0459	9.70236
9.76354	9.66777
10.8762	10.9883
10.4686	11.4103
12.2118	10.1927
11.7154	13.0784
10.1136	11.3772
13.6241	10.8301
10.38	13.0799
10.2765	9.71011
11.3003	9.42936
12.5307	12.9314
12.4061	11.1385
11.5327	11.1742
11.7466	10.9954
9.98206	9.59806
9.76451	13.2919
13.2499	11.2754
11.6083	10.5967
10.7301	11.3228
11.0013	9.54086
10.0359	11.1941
11.3951	11.2436
11.7313	10.3148
11.6378	12.6793
10.7916	10.5887
12.5278	9.1627
12.7321	9.50435
12.041	9.04056
11.8884	10.5324
9.91499	10.3766
9.82099	10.2945
12.2715	9.63513
10.6272	10.0345
12.1567	11.671
9.00561	11.7289
11.7924	11.6376
10.9599	9.49114
9.39408	12.2275
12.4483	13.2386
13.1094	11.5128
11.7091	11.6738
11.9988	9.59887
9.8702	12.716
11.8675	11.8446
11.45	9.90609
10.1	10.2851
12.5103	10.2738
9.17445	8.94095
11.0454	10.321
11.1386	8.88106
12.6927	9.72873
8.90919	11.9115
10.1051	12.4307
9.96634	12.6872
12.3033	11.363
9.03171	10.903
10.4868	9.98202
11.2855	10.7648
11.4898	10.7707
10.681	11.2692
12.0449	9.77076
11.6308	10.6062
9.96916	13.2048
12.9918	10.2006
9.89981	10.9491
12.3366	8.93854
9.54176	9.62589
10.933	11.8956
11.9032	13.0174
12.1136	10.2491
13.1768	9.27143
12.5479	10.6196
14.0306	10.8274
9.62551	11.6122
10.2953	12.0859
10.8109	10.0491
10.744	10.5455
10.0049	12.918
10.6776	11.6982
9.27087	11.8334
11.5206	11.0094
10.5976	13.2428
10.3265	11.1452
11.6283	11.3515
9.63829	9.28174
9.64217	10.5449
10.6567	10.9398
10.5479	10.7332
10.2202	11.8524
10.2347	9.01921
9.42219	9.96938
10.3472	11.501
10.2244	10.4823
9.73312	9.9889
10.3078	11.6261
13.9665	10.7227
11.1383	11.6959
11.9118	10.3234
12.8641	12.4577
10.5356	10.6515
12.8196	11.0312
11.3095	10.4902
10.9198	11.2397
11.0678	10.0737
12.4287	13.3564
9.32266	9.07133
10.8526	12.9054
12.3964	8.88327
10.6379	10.6272
11.1316	11.3399
10.9002	10.2006
11.4837	10.902
10.9369	11.5742
11.5602	10.2482
11.3737	12.1059
9.99911	10.8148
10.2753	10.9455
12.0636	9.26444
11.7186	9.49306
11.9291	11.0384
11.9835	9.35577
11.9586	11.3435
9.84858	10.8858
11.0133	11.309
11.2647	10.05
9.8363	9.33349
10.5154	11.4948
10.0984	10.8916
11.1808	10.237
9.09167	10.0775
11.0365	11.757
11.6045	9.86759
10.1369	10.8165
9.50947	12.1701
11.0814	9.64179
10.6407	11.1025
9.68502	11.2835
12.1727	10.1526
10.5101	13.1983
11.6149	11.9267
12.0535	10.8378
11.5953	9.75306
11.1516	9.36729
10.0585	11.2558
10.2114	9.97258
10.2494	10.116
10.2709	13.1059
10.6895	12.0013
11.3993	13.0091
10.0849	13.0621
10.7556	13.3059
9.94115	10.4161
12.0605	10.7088
11.1512	11.8884
9.62452	10.459
10.4029	9.8528
11.3801	12.2714
10.2973	9.83237
11.9008	12.0312
11.0338	9.84665
9.69956	11.4918
9.37698	10.0369
9.72861	9.17059
10.8089	10.5634
12.1027	11.1518
9.18295	11.2102
9.7683	11.7469
11.8892	11.1844
10.9611	10.2101
11.1415	11.5456
9.44264	13.7058
12.0251	10.56
9.97787	8.92773
12.7816	10.9105
9.95706	11.657
10.5939	11.1465
11.5008	11.4532
9.52668	11.8218
10.5365	11.3766
11.8407	11.2678
11.4565	11.0467
12.3822	8.63916
10.1178	11.0272
9.16108	12.7696
10.3363	10.5544
11.8132	11.746
10.2251	10.1496
10.3839	8.89076
11.7534	9.7806
9.58616	10.7007
9.43926	12.5304
8.97592	12.9647
8.96731	10.6108
13.0428	12.6115
8.85019	12.3957
11.3348	11.3923
11.3741	12.5478
11.8312	10.3322
10.9596	11.0004
11.4576	9.23405
10.2078	11.2035
11.8164	10.2259
10.7737	12.3992
11.9977	9.15339
9.08678	10.8005
9.70642	11.9274
14.1748	0.971869
11.818	11.1715
10.6313	9.98282
10.0234	9.2882
13.3563	11.7002
12.3698	8.95753
11.9602	10.7612
11.3662	10.5609
10.4322	9.67531
10.7969	10.3215
10.2793	11.357
8.86981	10.7876
11.7877	13.646
11.4718	9.95799
10.4218	11.017
11.2457	11.9172
9.90835	12.7176
9.50194	12.2855
12.15	11.7633
10.3177	9.25455
10.9492	9.0751
10.0038	9.52568
9.63453	11.2113
9.89612	11.1897
11.7757	9.51467
9.84253	9.75813
10.4764	11.8173
10.4696	14.4749
11.7105	10.7095
11.7005	12.3748
9.84714	11.1949
11.1956	11.7852
11.0265	11.8394
10.8255	12.2004
11.5553	11.0458
10.445	10.704
11.7815	9.96571
10.744	12.189
11.2017	9.16569
9.50554	11.0149
11.2029	10.4163
11.9663	9.57041
10.011	11.9682
11.2585	10.525
11.1595	14.0566
12.8153	10.7223
10.8605	9.75027
14.6096	10.0899
10.03	11.8595
12.5522	9.66185
9.26733	12.6282
12.0668	11.0613
9.29578	9.21616
10.8294	11.3272
11.7114	10.5802
10.0345	11.6681
11.379	10.3276
11.1869	11.1406
9.93148	11.8995
9.8561	9.37631
11.3675	9.69051
12.3239	9.08877
14.1083	13.812
9.87215	11.3418
10.8802	9.58267
11.4756	10.122
11.2748	9.00729
11.2678	9.89896
10.8156	10.7724
13.1416	10.5826
11.1117	11.8145
9.28438	10.2171
9.10414	10.9023
10.4181	12.2699
10.7796	10.7892
11.5139	10.413
9.28215	11.8645
11.3171	10.7158
10.4852	11.1429
11.8208	11.6571
11.4152	8.89801
10.7357	13.6951
10.4186	12.3137
12.3249	9.77738
10.2606	8.9039
13.4131	10.4452
10.4001	10.6218
12.0211	11.4274
11.111	11.529
9.27314	9.63615
11.1819	11.9238
10.3823	11.9344
11.51	9.321
13.5332	12.9481
10.0033	10.9732
11.4133	11.4966
9.60293	10.0615
10.6699	9.59462
11.5907	11.1607
11.1681	10.855
11.0292	9.66008
9.41754	11.6097
10.6468	9.84394
10.794	11.3088
12.7448	10.8701
10.6754	10.1356
10.7576	12.1268
9.59342	11.0104
10.6346	9.30195
10.5035	12.111
12.6705	9.85668
11.6832	11.4584
9.76572	10.8444
13.6622	10.4031
12.4898	11.0933
10.1145	10.3161
10.1005	11.3979
10.3888	12.5185
9.64489	12.6444
9.50603	10.4091
9.34865	11.0124
9.26663	9.85131
12.0696	11.5161
10.0329	12.2315
10.2894	11.4036
9.31144	9.24678
11.3099	10.3461
10.0258	11.838
9.73404	11.9891
10.4692	10.4849
8.91419	11.8209
10.6264	10.4193
11.9058	11.2985
9.85447	11.7677
11.8959	11.0217
11.7988	9.05734
11.3615	10.4325
9.71268	11.004
12.442	8.03929
11.2805	9.24096
10.5189	11.617
9.33297	10.4605
12.4376	9.53063
9.98494	11.4907
12.6836	12.5946
10.9791	9.83635
11.1144	11.4057
12.7229	9.60017
11.9833	10.03
14.0861	10.188
11.4228	12.1015
11.3424	9.28002
11.3422	13.051
10.7306	10.3198
12.3807	10.6976
11.3504	12.8775
10.7029	12.9315
10.6724	11.4852
11.9681	10.5055
10.867	11.8931
10.5927	10.8024
11.9091	10.3103
10.139	9.52736
11.0815	10.5246
9.29205	10.3696
9.37463	9.56487
10.8352	10.5853
9.94333	11.0285
9.53502	10.029
12.0767	10.5993
12.1211	12.9208
11.3147	11.1606
13.2874	12.523
10.9547	12.4737
12.8855	12.0287
9.00402	13.4947
13.1829	9.45556
10.9748	10.6098
11.1517	9.38484
9.71672	11.637
12.7144	11.102
11.2204	10.7268
10.8694	9.48012
9.97818	13.1499
10.9926	9.28221
8.99599	10.7267
9.24514	11.1604
9.37091	10.2083
12.5566	10.3829
9.60003	12.683
11.8664	11.1999
11.3363	11.6924
10.2138	12.6409
11.4885	11.9573
10.2821	11.0605
10.7846	12.3675
10.1855	11.8194
11.159	11.1851
10.3366	11.5243
12.2075	12.363
9.98307	11.8049
12.3391	12.9746
10.4617	11.3922
10.5335	11.7039
12.7954	10.8433
8.98604	11.1835
10.4335	9.4989
10.3782	10.8114
12.2274	10.4203
11.2191	13.1312
9.78372	9.35578
10.9494	9.95534
10.7038	10.3555
10.8914	11.9169
10.4095	10.891
10.4252	11.1358
11.8291	11.276
11.8044	11.4164
12.2797	10.0029
10.9449	11.6691
9.93319	10.3966
10.4284	10.9667
10.0958	9.9206
9.78376	8.96975
12.0523	9.42357
11.9159	9.65305
9.52933	11.4647
9.45361	10.9229
9.50342	11.8072
10.8524	10.042
11.5993	10.5095
12.2834	10.8327
9.51996	10.2531
11.0968	10.2829
11.8023	9.9827
12.3497	11.6165
10.5879	8.94314
11.9601	9.25257
10.6407	11.4702
12.0865	11.2078
11.2578	10.8764
10.6368	12.6043
9.14224	11.1597
10.2589	10.2936
10.5618	11.262
11.9357	10.9827
9.47817	12.7388
9.61666	11.0695
11.4704	10.7131
10.0424	9.93909
10.377	9.23236
11.678	9.44227
10.9137	10.2119
10.9177	10.7175
9.89439	10.768
9.79041	11.1097
11.226	11.8018
10.4793	10.8225
10.1259	9.61057
10.7004	11.0545
9.86138	10.3678
10.6749	12.0668
10.1622	12.1777
11.598	9.99385
9.47639	11.0057
8.81811	11.575
11.4889	11.6761
11.9199	10.2923
11.4474	11.1927
10.6501	11.1964
9.26973	10.9017
11.7227	11.1622
14.2466	8.21573
11.7432	11.4423
11.4349	11.3398
10.0082	12.1095
12.0466	11.7647
10.9759	12.4343
9.8829	10.8664
11.2088	10.6132
8.67665	9.56971
10.7383	9.831
12.9845	11.7126
10.7144	10.402
12.9455	12.6387
9.37642	10.3384
9.90886	10.8655
9.93334	11.7889
12.1322	13.1858
13.686	11.8724
8.77375	10.7279
10.7046	11.4349
10.7836	9.98073
10.9216	9.9364
12.0321	14.0753
11.5762	9.98227
10.8451	10.433
9.87996	11.4016
11.5845	11.284
9.92235	8.97349
11.5046	9.95389
10.698	9.34618
9.96613	10.1122
12.2157	12.9463
9.69038	12.3061
12.2433	11.7271
11.2903	10.3897
9.6791	9.62212
11.7931	11.952
10.1543	13.6186
10.0408	10.0407
11.068	10.7448
11.7526	9.20429
12.0412	10.6852
10.788	11.9176
11.3748	11.2719
12.6921	11.1861
10.901	10.4566
11.5487	11.5966
11.6143	11.0702
11.6393	12.6352
10.5783	13.5142
10.1469	12.7013
10.4115	11.6035
9.52925	10.9145
11.1252	10.8036
12.3196	10.3182
9.65363	9.0759
10.3555	9.23288
10.8407	10.4892
12.6277	10.6896
12.2269	12.034
9.43665	9.46485
11.6032	10.8551
9.28819	11.3511
10.381	11.0892
10.2015	10.3567
9.95343	11.3013
11.4141	9.89604
13.073	10.9404
11.3078	10.766
11.1551	10.8172
10.6204	11.7466
10.218	10.6807
9.65631	9.69361
10.9233	10.9027
10.4409	10.6268
12.2839	13.0388
11.266	10.1491
13.1192	9.98394
11.5104	10.0948
12.0485	9.77547
10.5921	10.2021
11.1375	11.9475
11.0524	11.0142
11.3408	10.8531
13.8013	8.31705
10.6029	9.47748
9.43942	9.69695
10.3896	9.19756
11.0476	12.8559
10.8664	9.61979
9.86115	11.2659
13.1227	10.3702
10.0221	10.3706
9.55064	9.24453
12.5798	9.62463
11.2906	12.5322
12.7659	9.46133
10.4126	12.5347
13.1808	8.81245
9.71665	10.0934
12.718	9.78466
10.293	12.4296
9.46848	10.8172
11.7303	11.8514
12.7952	10.4407
11.8525	10.1431
10.6734	12.2325
9.21784	11.1887
10.0597	11.0314
9.29864	9.15695
9.88284	11.3807
10.728	9.40656
13.2834	10.9787
12.1276	9.72663
11.3692	10.6453
12.1827	11.6985
10.2661	10.0652
10.0757	11.3329
11.0697	11.4757
10.7347	10.3328
10.7138	9.94418
12.413	9.15551
12.0225	11.1181
10.0668	11.5412
10.9649	11.967
9.89409	11.9036
10.582	9.02136
11.6036	11.9343
11.3809	10.3049
13.3115	10.688
12.2909	10.0324
11.7698	9.36308
14.9318	11.1776
10.4857	9.22047
12.3006	11.3569
10.1139	9.98843
11.6517	10.7262
10.2755	9.66697
12.4827	9.27004
11.1179	9.55561
11.341	9.05527
11.3491	10.2805
9.49598	11.5869
9.09752	9.83262
10.4547	11.352
10.2625	10.1143
9.08114	9.48107
11.3082	11.2053
11.7906	9.70451
11.8442	11.4326
11.6522	9.30599
10.4197	11.006
10.8508	12.1335
12.1526	12.6172
11.7065	11.3335
11.6366	12.6452
9.76874	11.4795
11.4165	10.8521
11.3511	12.0792
12.127	11.5711
13.1772	10.3516
12.1588	9.88861
11.5875	11.2666
11.6947	11.4638
12.1402	8.80368
11.6321	12.0203
11.963	11.1233
9.87521	9.52776
9.30113	11.9394
8.90192	10.8121
10.3109	11.5542
9.68157	10.9781
10.4159	14.1789
9.9861	11.104
10.8856	10.5374
10.8512	12.0735
12.2665	11.6549
9.81082	11.4115
9.41391	11.9249
11.0258	11.9757
10.829	11.1874
12.5135	9.54168
9.90378	11.7026
9.71219	11.5194
12.4062	11.3733
12.7635	11.256
10.7115	11.1007
11.7704	13.0716
10.5399	11.9904
10.3656	11.3258
9.48493	9.38952
12.2128	10.7706
11.8666	10.2652
12.0606	9.50826
11.1893	11.7648
9.57502	11.779
9.56852	9.72441
11.1024	13.421
10.826	9.50195
11.0178	12.3302
10.3641	11.1512
12.3611	7.72691
10.4964	10.4451
9.25696	10.8082
11.479	11.3157
11.5498	11.0538
9.99128	10.231
11.6686	12.6663
10.4373	11.7658
12.2115	10.0913
11.9908	10.1435
10.9248	10.9133
9.75901	13.3743
11.0877	9.58645
10.7982	9.24117
11.4578	11.1577
10.8358	10.7394
10.8034	12.3911
11.3055	10.3618
11.8883	11.5731
10.9863	12.0079
11.0295	9.88487
11.1777	10.6862
11.8329	9.48911
13.6832	7.15548
9.43526	12.1469
9.95234	11.6766
10.758	10.4482
11.9303	9.66672
10.739	12.0116
11.9751	11.1967
10.5843	11.8685
11.7767	10.1198
10.3992	9.07691
11.88	11.7319
10.8243	9.38617
11.2486	11.1033
10.452	11.4186
10.8509	11.4501
10.8887	11.8249
11.7247	11.0316
11.489	10.7082
10.8241	11.3681
10.6594	11.7086
11.8111	9.18429
11.4532	9.06589
10.7869	12.5186
10.7722	11.903
9.83587	12.2594
9.71834	11.2755
11.7501	10.968
11.1721	12.2776
10.7105	11.3117
10.0982	9.33325
10.6023	12.1387
11.6137	10.433
11.3005	9.92185
11.741	9.84684
13.2171	12.3501
9.32632	11.8316
11.574	8.77225
11.8598	10.3974
11.0132	10.1579
11.3426	11.6593
10.1381	9.06713
11.3877	10.1055
11.5757	12.6257
11.5825	10.9001
9.44853	10.7966
11.2986	10.1909
10.3619	10.6658
10.9431	10.0645
11.645	9.37458
11.1674	11.0168
10.367	11.8911
9.9671	12.8099
10.4424	11.7416
9.13387	9.90839
10.1527	9.93042
10.0483	11.1254
11.4081	9.60577
8.99934	10.9733
9.4685	9.96733
11.2081	10.293
9.51266	11.8113
11.3912	9.59733
11.4868	12.9185
11.2164	12.0448
10.2374	10.6139
12.0694	9.05212
10.9516	11.3847
12.0763	13.4122
11.0214	9.29062
10.3539	12.2364
11.1838	11.6432
11.8393	9.18717
11.7584	10.7417
11.7997	11.65
9.76881	10.1161
11.8833	11.6535
11.5682	10.9808
11.4433	9.2936
11.6083	9.81501
9.29638	9.34173
10.0581	10.619
9.72004	10.7513
10.0641	10.3811
9.43367	11.0386
9.9304	10.9736
11.2509	12.272
12.3399	9.36474
12.8197	9.50069
10.4305	11.1928
11.5046	9.25853
9.92574	13.2688
10.6223	10.2298
9.00618	9.41033
11.1955	12.8349
12.8737	10.6315
12.1068	9.97273
12.7763	11.3445
11.3353	12.2774
11.5967	10.175
9.32783	13.3337
9.05974	10.6987
10.4906	10.3855
12.3512	10.6971
13.3318	11.7987
10.5334	9.41208
10.8007	11.7841
10.2145	11.9946
11.5419	10.0194
9.74373	9.04722
10.5047	10.7734
11.5055	9.33877
10.0799	9.51878
10.8317	11.2968
10.7928	12.5595
13.5483	9.70751
9.92008	9.86395
13.0862	9.10171
12.0394	11.9555
12.0876	11.6157
9.10659	13.7177
10.692	12.7048
9.56621	12.4037
9.31842	11.528
10.6021	10.2793
11.4535	10.0421
11.5474	10.7912
10.4035	10.1312
11.1946	10.7395
13.3797	12.1034
11.6273	10.3808
9.85037	11.186
10.2078	12.2919
12.3561	9.3818
11.0715	9.60382
12.062	13.1152
11.7441	10.7304
9.23369	11.1862
9.57244	10.9703
10.6644	12.0954
13.1214	10.3292
10.3713	11.3235
10.2657	9.88041
10.8268	9.83512
10.355	9.91
10.9895	10.5935
10.7502	11.1204
12.4038	11.8102
11.4482	9.51022
11.3276	10.5842
13.4201	7.4212
10.2041	9.24988
10.1848	11.4039
11.2491	11.4473
11.3821	9.54073
10.4906	8.93395
11.2523	10.1701
9.99334	10.5153
10.8389	10.9498
13.2422	6.13239
11.9183	9.32249
10.1228	10.2545
10.441	11.6037
9.89854	11.0717
10.3663	11.6442
11.9902	10.6791
11.1586	10.1475
9.33547	10.028
11.2116	9.74514
10.5435	12.2543
9.69135	11.0499
13.5496	9.23052
11.615	9.23462
10.8861	10.867
13.2145	9.9944
12.127	11.2773
11.2662	9.60011
9.91241	11.2178
11.3799	11.095
10.7337	9.73103
9.76602	10.0714
10.0651	11.6292
11.5807	10.5813
12.1576	11.0808
9.38927	11.443
10.0931	12.9669
10.5669	9.76195
11.4604	11.8549
12.1079	11.1998
9.86388	13.827
11.1102	11.0608
11.4479	9.3321
11.4663	9.86568
10.2904	10.4191
9.64644	12.361
9.39408	10.0928
10.2922	11.0862
11.0321	10.0679
11.9951	12.3594
11.7455	10.1368
10.5993	9.93981
11.9766	11.0867
12.2388	8.98054
9.18013	11.4198
10.5041	11.8407
10.0709	11.0671
11.258	11.2313
9.26318	13.8382
9.51755	11.5833
10.4661	9.89261
10.4825	10.5853
12.3394	12.5889
11.8767	11.7708
12.3526	10.5717
10.951	11.1772
9.92691	11.0966
10.4095	11.7303
10.115	12.5973
11.5655	11.3459
9.09038	12.8947
11.9778	10.1435
10.7411	10.3413
14.179	9.62885
11.83	12.3627
11.1563	10.4838
9.12213	10.5696
11.1283	10.6784
11.0243	12.0662
9.70546	11.5162
9.90793	11.5479
11.1037	11.6158
11.1327	9.52804
11.0598	9.72936
9.33336	9.903
10.8735	10.6687
12.4545	10.9474
10.6398	10.9394
12.482	10.8728
10.1798	10.9331
12.9585	10.075
10.4317	10.692
11.7027	10.7016
10.5683	9.7077
11.4309	9.84771
11.1484	11.5701
12.2661	12.597
12.7598	10.8062
10.0618	9.99232
11.2736	10.3265
12.7361	11.6433
11.7622	10.7279
9.87128	9.8348
10.6098	9.5945
12.2279	9.15191
10.2745	11.7381
10.3629	13.4724
10.2618	12.138
11.6891	13.6557
12.7909	12.4084
10.1395	10.204
11.0229	11.9197
9.04261	10.4514
10.4195	9.70918
9.50614	9.70458
9.72171	12.644
12.1017	13.6044
11.6238	9.99927
9.64549	11.8596
11.1493	10.1509
12.3849	11.6304
10.115	12.1681
10.2107	9.36641
9.18814	11.2389
11.7227	10.3682
10.1844	11.3607
10.4119	12.2717
13.5304	14.9707
9.33954	10.5662
11.8497	12.1853
11.0983	9.37843
11.6119	9.68857
9.61863	9.36772
9.67906	12.9593
12.4032	10.9153
9.06618	11.8229
11.3158	10.8537
9.2076	9.79441
9.8548	11.0184
9.32663	9.73693
10.2085	13.3363
11.3033	10.4703
12.8162	11.7586
11.9424	11.2865
10.2188	10.8738
11.1778	10.283
10.079	10.2321
9.2454	12.2226
10.8554	11.4263
11.5786	11.0172
11.9767	10.6008
9.42534	12.7111
10.9722	12.2465
9.0867	12.6454
12.5755	10.0689
10.5529	10.6838
10.0614	12.3185
11.3749	10.0231
10.77	12.1064
9.7928	12.871
9.98333	10.5014
9.08793	13.1748
10.5521	12.3981
9.53483	9.93248
10.1131	11.1394
11.5666	11.3305
12.1533	9.99505
10.0263	12.6875
11.6102	12.6564
11.4017	10.0746
12.5778	10.3831
10.6394	13.0385
12.661	9.42824
9.62683	9.41871
11.2613	12.5048
9.63937	12.0088
10.6744	11.398
10.3202	10.6506
11.4491	10.9744
9.83806	9.59789
10.2307	10.1645
13.1188	11.06
10.8278	9.81801
10.5075	11.9341
8.928	11.9073
11.6837	12.9326
10.9398	11.562
10.8296	11.0013
10.337	10.5389
11.6175	10.5815
9.18613	9.62414
9.80105	10.3904
9.85196	10.7675
11.6569	11.0447
13.1738	10.1951
11.368	11.0398
10.3758	10.1569
10.1691	11.5797
11.6376	10.1254
10.1489	9.53511
11.9504	11.4307
11.0738	11.2223
9.17088	8.93898
9.09306	12.3077
10.7993	12.8372
10.9513	10.6933
11.5038	12.2205
13.1011	10.155
12.0922	8.87708
12.1374	10.115
9.77575	9.84198
9.26148	12.2176
10.1816	12.4686
12.2526	10.8677
11.0264	11.3973
11.0772	11.7619
9.14011	9.9399
11.9081	10.7249
11.9657	10.8257
12.0785	10.1772
10.4408	9.85446
9.7912	9.58756
9.3669	10.9593
13.5678	8.9432
11.5181	11.9259
11.3	11.1899
12.9426	11.8247
11.9258	9.6738
10.334	10.0939
10.9581	12.2982
10.4325	11.0193
10.384	12.276
11.4873	12.4857
10.0402	11.7697
11.9481	10.6082
11.2808	9.62175
9.79356	10.9339
12.3232	9.0613
11.6834	9.56609
10.9959	10.2122
10.364	9.64465
10.0784	11.6267
10.7648	11.0801
10.949	12.8538
10.9447	10.1309
11.77	10.374
12.3119	11.0461
14.6258	12.2658
10.6574	10.8319
9.21309	11.2393
11.8354	11.6374
9.49549	12.6084
12.2682	9.54464
9.83779	12.2533
12.8046	8.16163
12.2472	12.9904
9.56995	11.9841
9.89886	11.0547
10.7741	10.5045
10.0643	9.91727
9.55375	11.7465
11.7472	11.9005
9.78105	12.4382
10.8095	10.694
10.7826	11.1645
10.5743	9.27592
9.96698	10.5724
9.0421	11.3493
10.8828	11.7157
10.6116	11.8487
10.613	10.6988
10.4288	11.104
11.0862	11.7837
10.9711	10.1975
11.8563	10.6689
13.1464	9.04744
9.6818	11.2691
9.86687	10.2809
9.97957	11.8855
10.4629	12.1188
10.4087	10.0817
10.7416	11.1076
10.1841	12.671
11.092	10.6083
9.09023	11.0242
9.74488	13.717
10.5654	11.6007
11.0262	10.1134
10.6343	10.9692
8.84759	10.0363
9.54967	9.54577
12.4417	10.0626
11.1141	10.8961
12.0127	9.78912
11.8572	10.9061
12.6111	11.156
11.4879	9.75041
11.3062	11.2015
9.26462	8.8651
11.5016	11.8145
11.1296	10.6205
10.5393	10.6411
13.2199	10.2307
13.0187	10.9656
9.69076	11.9479
10.2411	11.6492
8.86988	12.8807
11.7389	9.57021
12.2564	11.0323
11.7146	9.99285
10.1179	9.6213
12.0028	11.9591
12.709	11.8437
10.3927	9.72847
9.86247	9.95808
12.1618	9.35778
9.87156	11.6134
9.80856	11.4928
10.3999	9.55521
12.0184	11.7522
13.6498	11.3574
11.5184	12.1922
9.61848	10.3928
11.7418	11.2016
10.0389	9.42361
9.23431	11.0534
10.2939	9.72382
11.5641	10.2443
11.526	10.0484
11.9442	13.4437
11.8091	10.0059
13.0396	4.3004
11.8089	11.0249
9.75744	10.8271
11.6219	11.7721
9.33606	9.3172
10.2616	9.7553
9.45193	12.9021
9.44436	10.1718
13.5194	11.7089
11.1767	11.9217
9.7463	11.2024
11.836	12.3108
11.6167	11.2924
8.90896	13.4669
9.41458	10.6413
10.8884	11.6844
10.0974	11.3377
12.209	12.2105
11.5025	9.26903
12.1794	12.335
10.9061	9.86874
11.9896	11.6191
9.61339	9.67915
11.143	11.6007
11.1639	13.9226
10.439	9.47472
9.4679	10.9372
12.1772	12.6696
11.9536	11.0009
10.4429	11.603
12.5432	11.6015
12.0887	8.95304
10.1132	10.7874
10.1045	12.373
12.6452	9.90192
11.438	11.5116
11.6885	9.39264
12.0525	11.705
11.5887	10.4673
10.9424	11.5426
9.24007	10.78
11.9085	10.2771
11.64	10.8623
10.9115	11.786
10.4977	11.3821
12.0522	10.8278
11.9965	9.65728
10.4221	10.7222
9.65792	12.9271
10.8226	12.3127
10.4097	9.33073
10.9173	9.18702
12.72	8.16235
11.1298	9.77048
10.5109	11.0708
11.0022	10.9257
10.6077	12.68
11.183	10.1493
11.8515	9.50586
10.0089	11.1241
13.3443	10.7628
12.0157	11.5507
11.0443	11.724
10.1826	13.6197
11.5373	10.7738
10.0608	12.0593
10.3545	11.8611
11.3688	9.72407
12.6177	12.0369
11.1292	11.3078
9.90641	10.6488
12.7566	11.617
11.7652	12.5209
9.28935	9.72332
12.069	11.1226
10.6935	11.6872
9.40516	11.4106
9.82966	12.1912
11.441	11.9104
11.1652	10.0819
9.40624	12.105
10.1843	11.8562
9.25316	12.6257
11.6453	11.4512
10.8427	11.6142
10.8143	9.28111
10.7125	11.3484
10.4516	12.8544
10.2747	13.6783
13.6227	12.156
12.0497	12.559
12.2809	10.4846
12.3618	12.5664
11.3679	8.97601
11.6696	9.78829
9.58786	9.64328
10.0452	10.6408
10.1474	9.97845
11.0936	9.6613
10.5494	9.92967
9.97727	10.4109
11.4506	11.1922
11.2601	11.3829
11.8464	9.70519
9.80239	11.9939
11.5845	10.4892
11.4524	12.1311
12.8868	10.4738
11.2505	12.1457
12.9779	10.9036
10.131	11.3807
11.9375	9.2204
11.7376	11.757
11.2533	8.95307
12.6655	10.1026
9.88489	9.50376
10.7772	12.0357
10.8378	12.6382
11.9481	11.7767
10.3204	10.8612
12.3548	13.7412
11.3541	10.2251
10.9674	11.3803
10.3272	9.49845
10.6365	12.0471
11.7009	11.7184
11.5989	11.1257
11.382	11.4744
14.4426	13.992
11.5869	12.0708
11.1385	8.94435
11.2364	10.4136
10.1087	9.91015
9.2443	9.5566
11.0831	11.9844
12.3614	12.4737
11.4974	9.06134
9.13477	10.0258
11.6363	9.25663
12.5414	10.6451
11.1796	8.82012
12.1346	10.9333
11.7256	10.3858
11.5204	11.0883
9.74768	9.46404
12.9534	9.86509
9.61484	12.5729
9.83541	13.2498
10.8718	9.11762
10.6669	9.96221
10.4896	9.00285
11.0215	13.3462
10.1374	9.26758
10.1165	10.2194
9.30304	12.1469
13.0028	9.54718
11.3452	10.4885
10.5897	11.955
10.0316	11.2049
11.4771	11.5743
9.96238	13.0186
9.16315	10.1082
12.347	12.563
12.1645	11.6396
11.549	11.2553
9.70181	9.76304
12.1596	12.3538
11.6191	11.0185
10.9002	11.7917
12.0625	12.5684
11.721	11.8316
10.3191	11.2539
10.1448	11.3416
11.9897	9.98166
11.6202	9.34474
11.5609	9.29407
11.6876	10.9302
9.79774	10.857
10.2817	10.5843
13.0972	10.6308
10.1705	12.1012
11.9873	11.132
10.5203	9.53332
13.7432	9.28482
9.01505	10.9829
11.6304	10.9672
11.047	11.6463
12.1178	10.8645
12.5291	10.6448
10.501	12.4176
12.1402	11.2955
9.85206	12.1351
9.36011	10.917
13.4406	8.9557
10.7557	10.0457
11.6475	9.2222
12.3973	11.2166
11.1417	11.0259
11.2706	10.7891
9.03105	10.7128
13.1229	10.5975
11.2142	11.183
11.041	11.6617
10.5713	10.9757
9.40841	10.144
9.69184	10.0312
12.0547	10.7699
9.45009	10.0995
11.8373	10.4145
11.5288	10.6014
10.2696	12.1429
10.1842	10.9059
10.2941	10.8422
11.1889	11.7578
8.98122	9.47437
10.4153	11.5273
11.9712	11.9753
8.89727	9.33895
11.492	10.6486
9.94797	9.82919
10.0528	9.61117
11.3266	11.5229
9.77803	11.2079
9.82524	10.7529
12.4471	11.8465
8.99447	12.7033
10.4649	11.2212
12.092	11.0363
10.6405	10.6972
10.4122	12.8978
11.4202	9.57576
12.1913	10.4167
10.0395	10.5361
10.8047	11.6871
13.495	10.5538
10.7798	9.25175
11.8176	9.91076
10.3747	10.9215
10.6072	11.0086
10.2925	11.5378
10.7875	11.7302
10.0933	9.83348
12.0243	10.3061
11.8236	12.2213
9.29843	10.6841
8.70649	11.6315
12.403	12.3178
12.2556	10.8472
12.1593	12.6673
9.63663	11.7119
11.2643	11.4683
9.03151	9.27802
11.9449	9.05729
13.9535	9.78951
11.4664	9.36434
12.7005	12.0051
10.4785	11.0269
10.085	11.8378
10.3993	9.20642
11.4885	11.9461
12.4707	11.292
12.773	11.2133
10.6106	10.4402
10.9297	10.8928
9.1874	10.3326
10.1997	8.93671
12.5185	7.92068
11.7786	10.5301
10.388	9.32331
10.8481	11.7211
9.90776	11.8394
9.65017	10.5778
11.0247	11.5831
10.1221	11.8284
9.05095	9.84969
11.5089	11.7053
11.5452	11.8085
9.81167	11.2864
11.8442	10.1775
11.8766	9.88651
10.9721	10.7
10.9636	10.2283
10.4255	10.9152
9.90031	11.3061
12.5981	14.5064
11.5658	10.6622
11.1116	12.0673
9.32156	10.2725
10.186	9.90203
12.0056	11.4408
11.6728	11.0387
10.3885	9.66688
12.4977	9.11234
11.3552	10.3922
11.0203	11.3799
11.8875	11.7415
10.0522	8.9134
10.9749	11.8373
11.6045	9.82936
9.3865	10.413
12.5644	12.2521
11.2837	11.053
10.4102	11.8855
13.4809	3.86745
11.3104	10.4159
10.7014	10.2158
11.6133	10.0808
11.2114	9.59938
10.3925	10.9755
9.31653	10.9972
11.0017	13.1747
10.7183	10.469
9.45424	12.5593
9.9527	11.616
10.797	9.61965
11.0233	10.4155
11.9038	9.9041
9.07144	11.6735
9.17401	12.3277
10.0981	10.2438
11.4515	9.44256
9.75437	13.8434
11.8402	10.4028
13.0258	13.1161
10.7119	11.0861
12.653	10.4057
10.9532	9.46311
10.6892	11.5568
11.3169	11.2731
12.5102	9.11507
9.96129	9.97356
12.7968	10.3355
9.40226	10.9751
10.5284	11.4155
11.7547	11.8282
10.5259	10.3149
12.1666	11.7105
12.5806	9.22077
11.2227	10.5561
10.0519	10.6109
9.16414	9.78691
12.1315	12.0259
12.0524	9.93784
11.9189	11.0088
9.97091	9.64031
11.2157	10.7461
10.0329	10.1649
10.9371	9.68057
11.551	9.5419
9.12401	9.13961
10.337	9.35643
13.1054	9.8501
10.3897	9.422
11.2035	10.9267
11.3741	11.1715
11.17	11.7755
10.2536	10.5008
10.5508	11.0032
12.0789	10.9773
11.1583	11.5445
11.6667	11.0155
11.0842	9.28791
11.2949	10.5603
10.5126	10.0174
11.3689	11.2449
11.8918	12.0274
11.3731	10.1315
10.4406	13.5123
11.3626	9.6335
11.1129	12.0607
10.7177	11.6322
11.524	9.19017
9.37499	9.49254
9.04698	12.7052
10.9387	12.2389
10.2936	12.7459
11.2445	12.0301
12.3483	9.44432
12.6308	11.7684
10.7732	10.4926
12.5069	9.65164
14.2997	9.75506
12.1687	10.71
12.8448	8.59856
10.6288	10.2557
10.2947	10.0749
10.3043	9.2771
8.85862	10.8491
11.1462	9.84422
9.8592	11.7466
10.5315	12.4062
10.8498	8.80427
10.4627	12.1568
13.2038	10.7334
10.2844	10.0082
11.1456	9.58109
10.0205	10.7722
11.1304	11.8365
11.3014	11.4178
12.7394	10.0807
9.59203	9.6724
12.5015	6.84331
10.7995	10.8464
12.1767	13.8811
11.575	11.5539
12.6	9.15638
9.05954	10.8005
12.7659	10.6877
11.6295	12.3837
10.4215	12.0829
11.5626	10.9826
11.5387	10.8874
11.6159	12.226
9.90748	10.0081
10.8221	11.7259
13.3233	10.6464
10.7471	12.5349
10.7997	11.633
11.2325	9.37459
10.8541	10.9271
9.78663	12.3142
9.90018	11.5085
11.6761	10.0976
11.7773	11.6451
11.3432	13.2396
10.709	9.34511
10.9543	9.2667
11.3193	11.4653
11.2574	11.3569
11.4546	9.22595
9.99735	10.6698
10.0385	11.4676
10.4251	9.07159
13.163	10.4168
11.2843	10.6445
9.31966	10.924
12.2138	12.1206
12.3297	9.45478
11.5977	9.20919
10.2142	13.1212
11.766	12.6799
13.6993	12.0278
11.2332	10.2461
10.7705	9.59775
10.7613	10.5077
11.3333	10.9822
9.46809	9.52716
10.4107	11.2664
10.3848	12.4948
10.965	11.361
11.3883	12.5565
10.7314	11.1113
9.86125	9.6458
10.2578	10.4955
9.87184	11.0351
10.5061	10.7853
12.0464	8.93892
11.0135	10.5998
9.72636	10.2841
9.96161	11.6914
10.084	10.3949
9.32844	13.9088
10.0919	10.9295
9.70927	11.7414
10.355	10.2322
11.608	9.7342
9.59107	9.62972
11.079	10.2634
11.5116	11.0893
8.88645	10.4584
12.9667	12.2928
9.07376	10.5075
11.1291	10.6198
9.49931	9.95651
11.8428	11.1935
11.7761	10.5951
10.3442	11.4463
10.5785	10.5574
11.1723	8.98417
11.7038	11.4334
12.7819	13.0361
9.94196	11.1158
11.9039	9.60888
10.195	9.02302
9.78035	12.589
11.7006	10.6264
9.86381	12.435
10.9033	10.056
11.4833	10.6339
11.8455	11.7251
10.6457	9.45098
10.5498	12.6968
9.63626	12.3052
10.8063	9.66648
11.1697	10.3095
11.8948	10.2241
9.71677	10.9097
12.2652	10.9655
14.6005	9.63342
9.48507	11.2282
11.0982	11.0727
9.12732	9.0276
10.589	11.9797
11.7508	12.3114
9.06979	10.071
12.3334	8.62572
9.12263	9.89853
9.35598	11.4391
10.088	10.325
11.5795	8.99535
10.793	10.3138
10.864	10.3112
11.8601	11.1788
10.7415	9.39565
12.2617	9.92056
10.5678	11.4035
9.40481	11.4982
11.7296	12.7541
12.1011	9.19474
9.62495	10.1067
10.9022	10.794
9.9718	12.0859
11.5011	11.714
10.8592	9.57611
11.8011	11.6451
9.77304	13.0279
10.4439	10.9649
12.9901	11.4418
11.4267	10.1986
9.61415	10.6438
12.2079	10.0763
11.7679	11.591
11.6089	11.1864
8.86675	10.0645
10.7207	10.8434
11.2413	11.1021
10.6205	11.8047
13.0343	10.2027
10.3807	10.817
9.43975	11.1973
10.142	10.684
11.1221	10.776
12.4887	10.7975
11.6422	10.9597
11.6536	11.5467
10.8361	9.36795
12.7749	13.4361
9.97181	10.2654
9.73663	10.3587
11.5281	11.6918
9.93776	9.78007
9.57979	10.3227
10.007	12.1867
11.1754	10.8232
11.8165	10.6258
11.4604	10.1613
10.1475	11.4739
11.8829	9.87974
12.0072	11.0115
10.2784	11.2564
10.7407	11.4957
11.1167	9.76149
11.751	10.2015
11.0793	11.5293
9.30963	10.3904
12.169	11.4661
10.3924	9.82344
10.8478	11.3597
10.8795	10.7049
11.664	11.6786
11.339	10.7185
11.5064	9.03009
10.3375	11.5782
11.5169	10.3848
11.0297	10.5371
11.5691	11.7735
9.84139	10.8609
11.4442	11.3152
10.4562	9.53731
14.8242	13.2868
12.2108	10.503
11.2995	11.9991
12.8627	9.68963
11.4625	11.8535
10.4436	11.5122
10.0334	12.945
11.6456	10.7471
11.2098	13.075
12.6077	10.3817
11.6089	10.7918
9.49059	11.5069
9.34073	9.896
9.18434	9.08144
10.5639	12.544
11.8748	11.658
11.183	10.6916
10.7042	11.8641
10.0978	10.0415
11.6608	11.5199
10.1838	9.62957
11.4928	12.903
9.95448	11.8474
11.5141	10.697
11.3423	11.1142
10.4627	9.44532
10.3492	10.3212
10.64	10.307
13.3119	11.8168
11.432	10.6489
10.7445	10.7099
11.1943	11.6569
10.6202	10.8425
8.90322	11.0266
13.2653	10.6277
10.319	9.51287
9.86713	9.949
10.9767	11.3261
10.8104	8.7698
11.6726	10.5379
11.0314	11.6661
11.7148	12.2541
10.3491	11.4029
9.15985	11.4605
10.7718	10.7449
11.7836	10.3766
13.4456	10.0786
12.3355	10.596
11.803	10.2515
9.72942	10.1109
9.71014	11.9322
11.5467	11.4333
11.0186	12.9142
9.24881	10.6547
10.5644	10.3083
9.41768	12.0098
10.0804	9.85837
10.7377	9.57283
10.366	10.4663
10.9945	10.4208
9.77195	10.7077
9.27582	9.7582
10.8071	10.7238
12.141	12.2042
10.4025	10.8698
10.1491	9.57308
10.5303	10.501
10.5914	10.5469
11.5521	11.2597
11.0242	11.378
11.6147	13.2053
10.8736	9.71996
11.8466	10.0851
10.96	9.05186
11.0575	11.9701
10.3964	11.0325
9.79472	12.174
12.0944	10.4852
11.6378	11.8745
11.131	12.0378
9.89368	12.0459
10.3974	11.7587
11.8014	9.3121
9.41996	12.0694
12.6422	11.216
11.5487	11.8153
9.66717	12.7175
11.4568	9.92124
12.361	8.71169
9.21917	11.1797
9.15342	11.4542
11.7305	9.67222
12.2746	9.25338
12.4113	11.0208
12.5955	9.17081
11.3049	9.69866
11.2429	11.3107
11.5263	10.6827
10.2708	9.76115
9.23558	11.7686
11.1697	11.5038
9.57342	12.2983
11.1404	9.44547
12.0126	9.4192
13.3832	9.26876
11.7809	10.3024
12.2997	10.3018
12.5972	10.4053
13.992	9.85701
11.9715	12.7543
11.0036	11.9049
12.975	9.1859
10.4927	11.9705
10.8451	11.7493
10.9408	11.1373
10.5414	10.3683
9.18356	9.5527
9.78999	10.919
9.81488	11.9989
11.2265	12.8839
11.7453	9.63647
9.81271	11.0076
10.4299	10.1959
12.5564	9.93544
11.257	11.8293
12.2856	11.6013
10.7688	10.0777
10.8559	11.0388
11.9063	9.04092
10.7131	9.1417
11.5891	12.0301
12.7067	5.87577
10.6045	10.7858
12.7328	10.7735
11.5437	11.0262
11.2879	10.3316
12.7983	10.3953
9.74663	11.4379
9.92638	12.114
10.8912	9.32248
10.6378	11.6563
10.5865	13.236
10.2991	12.7682
10.1112	10.1339
9.40834	9.58706
12.0856	10.9719
8.97978	10.4826
10.439	9.30603
11.86	10.8634
11.6273	11.5975
11.1297	11.495
11.9776	9.63246
10.7451	12.3136
11.129	11.8029
11.9617	9.93987
9.4678	9.49021
9.54228	11.3087
9.44022	10.8221
9.85271	9.68468
9.43502	9.47092
10.1901	11.356
10.4218	11.9598
9.03303	10.1841
12.6193	12.9321
11.0671	11.7997
9.84125	10.4775
10.0632	10.7032
11.2881	11.0465
12.4679	9.87561
11.5174	11.7535
11.1523	12.9046
9.04053	9.6996
9.62358	11.6112
10.0189	9.39674
10.7607	11.3984
10.8393	12.2063
11.174	10.268
11.6038	11.3447
12.8742	11.8019
9.97769	10.5318
11.3346	12.0469
10.2651	11.55
10.7567	9.84567
10.4734	9.33917
12.5909	9.18111
11.5522	8.97843
8.9262	11.3645
10.0741	10.869
10.1772	9.52744
11.846	10.4009
9.85947	11.688
9.84028	10.931
13.0067	11.2257
11.2679	10.8846
10.241	13.2345
10.9097	10.2704
12.506	9.1544
10.6941	10.2864
12.0049	12.3186
9.82081	8.96298
10.1354	9.58397
12.1827	9.43649
9.24712	10.9025
10.1282	12.7438
10.7872	9.35394
9.54765	10.9693
9.13614	11.8663
11.8224	9.74744
9.58894	12.5136
13.0046	11.2036
11.2303	12.8358
11.0094	10.7054
10.8902	10.4451
10.4324	11.8594
10.6266	11.4056
10.7694	9.76155
10.5911	10.2967
11.3669	11.3438
11.3361	9.92974
9.61341	11.8502
11.0586	9.55111
10.4961	10.1893
10.3809	11.1937
11.6658	9.784
10.013	9.5212
12.9212	11.2087
12.0018	12.3637
13.7743	12.5004
11.1966	9.90315
10.1271	10.599
9.6673	11.5522
11.7031	11.5893
10.4523	9.92796
11.2808	10.1788
12.1531	9.3541
11.9473	9.81042
11.3631	9.37234
8.96223	9.24646
9.34548	11.8236
9.74136	10.1971
10.6547	10.2395
9.44598	11.0876
10.1326	10.0013
11.47	9.53257
11.9961	11.2065
9.14547	11.6553
11.8411	10.1066
10.7851	10.175
11.2294	13.7361
11.8511	11.3586
12.6014	12.1021
10.7729	9.63761
11.522	11.6128
9.57608	11.5093
10.1401	9.09638
9.21065	10.1395
10.6381	11.2728
13.3281	11.9235
10.9061	10.7102
10.7215	11.7584
11.569	10.9257
10.356	9.29224
12.3884	11.8025
9.9487	10.9353
9.22068	10.1327
11.4752	10.454
8.96365	10.7346
10.2358	11.366
9.34136	11.9228
11.699	12.3954
10.612	10.3775
11.8631	11.8498
9.58083	10.2151
9.9836	10.7266
10.9031	9.39872
10.9916	12.2844
11.7593	9.25778
11.2906	9.39154
11.6602	12.2095
10.5998	10.9651
10.2149	11.5897
11.0584	11.0143
11.2926	10.4556
11.6452	11.5969
10.8264	12.1335
9.35456	9.83329
9.82951	10.9381
9.6789	11.5278
10.4672	9.65011
13.2611	10.947
10.8427	9.83726
10.9026	10.0162
12.1262	12.8112
10.2573	11.808
10.6145	9.74495
11.4635	11.6442
11.215	9.81291
9.66199	9.6734
11.2534	9.58708
10.3293	10.907
12.1925	11.3466
11.3427	9.83528
11.9187	12.5226
10.0903	11.2624
10.4828	10.8905
12.0482	11.672
10.1324	10.8282
12.3551	11.2837
11.2197	10.3255
10.6378	10.3413
10.631	11.5792
9.4734	10.4736
9.31136	10.3744
9.50092	9.93582
11.8707	10.4539
10.1452	10.5503
11.321	10.1768
10.2179	11.1881
11.7409	10.5891
11.1671	9.67723
11.3576	9.73696
9.66283	10.6021
11.6166	9.60886
10.4417	10.5748
10.974	9.94797
12.66	10.2626
9.6853	11.5504
12.1001	11.5249
11.0626	9.84275
10.2596	10.015
11.7416	9.12891
10.0632	9.59344
13.9992	9.40519
10.0581	11.4462
11.2932	10.7415
11.277	10.471
9.94071	12.0424
10.4227	9.62676
11.1528	9.77455
10.3125	9.64868
13.0016	8.00525
9.39327	10.9852
10.0244	10.2845
12.558	10.4656
9.87534	10.4791
9.94021	9.46124
11.672	11.4407
11.2798	12.0813
9.52429	12.3166
11.0474	10.5067
11.8208	9.7266
10.5703	9.87319
10.9047	11.5998
10.5622	12.8634
10.4695	12.6066
10.2905	11.5198
11.9439	11.9026
11.0164	11.5264
11.3112	11.3068
10.7586	11.4884
11.3636	11.4881
11.7754	13.1189
12.3621	9.80685
10.3151	9.61728
11.2343	9.63728
12.1818	10.5894
11.3077	10.1333
12.4122	10.9848
10.1218	8.84785
11.834	11.815
10.5659	12.0118
10.5094	11.4338
12.6143	10.3133
10.9586	10.8695
12.1128	10.0487
11.4909	11.3154
12.3914	11.9153
10.8591	10.8366
11.4836	10.3026
10.912	11.7743
11.4633	10.2951
12.1976	12.8715
10.9915	11.5731
9.20579	9.92441
11.0731	10.1993
9.13556	10.7155
9.51191	11.0007
10.0531	11.2942
12.0316	10.0568
10.7258	9.73815
11.5703	11.021
10.7417	11.6815
10.4717	9.00556
9.03487	10.9972
10.8165	10.3681
10.9207	9.27567
11.8052	10.3074
9.12915	9.10719
10.3075	9.71606
11.5717	11.1381
10.6681	12.0528
11.6844	11.4802
10.2336	10.8685
11.8074	12.2347
12.1932	9.25819
11.7038	12.4797
11.0846	10.8594
9.72766	12.8529
9.44115	10.9357
11.8488	11.9987
11.7059	10.5683
11.2781	10.8555
11.4473	12.2463
11.3883	11.6515
11.6725	11.8284
10.9012	11.6652
11.8656	10.6032
11.8099	14.5754
11.2519	10.5508
11.6418	10.8426
11.561	13.7196
10.7628	10.742
12.7191	10.085
11.4142	12.0915
11.5638	10.7264
10.2863	10.8898
11.3208	9.73236
9.69331	11.9165
9.44997	11.7632
9.48349	10.5802
11.5497	9.72195
12.4706	12.5337
10.0919	11.4921
10.3232	9.641
11.8374	9.34419
11.0919	10.8339
9.53365	10.8883
9.14098	10.9355
13.6476	12.2287
11.7357	11.6797
10.3163	9.70526
10.9308	11.2509
9.77262	10.11
10.704	11.7469
9.03387	10.0759
11.185	12.0306
11.949	10.0135
11.7326	9.48347
10.4021	11.3404
11.3189	12.3155
11.6038	10.6018
11.8248	10.306
9.12475	10.2232
11.7829	9.43247
10.4526	10.6018
9.57327	10.269
11.8631	10.5353
10.0329	13.2565
11.8221	11.4966
10.9359	12.0087
10.9666	11.4662
9.83875	11.1432
10.0015	9.85841
10.9927	10.7844
11.1661	9.38563
12.0024	10.345
13.0395	11.9551
9.62524	11.9848
13.4731	9.86898
9.89165	12.916
10.9817	11.3053
10.3327	11.0709
12.8486	11.7689
9.66756	10.6718
9.74966	11.4016
11.4213	9.2873
9.74932	10.0402
11.301	10.9528
11.0133	9.56183
10.063	9.86194
12.4203	12.9882
10.15	10.6797
12.0459	12.33
11.3067	10.1649
9.69188	11.3569
10.3895	9.44095
10.1956	12.1613
10.3196	10.8093
10.0165	10.1081
12.3077	10.3228
10.0337	9.73621
10.3456	11.0017
10.0961	11.353
9.09572	12.1203
9.98778	12.7173
12.8766	13.5528
12.5093	10.1901
10.4742	10.7544
10.4308	12.5617
12.7607	12.9801
11.5452	10.3245
9.60414	11.6172
10.1132	11.4094
14.127	11.6907
11.4861	10.9149
11.0276	9.51762
9.93688	9.10086
9.76963	10.8076
11.2802	12.0579
10.4626	9.88927
11.8099	10.9519
10.6536	10.4315
12.7429	10.3506
11.0514	9.97506
11.9846	13.1668
9.62212	12.4929
13.0584	11.2898
13.7088	10.43
10.4072	11.3777
12.629	9.76539
10.4528	11.7823
11.8499	9.668
9.15566	10.4505
9.55674	10.8256
10.5993	11.9037
12.1132	10.1324
12.5069	10.9013
10.8057	9.4289
11.8053	10.9079
12.15	9.64219
9.25788	11.937
10.0033	11.7291
10.2942	12.5702
11.8619	11.4945
14.3359	5.51726
11.8697	9.86284
10.0741	13.1665
10.0017	11.7256
10.235	11.4092
9.92611	11.0203
10.5894	11.1041
13.4654	9.50545
11.2477	11.5552
9.32185	9.70234
10.4576	10.8299
10.3916	9.79344
12.1342	10.556
11.7895	9.7325
10.6966	12.8446
11.67	10.0886
8.85228	10.715
9.17174	11.5361
10.8533	10.5645
13.1911	13.4296
10.6031	11.6436
11.7559	12.3954
10.2462	12.4311
9.89963	9.50798
10.1546	11.0253
10.5414	11.6818
10.0763	11.9808
9.32522	11.3498
9.73814	10.8483
10.5411	10.2585
11.7831	10.264
13.6182	13.3316
9.7846	11.4335
9.77143	11.7505
11.6334	10.1589
10.028	11.7526
11.7867	10.4821
10.0872	11.1955
11.8983	9.78022
9.79588	11.7589
10.8473	14.2236
12.4417	9.79567
10.8436	10.3017
10.7897	12.2386
12.5031	9.80835
12.1424	11.466
12.4725	8.67971
11.1705	12.8293
11.6511	10.8062
11.286	10.065
11.1182	9.2474
11.473	12.4247
12.8663	10.7915
10.9554	9.44756
12.0849	11.298
12.8979	10.5813
9.10668	9.49246
11.5741	10.2167
11.6163	11.265
10.732	11.5719
10.8741	10.6826
9.76817	9.0582
9.7035	12.1144
11.8578	13.2645
10.1068	10.3382
8.83391	10.4524
11.2732	9.9691
11.5229	9.04791
13.7252	14.7393
9.13941	9.83494
10.4014	10.2795
10.5435	10.4259
11.8501	9.7437
9.49491	9.61325
10.7201	11.2509
11.2158	11.5943
10.07	11.0401
12.2632	8.7564
9.11377	11.5681
12.2619	12.0055
10.309	11.9551
10.6597	11.2901
10.3885	10.3307
12.143	10.8719
9.33798	11.5922
9.99191	12.3254
9.9774	11.2879
9.24014	11.3416
10.7041	10.849
10.9175	10.8307
10.8854	10.5904
11.8787	11.5283
12.0355	10.2527
10.6054	10.6429
10.5715	12.6143
10.808	11.5342
9.91264	11.8106
10.9684	9.33845
11.6218	10.4593
11.472	10.8435
12.5562	13.0471
12.7025	9.07964
11.422	9.17438
12.1349	9.92482
10.3704	11.9397
10.4287	11.19
9.31844	9.25417
8.9317	10.4332
11.7029	11.0632
11.6472	11.1175
10.5606	11.7431
10.4874	11.3448
10.2678	11.4798
11.3722	10.1217
10.6057	11.4289
11.5421	11.3786
10.2307	11.1951
9.91555	12.588
10.5551	10.5856
10.3426	10.5249
10.8707	14.2353
9.38462	11.7167
11.4526	12.0416
11.8208	11.9756
11.5559	11.581
9.12905	10.2665
10.3357	9.86037
11.4511	10.5922
10.1604	12.6378
8.97232	11.8828
9.06251	11.0175
10.8635	11.6251
11.911	10.2537
9.65548	9.8032
9.60514	11.0107
9.92354	11.9313
12.9318	11.8178
9.73823	10.0956
9.95983	13.4496
9.3467	8.95006
10.5086	11.3044
11.6321	13.096
11.0774	11.5435
10.649	10.2118
10.1648	9.17109
9.58813	10.8225
10.9724	12.0893
11.5445	11.2459
10.8825	10.5779
9.03623	12.1313
11.7721	10.6849
9.87063	8.78995
10.0804	10.8594
10.3882	12.5387
12.3548	10.8372
11.9633	9.87684
12.3284	7.98767
10.4967	9.54219
9.74116	10.5558
10.1525	9.08903
11.9071	10.967
9.76094	13.0114
12.1584	12.6072
10.0033	12.3371
10.3803	9.64713
9.63735	9.78716
10.9986	10.1889
13.1297	12.7696
11.7861	9.73235
12.3119	12.8984
10.4408	11.3467
13.1362	9.00654
9.85387	11.6859
9.63063	9.17271
11.2708	11.3941
11.525	10.8806
11.6179	9.64536
11.7535	9.45977
9.33457	9.74399
11.4165	9.26637
10.8637	12.1639
10.2614	9.34024
12.4426	9.61108
10.8923	12.5125
9.8394	10.4403
11.2629	11.8559
12.4932	10.8133
11.1169	11.9244
11.3071	10.5032
8.95146	10.5141
11.5461	10.5076
11.9216	11.0306
9.408	11.7658
9.9218	9.81567
10.6157	12.6206
11.2142	12.9057
10.1901	10.5634
10.2527	12.6084
11.2627	12.0836
9.26366	10.5495
9.40495	10.509
10.2562	11.7722
12.6486	12.3082
11.597	10.673
10.441	11.9895
12.5925	7.04185
9.73753	11.1227
10.637	9.8906
10.1084	11.6564
12.2866	10.794
9.09328	11.2161
10.2746	10.5192
