-4.33665	-9.05586
-4.30991	-11.1612
-3.5112	-9.50859
-2.40891	-10.9338
-3.30848	-9.54193
-4.92621	-11.2464
-4.48206	-10.825
-3.06859	-10.5334
-4.48032	-9.89291
-4.17134	-8.34072
-4.60059	-11.0739
-4.96687	-11.7099
-5.7118	-11.049
-4.89098	-12.1034
-3.52158	-8.94991
-4.77344	-10.1306
-2.96519	-8.479
-3.63791	-9.16903
-3.58386	-9.62527
-5.6819	-10.755
-3.6813	-10.8378
-2.27455	-8.8053
-5.48374	-10.8707
-4.47673	-9.42186
-4.36121	-7.76085
-5.22067	-9.77132
-3.44289	-8.69335
-2.13514	-8.67144
-3.05922	-9.70593
-4.63871	-8.81944
-4.54631	-11.1756
-3.28625	-9.34265
-3.31157	-9.00995
-3.80079	-10.5251
-3.70259	-10.8941
-3.53981	-11.2858
-4.13171	-9.17071
-3.61446	-8.70132
-3.3278	-9.15101
-4.09157	-9.38841
-3.86021	-9.07627
-4.2732	-10.211
-3.56122	-10.979
-2.96056	-7.97752
-4.63472	-8.9606
-3.50371	-10.6169
-5.89892	-10.4978
-3.66177	-11.8753
-4.34098	-10.8552
-4.60382	-10.6215
-2.01714	-9.00908
-4.8895	-9.13665
-4.64158	-9.6125
-4.32551	-9.05863
-3.64074	-9.77485
-3.75053	-10.5219
-0.52018	-11.7376
-6.05299	-10.1864
-4.78787	-12.0936
-4.20853	-8.73629
-4.36461	-10.3777
-4.72072	-9.12961
-4.12253	-10.2143
-1.39139	-11.1499
-4.82609	-11.4096
-3.46659	-9.34221
-4.38131	-8.68012
-3.16815	-11.8799
-4.21477	-10.1745
-4.27084	-10.5662
-2.59757	-10.067
-4.41728	-9.49691
-3.86456	-10.9902
-3.59077	-10.5661
-4.00318	-10.3388
-4.0364	-10.7025
-5.6703	-12.0232
-5.06523	-9.49097
-4.47413	-10.9724
-4.96218	-9.05327
-5.30303	-9.81937
-4.66908	-10.4064
-5.51289	-9.17717
3.72974	-8.75055
-5.3004	-11.5847
-2.66566	-11.4444
-4.4301	-9.31448
-2.98528	-8.48196
-3.63261	-8.8574
-4.33413	-8.76517
-3.36978	-7.56467
-5.05911	-10.9624
-4.30561	-10.4545
-5.65229	-10.8104
-0.705928	-3.27622
-5.58942	-9.61257
-2.71342	-10.8219
-5.1734	-9.197
-5.87445	-11.2912
-5.63906	-9.14855
-3.85018	-9.87583
-5.60468	-9.53519
-4.51384	-11.3143
-4.25321	-9.64272
-4.37254	-10.5611
-3.72061	-10.4211
-5.95177	-10.9504
-3.59203	-10.2175
-5.46301	-11.0849
-4.64262	-11.6035
-2.42761	-9.38585
-3.02305	-9.70527
-3.64688	-10.7225
-1.61679	-9.11177
-3.82487	-9.91483
-4.89435	-10.1912
-4.91832	-10.9551
-4.32138	-10.3731
-4.14791	-11.5301
-5.44748	-10.8723
-3.56005	-11.1049
-5.90027	-11.4216
-3.08501	-10.3442
-3.80135	-9.33293
-3.32968	-9.6622
-3.98453	-9.14414
-3.91575	-10.6412
-4.74417	-8.48584
-5.46972	-10.1744
-3.80298	-8.45747
-3.39134	-9.19467
-4.43345	-9.32721
-4.19338	-11.2216
-5.10794	-10.7988
-5.04711	-9.52078
-3.63255	-8.4316
-4.71504	-11.6567
-4.42837	-8.79902
-5.83631	-10.4705
-3.74037	-11.7853
-4.73597	-7.32473
-4.60619	-7.84775
-3.72729	-9.66587
-4.1718	-9.6835
-3.70889	-9.66305
-3.71326	-9.74176
-3.82359	-10.287
-4.76584	-8.4902
-6.04103	-9.81965
-5.96889	-11.4122
-3.48056	-10.7058
-4.43522	-11.6368
-5.78501	-11.1606
-3.56009	-9.3098
-5.83532	-8.67944
-4.99175	-11.7711
-5.81494	-8.93219
-3.50684	-12.0075
-4.85561	-11.8009
-1.48124	-13.4355
-2.8414	-10.4559
-5.20414	-9.59519
-5.0121	-9.80829
-1.97679	-10.6268
-3.56534	-10.8285
-5.26492	-9.54547
-4.0653	-11.0077
-3.21505	-11.0545
-3.87578	-10.3854
-3.53345	-10.2962
-4.51865	-9.98804
-5.20633	-8.73026
-5.13042	-8.50507
-3.64903	-9.6559
1.24789	-5.77939
-4.18078	-11.9943
-4.33783	-9.89466
-4.88725	-9.22058
-4.06203	-9.2392
-4.31333	-9.69617
-3.71941	-11.1089
-2.85461	-12.7093
-4.65871	-9.04866
-4.74584	-8.56857
-1.97244	-11.0308
-3.56179	-8.74032
-5.12726	-8.43452
-4.50647	-9.68323
-4.18813	-9.33354
-3.80278	-10.1066
-2.94892	-9.98316
-5.17053	-10.7928
-3.16733	-9.04292
-4.35836	-10.2319
-4.78796	-9.93309
-3.78167	-10.675
-3.14992	-10.3877
-2.59334	-8.88185
-4.35287	-9.66101
-5.48771	-7.78017
-3.76216	-10.0127
-3.73008	-9.97558
-2.49186	-8.94222
-4.55848	-11.4714
-5.01642	-11.3193
-3.02708	-10.4028
-4.93256	-10.9975
-3.662	-10.3544
-4.49221	-9.01824
-3.65832	-10.5798
-4.67951	-8.81843
-4.74638	-8.46245
-4.82639	-9.39335
-3.78361	-8.93853
-2.89595	-9.43034
-5.00571	-9.59659
-4.45063	-11.0372
-3.67068	-9.36095
-5.2699	-9.39469
-3.66586	-11.9176
-3.0989	-9.50798
-3.59838	-9.8229
-3.99598	-9.55755
-4.09037	-10.485
-3.19078	-9.95588
-1.78614	-9.68168
-3.56814	-9.1038
-2.72329	-8.89167
-4.74348	-10.9629
-4.78948	-10.8385
-3.13705	-10.2052
-3.33624	-8.1636
-4.4261	-9.26383
-3.25738	-11.9696
-4.37032	-9.92466
-4.8069	-9.12106
-2.73146	-8.18384
-4.22542	-11.852
-4.83382	-8.51114
-4.2979	-10.3257
-4.74519	-7.63895
-4.01034	-11.7691
-5.0723	-9.6814
-3.76282	-11.0538
-5.51899	-10.7751
-3.77337	-10.996
-4.88033	-8.91807
-2.79443	-8.29903
-4.58057	-9.89229
-2.63764	-11.3421
-3.93644	-10.7204
-5.46795	-11.2756
-5.12069	-11.0726
-5.85889	-11.4848
-2.38591	-10.5192
-3.6789	-9.27263
-2.4017	-8.70937
-2.58204	-8.80507
-5.72531	-10.4729
-5.30263	-11.6067
-2.54842	-11.8497
-5.14919	-9.74074
-4.00131	-8.24818
-5.78282	-8.8138
-5.63786	-10.1329
-3.64278	-11.8474
-4.93938	-10.6636
-3.83901	-11.6103
-3.55458	-10.4605
-3.86736	-10.9851
-4.01732	-9.61999
-2.54478	-11.3601
-3.02965	-9.65067
-4.99618	-10.9333
-2.1049	-9.95116
-6.17187	-9.69263
-4.2573	-10.2874
-3.35422	-10.2977
-2.75468	-12.135
-3.25828	-9.45407
-5.44694	-9.81379
-3.96841	-7.85259
-2.43799	-12.3951
-3.4386	-10.486
-2.71682	-11.8114
-2.98963	-9.84065
-4.56399	-9.91534
-4.67218	-9.78798
-4.73553	-10.0485
-3.35718	-8.11563
-5.8189	-11.5816
-4.69226	-9.37393
-5.09577	-10.7659
-2.37229	-11.9585
-4.06543	-9.82575
-4.20515	-9.38976
-5.18662	-9.64131
-6.21633	-9.69817
-4.28963	-11.1351
-4.6213	-9.38139
-4.22511	-11.1534
-5.31843	-11.4934
-3.17456	-8.94597
-6.11896	-9.62603
-1.69042	-9.46863
-3.01037	-8.91418
-2.73383	-11.5197
-2.30111	-9.81802
-4.47367	-9.77569
-5.82264	-10.6297
-4.7261	-10.1565
-3.0274	-12.1504
-3.47399	-8.30097
-4.90034	-11.353
-2.84376	-9.59879
-4.00741	-9.858
-2.09048	-12.4679
-4.15669	-9.48558
-3.20846	-9.68036
-4.4413	-8.53588
-3.23646	-9.64577
-2.31007	-10.3699
-4.55917	-9.10089
-4.46987	-10.5754
-5.12378	-8.52368
-4.88977	-9.07015
-5.38933	-11.7496
-2.81294	-9.65905
-3.8882	-9.67918
-3.61798	-9.8002
-2.21393	-10.3794
-3.73216	-10.1244
-3.619	-9.91491
-4.4685	-10.742
-4.21148	-9.41302
-3.33811	-11.4893
-4.23363	-10.3606
-2.95779	-11.3033
-5.38818	-9.91932
-4.00169	-11.8349
-6.03349	-10.0886
-3.45175	-11.2455
-5.54999	-9.1791
-4.05672	-9.43554
-3.31772	-11.6655
-4.20298	-7.5186
-5.70661	-9.48645
-3.61807	-11.0376
-5.4358	-10.5691
-2.9202	-9.40576
-4.60151	-9.36991
-1.94912	-10.6049
-1.49103	-9.93313
-4.64985	-8.34782
-5.26072	-9.89544
-2.18717	-9.28246
-3.58505	-10.6621
-3.18353	-11.2236
-3.23392	-9.89824
-3.24122	-8.92751
-2.74737	-11.8736
-1.65631	-11.4508
-3.1291	-10.7029
-4.25081	-11.4464
-2.89589	-9.38309
-4.90626	-9.59426
-3.29879	-10.8089
-5.19885	-10.3188
-5.32607	-8.96007
-5.19629	-11.4827
-4.59618	-8.98211
-3.33178	-9.87702
-2.45224	-10.5414
-4.01051	-9.62137
-3.35466	-9.41103
-4.40382	-9.4886
-3.50341	-10.9742
-4.7638	-10.419
-3.22095	-12.0406
-4.42298	-10.575
-3.72049	-11.6761
-3.19233	-11.7795
-4.86621	-11.624
-2.80753	-8.41972
-4.27772	-9.30125
-3.74535	-9.78845
-5.68519	-11.2164
-3.16302	-9.45297
-5.47819	-11.2555
-4.6055	-9.27443
-5.15627	-9.11249
-4.05958	-9.93249
-3.26255	-9.07189
-4.32285	-10.3747
-4.14357	-11.3878
-2.49805	-12.4073
-2.49693	-10.8757
-2.62271	-11.5312
-4.52564	-10.6062
-4.63827	-10.4378
-4.72584	-9.51505
-3.87024	-9.6612
-3.4794	-9.41796
-5.7294	-9.01917
-2.75491	-11.4559
-5.30603	-10.0712
-6.03106	-11.3032
-3.82876	-8.84896
-3.74026	-8.57869
-4.56084	-9.34429
-2.3156	-8.56027
-5.42016	-8.05745
-3.87528	-10.9077
-5.19967	-9.86573
-3.91076	-10.7015
-5.96507	-10.2195
-1.97892	-11.2978
-3.08048	-10.8283
-2.9566	-9.17144
-5.58722	-9.27969
-2.38981	-9.82876
-2.98664	-10.2568
-1.00929	-10.7867
-3.94203	-9.06064
-5.57022	-11.9682
-3.40823	-8.02022
-3.81631	-11.1294
-4.89274	-11.5341
-4.15915	-8.64602
-2.97165	-11.3774
-1.93785	-11.6124
-5.76215	-11.8421
-3.86566	-8.54825
-4.42495	-10.0474
-4.03741	-11.5193
-5.41072	-11.6557
-4.82185	-7.9281
-5.23989	-8.38761
-4.05111	-9.12603
-4.53957	-10.9747
-3.09504	-8.9803
-5.4121	-9.24995
-3.94775	-11.0539
-3.89956	-9.52791
-4.25478	-11.3667
-4.55136	-10.848
-5.87171	-11.6129
-4.12711	-9.86481
-3.60409	-9.9137
-1.69036	-9.2988
-2.77685	-8.82635
-4.40737	-12.0962
-3.61566	-10.8508
-4.8975	-9.93443
-3.9956	-8.70541
-3.36489	-9.61802
-3.35085	-11.1635
-2.5099	-10.9077
-2.72278	-10.2399
-5.08677	-8.34107
-4.53554	-8.4214
-2.95363	-9.75615
-5.33593	-9.90104
-4.72928	-11.667
-3.91573	-11.6905
-3.12428	-8.69787
-3.13659	-11.0755
-3.10064	-9.34342
-4.24228	-9.98522
-4.75881	-10.921
-5.43322	-9.45488
-4.36462	-9.54818
-3.5822	-12.1021
-4.54033	-10.1619
-4.76613	-9.59096
-2.28294	-9.7985
-3.41524	-11.9484
-3.58032	-9.58078
-6.15185	-10.4222
-4.89778	-8.73461
-5.14167	-12.0178
-3.43178	-9.49246
-5.11728	-8.44404
-4.95962	-10.3337
-3.41702	-11.6735
-3.56819	-11.2936
-2.71924	-10.1561
-3.57598	-12.0111
-3.54567	-11.8521
-4.96517	-10.098
-4.70972	-11.4222
-3.40634	-9.50168
-3.8191	-11.961
-4.64479	-10.5402
-4.05522	-10.7486
-4.82836	-11.5432
-2.64605	-11.5961
-3.50953	-9.23128
-4.11144	-10.7152
-4.51979	-9.30594
-4.52491	-9.96871
-3.67615	-9.29541
-4.78119	-11.7466
-3.79841	-9.33568
-3.07272	-10.3754
-4.44552	-10.7035
-3.33144	-11.3778
-6.01631	-10.9552
-1.7621	-11.7003
-2.93045	-10.1114
-4.14403	-8.56242
-3.37688	-11.8568
-2.6804	-9.19454
-5.81864	-11.1782
-3.49874	-10.8106
-2.78592	-9.58008
-5.37193	-8.92548
-3.66257	-8.54516
-4.32984	-10.3641
-4.14193	-9.16813
-5.17651	-11.0145
-3.12048	-9.24027
-4.30873	-10.7372
-5.72135	-10.2955
-2.33603	-10.7335
-5.29082	-9.86715
-4.16843	-9.53195
-2.9635	-10.4039
-4.1892	-9.11015
-4.32513	-9.67854
-3.30211	-9.53442
-2.7954	-10.1645
-5.00871	-8.78425
-3.9764	-10.5782
-3.29899	-10.7665
-4.21159	-10.2074
-0.863116	-11.3917
-5.28637	-10.591
-4.75925	-8.11394
-4.53167	-9.59007
-2.62943	-10.2083
-3.83271	-10.6794
-2.52175	-11.6691
-3.81977	-11.2111
-3.98135	-9.26001
-3.05612	-8.42113
-4.46695	-9.12649
-3.8548	-9.19292
-4.27567	-9.82385
-4.86328	-12.0322
-1.13095	-11.2682
-2.03172	-7.79702
-4.77905	-9.94741
-3.04444	-9.64433
-3.52539	-9.30725
-4.46794	-10.6742
-6.13104	-10.9985
-5.09488	-11.0199
-5.69277	-9.92609
-4.3772	-9.24486
-3.48626	-10.7989
-4.29981	-9.18585
-4.24704	-9.61661
-4.86737	-9.32156
-3.41114	-11.3804
-4.33606	-8.22533
-3.3587	-11.0415
-5.41039	-11.7603
-4.3834	-9.26661
-5.11067	-11.2813
-3.33313	-10.6796
-2.86083	-6.987
-3.14681	-9.56286
-5.57733	-8.67131
-3.76047	-9.41146
-3.35657	-10.3749
-2.87787	-7.25532
-3.99933	-8.49746
-4.27242	-8.76701
-5.72077	-10.7114
-4.78579	-10.1296
-3.93537	-10.9525
-6.09197	-11.239
-5.30601	-10.186
-3.83809	-11.8152
-3.83332	-9.64492
-5.85439	-9.75104
-4.89267	-8.65467
-5.21147	-9.60194
-5.06842	-10.6035
-3.74305	-10.2208
-5.83213	-12.0812
-4.10434	-9.06183
-5.52673	-10.7661
-3.20315	-10.3263
-3.84115	-8.6878
-4.17676	-11.3402
-3.14288	-11.4296
-4.60153	-10.5098
-3.96088	-11.2312
-3.2062	-11.1649
-1.26445	-14.0372
-3.79409	-9.72418
-4.6649	-10.4411
-3.44521	-9.50534
-3.68632	-9.22976
-2.96847	-9.88802
-2.72203	-9.46142
-4.04735	-8.10734
-3.76	-8.44019
-5.26717	-6.97066
-3.51355	-9.62867
-5.27513	-11.109
-4.25452	-9.03369
-5.03062	-9.80374
-5.52346	-10.5591
-5.38459	-11.5838
-2.76077	-10.6247
-4.83618	-9.12727
-4.01048	-11.239
-4.15695	-10.1763
-4.91114	-10.5291
-3.89764	-10.2011
-5.17692	-10.0536
-5.17052	-10.7924
-4.13181	-11.0127
-4.70301	-9.84039
-3.26218	-8.44903
-3.53679	-10.0421
-4.09527	-9.20935
-3.08424	-11.7491
-1.8733	-13.1603
-4.81511	-9.10628
-3.0165	-10.4035
-3.69371	-10.1643
-3.99743	-9.28783
-2.55214	-10.0495
-3.39471	-11.7178
-4.18964	-10.563
-5.19566	-9.4988
-4.87212	-9.17994
-2.91926	-9.4432
-4.53768	-11.2448
-1.19056	-7.64159
-5.2922	-6.5895
-4.64709	-11.3407
3.26995	5.74883
-2.95196	-9.33842
-2.07723	-9.21785
-4.06844	-10.1534
-3.67014	-11.0052
-3.81454	-10.5159
-1.88114	-9.93625
-3.79462	-11.0062
-3.31395	-11.4255
-3.93367	-9.55999
-4.60871	-10.7039
-4.87957	-11.8265
-3.22383	-11.3677
-6.18818	-9.71363
-2.59842	-10.1784
-5.43082	-11.3474
-4.16594	-8.87914
-3.82627	-10.0857
-3.53054	-9.32244
-5.1487	-9.14484
-1.9459	-9.71705
-3.73084	-6.42892
-5.87916	-10.763
-4.15475	-10.5988
-3.31324	-9.38695
-1.49791	-8.04377
0.0998109	-10.044
-3.43568	-9.99715
-3.73016	-10.604
-4.0921	-10.1972
-5.24122	-9.66786
-3.3187	-9.16473
-4.70145	-11.6418
-4.53986	-10.9621
-3.71152	-9.72762
-1.52657	-12.6325
-5.09264	-10.2261
-3.35052	-8.42741
-3.32882	-9.7326
-3.92839	-8.93669
-5.42499	-8.74789
-5.56019	-10.961
-5.13405	-10.2678
-4.14972	-9.39812
-4.07107	-10.4197
-3.95722	-9.06708
-2.33532	-11.2147
-5.09808	-8.8092
-3.25951	-11.5901
-4.27781	-10.7053
-5.61366	-10.3257
-5.57363	-9.8083
-3.5168	-9.93678
-5.52711	-9.07233
-5.91748	-9.49981
-3.36134	-8.80415
-4.74864	-11.0523
-3.27415	-9.28926
-3.78496	-9.53828
-4.02102	-11.1453
-4.83214	-8.83073
-3.49829	-10.6418
-4.14948	-10.3896
-4.53891	-9.9655
-1.67855	-6.02191
-2.21418	-10.1453
-3.82322	-11.0426
-4.30932	-9.17415
-5.64517	-10.438
-3.86155	-10.3336
-1.35144	-11.2935
-4.48173	-10.0335
-4.32382	-7.28074
-3.41594	-9.31431
-6.00854	-10.446
-5.6707	-11.278
-2.97705	-8.82787
-3.59725	-9.13728
-2.00575	-12.0666
-3.61943	-10.2005
-4.69449	-8.45317
-6.11076	-8.83041
-1.9139	-12.1136
-3.76039	-11.5355
-4.19882	-9.89521
-4.44917	-10.005
-3.60986	-9.64381
-3.69084	-11.9642
-3.18504	-11.6102
-3.80657	-10.6822
-2.9905	-11.7688
-2.71437	-8.68387
-3.24864	-10.1813
-2.95566	-8.89546
-3.90264	-9.44757
-3.25741	-11.0664
-3.39829	-10.9613
-1.23826	-9.25651
-5.68333	-10.7831
-1.81376	-12.2927
-4.35357	-11.6177
-2.78792	-10.0223
-4.54136	-10.5895
-0.656014	-11.5389
-5.31518	-10.2076
-5.59569	-10.2966
-5.84614	-10.4132
-2.62144	-11.5568
-4.20298	-9.5958
-5.68949	-10.4477
-2.9406	-8.29676
-5.08832	-11.4431
-1.62779	-12.3575
-3.6221	-10.3742
-3.5886	-10.1802
-4.44881	-11.9629
-5.60123	-11.8836
-2.64264	-8.71823
-4.13638	-8.55203
-2.69015	-8.40023
-5.96887	-9.56008
-4.82628	-10.3985
-1.20292	-10.5291
-5.04792	-10.199
-3.80688	-12.0014
-4.75572	-8.61636
-3.00586	-10.0302
-5.47574	-10.4319
-2.38749	-11.8993
-4.68738	-11.8529
-2.85817	-9.43043
-2.70176	-11.1695
-4.90299	-9.82294
-3.24746	-9.25256
-3.19487	-10.2631
-3.23982	-9.53122
-4.32689	-10.3633
-3.89216	-9.11648
-3.67368	-8.74226
-4.68792	-11.9878
-4.84116	-11.6178
-3.67537	-11.3963
-4.98146	-10.2031
-3.20957	-9.08995
-3.3112	-10.4837
-2.88133	-9.78541
-3.87232	-8.97525
-2.80181	-9.18859
-5.28726	-11.3745
-4.42217	-8.83185
-4.47846	-10.6022
-5.89248	-9.74282
-4.94094	-10.8678
-5.89156	-9.70157
-4.96101	-10.5056
-5.59901	-11.4345
-4.55036	-10.6428
-3.03639	-8.90967
-4.05289	-11.1307
-1.80507	-10.1281
-4.29037	-10.3089
-4.17703	-10.8323
-3.2299	-9.73478
-5.06484	-10.2469
-4.11938	-9.00067
-2.93478	-7.91588
-3.62933	-8.02173
-3.61695	-10.694
-1.34139	-11.3911
-3.38642	-9.82174
-5.38628	-9.81978
-4.36764	-9.95005
-3.92234	-9.91396
-5.26989	-11.125
-5.86691	-10.716
-4.11527	-10.3966
-5.78339	-11.1639
-3.27026	-9.16215
-6.02929	-10.9599
-3.72527	-10.1076
-2.28508	-11.159
-4.81915	-10.6746
-3.72398	-9.40466
-3.97205	-9.44007
-2.43799	-10.8549
-4.00709	-8.132
-2.89373	-9.82121
-3.60549	-7.75464
-3.31656	-10.7183
-4.59022	-10.6175
-4.19648	-9.55941
-3.99598	-9.19824
-3.5883	-10.3505
-4.59805	-11.1667
-4.16777	-8.83886
-3.23803	-9.93334
-4.18512	-10.5033
-5.58776	-10.5147
-4.77995	-10.0357
-2.7301	-9.70699
-3.20648	-11.5123
-5.70596	-10.4003
-4.22425	-10.9151
-4.12623	-9.17361
-5.44297	-9.39089
-0.328415	-13.7986
-3.39918	-10.3691
-4.06165	-10.8131
-3.89498	-9.93627
-3.83645	-10.0917
9.806	-1.64235
-2.66756	-9.35461
-2.73272	-12.2884
-3.50175	-9.41103
-3.59686	-10.1654
-5.23591	-9.76958
-4.45483	-10.4684
-3.54232	-10.2738
-3.46439	-10.6947
-4.85814	-8.61833
-3.51787	-10.1316
-3.32541	-11.5912
-4.75976	-8.46202
-5.63624	-10.0976
-2.80365	-8.34403
-5.76937	-10.0315
-5.17434	-12.1773
-3.19218	-9.95509
-4.84488	-10.5083
-1.49216	-10.3963
-4.9939	-9.83165
-4.30091	-9.05631
-2.90234	-11.1169
-3.23247	-8.15851
-4.38938	-11.6244
-3.26806	-10.4954
-4.67097	-11.8649
-3.43133	-10.4279
-4.48328	-9.20229
-5.96998	-10.6092
-4.37207	-10.42
-3.14763	-9.80115
-4.20547	-9.35765
-2.82052	-11.7175
-1.54499	-8.90299
-2.71379	-8.2262
-4.18932	-10.0385
-4.55581	-10.2197
-2.54266	-10.6605
-4.48892	-10.6174
-2.75658	-10.3994
-3.76942	-9.90764
-5.21542	-9.61616
-3.7111	-11.387
-5.03671	-11.0755
-5.52307	-10.5813
-3.21678	-9.30403
-2.86678	-10.1625
-3.67167	-9.58844
-1.88974	-10.9499
-3.59105	-9.61906
-5.52426	-9.09257
-4.40686	-9.97444
-4.72634	-11.2853
-4.21599	-9.52893
-2.78542	-9.3482
-3.3543	-9.23643
-5.53559	-8.95205
-1.97946	-11.6957
-3.27623	-10.7103
-3.27488	-10.0253
-4.44786	-9.91255
-3.81632	-7.92528
-3.15353	-12.0039
-6.07905	-9.55711
-2.805	-10.9848
-1.68833	-10.095
-4.40177	-10.8218
-4.66116	-9.26151
-4.39326	-11.3795
-5.22392	-9.4112
-4.6072	-7.51577
-3.79193	-9.90164
-3.93289	-10.2392
-4.54651	-10.0105
-4.12228	-11.9282
-3.24992	-10.381
-5.26549	-9.15765
-4.83738	-11.0782
-3.15166	-10.6608
-2.77602	-9.94064
-5.94343	-9.15372
-5.2982	-11.1224
-2.45841	-11.2583
-5.09847	-10.6519
-4.61843	-10.9827
-3.38681	-9.30818
-4.31832	-9.16588
-4.43417	-10.0993
-2.30951	-10.667
-5.6714	-10.6504
-5.81159	-11.551
-2.81311	-9.25393
-2.36127	-8.08919
-2.86426	-11.2192
-2.83534	-9.21788
-4.95178	-10.7501
-6.12413	-9.41582
-4.12376	-10.843
-4.74073	-10.5192
-5.58764	-9.4103
-3.61761	-10.3315
-5.16619	-11.1941
-2.77975	-11.2991
-5.34674	-10.5418
-5.49124	-9.1625
-2.90704	-11.6405
-2.95583	-9.77843
-2.53535	-8.4452
-5.7784	-11.3823
-3.4449	-11.3116
-5.11122	-10.9809
-3.86699	-11.074
-4.8597	-8.20058
-0.342201	-4.63293
-4.50297	-8.80745
-4.51174	-9.33879
-4.65687	-11.7948
-2.91407	-11.3973
-5.71827	-10.6047
-3.75088	-11.8463
-3.83823	-9.96816
-4.16456	-9.68815
-5.48735	-10.2696
-4.96581	-8.74212
-4.52422	-10.885
-4.57032	-10.6177
-4.77171	-11.0607
-3.88215	-11.624
-4.40622	-12.0931
-4.06906	-10.377
-3.7422	-9.92694
-3.63602	-11.2769
-4.71169	-8.81492
-3.13764	-9.7615
-5.71447	-11.6383
-3.36767	-11.3428
-5.83652	-9.11815
-2.33367	-9.68196
-4.42931	-11.9202
-3.1904	-10.3002
-0.756742	-11.0439
-5.27496	-10.6405
-5.62848	-10.1783
-4.07654	-11.6266
-4.30958	-10.4702
-4.80113	-11.4216
-3.52047	-8.14534
-3.47259	-11.2671
-3.10085	-8.43878
-4.93674	-8.89369
-4.09933	-8.08252
-3.49547	-8.45054
-4.04014	-9.34301
-3.15669	-11.9268
-4.19895	-9.43534
-3.72387	-11.5897
-4.50736	-11.8349
-3.2953	-11.51
-5.82705	-9.24082
-5.20595	-8.71622
-2.29719	-9.29632
-2.94568	-11.4339
-4.63345	-8.34952
-3.48199	-11.6508
-5.46727	-9.25164
-4.71557	-9.39431
-5.64913	-11.9814
-5.50724	-9.89569
-1.58194	-8.89031
-2.58865	-8.91904
-3.01189	-10.3143
-4.77023	-8.31699
-1.99332	-10.8444
-5.17595	-9.77788
-3.81914	-9.25276
-5.85621	-8.61904
-3.31278	-9.22786
-4.3418	-11.1516
-3.56919	-9.04589
-4.80424	-11.5517
-5.59157	-9.41265
-4.95513	-10.6617
-4.29743	-10.0043
-3.24715	-7.50253
-3.54103	-10.027
-5.14894	-10.1117
-3.14072	-10.3784
-3.45487	-10.7083
-4.1009	-9.86147
-4.21341	-9.01273
-3.99305	-10.2812
-5.19145	-11.3356
-5.75045	-9.63799
-5.56632	-9.12883
0.00945793	-9.05157
-0.310095	-13.0107
-4.07289	-11.0028
-2.76045	-7.80439
-3.62055	-8.58601
-2.96397	-9.33245
-3.13844	-10.1621
-4.69072	-9.06762
-4.18403	-8.56513
-4.07346	-10.9517
-5.82673	-9.99193
-5.11108	-8.32401
-1.63776	-11.6641
-3.6406	-8.89041
-4.03646	-11.8606
-4.70802	-9.43603
-5.65736	-7.34065
-4.08967	-11.5513
-4.51151	-9.85184
-3.28799	-8.76738
-4.8022	-9.5501
-5.3298	-10.9347
-3.6275	-10.6716
-3.56229	-9.13054
-3.10128	-11.5691
-4.80278	-9.31052
-4.48741	-9.21028
-4.54256	-9.31009
-3.80339	-10.7249
-2.91168	-11.04
-3.0908	-10.4677
-2.99966	-9.37058
-5.69073	-9.34176
-2.19759	-12.5144
-5.4166	-9.20468
-4.66855	-9.06627
-4.81899	-10.2231
-3.99578	-10.6689
-1.62844	-10.6701
-4.3732	-9.57569
-3.48121	-9.48771
-2.37841	-10.0808
-4.64226	-10.987
-2.68789	-9.40123
-4.53903	-9.86149
-3.05322	-11.6034
-2.31766	-9.33516
-6.26365	-10.5075
-5.09577	-11.1672
-5.34982	-9.85543
-5.08879	-10.676
-3.75436	-10.2064
-4.33473	-9.97612
-5.25411	-9.20049
-3.58445	-9.00647
-4.37326	-6.74905
-3.32726	-11.9369
-4.10871	-9.26432
-4.87804	-11.0198
-4.56356	-10.4651
-3.99954	-10.0664
-2.31398	-10.0504
-5.0297	-9.97328
-4.86502	-11.6869
-2.27213	-10.1754
-1.83178	-10.5831
-2.55342	-10.1491
-2.3178	-9.38408
-5.12274	-10.4726
-5.16163	-10.6129
-4.98327	-11.3682
-3.05707	-11.5609
-5.59437	-8.56575
-4.56675	-11.8265
-3.92704	-10.9537
-5.25018	-10.0442
-3.84068	-8.82661
-4.13758	-10.4721
-5.80622	-9.93219
-3.25409	-8.25332
-1.9426	-11.2694
-3.95775	-11.0065
-2.39748	-12.0417
-3.96207	-10.6666
-2.49344	-11.439
-5.19127	-10.2785
-4.48553	-9.96994
-4.36276	-8.66133
-3.25646	-10.6798
-3.76424	-8.79462
-2.27131	-10.7625
-3.93958	-9.13437
-5.7531	-9.43951
-2.52808	-8.86353
-3.40597	-11.5096
-5.64134	-9.64019
-4.82631	-9.61693
-3.80017	-11.6881
-4.49356	-7.74853
-4.44047	-9.2502
-4.71774	-9.54312
-4.47152	-9.37675
-2.9871	-10.5731
-3.68414	-9.07002
-3.50605	-11.7696
-4.59543	-8.94549
-3.84479	-8.99318
-4.98833	-11.4741
-3.62199	-10.0602
-3.62413	-8.8163
-3.2709	-10.3336
-2.35549	-10.3611
-3.26103	-9.96479
-3.17735	-10.452
-4.70228	-8.3338
-5.84767	-10.2928
-2.9625	-8.81195
-2.22085	-9.29525
-2.89892	-9.36544
-5.80989	-10.9938
-4.15145	-9.4895
-5.38334	-9.71842
-4.56513	-11.462
-2.88417	-10.3355
-4.66618	-10.2809
-5.1924	-9.38268
-2.94093	-9.70562
-3.7592	-9.92094
-3.88774	-10.6378
-1.60141	-10.0299
-4.68196	-8.06583
-3.9469	-7.31912
-3.83564	-11.4077
-5.37624	-11.0848
-5.14634	-9.4148
-4.17574	-10.846
-3.9295	-9.45982
-4.28683	-10.0572
-3.59874	-12.1455
-4.56598	-8.98078
-4.77181	-9.91518
-4.00296	-10.1621
-3.28148	-8.58426
-2.85579	-11.1844
-3.95322	-9.45886
-4.86306	-11.9213
-4.62267	-11.7465
-5.78518	-11.0624
2.4409	-14.9632
-5.33686	-9.64191
-3.92516	-9.28615
-5.78272	-9.57997
-3.9229	-9.60463
-5.18679	-8.45449
-4.95335	-9.43988
-5.76871	-11.3156
-5.88643	-10.1659
-5.80201	-8.9157
-3.01232	-7.44184
-3.16937	-10.1098
-4.09005	-8.26725
-2.59382	-9.7079
-4.2709	-10.9741
-3.79634	-8.97393
-4.55448	-10.3864
-4.38088	-8.07025
-4.92926	-10.7843
-3.12354	-9.74112
-5.24975	-10.3092
-5.40882	-11.8929
-5.68814	-7.42361
-4.60149	-11.6819
-4.92506	-10.7801
-2.90913	-9.26747
-5.34724	-9.75353
-3.05141	-10.1738
-3.90546	-10.0642
-2.11195	-10.6978
-2.585	-11.2648
-3.53765	-11.0477
-5.03576	-8.52453
-4.23527	-9.18056
-5.4556	-10.8289
-4.1285	-8.85905
-5.10678	-9.6248
-5.11191	-8.73728
-3.8435	-10.5342
-5.0196	-10.9419
-1.82679	-8.56766
-2.6156	-9.8196
-5.44532	-11.8849
-5.79676	-10.1588
-3.60998	-8.61705
-1.47405	-8.86573
-4.20535	-11.5107
-4.49945	-10.4247
-4.86282	-11.5649
-3.41388	-10.7386
-2.17993	-10.9369
-4.06478	-9.69668
-4.95718	-7.46606
-4.69306	-8.40678
-5.52395	-10.589
-4.2282	-9.47363
-2.96883	-7.14701
-3.95402	-11.1783
-3.6265	-11.9197
-3.84999	-10.0837
-5.46949	-11.9421
-3.73728	-7.36912
-5.48593	-11.2835
-3.97972	-10.2318
-3.94708	-11.9504
-3.09166	-10.3626
-4.55275	-11.8131
1.67692	2.83345
-4.10559	-4.94702
-5.33029	-9.51741
-5.49814	-10.1137
-4.22075	-9.7296
-3.19521	-8.72705
-4.57361	-9.69286
-4.83085	-10.0933
-2.24538	-8.98105
-5.1645	-8.40563
-5.37828	-9.68134
-4.53634	-8.68482
-5.68511	-11.0568
-5.38151	-10.2553
-2.68598	-9.53849
-5.49502	-8.4464
-5.60223	-8.3772
-4.30729	-9.77486
-3.37941	-9.56997
-3.47954	-10.0537
-5.82938	-10.9969
-4.80429	-8.39301
-5.099	-11.6356
-3.26995	-9.72406
-1.95565	-7.7283
-4.83823	-10.4975
-2.27309	-11.2281
-3.37293	-11.1988
-6.03364	-10.8771
-3.26009	-10.7006
-5.43657	-9.51736
-4.42367	-11.5501
-2.67897	-10.8983
-3.96285	-7.82908
-4.88791	-11.2702
-4.93762	-9.62005
-5.30797	-10.0404
-3.97254	-8.49554
-3.24885	-9.61584
-2.23662	-11.8683
-2.53977	-8.40727
-4.45173	-9.06105
-2.94881	-10.8882
-5.20232	-11.4432
-4.35497	-10.62
-3.06183	-11.966
-2.90225	-11.0801
-3.17818	-9.1957
-1.83965	-9.64817
-2.58278	-11.2156
-3.42361	-8.2618
-3.81974	-7.10728
-3.04809	-10.0162
-4.35788	-9.81592
-4.06948	-9.88631
-4.36201	-9.06008
-4.10356	-10.1927
-5.70782	-10.0032
-3.65667	-9.88016
-2.57689	-10.0494
-5.18697	-8.24037
-3.19664	-11.0129
-4.82314	-9.75561
-4.96994	-9.65161
-3.55967	-9.13273
0.330737	-11.6421
-5.31371	-11.056
-2.51654	-8.51081
-4.76363	-9.49372
-4.52949	-9.33424
-3.91065	-10.4714
-5.56197	-9.93329
-3.47884	-10.0357
-3.83926	-11.0294
-4.03117	-10.7488
-4.9563	-10.0487
-4.42757	-10.3489
-4.00587	-10.6985
-4.5813	-11.0134
-6.07759	-11.3553
-4.3525	-8.99153
-5.25903	-9.90227
-5.63935	-9.81972
-4.41279	-10.4397
-2.71943	-12.666
-3.59605	-9.74076
-5.52866	-9.46651
-4.84854	-8.78629
-4.9351	-8.23242
-5.70083	-10.1046
-4.58337	-11.197
-2.52966	-7.9456
-3.76977	-10.8757
-3.95428	-9.16701
-4.10282	-9.52877
-4.1294	-10.3721
-4.60746	-10.0511
-5.01715	-10.0378
-4.76346	-10.2666
-2.03189	-10.6658
-3.83846	-11.693
-5.38344	-8.49706
-5.18007	-9.74562
-5.69718	-9.87391
-2.6886	-9.91302
-4.37552	-10.7444
-6.00373	-9.61438
-4.42429	-8.24629
-4.60636	-9.39179
-3.60828	-9.33297
-4.21637	-9.71239
-5.22298	-10.195
-4.08535	-11.6308
-4.88712	-11.2291
-5.63042	-10.6153
-3.91562	-10.2789
-4.55659	-9.45525
-5.53509	-9.63398
-5.11325	-8.72886
-3.56207	-10.6383
-3.51526	-10.6014
-3.06972	-8.0685
-4.3071	-11.9222
-6.01327	-11.0637
-3.70092	-10.4365
-5.75194	-8.27894
-4.8878	-10.635
-4.34172	-9.64962
-4.41571	-10.1634
-2.56392	-9.10457
-3.31078	-8.61283
-4.00643	-9.95163
-3.2092	-10.0898
-3.37122	-9.51803
-3.20208	-11.3618
-3.45327	-9.17958
-4.52781	-10.4696
-3.27846	-10.7541
-0.102646	-13.7101
-3.57373	-10.5101
-3.59091	-11.17
-1.97835	-12.149
-4.93858	-11.1598
-4.02869	-11.1569
-4.53575	-9.34167
-5.32392	-11.8393
-5.02689	-11.7903
-4.44075	-9.34873
-3.92402	-10.6449
-4.355	-11.161
-3.88051	-9.56258
-2.42434	-11.5103
-3.36252	-9.98426
-4.97126	-10.4966
-1.97929	-11.4514
-5.85858	-9.22036
0.58903	2.846
-4.31559	-8.85371
-4.51151	-9.14147
-5.21597	-7.62245
-3.9502	-10.4584
-3.52521	-11.7138
-4.0722	-9.56969
-4.22855	-9.89821
-4.37016	-11.5453
-4.14026	-11.3649
-3.55388	-9.29364
-5.19988	-11.0391
-3.15136	-9.8045
-5.40933	-11.6934
-2.89839	-10.9015
-4.15459	-9.34906
-3.05124	-7.21391
-5.09779	-9.59601
-3.08282	-11.5759
-4.47051	-9.21526
-2.63656	-10.6752
-4.29803	-11.8874
-3.46782	-9.21957
-3.95562	-10.326
-3.54044	-9.14096
-2.56868	-7.82283
-2.73612	-8.00678
-4.48282	-10.7062
-4.45037	-8.81005
-5.34492	-9.87271
-4.03034	-10.4368
-6.35111	-11.6833
-4.7291	-9.53961
-4.43294	-10.4556
-3.2449	-9.82573
-3.78901	-10.7131
-4.68372	-9.32477
-2.7561	-12.5533
-3.92345	-8.7005
-3.77606	-9.75465
-5.59304	-10.266
-4.22765	-9.10032
-3.42278	-9.65107
-4.85415	-9.57144
-2.20003	-10.6564
-3.45784	-9.24386
-3.27231	-9.81862
-3.70086	-10.4574
-3.09336	-11.7245
-4.61542	-11.1404
-5.40984	-11.0571
-4.38251	-8.85536
-5.55617	-7.59724
-2.75793	-12.2525
-5.30818	-9.5206
-1.09848	-9.67515
-3.92135	-9.60436
-4.49681	-11.0539
-3.34021	-9.09857
-3.30817	-10.0431
-5.92724	-11.2489
-2.48359	-10.3822
-4.83663	-10.1956
-3.51324	-11.0381
-5.4908	-10.4094
-1.53056	-9.49085
-4.034	-10.1643
-3.93708	-10.1445
-4.41601	-9.39512
-3.55392	-10.4603
-2.2094	-11.4995
-4.78635	-8.56031
-5.6062	-10.3709
-5.00005	-10.3395
-4.8378	-11.0091
-4.30495	-11.9054
-1.65822	-10.6078
-2.75222	-10.3092
-2.62599	-10.1952
-3.44349	-10.4796
-4.75751	-10.3567
-5.35437	-10.2774
-2.78903	-10.4964
-3.87867	-9.66163
-3.63537	-9.92271
-4.08586	-12.0681
-1.47803	-11.9605
-3.30139	-11.2962
-3.68126	-11.1833
-5.42694	-10.5617
-4.09466	-9.37822
-3.01581	-9.53648
-3.04967	-9.67157
-4.62238	-9.65344
-5.10179	-9.93406
-5.28321	-8.92429
-5.98566	-9.70906
-3.33369	-8.57693
-5.14468	-8.45354
-3.94354	-8.41044
-5.71542	-9.30382
-4.9633	-10.2669
-3.40989	-9.75519
-3.52207	-10.9957
-2.14981	-10.2605
-4.52802	-10.0292
-3.13585	-11.4832
-3.92391	-9.30516
-3.86467	-8.91843
-3.47034	-9.35528
-5.61743	-8.81367
-4.68735	-10.4053
-0.403205	-11.7341
-1.82671	-11.5875
-2.70724	-10.4406
-5.074	-11.2019
-5.71549	-9.77688
-5.66321	-12.0881
-4.58107	-9.95132
-5.34552	-9.71554
-1.52139	-11.4346
-5.44321	-9.73124
-3.02408	-9.56341
-5.20562	-10.2838
-4.01426	-8.77235
-3.80004	-11.0685
0.386127	-7.75249
-2.77107	-9.17943
-3.27169	-9.65708
0.630636	-14.8651
-3.70528	-10.778
-4.47431	-11.3282
-5.16359	-9.36376
-5.27996	-10.0071
-5.57123	-11.4692
-4.3584	-9.92912
-2.37733	-8.25838
-5.12278	-9.86835
-5.37967	-11.1657
-4.93787	-8.67683
-3.064	-11.4637
-4.16269	-10.0239
-4.36081	-9.79176
-5.83353	-10.6802
-3.70356	-9.21337
-6.22558	-10.0514
-5.09117	-11.5456
-4.52531	-11.0213
-4.06852	-10.8363
-5.97699	-11.5631
-5.24474	-10.8735
-3.91959	-11.443
-3.85457	-9.42218
-5.0775	-9.73674
-3.50103	-10.5207
-3.23597	-10.3118
-4.25522	-9.75544
-3.62685	-11.3708
-4.09777	-8.76255
-4.24078	-11.2536
-2.79945	-10.3581
-1.89036	-8.79201
-4.56365	-10.9502
-3.40922	-9.24082
-3.84122	-9.96157
-3.5845	-10.3488
-4.09602	-11.4329
-4.38081	-11.8204
-4.35271	-9.3128
-4.24497	-11.1182
-5.86977	-10.6085
-2.65267	-9.10291
-3.85973	-12.0291
-5.79032	-10.5656
-3.51338	-7.53388
-4.02981	-10.8168
-3.94962	-10.4203
-3.27284	-9.41514
-3.50854	-10.8787
-4.39322	-10.6227
-4.81166	-10.3151
-3.84696	-11.9203
-3.28628	-9.0928
-5.43425	-10.8576
-2.08756	-11.0899
-3.6075	-10.2736
-4.34028	-9.95916
-1.99016	-8.95872
-5.25109	-10.3704
-4.74432	-9.70119
-5.03535	-10.302
-4.13757	-10.2969
-4.71936	-10.3911
-4.61478	-10.9562
-3.04018	-9.80933
-4.14997	-8.95208
-4.04882	-9.45151
-4.9433	-9.64392
-5.50127	-8.73264
-4.19933	-11.6089
-4.23903	-10.9859
-3.24602	-11.3444
-2.71809	-10.9279
-5.17759	-9.7897
-3.97222	-9.10481
-4.10674	-10.7494
-1.65684	-10.4698
-3.9218	-11.8029
-3.38366	-12.2194
-4.86844	-11.1098
-3.41764	-9.42216
-2.88019	-9.63238
-3.34819	-10.1634
-5.01046	-8.98024
-4.89608	-8.4307
-1.56947	-10.1471
-3.35127	-10.6028
-4.03492	-10.5545
-5.27447	-9.15613
-4.58825	-8.13094
-3.05505	-9.49587
-3.50943	-9.6405
-6.24541	-9.5348
-5.24933	-9.24376
0.2134	-8.92607
-4.98263	-9.92862
-3.37519	-9.00152
-4.30951	-10.88
-4.32067	-11.3045
-5.78567	-11.3661
-4.75917	-8.71518
-4.5976	-8.39948
-4.15668	-9.78079
-4.43248	-10.1313
-3.94256	-9.17476
-3.86999	-11.0988
-4.43922	-11.0344
-5.12046	-11.4713
-2.07708	-11.078
-2.97127	-9.67685
-4.0392	-11.3257
-3.89322	-11.6406
-3.25934	-10.4903
-3.36875	-9.15832
-3.62392	-11.9741
-4.28986	-9.23858
-3.24009	-8.69963
-1.6336	-9.8821
-3.26034	-10.768
-1.87326	-8.52259
-1.89856	-10.652
-3.24993	-10.3642
-2.93579	-10.5366
-4.97358	-12.218
-4.52024	-8.73829
-2.60245	-10.2608
-5.94562	-12.1272
-4.77333	-11.5519
-5.18477	-10.6519
-4.03524	-10.5327
-3.88446	-10.2406
-4.08596	-9.58193
-2.86961	-11.5564
-4.16229	-11.2167
-5.19409	-11.4122
-2.96561	-10.5772
-1.96696	-11.2973
-3.27455	-11.9178
-3.77591	-11.69
-4.97821	-10.5085
-5.00024	-11.9415
-4.64911	-10.7376
-3.19715	-9.13375
-5.25862	-11.0352
-3.18522	-11.0901
-4.18377	-9.48091
-3.65334	-11.8009
-3.33282	-9.35091
-3.97849	-10.5585
-4.25665	-10.3284
-4.63505	-10.0428
-4.52953	-11.1306
-2.56437	-10.1235
-3.85989	-9.79663
-3.8021	-9.36194
-5.77575	-11.3629
-4.71479	-10.6037
-4.00025	-10.6569
-3.94844	-9.22504
-4.07664	-11.5076
-4.85303	-9.18373
-3.25597	-10.0725
-3.02413	-10.3754
-3.45206	-9.80321
-3.03181	-11.1635
-4.50035	-12.1117
-3.41782	-7.66921
-4.04704	-10.375
-5.0567	-9.26036
-4.00603	-10.3176
-3.39549	-7.95629
-3.09776	-11.9078
-5.66907	-11.7092
-4.48872	-11.2918
-4.08569	-9.51721
-3.64781	-9.95546
-4.94351	-7.92931
-3.66793	-9.07741
-4.09811	-7.2398
-2.84613	-10.8084
-5.4325	-9.14551
-4.3852	-10.4117
-3.36151	-10.2934
-4.54589	-8.87644
-3.678	-11.0737
-3.49344	-10.4327
-4.48273	-9.41633
-5.61402	-9.91362
-4.92718	-10.0951
-4.92401	-9.55583
-3.0632	-10.3157
-4.96838	-9.75338
-3.93613	-9.69648
-4.56225	-9.71869
-2.41841	-8.68124
-3.74235	-7.82626
-4.61484	-8.99118
-5.22841	-7.82897
-4.33017	-10.0354
-5.21989	-8.91993
-5.11535	-10.2105
-3.23128	-11.5204
-5.69505	-10.5362
-3.24683	-9.4984
-3.03736	-11.3364
-4.2368	-11.3776
-4.00217	-10.735
-3.50477	-10.042
-2.89128	-10.931
-3.38425	-9.67126
-3.34785	-9.08047
-4.39799	-9.5614
-3.55697	-11.4383
-3.62452	-10.3301
-2.05243	-12.4666
-5.86443	-8.99078
-4.87673	-11.2861
-1.85669	-8.53196
-3.50324	-10.0505
-4.13708	-9.44619
-3.69704	-9.8971
-5.18552	-9.46929
-3.96334	-8.53017
-3.66237	-10.0172
-4.65496	-10.3297
-3.89569	-9.28508
-3.27265	-8.94112
-3.57942	-9.91784
-5.1528	-10.3721
-3.12075	-7.83195
-4.25117	-9.87261
-3.22038	-10.6106
-3.08201	-11.2568
-2.98406	-10.8509
-4.26261	-10.5635
-4.48216	-10.1466
-4.00518	-9.77944
-2.4781	-7.35161
-3.65051	-10.3086
-3.49158	-9.46069
-3.59606	-8.58054
-3.65487	-11.7708
-4.38527	-9.81896
-3.7952	-10.7271
-4.85241	-9.17589
-5.46755	-8.58089
-4.82917	-10.3221
-3.83481	-10.1616
-3.34078	-10.402
-4.04957	-10.9649
-4.58079	-8.8344
-3.25816	-8.80925
-3.50936	-10.6102
-2.99062	-11.0508
-5.16756	-9.65202
-5.33416	-10.4737
-4.63264	-8.46566
-3.26042	-9.97944
-2.03242	-11.0495
-5.08761	-11.3024
-5.5827	-10.4091
-5.06989	-10.4858
-4.74534	-10.6981
-5.55721	-11.6978
-3.48192	-11.1121
-4.77154	-8.0884
-3.81609	-11.8311
-3.00488	-11.5134
-2.39323	-9.8541
-5.43155	-7.54303
-4.24434	-9.97463
-3.88463	-9.48099
-3.16497	-11.756
-5.65448	-9.02465
-3.99671	-9.89314
-4.92272	-11.061
-5.38192	-11.7358
-4.01789	-10.6855
3.15546	-13.7832
-4.89496	-9.19771
-2.04007	-9.25298
-5.96309	-8.69052
-2.30548	-11.074
-2.34318	-7.87643
-3.25385	-11.0208
-3.119	-10.7298
-4.75272	-10.7652
-1.31996	-14.1175
-4.3348	-11.6018
-5.19388	-10.5443
-4.58433	-10.7995
-5.33993	-8.30431
-4.23543	-11.4499
-3.74748	-9.3029
-5.35413	-10.4925
-5.43933	-11.4099
-3.79356	-10.2025
-4.55091	-11.2192
-4.34	-9.06126
-4.41673	-10.1059
-4.68272	-10.0983
-3.08449	-10.7311
-4.79236	-9.14097
-3.39842	-10.1128
-1.39241	-8.46439
-4.33788	-9.13267
-3.34018	-9.37579
-4.11858	-10.2876
-2.93036	-11.1814
-4.17537	-8.52398
-3.78445	-9.37955
-4.65924	-10.1382
-4.144	-9.64043
-3.48723	-9.63798
-5.97026	-10.1014
-1.05577	-8.31744
-5.80728	-10.5053
-2.81333	-10.976
-2.60949	-10.0288
-1.50483	-9.0856
-1.91223	-8.59528
-3.8811	-11.152
-3.1666	-9.93368
-5.03414	-10.4757
-5.53017	-10.2638
-2.59363	-9.83072
-5.88811	-11.7021
-1.50352	-12.6114
-5.06023	-11.9177
-5.61702	-9.75491
-2.51263	-12.9082
-3.68359	-10.2184
-4.60021	-9.25983
-3.80324	-10.2982
-3.33257	-9.65318
-3.28125	-9.04808
-2.46674	-9.9402
-3.02345	-10.1904
-2.67307	-7.94889
-5.3527	-8.85373
-3.61348	-6.38934
-3.64109	-9.13374
-5.31334	-9.9871
-4.98401	-9.5434
-5.74151	-11.7539
-5.7042	-10.5138
-4.91589	-9.07247
-5.26925	-9.21051
-5.53995	-9.1773
-3.43362	-10.3
-5.18259	-11.5703
-4.48344	-11.5244
-4.37835	-9.18628
-4.97827	-9.3119
-3.69881	-10.5802
-5.57025	-9.90257
-5.56402	-10.0328
-2.91301	-8.7107
-2.86494	-8.92516
-5.64249	-9.41667
-4.66029	-12.0664
-4.24657	-10.347
-3.44863	-11.5693
-4.12476	-10.6905
-5.23987	-9.79974
-3.17796	-11.1476
-5.12261	-10.6747
-3.01278	-11.4604
-6.00556	-10.0479
-3.99214	-9.13076
-4.48166	-9.1285
-4.19567	-9.1499
-3.42565	-9.26075
-2.06177	-10.5428
-2.90303	-10.349
-2.79925	-8.1871
-5.48338	-9.8281
-5.88917	-10.5259
-5.69167	-9.62138
-5.13961	-11.9271
-4.74701	-10.5804
-0.405037	-14.0861
-3.56162	-8.91076
-3.09786	-11.8065
-3.40023	-7.80904
-4.55254	-11.4438
-4.46941	-10.0871
-2.51865	-8.63476
-4.61561	-10.6649
-5.42426	-9.35767
-3.64129	-11.5484
-5.61475	-10.5245
-0.043554	-9.49884
-3.62691	-10.396
-5.7785	-10.656
-3.00081	-9.0492
-3.49698	-9.24698
-3.51557	-10.1094
-5.77927	-10.825
-3.86775	-8.96663
-4.24337	-9.92784
-4.60657	-11.8199
-4.25097	-8.54797
-3.9145	-11.1455
-3.70813	-11.1653
-3.39843	-11.4296
-4.36021	-11.2541
-3.6615	-10.9636
-2.89559	-11.5586
-3.53256	-9.15029
-4.77199	-9.66557
-4.51263	-8.62683
-4.93349	-11.5781
-2.74656	-9.89712
-2.66733	-10.5216
-2.72313	-8.69461
-3.39662	-10.1859
-3.80659	-9.50859
-3.12836	-11.2841
-5.835	-11.9879
-3.47054	-11.1137
-3.74584	-10.6562
-3.32294	-11.5901
-2.67437	-10.4534
-4.77599	-11.1142
-4.09001	-11.2214
-5.21192	-8.42187
-5.46583	-10.4052
-5.41516	-10.3222
-4.1303	-9.54393
-4.08201	-12.0936
-0.966053	-4.19048
-4.50162	-10.669
-3.99464	-1.32958
-3.34718	-9.61695
-4.12934	-7.72256
-5.54038	-11.2957
-3.59852	-12.1693
-3.96746	-11.1573
-5.73157	-10.6013
-3.68991	-11.5263
-4.57864	-10.8907
-2.12264	-1.08138
-5.34625	-10.6768
-4.61472	-9.15084
-3.5346	-10.9192
-5.68178	-10.2146
-3.91456	-8.16888
-5.33851	-11.2318
-3.07795	-8.41386
-4.91624	-9.78296
-5.20396	-9.94227
-2.81934	-10.3308
-4.1478	-10.6654
-3.36872	-11.2637
-2.97401	-10.6221
-4.08699	-10.7039
-4.50538	-10.0219
-3.3318	-8.25632
-2.41438	-9.61813
-4.85404	-10.4699
-4.58772	-10.9821
-4.86361	-8.86836
-4.48319	-8.2003
-2.44651	-10.6467
-3.51975	-9.57069
-3.42468	-9.96627
-3.17188	-8.80268
-5.00602	-8.75268
-5.14491	-11.4677
-3.96151	-10.3259
-4.70437	-11.6084
-3.78286	-9.02902
-5.88591	-9.85001
-4.05914	-11.6041
-3.67582	-10.541
-5.54785	-7.56469
-4.02524	-9.51244
-3.9408	-9.26699
-3.52088	-10.8049
-3.65777	-8.25252
-3.50908	-11.599
-3.84895	-11.4472
-2.06411	-10.5676
-2.09853	-8.81715
-4.0667	-12.1177
-4.79406	-8.08978
-5.50637	-11.537
-5.1403	-8.46324
-5.32137	-11.5264
-3.90397	-10.7285
-5.30465	-8.4142
-5.85051	-10.4291
-5.3095	-8.93486
-5.85656	-9.30565
-3.23498	-8.44953
-6.05912	-10.7413
-1.32134	-9.56738
-4.21877	-10.249
-5.17108	-10.1375
-4.23024	-9.84549
-2.24801	-11.2196
-3.23468	-11.5663
-4.81889	-9.74774
-4.92195	-11.6718
-3.61355	-10.5753
-4.7493	-8.51281
-4.9203	-9.66259
-3.9196	-8.35511
-4.2452	-10.2099
-2.62738	-10.64
-3.45292	-9.31429
-2.41711	-10.1991
-5.76973	-11.0218
-5.3194	-9.36315
-1.6325	-10.5289
-3.06466	-9.53472
-3.97296	-9.3186
-1.68869	-10.5186
-5.04088	-9.84762
-3.2762	-10.1737
-3.67464	-11.689
-3.15057	-11.0065
-5.23024	-9.97345
-3.87295	-11.7038
-5.31508	-9.92447
-2.71553	-9.26155
-2.80535	-11.6302
-5.39003	-11.9689
-3.54426	-10.0171
-4.71045	-9.442
-3.59775	-9.70418
-1.48668	-10.1119
-3.87974	-10.9063
-4.51884	-10.776
-5.80521	-9.80488
-4.80491	-9.41807
-5.76289	-10.4289
-5.04374	-9.16787
-2.88903	-10.3264
-4.19113	-10.3549
-3.13443	-8.48641
-4.57597	-9.88179
-3.65701	-7.42351
-3.54564	-10.9393
-1.77715	-10.8115
-3.91936	-9.88171
-5.81694	-10.5725
-4.80818	-11.7089
-2.89556	-9.21289
-2.9753	-10.0936
-2.44081	-10.8923
-3.33595	-10.5175
-2.88101	-12.089
-4.08831	-11.1324
-3.92247	-9.24397
-5.55073	-9.15496
-5.3876	-8.1179
-5.50827	-10.1826
-5.68733	-9.56274
-5.47754	-11.7602
-4.26687	-9.76237
-3.89704	-8.66698
-1.42998	-10.9118
-5.1808	-8.40006
-3.09389	-10.6703
-5.5667	-9.95209
-3.51355	-9.06659
-4.89266	-10.1027
-1.85672	-9.85607
-3.5577	-9.52285
-5.96061	-8.19201
-4.37854	-11.0252
-4.71101	-9.86805
-2.64099	-9.80273
4.36528	-0.611525
-3.18194	-10.4492
-5.41901	-11.6447
-4.3124	-11.1739
-4.9252	-10.6797
-6.09199	-11.5575
-2.95699	-11.7049
-5.78615	-7.78705
-5.03879	-9.48988
-3.61692	-11.9004
-3.39287	-11.303
-2.3468	-8.80608
-4.38788	-9.07014
-3.76464	-10.0515
-4.34298	-9.62969
-2.12594	-11.0377
-4.47394	-8.9826
-4.62195	-10.9877
-5.02532	-11.1542
-5.22331	-9.16828
-5.85067	-9.69723
-4.37365	-9.28138
-4.36403	-10.6095
-3.45844	-10.8963
-5.21071	-9.20012
-5.02838	-7.16694
-2.6165	-10.3439
-3.27437	-11.9665
-3.69511	-9.13293
-3.60431	-9.61429
-4.57589	-9.64532
-0.493133	-8.64404
-4.32425	-9.83127
-2.07003	-8.67136
-4.09777	-9.53703
-3.17254	-9.96487
-3.84654	-9.23568
-2.91533	-9.83791
-3.89902	-9.89612
-2.21966	-12.1458
-2.70941	-9.44825
-4.33716	-10.1265
-4.85558	-10.7194
-4.09337	-9.16328
-1.67775	-6.6396
-3.00552	-10.1591
-3.70062	-10.8678
-4.55539	-8.3021
1.55273	-13.8514
-4.32489	-9.99073
-4.61671	-10.5114
-2.59625	-10.7531
-4.45233	-10.8987
-3.48234	-11.306
-4.66927	-9.73539
-3.96291	-11.2638
-5.20842	-8.76994
-3.89166	-7.51562
-4.14683	-10.9104
-3.02365	-9.24501
-4.70912	-8.28401
-3.52008	-11.015
-3.69113	-8.25045
-3.97311	-9.56354
-2.11311	-8.03643
-4.51866	-8.68966
-5.75173	-10.0936
-4.14617	-10.091
-4.52661	-8.88513
-4.65904	-11.2508
-3.14025	-11.4254
-3.76605	-10.0961
-3.63568	-11.1364
-3.76301	-10.0891
-4.3929	-10.3911
-4.75688	-9.42119
-2.65297	-9.6578
-4.91286	-11.1346
-5.63987	-8.96949
-0.168456	-8.00262
-4.69827	-11.065
-3.70861	-8.799
-5.17489	-10.6109
-4.666	-10.7171
-4.6734	-11.2347
-5.16389	-9.52437
-6.05399	-9.38756
-3.55495	-10.3154
-2.98121	-9.48302
-3.89603	-9.39749
-4.93683	-9.93386
-3.79643	-10.2938
-4.64638	-9.2607
-3.55752	-6.99832
-5.99991	-9.2535
-2.49907	-10.922
-3.96597	-8.12341
0.372279	-13.3701
-3.98509	-11.687
-2.9735	-11.0073
-4.63803	-8.85683
-3.8365	-9.01001
-5.62387	-11.3739
-5.38827	-8.88281
-5.89661	-10.8443
-6.01835	-11.4847
-2.72536	-10.9568
-6.13275	-9.85354
-5.48258	-9.36012
-2.01052	-9.20081
-4.10533	-9.61041
-3.24279	-10.1451
-3.20191	-10.8574
-2.38244	-11.1818
-4.31073	-11.2428
-4.36997	-11.1033
-3.0091	-10.5245
-4.79322	-8.48815
-3.5438	-10.1412
-2.98916	-9.74846
-4.44309	-9.07529
-3.76121	-9.31382
-4.38917	-10.8277
-4.67714	-11.3684
-3.92349	-11.2512
-4.38343	-11.0108
-3.97383	-7.93157
-2.88355	-9.93118
-4.10195	-11.2105
-5.78793	-9.24256
-5.16334	-9.67643
-3.21383	-10.6525
-3.90041	-11.3447
-2.06486	-10.4663
-4.19875	-10.6564
-4.4236	-8.86339
-2.83633	-11.3447
-2.36426	-8.05215
-1.3406	-10.6363
-4.84093	-8.87009
-4.941	-8.58745
-1.70166	-12.7378
-5.74301	-9.97568
-3.69685	-9.19168
-3.46835	-11.4738
-3.52791	-9.78742
-3.85819	-8.91711
-4.49423	-8.61004
-4.01291	-9.23326
-4.68453	-9.50181
-3.83987	-9.76832
-5.02545	-9.73993
-4.9047	-10.5619
-2.34291	-9.44234
-5.22429	-8.98063
-4.0429	-8.87572
-5.86259	-11.5898
-1.74602	-12.3062
-4.53856	-9.61501
-4.39606	-9.87326
-4.02615	-11.7648
-3.1102	-11.0857
-4.74111	-10.2524
-4.45292	-9.79356
-5.32259	-11.6932
-5.45093	-9.44401
-4.00305	-8.91145
-2.8749	-9.19136
-4.04716	-10.5327
-6.06716	-11.2257
-3.53641	-10.4258
-1.28867	-3.44214
-4.63478	-9.31971
-4.6956	-11.1009
-3.88625	-11.0428
-3.71295	-10.954
-4.01031	-11.5249
-4.74768	-7.54448
-5.86667	-9.91494
-3.48877	-10.079
-2.63276	-11.5818
-3.53797	-10.6551
-4.42333	-11.4392
-4.79999	-7.77011
-2.30472	-11.1977
-5.52283	-8.65187
-3.17252	-9.57823
-3.38057	-8.75907
-4.65318	-11.3218
-4.39704	-10.0672
-5.73371	-10.4384
-4.83036	-9.12887
-3.55213	-9.18399
-5.49573	-11.5399
-3.16587	-10.5661
-1.60172	-9.08906
-4.42364	-10.5918
-5.33621	-8.42606
-2.51834	-10.5963
-3.68999	-10.1661
-5.19881	-11.0331
-3.15365	-9.7929
-4.53867	-8.89639
-3.71634	-9.71638
-4.77929	-8.04966
-3.86483	-10.6589
-3.23723	-10.5486
-5.45297	-8.97411
-5.41171	-11.4548
-5.30824	-11.2963
-3.482	-11.0463
-3.98211	-10.1357
-6.19324	-10.2382
-3.21625	-8.9176
-2.38484	-11.5128
-3.70034	-9.4089
-2.13036	-8.35676
-4.28521	-8.69673
-6.00965	-8.89535
-5.68771	-11.1324
-2.47649	-9.55145
-4.50963	-9.24044
-2.22064	-11.1828
-4.13527	-9.28302
-5.36296	-10.5151
-2.56956	3.81025
-5.28494	-11.0166
-3.42641	-11.2991
-2.44938	-3.36594
-5.92401	-10.9819
-5.4793	-8.94505
-5.59747	-10.8051
-5.33343	-11.1182
-3.72814	-8.17674
-1.12835	-11.2891
-3.76348	-11.7217
-3.98811	-8.38931
-6.05918	-11.8816
-2.17262	-9.86263
-3.38251	-9.12287
-5.03048	-7.36395
-4.07289	-8.99423
-5.54157	-10.9572
-3.92527	-8.61854
-3.12077	-7.99666
-5.86704	-10.2096
-2.46719	-11.4754
-3.64264	-10.4873
-4.07538	-9.99696
-4.72348	-10.6282
-2.49989	-11.2605
-3.712	-11.556
-3.10873	-10.1974
-3.58028	-11.7028
-4.61416	-11.18
-2.29347	-11.454
-4.31778	-7.65402
-4.58486	-9.81638
-3.79853	-8.82136
-4.8159	-11.9868
-4.42348	-9.94827
-2.93133	-10.4087
-3.85634	-10.4802
-5.38327	-9.15178
-4.83211	-7.91345
-3.14519	-8.37101
-3.38583	-11.0287
-5.28005	-9.35511
-3.9718	-11.7526
-3.95084	-9.03708
-3.1466	-11.3089
-4.20256	-11.6177
-3.69867	-9.13855
-3.26207	-11.2271
-2.93823	-10.4371
-3.81568	-7.15176
-2.17787	-9.90788
-5.08643	-10.42
-3.62577	-9.07177
-2.66861	-7.20758
-3.22673	-8.78008
-5.52104	-10.342
-5.46519	-11.2271
-3.94448	-9.25531
-4.35721	-7.72674
-4.90892	-9.60897
-3.98531	-8.79204
-4.04926	-10.3817
-3.24942	-9.23834
-3.62603	-8.85948
-4.17919	-9.42335
-4.03876	-10.1022
-4.56288	-9.21994
-5.42958	-11.8512
-3.69473	-8.68887
-2.90018	-9.75783
-3.71017	-9.42708
-5.64777	-9.36053
-3.57381	-9.7811
-1.80719	-8.9913
-4.77041	-9.28543
-4.41209	-8.69099
-4.39793	-9.0867
-4.17231	-11.9744
-4.42164	-10.0123
-4.33734	-10.5719
-5.09407	-9.24202
-2.15326	-13.5001
-5.12379	-10.2891
-3.47697	-9.64955
-3.91366	-9.46198
-3.96846	-9.61492
-3.14105	-10.1587
-4.5121	-11.7149
-3.65012	-11.2482
-4.51425	-10.0397
-5.46327	-9.45753
-5.99406	-9.88592
-2.76248	-11.2408
-2.81519	-9.74634
-1.35202	-10.7219
-3.70525	-11.8603
-2.83396	-9.99644
-4.95866	-9.34389
-2.72977	-11.0297
-3.45433	-9.39696
-5.44117	-10.5761
-3.60727	-9.57089
-5.98862	-10.6924
-3.45819	-11.8066
-3.98237	-10.2834
-5.24457	-9.6674
-5.23514	-10.5103
-5.79053	-11.6031
-4.22984	-10.75
-2.74309	-10.0646
-5.52652	-10.5208
-0.311209	-8.8882
-3.4312	-9.25982
-4.14482	-8.64456
-5.71845	-11.7202
-4.87542	-10.3517
-4.7298	-11.5016
-4.77991	-8.89114
-3.29561	-8.97977
-3.17623	-9.95877
-3.82564	-9.93097
-5.77562	-9.31662
-3.35973	-10.8505
-2.93991	-10.8724
-4.66463	-10.2117
-3.90044	-10.3747
-5.90495	-9.60501
-3.21776	-9.20185
-4.06315	-10.5146
-5.34313	-10.9861
-4.6267	-8.32432
-4.73019	-9.06397
-2.69327	-9.05523
-3.65344	-9.28969
-5.24647	-11.4494
-4.30494	-10.2249
-4.32338	-8.84066
-5.24047	-9.9434
-4.83969	-10.5727
-5.86303	-8.29602
-2.68251	-7.58457
-3.37316	-9.48807
-5.01005	-11.4799
-4.66994	-10.5353
-3.07341	-11.027
-4.75054	-11.0767
3.08156	-6.67312
-5.17457	-7.98118
-4.65065	-11.1226
-2.83408	-10.4153
-5.20329	-10.9366
-2.30138	-9.73157
-2.74082	-8.44096
-3.34798	-10.1052
-3.39168	-9.5522
-4.68197	-10.5759
-4.909	-10.7477
-6.03443	-10.171
-3.10641	-10.9605
-5.79552	-11.0036
-3.69816	-10.1808
-3.90108	-8.84691
-2.87484	-10.178
-5.55841	-11.6672
-5.36007	-11.6453
-2.62119	-11.4827
-4.11329	-10.0509
-3.54025	-11.0051
-1.06712	-9.95841
-4.86359	-10.954
-2.10874	-10.853
-4.559	-11.9437
-3.31252	-10.6438
-3.85807	-11.2389
-3.55144	-10.6065
0.262757	-6.21751
-2.99568	-10.7095
-3.77093	-10.1647
-5.23317	-8.41793
-4.04221	-9.86459
-5.90881	-11.1547
-4.09821	-10.0877
-4.20848	-10.5856
-3.33615	-11.5774
-2.60156	-12.6793
-3.10598	-8.34003
-3.14468	-10.6396
-1.72472	-8.80897
-3.41071	-10.1959
-3.49878	-11.206
-4.0091	-9.71662
-4.05413	-11.291
-2.27692	-10.6945
-3.10066	-10.8739
-3.33166	-9.78591
-0.595782	-4.44445
-4.06474	-11.5776
-2.11451	-9.82311
-3.53604	-9.16048
-4.70332	-11.9012
-2.33745	-11.0465
-5.81485	-10.4067
-4.84054	-10.7247
-4.83304	-10.5979
-3.39942	-9.75305
-4.18546	-10.2443
-3.70789	-11.5471
-2.96574	-11.6562
-3.62154	-9.20503
-3.88612	-10.7626
-4.54773	-10.2112
-3.79165	-11.1598
-4.91142	-11.4762
-3.06134	-10.9002
-4.5704	-11.1701
-2.99143	-9.17229
-2.9042	-11.0347
-5.22906	-9.59712
-4.28157	-11.0113
-3.9648	-9.65027
-2.09275	-11.6207
-3.78546	-10.4351
-3.05442	-11.1134
-3.44357	-9.7278
-3.40044	-9.84146
-5.3117	-10.5836
-5.48109	-9.60096
-6.0113	-9.8086
-3.25751	-9.13163
-5.51855	-10.1954
-3.31596	-10.7303
-4.79459	-9.86629
-5.06079	-10.1905
-5.92303	-10.8419
-3.89452	-11.4853
-2.79092	-10.7213
-3.29176	-10.7587
-3.17971	-11.8452
-4.62252	-11.1849
-2.87955	-11.296
-3.2187	-10.309
-3.22294	-10.0534
-4.3168	-9.56626
-5.30974	-10.0864
-4.49082	-10.9667
-3.60168	-11.1579
-3.66355	-11.0739
-3.39529	-10.2203
-2.48559	-10.2994
-3.51847	-10.6043
-2.97418	-11.3394
-5.59214	-10.7223
-3.61533	-10.0432
-4.5796	-9.46922
-4.47918	-10.0447
-3.78666	-10.3929
-2.82007	-10.1967
-2.67339	-11.3813
-3.97749	-9.96646
-3.09664	-12.2043
-3.57717	-10.5718
-3.08543	-11.2378
-5.13967	-9.58036
-3.24684	-10.287
-3.54515	-10.6813
0.33956	-1.78021
-4.25539	-8.8863
-4.29245	-10.5283
-5.83917	-11.6175
-5.45239	-11.4697
-4.98568	-9.25602
-5.5675	-10.4992
-6.13919	-11.0293
-3.73042	-9.08011
-3.50408	-10.0838
-4.45659	-8.6231
-3.27091	-10.6317
-2.65884	-10.7876
-3.11524	-11.0308
-4.07406	-8.77827
-2.82775	-9.76427
-3.54877	-9.39487
-5.0641	-9.42537
-4.68414	-9.44989
-4.52917	-11.5512
-2.6377	-7.71951
-5.96773	-9.37349
-3.29284	-11.0065
-3.76864	-9.06443
-4.80722	-9.572
-3.48856	-8.15718
-1.83868	-9.14797
-3.04846	-10.1308
-3.59816	-10.1846
-3.25106	-9.61654
-4.37506	-8.77602
-4.39766	-10.2599
-5.30979	-9.80809
-2.97888	-11.2372
-4.26963	-11.1694
-4.39195	-9.83344
-5.09945	-10.1018
-2.25782	-8.38775
-5.38945	-10.0413
-3.38821	-9.89996
-5.39085	-9.42495
-5.26336	-8.82852
-4.49607	-8.91613
-5.15268	-9.84878
-1.76057	-9.79278
-4.12141	-10.3622
-3.39853	-11.113
-2.73654	-10.8433
-1.93522	-12.1267
-4.43054	-10.6946
-3.02526	-10.1603
-3.09389	-11.8111
-3.80752	-7.20527
-5.88353	-10.367
-3.93454	-9.71606
-3.90072	-9.12015
-3.32424	-11.1475
-5.55994	-10.6148
-4.21757	-9.76321
-4.45571	-9.92489
-3.31703	-11.5231
-4.69003	-10.7722
-3.56359	-9.79673
-5.31641	-9.96738
-5.74104	-9.90535
-2.44959	-10.2229
-4.91349	-11.1123
-3.11029	-11.2042
-3.8168	-9.62984
-4.89425	-12.1354
-5.36675	-9.74854
-5.30011	-10.3877
-4.73404	-9.86467
-2.13777	-10.6802
-4.23131	-9.32417
-5.23263	-10.6892
-5.14564	-9.5955
-2.92468	-11.3817
-2.21288	-8.68464
-1.17703	-11.8588
-1.85945	-10.5243
-3.00295	-7.93759
-4.33616	-10.6377
-1.68592	-10.8048
-5.68799	-10.4351
-3.94871	-9.60056
-4.77838	-10.0402
-3.48467	-11.3399
-5.02615	-12.2281
-4.21103	-8.60861
-5.03663	-9.98143
-2.76092	-10.1464
-4.21844	-11.3528
-4.38958	-8.67193
-2.85884	-10.9771
-4.81975	-10.1156
-3.19292	-11.8874
-2.76329	-9.93
-3.22806	-10.5054
-5.08698	-10.5849
-1.69566	-10.0677
-3.56795	-10.9385
-1.80511	-9.61591
-4.00669	-8.1511
-4.5901	-9.47992
-5.69301	-8.16319
-2.57677	-11.3985
-3.45742	-10.077
-5.88585	-7.16647
-4.10895	-10.9956
-4.38234	-10.7534
-3.56119	-9.14893
-3.10796	-8.87098
-5.41573	-10.7253
-4.40531	-9.29844
-3.30281	-11.6557
-4.65029	-9.05909
-4.43249	-8.42853
-3.98697	-10.1303
-3.45706	-8.83107
-3.20383	-9.93726
-4.30908	-9.47517
-4.09467	-10.8039
-4.07945	-8.29445
-2.68519	-10.8369
-1.86841	-8.17156
-2.94492	-10.5031
-4.14073	-10.8297
-3.95894	-9.27356
-4.70595	-10.4245
-2.64415	-11.2831
-5.14764	-8.91516
-4.08025	-9.55039
-3.56875	-10.052
-5.63158	-8.61201
-3.64594	-11.6275
-4.14718	-8.60183
-4.54043	-9.41303
-3.96274	-8.4253
-4.44646	-9.65481
-4.36247	-10.4127
-4.3208	-11.7188
-0.883965	-10.1377
-2.77799	-12.537
-4.03557	-11.4705
-4.79001	-10.059
-4.66552	-10.3732
-4.16322	-8.50251
-3.35267	-10.0931
-3.21909	-9.14227
1.2649	-12.038
-4.37023	-11.0202
-5.35243	-9.69922
-5.7381	-9.78926
-4.08822	-8.79701
-3.20354	-9.0681
-3.56502	-7.91131
-2.84868	-9.60986
-3.01854	-8.45885
-5.65968	-8.40838
-1.97976	-8.43509
-4.21744	-11.1314
-2.8503	-10.0474
-2.53311	-10.1492
-3.8499	-11.3926
-2.55411	-11.5789
-3.53244	-8.9982
-4.59461	-10.1818
-1.37392	-10.7965
-3.16059	-8.45482
-3.16586	-11.3557
-4.88503	-9.82604
-3.87297	-9.83963
-3.42542	-11.0306
-4.53302	-9.76516
-4.83565	-10.2401
-4.79349	-11.4546
-4.03646	-8.28822
-2.65833	-8.95688
-2.51542	-12.116
-5.47853	-10.3644
-2.82154	-8.46109
-5.55521	-9.52674
-4.19509	-9.72208
-2.93975	-10.5678
-2.80812	-12.0619
-3.61323	-11.1214
-3.02617	-9.97583
-5.7257	-9.74072
-5.42028	-10.9101
-4.38619	-11.2935
-3.66045	-9.16498
-4.06344	-9.18732
-4.57113	-11.6549
-3.64808	-11.5349
-5.93118	-9.82607
-4.24902	-8.7321
-5.5136	-10.0956
-5.13511	-8.24112
-6.05955	-8.39151
-3.36832	-9.25913
-3.43845	-9.13723
-3.00431	-8.60144
-3.68835	-8.83069
-4.8442	-10.7974
-2.97154	-11.7615
-3.49826	-11.3062
-2.85327	-10.1078
-4.93538	-10.5293
-2.09735	-10.9642
-5.75051	-10.5062
-5.338	-8.90878
-5.83017	-9.10329
-2.98679	-9.84394
-4.00679	-10.0756
-4.97855	-8.41883
-3.72179	-9.25149
-4.45842	-10.1008
-6.2401	-10.6418
-6.17523	-9.26652
-5.95284	-9.40717
-2.85758	-10.9822
-4.62029	-11.1694
-2.85857	-8.18371
-3.0964	-8.99786
-4.88576	-9.6645
-3.1095	-10.0417
-5.7346	-10.7546
-5.40689	-10.7651
-4.58125	-11.7354
-2.29991	-9.54319
-3.11754	-11.2587
-2.56458	-11.5558
-1.9066	-10.4305
-4.1783	-10.9102
-4.83484	-9.84158
-5.24632	-9.04548
-5.24667	-10.3344
-3.20733	-9.58857
-4.22816	-10.222
-5.87343	-10.8459
-4.32605	-10.8794
-5.24036	-9.5975
-2.42281	-10.0534
-2.97629	-8.98142
-2.03881	-9.90619
-5.32712	-8.76339
-5.43755	-9.43568
-3.97669	-11.1429
-3.19723	-11.8363
-4.06408	-9.62379
-2.68438	-10.8291
-4.47321	-9.40053
-2.34955	-8.11049
-3.75588	-9.1165
-1.67587	-11.7943
-6.12952	-9.62986
-5.37539	-9.11217
-2.30485	-12.047
-3.66101	-9.38926
-5.86922	-9.38576
-4.83912	-11.0165
-3.54644	-9.76246
-3.70912	-10.7594
-3.45446	-9.58251
-4.23455	-8.17095
-3.40669	-10.7866
-5.05585	-10.3529
-3.23694	-10.0359
-5.32503	-9.05806
-6.16822	-9.8993
-3.29503	-10.4626
-4.18902	-10.8178
-3.34431	-9.05517
-3.72411	-8.23732
-3.9324	-10.5943
-3.3231	-9.69787
-4.51524	-10.9927
-4.72634	-7.51545
1.95128	-7.25315
-3.1287	-8.99539
-5.51244	-10.7639
-5.75927	-11.6701
-4.35071	-10.644
-4.78669	-10.3473
-3.52329	-10.6108
-4.25635	-9.99688
-5.30844	-10.9134
-3.03492	-10.1178
-4.68636	-11.3483
-4.18579	-9.06877
10.8492	-13.7486
-2.13988	-6.96289
-5.55334	-10.4729
-4.22378	-10.0409
-3.89278	-9.46435
-5.4991	-9.53931
-5.50463	-9.03542
-5.19338	-11.0044
-2.46024	-11.9795
-3.36055	-9.6372
-5.6931	-10.5399
-4.37824	-10.4575
-3.83816	-10.3295
-4.21593	-10.4763
-3.79701	-9.63884
-5.12884	-11.8517
-4.14511	-11.6831
-3.33122	-11.2124
-5.26327	-7.79606
-1.76743	-11.7556
-2.99352	-11.4773
-4.04638	-8.99139
-4.4778	-9.07575
-2.47275	-9.902
-4.99488	-7.79786
-4.24307	-9.98836
-4.75725	-9.48385
-3.52388	-10.2721
-3.13834	-10.8071
-5.33146	-9.94318
-3.0963	-9.38603
-2.62879	-9.31501
-2.84748	-10.7625
-3.05031	-7.22109
-4.76803	-10.3478
-5.14403	-11.3292
-3.77493	-10.5318
-5.80636	-8.373
-4.90476	-9.72515
-4.87362	-11.1973
-4.18565	-9.86813
-2.75912	-7.25474
-5.84193	-10.5628
-5.55817	-7.9212
-3.42585	-10.4092
-5.74535	-9.19273
-5.73945	-11.3871
-3.32133	-11.2446
-4.55885	-8.9815
-4.83114	-9.92802
-2.76652	-11.3229
-3.78342	-10.4778
-4.82435	-9.14053
-4.57877	-11.1978
-2.47401	-12.1522
-4.60718	-9.14567
-4.76636	-9.65925
-4.8904	-11.952
-3.92641	-11.2843
-2.11082	-9.66733
-3.35856	-11.5551
5.7703	-8.91562
-4.78155	-8.84402
-2.03943	-11.5815
-3.24806	-11.0515
-4.02132	-10.8671
-4.12572	-9.16758
-4.52573	-11.1147
-4.17706	-11.046
-2.83078	-11.1661
-2.48035	-10.1648
-2.73014	-10.5391
-2.38127	-9.56074
-1.96751	-12.0829
-3.80237	-9.00183
-5.24138	-11.7508
-3.82013	-10.772
-5.6214	-10.0082
-4.55564	-11.6855
-1.32155	-11.0657
-3.13965	-9.78999
-2.91269	-10.4994
-4.36713	-11.0181
-2.07462	-10.1855
-4.47097	-9.29149
-4.73141	-9.40805
-4.28979	-11.947
-5.33772	-11.3273
-4.53381	-10.3877
-4.38288	-9.07989
-3.30553	-10.9407
-3.63276	-9.9626
-3.50603	-8.03298
-4.14002	-11.402
-3.96091	-10.5113
-5.03202	-9.4784
-2.76412	-10.7314
-4.30131	-9.52975
-4.57684	-10.9137
-3.31633	-9.42967
-0.0172575	-11.2086
-4.34344	-9.14371
-5.56276	-11.1605
-3.79277	-10.6266
-3.965	-9.42151
-3.04692	-8.55595
-4.00344	-9.16672
-2.47369	-10.55
-2.32	-9.70698
-5.52249	-10.1412
-3.80678	-10.7892
-3.51207	-9.54629
-5.58003	-11.5495
-4.09401	-8.88008
-2.43277	-8.88893
-5.06097	-8.89298
-3.45882	-10.1814
-4.65924	-11.6337
-3.38238	-7.25896
-4.17401	-9.31467
-6.20154	-8.07683
-5.76676	-11.209
-3.94311	-11.4398
-4.76375	-9.91209
-5.65568	-11.176
-5.2321	-9.2433
-4.8186	-9.49863
-5.35924	-9.87426
-3.25656	-9.11788
-5.05924	-11.1511
-4.14682	-8.12465
-4.18917	-9.61786
-5.92264	-10.6587
-4.64756	-10.1421
-3.17839	-10.8728
-4.37345	-11.804
-4.46312	-10.7173
-4.46138	-10.7353
-3.29001	-10.0885
-2.55188	-10.8576
-4.13712	-9.98055
-4.86616	-11.5034
-4.62199	-9.67151
-3.08574	-11.7379
-3.50225	-11.5388
-3.98126	-9.70528
-3.87395	-11.1073
-4.45915	-9.13275
-3.03314	-10.1598
-3.48614	-11.3279
-4.44996	-10.9757
-2.6974	-10.4172
-3.88437	-10.4311
-3.27073	-12.1471
-2.48728	-9.89975
-3.30874	-9.44202
-4.07871	-8.65347
-3.99178	-9.33591
-3.43458	-11.0343
-2.06216	-12.2061
-2.53851	-8.89682
-1.84814	-10.1867
-5.77161	-11.1997
-4.77979	-10.0808
-2.91977	-8.00452
-4.04577	-7.46615
-4.84154	-10.8698
-5.63077	-11.277
-2.96377	-11.2205
-3.05731	-8.89514
-4.82233	-10.1029
-2.57062	-10.4349
-1.66154	-9.67243
-5.01761	-11.569
-3.87664	-9.92526
-2.81525	-9.95937
-4.97255	-9.77848
-3.02317	-11.0839
-5.68548	-10.8165
-0.195366	-12.2976
-3.3125	-9.45704
-3.99348	-11.136
-5.70524	-11.1493
-4.20561	-12.0166
-3.30209	-11.6364
-4.93888	-10.2888
-4.12103	-10.7588
-3.79695	-10.8645
-1.36568	-12.2015
-4.47545	-9.93668
8.4197	-4.82246
-5.03712	-8.6825
-5.26304	-11.2679
-1.51034	-11.5556
-4.29114	-10.8705
-4.36056	-10.6046
-2.69156	-9.25705
-4.93798	-10.7793
-4.95131	-9.01308
-2.38567	-9.95968
-3.86639	-9.12791
-3.58476	-10.4334
-5.27088	-9.08409
-4.99609	-10.6039
-4.44571	-11.9189
-4.48366	-10.5564
-1.80045	-10.2214
-4.11286	-8.9774
-4.19525	-9.48017
-3.52736	-9.57115
-4.76318	-11.2626
-4.50285	-9.25381
-2.77421	-10.9008
-4.6714	-10.7931
-5.02491	-9.0911
-2.05255	-9.07797
-4.06096	-8.2859
-5.35295	-10.6436
-4.20516	-10.9917
-4.57932	-8.48921
-4.19914	-10.6293
-3.36883	-11.5092
-3.59361	-9.93274
-5.08399	-10.2221
-3.49696	-10.2182
-5.00316	-10.8726
-4.36413	-11.0156
-3.67154	-10.1739
-3.63537	-10.3076
-3.58966	-9.64098
-4.52664	-9.00738
-4.89233	-9.1297
-4.28667	-11.6402
-3.89685	-7.75803
-4.91642	-10.2694
-2.90687	-9.10742
-3.98446	-9.4544
-5.61651	-11.4794
-3.9414	-11.3259
-3.55389	-11.824
-2.40135	-10.3922
-4.14045	-9.74676
-4.13883	-10.2791
-3.59247	-12.1366
-5.21157	-7.77234
-6.03024	-10.2769
-4.41729	-11.0518
-2.56494	-9.26258
-2.70536	-9.00238
-4.88467	-10.381
-3.81782	-9.6828
-3.35022	-11.4143
-3.53921	-9.64039
-5.04863	-7.56508
-3.55083	-8.57791
-3.96802	-9.17102
-3.92316	-9.76636
-4.25521	-10.7847
-3.20872	-11.0287
-4.72558	-9.19861
-4.75531	-8.50938
-2.73292	-11.0231
-5.7423	-10.0993
-4.47473	-10.0996
-2.31149	-8.69609
-4.70167	-9.81279
-5.21975	-10.8672
-3.33087	-10.1404
-2.61044	-11.5737
-4.82249	-10.0783
-4.26013	-8.6021
-4.14862	-9.08349
-1.19518	-8.62774
-4.57163	-9.8418
-3.91872	-12.0071
-3.8871	-11.3276
-5.81859	-10.2993
-3.1762	-8.45243
-1.19724	-11.5493
-3.46041	-9.55642
-4.58317	-10.858
-4.91175	-8.06315
-4.5561	-8.66121
-5.62694	-9.57634
-4.4781	-11.0206
-4.44992	-9.87251
-3.16555	-9.15352
-4.25399	-11.6124
-6.01635	-10.0108
-3.00104	-10.1641
-4.44075	-10.2617
-3.84234	-11.5265
-4.72717	-10.8735
-3.85457	-11.649
-3.85112	-10.741
-4.24398	-11.5683
-3.06654	-10.4356
-3.66291	-10.6961
-5.31323	-9.45583
-4.64708	-11.1884
-4.06117	-9.536
-4.53725	-8.54477
-5.83065	-9.37072
-2.3812	-10.5117
-3.95527	-8.81961
-4.77509	-10.6454
-4.77804	-9.7448
-5.83314	-9.14842
-3.4058	-9.18307
-2.88714	-10.8685
-3.05898	-11.0815
-2.85026	-9.47234
-3.94528	-10.574
-3.57623	-11.4229
-3.13163	-11.213
-5.12604	-10.6757
-4.74706	-8.97943
-4.16076	-8.46469
-3.64808	-10.0622
-2.65881	-8.01487
-2.87886	-8.96037
-3.7586	-9.37562
-3.75225	-9.06053
-5.65929	-10.0827
-4.92789	-11.3823
-2.85508	-10.3626
-3.17673	-11.2312
-2.89966	-13.1523
-4.27096	-10.7125
-3.5422	-8.79794
-3.71336	-9.21581
-5.1298	-10.4387
-5.8917	-8.50714
-5.02308	-9.61817
-4.23138	-12.0159
-3.28161	-9.04604
-3.34597	-9.56348
-5.00607	-10.6986
-3.84375	-11.1293
-5.2149	-8.13907
-4.12333	-11.0009
-3.07644	-10.4063
-4.62544	-11.5439
-5.25899	-10.2983
-4.62757	-11.627
-4.55044	-9.80461
-4.40733	-10.165
-4.72071	-10.965
-2.81332	-8.6239
-3.30421	-10.1803
-3.26943	-9.76869
-2.63575	-11.642
-2.67565	-8.50976
-5.82031	-9.49441
-4.59827	-10.2861
-3.49463	-9.50107
-3.46912	-10.9624
-4.59676	-10.8048
-4.34	-10.0172
-5.18214	-9.12099
-2.79468	-11.8303
-3.53895	-7.86551
-1.49482	-8.468
-5.47161	-10.3423
-3.97384	-10.6484
-4.50221	-11.2983
-4.46726	-8.78379
-3.37103	-11.1875
-5.35452	-9.70259
-4.39126	-8.1371
-3.9697	-7.81538
-2.95864	-9.63565
-5.09857	-9.62067
-2.09133	-10.4563
-4.38434	-11.2375
-3.87854	-9.68988
-2.90864	-8.87964
-5.48151	-9.64047
-4.44516	-12.1211
-4.19171	-8.34791
-5.44267	-9.0193
-5.37086	-9.62439
-3.1138	-11.1831
-3.9308	-8.41461
-4.54056	-9.26784
-5.57604	-11.1543
-5.4402	-9.50823
-5.59663	-9.35554
-4.58915	-8.34406
-3.35493	-10.2207
-5.13015	-9.69235
-3.63399	-9.67228
-4.34534	-9.80679
-3.95972	-9.79084
-3.66034	-7.65995
-3.7192	-8.93477
-4.47271	-7.22367
-5.45174	-11.1705
-3.95823	-9.60029
-4.81044	-10.4612
-4.78558	-9.78401
-2.47488	-9.06898
-3.46992	-9.69905
-3.11969	-9.82806
-4.21528	-11.6078
-2.31282	-9.55698
-3.53361	-11.0221
-2.9259	-7.3604
-2.92773	-7.86495
-3.49948	-10.5275
-2.2462	-9.96649
-3.29122	-9.23863
-5.64482	-11.2014
-1.13768	-10.3833
-4.10776	-10.406
-6.13238	-10.6751
-4.45548	-10.4443
-3.55125	-10.8488
-3.97542	-9.26073
-4.44657	-9.45918
-3.63812	-12.0411
-4.15721	-9.56416
-2.55964	-7.96502
-4.40673	-10.6935
-3.35536	-11.2268
-3.38472	-10.0977
-5.01648	-11.4526
-5.34791	-8.35908
-3.40768	-10.3599
-4.43481	-10.2648
-5.26036	-10.0044
-3.47813	-9.81183
-4.44523	-11.7779
-5.25174	-10.2524
-3.64155	-9.77842
-5.01425	-9.68515
-3.78413	-10.2954
-5.28723	-10.3695
-2.92273	-10.1563
-3.52732	-10.5172
-5.2337	-10.0799
-3.05567	-8.5412
-4.57926	-11.0856
-3.03317	-9.65637
-3.27676	-8.88852
-4.12278	-9.57559
-3.79106	-10.4018
-1.79846	-11.8625
-4.91489	-11.4525
-3.60917	-7.93334
-4.49603	-9.36312
-3.98427	-10.2994
-3.56415	-10.1282
-2.82001	-10.2701
-5.09974	-10.2824
-4.38636	-11.0167
-5.44212	-11.2378
-4.81333	-10.2396
-1.24738	-9.99188
-4.20582	-9.19402
-5.48396	-10.0625
-5.3148	-9.95625
-2.28872	-11.0237
-4.60616	-10.5464
-4.19126	-11.69
-3.38417	-11.1198
-3.70312	-10.8654
-3.66145	-10.4447
-5.81417	-11.5703
-2.33122	-9.10727
-4.72116	-10.208
-4.87384	-11.5082
-4.61997	-9.86669
-3.2962	-10.1591
-3.99278	-9.55195
-5.46965	-11.2314
-4.09574	-11.0662
-3.57077	-10.1052
-5.1213	-11.7148
-3.62987	-10.5744
-4.29508	-10.3187
-5.0022	-8.12289
-5.47359	-10.0387
-3.47615	-10.8396
-5.52648	-11.4033
-5.02208	-8.79921
-3.85056	-8.50366
-4.88271	-8.5515
-2.94068	-9.16812
-3.99896	-8.201
2.36967	-14.754
-5.79604	-9.94067
-2.7755	-9.68106
-4.39295	-9.1829
-5.44554	-10.0686
-2.50361	-11.4268
-3.93809	-7.52123
-4.82621	-9.44167
-4.3916	-8.23471
-4.50001	-8.84174
-4.40874	-11.3704
-4.31118	-8.30175
-5.0686	-10.3002
-4.03227	-9.14748
-3.10403	-9.07806
-5.22537	-9.32358
-5.83928	-9.50521
-5.39264	-10.3693
-2.37366	-9.99801
-4.2582	-9.88822
-4.33879	-10.1399
-2.97816	-9.28684
-4.56621	-9.99314
-5.30318	-11.2115
-1.26561	-10.4313
-4.94583	-8.79334
-5.23609	-9.23066
-2.8349	-10.0042
-3.39748	-11.2882
-1.64025	-8.96175
-5.2778	-10.7929
-3.95813	-10.4657
-2.07173	-9.5176
-3.35375	-10.3189
-2.61876	-9.44798
-3.04956	-12.7588
-6.01446	-8.64818
-5.55376	-9.09346
-5.1336	-9.8272
-4.39213	-11.3557
-2.42561	-7.05128
-4.36411	-11.339
-5.91039	-11.4961
-5.02229	-10.0877
-3.48194	-11.7006
-3.16838	-9.11979
-5.81264	-9.08593
-4.64098	-8.63211
-3.44573	-10.2102
-3.00373	-7.75322
-3.70543	-11.3795
-5.2522	-11.0115
-5.76783	-9.82594
-3.49858	-11.436
-4.25467	-9.99757
-1.82636	-10.3087
-2.89475	-11.6733
-5.26804	-9.49306
-5.08494	-9.42489
-5.05671	-11.8459
-2.77084	-9.78168
-5.11305	-11.5745
-4.50565	-9.96228
-3.2764	-11.4466
-4.29319	-9.35049
-3.61804	-11.9405
-3.83465	-10.1482
-5.33493	-10.0421
-3.25203	-8.9317
-3.05063	-9.75887
-4.28766	-10.0034
-4.51441	-9.362
-3.52699	-11.461
-4.2877	-6.68115
-3.62335	-9.27657
-4.66715	-10.1274
-4.93579	-11.5787
-5.6644	-10.6579
-4.97696	-10.5375
-5.30214	-9.29978
-3.0724	-9.45521
-4.50867	-9.46941
-4.93593	-9.86144
-4.79099	-9.95209
-0.296051	-12.112
-5.52969	-7.34599
-5.15079	-10.9359
-2.24615	-11.1221
-4.08743	-7.59154
-4.29271	-9.27765
-5.58956	-8.87958
-2.79662	-9.6195
-5.82687	-11.1582
-3.83943	-9.07354
-4.45554	-9.62203
-2.35947	-9.00569
-4.86629	-10.8894
-5.0842	-9.28386
-2.25335	-13.0093
-2.08735	-9.28042
-2.97189	-10.8731
-3.3877	-9.20161
-5.14492	-9.54056
-4.01174	-8.88415
-4.58883	-9.557
-5.04024	-11.489
-5.3044	-11.2586
-3.42418	-10.0668
-2.27193	-9.11133
-3.8669	-9.69744
-2.79196	-10.2235
-5.78921	-10.212
-3.20061	-10.2018
-5.88325	-9.78766
-5.49682	-10.2277
-5.42248	-9.05531
-4.61548	-9.34437
-3.85286	-9.07335
-4.04059	-9.43596
-4.13319	-8.13561
-4.54287	-8.68083
-2.83763	-9.29151
-5.27371	-10.8981
-4.43711	-9.14356
-3.22201	-9.35136
-5.063	-7.97092
-2.18801	-8.91101
-3.60455	-10.0511
-4.26411	-11.285
-5.08909	-9.41342
-4.41839	-9.69678
-2.75694	-10.687
-4.7768	-8.98317
-4.87141	-10.5004
-3.71021	-11.3635
-1.25333	-7.7608
-3.70217	-9.76621
-4.4573	-8.10662
-5.08902	-9.00388
-3.4145	-11.7326
-2.41304	-9.91447
-5.07447	-10.9824
-4.25945	-11.9196
-5.35191	-8.97512
-3.00175	-8.12604
-4.40078	-10.2836
-3.38985	-10.9488
-4.58956	-8.12524
-4.80113	-10.2859
-3.91259	-11.7568
-3.98649	-9.64638
-3.71159	-11.0654
-3.12383	-10.4305
5.7757	-14.8388
-4.9831	-8.80051
-3.17381	-9.67441
-2.8228	-9.38911
-4.07679	-10.8947
-5.76388	-8.92522
-4.09219	-11.2266
-3.0317	-10.4208
-5.55878	-11.2174
-4.26851	-9.22022
-2.9739	-9.31467
-2.56634	-9.43547
0.51111	0.98767
-5.48991	-10.4409
-4.03737	-10.4516
-5.57045	-11.4755
-3.71773	-9.67018
-4.27534	-9.50824
-2.97811	-11.2076
-4.00878	-11.6894
-5.6081	-10.6508
-4.25468	-10.7968
-3.24514	-9.54787
-4.81527	-10.6156
-5.52431	-10.7674
-5.60767	-9.31912
-3.78231	-9.56268
-4.10025	-9.61138
-5.66955	-9.96678
-5.76649	-9.32264
-2.17426	-9.8103
-3.79231	-10.3194
-3.21117	-10.4294
-3.67068	-9.58748
-2.73477	-10.6206
-4.20051	-8.80438
-4.82127	-8.77332
-4.27697	-9.78561
-4.11234	-8.25066
-5.31891	-11.2083
-2.39343	-8.1639
-2.7416	-9.53081
-3.94175	-9.70234
-4.79701	-9.30661
-2.00513	-10.798
-3.29621	-8.94234
-1.93583	-11.2174
-2.60194	-10.8568
-3.21864	-9.69258
-4.27778	-9.38542
-4.48867	-7.75575
-3.23833	-10.633
-4.59165	-11.6524
-4.81535	-11.1012
-3.7082	-8.55321
-4.61895	-9.97308
-2.35919	-8.75092
-2.98759	-10.9138
-3.10436	-11.195
-2.32922	-10.9443
-3.64321	-11.2637
-4.96383	-10.9786
-4.32266	-10.5507
-3.45188	-10.8222
-4.19519	-9.02015
-4.99666	-10.6823
-4.19153	-10.0726
-6.12311	-9.8036
-6.23333	-9.51495
-5.47529	-11.4012
-3.18666	-9.10558
-5.11462	-9.84171
-3.42409	-9.69632
-3.87367	-10.3751
-5.3232	-11.0766
-5.1072	-10.3821
-4.8266	-9.77687
-1.8063	-11.1669
-5.05022	-9.73892
-4.73319	-10.5249
-3.89248	-10.8934
-5.09333	-11.7218
-4.92715	-9.23049
-4.95388	-9.37668
-3.25564	-9.49112
0.39725	-5.90817
-5.28434	-11.421
-3.67542	-10.367
-3.39749	-8.88413
-4.76304	-10.7993
-3.80663	-9.65269
-4.6849	-10.3697
-3.3556	-11.1591
-2.55439	-8.96957
-5.37169	-10.7908
-3.76386	-11.3848
-6.0297	-9.98407
-4.33025	-9.59247
-2.46972	-9.10614
-5.37197	-9.08477
-3.57182	-11.776
-5.51546	-10.4431
-5.86284	-10.7636
-3.17371	-8.30972
-3.14338	-9.80206
-5.97977	-10.4064
-3.67997	-9.07694
-2.38184	-8.93214
-3.0024	-10.4155
-3.52614	-12.2641
-5.90415	-8.86055
-5.02079	-8.71752
-2.57826	-9.21381
-4.62765	-11.5681
-5.49266	-9.05294
-5.45932	-11.0173
-5.74142	-9.91451
-3.26702	-8.61016
-3.66715	-10.3064
-4.5383	-8.58191
-5.86822	-8.8623
-3.59129	-9.09573
-3.6355	-10.5555
-3.95166	-11.7254
-3.1123	-11.029
-3.70196	-11.5521
-3.19162	-10.9053
-1.76711	-9.79231
-3.4039	-10.6603
-4.86385	-9.9412
-3.84443	-10.0077
-3.97346	-9.59139
-2.87951	-10.526
-4.4046	-11.5941
-3.84258	-10.1471
-3.38235	-9.01187
-2.69397	-11.4665
-2.56196	-10.4001
-5.0683	-9.06737
-4.33294	-8.95198
-3.05544	-11.1048
-3.68985	-10.9102
-4.52011	-9.75477
-2.65632	-11.1005
-3.74961	-9.70092
-4.56582	-9.62207
-2.6171	-10.7458
-4.24699	-10.3726
-4.36834	-10.7224
-4.48904	-10.6427
-4.33462	-8.02565
-4.97504	-9.50385
-5.63839	-7.05482
-3.97968	-10.1994
-4.20874	-8.65761
-3.15292	-9.22436
-3.68967	-10.6201
-4.06584	-10.1288
-3.31064	-11.8141
-3.51192	-10.1901
-3.85598	-8.03526
-3.4252	-9.19398
-2.87508	-8.85471
-5.26274	-10.7441
-4.86844	-10.9353
-4.296	-11.7165
-2.14724	-10.4251
-3.41791	-9.65105
-3.29616	-9.97741
-3.76686	-9.81289
-4.81145	-9.47555
-3.81047	-10.8458
-4.11602	-11.2393
-3.5753	-10.9173
-3.18194	-10.0545
-5.45918	-10.3672
-4.25235	-11.9596
-3.36042	-10.5203
-3.28066	-9.10239
-2.86669	-11.4811
-5.46977	-9.88765
-3.09593	-10.7302
-3.29198	-8.79872
-4.0469	-9.21625
-4.58321	-8.96846
-3.84815	-9.0627
-3.67153	-10.9007
-4.38477	-8.57721
-5.12405	-8.56191
-4.12237	-11.2737
-4.65378	-10.2
-3.6574	-9.29897
-3.90263	-8.60627
-5.86533	-9.54077
-3.44358	-9.60534
-5.2617	-9.46433
-5.39882	-9.69215
-5.07453	-8.96319
-5.70862	-11.9479
-3.28587	-9.02762
-4.65295	-9.29398
-4.26767	-10.1885
-3.82496	-11.031
-2.47496	-8.27866
-5.48759	-11.8933
-3.98418	-10.1855
-3.61214	-9.64136
-4.97646	-11.1738
-4.99207	-10.0016
-3.14182	-11.0141
-3.136	-10.1139
-4.45011	-10.8329
-4.34728	-11.8384
-5.37954	-12.2734
-4.09781	-9.51272
-3.37747	-10.9464
-2.55064	-9.43618
-2.56167	-9.07279
-4.47894	-10.4114
-3.93397	-11.7025
-2.72546	-11.3114
-2.8867	-11.4537
-5.06661	-9.34265
-5.19837	-10.3056
-5.04028	-11.8164
-3.93703	-9.05598
-5.10508	-9.27607
-5.14408	-10.9599
-4.58665	-11.2118
-5.44156	-10.235
-5.56385	-10.0918
-4.62552	-9.94177
-4.26275	-7.89759
-3.65845	-11.5242
-5.35116	-9.28831
-1.69508	-10.2082
-3.28194	-11.6694
-3.26049	-8.92873
-3.28309	-8.51514
-3.33851	-10.5057
-4.77407	-10.0034
-2.53853	-10.5016
-6.18242	-10.138
-5.71299	-9.81681
-2.72072	-10.3805
-5.82077	-10.8655
-3.41509	-11.5486
-4.16655	-11.064
-1.84392	-9.78948
-4.81804	-11.7353
-3.92829	-10.0997
-3.1568	-9.48629
-5.18679	-12.1385
-4.52461	-10.5754
-4.87069	-10.5904
-4.32559	-9.64037
-5.61182	-12.0298
-5.73297	-9.13884
-5.66747	-11.1142
-2.358	-10.7486
-3.07572	-9.85597
-4.1702	-10.3112
-3.20161	-11.0838
-2.51629	-10.887
-3.76578	-9.66297
-3.59366	-11.6158
-3.48297	-8.09095
-4.35809	-10.787
-4.71434	-8.01282
-3.89408	-9.12613
-3.89462	-10.6637
-1.67187	-11.6713
-5.3072	-9.69361
-2.71999	-10.1724
-5.21916	-10.9566
-5.80474	-10.2837
-3.67123	-10.0429
-4.29686	-11.0624
-4.36696	-10.3121
-5.80524	-9.63444
-3.60258	-11.5964
-5.18225	-9.95917
-2.64826	-10.6748
-5.31698	-8.16002
-4.80706	-9.12094
-5.60654	-10.8573
-3.02215	-8.96062
0.561626	-8.67432
-5.28497	-9.26208
7.56706	4.02845
-5.023	-10.6863
-4.52442	-9.98301
-4.66868	-11.0655
-4.62991	-9.35838
-5.0673	-11.7229
-4.907	-10.6789
-2.71542	-11.305
-2.02773	-10.0929
-4.54316	-11.6461
-3.35883	-10.5615
-4.06868	-10.6546
-3.67006	-9.92713
-5.18565	-10.1027
-5.39316	-10.8927
-4.25783	-7.84343
-5.13974	-11.1831
-5.13023	-11.4383
-4.77131	-9.94124
-3.83376	-10.5766
-5.96694	-9.50435
-3.52542	-10.4726
-5.4079	-8.80791
-3.63777	-9.75457
-3.06833	-9.41104
-4.58183	-11.7895
-5.09427	-8.13082
-3.87333	-10.986
-3.89837	-9.87192
-4.13256	-10.0746
-5.49939	-10.0919
-5.96827	-9.36905
-5.23578	-10.5131
-5.13774	-8.7667
-4.36743	-10.8127
-4.73869	-11.5756
-5.98787	-10.8437
-4.3936	-12.0208
-3.68529	-10.4753
-3.59467	-10.2292
-4.93282	-8.35394
-4.88743	-11.943
-3.67675	-8.90441
-5.7619	-11.267
-3.98337	-9.94761
-2.18941	-9.16711
-3.62206	-10.184
-3.26477	-9.26643
-2.80561	-10.6834
-3.10494	-11.3738
10.045	6.96407
-2.82067	-9.83598
-4.50175	-8.08236
-3.16482	-9.52973
-3.19149	-11.5664
-5.59385	-11.4817
-5.229	-12.2849
-4.10997	-11.6449
-5.93092	-8.49793
-4.21539	-10.4617
-4.2709	-9.30547
-4.08358	-8.53642
-2.4881	-8.04574
-4.36087	-9.45612
-3.50649	-11.6455
-2.73225	-9.4364
-4.38165	-8.93117
-4.43138	-10.885
-4.73781	-10.2057
-4.48177	-10.918
-0.697952	-11.9578
-2.2123	-8.92498
-4.29574	-8.63402
-3.48071	-10.1035
-2.35156	-11.1472
-3.36877	-11.3002
-1.11267	-14.5534
-4.68621	-10.8101
-3.27275	-11.0612
-3.47184	-9.70449
-3.0572	-7.90566
-3.78294	-9.96711
-3.22857	-10.3367
-5.76068	-8.51944
-4.29685	-10.8595
-3.66267	-9.84283
-3.84792	-9.37627
-4.37719	-10.3896
-5.31596	-9.41059
-3.26497	-9.61714
-4.27435	-10.9871
-3.72127	-11.8647
-4.69485	-7.98265
-4.59455	-7.79492
-5.04121	-9.22169
-3.7978	-8.16382
-3.68449	-8.83985
-3.91577	-8.00726
-3.71438	-9.05987
-3.06265	-10.5552
-2.82077	-9.80656
-4.66637	-11.6473
-4.30797	-9.89134
-5.72033	-11.0437
-3.9641	-11.7086
-3.28825	-9.61518
-2.58563	-8.8755
-2.1274	-9.78841
-4.88081	-10.6373
-4.1133	-9.77516
-3.26101	-10.6586
-5.29279	-8.81551
-4.02657	-11.3974
-4.5605	-11.6315
-2.42983	-11.7733
-3.13041	-11.8791
-4.37954	-10.6963
-5.51435	-11.6156
-3.86244	-10.4777
-3.36997	-10.1525
-5.2546	-6.44892
-4.63597	-7.69937
-4.26288	-9.10494
-2.42054	-8.52473
-4.11206	-9.88918
-5.59536	-9.28939
-3.80067	-10.5757
-4.49193	-10.4852
-5.52123	-9.80837
-4.27458	-10.0095
-5.70524	-11.2213
-5.37454	-11.5302
-4.90616	-9.46589
-4.3332	-11.6218
-3.53915	-10.1654
-2.11007	-9.41905
-4.56524	-8.55432
-5.51414	-10.3719
-3.69043	-11.5406
-3.55055	-10.9406
-2.97445	-10.4931
-5.71512	-8.826
-5.82191	-10.0323
-3.61739	-10.1509
-5.25228	-9.44148
-3.24465	-8.60033
-4.31583	-9.37948
-5.38637	-10.3714
-4.44068	-8.25376
-3.36522	-8.73436
-3.05119	-10.2498
-3.38015	-8.28605
-4.50689	-7.46563
-4.96363	-9.26722
-1.7908	-10.5833
3.41689	0.671501
-4.59736	-11.2636
-2.84823	-11.3564
-5.34913	-11.2814
-3.81308	-9.8173
-4.13049	-11.0856
-3.18493	-11.1087
-4.46182	-9.5457
-1.9926	-11.3218
-2.99037	-9.41564
-4.9519	-10.7935
-4.56804	-10.9381
-3.37886	-11.3317
-4.52069	-9.67355
-5.02259	-9.02202
-5.28252	-9.24616
-4.59062	-9.82783
-4.89494	-9.3889
-4.7143	-8.93213
-5.80351	-9.25285
-5.28603	-9.08417
-1.64017	-10.814
-4.4638	-9.706
-4.308	-9.92614
-5.91695	-11.907
-2.8576	-10.1592
-3.3152	-9.53792
-0.972298	-7.4023
-5.46912	-10.6618
-5.42478	-9.70064
-4.10731	-10.5058
-2.98923	-6.95175
-4.96588	-11.3132
-3.05951	-9.55913
-2.44735	-10.4663
-3.47875	-9.68263
-5.04447	-10.7056
-2.62538	-8.35563
-4.20058	-9.73487
-3.74552	-9.89352
-2.98242	-11.3283
-3.2291	-8.61071
-4.68311	-9.25234
-4.47223	-9.49147
-4.7847	-11.4363
-4.05622	-10.9122
4.3758	-10.1608
-2.047	-10.9414
-2.32257	-9.91207
-3.58628	-9.43733
-3.12983	-11.038
-5.15569	-11.3102
-5.05697	-11.0885
-2.69668	-9.37984
-5.42494	-9.77506
-3.51798	-11.1467
-5.29633	-11.5257
-4.22668	-9.31424
-2.88806	-8.89726
-5.02861	-11.5313
-5.26768	-10.1464
-3.76558	-8.55679
-3.73281	-9.00583
-3.8291	-10.0638
-3.1982	-12.0289
-3.50517	-11.7017
-3.30976	-9.82855
-3.09873	-10.5115
-4.19203	-8.07467
-2.93897	-8.55457
-3.3528	-10.7389
-5.13075	-9.56903
-3.80532	-9.77721
-3.76156	-7.77232
-1.10337	-12.5104
-5.66706	-8.68504
-3.74168	-10.6879
-3.02719	-8.61877
-4.56874	-10.4148
-6.05765	-10.0632
-1.6021	-10.5931
-5.22663	-8.67387
-4.14905	-9.88659
-2.95141	-10.2779
-4.94755	-11.4398
-5.54483	-9.49023
-4.13169	-9.55333
-4.43328	-10.4472
-4.30819	-9.00245
-2.82262	-9.54064
-5.36135	-11.1595
-5.35308	-10.1185
-3.11348	-8.83393
-3.34409	-10.6299
-3.83359	-9.70239
-4.72377	-9.31903
-5.06494	-9.8045
-3.53549	-9.98441
-2.94114	-10.6222
-5.19255	-9.21383
-3.81199	-10.897
-2.76124	-11.2153
-2.85727	-10.2293
-5.43142	-9.04867
-2.17882	-9.81984
-5.82857	-11.1746
-2.47283	-11.0241
-5.75339	-10.4279
-4.96295	-9.75497
-4.04449	-10.9021
-3.53977	-11.0301
-2.78225	-9.71008
-3.52328	-8.31629
-1.52204	-10.3252
-4.10772	-10.7416
-3.86304	-10.2678
-3.26244	-9.17567
-4.32457	-10.9866
-4.05233	-11.7448
-5.08913	-10.6399
-3.78072	-9.15078
-2.29951	-13.1558
-5.56359	-10.9153
-2.95925	-10.3949
-3.19811	-9.70413
-4.28982	-11.1874
-5.22621	-10.9299
-5.32868	-10.1642
-5.79971	-11.1556
-3.77765	-10.6997
-6.0278	-10.2962
-4.83045	-10.1659
-5.16061	-9.18462
-3.52749	-11.2699
-3.75647	-9.49809
-5.15733	-10.9038
-5.71511	-10.203
-3.18569	-8.55795
-3.8744	-7.68621
-5.77433	-10.8712
-3.68571	-9.77691
-3.73256	-10.552
-2.77906	-12.6507
-4.93086	-11.1446
-2.18487	-10.8926
-5.44685	-9.49667
-4.58598	-10.3481
-2.62976	-11.9193
-3.43525	-10.6564
-3.60081	-10.5978
-4.98105	-11.676
-3.98962	-11.5235
-3.1911	-9.31504
-2.07123	-10.5778
-4.41036	-11.4979
-2.98002	-9.58315
-2.50622	-10.1056
-4.13989	-8.8692
-2.91312	-8.956
-3.00263	-8.12828
-5.61752	-9.88971
-4.6885	-10.2436
-3.62388	-10.55
-3.5816	-8.02346
-5.54789	-9.58659
-2.48574	-12.6509
-3.20193	-10.7965
-4.06008	-11.1946
-4.60959	-8.87669
-4.90362	-10.9315
-3.85414	-9.72981
-5.51302	-10.9386
-3.07697	-11.7214
-5.861	-10.2838
-3.41192	-9.33273
-5.41586	-11.0389
-4.73713	-10.9977
-5.53092	-10.3099
-4.29549	-7.13255
-4.79207	-6.68572
-4.02093	-8.23684
-3.01015	-10.504
-5.0534	-10.2224
-4.52331	-10.6005
-4.51805	-10.3671
-5.69251	-10.0088
-3.31298	-9.03807
-4.52618	-7.85415
-4.90707	-11.648
-5.98624	-9.88635
-4.50832	-9.52408
-4.99509	-11.2621
-3.77929	-10.9858
-3.37792	-9.07245
-3.28314	-10.0136
-4.64287	-11.6678
-1.95164	-9.52802
-2.56212	-10.4425
-3.37895	-10.8628
-3.49296	-7.84404
-4.01278	-11.7533
-5.53021	-7.85477
-3.36202	-9.33269
-5.06967	-8.17473
-3.48238	-11.0987
-4.36015	-11.1237
-2.34286	-8.94206
-3.19002	-9.97861
-5.41889	-8.07802
-3.39712	-10.139
-5.23696	-10.7674
-3.27828	-10.8165
-2.06475	-11.8752
-5.65993	-10.9773
-3.96054	-9.33528
-3.44097	-11.6651
-4.06066	-8.48767
-4.21292	-9.28026
-0.745068	-7.42783
-4.10772	-9.56947
-4.13922	-10.7223
-2.08687	-10.3443
-4.98879	-11.7368
-5.31534	-9.22055
-5.93308	-10.5462
-4.30453	-10.9248
-5.72448	-12.1138
-2.05119	-11.4892
-3.26301	-10.2276
-3.53331	-9.86483
-3.55825	-9.41069
-4.45019	-8.36942
-3.99204	-7.83924
-4.21757	-11.1404
-4.27224	-11.0768
-3.89121	-10.9741
-4.64513	-11.1585
-5.74804	-9.99354
-3.52262	-11.5923
-5.13513	-10.6167
-4.47399	-9.70567
-4.37396	-11.695
-3.17197	-11.3077
-4.51543	-8.34208
-6.14778	-10.1001
-5.39474	-10.1018
-1.26472	-3.93055
-4.0941	-11.6411
-3.64927	-9.7322
-5.00913	-8.53156
-3.31301	-11.19
-3.21397	-11.7522
-3.21384	-9.71945
-3.55701	-10.0888
-3.5479	-11.4697
-4.10784	-12.1431
-4.45167	-9.53663
-5.90233	-11.3699
-2.89593	-8.99408
-4.21754	-10.955
-3.64421	-11.9779
-2.79487	-9.36126
-5.87027	-10.2352
-1.5238	-9.06727
-5.26061	-10.2375
-3.94363	-9.21453
-4.59649	-7.87589
-5.39987	-10.0841
-3.75375	-9.53316
-3.50739	-10.839
-4.48176	-10.4683
-5.69158	-8.16023
-4.69667	-10.739
-6.07543	-10.9765
-4.54388	-9.55317
-4.65599	-11.4801
-3.24427	-11.7732
-4.60019	-9.01732
-4.05758	-8.71935
-4.22829	-8.3167
-2.25609	-10.9837
-4.87919	-9.63375
-3.20703	-10.6669
-4.3479	-9.35948
-4.65395	-11.0309
-4.67915	-11.1726
-4.54452	-7.93119
-2.47509	-10.1132
-5.74452	-11.3736
-4.66302	-9.17693
-3.37278	-9.48232
-4.20815	-9.89993
-5.8962	-8.29607
-4.39335	-11.0909
-5.80648	-9.97878
-4.4139	-8.42715
-4.94595	-9.22974
-4.89678	-10.0888
-3.54718	-12.1657
-5.11402	-11.5274
-4.37929	-9.54544
-4.80723	-10.4215
-4.34104	-9.39624
-3.20076	-10.8123
-2.93919	-9.80266
-2.9349	-10.9001
-5.016	-8.95113
-5.29588	-9.87694
-5.13627	-11.6371
-3.06478	-9.93371
-3.60489	-9.45129
-3.90541	-9.79535
-3.24391	-11.0989
-5.25247	-9.86928
-3.20813	-11.7906
-3.68907	-9.95367
-3.1011	-9.92297
-5.05441	-2.01213
-3.99199	-8.39634
-4.30183	-10.8216
-2.82391	-10.3919
-5.38972	-11.1022
-2.47169	-10.5517
-4.18536	-8.44475
-4.59257	-10.4217
-2.23797	-12.071
-6.01855	-10.5085
-3.51994	-11.0997
-3.46225	-9.24962
-5.17543	-10.5543
-3.20114	-10.7487
-5.04157	-11.7678
-4.55294	-9.2907
2.97748	-9.77384
-3.80777	-10.1715
-4.68932	-10.064
-3.66502	-9.63335
-5.83987	-9.83219
-3.61494	-11.4675
-3.82957	-11.0306
-3.98564	-10.2623
-1.39481	-11.9203
-3.2741	-9.62354
-5.3689	-7.07303
-3.17536	-11.0361
-3.71295	-9.47733
-4.08891	-9.27724
-3.23197	-9.43573
-2.74345	-7.54457
-4.78184	-8.75143
-6.03178	-10.9084
-4.45231	-9.98656
-4.55834	-11.3052
-3.40493	-10.3832
-3.96325	-7.70791
-3.51381	-10.3583
-4.25427	-11.6378
-4.3744	-11.4036
-2.46112	-8.51666
-3.27555	-9.2087
-4.53462	-9.21067
-4.45475	-8.73308
-2.67056	-8.58198
-4.59087	-11.0794
-4.34058	-8.53345
-2.16196	-11.2213
-3.57761	-8.81183
-2.52911	-8.85013
-3.20884	-9.74049
-5.53518	-11.4003
-3.06223	-11.0041
-4.20045	-9.20999
-2.79818	-11.0766
-6.07477	-10.4045
-3.34363	-11.4935
-4.63598	-11.5104
-5.4377	-9.82118
-3.64286	-8.59501
-3.56834	-9.39515
-5.70119	-8.82588
-5.68901	-11.1338
-4.09882	-10.3948
-4.609	-10.5435
11.8306	14.055
-5.55821	-10.6453
-4.41678	-10.1041
-3.26863	-11.4497
-2.5347	-13.1093
-4.76358	-10.6183
-3.35357	-11.6058
-4.61613	-8.32647
-3.36369	-9.76904
-5.08307	-9.07948
-4.1297	-10.4427
-3.37364	-9.9409
-2.73803	-10.8667
-5.90199	-10.3405
-4.58165	-11.173
-4.59278	-11.2758
-3.92548	-10.2374
-5.45035	-10.5808
-3.32644	-8.99374
-5.8499	-9.48917
-4.28338	-11.2037
-4.8736	-8.88911
-4.04499	-8.88663
-3.88462	-9.85897
-4.0987	-10.4081
-4.95979	-9.59661
-2.976	-12.2733
-5.39025	-11.7067
-5.08492	-10.4409
-2.66854	-11.4238
-4.55557	-11.0491
-3.61717	-10.2151
-3.90285	-9.93547
-0.527419	-11.8685
-3.29881	-9.77645
-5.46299	-10.9341
-5.16688	-9.11076
-0.0646651	-10.9985
-3.8111	-9.48398
-5.73858	-10.907
-5.95655	-11.6164
-5.98921	-8.65712
-3.36727	-8.91096
-4.53718	-10.6956
-2.36175	-10.3158
-3.05692	-11.0773
-4.59255	-10.6997
-3.94587	-9.61519
-5.67759	-8.85562
-4.24564	-9.52439
-5.64785	-10.2911
-3.49237	-10.5634
-3.62967	-10.4186
-2.84681	-11.5626
-4.92951	-10.7454
-4.48231	-9.37219
-3.35879	-9.63551
-3.85311	-10.4457
-5.64156	-11.3607
-4.69691	-11.3221
-3.17847	-7.92078
-5.26809	-11.3171
-1.75794	-10.112
-3.38155	-9.67572
-4.19489	-10.2262
-4.62696	-10.161
-3.38768	-9.82731
-3.52474	-9.90575
-3.33109	-10.1913
-5.67005	-11.4562
-3.90147	-10.1169
-5.84345	-9.02929
-3.41195	-9.72579
-3.11112	-9.57499
-4.39728	-9.57437
-3.11082	-9.58829
-5.14736	-9.3791
-5.25728	-9.45564
-4.26775	-10.5324
-3.24017	-11.5769
-4.61412	-10.2289
-3.9952	-10.8942
-4.6538	-11.5
-4.67191	-9.30802
-3.95791	-11.8499
-4.20076	-11.4294
-5.11828	-9.34213
-3.23025	-11.1542
-5.63872	-11.3527
-3.98736	-9.48108
-4.41758	-12.1316
-4.87156	-9.46837
-2.63616	-8.86472
-5.66711	-7.71281
-3.49622	-11.1467
-2.64698	-11.3599
-5.46904	-10.4375
-3.67705	-10.9171
-4.61396	-8.59041
-4.8064	-8.94836
-4.35316	-11.2074
-2.11203	-10.1177
-5.86664	-9.61286
-3.59068	-10.6158
-3.80498	-10.7777
-3.11113	-11.0566
-4.53779	-8.21752
-3.80323	-9.31021
-4.00824	-8.90443
-4.62761	-11.0328
-5.73049	-10.3067
-3.01051	-10.8655
-4.75427	-11.9955
-3.67	-10.3559
-3.62429	-9.12948
-1.90203	-8.7472
-2.95992	-11.8451
-3.12567	-9.88504
-3.64609	-8.5097
-1.62972	-9.53187
-4.36395	-11.1608
-4.8434	-9.91362
-3.97713	-7.68538
-3.34077	-10.2203
-4.54394	-11.1005
-3.84304	-10.5689
-5.09197	-8.97557
-4.67165	-11.3965
-3.86302	-9.73292
-5.2229	-10.2764
-3.82108	-9.24533
-3.50378	-9.23944
-5.22329	-11.5829
-3.46645	-11.2417
-3.75768	-11.3746
-5.30853	-10.6111
-3.29621	-10.1604
-4.74606	-11.4675
-5.33144	-12.2569
-5.80783	-9.46793
-3.26279	-9.35044
-5.78176	-11.348
-3.84653	-10.2981
-2.19466	-10.5338
-4.21565	-9.25612
0.554365	-9.0028
-5.8573	-8.55992
-5.19723	-8.84454
-5.69338	-11.0745
-4.85443	-9.74247
-3.35148	-9.94866
-3.36366	-8.43238
-4.36032	-8.61284
-5.08383	-12.1013
-4.59041	-11.1036
-6.16071	-9.0327
-3.42601	-9.51069
-3.51532	-9.69474
-4.11009	-10.0925
-3.1239	-11.2103
-4.23307	-9.36721
-3.27573	-9.06125
-4.49926	-9.6046
-3.42231	-11.1956
-2.24976	-8.34885
-5.63277	-10.6457
-4.1947	-9.30156
-3.38533	-11.8653
-5.68303	-9.8183
-1.68158	-8.81126
-1.5479	-11.2137
-4.91246	-9.77761
-5.83451	-9.02417
-3.37904	-10.9073
-5.48422	-11.4318
-4.62322	-10.2869
-4.64683	-10.9913
-3.33168	-11.6035
-5.91675	-10.9862
-3.43311	-10.2378
-5.43504	-10.5563
-4.73957	-8.33402
-3.41543	-11.1268
-1.89671	-8.65952
-4.68683	-9.25734
-2.20243	-9.02986
-3.0854	-9.68234
-2.52278	-12.2033
-4.45428	-9.26282
-2.93211	-10.9426
-2.43682	-11.9297
-4.28585	-8.68832
-4.75003	-7.53153
-2.59949	-9.02466
-4.46435	-10.1513
-4.74199	-10.5117
-2.88601	-11.3148
-3.49389	-11.222
-2.27137	-10.4731
-4.46606	-7.18268
-4.12167	-10.5041
-6.05315	-9.5639
-3.98193	-9.24625
-5.49265	-9.13059
-0.0444918	-6.18881
-3.49969	-10.1765
-3.06282	-10.7436
-4.51613	-8.43937
-1.90838	-8.01197
-2.27172	-9.76739
-1.96086	-12.427
-2.65963	-11.2242
-1.72462	-10.7784
-3.93177	-11.9119
-3.81533	-9.8568
-3.18183	-10.3877
-4.34251	-9.62301
-3.95298	-9.72823
-1.63064	-7.78783
-4.10736	-11.7847
-3.48061	-10.908
-3.40638	-6.90719
-5.07989	-10.9983
-4.85566	-9.24828
-5.11051	-9.31629
-5.44983	-10.1692
-5.44957	-9.09831
-4.11567	-10.4714
-3.20882	-10.3484
-1.63117	-10.2532
-1.54906	-11.9715
-1.30804	-10.8175
-1.64658	-14.4115
-5.62668	-8.16191
-3.88422	-9.94398
-3.55755	-11.658
-1.958	-10.0693
-2.30854	-12.6091
-3.67541	-9.9566
-5.95696	-10.1864
-5.62958	-10.9993
-5.15487	-11.9141
-3.89471	-10.4194
-3.31728	-10.695
-2.65313	-11.8632
-2.92063	-10.1504
-3.48791	-11.7069
-5.39288	-9.74085
-2.17441	-10.559
-5.00562	-9.89873
-3.63207	-10.4006
-5.02262	-9.39157
-2.71327	-9.69178
-3.82689	-9.44547
-5.50985	-8.54567
-5.47994	-9.14183
-5.28824	-10.1826
-4.2351	-10.8743
-2.38103	-9.87722
-4.46872	-8.86471
-4.40766	-10.9581
-3.52243	-8.83511
-3.96221	-8.92432
-3.39525	-9.53896
-4.46699	-9.45325
-3.91532	-9.22601
4.20251	-3.30003
-2.38481	-9.81486
-4.69839	-11.9265
-5.22018	-11.3624
-5.21583	-9.26712
-4.58728	-10.8855
-3.49402	-10.3509
-3.64049	-11.2523
-5.48847	-9.0211
7.01685	-8.0809
-4.19525	-10.4018
6.24868	-8.35889
-4.85241	-10.2397
-1.97214	-9.19142
-3.75605	-10.1299
-3.64028	-10.195
-3.25336	-10.7359
-4.15326	-9.36406
-3.11147	-10.2981
-3.17672	-9.04128
-5.52959	-11.7271
-3.46645	-10.9298
-4.06547	-10.8377
-5.39189	-9.05531
-3.32549	-9.75103
-5.9343	-10.5439
-5.0674	-8.94326
-1.98394	-10.0801
-3.75086	-8.53578
-3.94585	-10.195
-3.309	-9.42972
-4.79696	-10.9084
-3.60626	-8.10941
-5.68803	-11.8781
-2.95969	-7.19727
-4.95011	-10.3269
-4.59527	-8.14615
-3.82134	-12.0202
-4.12715	-9.99189
-2.4718	-12.3889
-3.57182	-9.06435
-4.58094	-8.70578
-0.319412	-11.3892
-2.21176	-10.3067
-5.6447	-10.9058
-6.12347	-10.9421
-4.37559	-11.0692
-3.1401	-10.7129
-5.36687	-9.55061
-3.17472	-8.95624
-5.65736	-11.7216
-4.6812	-11.3745
-3.69777	-11.5428
-3.6961	-10.7273
-5.73248	-11.399
-5.41423	-11.0191
-4.87828	-11.0969
-2.99045	-11.3186
-5.84139	-11.1786
-4.28583	-11.5036
-2.9842	-7.92044
-5.44338	-8.52147
-4.24485	-10.0731
-3.2751	-11.4953
-5.54937	-9.71551
-4.11041	-11.5281
-4.99193	-11.6042
-4.53578	-9.45676
-4.73709	-11.1709
-3.68168	-11.5441
-3.11374	-10.9054
-3.07886	-9.42023
-4.8477	-11.7036
-6.13378	-8.59677
-3.86919	-11.9697
-5.20457	-10.4055
-3.77349	-10.3218
-3.79889	-10.9891
-5.06194	-9.94275
-3.72693	-11.3444
-1.0872	-8.26404
-4.52578	-8.7176
-3.05077	-11.5232
-3.13226	-10.3568
-4.10997	-9.87317
-4.81751	-10.7497
-3.27195	-11.4422
-4.10852	-9.09398
-4.26603	-9.7271
-4.74852	-9.30911
-3.17362	-8.81762
-4.13761	-9.1301
-4.93404	-11.1557
-1.78052	-8.70919
-4.47818	-10.2425
-3.11741	-8.62807
-5.74138	-9.80213
-3.51939	-7.73698
-3.04047	-9.10324
-5.18021	-10.2085
-5.20626	-8.897
-4.00036	-8.13565
-3.45981	-9.36358
-4.51285	-10.6896
-4.98528	-9.09092
-3.49605	-8.96394
-4.94962	-9.82446
8.3433	-8.92351
-1.36552	-13.418
-5.19544	-9.86677
-3.50799	-9.22353
-2.3381	-9.6869
-4.98392	-9.3807
-3.4434	-11.5484
-5.4353	-11.205
-4.74357	-8.38099
-4.01909	-10.2152
-3.79106	-9.01276
-5.18823	-10.4629
-5.95689	-9.25159
-3.31611	-10.3015
-5.78562	-9.69401
-5.61631	-9.93091
-5.60888	-9.94342
-3.07753	-9.90499
-3.62148	-10.2018
-3.45999	-8.00749
-0.366307	-10.8406
-5.55089	-8.10099
-3.02288	-12.0248
-3.93314	-10.2916
-3.39969	-8.56228
-5.57326	-8.92524
-5.9383	-11.5716
-3.36719	-9.08963
-3.51403	-9.74016
-3.99058	-9.7008
-3.70192	-11.48
-4.32749	-9.68941
-4.36175	-11.534
-4.46667	-8.8587
-3.15707	-9.44342
-3.70442	-8.04564
-2.79518	-10.9766
-3.31003	-8.85537
-5.20098	-10.004
-2.36945	-10.9934
-5.17814	-8.08311
-5.87814	-10.1743
-3.76868	-12.2511
-4.87136	-10.0729
-5.41874	-11.5056
-2.27306	-11.66
-2.70898	-9.65122
-3.81272	-9.2772
-4.01541	-11.5997
-4.99442	-10.1366
-3.92681	-10.0442
-5.50189	-8.91838
-2.66541	-10.212
-2.31089	-10.4439
-3.90455	-10.381
-5.21637	-11.132
-4.20251	-9.42389
-5.7148	-10.2485
-1.83994	-10.1329
-5.55965	-9.1616
-4.40561	-9.42047
-4.09765	-10.8267
-3.58803	-10.7994
-4.4574	-9.21172
-4.185	-10.0259
-4.06584	-9.25461
-0.730939	-12.0172
-1.50556	-11.5839
-3.39316	-9.25598
-4.42728	-10.7716
-3.2731	-9.57885
-4.34113	-10.6186
-3.9142	-11.5019
-5.01524	-9.69745
-5.68124	-9.59218
-3.23587	-10.3471
-3.98671	-10.5432
-4.071	-8.41932
-3.07442	-11.3802
-3.3777	-9.00671
-3.50725	-9.50602
-6.00947	-9.48968
-2.87948	-11.0328
-3.60545	-10.2335
-3.9119	-10.1501
-3.10838	-11.4029
-4.77905	-10.6984
-5.94369	-9.23283
-3.23357	-10.4554
-5.21423	-11.5158
-3.56764	-10.8031
-3.95355	-11.762
-5.40991	-8.41122
-4.24215	-12.0437
-2.58347	-8.20193
-3.72643	-10.215
-3.6851	-10.9532
-3.13632	-11.5025
-3.30718	-11.7609
-2.88706	-11.2523
-4.93234	-9.34001
-5.0196	-9.25588
-4.09021	-9.85766
-3.87875	-9.68297
-2.56082	-10.896
-4.19371	-10.4019
-5.23075	-11.4844
-5.69301	-11.4345
-4.74598	-10.6128
-5.82218	-11.2293
-6.01216	-11.1415
-3.70704	-9.96585
-4.41465	-9.29376
8.32234	-8.67303
-3.55017	-11.0452
-3.13384	-10.6388
-5.09801	-9.42855
-3.70808	-9.46404
-6.04695	-7.69474
-4.90182	-8.90028
-5.14217	-9.18147
-2.97734	-12.1257
-4.46351	-10.3755
-3.36352	-9.78882
-3.28494	-10.9937
-2.54989	-11.263
-3.53205	-10.0214
-4.97892	-10.4592
-3.19974	-8.41876
-4.77119	-11.7242
-2.03579	-8.37867
-5.20517	-10.8239
-4.56449	-11.1106
-3.3723	-9.21561
-3.22515	-10.8711
-5.0232	-10.6934
-3.89806	-11.4502
-2.27002	-8.05873
-3.6567	-10.1847
-3.17444	-10.4613
-4.01288	-10.9233
-4.13205	-11.7052
-5.88316	-11.684
-4.68387	-9.34754
-5.8603	-11.3211
-4.48443	-11.6725
-4.68284	-9.69905
-5.66611	-10.4631
-4.73682	-10.638
-2.4672	-8.75626
-2.64667	-9.99188
-1.98814	-10.9462
-4.15486	-8.9924
-3.76417	-10.941
-3.05124	-8.09194
-3.50943	-12.1816
-5.08674	-10.3784
-5.06698	-10.0906
-4.52694	-9.13894
-3.00678	-9.3578
-4.4523	-10.091
-5.90431	-9.75738
-5.78021	-9.52367
-5.78823	-9.12933
-3.76818	-9.66981
-4.93098	-10.3779
-2.79578	-10.3413
-5.39225	-8.36114
-2.58412	-11.0593
-3.79043	-9.49629
-5.48072	-10.592
-3.0278	-11.0367
-3.06655	-8.51094
-3.47019	-10.6277
-1.77945	-9.30161
-4.69599	-10.2492
-5.8263	-11.1434
-2.5468	-10.5543
-4.42709	-9.00655
-4.48659	-9.45909
-4.68958	-11.6833
-3.09806	-8.89884
-4.2472	-9.92515
-3.53354	-11.2451
-6.03804	-8.35197
-4.57326	-9.74108
-1.5686	-10.9149
-4.68286	-11.7317
-3.71725	-12.0001
-4.03636	-7.1876
-4.50411	-10.4197
-2.26437	-9.86286
-5.05612	-11.3954
-5.49135	-9.66409
-2.22755	-7.98012
-4.46151	-7.65758
-4.21184	-9.09411
-5.58992	-9.74453
-4.05282	-8.69617
-4.32545	-9.83704
2.43966	-9.96718
-4.39257	-10.6207
-5.26885	-11.7681
-4.33186	-8.87337
-5.34672	-11.5266
-3.60634	-9.56634
-3.19106	-9.14677
-3.56782	-9.72428
-4.52139	-10.3089
-2.96051	-12.1931
-6.10272	-8.56271
-1.62192	-12.807
-3.75501	-11.7534
-5.86583	-7.83267
-4.49951	-11.2624
-5.03121	-10.7433
-5.35102	-11.1823
-5.9449	-9.53233
-4.88401	-10.8504
-4.50958	-11.1699
-5.74997	-9.91227
-3.49396	-10.0831
-2.74556	-10.5456
-2.60665	-10.4306
-3.39437	-9.81718
-3.58762	-9.61179
-3.92891	-9.38466
-3.79859	-9.25537
-3.59621	-9.71167
-5.69441	-9.16291
-3.55774	-11.4097
-2.91211	-9.76265
-5.65935	-9.74127
-4.86295	-9.92982
-3.94484	-11.9046
-3.94975	-9.33849
-5.53612	-10.2041
-5.54936	-8.57449
-3.43573	-9.89503
-3.43289	-11.5178
-4.15157	-9.96802
-3.3068	-9.14399
-4.39939	-9.54291
-4.16654	-11.2374
-3.49515	-9.55114
-3.69327	-9.66745
-4.42533	-10.3391
-3.35622	-9.30049
-4.60853	-8.14785
-5.75634	-9.42259
-4.7263	-8.1723
-4.88348	-8.63046
-3.56412	-5.7031
-3.3727	-10.3687
-4.16447	-9.90509
-3.40291	-11.4568
-4.6063	-11.5512
-3.77283	-11.1832
-6.10779	-11.2534
-4.63656	-11.3459
-3.92328	-10.1684
-3.04632	-9.77511
-2.68428	-12.0765
-3.38902	-10.4027
-1.86131	-8.57092
-2.85557	-10.5072
-2.53561	-10.6577
-4.91095	-9.71128
-0.785506	-9.75721
-5.17263	-9.92047
-2.42979	-9.21045
-4.71933	-10.8132
-4.30065	-10.845
-1.40983	-11.137
-3.78091	-9.12689
-4.7587	-9.00748
-5.41691	-11.6413
-1.69344	-11.8513
-4.3473	-9.75518
-4.12852	-9.58294
-4.92496	-10.856
-4.82452	-10.0413
-5.40633	-11.9589
-3.62873	-11.1764
-3.4193	-9.09561
-5.66567	-11.4212
-5.34042	-9.41682
-3.4663	-11.2586
-3.36189	-8.5016
-5.25022	-10.033
-4.67588	-8.47291
-3.58252	-9.84179
-3.39242	-9.98156
-3.09782	-10.9238
-4.42543	-9.53308
-3.03003	-10.4788
-4.25448	-11.133
-4.0339	-9.10403
-3.37635	-10.7772
-5.14339	-9.52803
-4.63139	-10.8466
-4.8952	-9.18944
-2.90796	-9.24895
-2.98548	-9.67442
-5.05687	-9.96965
-4.71162	-9.08016
-5.82863	-10.0745
-3.12447	-11.1966
-3.694	-7.3224
-5.20304	-8.81699
-2.56377	-11.0324
-5.22937	-10.9663
-3.82151	-9.01207
-3.25287	-8.87186
-3.09574	-9.63999
-2.75145	-11.0709
-3.66496	-9.20733
-4.74369	-12.0997
-5.06096	-9.23468
-1.87908	-10.3881
-3.40693	-9.60078
-4.07995	-10.0259
-4.53414	-8.92356
-3.49805	-8.84651
-4.59011	-8.79719
-5.78484	-9.89454
-3.67318	-11.9836
-4.03205	-9.94011
-5.77503	-8.44534
-5.47557	-9.15784
-2.47627	-9.81837
-3.27659	-9.79181
-4.35779	-9.49275
-5.75964	-10.0793
-4.68572	-11.0939
-5.84887	-10.4987
