7.5185	-7.58276
5.8965	-7.51678
8.09847	-4.82445
6.9303	-6.60555
8.76403	-6.38976
6.61016	-6.64526
6.54058	-8.71068
10.4274	-7.40733
6.75352	-7.20715
9.06354	-6.10683
8.03599	-7.04272
9.92286	-8.12966
7.01444	-8.19674
7.22607	-7.07147
6.97824	-7.20484
8.49027	-6.16608
8.13707	-7.34613
7.80109	-5.32362
8.4429	-7.44583
8.00672	-5.979
7.34701	-4.62796
9.06265	-9.73367
7.03042	-5.64017
8.27849	-7.49338
7.41458	-5.74753
8.97616	-6.69503
8.27666	-7.99876
7.65929	-5.1439
8.87955	-8.19028
7.31424	-7.37427
8.58536	-5.89293
7.84146	-6.85672
8.28558	-6.04599
8.09674	-7.02423
7.8171	-8.07186
10.0506	-7.25691
7.4965	-8.55676
6.34492	-5.58449
8.18442	-7.24008
9.64541	-7.46766
10.4065	-6.53395
9.49045	-6.80035
7.35091	-6.2607
7.10122	-6.18518
8.96369	-7.91319
8.39158	-7.25212
6.65109	-5.23205
8.27726	-6.8448
8.36464	-7.47045
8.11456	-7.77835
9.23627	-7.25157
8.3764	-7.33699
8.38171	-7.51491
8.87312	-5.79742
6.84673	-7.92745
8.06848	-6.80497
6.99864	-8.51831
7.65965	-7.54255
8.74665	-6.89255
7.1499	-7.64452
6.6938	-8.4306
8.49657	-5.80935
8.77563	-8.70556
7.32234	-6.2465
8.26387	-8.8016
9.30415	-8.23141
8.30128	-7.8816
5.87794	-6.98431
7.30162	-8.2311
8.56002	-6.6788
6.40342	-8.867
7.24867	-3.053
9.94812	-8.07892
6.76709	-8.18763
7.75221	-7.89989
7.73314	-8.26844
9.75821	-7.27094
8.50684	-7.22296
7.82	-4.61111
6.3172	-7.91903
8.4008	-8.09053
8.76404	-6.16814
6.55104	-6.88911
8.95443	-6.3046
7.23115	-8.69114
8.68202	-5.47082
6.94711	-7.12124
7.5145	-7.0734
10.4515	-7.85442
7.8072	-6.56879
10.1928	-9.34835
6.6589	-7.63159
7.57481	-6.52092
7.28368	-6.69208
8.79808	-8.07503
7.61571	-6.79468
7.56302	-5.27247
7.08493	-8.81842
6.56231	-6.56672
6.62089	-7.13046
7.1732	-7.41641
7.514	-7.63233
5.97266	-8.45838
7.42193	-5.73423
8.72909	-5.95347
8.68729	-7.14683
7.93927	-6.90104
8.04446	-6.55523
7.3373	-6.71421
7.86301	-6.03199
9.13161	-8.65792
7.90194	-6.0047
6.6934	-7.85654
8.12904	-8.0146
6.94917	-6.59818
8.23856	-7.54014
9.04437	-7.36899
9.34913	-8.42578
6.84741	-8.50804
8.45841	-6.74321
9.00481	-6.17111
8.52099	-7.79005
9.45393	-6.86257
7.21737	-7.29636
8.32209	-5.67098
7.76616	-7.94951
8.27213	-7.30146
7.77097	-5.4659
7.49205	-6.44411
8.31822	-8.95944
8.80898	-8.67073
7.28112	-5.15016
6.28636	-7.09656
10.4085	-5.64878
8.20986	-8.07081
8.59937	-7.83929
8.68837	-6.73245
9.0083	-8.48076
8.09493	-5.76861
8.01309	-8.20802
6.90142	-4.82372
8.63185	-6.63706
9.82043	-6.26201
6.15702	-7.48897
8.9333	-6.91024
7.061	-6.44235
8.98694	-7.6428
7.63363	-7.15577
7.33246	-5.53666
8.40882	-7.55593
8.29629	-7.97963
6.83921	-5.93973
8.10545	-4.10602
8.0823	-6.94953
7.4968	-6.25361
7.42784	-7.99621
5.81217	-7.88463
9.74116	-6.29818
7.89614	-6.69891
8.10618	-9.01642
8.62859	-7.27576
9.42477	-7.20315
9.42839	-7.01708
8.90361	-7.27552
8.49014	-8.3914
8.99725	-7.56672
6.87938	-7.90254
8.64922	-8.88137
6.66658	-7.56029
8.05645	-6.76465
6.70475	-8.00078
6.89123	-4.92452
8.79373	-6.5844
7.64301	-7.15217
7.36638	-8.51785
8.3779	-6.14932
6.78832	-6.71392
7.87542	-6.34618
9.73945	-9.56603
8.5404	-6.73162
8.09525	-7.35284
9.88736	-7.53552
9.29192	-6.80761
9.34845	-8.72314
6.64965	-6.66835
6.17487	-5.98664
8.39855	-7.54805
7.12036	-7.27602
7.42047	-6.42301
6.13961	-8.89481
8.4238	-7.8907
8.68204	-6.62463
8.23068	-7.44686
8.73158	-7.48963
6.9674	-6.89427
8.92843	-6.98293
8.6703	-6.49525
9.31646	-6.12528
7.0473	-6.70036
8.89391	-6.84311
7.87442	-5.37895
8.86307	-6.15855
6.81979	-7.07067
6.72285	-8.25943
6.931	-5.05024
8.22825	-7.90882
6.70982	-7.95516
9.91112	-6.00853
7.73657	-7.336
8.12199	-6.31552
6.05538	-6.74418
6.52407	-4.6483
8.47789	-6.70786
8.45847	-8.77898
8.88983	-7.67996
9.05728	-7.11061
7.68219	-6.43409
8.95939	-6.44978
6.96876	-7.13018
8.14168	-6.24772
7.96151	-8.44068
8.37616	-7.45282
7.34083	-8.47624
6.35694	-7.84246
8.94289	-7.23435
6.62471	-5.85056
7.84915	-7.94143
9.14642	-5.10136
6.90526	-8.88628
8.00252	-7.76148
8.59254	-8.2665
7.52037	-8.78205
8.32629	-8.45836
9.10741	-6.44389
6.81884	-6.9745
7.32832	-6.63784
9.13411	-6.29943
6.35704	-8.24482
9.13426	-7.8289
8.32571	-6.71808
10.7431	-7.58987
8.94014	-8.38481
8.81937	-6.54421
5.79214	-7.28651
7.66997	-7.60607
9.14729	-6.49179
8.17517	-8.71064
5.95363	-7.43955
7.4294	-4.61162
7.48193	-5.82135
10.3296	-10.2787
6.94715	-5.41556
6.4984	-6.41814
8.12682	-6.025
12.5869	-4.32844
8.0344	-7.38189
7.42219	-7.39416
6.33592	-7.56174
6.98263	-6.25694
7.1828	-6.84351
6.23982	-5.22495
7.53659	-6.30634
7.80975	-7.19694
6.72236	-6.70468
8.3821	-6.58594
8.45339	-8.8827
8.90932	-4.53446
7.31497	-5.86404
6.4595	-6.34579
8.41335	-8.49537
9.58688	-8.45304
9.74492	-5.82646
7.08657	-8.6936
6.50423	-8.11669
8.96028	-5.61078
9.67714	-5.15585
7.24307	-7.09779
6.79077	-7.68991
6.11789	-6.23536
9.97823	0.1869
8.24809	-5.81432
7.18641	-5.28289
5.9521	-6.5323
7.82505	-5.765
6.78228	-5.64258
7.52041	-7.02793
7.92126	-8.58997
6.40853	-7.26806
8.11852	-4.43509
7.87965	-6.16653
6.13567	-7.02506
6.70061	-4.39999
11.1541	-9.74263
7.46071	-6.12992
8.08967	-6.3342
7.20448	-9.17038
6.55932	-8.75975
8.04041	-6.76795
10.0408	-5.79182
5.68918	-7.71622
7.49631	-6.3274
10.5691	-8.86551
6.71009	-5.83561
9.04643	-8.65464
9.0019	-7.64885
10.1496	-7.14908
7.95667	-7.77405
7.86947	-7.45292
8.0086	-7.52355
6.00095	-0.68785
9.27077	-6.21644
7.83628	-6.37494
8.98704	-6.98007
10.892	-8.20983
9.57872	-7.87661
6.80691	-7.17655
9.5162	-8.44957
8.87567	-6.02954
9.30033	-8.33424
7.00456	-6.62076
6.9678	-5.89002
9.47652	-7.26564
10.1766	-7.25759
8.03672	-7.68212
8.05037	-8.73501
7.58288	-6.72229
8.54347	-6.67194
9.31668	-7.26022
6.6109	-6.52732
8.928	-8.0464
6.99294	-7.73471
7.15687	-6.6877
8.22494	-6.56311
10.2847	-8.28445
8.79478	-7.53246
6.94735	-8.91836
7.42349	-8.20408
8.08216	-5.97502
7.48596	-6.167
8.73633	-8.64585
10.2057	-8.29068
7.2767	-5.52031
7.12941	-8.10982
6.56284	-4.88547
8.72863	-6.26106
8.47844	-5.71183
8.29845	-6.69537
6.97015	-7.11566
7.73779	-7.13463
8.61811	-4.40196
7.49513	-8.34899
7.42455	-6.3294
8.55975	-7.06777
8.69583	-7.02533
7.0688	-7.35678
6.83785	-8.23369
6.74745	-8.4064
8.26656	-4.18944
9.0557	-7.37322
7.99642	-7.21413
6.6876	-6.8628
7.58257	-6.87339
7.9303	-6.79208
6.96586	-8.94386
8.48812	-5.58129
6.2928	-6.0537
7.77157	-6.44139
7.09942	-5.30141
8.32642	-6.48285
7.08791	-7.80252
9.18532	-5.18225
10.4805	-7.23298
7.71401	-7.17894
8.88846	-7.3935
7.77729	-8.52461
7.06535	-8.9834
8.75314	-6.42603
8.59059	-7.6745
8.51786	-6.56309
8.47922	-7.42583
6.34277	-6.53117
6.87101	-5.93566
8.47951	-6.08571
7.84595	-7.93479
7.98363	-6.44632
8.64306	-6.44403
7.43609	-6.81855
8.06389	-6.33557
7.18779	-8.32322
8.55889	-6.96199
8.34828	-7.24736
9.1344	-7.09341
7.22648	-4.7561
7.33573	-5.6619
5.8275	-7.18269
7.71924	-9.14406
9.91927	-6.54145
8.54112	-8.34222
10.1859	-6.35788
7.32779	-7.3563
7.42199	-8.27083
8.37572	-8.14087
9.03277	-7.46419
6.5048	-6.17161
7.93785	-6.03743
7.65198	-7.24134
5.84009	-7.55113
7.86009	-5.88846
6.22811	-8.57975
6.57878	-8.52091
7.37733	-5.56052
9.72409	-8.20188
7.84931	-6.17528
6.30697	-6.55127
6.73849	-6.01845
8.53692	-6.80142
7.81931	-7.99403
7.21914	-6.01634
6.86521	-6.24432
9.19265	-6.15315
6.93124	-5.68855
6.02009	-8.95444
7.03539	-6.89863
7.21357	-6.07943
7.35882	-4.56359
8.3859	-8.72309
6.47225	-7.82144
10.4822	-8.25138
8.55214	-6.24096
9.45695	-7.55227
8.03581	-7.50366
7.25676	-6.62712
6.87077	-6.96065
8.63266	-6.65836
8.1209	-8.21299
7.25089	-6.78758
7.97385	-6.99368
7.5089	-5.61799
7.68112	-6.95486
7.05888	-7.96633
7.6385	-6.58103
6.38302	-7.53348
8.58881	-7.33924
8.06475	-6.65812
8.44216	-7.46216
7.65459	-8.56876
6.93625	-7.12449
8.39265	-9.08905
8.27409	-6.18228
7.12396	-6.45488
8.05321	-8.51471
8.09948	-8.2184
8.36087	-7.76605
9.17766	-8.31119
8.51095	-9.00445
8.99638	-6.6656
8.17865	-5.95249
8.8998	-7.13641
6.95308	-6.9068
7.84711	-7.43453
7.36272	-5.7857
8.96385	-7.87873
8.07585	-7.52983
6.24574	-6.66545
7.74564	-8.90099
8.60684	-7.50721
10.7526	-8.2747
8.11422	-5.99248
7.69063	-7.88369
6.94983	-6.47342
7.94195	-8.28158
8.23675	-7.31234
7.20748	-7.32016
9.43119	-8.36058
7.99287	-7.74371
9.30198	-4.75865
8.32285	-5.73186
8.55933	-6.07326
8.93223	-8.08069
6.89398	-6.07259
8.113	-6.61586
8.63058	-7.91632
6.0498	-7.12004
7.19884	-7.21753
6.53227	-6.6907
8.66708	-7.06532
6.93941	-6.87317
9.40084	-4.91512
8.6898	-6.89982
9.71541	-7.78735
9.77296	-6.96569
8.82093	-6.46641
6.57951	-6.2107
8.90339	-6.71556
8.25998	-5.87619
8.39842	-6.81694
6.26927	-7.58973
10.1808	-10.1193
8.7582	-6.84029
7.15632	-7.58211
9.83076	-5.35016
8.45885	-7.74061
6.75721	-6.36444
8.30307	-6.39283
7.82208	-7.35393
7.00213	-7.16861
9.53407	-9.77045
6.31753	-7.62845
7.88639	-9.20461
8.82385	-7.39119
7.16218	-9.07643
7.17217	-7.39912
10.0205	-7.73035
8.65801	-7.16739
8.10682	-6.69964
8.38855	-6.83854
8.92561	-8.17764
7.28225	-8.9031
8.1566	-6.55466
7.8487	-6.89391
8.2472	-8.92889
6.83183	-8.12202
7.95956	-7.88033
6.6191	-8.3899
6.89834	-6.55606
8.45264	-6.86348
8.17108	-8.7259
8.43628	-6.66152
7.84212	-8.55898
6.5836	-8.09475
7.37512	-7.34367
8.33582	-6.39054
6.24329	-8.65553
8.09003	-8.1759
7.38816	-5.8574
9.36424	-6.25
6.38113	-8.46144
8.55009	-6.7703
7.31012	-4.65727
7.26226	-5.23907
9.1239	-3.91753
8.69257	-3.43603
8.26703	-8.9994
9.45562	-7.57716
6.49261	-8.12863
8.82935	-7.57755
8.81201	-7.52218
6.39941	-8.34871
6.34976	-7.27039
7.62022	-6.3757
8.46099	-4.45941
7.5472	-6.36472
7.15115	-8.10241
6.80272	-6.90228
6.02252	-6.71101
7.0977	-4.29338
9.2859	-7.49688
8.86495	-7.41117
7.0853	-7.94893
6.491	-5.32962
7.63194	-6.54209
8.08958	-5.56919
8.86759	-6.0787
8.11539	-7.76578
8.42624	-6.35617
8.73883	-6.41344
6.25713	-8.14281
9.92854	-7.41439
6.15439	-6.84079
6.82598	-7.0731
6.7797	-6.27896
6.77645	-8.03394
8.21907	-6.53636
8.26294	-5.16777
8.97724	-8.24017
6.7877	-6.91386
9.24531	-7.1837
8.47941	-8.18005
6.64045	-6.85294
5.96921	-8.42011
6.45879	-7.94206
10.0274	-7.84279
9.49133	-7.84235
9.79161	-8.04915
8.36928	-7.95919
10.0895	-4.84872
7.74977	-7.08509
8.11578	-8.34415
8.80713	-7.35219
8.34608	-9.12234
7.11342	-5.28946
9.85305	-6.68462
8.77969	-8.92539
8.96949	-6.67398
8.32006	-6.43245
8.50519	-5.77775
7.72958	-8.6787
8.36865	-6.29465
6.02939	-6.41959
8.20412	-6.75199
8.88206	-7.96331
6.4946	-6.5673
9.50839	-7.28361
8.12204	-6.93116
9.33751	-7.71163
8.30499	-8.47628
9.22153	-7.78037
8.88549	-7.37374
8.56455	-7.83812
8.56348	-5.14214
8.47389	-7.26453
6.90245	-8.67528
8.55208	-7.42051
7.75732	-7.68837
9.02922	-6.37115
6.696	-7.8688
10.702	-8.66194
9.16631	-8.07221
7.48034	-6.75316
7.96692	-6.22427
6.1354	-7.93642
7.83626	-6.85184
11.0267	-5.29995
8.17527	-7.07113
7.65236	-7.28546
8.83855	-7.09353
8.67817	-8.1973
7.76596	-6.43484
9.51449	-6.33773
8.86971	-9.1217
8.09172	-7.13088
9.95138	-7.13825
7.79412	-6.87992
7.91065	-7.76597
8.08184	-6.6711
6.18413	-6.83423
7.25974	-5.17994
9.97048	-7.01386
8.63076	-6.25345
9.53498	-10.596
8.73528	-7.21377
10.1735	-5.70379
9.29803	-5.20223
8.40833	-7.79646
8.72315	-8.91139
7.18943	-6.72424
8.60558	-6.79668
9.79394	-4.1346
6.92315	-7.37301
6.00484	-6.37688
6.66752	-6.30786
6.72881	-7.44454
6.4752	-5.47951
6.20666	1.93559
7.58747	-7.74998
7.80751	-7.84856
10.7598	-6.14337
7.91316	-6.85579
6.35541	-8.12748
7.30352	-8.38998
8.39498	-7.47568
8.12375	-7.44843
8.64558	-6.3916
7.17795	-7.59642
6.58164	-5.67398
7.34595	-4.78346
6.28476	-7.27576
6.02649	-8.37769
8.94334	-6.83867
9.27925	-7.00309
6.63641	-6.44902
8.23335	-8.18653
7.82823	-5.10759
7.14842	-6.41318
8.5246	-8.11484
8.9064	-8.15469
6.53896	-7.81977
10.091	-7.5798
8.77486	-7.39608
12.0787	-5.57114
8.52029	-8.23215
5.97681	-7.09597
6.52379	-7.5403
8.28924	-4.70643
8.94368	-8.34064
7.68465	-7.0244
6.82839	-6.27103
8.25727	-7.73416
6.66964	-8.66817
6.99705	-7.13548
7.77847	-5.993
8.59754	-6.17592
7.98616	-6.96358
8.68703	-8.03378
8.11068	-7.1572
6.5882	-6.1293
7.45145	-8.71907
6.71404	-7.40871
8.60678	-7.069
9.15973	-7.78165
8.47974	-8.3211
8.55596	-8.26347
7.944	-7.67894
8.08059	-7.10244
8.10262	-6.55394
10.075	-7.65814
7.95435	-7.40215
9.22359	-6.83015
8.0477	-6.00603
10.1313	-6.42078
8.06767	-6.4229
8.15221	-7.0361
7.07769	-7.90587
8.22406	-7.01808
6.2574	-8.71608
9.4017	-7.56384
7.05636	-5.28334
7.24171	4.24078
6.4442	-8.82209
7.1138	-7.31324
9.29517	-7.07587
8.44897	-6.75669
7.82839	-9.06852
5.86221	-5.42997
8.70699	-7.01558
8.67048	-6.68462
7.74725	-8.36894
8.40853	-7.77031
8.22709	-4.53354
6.90301	-5.34031
6.20041	-6.30786
9.3037	-6.84656
8.53158	-8.8801
6.46899	-7.77827
8.00093	-6.34843
8.07377	-8.16512
8.3419	-5.54403
6.85101	-7.57519
9.18904	-6.67316
6.20414	-6.86755
8.08832	-6.57974
6.83872	-9.04082
6.55851	-8.26621
7.63548	-8.61866
7.97758	-4.88877
8.61192	-6.66973
8.05822	-5.78254
8.42812	-7.77443
8.76977	-6.84457
8.15353	-6.14176
7.67311	-6.31635
7.20377	-7.24965
7.58945	-6.60569
8.42575	-7.82888
7.86134	-7.79184
5.91935	-7.52469
9.0781	-6.73734
7.95415	-6.79815
8.13262	-6.65863
7.36535	-7.60056
9.25503	-6.88741
7.89508	-8.38186
8.49682	-5.96497
6.39717	-6.01523
6.59643	-6.09969
11.4408	-4.2569
8.96466	-9.4801
7.7047	-6.59482
7.54663	-7.51473
7.83394	-6.30968
8.88206	-6.81283
7.04555	-7.64028
8.98946	-3.97013
6.8457	-6.33305
7.11173	-9.16088
7.52871	-7.0185
6.99536	-4.71848
7.01224	-6.94586
9.71074	-9.31065
8.55818	-7.62193
8.22711	-6.96331
8.12007	-6.80883
9.06248	-5.15674
10.4972	-5.45808
8.93663	-8.50211
8.01366	-9.16537
8.80341	-9.05733
6.33612	-6.66057
8.55414	-4.96682
9.26895	-7.54289
10.311	-6.53245
8.75422	-8.75977
6.80826	-8.26365
6.38455	-7.60147
8.20713	-5.34518
8.46915	-8.78495
6.25877	-8.06526
8.66189	-7.17243
8.29453	-7.96178
9.14561	-7.6337
8.79313	-7.54695
5.94725	-6.42589
9.33364	-7.95145
8.73162	-7.3455
6.17899	-6.89393
6.52507	-6.76021
6.2729	-6.60576
6.95023	1.53084
6.69575	-8.47373
7.25467	-7.36785
6.78822	-7.90895
6.7299	-5.57881
7.53935	-7.37213
9.97966	-6.00137
8.58085	-5.96937
8.12878	-8.28551
8.82418	-6.93531
8.31085	-5.64463
8.01672	-7.26526
7.78664	-8.80332
7.98841	-6.77081
9.81906	-7.6396
6.8367	-7.47515
7.45896	-7.54618
6.31574	-6.44293
8.72321	-4.97477
7.30791	-8.72872
8.93579	-8.60831
10.1911	-7.56697
8.92416	-7.93728
6.91193	-7.73931
9.66727	-6.15147
7.15304	-5.18646
7.76767	-9.04269
8.93427	-6.32602
8.61472	-7.03576
7.65334	-7.26337
7.10716	-6.11892
8.49927	-5.71616
6.60116	-4.40436
7.01602	-5.48876
6.98363	-7.32316
9.98593	-8.67754
6.32817	-5.9914
6.83882	-5.39051
6.68263	-7.64515
7.29642	-5.72594
7.65767	-6.01514
9.04345	-7.89928
10.6277	-4.5904
9.41043	-4.28457
9.52458	-7.56034
8.38367	-5.76129
7.87454	-8.41318
8.76693	-8.7145
8.94001	-8.57052
9.3866	-9.15679
8.80173	-8.32226
8.42134	-7.22401
8.42859	-8.61924
7.3225	-6.53359
7.65873	-5.8889
11.7887	-5.7626
7.33591	-7.15296
9.14459	-8.37013
9.37783	-9.62159
6.24716	-5.18152
7.74569	-8.25307
8.42919	-6.00232
6.11039	-6.95038
8.08982	-7.55093
9.31641	-6.47906
9.02917	-9.64045
9.09416	-7.91229
6.59195	-8.16053
9.05281	-8.29046
8.86454	-5.48849
8.77959	-6.70998
6.78848	-8.97631
7.27469	-6.7955
8.43655	-6.8728
8.30114	-8.10452
9.3974	-7.12055
6.16218	-6.24635
8.17931	-8.20865
6.84062	-5.25276
12.9328	-7.90113
9.37606	-5.33158
9.40271	-6.63745
9.69358	-6.79112
7.36605	-6.8322
8.00087	-7.12966
6.59332	-6.19102
6.75924	-7.25588
6.68886	-4.62369
11.1065	-8.67934
8.97227	-6.78685
7.72664	-8.83829
6.55386	-8.01853
7.09105	-7.72487
9.19073	-8.24045
8.51127	-6.15781
8.29481	-5.70689
6.43657	-6.70177
6.48867	-6.10392
7.98688	-6.85463
9.61356	-5.14467
6.93566	-9.01114
8.49771	-6.93982
6.68638	-6.68059
7.2375	-8.97593
8.65636	-6.63324
6.27872	-7.37887
8.24048	-6.65271
8.29184	-5.8598
6.21727	-6.15439
7.76801	-7.40411
8.09286	-4.87375
9.8872	-7.80293
9.48702	-6.94914
8.0661	0.346846
6.80134	-5.83025
6.17389	-6.92405
6.14317	-6.12031
10.194	-7.68246
8.33124	-8.09641
6.22045	-7.66478
6.77173	-5.51975
8.30713	-7.08067
7.5052	-7.67562
7.91915	-6.75873
8.62911	-6.65479
9.0439	-6.16946
8.26331	-8.17908
7.28213	-7.49959
8.94802	-6.58174
6.7975	-7.06835
10.3594	-8.45808
9.90561	-7.14441
7.47895	-7.81039
8.86891	-7.24759
8.92423	-5.10473
8.17286	-7.09039
9.29946	-6.41075
8.58194	-6.20325
8.40884	-6.52234
9.02431	-6.81463
6.83202	-7.36964
6.09689	-6.88552
7.50431	-8.27112
8.34369	-7.64436
7.00754	-8.00581
7.23332	-5.47243
8.03431	-5.1759
9.06208	-7.63624
8.4564	-6.37264
7.31338	-7.68637
9.91624	-5.67851
7.1641	-4.64005
6.75235	-6.7383
6.9236	-7.70611
8.75611	-3.91378
9.48099	-5.16751
9.4385	-9.18392
9.72945	-7.85313
9.0125	-5.98657
6.65462	-7.33048
8.32808	-6.01101
6.05837	-7.43619
6.19661	-7.21101
8.69614	-8.26691
7.42675	-7.09087
9.71587	-6.11355
6.13144	-7.39948
6.57838	-7.61725
7.50111	-7.73782
6.53538	-7.90277
8.9996	-8.46587
9.02029	-7.41664
7.94198	-6.16909
6.12934	-6.46698
7.40778	-7.07456
8.96487	-9.96566
6.1311	-7.87471
6.85092	-6.6292
9.45219	-5.83181
7.00227	-6.16598
9.59184	-7.66589
7.8511	-7.21947
8.77766	-8.70473
7.26791	-8.12478
8.33043	-8.66585
8.05765	-9.22805
6.36961	-5.18889
7.70597	-5.31304
6.43084	-7.5952
8.17248	-5.31592
7.21685	-6.87122
7.93541	-6.04146
7.76071	-7.20586
8.41255	-6.50723
7.76597	-6.82501
7.33688	-6.68701
7.19674	-6.34175
6.33157	-7.90804
9.70229	-7.44527
8.11301	-7.41995
8.7298	-6.91018
7.812	-7.11695
8.64567	-6.74584
8.43298	-7.57651
6.24461	-8.76612
9.05449	-7.91576
6.94062	-7.86928
8.00869	-7.44075
8.90369	-7.88367
7.17075	-6.15206
9.23203	-7.9489
8.71561	-7.83837
7.70311	-4.85448
6.15932	-6.83087
11.0599	-6.90595
9.23879	-8.42837
9.80106	-8.99616
9.68489	-7.83554
7.79245	-6.35262
9.25899	-7.60282
7.84771	-8.51076
9.65261	-5.24285
10.2027	-6.62635
7.27608	-6.90822
8.02938	-7.602
9.44506	-7.58241
10.0767	-6.68656
6.01183	-8.10983
8.82992	-5.70017
7.61156	-7.93723
8.07706	-6.78726
8.8561	-6.58621
6.55571	-7.95172
8.05503	-5.92774
6.3824	-8.42168
8.27762	-7.47232
9.81995	-10.0512
8.44828	-8.57261
8.53761	-9.18733
9.84922	-8.93663
8.75582	-6.67908
6.38583	-6.77902
9.11012	-7.31993
6.19638	-7.91365
8.68538	-8.52492
6.858	-7.3799
7.13099	-7.21823
7.06537	-5.59938
6.38864	-7.14501
7.0793	-6.88234
8.23592	-6.18564
10.7665	-7.89169
7.95289	-5.05992
6.85331	-5.7467
8.02711	-4.55128
7.25928	-8.80252
6.69571	-8.73551
7.70403	-6.88152
7.04244	-6.19483
7.95928	-7.06689
8.89208	-6.08982
8.22218	-6.49749
6.32722	-7.06937
7.37516	-6.51559
6.44245	-7.54933
7.0937	-6.08997
6.64327	-5.14973
8.38472	-8.59483
8.23271	-8.51918
11.7888	-8.23853
8.12721	-5.32921
7.95492	-7.85352
10.4812	-7.95089
8.90659	-6.57275
8.46548	-7.03175
8.72638	-5.68292
6.66482	-5.99734
7.1344	-5.12748
6.36598	-8.40648
8.85778	-5.17539
8.19712	-5.84065
8.90292	-5.44965
8.66145	-6.03356
5.75014	-7.4092
9.15763	-8.76154
6.72253	-7.50205
7.37598	-8.48319
6.73607	-8.62417
7.30978	-7.19689
7.51057	-7.75735
9.22727	-7.57711
6.99448	-7.22477
7.39768	-8.29826
8.86132	-5.77495
7.14891	-8.60345
8.16812	-7.76113
6.74024	-5.60178
8.0317	-5.92839
8.76462	-6.63656
9.14932	-7.14002
6.74646	-5.33072
8.89083	-7.95633
8.2578	-7.70542
8.62371	-0.876494
7.56312	-7.14004
8.12298	-7.43223
8.91327	-5.26593
8.39147	-7.39826
8.89393	-7.94841
6.96848	-5.72369
6.81222	-8.60515
8.13034	-6.77462
6.47298	-7.45647
7.83401	-6.17805
8.38073	-8.70792
8.61675	-8.71924
6.36674	-7.12833
8.85684	-7.49915
7.16207	-8.17315
7.65036	-8.41395
8.80358	-6.4614
6.38828	-7.56131
8.40055	-7.49475
9.31191	-7.804
7.47788	-8.34966
7.17745	-6.74743
7.40059	-5.85174
7.9513	-6.36941
8.80365	-7.11108
7.56535	-5.06514
10.0683	-6.67426
6.8195	-8.99415
11.8279	-6.72298
7.80298	-8.80346
8.85816	-6.66617
8.2584	-6.15024
7.15844	-8.27443
5.95968	-7.83636
7.55177	-7.7601
6.17725	-7.17705
6.44306	-8.71111
6.80417	-6.75132
6.29841	-8.76344
6.40621	-6.41223
8.28692	-6.80612
8.23917	-7.52632
7.10165	-8.52337
7.82478	-7.43907
8.39978	-7.56926
8.71466	-7.48619
8.4655	-7.24624
8.86569	-8.54547
6.49856	-7.96365
7.75662	-6.95213
6.63611	-5.47147
8.31997	-8.99549
8.97621	-8.07202
13.7793	-3.51537
9.49434	-8.65553
8.95128	-7.91405
7.22447	-7.80992
6.27139	-6.8262
7.93525	-7.63676
8.44593	-6.96195
8.19602	-5.85724
8.39462	-5.12201
10.4331	-6.37803
7.3865	-7.8916
8.252	-5.79665
7.39166	-7.43209
9.51145	-7.63933
6.37371	-8.77779
8.69276	-7.61074
6.67913	-6.91554
9.66546	-7.09221
6.29904	-7.94212
9.6322	-7.90378
8.26646	-7.45121
9.06287	-7.17544
7.72947	-7.12133
7.23056	-6.96326
7.12515	-7.99518
8.85219	-4.99873
7.81586	-8.0931
8.38084	-8.49684
7.99426	-6.44477
9.73055	-8.59747
7.87391	-6.3552
9.88929	-6.71117
8.32906	-7.04721
7.10826	-7.82606
9.0914	-5.97829
10.7368	-5.3905
10.0327	-8.02478
6.14277	-8.10687
7.52954	-8.80723
10.0347	-7.00118
9.07413	-7.90594
7.19863	-6.2065
7.11749	-6.5257
6.60954	-6.20362
8.49665	-6.93781
10.0851	-6.62574
9.34474	-5.1639
7.23172	-7.7518
8.28365	-8.52035
6.92522	-8.1357
6.52627	-7.27535
8.23547	-7.10582
9.17638	-6.77296
8.46927	-6.32629
8.81346	-6.78962
7.17028	-7.6799
7.66589	-6.96967
8.0026	-6.17611
7.73248	-8.1209
7.77882	-7.13067
9.78981	-6.52058
5.81984	-6.38358
9.18699	-6.2538
6.75618	-7.32908
6.91301	-8.015
9.29187	-6.34896
8.10848	-8.22372
7.32469	-8.13286
8.78547	-7.57397
8.87569	-6.73369
8.4782	-6.09731
6.87287	-8.01841
7.27365	-5.84615
7.80545	-8.1956
8.62019	-5.91476
8.06786	-8.26781
8.20591	-8.46182
7.12664	-8.57012
8.83793	-7.42262
6.76815	-7.08383
8.76081	-7.83434
9.50734	-9.14255
8.60993	-7.94494
8.59354	-6.94536
6.7812	-8.8617
7.67531	-8.04428
8.49253	-7.24778
9.06106	-8.83074
7.58826	-7.62287
7.72839	-8.08813
8.34641	-6.38598
8.19023	-7.20074
7.73949	-6.98811
9.02273	-7.56001
7.68684	-6.88309
6.82978	-6.3563
7.82208	-7.39808
8.71824	-7.36125
6.86044	-6.26424
8.9024	-6.65303
7.20928	-8.99979
7.88788	-5.71529
6.97658	-6.51958
8.83407	-7.9896
8.75	-6.00713
8.88323	-8.25262
7.50452	-6.62027
6.54081	-6.27177
6.8481	-7.05923
9.34118	-7.90916
8.90895	-8.31499
6.87431	-5.78898
8.67336	-8.96416
8.78125	-8.40127
6.82032	-8.49786
8.39606	-7.30337
9.114	-6.91043
6.05952	-7.27786
8.93995	-7.47401
8.82501	-6.88421
8.19502	-6.96748
9.06189	-7.499
8.78069	-7.75039
6.80286	-8.26314
10.8302	-6.63654
6.55719	-8.45705
8.848	-6.39162
8.13681	-8.10696
6.53761	-8.74097
8.37008	-5.9761
8.71281	-5.86709
6.77325	-7.93672
9.439	-8.78695
6.44444	-6.82384
9.97071	-5.79594
9.12953	-5.4119
8.34737	-7.75586
7.53065	-3.80717
6.51829	-8.41066
6.37906	-4.39954
7.42312	-5.75024
7.95194	-5.65491
6.17794	-8.0669
8.78194	-6.92093
7.17933	-8.34372
8.83111	-7.22388
7.20642	-7.06269
8.03368	-6.96506
8.4267	-7.87305
7.1246	-7.29359
7.50353	-5.83032
6.1526	-7.97987
7.05332	-8.39599
11.4489	-8.8797
9.24036	-5.74998
8.45984	-8.35756
6.52003	-7.35962
8.19732	-6.66513
9.41249	-7.78111
8.85913	-7.39752
6.8436	-6.3314
8.29917	-6.90863
8.60023	-6.59723
6.97862	-4.85807
8.30391	-6.57423
6.84121	-7.51634
8.36177	-7.42633
7.32271	-7.36791
7.40774	-7.41092
9.74375	-9.34568
7.59967	-7.60912
7.5051	-6.18649
8.60586	-6.52073
8.29486	-4.64461
8.94631	-5.22671
8.75996	-8.32598
6.27039	-6.78179
7.156	-5.99182
7.64872	-8.27674
8.14384	-6.36407
5.88937	-7.08059
8.7912	-7.80624
6.83577	-5.85142
6.97508	-9.028
6.98667	-7.11696
10.2103	-7.13984
7.52486	-7.93102
9.49787	-5.12144
7.57194	-7.42303
6.17762	-9.0302
7.08377	-6.79431
8.05144	-7.79928
8.32646	-7.23423
9.11901	-7.86393
7.23914	-6.79631
6.65738	-7.63744
7.53925	-5.33751
8.22251	-6.23067
7.31785	-7.94409
7.77016	-7.90536
6.54533	-8.19647
6.52728	-7.85384
6.67592	-4.52141
9.1189	-8.11885
7.06515	-7.44819
6.62706	-6.04439
6.6856	-6.44767
7.90668	-7.07297
6.58054	-6.57712
8.73212	-5.82836
7.9412	-5.95827
5.97098	-8.41113
7.65048	-6.86988
8.88829	-6.76327
10.5067	-4.48567
7.41262	-6.51356
9.55289	-6.21884
9.91625	-6.71899
7.49554	-6.41652
8.09305	-5.78963
6.42305	-8.856
8.35594	-6.79624
7.18867	-4.81196
8.48588	-8.56309
8.13803	-5.81459
6.93969	-7.54474
6.57392	-6.76489
6.40034	-7.84216
8.03149	-6.90653
7.42363	-8.95878
11.7276	-14.1027
6.26638	-7.94981
6.81753	-7.25259
7.26679	-6.28563
8.9169	-9.09121
6.72623	-7.8739
8.93918	-6.78275
9.23416	-6.35215
7.64008	-6.1817
7.97984	-7.98158
8.5409	-9.20756
8.72172	-6.81032
9.34899	-7.66228
6.60782	-8.15619
9.1161	-6.07903
8.40453	-6.08457
9.7766	-6.62782
7.52363	-8.26109
7.40928	-6.06686
7.28018	-8.5685
7.47391	-7.1216
10.148	-6.16859
8.63693	-6.93616
6.23612	-6.41268
7.66502	-7.86501
8.83713	-8.13476
7.10205	-5.72325
8.98111	-7.61135
7.63359	-7.66324
7.24378	-7.16034
6.2585	-7.7426
7.78797	-6.85405
6.24713	-7.52559
8.78847	-6.82957
9.81741	-8.29711
6.91645	-5.97817
9.621	-5.52029
7.54895	-7.08384
9.14281	-8.68778
7.73075	-7.22398
7.03682	-8.18233
6.50253	-8.20695
8.97955	-7.37877
6.18244	-6.38268
9.13641	-7.4556
7.226	-8.38366
8.12852	-8.77325
8.79147	-8.4691
8.97201	-5.9445
7.38741	-6.80032
8.55842	-4.08422
7.44991	-7.90298
9.09083	-6.45291
8.92226	-5.72783
8.34337	-8.37417
8.66663	-5.78766
8.91476	-8.64234
9.75193	-7.47629
8.29295	-7.74637
6.26642	-6.84134
8.62904	-8.62333
8.19965	-6.50526
9.34585	-7.97611
8.57412	-7.7563
8.67042	-6.37177
8.85489	-7.43012
9.88016	-7.32724
7.17145	-6.33426
9.40732	-7.47429
8.92831	-7.06554
9.49213	-5.64212
7.93638	-5.47997
7.20855	-4.73263
7.5056	-7.82967
8.68854	-8.51997
6.7294	-6.27951
5.95742	-5.99758
7.79771	-6.88889
8.61568	-7.97295
7.23107	-6.09985
7.6467	-5.72332
5.87434	-6.63939
6.31581	-7.82054
8.12856	-6.52992
9.64059	-8.11164
5.96218	-7.79194
9.22336	-8.19229
6.78048	-7.87571
8.02049	-7.29452
10.1413	-4.24955
6.74619	-7.75852
6.94557	-6.50706
8.34438	-5.54697
8.18068	-6.66053
9.54878	-7.80494
8.11363	-7.12918
7.84936	-8.26426
7.02575	-6.59655
7.0589	-7.24291
7.26938	-8.60451
7.98926	-6.33104
8.70155	-7.80864
7.76503	-8.54066
7.75379	-7.77901
8.03764	-7.42864
7.05246	-8.81842
9.64605	-8.85548
8.67757	-7.02503
9.15198	-6.53092
7.33331	-7.09535
9.55978	-8.31708
6.05211	-6.52401
8.84452	-6.5406
8.3549	-7.60742
9.25724	-6.07641
6.59322	-6.6581
6.59067	-7.57809
9.46034	-8.37997
6.79449	-6.7394
7.11167	-6.64853
7.04341	-8.83101
7.87122	-6.92605
8.83761	-6.13964
7.15943	-6.75881
9.59607	-7.07581
7.10138	-5.02837
5.81541	-8.36714
6.09668	-7.49545
9.14288	-6.09392
7.02213	-7.09527
8.76063	-6.1779
8.7243	-7.50574
12.4204	1.36801
6.96109	-7.37294
7.17528	-8.01667
7.38943	-6.11141
9.37366	-7.63279
9.90983	-6.80096
6.47382	-7.52821
6.93422	-9.09818
8.5305	-4.40237
8.40597	-7.18902
9.29171	-7.16309
8.64133	-7.80479
8.48208	-8.51744
8.37694	-5.46622
12.5607	-5.02656
8.19055	-8.47007
6.97746	-4.64409
7.93274	-6.92893
8.76456	-6.28755
8.36498	-6.07666
6.38801	-4.44967
6.19875	-7.76237
7.98568	-7.38388
9.01907	-7.12426
7.62344	-7.55303
7.13269	-7.27145
8.14297	-7.11184
8.83103	-6.75393
6.21155	-8.78067
6.29204	-6.18796
8.94695	-4.65963
7.66903	-6.16089
7.4695	-6.11517
6.3841	-7.29174
9.20298	-6.40901
6.51286	-7.19551
7.87649	-7.26134
9.09492	-7.36889
7.64749	-7.91776
7.95559	-8.00448
6.82398	-7.44096
7.9838	-7.56052
6.31041	-8.24274
6.89089	-6.01848
7.74384	-8.56015
8.32326	-8.4878
6.95121	-7.00097
8.52288	-7.99901
8.62633	-8.61748
8.3062	-7.95392
8.11889	-7.14897
9.24545	-7.66259
6.32887	-8.14234
7.44109	-7.62688
6.40378	-4.9936
7.63958	-5.15244
7.56588	-5.57333
6.51589	-6.71864
7.52928	-7.21648
8.22819	-6.00106
7.40536	-4.72967
7.75117	-6.85276
6.89797	-7.08861
7.28975	-7.20047
10.929	-3.40941
8.37249	-6.26132
8.13731	-6.4499
8.61986	-4.61479
7.85828	-4.55929
8.63718	-7.88134
7.04533	-5.82099
7.93224	-7.55795
8.31588	-6.53587
6.34159	-7.56009
6.5741	-6.38889
8.47804	-8.16348
8.34883	-6.36792
9.31112	-7.95876
6.98434	-8.16322
7.80156	-7.67268
10.0803	-4.49325
9.10648	-6.13185
9.31268	-7.37809
9.71617	-6.87206
10.8355	-8.20052
6.62268	-4.3153
6.57171	-8.62943
7.33774	-6.68324
8.05083	-8.53073
6.55634	-7.87452
7.62252	-8.62737
8.9191	-7.23548
8.39587	-6.00873
6.49802	-7.10674
7.60151	-7.75081
7.80084	-5.34452
8.91635	-8.2016
7.80054	-6.88859
6.46023	-8.03644
9.42118	-7.6176
8.53649	-8.12503
8.70011	-8.11603
8.4448	-5.54649
6.9403	-7.25217
7.789	-6.40845
8.61308	-5.32918
6.7598	-7.66053
9.05139	-8.17174
9.56844	-5.64928
8.94248	-8.32772
10.0039	-8.44607
7.31541	-6.78935
7.11904	-8.09105
7.31091	-8.16716
9.54527	-5.69127
7.94548	-7.20171
6.20085	-5.8279
8.86904	-5.36639
8.60463	-8.3672
8.53906	-8.42371
7.7518	-6.11355
7.74204	-8.11335
8.57051	-9.19089
7.97463	-7.87151
9.1293	-6.34597
7.05037	-6.76794
8.47211	-7.94565
7.45336	-6.68515
9.88283	-8.47478
10.0654	-6.95532
8.89948	-7.68997
7.67063	-7.15961
10.162	-4.42562
6.77873	-7.05478
8.80765	-6.39979
9.03711	-6.97
10.5393	-6.90023
8.87086	-6.88399
6.83794	-6.42355
10.2625	-5.60802
8.7818	-8.88616
8.92289	-5.77509
7.66373	-5.41948
11.4428	-8.92434
7.06577	-3.4941
7.84087	-7.95458
7.13838	-7.8887
6.0478	-6.06211
6.57934	-6.59688
6.51235	-8.93632
6.73986	-7.07348
7.53513	-5.59299
7.7632	-6.19106
9.52487	-9.04419
9.13605	-5.9801
6.42591	-8.33025
8.63772	-8.06516
8.45646	-7.444
7.34898	-7.44612
9.07494	-8.03031
6.89011	-5.95871
9.52861	-5.29305
7.70668	-5.64579
8.02155	-7.26269
10.425	-5.44987
8.52359	-8.66341
9.17366	-5.48384
8.42307	-6.40498
8.92252	-8.19092
6.85083	-6.07563
9.08488	-6.63293
8.01529	-7.16773
8.33897	-5.22284
8.70928	-7.06249
7.70764	-7.449
8.92788	-7.5509
8.7052	-8.53719
7.41757	-7.32826
8.54166	-8.63023
6.83	-7.3233
10.2805	-6.5363
9.1904	-6.25973
6.96092	-7.59269
5.94852	-7.22522
9.33336	-5.75224
8.1641	-6.59765
10.4842	-4.77484
7.15618	-7.48163
6.17389	-7.29112
6.3172	-6.98842
8.1924	-7.14617
7.84683	-6.60138
6.33492	-5.66975
7.92315	-6.35291
8.37218	-5.80499
6.72059	-7.13767
6.82521	-5.14717
8.56174	-4.90659
8.84861	-6.90168
8.33921	-6.92523
8.48237	-8.95924
7.18784	-8.66635
8.01037	-8.0434
7.76665	-7.01717
8.35514	-5.25564
6.75078	-7.33025
6.20182	-6.99292
8.62005	-6.1112
7.89148	-7.06016
6.43625	-6.4704
6.31882	-6.17966
8.93155	-6.51322
7.52371	-5.91967
7.22648	-7.42677
7.98776	-7.50748
8.73148	-8.12923
8.80991	-8.53569
8.92779	-8.1468
6.80876	-7.02601
8.16792	-8.12133
7.72674	-6.67465
6.67488	-6.48189
7.7058	-6.66146
6.6469	-7.38001
13.1161	-11.9448
9.61552	-8.6675
9.70239	-7.73
9.13214	-10.2986
6.70782	-7.34224
9.01594	-8.80347
10.3214	-9.26332
8.37541	-5.94776
10.3561	-6.59313
7.22097	-7.99496
7.32755	-5.71147
8.47209	-6.41237
8.22334	-5.46469
8.75191	-8.29878
9.24954	-7.45517
7.92251	-7.63812
8.57664	-6.80319
8.70847	-7.34987
6.71847	-6.06318
6.96862	-5.7618
8.87778	-7.89867
7.73494	-7.74056
7.85097	-8.25859
10.4008	-5.16772
6.76439	-7.68425
8.13258	-6.92422
8.20281	-7.83251
8.68915	-6.39108
9.13823	-6.99109
7.50378	-7.79317
9.15911	-7.03565
8.52497	-4.77889
7.2585	-6.44572
8.2391	-6.06616
8.1378	-8.79428
8.52611	-6.30834
7.90821	-6.10642
8.33807	-5.66113
6.1008	-4.72021
8.86026	-8.25701
7.54349	-5.40786
8.2518	-6.436
6.03892	-6.20788
7.28101	-7.82641
7.65839	-6.52786
8.55917	-7.42628
7.60621	-7.40866
6.85864	-5.92346
5.98534	-6.30698
7.26907	-6.28822
8.12648	-5.9336
7.43468	-8.64721
5.99594	-5.23049
7.36191	-7.48248
7.9562	-6.19409
9.76436	-7.46207
8.35759	-8.05773
6.80759	-8.43812
8.73481	-7.8194
8.30841	-5.42684
5.83655	-7.15426
8.83977	-6.45719
8.28265	-8.7187
7.77545	-7.12447
9.67379	-6.64347
10.2993	-9.24198
8.30878	-7.72605
8.61572	-6.76035
7.13333	-7.90339
8.04006	-5.54012
10.2867	-4.64137
7.09342	-8.54469
7.16708	-8.1978
8.37155	-9.13692
6.47005	-5.61909
8.78331	-6.95829
7.94031	-6.6578
7.57267	-5.33264
8.14928	-7.56857
7.48645	-6.28542
7.47947	-6.13996
9.57673	-6.94444
7.62502	-5.1175
7.9868	-8.46038
9.69619	-6.2701
8.49633	-7.00087
8.06321	-6.28752
7.94577	-8.62594
8.5235	-6.43174
5.97848	-8.57253
6.63692	-6.4089
6.65458	-7.76634
8.59351	-9.17588
8.13926	-6.16511
7.87809	-6.33228
6.36233	-6.81421
6.62067	-5.09253
6.86715	-4.87618
11.8976	-5.90832
9.35482	1.17191
10.7519	-7.34676
6.07826	-7.95937
8.92779	-5.39098
9.86336	-6.50081
7.70156	-8.04087
8.10194	-9.1558
6.95641	-8.21402
10.685	-8.66048
8.98168	-6.49921
7.24848	-7.12879
9.59654	-7.97544
10.1451	-8.09304
7.19575	-7.04
7.2098	-6.08544
8.46289	-7.39619
8.14591	-8.9898
7.26745	-5.76943
7.36876	-6.36774
6.85583	-8.40666
11.0386	-7.34396
7.62475	-7.14262
7.9902	-6.90949
7.07233	-7.61922
7.75766	-6.54931
8.47276	-6.28479
8.68942	-7.90536
7.3969	-8.76653
7.09956	-7.65626
7.74331	-6.68781
7.64359	-7.18677
9.55776	-6.30888
6.32874	-5.95139
7.33303	-7.27569
7.45507	-9.1307
7.75284	-6.85284
9.93153	-7.20333
8.89272	-6.68609
6.63481	-5.41347
8.0645	-6.91444
6.29463	-6.74561
8.58901	-4.92292
6.98624	-6.86343
7.57049	-5.70773
6.58791	-5.27217
8.3601	-7.15826
12.5808	-11.1636
7.58494	-6.89087
8.63717	-7.75405
6.44231	-8.33066
6.2585	-7.40588
6.54331	-7.45545
6.53916	-8.45833
7.30931	-6.12464
7.44766	-6.83068
8.7038	-8.08039
7.89666	-7.71565
7.02528	-7.46992
6.83601	-4.82572
6.89263	-5.52412
10.2781	-8.65975
9.65015	-7.27872
7.52153	-7.88075
7.57358	-7.45343
6.71299	-6.01133
7.18671	-7.5326
7.07995	-7.50339
6.45446	-6.9067
7.96417	-7.40909
6.99223	-7.88285
7.54432	-6.31592
8.49575	-6.05969
6.21086	-7.99547
7.18135	-8.24216
7.69098	-5.93522
9.01043	-8.02559
7.03652	-8.28041
8.63146	-8.45477
7.8842	-7.59158
8.64619	-6.56167
6.47142	-8.41763
9.10278	-6.14773
8.56812	-8.2438
9.62202	-6.49868
8.59163	-8.51474
7.0242	-6.95357
8.71915	-6.69113
6.94984	-7.54072
9.32957	-9.82692
7.81661	-7.3626
6.0907	-8.398
9.80347	-6.30172
9.3862	-6.97718
6.75843	-4.31887
7.59529	-7.55995
7.02313	-7.62867
8.01099	-7.58256
7.53056	-5.02801
9.91688	-7.56271
7.71926	-7.71477
9.60172	-5.98571
8.9567	-6.36562
7.79755	-3.99856
7.59585	-7.96626
6.36224	-8.33749
7.92896	-8.36502
5.73856	-7.50479
7.12072	-5.89955
6.69719	-6.99031
7.12796	-7.4475
6.50722	-6.5134
6.70895	-7.73109
10.3825	-5.53013
7.12037	-2.72071
9.29887	-8.7188
8.66099	-8.36012
9.39066	-6.73228
9.18141	-5.89886
6.78385	-7.19503
9.02218	-7.89062
8.42434	-6.66745
8.28446	-8.53564
9.22254	-6.31624
8.57681	-8.24133
7.23219	-4.82126
8.21852	-7.63898
9.03277	-7.3951
9.10746	-5.24825
8.7387	-8.61263
8.09125	-5.22198
7.78264	-5.30908
7.41148	-6.48088
8.77992	-7.49065
7.34264	-7.35493
7.21154	-7.67442
7.14829	-7.0175
8.19625	-7.98321
8.49749	-5.89091
9.73167	-6.29696
7.32241	-7.93782
10.0141	-5.54695
8.78442	-7.8457
8.18852	-8.29467
9.05776	-7.10825
8.01727	-6.823
7.90905	-8.70134
9.62275	-8.71424
8.1144	-4.76648
6.62926	-8.08185
6.49083	-8.05046
10.1396	-6.28635
7.69229	-5.9915
8.50204	-6.69725
7.87148	-6.49124
7.43117	-4.60185
6.21725	-8.30021
7.57777	-8.29056
8.85941	-6.64225
9.81969	-8.21649
7.04695	-4.77831
6.05943	-6.69625
6.62076	-6.95219
8.99909	-6.35254
8.52151	-6.24627
6.4022	-5.97021
7.46152	-5.95017
9.137	-5.08668
7.61924	-5.32249
8.35268	-6.03918
6.97447	-6.42978
8.87192	-6.32596
7.67279	-5.93583
9.61193	-7.71118
8.75964	-8.61826
6.80575	-5.81708
9.48519	-6.77727
6.07429	-7.85644
8.72127	-7.44172
10.4324	-5.97175
8.19773	-4.016
7.68805	-8.57164
9.75733	-5.66446
8.30307	-6.26401
8.40841	-8.4544
6.57059	-7.84848
8.78268	-6.7413
7.72671	-7.97635
8.52963	-6.92991
9.34498	-7.03044
6.59277	-6.48355
8.62857	-6.912
7.0025	-6.41971
6.54352	-5.41325
6.81775	-8.59286
8.71639	-6.52376
7.86561	-4.96416
9.82452	-6.28181
6.35105	-7.29295
7.72118	-8.1744
9.62953	-7.09457
8.75556	-5.6103
7.96081	-5.45919
8.15825	-5.85775
9.06499	-7.62056
7.25724	-6.1403
8.54447	-6.98039
8.99424	-7.82657
7.53906	-7.95828
7.48416	-7.53987
8.21795	-7.2795
6.9786	-7.25543
7.65784	-7.33541
8.06534	-7.03689
8.29434	-6.24425
7.35074	-7.35903
8.52791	-6.5188
8.02857	-7.1556
8.57455	-7.27428
7.68575	-8.31159
8.0089	-6.9951
8.68409	-7.54152
6.81705	-8.28732
7.32628	-6.99694
7.45689	-5.01775
7.96812	-6.69229
6.40455	-7.59921
7.15994	-6.47043
8.8133	-6.82648
6.59226	-6.28598
9.44702	-8.39581
8.64258	-8.06017
7.57572	-7.97672
7.34842	-7.29285
9.96657	-6.63374
8.90198	-7.52024
6.60867	-6.12648
7.96972	-8.29849
8.16073	-7.36496
8.03924	-8.9792
8.08874	-7.42908
5.93784	-4.89318
10.1939	-6.25265
10.0227	-7.04086
7.49812	-7.85958
8.24411	-8.3588
7.75402	-7.7474
8.42659	-6.24425
7.60451	-4.2956
8.24363	-6.79425
8.19754	-6.24543
9.49396	-7.72975
6.40606	-5.58707
8.26676	-7.55365
8.78728	-7.82812
7.56038	-6.44169
7.49371	-6.53417
5.88976	-7.64262
8.56779	-8.23141
8.80811	-8.41225
9.05981	-7.70484
9.63653	-5.49086
9.73581	-7.77944
10.926	0.143941
8.94138	-7.22376
6.81959	-8.76825
6.51999	-6.53126
8.45821	-5.08687
8.48855	-7.78912
8.09934	-6.06754
7.16557	-8.81408
8.1628	-5.06587
6.54636	-6.00059
7.35324	-6.2974
7.86473	-5.9152
9.68052	-8.5402
8.10426	-7.34311
7.52291	-6.52442
8.94312	-6.29421
6.73549	-6.59845
10.9616	-7.73894
6.69663	-7.7107
9.08063	-3.80823
9.07041	-7.95627
7.14052	-6.01498
8.00927	-7.87127
6.16344	-5.81197
6.73013	-7.76534
9.22611	-6.47606
7.17838	-8.14223
9.01673	-8.52237
7.00946	-7.16323
9.41917	-8.61149
9.17255	-7.84031
8.28153	-8.13094
7.60651	-6.33539
9.94114	-5.75836
8.48636	-7.57989
6.88854	-7.28692
8.18435	-4.79407
6.51662	-8.96526
8.46067	-7.92282
8.81927	-8.41762
7.26193	-6.71828
6.8886	-4.7943
8.42443	-6.65416
8.71221	-8.12763
7.6545	-5.73216
10.082	-8.26196
7.98049	-6.39525
8.94222	-7.07022
7.95436	-8.85005
7.62529	-8.38762
8.54764	-8.74014
9.92127	-5.55013
8.71682	-8.43776
9.6944	-8.34147
8.49957	-8.1822
9.2191	-8.92648
6.62086	-5.14733
6.95334	-6.23362
8.05024	-7.74818
7.85285	-7.64698
8.70362	-7.09642
7.63434	-6.15048
8.10882	-7.19249
9.60292	-6.04108
8.86124	-8.06903
8.74169	-7.50935
6.22055	-6.6555
6.2508	-8.43519
7.75286	-7.83175
8.27419	-8.49674
7.72212	-8.86434
6.52216	-7.43057
7.76877	-7.78309
8.52711	-7.19036
7.04541	-8.90345
6.84734	-7.30783
8.27354	-6.53276
7.7032	-8.96656
8.60782	-7.12266
7.73719	-7.96176
8.19731	-7.86566
7.11812	-6.2056
7.73168	-7.21696
7.17631	-7.78217
7.04787	-7.0808
7.23418	-4.84772
7.48484	-6.46278
7.36679	-7.56495
8.06099	-8.47302
8.34321	-6.78991
9.88899	-5.0753
7.00263	-7.82732
6.73563	-8.50386
8.52452	-8.80112
7.72017	-8.48668
10.0138	-8.08743
8.38014	-6.91204
9.20369	-5.12912
9.36133	-4.80327
7.83855	-4.54603
6.78728	-8.85273
7.91238	-8.24989
10.9102	-4.76474
8.99775	-6.06724
9.19219	-5.89132
6.86493	-7.66479
9.10911	-7.19004
6.7723	-6.28767
9.13455	-5.41274
6.98546	-7.79729
8.3039	-5.98992
8.09439	-6.80412
8.50572	-6.08664
7.83241	-5.66629
6.59355	-8.67539
7.35469	-7.83075
8.4629	-8.75102
9.37146	-6.08134
7.48498	-5.39855
6.99382	-7.36093
7.96832	-7.4943
10.0418	-8.03135
8.23934	-8.0779
6.87399	-8.27291
9.7931	-10.0726
8.7772	-7.84495
7.04347	-7.58125
7.45484	-8.85736
7.78486	-7.02542
7.70517	-7.12209
9.69631	-5.36056
8.97805	-8.72624
8.50038	-9.20333
6.53475	-6.21523
7.50503	-5.69078
7.66478	-6.24204
9.95369	-6.37652
8.0495	-6.83337
9.07709	-6.80959
9.23447	-8.79495
6.00087	-8.70405
8.23368	-5.37761
8.90878	-5.03372
6.91731	-8.27766
6.6333	-8.88566
6.1301	-7.82862
7.11845	-8.99811
7.39293	-5.65516
7.59017	-6.14099
8.23007	-5.55202
6.40441	-7.88209
8.92525	-7.80144
6.71777	-8.35519
7.81279	-8.08694
7.30615	-8.29652
7.47919	-5.83273
6.80749	-7.91406
7.63217	-5.21323
7.87032	-7.26897
8.71174	-8.46682
9.34469	-6.25897
8.99906	-6.13583
7.40042	-5.43805
7.75463	-7.0203
6.62996	-6.65897
8.31415	-7.69307
6.93987	-6.21697
5.74931	-7.6613
7.58042	-6.66166
9.2885	-9.18915
6.41887	-7.91262
8.37014	-8.35466
8.22868	-6.93298
8.39184	-8.39947
6.80365	-8.74847
8.48247	-6.34045
8.19445	-8.88418
7.47043	-6.11465
9.42233	-8.10647
9.05756	-7.33843
6.74264	-5.90375
6.97645	-8.08115
8.88186	-6.78742
6.56839	-8.14247
9.10118	-5.45871
7.12096	-5.90007
8.95082	-9.09768
5.98396	-6.35393
9.67408	-7.31161
7.94747	-7.86607
8.38536	-6.7978
7.81674	-7.09058
7.7764	-7.19155
7.63477	-6.18978
6.97767	-8.12929
9.94753	-8.90546
7.03071	-6.44725
7.77912	-6.86812
8.14674	-8.04252
9.10031	-9.94423
7.63736	-6.90783
8.34015	-6.06281
7.73615	-6.43519
9.48728	-6.30522
8.67667	-9.14409
6.85488	-8.75784
8.38523	-4.56441
8.7738	-8.61875
7.79971	-5.51515
7.35593	-6.87303
6.59247	-8.48269
6.15945	-6.92444
6.27555	-6.37498
9.44784	-9.78588
7.83661	-5.78524
8.82517	-8.26998
7.62111	-7.15997
9.06813	-8.51076
8.28058	-7.24001
6.21727	-7.04375
6.70101	-8.65391
8.95321	-6.4943
6.33065	-7.97523
8.8077	-8.20648
9.7241	-6.74607
9.76202	-5.40103
7.87127	-8.13034
6.35013	-6.77356
8.61906	-8.12818
7.8292	-6.75545
7.62259	-7.42557
6.29665	2.09609
7.65912	-4.19171
7.53561	-5.58619
6.6192	-5.73402
6.43657	-6.6924
7.92265	-8.96488
7.84548	-5.92783
6.31832	-6.99651
9.53335	-5.17868
6.96284	-7.85558
7.88189	-4.77176
8.66852	-6.45071
8.27368	-6.54481
8.7958	-8.4371
6.88083	-5.40992
6.38245	-7.41276
8.06674	-6.09656
9.99368	-6.25624
7.05543	-7.38322
6.91689	-7.20095
8.34538	-6.8857
10.3415	-7.54422
8.97478	-5.94215
7.16626	-6.08178
7.7549	-6.82539
7.44685	-4.57507
8.58942	-5.52989
7.93757	-7.52758
8.3143	-8.57993
8.60803	-6.3793
7.5449	-6.56139
6.03601	-8.07825
9.63456	-8.92242
6.50058	-6.78353
7.9208	-6.33862
6.51942	-8.34236
7.03784	-8.507
7.41008	-7.11643
7.50015	-6.51893
7.03606	-6.84159
8.00522	-6.40023
7.15595	-7.45814
8.53304	-6.25457
9.42936	-6.57202
6.32686	-5.28443
9.8504	-6.17041
8.7988	-6.58741
8.73576	-8.77476
6.32099	-7.46272
8.75003	-7.38423
6.2961	-8.84311
6.93461	-8.4828
6.60516	-6.72093
9.38368	-7.34826
7.08262	-8.03935
7.38326	-7.64089
9.14974	-7.9806
6.74329	-7.58817
6.99824	-8.56435
5.97995	-6.44783
7.03276	-4.91354
9.23296	-8.11887
7.53561	-6.79898
6.59123	-8.02091
6.09425	-7.37275
6.37056	-6.68444
6.92805	-6.0216
6.50847	-6.27365
9.72606	-6.71897
8.48509	-7.85586
6.68024	-7.25452
8.64864	-7.54071
5.93461	-8.42479
7.04625	-6.3865
6.87824	-8.12119
7.35869	-4.13588
7.64243	-6.59395
6.45361	-7.98797
8.62003	-5.92288
7.73831	-7.86796
8.27428	-8.31103
7.61613	-5.03885
6.89772	-5.59852
7.68903	-5.11913
8.98289	-7.79962
8.77843	-6.14021
7.27568	-7.45884
7.77487	-6.49993
7.81443	-6.06097
8.76619	-6.02959
8.73372	-7.97547
7.83265	-6.31285
8.46475	-5.58608
7.69265	-7.6121
7.14983	-5.44388
6.88437	-7.76382
6.09351	-7.48993
10.1705	-7.58917
10.1972	-7.66335
8.06064	-6.72169
6.30084	-6.54223
8.92322	-7.92672
8.60984	-6.46724
7.07899	-7.51895
8.67227	-5.4027
8.77395	-7.96446
8.77357	-8.29543
8.12531	-5.49599
6.46303	-6.92094
10.0048	-9.04412
8.97602	-7.44746
8.80221	-8.70082
7.63388	-6.75014
6.2375	-8.0895
9.33698	-7.79901
8.31353	-8.62236
7.34892	-8.64632
8.70021	-7.25699
8.52841	-5.80142
10.3853	-7.30424
6.64055	-7.40269
9.54698	-7.60636
7.85281	-6.22932
6.65548	-8.08338
8.61124	-7.13147
9.34456	-6.96091
8.43656	-7.977
8.55945	-8.00703
6.08928	-8.11671
7.87572	-6.96935
8.2918	-7.91144
6.06205	-5.7758
7.06287	-6.95999
7.38495	-5.99484
9.18828	-7.7783
8.85566	-8.26392
8.38651	-7.0258
7.49105	-7.10066
6.60456	-7.61499
8.17475	-7.89609
8.47519	-6.67095
10.1328	-6.35289
7.04506	-7.419
6.25357	-6.90298
7.49259	-8.0818
8.9407	-7.29126
6.78059	-6.90272
6.64005	-7.52244
13.0101	-9.05095
7.45563	-8.00678
8.50079	-6.1853
8.09147	-7.12874
8.05806	-7.6635
8.57338	-7.20776
8.91358	-7.47253
9.24972	-8.37573
7.44551	-6.96406
7.72464	-6.39153
8.76267	-6.47941
7.59108	-8.04106
8.67642	-6.4773
8.47475	-8.23277
7.91449	-8.92075
6.25547	-5.85004
7.90865	-8.15483
6.29279	-5.93693
8.03491	-8.28507
6.94211	-7.64106
6.71389	-5.72889
8.49941	-7.83646
7.95923	-8.93596
7.86582	-8.3868
8.23216	-6.82152
8.63399	-6.27101
6.37812	-6.77982
9.81859	-7.25098
6.9967	-7.88972
7.42514	-7.22132
7.90642	-8.59606
7.22425	-5.48352
6.27826	-8.00959
7.82757	-5.67818
8.48154	-7.18402
8.49455	-4.94934
9.27633	-5.25012
8.53357	-7.04346
5.98421	-7.32313
6.97051	-6.97365
9.9742	-7.81993
7.55521	-6.95826
7.64558	-7.75135
9.53926	-6.25197
7.29673	-8.39745
5.73775	-7.91386
7.84478	-8.02072
8.15838	-7.74527
8.35442	-6.53792
9.87838	-6.06229
8.15435	-7.72252
7.32794	-8.07596
7.52294	-6.64218
5.98411	-5.26
8.11975	-7.62656
7.44405	-5.20664
9.15592	-7.0423
9.86815	-6.76431
6.58618	-6.43465
7.66746	-7.05782
9.14759	-7.13596
7.22721	-6.3993
6.85805	-6.1404
6.44072	1.71175
9.1164	-7.18607
6.02072	-6.05702
6.1311	-6.18087
6.36248	-6.62088
7.73461	-8.39073
8.17514	-5.38971
6.96358	-8.30122
6.89506	-6.00953
7.32266	-7.63649
8.00735	-6.45642
7.15129	-6.37134
8.18113	-6.1639
6.85319	-5.0836
7.22108	-6.24372
7.41316	-7.89278
9.49359	-6.92458
6.13632	-5.72205
7.58274	-8.12339
6.33233	-6.06968
6.75318	-8.46961
10.5743	-8.55748
8.31234	-5.98381
8.36863	-7.04864
8.49187	-9.24251
9.03542	-5.1955
7.58343	-6.72152
8.58185	-7.70148
8.27465	-5.75906
8.2036	-6.08396
7.09452	-5.65162
8.04806	-6.56605
6.87595	-8.33691
7.93737	-4.97892
8.4507	-6.22005
8.59245	-7.43867
8.59559	-6.87063
7.65751	-7.27507
6.78896	-5.96399
8.25422	-8.4689
7.60868	-8.45008
8.51247	-7.23014
6.84511	-6.55952
6.15048	-7.18449
8.17956	-8.00551
6.86326	-8.18711
7.36801	-7.94113
8.25119	-5.51634
8.79385	-7.04654
6.58306	-3.28195
8.53456	-6.02537
8.97318	-6.76961
6.96605	-6.6239
10.425	-8.23018
7.09175	-7.39381
6.92539	-7.27942
10.0081	-7.22412
8.52141	-6.51419
7.94144	-6.69899
7.46916	-7.12099
7.16988	-7.14002
9.5134	-6.72143
8.1774	-8.45209
8.10563	-6.4539
6.52497	-5.9112
9.10854	-6.15941
9.70744	-5.5189
7.00827	-6.33614
7.04468	-7.95457
7.91086	-4.98831
8.37013	-8.01145
7.17384	-7.47182
8.9937	-8.28313
7.22414	-6.00489
7.70023	-8.83644
8.78727	-9.04507
6.07699	-6.56861
7.0721	-7.61551
7.01001	-6.56372
14.3459	-4.07269
7.45171	-7.69741
6.85486	-8.61569
9.36165	-8.69295
10.0557	-9.16836
7.49487	-8.00777
7.77695	-4.30228
8.62063	-6.68748
7.15952	-6.68963
9.21855	-7.32117
8.06677	-7.53208
8.363	-7.32931
8.62254	-5.53227
7.83615	-6.67174
6.76457	-6.33501
9.647	-5.97971
6.76575	-8.35625
8.76155	-8.26368
6.04938	-5.34477
7.90552	-7.31095
10.7957	-7.26707
7.3739	-7.93792
6.60691	-6.66614
6.81063	-8.10065
6.06337	-6.3815
9.38542	-6.84535
8.80006	-6.6789
6.31729	-7.56051
7.86588	-5.9501
8.81319	-6.3538
8.45025	-7.95045
8.77351	-8.02276
8.843	-7.21562
9.09443	-8.09601
7.504	-8.58517
6.9821	-8.64278
6.96462	-3.94718
7.09713	-8.50503
10.0491	-7.08777
8.15657	-7.7538
8.96386	-8.43643
7.7674	-7.0901
8.92112	-6.98004
7.79242	-7.72681
8.55753	-6.24776
10.1265	-4.75232
7.27665	-6.65097
6.75843	-7.16715
9.64563	-6.43631
6.45876	-7.41251
8.32452	-7.55343
7.41456	-6.78509
8.59119	-8.39149
8.91655	-5.96237
7.98897	-8.30858
6.41394	-6.00694
7.46115	-7.38044
10.8446	-6.0915
6.33659	-7.56073
9.42837	-5.36095
7.27518	-7.57085
8.01709	-8.61925
8.02216	-6.64601
8.6392	-7.59093
8.92911	-8.77298
6.41027	-7.35503
8.39043	-6.68084
8.21761	-5.40581
7.14066	-7.53391
8.803	-8.29166
8.52931	-6.79216
7.29681	-7.38327
8.66984	-6.76927
6.82976	-7.39234
8.115	-7.04841
8.28025	-8.93668
7.89043	-7.64448
8.50046	-6.74383
6.02196	-8.65923
7.48508	-6.61815
9.45819	-6.65175
7.9909	-7.355
8.92864	-8.40945
6.71159	-8.01016
6.90884	-7.57173
6.11707	-7.85164
7.96601	-6.96918
8.16961	-8.07664
7.0907	-8.77706
9.31863	-6.45485
8.72473	-6.20076
7.41154	-6.22717
8.74752	-8.06935
8.53156	-5.4605
8.15144	-7.61749
8.65323	-8.39937
9.28113	-6.27154
7.23581	-7.75107
7.10425	-7.33183
11.6655	-10.5192
7.10556	-8.10238
6.68522	-7.62383
6.77586	-6.24573
9.05879	-6.37555
7.90557	-6.3923
8.07273	-7.46888
6.92037	-7.09756
8.50047	-7.18298
10.0564	-5.92023
8.10367	-8.08958
7.70412	-8.15587
10.2199	-8.72799
7.03351	-6.77101
6.4984	-7.28084
8.33671	-8.85524
6.5194	-4.20996
12.7497	-7.69476
7.96492	-8.5105
6.03219	-6.80653
6.56036	-7.08432
7.65792	-9.18448
8.29289	-8.22071
7.06909	-7.13634
7.31913	-6.88313
8.43859	-6.19571
6.81881	-7.61408
8.3924	-5.99835
6.93764	-6.34616
6.87051	-5.96283
5.95057	-8.13277
8.92442	-6.95599
8.37831	-8.32322
8.03709	-7.42546
7.82262	-6.51249
6.28705	-6.28453
7.20946	-5.07173
7.55197	-7.74763
7.32783	-7.56608
9.05257	-6.51011
7.65879	-7.32905
8.58325	-7.98576
7.61719	-7.09446
9.72914	-5.14155
9.67068	-5.78374
8.63685	-8.41686
8.69788	-7.33846
8.66475	-7.06928
7.48376	-7.58311
6.73113	-8.87976
7.22467	-7.17432
6.47302	-7.35919
6.76359	-5.74917
6.94863	-8.35903
6.34364	-7.76278
8.80172	-6.24713
8.09102	-7.94642
6.24597	-5.0399
7.74061	-6.43664
7.09489	-6.2221
7.12045	-4.54889
7.98525	-7.15434
7.45885	-6.16962
6.88427	-8.73648
6.07064	-8.63981
9.13119	-7.48072
8.69983	-8.76085
10.5852	-6.39676
7.04387	-7.11366
6.71043	-6.34518
7.00556	-6.12057
10.0914	-6.98662
8.13845	-4.07048
6.36795	-6.99392
6.77248	-6.65962
8.44884	-7.20807
7.05053	-6.03431
8.04829	-8.64969
7.87896	-4.87542
14.8712	-8.25611
6.49026	-8.09396
6.57926	-5.04942
6.92485	-8.03663
6.1102	-6.6497
8.06615	-7.56075
6.05847	-8.90076
5.99767	-7.71434
7.14264	-7.0893
7.06695	-8.18082
8.30916	-7.83932
7.8829	-5.93409
8.02663	-6.72303
7.33383	-5.6542
6.03127	-6.65712
8.08623	-6.60526
5.91873	-8.69553
6.2506	-5.65038
6.30501	-8.80557
7.80832	-6.51459
7.89746	-7.16251
9.20491	-9.57449
9.48869	-8.46365
11.1574	-7.47032
8.54961	-5.82727
8.66102	-5.9505
10.3663	-4.21332
8.08646	-5.94881
6.53184	-6.21993
6.74618	-4.83394
7.87498	-8.41054
8.95371	-6.30391
7.85117	-6.64768
7.45568	-6.4467
7.01868	-8.09989
9.45211	-6.83426
8.29318	-8.25142
8.36073	-6.55925
8.91927	-7.01722
7.56878	-6.3673
7.23504	-8.60057
8.1609	-8.65337
9.26475	-7.40805
9.99902	-8.93089
6.80388	-6.99992
5.9778	-7.40283
7.69787	-8.91372
6.59756	-6.46454
8.64243	-8.18962
7.57759	-6.97454
6.1401	-8.30974
8.3712	-8.68414
7.21193	-7.27378
7.08159	-5.71588
10.0553	-8.81223
7.46288	-7.47407
8.70284	-5.71888
6.39772	-8.72178
8.54404	-8.70647
6.19034	-6.21718
7.42063	-3.24936
6.64286	-7.17321
9.47315	-8.51422
9.97426	-6.82382
6.15769	-7.42387
7.78196	-8.99201
8.16176	-7.60451
8.78942	-8.2218
8.20534	-4.78801
9.54112	-8.09541
7.5387	-6.92423
11.2498	-8.17002
9.01631	-4.73649
8.74145	-7.58345
7.12543	-5.32067
9.16309	-8.07759
8.99082	-8.26679
9.25103	-6.46146
7.31124	-7.74697
9.12397	-5.15676
8.68844	-4.68783
8.00056	-7.54818
8.00065	-7.67821
6.38115	-5.37865
7.76947	-8.98685
7.89244	-7.6492
8.74655	-5.38979
8.68388	-8.40396
5.89389	-5.01514
7.16168	-8.18158
7.72493	-6.17522
7.04373	-6.37783
7.26305	-7.72248
7.49914	-7.17003
7.88368	-7.3584
8.78954	-7.79528
7.23251	-6.37447
8.10688	-7.42609
7.72562	-7.98985
8.89832	-8.22565
7.10786	-6.52168
5.93558	-6.78238
8.97843	-8.19775
8.29492	-8.42726
7.7593	-7.26573
8.58156	-6.8751
7.13248	-8.10742
7.34868	-6.36728
8.71624	-6.11863
6.67136	-5.86309
9.275	-6.48127
6.66959	-4.99895
6.61692	-7.93088
7.67594	-8.47747
6.3563	-6.63598
8.9291	-7.72838
8.03873	-8.14571
9.34117	-5.96542
6.84391	-6.20242
9.28408	-6.92738
7.57005	-7.95274
7.68312	-8.36294
8.15918	-6.91597
8.1535	-6.72543
7.31153	-6.10092
9.38046	-8.33363
8.6398	-6.43193
10.0043	-6.78833
8.17886	-6.77222
6.46151	-8.26066
7.71175	-6.06981
8.70787	-9.21134
7.51269	-6.22399
8.72372	-6.36182
8.77844	-7.66767
10.1535	-8.63256
9.27207	-7.77972
7.85825	-8.16382
6.08324	-7.66229
8.3518	-7.50934
8.5751	-8.58202
5.99145	-8.8702
7.63443	-5.60741
7.13996	-8.77782
9.75832	-8.10972
6.72184	-7.31411
7.27716	-5.6136
8.23698	-6.46084
7.22923	-3.74707
7.70643	-7.2256
7.77144	-6.07771
6.71626	-7.41828
8.96937	-8.93393
6.98841	-5.47793
6.95402	-3.79643
7.7332	-6.34398
7.35277	-5.2336
6.66613	-7.53407
7.73202	-7.29644
6.17479	-8.13739
8.07539	-7.97597
8.07159	-5.76331
8.94842	-7.80554
7.81415	-7.5263
7.02693	-7.08491
8.34834	-8.21696
7.14363	-6.38461
9.82046	-4.58405
10.1308	-3.57874
7.01797	-7.90127
8.75979	-7.64324
8.10855	-8.14321
7.49752	-7.20101
8.48456	-5.90088
6.99785	-5.14394
7.34209	-7.70045
7.183	-7.03921
6.82969	-7.25879
6.51439	-6.34324
6.09897	-6.83688
7.77317	-6.67311
7.23898	-6.12049
9.06347	-8.13242
11.5278	-7.72399
7.39362	-6.9327
7.99245	-7.80912
7.48176	-6.64774
7.23833	-6.34043
6.94839	-6.84733
9.58564	-5.94959
7.31409	-7.98763
8.32245	-6.71328
8.71631	-5.95666
6.11768	-8.04586
8.15044	-7.52658
8.78252	-4.95072
9.03797	-8.4146
7.43244	-5.38299
7.97636	-6.43739
7.19563	-5.2869
7.0151	-3.12175
6.59053	-8.66268
7.83003	-9.04376
6.54067	-6.9143
9.86572	-6.95759
7.53853	-4.33227
7.77798	-8.6649
7.84355	-7.89734
7.55881	-6.19385
8.6328	-6.38701
7.42918	-6.80134
10.0469	-5.71106
8.12449	-7.76949
8.07822	-6.40751
8.18518	-7.56772
5.92907	-7.48537
8.1309	-8.44043
6.2315	-7.64452
8.72	-6.99611
9.54691	-6.38436
7.55403	-6.81054
7.42542	-8.92174
6.09416	-6.23223
8.2181	-7.68109
6.11922	-6.72821
6.32753	-7.58957
7.80375	-5.34247
8.87403	-5.39656
9.08156	-6.0887
9.95812	-6.6951
8.17583	-7.23387
6.6875	-6.43571
7.09106	-8.50944
8.25965	-7.84209
7.57304	-8.18071
6.95174	-7.95045
6.3444	-4.53329
7.34054	-6.95835
7.67471	-8.63036
8.59496	-5.8258
9.30201	-7.61815
8.23883	-6.43758
7.50281	-5.90089
7.91285	-7.27523
6.20912	-7.09289
7.05669	-6.47077
6.97238	-9.09914
9.28084	-5.12067
7.493	-6.46178
10.127	-7.49938
8.22725	-7.32537
9.84283	-8.37002
7.35124	-7.49336
8.63248	-7.42014
7.85174	-7.93534
8.90215	-6.94723
8.16459	-7.66804
8.23103	-5.5151
8.45775	-5.4043
8.06867	-7.32903
9.04003	-7.78987
9.17115	-6.26162
6.29264	-7.40736
9.22197	-4.58624
6.70729	-6.30113
7.75167	-5.62442
7.63171	-8.11933
7.17778	-8.11977
7.67422	-8.16914
7.62598	-8.22947
9.61137	-9.50796
8.46789	-8.63105
7.98342	-5.48664
10.0859	-8.11328
7.32603	-6.00025
8.57827	-8.8059
7.29399	-6.39573
8.2485	-8.26654
6.42151	-7.58294
6.50547	-6.45355
7.1865	-5.63383
7.35311	-6.05012
7.65556	-4.93895
7.68177	-6.22135
7.66925	-7.72918
8.38055	-6.71445
7.84484	-8.40903
8.90281	-6.10504
7.62681	-8.64091
7.91709	-6.37572
9.28795	-7.52121
9.24849	-5.67669
8.372	-5.59326
7.53076	-8.12772
6.85605	-7.18708
6.97494	-6.95263
6.05999	-6.32282
6.85351	-4.62006
6.7641	-6.24124
8.90552	-6.12616
6.97514	-6.83549
6.46069	-7.21867
8.3068	-6.29881
7.84051	-8.59344
8.41811	-6.04228
8.77245	-7.52778
6.23485	-7.43372
7.47929	-8.17914
6.74173	-6.48241
7.19441	-4.75135
6.87569	-7.12902
7.07449	-8.25551
9.05	-12.8487
6.10741	-7.85743
7.1303	-6.20155
5.91642	-6.14545
7.40889	-8.28723
6.85983	-4.0409
9.16224	-7.88889
9.19616	-9.5471
10.5519	-8.85959
6.28082	-6.95474
8.25347	-7.21565
8.32533	-7.10211
9.92001	-8.17095
6.94187	-7.84636
8.69327	-7.85108
9.35283	-8.13775
8.80275	-6.73702
8.87683	-7.71155
7.49633	-5.78126
8.64975	-7.28892
9.09906	-6.43057
7.47654	-7.59746
7.75208	-7.95843
6.28486	-5.90615
6.65361	-7.01997
6.37388	-7.41352
7.13116	-6.63025
9.15631	-7.75409
8.77071	-7.16538
9.67205	-8.12026
6.35413	-7.67662
7.84457	-5.49344
6.55143	-6.15289
7.01226	-6.47063
9.33725	-6.05513
6.86873	-6.15577
10.2249	-7.21939
8.03547	-8.78667
8.38507	-7.2126
7.86743	-7.80938
6.45236	-6.70214
8.65071	-7.86813
8.73947	-7.1921
9.01349	-6.82315
7.81781	-8.75029
6.33528	-8.37132
6.10141	-7.16976
8.69687	-5.50054
9.08548	-5.75525
8.28373	-6.65014
9.45783	-7.12355
8.47889	-8.12867
6.50995	-7.32073
6.51224	-8.36877
7.97396	-7.52128
10.0896	-6.26217
6.6158	-8.45086
7.19794	-8.28124
8.75623	-6.86764
8.14573	-6.92495
7.35898	-6.97875
8.21297	-7.04595
7.61717	-6.52874
11.5186	-10.0573
6.0783	-6.44656
6.44616	-7.96953
7.75528	-7.76857
8.12498	-7.30005
6.89725	-8.68706
6.62035	-7.19017
8.68059	-8.48033
9.12396	-4.14183
6.85886	-8.78849
7.85488	-7.80623
6.86763	-6.72351
9.64044	-9.1547
7.74232	-6.37642
9.40316	-7.05348
8.44976	-6.22505
8.34461	-7.74927
8.86982	-7.11736
9.20824	-7.0087
8.90441	-8.39337
6.66018	-6.27238
8.49129	-5.43833
6.89273	-4.95632
7.33807	-6.99882
8.29789	-7.56245
6.89697	-5.84994
8.28361	-7.50593
6.53701	-8.0438
8.13157	-7.08685
6.83688	-6.13411
6.74553	-5.99498
8.73865	-6.79509
8.36886	-6.75889
12.7324	-4.85363
6.20387	-5.4723
6.21749	-6.398
6.83882	-6.62495
6.96284	-5.98972
8.38642	-6.48352
7.43861	-7.5145
8.96329	-6.19552
8.39372	-5.82391
9.66196	-8.44986
8.38841	-8.07343
8.77065	-5.86235
8.73109	-6.15729
7.86681	-6.39852
6.13577	-9.07017
8.55387	-8.25566
7.21462	-8.81653
6.4123	-6.97059
8.48138	-6.5666
9.68933	-8.2209
7.49454	-8.76919
6.91538	-6.83591
7.40842	-5.81696
8.60756	-7.76481
7.47043	-5.38172
6.08887	-7.97424
8.74998	-7.47152
9.31524	-6.80702
8.47663	-8.62989
8.56211	-6.69371
7.58029	-9.02488
8.59312	-6.55768
6.36814	-6.66489
9.84095	-9.95879
7.11125	-6.24336
8.01697	-7.95373
6.99028	-5.46552
8.84086	-6.96896
8.09877	-7.77777
7.34824	-6.20688
8.89123	-8.00438
8.97599	-4.17639
7.56781	-5.63896
8.92977	-10.365
8.15214	-6.67152
8.77194	-5.28533
9.34508	-9.19488
9.86929	-6.80103
7.51153	-6.91883
6.25408	-7.1742
9.89131	-6.35585
8.60101	-8.69956
10.6511	-6.80431
6.30572	-9.05048
6.80944	-6.14297
8.48192	-7.31479
7.60101	-8.30021
7.11917	-6.63593
6.50044	-8.33572
8.57768	-6.80484
8.57036	-6.70252
9.9753	-6.26654
8.20713	-7.70029
8.34435	-7.08478
7.8206	-8.64208
8.37667	-9.21719
7.81935	-7.30289
8.27161	-7.99672
8.14623	-8.37309
7.2269	-6.73736
8.10069	-5.4937
8.66725	-9.16559
6.54384	-8.59075
9.73425	-5.48527
7.31677	-7.13895
8.62994	-5.55373
9.63252	-8.38057
7.95607	-6.64747
9.0545	-8.48794
6.71457	-6.54397
8.02036	-6.72339
6.25092	-7.43598
7.6391	-6.78008
7.06236	-7.56504
7.58707	-4.96812
8.52839	-8.53149
8.64912	-5.67509
8.49666	-8.04947
7.02531	-5.11129
8.57033	-6.04308
9.67632	-6.95494
6.79273	-8.67776
7.9236	-7.08065
8.75191	-8.07999
10.5623	-7.92488
8.82146	-8.10504
8.46609	-7.37331
8.49957	-5.93575
9.91259	-6.29793
8.59188	-8.20489
8.8857	-5.77797
8.94382	-6.69068
6.49063	-8.44716
6.00375	-7.36056
8.2384	-7.83367
7.54205	-6.80079
8.13306	-6.45001
8.12311	-6.56466
8.39481	-7.03431
7.02158	-8.46483
6.5687	-7.17485
9.01154	-5.00481
7.26537	-6.38886
10.1609	-9.75663
7.53035	-7.75137
8.59052	-7.45088
6.38486	-7.92599
7.55108	-5.75685
7.26208	-7.32327
8.53822	-6.02469
6.60086	-7.14774
9.1545	-7.23376
6.88202	-7.24147
6.45697	-7.44337
5.88643	-6.57679
7.82513	-6.80514
7.3439	-6.44085
8.09526	-7.29883
7.49006	-7.53989
7.7423	-9.13328
6.31208	-7.3225
7.17635	-6.02387
6.95976	-5.2658
8.91331	-9.7898
8.32319	-6.69872
6.61373	-7.78529
7.92089	-7.41262
8.26563	-7.03635
10.3023	-7.16966
8.05285	-6.24429
6.35713	-6.71358
7.66999	-8.72219
7.73303	-6.2477
8.05495	-7.79479
7.59727	-6.10968
6.12028	-5.71799
10.1111	-8.21841
6.10993	-7.80232
8.83354	-8.19055
8.71558	-8.35682
8.08423	-5.67295
8.03338	-6.98956
7.008	-5.58602
8.03632	-8.39374
7.07543	-6.28453
8.30737	-8.95981
7.64752	-7.30433
7.91905	-7.23671
7.80205	-6.94418
10.2946	-7.97615
7.36927	-6.26717
6.6124	-8.59304
9.22317	-4.66276
8.41701	-7.26605
9.42019	-6.66448
7.18469	-6.55643
9.81877	-8.07993
9.51889	-9.47821
7.05598	-7.66137
9.38262	-7.81554
9.10742	-7.02717
8.16938	-6.25381
8.90528	-6.22397
7.60227	-7.56317
7.69751	-6.4542
7.93771	-6.14832
7.89165	-6.45182
8.34502	-8.04509
7.33827	-8.2535
6.84508	-5.13385
8.01437	-5.28489
7.22993	-7.72667
9.5307	-2.75127
7.93357	-8.19746
10.076	-6.86667
8.16488	-8.94719
6.13216	-7.46124
7.22641	-6.87494
8.43605	-6.20776
8.71785	-7.21446
7.39546	-6.31545
8.59759	-6.46174
7.08231	-6.42233
7.05556	-7.62267
6.55784	-6.51339
8.90475	-6.26511
8.06988	-8.91817
9.54725	-6.94999
7.77725	-8.21185
7.71988	-6.87572
7.89789	-8.22145
7.55433	-6.05894
8.71046	-5.86077
8.74427	-7.60051
8.70434	-7.04966
7.97886	-7.33673
8.56532	-8.71034
8.70009	-7.39723
10.4177	-9.09756
9.12466	-8.75638
8.01116	-7.74027
8.93678	-7.98278
7.33895	-7.09853
7.57443	-8.27008
7.36484	-7.71544
7.18915	-7.27315
6.25686	-7.43628
7.46647	-7.3015
10.0168	-10.058
7.08311	-7.6124
8.3849	-6.72038
6.01449	-5.65635
7.8907	-5.84749
7.44336	-5.58264
9.83055	-5.73407
8.11193	-8.30509
7.7087	-6.50768
8.23353	-7.21946
8.97914	-7.85141
6.19266	-8.35869
7.47428	-6.65041
8.82346	-4.47407
7.3281	-8.08504
6.1842	-5.54631
8.55101	-6.20719
7.20509	-8.81243
8.22318	-7.55982
10.0645	-5.33595
6.97966	-7.88293
7.99589	-6.20977
8.68945	-8.17605
9.32704	-7.20441
8.07159	-7.47942
8.40347	-8.13405
10.7141	-8.77956
8.56373	-8.02104
8.84544	-9.06257
10.201	-9.19418
6.69986	-6.00449
8.38115	-8.54581
6.14518	-7.3055
6.22828	-4.53942
10.467	-8.05086
7.22566	-7.36185
9.31976	-8.10576
8.71677	-6.3536
8.26373	-8.33328
7.89584	-6.0377
7.7356	-8.14037
7.03352	-8.71034
7.97851	-6.06461
7.7188	-6.69812
6.36972	-6.21485
8.72355	-7.0451
7.3597	-7.88096
7.40015	-6.25078
6.10558	-6.41197
8.18249	-5.33102
6.57825	-7.72911
7.77413	-7.99444
7.54923	-7.77501
6.73747	-7.32032
7.80309	-7.71048
8.59649	-6.00088
7.02427	-6.20812
9.70127	-6.8028
7.43471	-6.62479
6.12042	-6.90722
8.62552	-8.57009
7.6495	-6.57762
5.97483	-7.57013
7.36552	-7.26085
9.31396	-6.66111
5.89839	-8.14006
7.82065	-7.98416
6.03365	-8.59954
8.71098	-7.53736
9.41174	-5.0646
7.11618	-8.18085
9.49522	-7.20048
8.46862	-6.35767
7.61574	-6.24022
7.96059	-5.52848
8.42646	-7.02609
7.79228	-6.80756
7.43252	-6.42642
7.86396	-9.14986
8.71579	-7.78364
7.6559	-7.44282
9.63954	-5.54827
10.6304	-7.41147
7.35792	-6.79681
6.72709	-8.67475
5.85223	-6.33326
9.92959	-8.98708
9.51935	-6.10817
8.4498	-7.34131
6.90874	-8.90071
8.9001	-5.27406
9.73765	-7.88023
7.38061	-5.76134
7.91932	-7.83096
10.1039	-9.89301
8.55477	-5.9769
8.08316	-8.07333
8.60984	-7.25675
6.66178	-7.07749
7.35257	-5.07672
8.77208	-6.29465
8.90595	7.28934
6.60062	-7.43389
7.78789	-6.47241
7.58377	-7.17072
9.12018	-10.6099
7.46871	-7.8622
7.29095	-7.27203
8.61868	-8.49167
8.68321	-7.34302
11.0856	-5.62125
6.81498	-7.13316
7.96205	-7.70366
10.8458	-6.34565
8.58709	-6.9208
8.43946	-6.06737
7.8941	-7.45687
7.77102	-8.59747
8.33599	-4.91144
8.2256	-3.97969
8.99686	-5.66031
8.73954	-6.61371
7.26202	-5.50861
7.89756	-6.99293
8.3667	-6.37834
7.71174	-7.24031
11.2217	-7.09888
7.69735	-5.50406
7.76587	-8.49008
9.54179	-7.35843
7.87014	-7.14403
6.4293	-9.15509
8.13177	-7.74721
6.2098	-6.84935
8.97609	-8.04799
7.0004	-3.32152
8.16048	-5.70269
8.417	-6.16603
8.41272	-5.1608
6.50789	-6.2586
8.8494	-7.60543
8.14794	-8.86092
7.08358	-6.9665
6.09271	-7.06279
9.82274	-6.79016
7.18318	-6.89561
9.5511	-8.54459
9.91042	-7.26707
9.81802	-6.9227
8.21475	-8.64622
7.49479	-6.88697
7.89326	-8.09773
8.44347	-6.9838
6.73467	-5.13582
6.87101	-7.54057
9.19712	-7.20079
9.28411	-7.26787
7.49448	-7.02276
10.1282	-6.16153
11.2746	-6.78383
8.16903	-5.82376
7.78006	-5.88528
7.98282	-6.95634
7.51523	-6.21788
8.36696	-8.8049
7.32839	-6.86574
8.42143	-7.14306
8.20619	-7.80291
8.24488	-8.12043
8.74965	-6.98607
9.52141	-6.57751
7.97275	-6.9924
7.84172	-6.47156
6.4787	-7.41242
7.24037	-4.5919
6.09333	-7.36391
7.80377	-7.91938
8.04984	-7.455
7.34653	-7.94455
6.34318	-8.32538
8.55191	-6.30569
6.40511	-7.49518
7.57876	-7.43433
10.0885	-8.45615
7.66681	-8.10383
10.1669	-8.42894
7.45395	-8.45193
9.89684	-6.31229
7.71695	-8.60481
8.08714	-6.48437
7.93988	-7.38972
7.40404	-8.62757
7.12415	-8.24535
8.71141	-6.82226
7.60502	-7.50107
7.87569	-6.40712
8.26409	-7.92954
6.59607	-8.53595
9.16185	-7.92606
8.18308	-7.65134
8.5581	-7.49349
7.2331	-8.78449
9.55532	-6.25491
8.56609	-5.65325
8.08001	-5.77204
8.42629	-6.4694
7.17501	-6.22512
7.44163	-8.01743
10.2276	-5.16162
8.66518	-7.74534
7.37026	-7.08589
7.00396	-6.83328
6.66339	-7.699
6.23185	-6.4567
6.64256	-6.2122
6.72535	-8.8485
8.62987	-7.65466
9.47155	-8.46727
7.04058	-6.14041
9.21291	-6.62976
9.41627	-8.65714
6.77993	-7.02778
7.33059	-6.11486
7.90559	-7.17864
7.82618	-7.29137
7.20361	-6.21565
6.93041	-8.54463
7.61184	-7.55733
8.0544	-6.52603
7.4111	-5.33303
6.66863	-7.03826
7.46765	-6.73613
8.24128	-6.19352
7.55314	-7.78821
8.72578	-1.24438
6.60128	-6.76795
7.04593	-7.50363
8.32819	-5.40962
6.77706	-5.85029
8.40126	-6.27625
7.21698	-8.80946
8.80926	-6.88121
6.83963	-8.37788
7.48072	-5.21619
7.0376	-6.77021
8.30164	-7.70036
9.03917	-4.85781
7.1676	-7.69864
7.19672	-8.2598
7.69482	-8.94469
6.49542	-5.56471
9.11791	-8.26317
9.50571	-6.73554
6.37578	-4.32491
8.52192	-7.64701
6.05653	-7.68681
8.8229	-5.6016
6.36617	-8.82696
8.58893	-7.84186
7.83881	-6.68643
7.07084	-8.56296
8.79266	-5.8183
8.77723	-8.01517
6.92808	-7.5311
9.03334	-8.29663
8.98915	-6.23067
7.04238	-6.53915
8.92912	-6.15576
6.58725	-7.39737
7.49254	-8.12717
7.00001	-7.99293
8.97122	-6.57977
7.11191	-7.76254
8.63053	-7.34821
7.83571	-5.73023
6.94287	-8.15628
8.23738	-6.7844
12.8548	-5.06818
8.33801	-5.62065
8.87608	-7.7756
6.02926	-7.35386
6.61135	-7.97226
8.44692	-8.78239
7.86858	-6.65177
8.86147	-6.46032
7.3864	-8.66259
8.42123	-6.77337
7.60815	-5.27333
6.38882	-7.36411
7.9363	-8.46366
8.16151	-5.58151
6.64023	-6.67417
8.1579	-7.77031
8.42337	-4.41266
7.01748	-5.75007
7.81024	-5.36283
6.64128	-6.15789
8.16813	-8.21167
7.2599	-7.85973
6.7141	-8.78744
7.95972	-6.81186
9.27047	-9.15355
6.35458	-7.03893
6.76838	-6.78802
8.53521	-6.88422
6.76094	-8.91441
7.16223	-6.19961
7.68206	-5.02716
7.13212	-5.61901
9.14115	-5.93494
7.79514	-8.82662
6.90099	-6.2235
9.26441	-6.71844
9.09402	-8.71329
8.00107	-6.79581
7.7156	-5.92848
7.75002	-6.88502
10.0947	-6.63477
9.24531	-5.86872
6.1247	-5.99867
6.68787	-7.87795
8.36158	-6.89262
6.22809	-6.00823
7.72461	-7.96823
8.57514	-8.43305
8.39713	-8.30802
6.31614	-7.50866
8.73235	-8.23946
8.08625	-7.12186
7.81823	-4.9662
8.71442	-5.07987
7.25212	-6.31954
6.90089	-7.95984
7.59768	-8.15986
7.56852	-7.33274
8.8538	-6.21757
7.603	-7.82791
9.52061	-6.88506
9.06505	-6.47044
8.17552	-6.8261
8.33347	-7.77958
8.70965	-5.93782
5.95067	-6.33622
6.74003	-8.5493
7.17044	-5.10017
7.82259	-6.45957
9.44005	-7.8193
7.45561	-6.9625
8.78487	-5.13774
8.17735	-7.38323
6.61226	-6.10806
10.4083	-8.16945
6.75033	-8.49628
6.9144	-6.3882
8.75663	-6.42876
8.35335	-8.69584
7.42584	-7.04012
7.44745	-6.24091
8.5258	-8.59959
6.24784	-5.06125
6.58245	-9.07305
8.46636	-7.37976
7.30171	-8.94511
9.47478	-6.53173
6.37869	-6.2281
7.60464	-4.87397
8.30485	-7.36834
7.95333	-7.05101
7.34494	-5.886
8.10475	-7.47655
7.50958	-7.06215
6.11313	-6.3439
7.70608	-8.25754
7.61549	-7.33841
9.67585	-7.01697
7.86245	-7.25969
6.70501	-6.58499
7.41847	-5.64413
8.03419	-7.89587
7.7267	-5.80566
9.6376	-5.84784
7.85248	-7.58669
9.52986	-7.22307
7.25229	-6.36178
8.24362	-6.79593
8.70857	-8.87416
8.67343	-6.99888
8.5591	-6.91465
8.38667	-7.18836
8.57992	-8.09914
7.59671	-8.50762
7.55533	-8.48327
8.75639	-8.71219
8.54331	-8.01994
9.21605	-6.33089
8.29269	-8.278
6.41169	-6.18849
7.0955	-8.75895
6.73657	-5.72703
6.87279	-7.87196
6.56025	-6.86621
8.14912	-6.25343
6.64784	-8.41888
6.32963	-8.67027
6.50853	-6.18556
8.47965	-9.07931
9.39496	-6.26169
8.29693	-8.49517
8.27776	-8.1402
8.56466	-6.28778
7.03442	-4.6819
6.93063	-8.89938
7.17747	-8.4748
6.23391	-6.08633
7.52118	-5.95275
8.40244	-7.34325
7.92035	-6.02385
10.0913	-5.27361
8.41587	-7.24712
9.52059	-6.96665
6.49649	-7.2001
6.9738	-8.0783
8.0484	-7.17083
7.88892	-7.0078
7.56455	-7.18801
8.05723	-5.8071
7.00865	-7.53997
8.66599	-6.74633
8.2767	-6.10223
8.60057	-6.10758
8.7945	-6.72004
7.71813	-7.28491
9.60022	-6.0234
8.2498	-5.35621
7.81646	-7.49996
5.9868	-6.7573
9.00687	-7.10481
7.82198	-5.97747
8.19699	-5.68007
9.43687	-6.61306
8.72803	-6.74191
6.7036	-6.16633
8.22193	-6.01669
7.78961	-8.7546
9.21697	-6.17123
8.15487	-8.33109
8.04331	2.08815
8.1733	-7.19845
6.95069	-6.4997
8.05946	-6.98412
8.48697	-6.45276
8.71596	-5.86689
8.07889	-6.96257
10.4054	-6.08362
10.9564	-8.09816
6.3629	-7.80584
7.9126	-6.45142
8.58941	-4.64954
8.04433	-7.4325
7.60914	-7.18898
6.46533	-7.8626
8.90966	-5.45272
6.65181	-7.45592
7.87964	-5.88947
8.62869	-5.36099
8.53749	-6.49919
7.52208	-6.4449
8.32097	-7.11601
8.28435	-6.10352
9.15251	-8.14636
8.71726	-6.20621
8.31996	-6.56698
10.3711	-6.75057
6.06207	-7.03265
6.71411	-8.16855
10.1863	-8.23607
6.29852	-4.4581
12.8258	-4.78073
6.47803	-6.79707
8.88503	-8.99563
6.61223	-5.96414
8.74569	-6.91757
10.6942	-7.77835
8.24537	-7.32487
6.80962	-7.7158
6.29381	-7.22295
6.09921	-7.36106
8.30606	-6.76651
9.3626	-6.67953
6.86383	-5.93159
8.78362	-8.2182
8.04514	-6.6356
7.99964	-8.58757
9.27058	-7.28532
7.73478	-5.09336
7.64509	-8.58919
8.29082	-7.34186
7.67741	-3.73651
7.67982	-5.94653
8.44524	-8.59718
8.02714	-4.59894
7.53997	-5.35413
6.65442	-7.91354
8.94378	-7.40451
7.60129	-4.70883
8.54299	-6.19445
6.48898	-6.31066
7.30067	-8.63433
9.06426	-7.36301
7.83005	-8.04756
7.23711	-8.47867
10.5	-5.81733
9.54838	-5.69634
7.74949	-5.33066
8.43863	-6.97564
9.3205	-8.68943
8.15304	-8.66781
7.67554	-4.86943
7.54944	-7.49957
8.90427	-6.88747
9.35115	-8.08637
6.22479	-8.48852
6.90452	-7.69254
8.64111	-6.13887
6.96509	-8.23921
7.12053	-6.29922
6.01565	-7.5709
7.21017	-7.89663
6.42034	-6.42054
8.87726	-7.47421
9.30343	-5.56352
6.95582	-8.29588
8.33192	-8.89955
7.89953	-8.60549
7.10929	-7.50976
9.14942	-5.29342
7.65309	-7.00613
8.37632	-6.40234
9.27074	-8.43123
8.96499	-7.4811
9.5421	-14.378
7.95641	-7.94429
9.71071	-8.92434
6.31303	-6.61059
7.52472	-7.18583
6.67431	-6.43477
9.47149	-5.77571
8.38593	-8.14145
8.1567	-5.91031
6.48075	-8.2241
8.27597	-8.31549
7.28515	-8.55981
6.97242	-5.9598
6.13394	-8.19056
5.77492	-6.57241
9.7936	-3.76296
8.71292	-5.8881
7.14384	-8.27371
8.66549	-6.59636
6.83982	-7.46013
8.55298	-8.0425
7.49631	-5.87533
7.30543	-8.27104
8.84391	-7.27877
6.34857	-6.91748
8.08334	-5.14445
8.89644	-6.07058
9.33808	-8.97581
9.01739	-7.80566
9.58059	-6.28751
8.89687	-6.37908
7.70583	-7.21862
7.44117	-7.49838
7.07777	-4.70853
7.727	-6.16274
6.35575	-6.56461
7.38283	-6.73201
7.4215	-8.05821
8.52859	-5.35528
9.59744	-9.98055
8.88637	-5.44938
8.82349	-5.92764
6.32117	-6.30757
8.26637	-8.57502
6.21119	-6.80368
8.29678	-8.20482
7.43722	-6.66443
8.78945	-6.69862
8.16264	-6.43978
7.97321	-7.19201
7.08906	-7.41463
6.56807	-8.55558
9.51067	-8.34783
8.52986	-7.06619
8.07563	-6.59016
5.9419	-5.27089
8.4115	-5.89542
9.45096	-6.73291
7.06832	-5.89209
6.21328	-5.98166
7.26059	-7.9529
8.61696	-6.5362
8.70299	-7.26403
6.74767	-5.40572
8.70142	-5.9938
6.71482	-8.23451
7.63452	-8.93369
6.71128	-8.40413
7.04996	-7.18103
7.51836	-6.52574
8.33182	-5.03732
10.1572	-9.10431
6.84125	-6.77447
8.96501	-8.61677
10.0798	-5.76586
6.58788	-5.67767
8.80785	-6.20369
8.78548	-7.48227
6.63698	-7.19692
10.0004	-6.93126
9.2105	-7.35787
9.73054	-7.06967
8.57472	-4.31562
8.83095	-8.09375
7.4986	-7.98068
7.6645	-8.44689
7.09178	-6.90826
8.01181	-7.83633
8.82039	-6.89156
8.6723	-8.00051
9.57748	-7.86825
7.21265	-7.30567
6.67551	-4.71549
9.10503	-5.96916
7.23826	-8.19398
10.4322	-4.55231
8.84598	-6.77139
10.1845	-9.76118
8.60217	-8.51804
7.98029	-8.82138
6.19733	-8.3341
8.26969	-7.03351
7.3309	-4.78631
7.65411	-6.67024
7.4358	-6.4881
7.17523	-6.13725
8.69655	-9.11819
11.0509	-7.30323
6.29192	-7.82683
8.52223	-7.46312
7.4646	-5.53869
6.05766	-7.28963
7.82533	-8.12621
7.46677	-5.709
9.05587	-7.76647
9.11939	-7.0122
6.09249	-7.73759
7.91622	-6.84044
6.59148	-8.43476
8.49027	-8.63688
5.86982	-7.6184
7.16106	-7.05123
7.40182	-6.98429
8.57504	-7.75901
7.77871	-6.03803
8.31401	-4.92024
9.18604	-6.3982
6.69091	-4.73313
7.05595	-8.33756
9.96076	-8.58215
8.83694	-6.60748
6.8431	-8.15354
8.35552	-6.75174
9.45551	-7.40494
9.53713	-7.24962
6.71382	-6.03777
8.21918	-6.02189
7.897	-8.23377
8.93971	-6.48862
7.60162	-7.77326
9.05659	-8.53364
7.72349	-7.73104
6.71945	-6.68934
7.7875	-8.91044
7.88987	-5.02701
7.26052	-6.8814
6.27556	-6.12838
8.6014	-6.43541
7.22449	-7.20867
6.62784	-5.82314
8.08346	-7.01023
9.33034	-5.11918
8.1714	-7.70872
6.47705	-6.42406
10.1156	-7.20945
8.8895	-6.24778
6.52945	-8.10406
6.66995	-5.80682
8.47344	-7.38326
7.22531	-6.34962
8.57356	-7.26245
7.60289	-6.84585
7.9722	-8.15277
7.18954	-6.5554
7.12031	-8.27669
8.41736	-8.46085
6.75215	-5.24125
9.77086	-6.83166
6.35689	-5.78047
9.75478	-9.59371
8.4717	-5.52526
6.09944	-6.97323
8.35912	-6.20605
6.25493	-6.43076
7.47687	-8.25204
8.08743	-7.8492
7.79974	-6.86087
8.03127	-7.69479
6.53069	-7.80083
8.35196	-7.6081
10.1863	-7.21192
5.97709	-9.1432
7.73141	-7.94124
10.5184	-8.76326
8.61012	-6.84882
8.0953	-8.52388
6.3482	-6.82219
8.85713	-6.55128
7.74595	-7.53017
6.97799	-7.51868
9.11929	-7.92488
8.496	-4.84507
7.84491	-6.00862
9.18644	-7.1798
6.49378	-6.63139
6.80363	-7.56599
7.37443	-8.4468
7.74835	-5.39396
6.51295	-7.48125
9.00974	-8.76234
6.94428	-8.40389
7.08551	-7.56282
7.44565	-7.00556
6.83786	-4.7128
9.41643	-7.35951
8.64957	-6.23155
7.92104	-8.54854
8.39662	-6.19271
7.22912	-6.67355
7.7615	-7.05964
7.76041	-7.97326
7.06647	-6.27742
10.7672	-7.15567
5.85277	-5.37003
7.83153	-7.31922
8.86205	-5.12697
8.25754	-6.25609
8.98847	-6.26594
6.439	-8.05032
7.92184	-6.58302
7.97662	-6.41567
6.59232	-8.70044
7.8982	-6.17445
8.60393	-8.67085
5.97756	-6.36408
8.18777	-6.53804
7.88448	-6.60709
8.35502	-8.38996
8.96383	-6.51016
9.53299	-7.21774
7.90421	-5.56559
6.45763	-3.88627
8.62547	-6.38458
6.75901	-6.60618
8.73174	-9.00929
5.84526	-8.48454
10.3757	-6.48404
6.00157	-5.93873
6.29899	-8.97426
7.84148	-8.35318
11.1662	-8.02155
7.47228	-6.89568
7.82926	-6.25409
6.77132	-8.80636
7.14493	-6.61672
6.96947	-8.06968
7.33136	-6.71227
8.0891	-8.56874
7.14455	-3.14295
8.86972	-8.05421
7.28023	-7.30844
6.2958	-8.1309
8.24704	-5.76782
7.30912	-8.14108
7.40214	-7.57649
10.9257	-8.67116
6.08742	-5.70928
6.13814	-7.00404
7.03728	-8.13088
9.3166	-4.95345
7.69431	-9.08021
6.62204	-7.86382
7.25452	-8.0564
7.69647	-7.64497
10.0457	-6.92608
10.1317	-9.51973
8.07907	-8.80683
8.82462	-5.57716
6.40229	-8.98447
12.173	-11.9218
10.2418	-7.34798
6.96364	-8.40681
6.51	-6.70173
10.2178	-5.68191
8.02579	-8.02576
7.90218	-7.23697
6.87369	-6.34639
8.97738	-6.03714
8.23324	-8.39424
7.26171	-6.48321
7.28218	-6.24747
7.88676	-8.16956
7.96042	-6.51322
6.59055	-7.68231
7.42826	-6.83563
8.2191	-8.52225
6.45909	-6.33301
8.76832	-7.9684
8.78835	-7.33556
7.34263	-7.87317
6.83401	-7.80205
9.22918	-9.17455
8.77542	-7.93851
7.67878	-7.0671
7.66629	-6.90887
7.41795	-8.93564
7.57603	-7.42439
6.71641	-8.00563
7.49693	-7.59897
7.85541	-5.77572
7.85513	-5.82838
8.36653	-6.04992
8.42689	-7.17975
7.11565	-9.12747
7.29465	-7.60422
7.68714	-7.8056
9.40054	-7.46107
6.90936	-8.59101
7.70768	-8.21244
8.62755	-7.4247
9.85429	-6.52715
8.70163	-6.59876
6.80582	-5.12851
7.9951	-6.12348
10.0827	-3.79988
9.17887	-8.73189
7.75242	-8.09478
8.02606	-5.73589
8.73606	-6.98814
6.1622	-5.81193
7.12402	-4.62008
8.7754	-8.49047
6.41265	-7.20734
7.57607	-8.48638
8.60008	-6.50747
8.6583	-7.93184
7.3936	-6.95077
9.53773	-7.19011
8.77867	-7.24491
8.30749	-8.79552
9.48601	-7.43948
8.09804	-8.64861
10.1184	-8.93841
6.34745	-7.45512
9.74769	-7.13219
8.17366	-7.67387
8.44539	-8.25106
10.2946	-6.67693
7.23239	-8.13284
8.79468	-5.97336
9.95581	-6.95271
9.51702	-7.15299
7.76213	-7.29285
8.22821	-6.94606
9.61172	-5.08995
7.93508	-6.43313
6.831	-6.71294
8.23242	-8.49582
7.59746	-7.50333
8.90425	-6.8635
6.03756	-6.70742
9.82853	-7.18673
7.22732	-7.55548
7.81921	-8.25282
7.79763	-7.01187
9.36149	-8.05694
8.55812	-6.77292
8.41611	-8.07056
6.98406	-5.87792
8.72234	-6.82086
9.83817	-5.45946
7.01837	-7.0902
6.98447	-8.401
8.15033	-7.91257
7.29575	-6.99441
8.79274	-7.83695
7.37331	-8.23703
6.08284	-4.72912
7.52756	-7.2518
8.70022	-6.45112
7.70827	-6.91132
7.53823	-7.10359
7.78394	-7.92113
8.62451	-3.7051
6.84323	-7.52795
6.31216	-8.93334
7.31278	-6.61025
10.2647	-7.53233
6.47977	-6.84268
9.97967	-6.55305
6.18307	-4.92148
7.83884	-5.33492
7.00262	-7.57895
6.1497	-8.26611
5.94835	-6.03205
7.24562	-7.04522
7.35156	-8.79251
6.76767	-7.36561
8.05223	-6.48265
7.93693	-7.2231
6.22912	-7.98486
8.15014	-6.29316
6.9148	-6.29008
10.1471	-7.66621
8.36861	-7.36908
7.63687	-7.06038
6.62577	-7.50476
9.29005	-7.27743
9.68644	-8.77499
8.45869	-7.13769
8.77591	-7.70853
6.67915	-6.90832
9.34638	-8.0314
6.04421	-5.27274
8.60375	-8.36903
9.37134	-7.47313
6.66125	-6.33198
9.46954	-6.88593
6.13606	-7.9858
8.45919	-7.37765
8.48698	-6.62704
9.32475	-10.1082
8.69466	-8.98544
8.1925	-8.41902
8.49417	-4.22155
7.09848	-5.94437
8.35919	-8.03371
8.92343	-5.54478
7.44473	-6.20629
6.44702	-6.59414
10.192	-6.21397
7.94084	-7.9837
7.23789	-7.6214
8.1097	-5.72776
7.52588	-8.0764
10.6385	-4.29502
7.65181	-7.15436
8.81212	-8.00015
7.68865	-7.20382
7.43573	-6.4572
8.28074	-7.48534
10.1117	-6.78425
7.19464	-7.31433
7.73126	-6.41856
6.98833	-5.30017
7.40414	-8.47429
7.27422	-6.53212
9.00164	-5.34399
8.71317	-7.21834
9.13513	-6.29081
7.04444	-8.7597
8.0551	-8.29143
7.72721	-6.72139
10.3738	-11.0967
7.76345	-8.71385
7.30409	-6.51447
7.2849	-7.98563
8.0184	-6.85581
7.58425	-8.29045
6.41169	-6.37004
8.73451	-7.78433
8.60301	-7.04861
8.70869	-7.83975
8.17537	-7.47151
9.34864	-8.98747
8.4935	-7.67354
8.55438	-8.46958
9.99644	-6.94922
7.37732	-6.16365
8.40788	-7.91035
6.83125	-6.36922
8.14366	-8.98335
6.49782	-6.82563
8.53643	-5.74508
6.69108	-7.56325
7.26779	-7.10992
7.24105	-7.72583
7.38014	-7.27377
8.94678	-8.30691
9.92804	-6.32824
7.49565	-7.64959
8.31115	-5.26337
7.90147	-8.1366
9.27561	-9.46515
5.98878	-8.28178
7.49051	-6.7429
7.42625	-5.31218
5.89209	-7.14884
7.34622	-6.40749
9.03357	-5.93838
8.95796	-6.33891
6.28445	-6.39916
6.79601	-7.71113
10.5405	-6.58008
6.04995	-6.90649
6.88795	-8.39456
6.15694	-8.57321
7.78046	-8.90724
9.29208	-6.56947
7.20545	-6.90664
6.86946	-7.76337
8.22825	-7.11792
6.90945	-6.36639
8.7511	-5.72911
8.41214	-6.9764
6.75426	-7.15052
7.32763	-6.46712
6.37552	-7.24138
8.7516	-7.06932
9.01807	-8.9222
6.88343	-7.96179
8.75745	-7.27192
9.95438	-6.03991
7.08666	-7.10156
7.70034	-8.09837
7.42127	-6.85057
8.15317	-8.53703
6.28488	-5.31703
6.16516	-8.08322
8.04753	-7.56711
6.00359	-4.22306
6.97254	-8.16394
9.58996	-5.24796
10.4449	-9.62195
10.0335	-7.74241
9.29368	-7.03907
8.88508	-4.67294
7.70862	-6.3732
8.81735	-5.55792
8.8464	-8.21477
8.67131	-8.62931
9.38689	-8.16892
8.69853	-8.57375
9.20292	-7.31225
7.15929	-8.50857
6.75284	-6.99639
8.15839	-5.51862
6.38121	-5.1455
7.48874	-6.65365
9.68598	-9.68013
7.33567	-7.0497
6.52824	-6.91013
9.44744	-9.77454
6.4018	-8.89258
7.02391	-7.4869
7.56507	-5.48249
9.32941	-8.69166
9.16651	-7.65148
7.05278	-7.70372
9.60058	-8.65397
8.60689	-8.78075
8.12613	-5.93049
8.66841	-5.5913
5.89943	-6.73714
8.68235	-6.96621
7.59605	-4.81777
6.91164	-6.99795
7.50171	-6.6681
9.13611	-8.71348
8.65156	-6.23315
10.1109	-8.94618
7.58036	-7.81546
11.5607	-8.01149
7.7123	-7.55603
6.2822	-7.41781
9.05731	-6.92478
8.59319	-6.27798
8.5049	-6.52262
7.95597	-5.90086
10.028	-6.35362
7.41365	-5.7238
8.95987	-8.05561
7.24121	-8.62377
8.55801	-6.56026
8.56093	-6.68612
6.18427	-8.47703
7.95018	-6.66541
6.24321	-6.11012
8.12924	-6.74136
7.11858	-6.61528
8.08814	-5.77146
8.96118	-5.81247
9.57291	-8.4255
8.71516	-8.82323
7.28245	-6.78113
8.07525	-7.56452
9.20871	-5.51482
7.55948	-8.01799
7.76772	-7.9924
6.85733	-8.22603
8.90707	-5.82727
6.82919	-8.7912
6.2623	-7.92767
8.17699	-6.42237
6.0441	-4.97128
6.36002	-8.18439
7.36542	-8.10814
9.31358	-7.32282
9.36161	-5.50066
7.10887	-6.44686
6.94819	-6.00461
7.13482	-8.24496
8.83883	-7.40341
10.5718	-6.80594
8.50834	-5.72124
6.44327	-8.15799
10.0343	-5.70869
7.32592	-5.17741
7.42961	-6.78608
8.58603	-6.22886
9.85142	-9.89508
7.15412	-7.04192
7.10001	-7.72763
7.04656	-5.53721
7.19508	-6.29968
8.58166	-7.684
6.01937	-8.28322
8.19703	-6.91156
7.94428	-7.07791
7.63718	-7.20464
10.5959	-12.1462
8.47971	-6.18373
8.91736	-7.60205
7.71092	-6.53524
7.04695	-7.22973
6.29519	-7.70932
8.13106	-8.49115
6.36555	-8.19347
7.61403	-6.1249
10.5092	-7.22035
7.87045	-8.58571
10.9437	-9.06687
6.30727	-7.2643
8.1127	-6.36371
8.10926	-6.72982
9.74883	-6.10703
5.76575	-8.46381
8.61399	-6.20046
8.72281	-7.98787
8.25557	-6.09
8.36781	-8.95555
9.58858	-6.28901
6.67898	-4.24415
6.45992	-7.61345
8.43633	-7.03096
9.89915	-7.1439
10.7133	-8.59495
6.36136	-6.94676
8.59341	-8.90325
6.26477	-6.9096
7.18615	-7.10259
7.6164	-7.05738
7.48004	-6.40017
8.2562	-7.94828
6.94347	-7.34238
8.38782	-8.02209
6.7178	-7.46907
8.29172	-8.59364
8.59944	-7.05565
7.43921	-6.97398
9.1014	-6.72405
6.67721	-7.53702
6.90777	-6.0102
7.84624	-6.8098
8.78548	-8.09941
9.44035	-8.67614
7.59174	-5.35564
6.94558	-6.99461
8.33855	-9.10955
7.48716	-8.23132
9.43733	-6.95143
8.08244	-6.55933
7.5284	-6.87328
5.90568	-5.87248
8.73422	-4.86707
6.50982	-7.19677
10.1426	-8.52129
8.55129	-7.8708
7.21121	-7.17583
8.67485	-6.5532
6.2796	-8.46982
8.50306	-7.59922
7.87353	-4.84531
9.40951	-6.97783
7.47698	-6.82285
8.88459	-8.62176
9.74904	-8.12574
8.62618	-6.52416
8.50111	-8.19989
9.33637	-6.77526
8.64506	-6.46058
9.0604	-8.54092
7.56271	-7.10152
6.98085	-7.47073
6.01895	-5.43316
7.04651	-6.9903
7.48009	-8.11042
9.07033	-6.09345
6.72137	-6.46934
10.8809	-7.94334
10.1951	-5.92994
8.32527	-6.73754
7.37169	-8.08069
8.59465	0.17529
6.8735	-8.13312
8.8194	-6.92725
6.1746	-8.46707
5.91896	-5.17529
8.07772	-6.16464
7.69074	-7.65914
8.43649	-6.67925
9.95599	-6.96769
8.69985	-6.67884
8.21316	-8.22333
6.66433	-6.10248
7.47472	-6.33393
6.86838	-8.25808
8.97138	-8.82423
7.20708	-6.68879
8.31808	-8.01651
8.63055	-6.6195
8.82181	-5.65947
10.0593	-6.05999
8.93735	-7.15018
8.62624	-5.17773
6.83098	-6.60807
6.74567	-6.86113
8.1884	-7.47886
6.75648	-6.21446
6.662	-6.1316
7.98511	-7.90037
6.66205	-8.01261
9.78635	-7.85982
8.71738	-5.86999
8.67468	-6.02883
9.27262	-6.54788
8.8705	-6.67257
8.6031	-7.75375
6.2578	-6.52314
7.31595	-7.70624
6.34064	-7.1625
8.94314	-5.55744
8.94028	-6.95557
10.9644	-7.98671
8.87465	-6.91641
7.07774	-6.41312
8.02638	-6.67921
6.78762	-6.02632
7.35031	-7.58892
9.51577	-6.43317
7.27919	-6.38753
7.05317	-6.53575
7.86967	-8.09502
7.11788	-6.93229
8.66572	-8.15509
8.27511	-6.60576
6.49077	-8.92693
8.5477	-5.45591
6.33943	-6.08644
5.91522	-6.46922
8.40705	-6.1627
8.17557	-6.28765
9.13475	-8.4244
5.87825	-4.29367
13.7515	-6.50162
10.2385	-7.31194
9.02919	-6.89902
8.59477	-8.31241
8.47175	-6.85103
8.35996	-6.08749
8.96303	-6.62183
10.0089	-9.71306
9.85391	-4.82676
7.1354	-4.77583
9.11139	-6.52666
6.91986	-8.95228
9.72154	-6.68295
8.48794	-7.43804
8.11768	-7.22933
6.80311	-7.83616
8.67362	-8.57931
6.74717	-7.34204
8.41337	-8.22078
7.26793	-7.78621
8.08414	-9.20859
8.68714	-8.32484
7.20943	-6.04689
6.55236	-8.38227
6.97064	-2.31108
10.3095	-2.85958
10.3628	-9.62043
6.91122	-6.98894
7.67933	-6.86023
6.71125	-5.812
8.21468	-7.69235
8.51155	-8.45256
6.75682	-7.65707
6.82916	-2.56315
6.97094	-7.46149
6.18313	-8.1269
7.13625	-7.1029
8.42295	-8.58275
7.28096	-7.21329
8.92758	-7.20828
8.02865	-7.71284
9.1287	-9.95709
7.93569	-7.16846
8.71322	-7.95054
7.1515	-8.97858
8.75065	-7.82317
7.10386	-5.74486
8.49426	-7.24747
7.27347	-6.78733
8.41637	-5.02802
14.0983	-9.74678
8.82526	-8.16592
10.3259	-5.99796
8.09517	-7.77761
8.38831	-7.59822
9.38806	-7.66277
8.16947	-5.48873
6.77037	-6.50816
8.02051	-8.10835
8.10069	-6.75795
8.344	-7.63004
7.78134	-8.62554
8.84015	-8.55693
9.16876	-5.07827
6.56025	-6.10091
8.53678	-7.78172
10.0525	-7.55931
7.31066	-6.0941
6.9053	-7.61007
6.756	-7.30602
10.9023	-7.08637
11.221	-2.44284
8.31103	-6.1196
8.57322	-6.95797
6.617	-8.00517
8.58569	-8.07388
7.87992	-0.0816496
6.68617	-5.95926
8.87233	-5.71137
6.71741	-7.46591
6.67109	-7.48108
5.93403	-6.31964
10.1501	-7.01351
6.07423	-8.61605
9.04124	-6.38357
8.68501	-5.90101
7.20983	-6.75662
8.94372	-8.89581
9.0236	-8.7019
10.8065	-4.26501
7.08526	-6.74504
6.90511	-5.25536
7.98112	-7.616
7.75379	-5.31578
8.40807	-5.95889
7.15215	-4.51015
8.91537	-7.60004
8.20617	-4.5471
7.2242	-8.40624
8.44653	-8.32978
8.44452	-8.3872
9.41308	-6.64788
8.29895	-7.41212
7.63734	-8.0387
7.34333	-7.38434
8.15055	-8.02455
7.4055	-6.52087
10.0414	-7.95257
7.78959	-7.29576
8.36484	-6.75363
8.10052	-8.71569
11.2527	-8.28939
9.934	-9.00174
8.85307	-7.24449
8.15447	-5.89558
7.81371	-7.46716
7.52742	-5.73506
9.72969	-1.7974
7.49565	-6.09731
6.55985	-6.73414
9.09064	-5.8838
6.90683	-6.38631
8.76269	-7.27358
9.06836	-7.98303
6.60293	-7.59191
8.48187	-7.67778
6.05221	-8.20913
7.60933	-7.86599
8.26165	-6.89571
8.77882	-8.43353
8.19171	-8.20585
9.2431	-7.65685
8.05852	-5.79603
13.4764	0.11407
11.9095	-8.63667
8.41077	-7.28922
6.46237	-7.41615
8.60794	-7.49684
9.09197	-7.86499
7.69231	-7.31949
7.95242	-7.24164
8.40268	-8.54895
8.43266	-7.03136
6.83847	-5.81168
8.3604	-6.46515
6.77933	-7.7677
6.86463	-8.41109
8.10934	-6.20361
8.13521	-8.6588
8.69764	-6.78909
9.21677	-6.28415
8.35068	-6.74727
7.81671	-6.20589
8.43323	-6.45458
8.87359	-6.47808
8.90077	-6.48907
7.27673	-6.97255
7.96885	-7.50596
6.94074	-8.77503
9.31943	-7.18491
7.9353	-7.42815
7.79424	-6.76141
5.88325	-8.31231
8.75874	-7.94819
10.1428	-6.69403
7.71472	-7.91464
8.29786	-5.72092
8.80646	-8.18145
7.39216	-7.29038
7.19578	-7.38379
7.79465	-6.5862
6.80163	-6.80035
7.23359	-7.53348
9.21166	-8.47893
8.05982	-7.33887
7.89886	-5.51671
6.87164	-5.50459
6.58588	-7.4034
6.13724	-5.7936
8.5365	-6.85656
7.21152	-6.6826
7.49747	-5.44914
7.80738	-7.74375
9.03457	-9.15742
8.77893	-7.75923
7.62191	-6.30701
7.82234	-7.68693
7.07922	-7.24122
8.51198	-6.7502
11.0344	-3.84228
7.20085	-8.51975
9.5401	-8.07075
8.3471	-8.44646
7.88061	-8.16253
8.0328	-6.60003
9.123	-8.29899
9.20488	-6.11822
10.5104	-8.96263
6.82444	-8.14463
6.8948	-5.29556
8.72571	-8.23555
6.52526	-8.19626
8.25894	-7.59909
7.46178	-7.85996
9.121	-8.71544
6.75445	-8.62127
9.94155	-7.4684
6.80894	-5.53352
8.0472	-8.05476
9.59321	-7.99161
7.6523	-7.48625
7.07364	-7.70796
5.81289	-8.0296
7.51702	-8.92169
6.89229	-8.69674
7.75513	-6.35032
10.0794	-9.29497
8.16407	-7.05087
6.7832	-6.71357
9.98302	-8.98173
6.72209	-7.667
7.15479	-6.99632
9.60486	-6.40654
7.41324	-4.90879
8.74917	-7.42128
11.0745	-7.22507
7.80857	-6.61577
6.15489	-7.28403
6.44899	-6.2144
7.53037	-7.60218
6.4514	-7.13348
6.46459	-5.52151
8.63401	-5.7429
7.90739	-7.28402
10.0854	-6.83095
7.47946	-7.31382
7.03522	-6.56905
7.13436	-6.69281
7.28547	-6.59642
9.57508	-7.88926
9.27088	-4.90993
7.40415	-6.56171
7.77343	-6.28308
10.7711	-7.57547
7.47288	-8.7479
9.98714	-7.57631
6.94885	-7.25413
9.21246	-5.32948
7.18773	-6.63183
8.55814	-7.9742
8.8144	-7.20957
8.83193	-8.59834
8.81043	-7.28081
8.63198	-7.08331
8.88796	-6.78698
6.56178	-8.5418
9.45434	-9.09806
6.25634	-6.52157
8.20803	-5.63756
7.59018	-7.86158
6.18932	-8.59078
7.67808	-7.48578
9.36738	-8.83501
8.59371	-6.65512
8.24552	-8.38354
7.10747	-7.00054
8.47215	-6.68136
7.65935	-8.02831
6.44763	-8.81275
7.63318	-6.93996
6.39296	-8.41404
8.68018	-8.48106
8.56163	-5.56557
8.67507	-4.57945
9.02644	-6.54341
8.50618	-5.96784
7.32047	-8.59217
8.80453	-6.40769
6.9973	-7.00703
7.00662	-6.4812
8.55054	-7.30036
9.70458	-7.01765
7.97361	-8.51269
7.88083	-6.19077
7.11294	-8.11305
7.65932	-7.38615
8.5408	-7.84374
7.67497	-7.78761
6.77843	-8.41641
9.0923	-5.70745
6.56503	-5.20632
7.11843	-7.92705
7.80464	-7.01018
6.8766	-5.80502
6.10276	-5.93219
8.05526	-7.04845
9.10432	-7.97015
8.73433	-8.09568
7.91519	-8.24298
7.13135	-7.0457
8.79374	-6.65043
7.32051	-5.71468
7.16345	-7.4929
9.58042	-5.52286
8.38793	-6.08304
6.24911	-6.01044
8.56552	-8.07613
7.08499	-7.61375
7.83831	-8.96192
6.66615	-6.26616
7.46807	-6.21892
9.54775	-8.23121
8.00961	-7.25837
5.86623	-8.3096
8.56477	-5.50503
8.17835	-7.29898
6.04144	-8.99041
7.35379	-5.32077
7.57277	-8.65575
7.5455	-7.21395
8.51848	-6.64783
6.62342	-7.75145
8.53407	-8.62181
9.00779	-8.55001
7.81041	-6.86509
