-0.631418	9.56373
-1.23094	3.71488
-1.21964	3.37427
-0.96119	3.08449
-1.76436	4.02877
-1.09595	5.80171
-0.408244	6.20569
-3.14821	4.86585
0.0767313	4.76989
-1.89677	12.692
-0.0505555	5.41592
-0.345161	3.99272
-2.24568	4.97332
-2.33689	5.4844
-0.547296	5.74048
-0.0326047	6.23948
0.422221	5.47389
-2.87374	5.60692
-0.48274	4.5696
-1.57766	6.00754
-1.55996	4.20864
0.0391024	6.36287
-2.32929	5.10213
-1.44172	4.32932
-0.503512	5.09666
0.207817	5.77629
-0.300968	3.16112
1.08709	5.93033
-0.791665	4.01356
-1.28339	5.38457
-0.853381	4.53789
-0.855806	4.91491
-0.273275	3.995
-0.683699	6.22514
-2.27789	5.30245
0.126939	3.3257
-0.164851	5.31837
-2.27379	6.10712
-1.09832	3.39323
-1.69166	5.74681
0.915673	4.32855
-0.4885	5.32764
-2.36438	4.95892
-0.771944	3.73349
-0.891601	2.93954
-1.48126	5.30308
-2.01972	5.72977
-0.294258	3.7397
-1.91152	4.70478
-0.22422	3.31391
-1.62425	3.98957
0.450465	4.2376
-0.730186	5.29306
-1.56079	4.79826
-2.7121	4.03394
-2.04074	5.68708
-3.03668	5.35029
1.20364	5.91386
-2.25595	2.99994
-0.0671117	6.23771
-1.31969	5.76969
-0.729643	6.32143
-1.65702	4.29305
-1.06261	5.2695
-2.52119	4.2919
-0.510732	5.7415
-2.72153	3.60615
-1.09778	3.17978
-2.32917	3.83822
-2.00948	3.92558
-0.169301	3.04361
-0.541152	5.49758
-2.93236	5.83867
-0.312225	3.43491
0.311099	3.17054
-0.902995	5.25791
-0.553236	5.15351
-1.96024	5.49322
0.506721	6.03391
0.0179805	5.27257
0.0829301	4.08636
0.421118	4.36435
0.147333	4.36169
-1.44659	5.43943
-0.126242	4.53338
0.161509	5.30504
-0.964606	5.18509
-0.82419	5.66633
-0.610854	3.54896
-1.75896	5.69605
-1.17416	6.4203
-0.248968	4.79183
-1.49101	5.14577
-0.532163	4.86363
-0.104819	5.36717
-0.920443	5.05505
-2.5346	3.19884
-2.22888	6.19535
-2.20338	4.21277
-2.04347	3.81612
-0.925323	5.62191
-1.29987	4.8405
-0.541696	6.20737
-2.6347	3.75184
2.50894	9.5967
1.81079	3.66998
-3.11459	5.20555
-1.90362	5.18844
-0.580051	5.53676
-1.08897	6.41426
-3.00465	4.66044
-1.0207	4.21181
-2.95369	4.46406
-1.90302	5.27327
-2.72244	3.26139
-1.71887	5.62693
-0.987595	5.81149
-2.37192	5.58533
-1.35084	4.49666
-1.82288	3.6522
-1.08242	5.65589
1.88623	5.82049
0.71824	4.40479
-1.21198	4.06901
-0.76718	3.10166
-2.08167	4.29299
-2.64038	2.88356
-2.66746	4.12843
0.0616676	5.57024
-0.636375	5.01636
-0.588192	5.58829
0.17428	4.11139
3.66659	1.38739
-1.90241	3.14651
0.0890919	3.94562
-0.485401	5.66603
-1.44508	3.59503
-0.602206	4.48182
-0.357271	5.51128
-1.03866	4.66803
-2.70052	4.26292
0.584102	3.87563
-0.0941391	4.53974
-2.04223	4.59604
-0.489219	4.68465
-0.197753	5.93225
-0.0430076	2.83847
-2.27506	4.13378
1.67554	5.83099
-1.69709	5.02299
-2.31889	3.34673
-0.767203	5.77997
-1.02111	4.64905
-1.36447	4.2615
-1.78246	6.15052
-1.6415	2.91707
-1.08259	3.73304
-0.2654	3.26066
-0.0735289	5.68624
-2.39742	5.5707
6.36906	-3.9075
-1.50022	4.52882
-0.441064	6.22078
-0.391217	5.40233
-0.99033	4.85908
0.931913	4.03011
-1.5722	5.48664
0.0905117	6.67456
-1.75452	5.65421
-0.00676901	5.08302
-0.0167748	4.444
-0.200987	3.91989
-3.02979	3.7092
-1.68254	5.45644
-0.967796	3.89711
-2.64068	4.95604
-2.59158	5.457
-0.944421	4.49865
-0.142165	4.3985
-0.405724	4.77585
0.456422	6.04777
1.20095	4.1566
-0.985407	6.86799
-0.628072	4.4049
-0.715849	5.20909
0.0389916	4.371
-0.745001	3.39536
-1.04107	4.98894
-2.03486	3.61952
-0.297265	3.14446
-0.476067	4.34994
1.26165	5.67209
-1.59047	4.09472
-0.129506	5.20242
-3.07904	4.45229
-0.973185	3.9698
-2.60445	5.71017
-2.20027	6.86469
-2.20837	3.49308
-0.525194	6.72894
-2.67741	5.72612
-0.222875	4.51469
-1.64069	6.44342
-0.783661	4.63257
-1.15943	7.28585
0.197021	3.02833
-0.558914	4.44107
-0.746423	3.14267
-0.95773	4.06902
-1.60508	5.02716
1.22472	3.39329
-0.649226	5.18867
-0.975686	3.15702
-2.4163	5.64264
0.136396	6.49128
-0.750121	3.75617
-0.47676	5.56237
-0.912703	4.84972
-2.12374	5.85404
-1.59263	6.30028
-2.32578	3.61793
-2.6172	4.67897
-0.154501	3.73073
3.61011	4.69185
-2.75871	3.29241
-1.05971	5.06011
-2.18129	5.87187
-1.23963	5.43771
-0.318441	4.69942
-2.77385	3.20534
-0.645458	6.27614
0.733918	6.01409
-1.22764	4.85346
-1.69484	4.06031
-2.1613	4.05916
-1.93939	4.24468
-0.798378	5.38204
-2.35634	5.07165
-0.484006	5.53241
-1.35956	4.12712
-0.167838	3.34474
-1.77421	3.76604
-1.14868	5.21897
-0.232316	5.46934
-1.09059	4.58008
1.1344	6.35127
-0.888212	5.87083
-2.40534	3.07234
-2.03261	5.43452
-1.20097	3.16408
-0.495024	4.39875
-0.722661	5.22952
-0.433492	3.85673
-1.40176	5.71853
-1.33664	5.9813
-0.724108	4.94297
-0.395751	4.72891
-2.03482	6.33326
-3.0017	5.36059
-0.795562	5.78838
-1.59105	7.34087
-1.34306	5.9708
-1.2257	4.96776
-0.912	3.98507
-0.0107127	3.92892
-2.09052	6.31746
0.933292	6.14034
-1.19177	5.77138
-1.26499	3.6414
-0.0396392	3.55793
-0.988979	5.86147
-0.803132	6.3324
-1.69961	4.89991
-0.83112	5.26282
-2.54556	3.29834
-0.29955	3.60555
-2.20808	3.9681
-1.38659	5.31228
-1.33993	4.02488
-0.266983	4.02466
-2.38959	3.58995
-0.69907	4.8433
-2.86271	6.06491
-1.25849	5.62626
-1.2967	3.49764
1.15931	5.99002
-2.10104	4.01185
-1.83282	4.02115
1.04038	-0.516461
-1.58659	5.51199
-0.693712	3.3756
-2.0602	4.81274
1.7849	5.2476
-0.912655	5.99443
-0.0602206	3.77391
0.749869	5.81008
-1.79357	4.67775
-1.2785	5.84258
-1.82785	3.70558
-1.14654	5.59014
-0.709937	5.30911
-1.29562	4.79937
-0.501265	4.28591
-2.79957	7.81273
-1.80824	5.11486
0.753805	3.98784
-2.73394	6.57969
-0.985389	5.94482
-0.763847	3.18854
-2.37735	5.03511
-1.34959	4.22494
-0.741263	6.37628
0.989561	5.10942
-1.45913	4.2771
-0.113416	5.50137
-1.98487	4.46125
-2.52711	5.02418
-0.575985	7.17545
-1.90256	6.45575
-0.657487	5.53755
0.0858249	6
-0.700101	5.36125
-1.454	6.00749
-0.268797	4.5919
-2.87788	4.31837
-2.74592	4.0699
-0.0257866	6.12384
-2.56741	3.12369
-2.71867	4.93383
0.177173	6.36563
0.768476	4.57607
-1.36444	4.9225
0.631899	3.87923
-1.95665	2.91553
-0.423467	5.84528
-2.22422	7.17278
-1.19881	4.92411
-0.412371	4.39296
-1.34577	5.13795
-1.07403	2.89824
-2.155	4.28566
-1.73976	6.42182
-0.86143	6.13951
-1.18158	5.61464
-2.50369	3.01981
-2.82919	4.67081
0.0410318	4.34884
-1.80694	4.05997
-0.776714	3.65014
-1.3753	4.58299
1.24002	5.52584
-0.469372	5.16832
-0.489582	5.85584
-0.58071	5.07613
-0.780489	3.01085
-1.74155	4.34192
-1.91246	4.50464
-0.0518035	4.42996
-1.79982	3.49776
0.595502	3.34215
-1.77049	5.49272
-1.3581	3.5739
-0.481975	3.97137
-0.6261	5.93813
-0.293767	5.00922
-0.598695	3.65312
0.531146	5.54355
-1.41878	5.36612
-0.332026	3.06469
0.178571	4.73358
-0.78801	6.03982
-0.973324	5.11048
-1.22155	4.3807
1.06466	2.56999
-0.458249	4.24635
-2.09176	3.35763
-1.53457	4.47067
-1.14959	5.14292
-2.19229	5.10594
-2.42343	5.23176
-1.8141	5.99748
-2.53764	3.00804
-1.37873	4.24521
-0.574793	5.39382
-1.70533	3.62644
-0.23642	5.65922
-1.37161	5.32796
-2.5728	4.94633
-3.12063	6.2568
-1.91066	5.54383
-0.361426	4.6751
-0.52704	4.38872
-1.38437	4.77306
-0.521387	5.28351
-1.83359	4.9591
0.785996	6.11983
0.00589554	7.19976
-1.41888	6.72328
-0.773617	4.23352
-1.41907	4.2659
-1.63224	3.5486
-1.02954	5.11121
-0.984364	5.11806
-1.46882	5.10818
-0.429582	3.71582
-2.42403	4.02834
-1.7279	3.31877
0.23684	5.68423
-1.16108	3.8394
-0.642002	6.45036
-0.280963	4.81229
-0.24282	6.43338
-0.781605	3.93253
-2.48222	4.49115
-2.597	4.34323
-1.3279	5.69498
-0.341754	5.34278
-0.0606904	4.45153
-1.11911	5.99111
-1.30093	4.72586
-0.769708	5.72318
-0.337586	4.61753
0.146313	4.30929
-2.79296	5.07061
-1.47052	4.40415
-0.439971	5.91225
-1.14377	5.99179
0.795378	4.67497
-0.327332	3.71437
-2.90004	3.67592
1.79394	4.20401
-1.91629	4.77843
-0.879587	6.01779
-1.91699	6.76384
-1.83084	6.63985
-1.20451	3.76695
-2.05002	3.67107
-0.0285785	5.33072
-0.222434	3.70813
0.067489	4.68466
-2.14	3.47133
-0.0530876	5.81011
3.06294	11.0669
-0.457049	5.24702
-1.07928	3.06355
-2.1115	3.79167
-0.698174	5.56736
-0.450804	3.52437
-1.14157	3.76789
-0.911681	5.28157
-0.512734	4.39109
-1.93407	4.14186
-0.83758	6.21073
-1.17321	6.15265
0.536221	5.0909
-1.70259	5.59601
3.1769	7.76158
-1.31197	3.18007
-1.5481	6.26787
-0.753957	3.79929
-0.382623	3.80174
-0.904254	4.48705
-1.8333	4.81671
-0.236586	4.88619
-1.40927	4.42227
-2.73818	5.16368
0.63118	8.45498
-0.603306	6.07888
-1.78469	4.07503
-2.50676	5.38833
-0.16943	6.92025
-2.89982	6.39209
-2.53284	3.8564
-2.69496	5.36561
-2.56549	5.97022
-0.478321	3.37814
-2.38672	3.91045
-0.177546	4.47392
-0.264696	6.27248
-0.201582	5.56054
-2.63969	4.36222
0.214101	7.50527
-0.836541	4.78083
-0.060951	3.09481
-0.676144	4.90757
-1.38436	4.94426
-1.62644	5.87432
-2.17631	5.89406
-2.55601	5.54053
-0.402461	4.12744
-0.784308	3.26761
-2.37333	6.75833
-0.987151	5.81454
-0.779902	5.04292
-1.6635	5.56928
0.611627	5.31469
-0.247046	5.05871
-2.3029	4.04036
-1.37465	5.11247
-1.73468	4.81729
-1.598	6.56561
-2.65924	4.12636
0.303081	4.57612
0.194968	3.1057
-1.59993	7.22468
-0.816587	4.01733
-0.781354	5.74457
-1.32834	4.6827
-0.16606	4.60774
-2.40969	4.58021
-2.4203	7.12966
-2.12033	5.21519
-0.969692	4.95805
1.13389	6.01158
-1.40824	4.78897
-1.2814	5.56394
-1.68579	5.78827
-0.0038812	5.73806
-1.95624	3.98861
-2.95611	5.8162
-1.21196	3.59555
0.723274	5.62036
-1.75643	3.60202
-1.64698	5.22538
-0.739018	4.86508
0.761555	6.20107
-2.76232	5.38019
-1.24415	3.95338
-0.620099	7.44321
-1.42565	4.3459
0.483548	3.28532
-0.248288	4.54019
0.237914	5.06628
-1.92134	3.63961
-0.82704	3.22267
-1.03869	5.6949
-0.368775	7.31719
-1.4786	5.03176
-1.91126	5.02241
-1.94415	5.71989
0.892524	5.92606
-1.95868	5.9615
-0.3648	3.6535
-1.68434	4.97442
-1.58239	5.02578
-2.41703	4.31687
-1.77787	4.78702
-2.77668	5.96391
-0.791246	5.12627
-1.05203	3.73479
-2.6458	6.16666
-0.739048	4.61187
-1.03214	3.03614
-1.63114	3.49264
-2.26957	4.64214
-2.58113	5.15492
-0.289465	4.30322
-1.48918	4.44417
1.7919	3.08939
-0.703701	4.7798
-1.3127	3.15642
-0.762865	7.13386
-2.86032	5.38074
-1.27865	4.14311
0.329889	4.59377
-2.10211	4.44113
-1.81032	2.87632
-0.703532	6.7331
-0.273952	3.55758
-1.39061	4.18323
0.208311	2.76704
-1.89272	3.78607
-2.94374	4.11897
0.80526	3.7067
-2.02891	5.25457
2.43215	3.40046
0.112623	5.06309
-0.224645	4.24904
1.25625	3.87166
-0.758945	6.5846
-1.17853	4.45025
-2.12039	6.46579
-0.503258	5.78798
-2.42844	6.59193
-1.47038	5.50032
-2.62055	5.41026
-0.195437	4.11889
0.542781	4.95028
1.96465	5.54588
-1.40769	5.62496
-1.77196	5.22702
-0.694928	4.35104
-0.616525	3.71856
-1.1664	3.42767
-0.285791	5.42071
-1.88373	3.59518
-2.19876	5.00252
-0.606255	5.31879
-0.0616203	5.19947
-0.346492	3.32973
-1.86669	7.86694
-2.28295	4.44034
0.218198	5.65881
-0.0548583	4.9696
-0.546938	6.02022
-1.83421	6.39557
-2.11344	5.00986
-1.46195	6.90364
0.0953354	6.43816
-1.63156	5.07558
-0.269529	3.36775
-1.30397	6.35195
-1.37024	5.31535
-2.33348	3.77381
-0.869288	4.11064
-2.01614	6.72879
0.917894	3.42408
-0.627176	5.89226
-0.304413	5.83533
-0.876589	3.16001
-2.39337	3.11943
0.398633	2.56586
-1.91752	8.22558
-2.1289	6.41362
-1.24825	4.24823
-1.57451	3.59997
-0.266332	5.37631
-2.13419	3.60859
-0.265287	4.84036
0.715429	3.42774
-1.91332	3.92247
-1.57305	3.5094
0.0176009	5.20609
0.0302973	2.91406
-1.99113	3.59298
-1.32719	5.02048
-0.500407	4.92605
-2.72601	5.77938
-2.92059	3.64723
-0.549192	4.11512
-1.06384	6.20337
-2.91273	5.41213
-2.14413	4.91952
-0.904814	5.61494
-1.67302	8.25076
-0.123984	5.9363
-2.34161	5.15884
-2.36122	5.34681
-2.24787	4.11086
-0.717762	5.51571
-1.57901	3.12087
-1.234	3.47458
-1.20781	5.084
-2.74168	4.84004
-0.0382468	4.75468
-0.626554	4.60262
-2.73786	4.71921
-0.965256	4.27139
-2.41397	3.55828
-0.811872	3.3981
-0.584335	5.3707
-2.36628	7.27391
-1.57871	5.65829
-1.29353	3.17163
-0.778878	4.29232
0.0659485	3.19927
-1.75676	6.11351
-2.0746	6.11403
-1.45133	6.94736
2.14406	3.41013
-1.06538	3.11867
-1.37165	3.84923
-2.62275	5.15379
-1.33821	4.21353
-2.85689	6.85168
-0.290571	5.46561
-0.273516	3.92394
-0.196157	4.34223
-1.8809	5.78398
-0.91271	3.2598
-1.96261	5.01167
-0.125545	5.57028
-0.782744	3.53024
-1.71269	6.50093
0.65416	3.4153
0.363149	3.80175
1.60365	5.30676
-1.47415	4.19637
0.23829	3.34642
1.38081	5.28148
1.0216	3.7095
1.13877	5.98475
-0.665368	3.10716
-2.14486	4.02273
-0.53206	4.63213
-1.00101	3.62856
-1.16541	3.9887
-0.181788	3.3982
-0.460177	4.15417
-2.9195	3.69399
-0.000818505	5.29418
-0.136072	3.95958
-1.90207	4.1221
-0.975606	5.70998
-1.42299	4.35084
-1.35666	6.26504
-0.250547	3.58097
-0.890403	4.44837
-0.752019	4.86573
-2.35688	6.03066
-0.750635	4.49244
-0.986864	5.43728
-3.00548	5.29209
0.0160895	3.03407
-1.64725	4.84437
-0.285686	4.85315
-2.04854	5.07295
0.23515	4.39963
-2.3137	5.29384
-0.440073	4.01769
-0.863114	5.14769
-1.69461	5.15475
0.783437	5.62206
-0.221561	3.97279
-0.865838	4.51709
0.192946	6.46698
-1.00487	6.81406
0.327478	6.90393
-2.17247	5.96507
-1.07663	6.22094
-1.87688	4.29616
-2.68054	5.83385
-1.31227	5.64182
0.213805	5.5324
-0.0367172	4.87321
-0.44939	4.03833
-1.95949	5.33609
-3.03967	3.64278
-0.683604	5.84553
-0.754445	3.15745
-2.37968	4.09811
-2.22845	4.68408
-2.01536	3.21029
-0.972578	5.10318
-1.2209	5.45219
-0.394656	4.34111
-2.59591	4.83076
-1.03818	4.90485
0.334023	4.93986
-1.79437	4.90493
-2.30913	4.02784
-1.93887	4.33553
-0.363011	6.51736
-0.142261	5.93239
-2.11461	6.52646
-1.90453	5.14497
0.900584	5.11297
-0.219288	4.6884
-1.94325	5.57089
-2.63082	5.06473
-1.88324	4.69147
0.431856	4.61757
-0.139269	4.96828
-1.73117	5.8304
-1.80242	3.52944
-1.85836	2.91173
-2.43417	5.61122
-0.532283	4.59906
-1.73122	4.88508
-0.600919	3.4739
-1.69993	3.97527
-2.18505	5.13329
-1.94339	5.08328
-0.331519	4.60961
-0.518323	5.77585
-0.913071	4.56655
-1.15163	6.58115
1.18565	5.3782
-2.88867	6.36337
-2.44937	4.00247
-2.46177	4.75174
0.505881	5.39985
0.57583	4.11989
-0.14925	4.626
0.508005	2.62563
-0.94536	3.58214
1.06084	4.0287
-0.0750611	4.24625
-2.33886	4.37893
-2.32777	4.79336
-0.256649	4.75447
-2.71762	4.23399
-3.14635	3.10679
-1.14671	5.96877
0.00969194	3.08865
-0.707694	4.65538
2.03862	3.19161
-1.78133	6.80708
-1.9204	6.00673
-1.16598	3.59095
-1.86586	5.37911
-0.0797264	3.97368
-1.20896	3.30887
-3.071	4.94231
-2.15859	3.77793
1.10213	4.01856
-0.657275	4.59603
-1.89732	4.55026
-1.36603	5.20495
-2.8009	3.91986
-0.465458	6.64023
-0.425991	4.32272
-3.10164	3.12244
-0.639757	4.90646
0.565217	4.25851
-0.986369	4.16727
-0.83624	3.26365
-2.56528	5.1621
-1.09591	5.76013
-0.52693	4.89201
-2.35138	3.6677
-0.985348	5.9288
-0.920828	6.76365
0.478766	3.97527
-1.54659	4.32701
-2.15295	5.66372
-0.709154	5.29972
-0.953223	3.35639
-0.323783	4.4364
-0.461455	4.85286
-2.2613	5.50285
-0.998472	6.02271
-0.589065	3.77263
-2.30892	3.60941
-1.77692	5.40462
-1.58482	3.53263
-2.95274	4.57331
-2.75297	4.57674
-2.20007	6.7657
-0.603676	4.77009
-1.35565	4.89025
-1.26093	5.02938
-0.843049	5.78683
-0.634921	3.49522
0.252694	6.4041
-1.88043	4.59872
0.136936	4.05403
-1.56935	5.32651
-2.10087	4.50607
-2.16874	4.36018
-1.6149	4.70951
-1.08922	5.25866
-0.420809	7.58177
-2.14894	5.79863
-2.80485	5.62038
-0.432655	5.22401
-0.474451	2.81226
-1.78138	6.39829
1.53615	3.75078
-2.44243	3.40149
0.273706	6.1889
0.761356	4.71839
1.9141	7.10652
-0.727299	4.70005
-2.113	4.56555
-2.07819	3.65875
-1.39541	5.71432
-2.60493	5.24168
-1.38555	5.80952
-0.519336	4.12857
-1.87572	3.96114
-1.68878	4.16504
-2.3226	5.42285
-1.53765	6.27462
-1.62817	3.49523
-0.506056	5.12556
-0.911249	3.75881
1.01137	2.41741
-0.644086	6.24582
-1.34966	3.07982
-2.91307	4.72997
-0.0879387	3.26537
-2.48103	7.37882
-0.946677	4.40891
0.654877	4.45527
-0.970113	4.39738
-2.2202	3.44684
0.24452	3.51599
-1.20848	4.85618
-1.35595	6.35581
-1.0642	5.04859
0.578398	3.17586
-1.66923	6.36139
-0.536415	4.48641
-2.88568	4.12658
-1.05323	4.17727
-3.04625	5.28324
-2.82804	6.32939
-0.960152	5.09016
-1.47553	5.6655
-1.56308	4.79159
-1.13234	4.13189
-1.6172	5.13119
-2.79005	5.86769
-2.83463	5.92492
-1.08336	3.24079
-0.121407	4.43463
-1.67244	6.1925
-2.92069	3.71631
-0.844257	6.08375
-2.37072	5.46003
-0.981364	5.82059
-0.28002	4.56242
-0.388805	7.17269
-2.08685	4.17856
-0.278662	3.67276
-2.3568	6.06492
-3.01203	5.64812
-0.595078	5.24495
-0.510168	5.17266
-1.97223	5.44
-0.305877	7.67732
-1.84042	3.27889
1.05411	6.31314
-1.53039	6.29806
-1.17087	3.94508
-2.72818	2.99469
0.464796	3.74192
-2.54411	5.20074
-0.525358	6.24083
-1.19701	6.39688
-2.0059	5.14871
-0.422417	3.73535
-2.82781	4.25718
-0.159129	5.51868
-2.86229	3.97032
-2.90851	5.24609
-2.84434	4.80825
-1.17253	2.93247
0.315451	3.6552
-1.45018	3.23928
-1.34465	5.46934
-0.946419	5.20195
-3.06177	4.17355
-2.33335	5.93355
-0.811247	4.65144
-1.00634	4.2686
-2.23985	4.19218
-0.392296	5.08859
-1.01508	3.94715
0.259365	5.51311
-2.29622	5.68387
0.715877	3.05512
-0.147231	5.29252
-0.23958	4.69228
-1.91008	5.76878
-0.672011	7.18796
-2.56016	3.65109
0.363206	3.86235
-2.76736	6.13335
-2.38473	2.90235
-2.61356	3.6748
0.100298	5.00234
2.142	13.4364
-2.99797	3.22823
2.42122	2.51802
-2.19117	5.14998
-2.12915	6.30075
-2.77391	4.40404
-1.55047	5.12831
-0.366367	5.78393
-0.402691	4.89738
-2.58801	7.59522
-2.90005	6.08341
-1.222	4.71368
0.109589	8.30457
-1.18275	5.11475
-1.22811	5.83239
-0.934967	5.85575
-1.60409	6.48575
-1.10305	5.1436
-0.27553	4.01978
-3.16193	5.43743
-0.485719	5.73973
-0.101817	5.71734
-0.451712	5.07384
-0.0532119	5.81016
0.99832	3.61985
1.37041	2.8498
-2.31168	6.35256
0.038953	4.66289
-0.964136	4.0841
-3.07919	4.16306
-0.291276	3.26277
-1.15529	5.48908
-1.57665	4.47573
-1.60424	5.62014
-1.12774	4.5847
-1.59507	7.0397
-0.0983847	3.4806
-0.341496	6.33124
9.93331	11.0586
-1.06356	6.26745
-0.433919	4.82269
-1.13186	6.66722
0.249528	4.14201
-1.1302	3.1725
0.486774	6.03928
0.336848	4.52917
-2.70086	5.2707
-1.49809	3.05453
-1.96715	4.28539
-0.680874	4.89027
-1.30262	3.32613
-3.10302	4.77007
-2.10459	3.30076
-2.39703	5.93794
-0.933276	3.63071
-1.39248	7.36968
0.130134	5.51401
1.47724	4.11568
1.52858	5.35626
-1.8236	5.64381
-1.88964	3.77744
1.76054	10.1892
-0.76177	4.77486
-1.72813	4.86932
0.74519	3.33349
-0.197098	4.54064
-3.1389	4.70457
-1.35935	5.92065
-0.842402	7.48199
-1.38711	6.17885
-0.484127	5.86335
-1.74299	3.2474
-2.36707	3.36075
2.01929	5.67565
-0.171326	3.17772
0.0215842	3.4189
-1.61184	3.9553
-1.86879	5.09781
-0.253319	4.56196
-2.40342	3.77768
-1.6058	3.87875
0.882436	6.99348
-1.90585	5.1895
-0.900684	3.78109
-0.460262	6.40419
-1.5721	4.45955
7.10207	4.33201
-1.86688	5.66306
-0.670097	3.89017
-1.34155	6.09345
-2.22208	3.96372
-2.19061	6.58436
-0.585521	4.40741
-1.46974	5.18347
-1.52255	6.78906
-0.297517	5.46251
-1.48939	3.45879
-0.896492	6.72133
-2.45432	4.33229
-0.396237	4.86976
-0.886146	4.32525
-1.73752	3.57387
-0.0569677	5.12639
-2.38408	5.46216
-1.54295	5.92937
-0.400685	4.25347
2.70202	6.68141
-0.171462	3.82819
-2.26538	4.16559
-0.120478	4.02005
6.77955	-13.4909
-0.853956	5.14659
0.403055	4.74169
-0.172883	4.25018
0.204317	5.29867
-1.73645	7.00218
-1.92914	5.43716
-2.38785	4.73924
-2.47628	3.34141
-0.783757	5.19076
-0.142347	3.75126
-1.68507	4.63544
-1.51288	5.32411
-1.67395	5.79199
0.474011	2.14133
-0.633887	4.23191
-1.85843	5.16119
-0.943859	4.6425
1.03338	4.93668
-1.78546	4.34287
0.175987	5.66066
0.683089	6.4678
-2.88024	3.75897
4.02225	-1.97325
0.483678	8.11636
-2.14305	5.51543
0.0795653	4.78209
-0.582302	3.38324
-1.41264	6.49345
-2.88265	5.53534
-1.00613	5.72657
-1.74093	4.65781
0.554369	5.82123
0.000882463	4.09938
-1.02956	5.23255
0.14357	6.99355
-0.540654	4.03965
0.0306228	3.92047
-1.0774	3.84481
-0.348493	4.41923
0.636253	4.54113
0.18112	5.36405
-2.14511	7.62059
-2.42849	3.44745
-2.30826	3.90066
-1.70285	6.4331
-2.79548	7.7203
-1.42345	5.82668
-0.156621	4.77014
-2.32458	7.74796
-0.388634	3.42989
1.64665	6.4084
-1.16983	3.96121
-0.572435	3.76094
-1.97964	3.63378
-1.37375	6.43526
-2.11091	3.32702
-1.05709	5.83184
-1.49422	6.18884
-2.2344	3.43053
0.928536	2.9149
-0.468614	4.73533
-2.85832	6.5894
-0.0114894	4.16151
3.3288	9.42523
-1.94453	4.12564
-1.60703	4.19357
-0.992294	4.66531
-1.19903	5.89922
-2.88848	5.7843
0.351078	4.79154
-3.02405	3.65147
-1.26207	4.79311
-2.83361	4.63742
-1.26108	5.45488
0.673184	3.26803
0.203147	6.05526
-0.973777	4.93385
-1.26879	4.02732
-1.28298	5.33818
-1.53987	7.03417
-1.49868	5.80687
-1.17798	5.39633
-0.19985	6.67472
-0.773531	3.43857
-0.473678	5.38615
0.218834	2.8928
-1.53981	4.15197
-0.811828	3.38091
-1.39578	3.51013
-0.598278	4.01817
-1.40027	5.01939
-1.40986	5.67265
1.45532	5.0229
-2.09257	5.58287
-0.932867	5.60924
-1.716	4.87789
-1.6717	5.55282
-0.717524	2.96285
-2.03667	4.68716
-1.10104	6.19741
-0.960626	3.79
0.996389	4.23997
-2.78041	6.13922
-0.00482704	4.42503
0.636888	3.64417
0.884857	3.64819
-1.05593	5.34748
-1.73236	6.66539
-0.90762	6.21412
-0.828075	4.51502
-2.12077	3.35618
-0.213762	4.35295
0.462415	5.57625
-1.92772	4.83771
-2.25828	4.6869
-0.909687	5.10577
-1.84383	5.06393
-2.66756	4.18468
-2.77677	4.46554
-0.117479	3.09121
-0.635325	4.88648
-0.903305	5.55477
-0.218195	3.36625
-1.25781	5.16524
-1.12311	5.47674
-0.0491282	5.59578
-2.10722	4.29091
-0.463155	6.08786
-1.07123	3.53239
-2.80693	5.62804
-0.336746	5.03181
0.431257	3.42587
-2.1927	6.50084
1.77225	6.84675
-2.19583	3.3475
-0.139687	4.52687
-1.18167	4.33134
-0.580604	4.2991
7.72724	-3.73989
-0.336413	4.30298
-0.73082	3.97895
-2.98265	5.08012
-0.354676	5.82976
-3.12554	3.4584
-0.852174	4.93634
-0.497657	5.00133
0.0191502	7.0733
0.29843	4.44196
-1.35491	3.79108
-2.36081	4.67923
-0.177363	5.34922
-1.09638	5.38796
-1.70056	7.37689
-2.022	3.40425
-2.40526	4.46281
-0.593734	4.5646
-1.01283	6.22869
-2.9552	4.30067
-1.05343	3.69683
-0.62092	5.08455
-2.23024	5.21142
-0.22577	5.75994
-2.18628	5.26597
-1.17981	4.37043
-1.59237	4.02265
-2.11112	4.3511
-2.75595	5.10036
-2.70098	4.66369
-2.2572	8.40495
-1.71777	5.3161
0.093505	4.67843
-2.04017	4.58624
-0.944404	5.82012
-1.54459	3.23672
-2.15341	3.45383
-2.64444	5.04872
-0.337947	5.17016
-0.175738	4.06967
-2.41558	5.97542
-2.71716	4.25489
-1.15492	5.2972
0.170436	4.80382
-0.68515	4.02409
0.640484	4.05979
-1.25664	6.2596
-2.23112	3.66794
-0.961826	6.32192
1.03033	4.47396
-1.21437	4.8514
-1.1967	5.26962
-0.773182	5.93424
-1.79466	4.87188
-1.30183	5.82456
0.238818	4.36781
-1.71523	3.13425
-1.38093	6.00565
-1.53027	5.9377
0.401692	3.5957
-2.39452	3.60932
0.375932	5.78213
-2.90208	2.96801
-3.18656	3.61802
-0.113233	5.03003
-2.35942	5.70451
-1.28347	4.35809
-0.584595	5.7033
-2.02326	4.53396
-1.0893	4.6007
-1.84168	4.52043
-0.79245	6.29058
7.08278	2.80809
-1.16086	5.74767
-1.45887	5.73091
-1.81765	4.18058
0.894065	4.52587
0.210515	4.5928
-1.90356	5.9244
0.0812451	5.45944
-2.43237	7.55355
-1.27765	6.53599
-2.61078	3.60087
-0.754634	3.96277
0.660257	3.70061
-1.6597	4.65063
-1.25917	5.24775
-1.09575	5.51084
-0.622156	5.22795
-0.16735	5.85836
-2.41999	6.06159
-0.231837	2.88042
-1.84767	4.58552
-1.28957	3.77653
-0.459921	5.8478
-2.22828	3.74704
-1.25353	5.37346
0.910375	3.02376
-1.99115	4.05638
2.25595	-2.76973
-2.63973	3.68195
-0.798891	6.06307
-2.30754	5.81737
-0.968467	5.11229
1.07861	4.78919
-1.37018	3.65392
-0.0854305	6.63887
-0.931132	3.16104
-0.00785246	2.20025
-0.475558	5.08887
-1.24779	5.68314
-2.24746	5.02525
-2.90056	4.36256
-0.508264	3.29126
-0.00601751	4.58657
-1.96423	3.43287
-1.22756	5.86423
0.346643	2.53283
-0.925075	4.03977
-0.634464	5.96336
0.722941	2.66596
-1.8503	3.87735
-2.04591	3.93307
-2.13894	3.8494
-1.493	3.88288
2.08863	4.04029
-0.598478	4.90003
-2.63261	4.12943
-2.41505	5.04371
0.647784	3.23712
-2.21638	3.35871
0.41565	4.44154
-0.692952	5.30825
0.178408	3.56696
-1.34261	4.39973
0.954763	3.54747
-0.882173	3.65299
-1.39876	4.16545
-1.25983	4.12637
-1.63675	3.75395
-0.43243	5.23703
1.11772	5.82844
-2.5016	4.61595
0.914666	4.17211
-1.3832	7.1901
1.07937	5.72043
-1.80306	5.64398
-0.144652	4.80786
-0.167611	4.2794
1.11208	1.76602
-2.10253	3.93297
-1.23544	4.75131
-2.36791	6.18778
2.21762	5.03416
-2.22631	6.3144
-1.30881	4.17794
-1.28685	6.13277
-0.472219	4.55787
0.168947	5.55251
-0.931828	4.92978
-1.9762	4.33563
-2.86536	3.5354
0.166017	4.30892
0.990827	6.50389
-2.01338	4.33198
-0.650682	5.81392
-0.545819	5.82621
1.89111	5.14201
-1.95192	2.8258
0.0899823	4.1828
-1.16814	3.43084
-2.52427	4.64704
-0.136436	5.15501
-0.571619	5.35998
-2.07707	7.76127
-1.86476	4.23076
0.197716	3.09817
-0.486281	4.85877
-0.880617	5.79225
1.39298	4.55888
-3.16519	7.07318
-1.56952	6.73399
-2.62398	3.78257
-0.771938	4.58568
-0.340784	5.6408
-2.62317	5.30799
-1.24042	3.43371
-0.631052	4.85164
0.083266	4.17152
-1.67075	4.71562
-1.02319	4.99008
-0.0366799	3.432
-1.27172	3.8092
-2.77003	5.30307
-0.485477	5.36005
-2.05696	4.16022
1.00417	7.27839
-2.49542	5.10655
-2.69193	3.1941
-2.89088	4.48286
0.0960451	3.21548
0.77681	2.58222
-1.70108	5.1325
-0.0792493	5.81835
-0.0775407	4.21102
-1.69456	4.33817
-0.471347	4.04634
-0.519848	5.90913
-1.97939	4.49892
-1.67065	3.37171
-0.0762031	5.98779
-2.77608	5.18096
-2.40402	7.07926
-2.52512	3.41846
-0.0778834	4.79402
0.402311	6.79817
-2.24289	4.66724
-0.532203	4.305
-2.02786	5.54212
0.399263	3.91295
-1.01175	3.92143
-1.56656	6.14537
-2.6459	4.79965
-0.759152	5.82835
-1.07492	5.64419
-1.30314	5.73114
-2.47212	5.33678
-0.86276	4.66659
-0.291955	4.1202
-2.56609	3.26679
-2.2585	4.16889
-0.44698	6.20434
-1.13969	3.26594
-1.14798	4.42722
-1.07521	4.50347
-2.58221	4.99082
-1.587	3.66702
1.87729	2.04838
0.474355	3.27813
-2.58318	5.64104
3.05475	6.63608
-0.44304	4.44198
-0.49427	3.48122
-1.85166	6.64183
0.309938	4.05552
-2.4839	4.01647
-0.133751	4.06663
-1.16827	6.05866
-0.706628	3.88507
2.52294	5.16779
-2.52986	7.89012
0.534222	2.12245
-0.216411	3.51449
1.08889	4.94015
-1.93126	4.99177
-0.819271	3.12427
0.322175	6.39323
-1.23225	6.84462
-0.786355	4.05461
-1.28869	4.04843
-0.540247	5.35898
-0.190613	3.22093
-1.48214	2.86739
-1.86787	2.84782
-0.230453	5.03008
-1.70753	5.20806
-1.07897	4.41587
-1.09225	3.78701
0.984242	7.9399
-1.43059	3.98211
-2.29607	2.92113
-2.28608	3.89797
0.101669	3.54158
-0.488981	5.81809
-0.461595	4.07047
-0.0301491	5.23063
-0.785127	6.29094
-0.19909	3.88513
0.577287	6.34738
0.539797	5.52636
-2.12821	4.56877
-1.59586	3.34301
1.3023	4.01297
-2.42886	4.54685
-0.0319596	5.47374
0.547626	5.41242
-1.52323	4.82639
-1.74292	5.09421
-1.54736	6.0819
0.135909	5.32694
-2.76404	4.86388
-0.408402	3.00037
-1.46946	4.18525
-0.50228	5.28238
0.366228	6.79976
-1.06487	4.16514
-0.86324	5.77547
-2.5205	4.40196
-2.08895	3.00758
0.672622	5.80551
-0.55778	5.46149
-0.549648	3.13148
-0.141936	4.53267
-1.0038	5.38489
-0.189735	5.8196
0.405053	4.78383
0.740101	5.94086
-2.18398	4.31464
-2.7047	3.67217
0.0240522	5.00341
0.331699	3.37467
-2.88889	4.52608
-1.34578	5.09834
0.68051	3.74686
-0.5721	5.30527
-0.0862289	5.24416
-0.20499	4.52163
-0.926686	3.98565
-2.01353	3.87648
-2.00053	4.83706
-2.3577	5.75345
-0.661767	3.76643
-0.21291	6.05965
-2.19738	5.57963
0.845034	4.53313
0.525322	3.81379
-2.73018	5.625
-1.15198	5.55563
-2.12436	3.13709
-2.70295	5.37139
-2.19705	4.05623
-1.09104	4.6868
-0.00221181	4.63487
-0.159819	6.4663
-0.18112	3.13936
-1.74024	7.40422
-2.49858	5.67084
0.796181	5.84514
-3.04255	6.18761
-2.28832	4.73256
-2.25254	5.638
-1.8603	4.5411
-1.78465	5.88878
-1.20246	5.21808
-1.6705	3.99098
-0.562858	4.98066
0.178066	3.51334
1.08383	2.06138
-1.74313	5.87697
-0.763495	5.29442
0.10092	6.1433
-1.78531	4.94792
-0.859893	12.5652
-2.535	6.48736
-0.890715	3.89389
-1.63073	3.70996
-1.48015	5.31664
-0.226513	3.68484
-1.38068	5.62547
1.13417	3.92598
-0.966404	5.05692
-0.668621	4.10044
-2.64054	5.19098
-1.18983	5.37238
-2.04637	7.41015
-0.537022	5.35264
-0.108394	4.88589
-0.494687	8.08181
-0.40691	4.14908
-2.44412	4.2739
-1.99195	5.99869
-2.85099	5.7
-2.81047	5.41769
0.648806	4.25253
-1.94668	5.97693
-2.69793	5.57686
0.288988	4.4707
-0.760415	5.36944
-0.228621	3.97429
-0.487582	5.48109
-0.499782	6.00648
-0.641996	4.53118
-1.74295	4.88631
-0.842617	3.36779
0.139926	6.25193
-1.49152	4.36717
-0.679117	4.86924
-1.9469	6.05636
0.767125	3.97031
-0.257927	5.07995
-0.857849	4.50316
0.249449	7.14281
-0.893507	5.43728
-1.66804	5.90711
0.668842	5.34312
-0.454456	4.65965
-1.53086	5.40023
0.2927	4.78219
-2.4595	4.30897
0.205079	5.29243
-1.11378	6.35117
-1.97355	4.41079
-0.35443	4.35956
-0.429535	6.06037
0.975181	3.14639
-3.08066	4.05812
-2.01234	5.44485
-0.450264	3.40648
-0.59101	5.91126
0.0375124	6.99213
-0.635131	4.99352
-0.537114	5.89048
-2.70094	5.03266
-0.162456	5.10144
-1.32158	5.7769
0.916372	5.87555
0.185738	5.156
3.90593	4.16627
-2.77634	4.78441
-0.429173	4.82202
-0.325224	3.96121
-1.68995	4.64116
-1.00316	4.81611
-1.34839	4.80056
-1.29342	5.02281
-0.196498	3.48293
-0.50653	4.29645
-2.54263	6.05432
-0.552122	5.01983
-0.221597	6.89227
-1.30176	3.77791
-1.03251	5.08489
-2.75906	6.89135
0.377471	4.69075
-1.51193	3.70395
-0.532313	5.49584
0.193357	6.76762
-2.77337	5.11996
-2.33548	4.9248
0.385042	5.10953
-1.02184	7.59525
-1.06848	5.69587
0.703096	5.38613
0.845006	4.74258
1.04786	3.31833
-0.219025	4.78464
-0.134607	5.86118
-2.87509	5.04738
-2.43182	6.94844
-3.02942	4.81067
-0.345849	4.30743
-0.873101	5.44612
-1.25448	5.20134
-2.68995	4.55538
0.0759147	3.97321
2.89455	4.77153
0.38706	5.11384
-1.06223	4.68881
-0.994485	2.94446
-0.544737	5.75671
0.453283	6.74163
-1.13688	4.1349
-0.942685	4.86084
-0.875572	6.04621
-0.381137	4.59356
-1.71619	5.15385
-0.154181	3.57544
-1.86936	4.96991
-2.72012	6.41431
-0.820401	4.657
-1.94327	5.23053
-2.14373	5.73495
-2.55141	5.30448
0.668321	3.24703
-2.52125	5.27052
0.23771	5.42098
-2.57686	4.5666
-2.31588	6.69994
-1.66303	7.01743
-0.0844657	5.0446
-0.185821	4.83153
-0.74656	5.11196
-1.94643	5.51699
-0.365295	4.7534
-1.02569	3.3177
-0.428737	4.62928
-1.89133	3.43458
-0.298031	5.3519
-0.507174	5.56204
-0.793986	5.70707
-0.143291	4.98771
-0.968196	3.53434
-2.31663	5.00733
-1.30185	6.49021
-0.32713	6.57536
-2.53997	5.05912
-1.06165	3.46012
0.336869	4.32212
-1.94319	4.44201
-0.494865	6.54585
-2.84037	5.11642
-1.14367	5.40792
-1.33477	3.00072
0.958161	6.62962
0.0142767	4.75479
-2.34908	3.47466
-1.88709	5.61434
2.55653	7.06634
-2.98837	7.12518
-1.10247	5.61393
-2.21988	5.56443
-1.73926	4.91959
-2.16793	5.5167
-1.07205	5.84134
0.117297	2.9244
0.547733	3.46862
-1.96153	4.94052
-0.689415	6.49222
-2.33918	6.1385
-0.321239	4.63122
-2.3114	4.75002
-2.62736	6.16498
-0.595526	5.03771
-1.007	5.79498
-1.20461	4.75386
-1.09038	4.69244
-0.260784	5.74171
-1.52465	3.45125
0.498009	6.47579
-1.24066	3.00134
-2.47501	5.12736
1.37008	6.16054
0.538399	3.68303
-1.81311	6.30928
-2.02732	4.86979
-0.286995	5.81459
-2.4847	3.37439
-1.41962	5.60661
-1.62096	4.41954
-1.65452	5.90639
-0.193306	4.12529
-0.649563	5.04813
-0.16549	3.5258
-0.291015	3.5869
-0.20265	5.12114
0.960507	6.80804
-2.48418	5.92149
0.996303	7.09005
-1.38791	5.43106
-0.142824	6.20581
-1.38708	4.74524
-1.81255	4.28226
-0.190889	3.86002
0.0880234	6.09207
-1.86504	4.51529
-1.18784	5.56817
-0.738301	6.00404
-1.10667	5.50441
-2.74462	4.10552
-2.42558	6.06644
1.02925	6.03965
-1.07927	4.89043
-2.13257	7.6238
-1.46954	4.86786
-1.08394	5.40399
-1.66544	4.02011
-0.9405	5.26468
-1.16736	4.15634
0.519428	4.58889
-1.66217	3.75145
-0.594078	6.42686
-1.62241	6.30302
1.12316	4.4447
2.00106	5.74339
2.26936	8.00921
-1.49437	6.97623
-2.80075	4.97693
0.794346	2.74552
-2.18115	3.87286
-1.47876	4.01144
-0.192016	5.33407
-1.29802	5.03788
-2.29111	5.29812
-0.198284	3.67102
-2.71979	4.6082
0.0952042	6.29763
-0.318012	3.43771
-2.02309	5.63338
-1.71618	6.62894
-0.150081	3.05858
-1.30802	5.01795
0.0176629	5.25856
0.638484	3.88804
-1.70812	4.04167
-0.495983	4.5747
-0.846685	3.83403
-0.599935	3.43728
-1.3531	3.81945
-1.37753	3.68916
-2.75683	6.27826
0.649813	4.01872
1.57828	1.67485
-2.32646	7.3913
-2.80018	3.48357
-3.06575	3.35856
-0.319546	3.72647
-0.929341	3.55145
-2.46258	4.43543
-2.12614	3.99232
-1.19071	4.47333
0.831138	3.68774
-1.39989	4.47074
-0.880407	4.92098
-1.78209	3.59813
-0.0920928	3.63269
-1.7646	5.11534
0.431239	5.11493
-0.106869	5.17073
-2.89599	4.03541
-1.25771	5.2918
-0.27939	7.51402
-0.529685	3.86811
-1.60968	3.94776
-0.845697	5.84803
-0.728912	7.13033
-1.61297	4.66996
-1.46965	4.86684
0.369831	6.2347
1.02293	1.67151
-2.97117	5.71736
-1.49675	4.13975
0.320758	6.75609
-1.74247	3.61428
-2.61321	4.79384
-1.14114	5.233
-0.158214	5.13684
-1.26625	3.37151
-2.62789	4.99354
-0.465377	4.52601
-0.095849	4.61678
-2.0611	5.98803
-1.04189	3.73622
0.544732	3.32311
0.138749	6.53165
-0.1878	7.12623
-2.30999	5.75391
-0.976054	7.02051
-0.757578	3.79705
-2.09701	4.32984
0.139406	6.08655
-2.18135	3.60642
-1.06537	4.19838
-0.517708	5.06326
-2.19156	4.829
-0.656925	3.97251
0.949785	5.0138
-2.8538	5.81654
-1.92492	6.30381
-0.984439	5.55039
-0.868871	4.84674
-0.569044	5.12161
-1.12487	5.68316
-0.843789	5.6091
-1.56178	6.80144
0.999471	5.96722
0.0362123	4.55973
-2.83338	5.90113
-2.31346	6.41179
-1.65174	3.11378
-2.38205	3.01023
-1.12568	3.98376
-0.804505	4.06008
0.109777	4.21335
-2.71465	4.6338
-0.305808	5.73444
-1.55436	4.60325
-0.342044	2.71833
-2.66813	5.8158
0.390012	4.29477
0.0596672	5.26991
-0.494547	3.34913
-2.90284	3.60935
-2.0656	4.64649
-1.49223	5.20254
-0.829868	5.28367
0.075243	5.83573
-0.0624853	4.68498
-0.527553	3.59593
-1.2425	5.7682
-0.483613	4.54863
-1.42866	3.76343
-0.776272	3.24261
-1.29537	5.92719
0.189077	3.87003
-2.98331	5.40904
-0.406373	4.36892
-1.98081	5.68045
-0.0410724	6.01347
-1.02514	6.00628
-0.182276	5.24672
-0.84392	5.10998
-1.68786	5.29159
-3.00524	6.07486
-2.27845	5.68802
-1.36529	5.75371
-1.06821	5.29399
-2.91098	4.94728
-2.31859	3.3696
0.431343	5.42798
-0.24084	5.49087
-2.15907	6.02369
-2.04787	4.51813
-0.83734	2.96649
-2.13125	4.49376
-2.63497	5.7083
-1.69416	3.75011
-0.056225	7.40402
-2.11745	5.29342
-1.10109	6.02852
0.591933	5.7693
-2.02276	4.76144
-1.26872	5.32511
-2.18368	5.20448
-0.017822	5.19574
-2.72924	5.12284
0.669613	4.01686
0.599434	4.5573
-2.78502	3.0205
-1.6916	5.61712
-1.06304	4.4884
-2.04552	4.08475
-2.2532	3.69208
-0.652595	5.20664
-1.37154	5.93658
-1.81748	3.30647
0.177808	3.41076
-0.707307	4.86074
0.823986	3.98543
-1.63952	4.40293
-0.457591	4.69368
-0.7765	3.41311
-1.61528	6.91815
-1.65008	4.42682
-2.48623	4.53839
-1.44865	5.63461
-1.44403	5.69411
-1.86281	7.00033
1.32264	5.54939
-0.607134	4.47513
-2.24909	5.40333
-2.81742	5.26782
-0.143515	5.32207
-2.0528	6.10872
-0.694707	3.78804
-3.01455	6.12468
-0.613731	3.47248
-1.17727	4.06937
-2.26512	4.16476
-0.399169	3.26047
-0.975848	3.4043
-0.38157	4.07165
-1.01883	5.26599
-2.01733	5.91623
1.42913	5.53787
-0.676981	3.19171
-0.171626	5.32612
-3.27084	7.00969
-0.136797	4.90715
-1.2579	5.38875
-0.599431	4.74277
0.35049	3.78653
-0.496026	6.02995
0.7124	3.94156
-1.83604	4.01447
-1.38628	4.2416
0.158851	5.94619
0.20793	4.64586
-1.27236	3.92866
0.859102	4.30701
-0.649418	3.12118
-1.7979	5.04039
-2.44283	3.03273
-2.65847	7.2156
-1.85895	4.87919
-2.72988	5.83501
-1.42938	3.45645
1.03662	6.01942
-1.59927	4.95728
1.2902	5.80024
-1.57736	4.24465
-2.40996	5.03257
-2.23693	5.02063
-1.15482	7.28529
-2.37956	5.37453
-1.48715	5.23155
-2.37977	3.42404
-1.40298	4.58005
-0.117083	5.07701
-0.065169	5.13249
-0.0840436	4.82383
-2.37819	5.3585
0.30633	3.71597
-2.58973	2.99524
-0.248329	3.31952
-1.8948	4.43102
-0.510112	4.45432
-2.4398	6.71939
0.236246	4.92728
-1.6198	4.15959
-0.176043	3.86772
0.773177	4.5467
0.571397	4.07471
-1.29728	7.12033
0.321649	5.37174
13.0249	-1.6034
-2.2649	5.62163
-1.25563	6.11383
-1.35349	6.61351
-1.32194	5.41633
-2.00844	5.93077
-2.24924	3.32243
-1.96267	5.96581
0.487128	4.29808
0.228791	4.43904
-1.65996	4.74073
-0.523634	4.46895
-2.03377	8.12468
-0.966422	5.58635
-2.05417	2.93112
-0.430218	4.85484
-1.56984	3.59359
-2.73341	8.67264
-1.95564	5.41434
-1.77054	4.91703
1.12374	4.6424
-2.20325	4.62575
-1.53223	2.98715
-1.28755	4.66217
-0.49304	5.11481
-0.686746	6.73771
-1.61271	5.30909
1.04583	2.52506
-1.52021	6.67861
-0.68852	3.62318
-1.59902	5.29965
-0.832678	4.31568
-2.36758	5.39727
-1.15854	4.44984
-0.246493	5.52957
-2.40545	5.77107
-0.311864	4.82726
-0.773381	6.5792
-2.89411	4.24372
-2.60297	4.5031
-0.255222	3.73246
-1.76237	6.65982
-1.31936	4.83555
-0.363185	4.94199
-0.813383	5.2648
-2.02687	7.7829
-0.554727	5.24262
-1.23925	4.75955
0.188245	5.57812
-0.405774	7.93177
-1.24606	5.12068
-1.15149	4.53138
-1.00673	4.03977
-1.57773	3.83192
-2.36476	5.04624
-0.979051	4.71027
1.75749	3.42507
-0.0609402	5.98117
-1.08017	7.90476
0.523558	4.02323
0.642263	5.13613
-0.790639	4.91557
-2.23887	5.67755
-0.47084	5.38543
0.473157	3.58056
-1.97097	4.42418
-0.394841	5.45319
-1.67581	5.4028
-0.429111	4.89114
-0.0371218	6.87779
0.195908	3.31576
0.63359	5.30832
-1.10586	3.81229
-2.2022	5.17373
-2.36046	5.44065
-0.936678	5.00639
3.94725	-9.99519
-2.95979	5.78517
-2.57217	6.52464
-2.20373	5.63039
0.905625	4.19946
-2.16088	5.35273
-0.080156	5.70821
-2.4974	5.75526
-1.14826	2.99856
-0.416507	4.67431
-1.74264	3.98806
-2.32915	5.49339
-0.881957	6.54412
-1.84089	4.72968
-1.03982	4.4043
-0.132999	3.3558
0.590761	7.14703
-0.651363	4.61707
0.56771	4.07227
-2.46395	3.94918
-1.69654	4.14751
-2.8313	4.27748
-0.646965	4.62385
0.549731	3.42543
-1.52205	4.46898
-1.88033	4.67843
-2.09918	4.94292
0.57197	5.18565
0.0100602	5.08869
-0.749538	3.70785
-1.76912	3.74816
-1.65237	4.0338
-0.855233	3.74248
-2.66092	5.95551
0.682715	4.2986
0.5047	3.75633
0.278943	5.61726
-0.297209	3.5036
-1.73569	6.25539
0.10037	4.30169
-2.55153	4.86866
-0.601049	4.67037
-0.292826	4.1752
0.281882	4.12805
-2.75524	3.73205
-0.449301	3.96212
-2.78759	7.21147
-0.0601756	3.08091
-0.648309	5.7899
-2.83518	3.60816
-0.136795	3.59297
-1.29404	4.20771
-1.4446	5.36837
-1.1709	5.16212
-2.16617	5.55276
-1.1777	5.84932
-1.82357	4.37019
0.721335	4.86529
-0.526184	5.90972
-2.20192	3.1811
-0.262403	4.57043
-1.11532	5.91854
0.806068	5.73905
-1.99125	6.54921
-0.989534	4.42463
-3.00032	5.23466
-0.0106106	4.02164
-2.18547	6.53375
4.50014	5.91213
-0.752069	5.92008
-0.921217	3.52015
-1.33736	4.54671
2.0437	5.64162
-0.204488	5.52064
-0.0188233	5.48225
-2.91175	5.37856
-1.15141	3.50617
-1.1035	5.46793
0.368697	5.32006
-0.560775	4.82175
-2.6823	6.03013
-2.53913	3.76793
-2.43387	6.15858
-1.68348	5.10931
-0.510439	3.53695
-2.12454	5.08833
-0.853889	5.70168
-0.239134	5.96098
1.3244	3.92683
-2.59004	3.58302
-1.82255	3.10279
-2.50949	3.31186
0.0283684	4.97968
-1.72503	5.87059
-1.4376	2.8736
-1.35938	4.12428
-2.93244	3.61722
-0.940939	4.14289
-0.637129	6.01573
-0.99742	4.6835
-1.35628	4.56899
0.417722	5.60332
-2.12986	4.66223
-0.593598	6.66741
-0.682697	3.18758
0.30111	4.79232
-2.29122	3.85115
-0.0334067	4.14758
-0.49302	11.1669
-2.84458	3.98297
-1.0877	5.25562
-2.0641	4.75876
0.0486542	4.69909
-1.81063	5.46084
-1.50123	4.46145
-0.250518	4.59206
-2.74699	5.40459
-2.58287	4.11568
-2.34855	5.1883
0.247199	3.57123
0.306706	5.84471
-2.90778	3.01233
-1.68197	3.01177
-0.452186	4.07577
-2.58865	7.1455
-0.369402	3.93622
-2.643	3.5554
-1.58959	5.21576
-2.74641	3.73326
-1.35235	5.18544
-0.896017	6.37023
-0.823967	4.24197
-2.63275	4.98419
-0.938249	4.25737
-0.078414	3.41812
0.111342	4.42843
-2.10493	4.56607
-2.82365	3.09078
-0.197668	3.85836
0.108312	4.75883
0.76849	4.31747
-1.87444	7.84828
-1.51079	4.97048
-0.826398	5.98401
0.481822	4.64758
1.61709	5.50984
-2.86275	4.36645
-0.0277178	4.26175
-0.616913	5.77348
-2.53897	5.65163
-0.71626	5.87732
-1.20577	4.98157
-0.576909	6.16327
0.144535	6.0752
1.11599	3.45092
-0.686946	4.95541
-1.53271	5.9887
-2.17686	5.11809
-0.927113	4.96595
5.34263	6.06135
-0.206528	4.8992
0.862583	3.59338
-2.79477	4.06299
-1.68099	5.79537
-2.86874	6.56322
-1.68151	5.5981
-0.0984534	5.93868
1.08281	4.70777
1.70378	7.06425
0.0370707	3.66253
1.75183	9.73353
-0.415645	5.38186
-2.10854	5.00676
0.557935	4.3075
-2.05363	4.94121
-1.45624	6.62424
-1.55805	9.58319
2.27981	1.6279
-0.9213	3.7814
0.969838	3.75399
-0.814433	6.97833
-0.334546	7.08636
-1.33984	8.52585
-1.0498	3.32291
-2.38072	4.04836
-2.38424	5.03985
0.189779	4.11976
-2.13206	5.05658
-1.50505	5.32282
-0.217276	5.78856
-1.78748	5.73611
-0.244871	5.92573
-2.40847	3.79197
0.118787	3.82281
-1.46243	3.45074
-1.55955	5.66803
-2.74452	4.75037
-1.08095	3.98253
-2.48181	5.21914
-1.21106	5.5148
-1.28405	5.71125
0.781563	4.54164
-0.0634956	2.9662
-0.619746	5.74035
-1.37993	6.34344
-1.99775	5.09103
0.304284	4.7413
-2.0897	5.50159
-2.73847	3.97256
-2.42525	5.64868
-0.422987	5.39139
0.693804	3.09288
-1.57316	5.19075
-0.76482	5.25405
-1.36909	5.26935
-1.7654	6.53491
-2.97331	4.83782
0.361874	3.93862
-2.12067	5.65188
-2.45366	5.33324
-2.78159	5.16052
-0.145176	5.55691
-0.501974	5.96348
-0.253524	5.90391
-3.0755	4.32847
-1.15449	3.82518
0.050465	4.80323
-1.5496	5.50733
-0.373595	3.97505
0.983374	-1.11041
-0.150846	4.86072
-0.077686	4.21586
-0.207043	6.62175
-0.532852	5.44676
-1.37925	3.68017
-1.16925	4.50655
-1.43594	3.08892
-1.33372	6.01186
-0.654518	6.43163
-1.58702	5.34513
-0.872502	4.5293
-1.43331	4.31463
0.872195	6.5076
-1.21546	5.59977
-2.8042	5.6413
-1.06963	5.56643
-1.86878	5.51443
-1.91983	4.07885
-0.443797	5.77819
-0.191108	5.08091
-0.36189	4.22231
-2.35836	5.75807
-0.915346	8.19476
-2.41231	4.35346
-0.294007	3.62332
-2.39761	4.287
10.154	-1.30422
-1.90281	4.3006
0.69261	5.52209
0.226542	5.71097
-0.953668	4.16746
-0.660509	3.50598
-0.460931	4.84477
0.363694	4.0023
-0.0594307	4.07698
-1.36272	5.9159
-1.7862	4.69543
-1.04616	4.34933
-0.708831	4.02627
-0.427801	5.20101
-1.37321	4.68833
-1.97238	6.07544
-0.102662	3.13876
0.931989	4.36485
-1.05149	6.02331
0.712046	4.40126
-0.30173	4.09246
-0.98332	6.85609
-1.17797	4.1865
0.642864	4.6521
-2.2315	4.20553
-1.5162	5.96736
-1.32053	3.68454
-0.908973	5.60476
-0.265643	5.94669
0.266276	4.41058
-1.97991	3.67739
-1.25083	5.10838
-2.41971	5.67589
-0.122483	5.63342
-0.305892	7.72948
-1.14455	5.77542
-1.46806	3.50236
-0.461147	2.99566
0.928723	3.28608
-2.62843	5.10566
-0.475997	5.43762
-0.770338	5.2079
-1.78539	3.33047
0.0677985	5.25518
-0.196033	4.35034
-1.1128	4.48756
-2.1026	4.96852
-0.733865	5.92701
-1.1142	5.76751
-0.762252	6.86805
-1.33378	2.95755
-2.04893	5.69195
1.86095	5.41712
-2.9284	4.92312
-1.84092	4.33787
-2.85367	4.34989
-1.91485	4.19308
-1.83517	5.66281
-0.245478	4.77084
-2.37239	7.18675
0.856087	7.47024
1.95706	4.49093
-0.829141	5.35448
-2.54633	5.52443
-2.76848	4.74106
-0.165433	6.24836
-1.94076	6.00352
0.310538	6.41289
-1.93581	3.73227
-2.00902	4.81197
-1.71226	5.0456
-2.52029	5.29113
-0.548862	6.37346
-2.31629	3.98709
-0.80753	6.37506
-0.754491	6.03974
-0.545393	6.5573
-1.62004	6.02331
-3.05533	7.06809
-0.386741	5.90236
-2.68499	4.70308
-0.26613	5.50689
-1.35754	5.03151
-1.63102	3.97851
0.828647	4.19422
-1.54121	5.16769
-1.24786	4.00634
-2.50146	6.86608
-1.37143	4.04961
-0.178083	3.09771
-1.93026	5.5742
-1.62676	2.98604
-2.66804	4.38388
-2.48222	5.84546
-0.0650775	2.81614
-0.398911	5.38265
-0.513625	5.94491
1.49057	3.23385
-2.85381	4.9842
-0.305673	6.00195
-1.84291	3.59654
-2.13324	4.52962
-0.98777	4.06235
-2.57742	3.49595
3.57581	2.97305
-2.39027	3.17812
-0.4818	4.70996
-2.53331	4.86587
0.449936	4.71583
-2.91319	4.23525
-1.72628	3.56172
-1.82803	4.71601
-1.98239	4.33258
-2.0447	2.93845
-0.448365	7.42889
-0.853351	3.61038
0.187427	2.90514
-2.26695	6.78979
-2.49825	6.63233
0.0328867	4.05561
-0.103494	4.48656
-2.1391	6.10771
-2.1455	4.18736
-0.872779	5.6227
2.63199	1.60927
-1.9083	4.43808
-2.79641	7.17437
-0.691474	4.264
-2.26366	3.20533
-0.888111	4.3389
0.627118	0.848979
-0.593618	3.81255
-1.87691	5.14159
0.114119	5.71405
-1.43682	5.3029
-1.02512	5.41911
-0.140071	5.27612
-2.66604	5.33598
-1.47343	5.55704
-2.23285	3.61462
-2.28806	2.95496
0.267018	5.61768
-0.433502	3.47652
-1.91249	5.72691
-0.695856	5.5387
-1.8204	5.96352
-2.20011	5.6747
-2.23885	6.23175
-0.753525	5.01137
-1.71705	5.20737
-2.56857	5.45363
-2.2216	6.61866
-0.626073	3.30211
-0.923905	4.85146
-1.56176	3.15803
-0.502927	3.28168
-2.14144	8.05232
-0.110415	6.619
-1.87389	4.00907
-0.104353	5.35293
-1.40496	5.76637
-1.5501	4.90685
-1.59791	5.09827
-2.18987	3.55062
-2.88717	2.83565
-2.5587	6.14644
-1.46701	4.18063
-0.440023	4.22721
-0.804597	5.40785
-1.3956	5.97463
-2.45058	5.0314
-1.25716	4.26748
-1.62586	6.98721
0.157536	5.30966
-1.14935	4.69055
-1.5464	5.29322
-1.75262	5.06647
-0.262304	3.28133
-0.508478	5.07981
-0.971583	5.25891
-1.10751	5.29178
-2.29663	3.73035
-1.67535	5.53706
-0.379349	3.65439
-1.08804	4.05162
-0.773731	5.82735
0.199715	3.31453
0.637787	4.38616
-1.61251	6.68046
0.0258355	6.48484
-0.548069	5.14923
0.149939	5.60502
-0.994794	4.19009
0.762415	5.15603
0.749254	4.98055
-2.28285	3.38175
0.762645	2.93156
-0.974133	5.22991
-2.53384	5.85491
-0.506214	3.90914
-0.692861	6.85753
-2.45915	4.93039
-1.1987	3.71215
-2.65511	6.03401
-1.66157	6.17991
-1.99437	6.69291
-2.22463	4.52021
1.35976	6.07251
-1.89659	5.93032
-1.59987	6.49012
-1.12917	6.11967
-0.0983756	3.17212
0.237578	3.07251
-1.85224	3.43735
-0.322826	5.53665
-2.54884	3.70795
-1.2009	3.96281
-0.406712	3.77381
0.372848	6.52266
-0.459504	4.13727
-1.77415	4.80883
-2.72682	4.09721
-1.79304	5.82279
-0.655479	4.36996
-0.797488	4.97423
-2.72969	3.36655
-2.25767	5.07893
-2.02846	6.27708
-2.98745	5.71599
1.03041	5.02608
-2.31142	5.34691
-2.97855	6.0222
-1.34561	4.43156
1.45459	3.01267
0.0065139	4.07979
-2.70639	4.05408
-0.75483	6.30098
-2.69396	2.98463
0.114352	4.71046
-1.27804	5.28443
-0.231132	3.90155
0.615241	5.64528
-0.504176	5.95559
-0.55019	6.87488
-0.228543	5.28679
0.669765	5.40012
-0.330103	7.39822
2.30911	3.78506
-1.62261	5.28389
-0.271619	4.91141
-1.39374	7.63726
-1.89484	6.22514
-0.706437	3.08145
-1.33715	4.91155
-2.79921	5.87345
-0.427822	4.79888
-1.80478	6.04672
0.189656	5.84591
0.0232488	6.38355
1.39833	5.13069
-0.428259	4.99223
-1.48574	6.80377
-2.06371	3.19051
-1.36504	3.25504
-0.262156	10.0697
-1.01524	5.69132
-1.48405	4.50039
-1.59792	5.79257
-0.548774	5.3644
-1.35842	4.51393
-1.72683	6.0126
-0.271784	3.85193
-0.158767	4.79369
-2.74035	4.11967
0.0311425	6.85744
-1.10266	4.44139
-0.512264	4.54821
0.50092	4.72453
0.366769	6.16797
-0.773069	6.0273
-1.8165	3.31565
-0.686103	5.58823
-0.797034	6.90649
0.654149	4.12265
0.199379	6.41508
-0.232189	3.63791
0.165887	5.03471
-0.391999	5.77948
0.291074	4.51427
-1.60032	5.6529
-1.967	5.77485
-0.960619	3.34253
-0.1212	4.25196
-0.326389	3.1744
-2.85394	3.91588
-0.293815	4.78533
-1.28543	3.78731
-2.64223	4.29647
-1.31394	5.72729
-1.89766	4.35575
-2.43759	5.53232
-1.51842	4.14713
-1.61612	5.4616
-0.071946	5.69533
-1.45115	4.24919
-3.09637	3.57822
-1.09364	7.58528
-1.10212	6.80457
-2.60018	3.10765
-2.20506	5.4358
1.58106	3.75738
-1.44832	5.01551
-2.97508	6.10697
-1.97825	6.70976
-0.840222	5.0114
-0.923836	4.30394
-0.624539	4.87631
-1.12589	5.77833
-2.2924	4.37968
-0.772726	5.7411
-1.99947	4.46889
-1.09081	4.20529
-0.118171	5.88053
-2.44339	3.76588
0.535129	6.30058
0.473547	4.47959
-1.67712	4.86015
-1.27064	3.85862
-0.236846	4.75892
-1.74562	5.87593
-1.81483	4.29449
-1.30707	3.25896
0.0938461	4.15901
-1.25623	2.95849
-0.496777	5.88164
-0.700708	5.62329
-1.05175	5.61303
-2.41504	5.12611
-1.97062	4.46798
-0.296677	5.44594
0.00667833	2.53599
-0.455546	3.98531
0.377883	5.67419
-1.33544	3.12292
0.400396	6.46658
-2.78484	3.99184
-1.70733	3.42059
-2.29671	3.82308
-2.413	7.37048
1.31935	4.40583
-2.14207	5.21173
-2.0389	5.60714
-2.81664	3.40927
-1.089	3.49294
0.217834	4.35779
-0.229056	5.2089
-0.571953	6.93243
6.91685	11.4978
-0.89192	5.81889
-2.88909	3.52202
0.432409	3.58276
-2.5822	3.53495
0.915989	4.4511
-0.479165	6.00565
0.0383432	5.77811
-1.72214	4.29624
-1.11765	5.90425
-2.35308	5.21412
-0.635022	4.06863
1.40506	6.12903
0.411181	5.61555
-0.138128	7.5493
-1.11644	5.40384
-1.63299	3.68885
-2.49228	3.00947
-0.779355	3.5098
-2.89224	4.26502
-1.49552	3.7321
-0.0887509	4.47968
-1.64374	5.07976
-0.591713	5.4388
-0.134921	7.31563
-1.8501	7.20713
-0.358667	3.48966
-2.74714	3.97542
-1.92867	5.15343
-1.78488	3.19279
-2.91241	4.41375
-3.0046	4.05344
-2.68611	5.80665
-1.59052	5.83907
-2.08004	5.79821
-2.41098	5.06196
-1.74777	3.07441
-1.58519	4.29671
-1.03683	4.92894
-0.837788	4.27296
-1.72735	6.56627
0.57169	13.414
-0.08985	5.21763
-2.42738	6.67967
-1.35379	5.48472
-0.415396	4.07217
0.583842	4.26019
-1.72558	4.62267
-2.78744	3.17261
0.601433	4.12814
1.06787	6.79872
-1.19528	4.76701
-0.288121	4.89579
-1.38432	4.26167
-1.02295	6.88105
0.678324	5.9927
1.37332	4.12186
2.32953	4.91367
0.0687835	2.9204
-0.449994	5.70107
0.385249	4.81871
-0.06753	5.56134
0.00340831	3.68979
0.53716	4.73043
-1.54233	4.84341
0.342373	6.7238
-1.78334	4.34018
-2.87045	5.98686
-0.393861	4.90479
-0.963002	6.22409
-1.64659	4.85502
-0.345619	5.92399
-1.00022	5.14067
-0.182543	6.96409
-2.73963	4.67412
-2.04801	4.595
0.18624	5.89798
-0.7177	3.63938
-2.70428	2.89623
2.40143	3.39291
-0.944541	5.57748
-0.406889	3.46511
0.793278	4.65223
-1.13927	4.96736
-1.59266	4.08546
0.0469718	3.50853
-1.56341	4.44849
-0.0569875	5.39941
-2.74655	5.53955
0.455472	4.43882
-1.86127	5.06717
0.528416	4.38716
0.047489	6.14776
-1.74703	4.29676
-0.659937	4.60788
-2.62212	6.25685
-2.1472	5.43455
-0.951397	5.73429
0.150807	2.73098
-0.36645	4.97849
-1.81623	4.01534
-0.148772	6.13645
-1.62919	4.52008
0.00495383	4.54698
-1.07249	5.77996
-1.90342	4.15827
-2.38241	7.17431
-1.84844	5.52798
0.0753559	5.27583
-1.12507	6.77483
-2.15122	5.52703
-1.31822	5.6373
-0.159539	4.73821
0.88568	6.00385
1.94433	5.23982
-1.20989	6.38191
-0.560478	3.4427
-2.16529	5.64809
-0.636487	4.34496
-1.62244	6.70203
-2.17399	3.64709
-0.239614	2.98718
-1.8335	4.40594
-0.672071	5.20719
-0.918364	5.14939
-1.20439	5.23394
-1.50726	5.42704
-0.540549	4.39351
-1.73926	3.71364
4.0445	4.07284
-0.860583	5.77983
-1.05919	3.70753
-1.13557	3.09483
-0.21454	6.07311
-1.43949	6.42584
-1.78991	4.17818
-1.6244	4.57685
-1.85607	4.10646
-1.36137	4.44258
0.474726	4.80124
-0.932376	4.98696
-1.54698	3.6564
-3.11465	4.12916
-2.30606	4.32198
-1.906	4.50796
0.339568	2.87715
0.0343881	2.79921
-0.680231	4.44747
-1.64339	6.59253
-1.22076	3.80793
-0.949479	5.82696
-1.68847	5.62896
-1.90192	4.12125
-0.340864	3.43376
-0.371996	6.49669
-2.29192	5.71175
-1.62253	4.50799
-1.20474	4.23302
-1.21591	5.68193
-0.317436	4.87639
-0.522777	4.48436
-2.49353	3.35928
-2.36296	6.07187
-0.412693	7.72921
0.0927794	4.54248
-1.79579	5.4356
-0.665367	4.44007
-0.62748	6.54899
-0.874256	5.78944
-0.849536	5.56458
-0.875079	5.46577
-2.46118	3.74902
0.713517	2.91726
-0.792884	3.95605
-2.32635	6.85613
-1.82245	5.59816
0.425278	3.42295
-0.524034	5.16857
-1.35035	5.46995
-0.951797	5.27191
-0.190804	3.52519
-1.46346	6.33498
-1.14498	5.39894
-6.78215e-05	4.20555
-0.937941	4.9277
0.515612	4.30018
-1.03157	6.04434
-0.411147	4.64224
-0.203287	6.65608
-1.71409	5.56072
-0.0487895	3.33288
1.29307	5.61092
-1.62783	3.80184
-2.68395	6.95918
-2.76023	4.91137
-1.24298	5.83613
-0.0837616	4.27621
-2.96097	3.85455
1.06144	5.30106
0.0931721	4.03107
1.67585	4.88955
-0.78365	4.41086
0.783512	4.05394
-2.60384	5.34193
-0.571282	5.72885
-3.01406	5.62941
-1.63233	5.23225
-2.56459	3.38286
-1.58915	4.7367
-1.5246	3.40725
-1.05368	6.31267
0.635852	3.98159
3.25989	1.77921
-1.70701	4.0641
-1.14814	3.59099
-1.1312	4.66935
-1.66821	4.40432
-0.0768638	4.30755
-0.876415	3.93446
0.355929	3.92191
0.0756287	6.5381
-0.472837	3.6986
-0.599702	3.3117
-0.414186	6.43896
-0.0934815	4.77225
0.30825	3.51568
-1.19589	6.6115
0.711715	5.98414
-0.683731	4.18845
-2.20862	3.51954
-1.09479	3.81456
-2.9064	5.39399
-2.42227	6.27231
-2.00417	4.13048
1.51102	4.51443
-0.68914	4.00858
-1.49173	4.76544
-3.06198	4.6498
-0.657192	4.57114
1.79979	3.87339
-0.388233	6.14394
-0.195976	3.39155
-0.0477003	3.74923
-2.80426	4.6566
-1.21785	4.11889
-0.481225	6.11949
0.455452	6.71495
-1.89704	4.00317
-1.42445	4.87185
-3.14638	6.0661
-0.827038	3.32902
-3.03889	3.11958
0.125035	5.64891
-0.795913	4.16594
-1.60421	3.51123
-0.479443	5.59773
-0.764716	4.33535
-1.07709	4.33234
-0.606486	5.25333
0.0180196	4.1962
-1.29331	5.40684
-0.209392	3.06648
0.542805	3.67517
-1.00123	2.81154
-2.83811	4.10581
0.188363	5.06185
-1.21063	6.16593
-1.12278	3.80942
-0.293628	4.61175
-0.137716	6.86933
-1.78939	4.84086
-0.406857	3.96667
-1.57574	4.53241
0.132	5.91825
-2.51796	7.42907
-1.69099	5.87184
-1.57375	3.85442
-0.515567	6.5011
-2.42909	6.34531
-0.160472	4.94498
-1.55975	5.13128
-0.362073	5.93885
-2.69391	3.88083
-1.89587	4.42217
-0.467976	4.88175
0.786755	6.0128
-2.22312	4.74791
-1.37691	6.37543
3.59894	-2.51996
-1.68797	5.22378
-1.21805	6.56329
-0.853754	3.39553
0.962626	7.44249
-3.04682	4.64436
-1.1259	3.35434
-3.15941	2.87016
-2.00575	3.72769
9.04104	-9.0107
-2.36844	5.07577
0.0106724	7.02511
-1.39769	4.51066
0.1414	5.46287
-0.251951	4.05661
-0.815369	3.67552
-0.0640263	3.84344
-0.800233	5.9366
-2.6501	4.6723
-0.747475	3.78878
0.406014	5.79392
0.131423	6.11815
-2.65944	3.37322
-0.671857	2.80258
-0.588942	5.99407
-1.16372	5.51018
-1.52698	5.22018
-2.01571	6.71055
-1.99286	3.04226
-2.02618	4.2152
0.603891	3.35648
-0.369926	5.55865
-0.707925	5.12202
1.39976	3.06233
-1.63766	5.78857
0.636867	3.31504
0.243006	6.08174
-2.37963	4.99681
-0.057337	4.5425
-1.35115	5.05574
-0.643852	5.32939
-2.39708	6.49665
-1.85089	3.33802
-2.36252	4.08385
0.226437	4.35929
-1.5383	4.15981
-1.15151	6.0035
-2.06173	6.54608
-2.39799	4.6541
-1.82652	3.39154
-1.65104	5.68172
-0.623392	4.20081
-1.93693	5.5012
-0.581353	5.06612
-1.44295	5.5145
-2.68656	3.14222
-1.81752	5.33206
-2.07659	3.47248
-2.43875	3.68861
-1.0116	5.35077
-1.25024	4.96456
-0.954685	5.48847
-0.222372	4.77204
-2.13077	5.84764
-0.0309117	5.93188
0.187848	5.31574
-1.57136	7.61035
-1.23186	4.42716
-0.495315	5.98902
-1.82685	5.24532
-2.99612	6.0843
-2.99235	6.19275
-1.49273	5.35736
-1.48256	6.51728
-1.92803	3.67793
-1.97316	5.19226
-2.9129	4.21849
-0.257904	4.40467
0.325742	5.15245
0.229843	3.91053
-0.436355	5.65934
-1.38345	5.60674
-1.60434	6.11418
-2.95299	4.51365
-2.09964	4.58245
0.0673603	1.22826
-0.552893	6.70793
0.498412	4.85765
-1.00014	3.62693
-2.82063	5.38941
-0.473418	4.40012
-0.949286	4.38405
-0.293149	5.56798
-0.7323	3.83216
-0.850716	5.20789
-1.72684	3.72605
-0.299152	5.29165
0.150525	3.53249
-2.46508	6.54899
-0.717318	3.52276
-2.55763	5.78564
-1.44329	3.9969
-2.43081	7.07982
1.30912	4.7949
-0.123948	3.67785
-2.653	2.98567
-0.163346	6.61877
-0.820782	5.46795
-1.61193	4.25525
-1.07598	6.49829
-1.60183	3.73386
0.588664	2.48912
1.46755	6.36631
-0.822166	6.05484
-0.366797	6.12728
1.11483	4.18192
0.714287	5.07605
0.955972	3.911
-2.83053	4.71651
-1.97885	3.75414
-1.30654	2.96054
-0.528127	4.88734
-0.266933	3.99182
-0.289876	4.04358
-1.92466	6.51741
0.460598	4.14135
-1.94667	3.96313
-2.33198	5.71827
0.396703	5.43583
-2.9819	6.6307
-1.39542	5.02386
-1.89945	5.89959
-0.588427	3.68903
-2.89685	4.15233
-0.182969	6.26488
-0.574629	5.03428
-0.598751	5.114
-0.219981	5.30315
-0.0766695	7.56016
-0.632933	3.94451
1.14789	4.71983
-2.09879	5.44652
-1.91402	6.17102
-1.11836	4.80023
-0.991475	4.68378
1.20827	3.8482
-1.47583	4.67196
-0.482258	4.77826
-0.750778	5.01186
-1.88769	6.23343
-0.377708	5.15156
-0.274483	4.91227
-0.899104	6.57104
0.204364	5.56873
-1.50143	4.03552
-1.0609	5.49227
-1.1733	3.73053
-1.79995	4.49289
-1.18267	4.38075
-2.95926	5.48368
-2.72932	6.06061
-0.112344	3.92578
-0.74629	3.64916
0.512156	4.9538
-1.32002	5.46326
-1.03362	4.03022
-0.490328	6.41512
-2.38526	6.06537
-1.78404	5.82528
-1.25955	5.58773
-2.46984	7.12485
-2.78733	3.17968
2.38687	6.70829
-1.0487	5.15971
-1.12843	3.95896
-1.52184	3.67729
-2.25235	3.8147
-1.29999	5.41444
-0.104459	3.93669
-1.91093	6.07935
-1.89745	5.6399
-1.99791	4.88563
-3.00995	4.82835
0.951366	5.97252
0.593269	3.77569
-0.646578	3.91603
-2.05213	4.74721
-0.0291896	2.90176
-0.796507	5.09532
0.424099	4.32697
-3.01378	6.94959
1.26842	6.00379
0.632352	4.31811
-2.1712	6.57039
-1.78637	4.92244
-0.788445	5.4272
-0.853984	5.95062
1.32564	4.34094
-2.59976	4.41171
-2.89149	5.30364
1.5897	4.85497
-1.31157	5.49793
-1.63787	4.51397
0.91973	4.00341
-3.09568	4.81619
-2.32096	4.79066
-0.131638	4.8691
-1.29466	5.79788
-2.03281	5.82518
-1.29381	5.57139
-2.70643	4.37571
-0.344217	5.84183
0.874808	5.74588
-2.55367	5.35193
-0.696439	5.95964
-2.58562	5.18614
0.304402	4.00304
0.752711	6.98833
-2.23607	5.00427
-1.50056	5.51355
-1.37724	4.73097
-0.722401	3.77575
0.534417	3.53885
-0.360827	3.78923
-0.0240667	4.3537
0.449752	3.6081
-0.191396	5.85153
-2.86841	3.86079
-1.02263	4.12452
-0.897694	5.03059
1.38388	3.78674
-2.0753	4.88322
0.303018	3.41788
-0.829637	5.80739
0.381637	6.04184
-0.273011	4.93392
-1.78331	4.2614
-0.80073	3.97392
0.100802	5.60823
-1.09806	5.13231
-0.230707	4.95201
-0.287573	6.0418
-0.654333	4.32112
0.194815	4.7532
-1.33601	3.27972
-0.943254	5.72738
-2.39989	5.72401
-1.44339	3.70478
-0.677531	6.28932
-0.974287	5.21411
-0.68966	5.06832
-1.62604	4.19818
-2.03614	4.71149
-2.74983	6.5823
-0.128117	5.57682
-0.19808	6.30572
-2.04239	4.87158
-2.35999	5.30419
-1.08969	8.58771
1.04986	4.54429
-0.519259	5.69935
0.201156	5.27596
-1.82008	4.0633
-0.769924	4.48089
0.503874	3.38775
-0.805921	3.86624
-1.41079	4.568
1.0578	5.7506
2.65714	-2.65152
-1.73031	4.68367
-1.31371	4.15298
-0.154199	3.82278
-0.462958	4.36252
-1.74685	3.30271
-1.59474	4.19467
-0.931835	5.26921
-1.48638	5.66555
-1.79237	4.01153
-2.2949	6.67448
-2.3494	6.46903
-0.411668	3.3433
-1.27416	5.08013
-0.628772	5.9802
-2.93325	5.79869
-1.23648	5.77669
0.583183	5.21279
1.64508	6.1363
-2.91829	4.61593
-0.147511	6.13677
-2.77188	5.62988
-0.154527	3.92273
-0.535965	4.23761
-0.113786	5.41186
-1.83274	7.72803
0.876168	2.68492
-0.402644	4.98325
-0.452769	4.3915
-0.927525	3.28033
0.557253	5.6722
-0.10496	4.87997
-0.655967	5.42895
-2.94227	3.4938
-2.34735	4.39067
-2.94269	4.93426
-0.0434997	5.01366
-1.58131	3.28902
-1.74235	5.18827
-1.91979	3.79975
-2.51109	4.03287
-0.704309	3.33933
0.433715	3.51961
-1.53101	5.1001
-0.769035	3.88626
-1.53406	4.92544
-2.85851	5.19273
-2.34205	4.54217
-1.572	3.69125
-1.60564	4.37889
-2.26249	6.10759
0.480147	4.7838
-0.26134	3.89459
-0.175791	5.34412
-0.104232	3.98549
-0.0834794	5.40328
-2.00076	5.6235
-0.126687	5.22559
-1.55551	3.66429
0.825577	3.18136
-2.64867	6.00676
-0.141152	5.17891
-0.573786	4.28712
-1.23289	5.5375
0.129478	5.58169
-3.00739	4.57593
-1.25707	5.02657
-1.94106	5.53052
0.710921	3.32415
1.62433	5.86182
-2.10658	5.84676
1.02325	1.90322
-1.63067	4.25947
-0.343588	4.02973
-0.304755	3.21559
-1.11101	4.77844
-0.420385	3.60933
2.82607	10.046
-0.696793	3.8043
7.66981	4.91531
-1.71908	5.37039
-1.2166	3.64489
-1.8344	3.47573
0.573023	5.91152
-1.47145	4.41017
0.120341	4.43212
-0.235327	5.8836
-2.42059	4.60776
-3.13999	6.57255
-0.798526	5.15579
-0.900371	4.9036
-0.344058	3.2358
-2.12568	6.11998
-0.175011	5.13672
-1.04678	5.84575
-0.285597	5.23514
-1.72615	3.27042
-1.74258	3.63425
-2.46187	5.95838
-2.10058	5.66445
1.42064	3.83216
-1.73102	5.20964
-0.576291	3.60972
-1.49303	5.2378
-0.755983	5.2557
-2.48004	3.69659
-0.242738	3.77936
-0.0369461	5.00323
-0.482158	3.3419
-1.94255	4.14643
-0.293497	3.76623
-0.694116	3.63082
-1.96781	6.19782
-0.0486076	4.24289
-2.17056	5.41331
-2.03866	4.75975
-1.51705	3.93248
-0.0193953	4.20776
0.220171	4.72294
-1.03709	4.38635
-1.15741	6.09171
-1.01634	9.67521
-2.46409	4.74811
-1.40329	3.85658
-0.827767	5.18338
-0.610737	3.2262
1.52975	3.93991
-2.14503	4.88924
2.43232	4.3761
-1.97966	13.971
-2.39001	3.41562
-0.775983	6.05924
0.336413	6.19529
-2.76178	4.05809
-1.38519	4.75537
0.0325719	5.61833
3.00264	5.00959
-0.198189	5.52321
-1.30648	6.25981
-1.81894	4.26378
-2.01103	5.41647
-0.544263	4.68764
-2.41641	4.94748
0.614993	4.88147
-1.34081	3.22789
-1.43823	5.57207
-0.446782	5.55965
-0.990137	6.01954
-0.959493	3.03683
-1.01331	5.71627
-1.70857	5.83014
13.0899	3.45732
-0.41524	4.76864
0.614845	4.57662
-1.02876	4.34762
0.530237	4.61439
1.36058	3.3719
-1.28642	4.74705
-2.98119	7.03139
-2.49971	4.20359
-0.406877	6.8959
-0.760596	5.87781
-0.665659	3.36331
-1.84916	6.03422
-2.15149	4.54941
-0.926935	3.99212
-1.63332	5.26729
-0.755371	3.4062
-1.7085	5.84372
-2.17453	6.3419
0.40576	5.43038
1.25782	6.03592
-0.376715	3.91272
-0.17117	4.27662
-0.755962	6.37526
0.422212	4.33146
-1.74848	4.40739
1.09949	4.6065
-0.538419	5.35688
-0.366058	4.4457
-0.938528	3.9579
-2.77152	5.58803
-0.161888	4.67573
-1.26579	6.1104
-2.9176	5.53493
-2.04143	2.80816
-1.74663	6.17074
0.60292	6.48755
-2.25951	6.17702
-0.0103041	7.09993
-1.69781	3.62413
-2.57514	3.98943
-0.950907	3.76548
-2.17699	6.14834
-1.34307	3.86038
-1.97915	5.1685
-1.34182	5.62357
-2.57421	4.20263
-0.513884	5.52855
-1.4027	4.95157
-1.40618	4.02785
-2.76149	4.21625
-2.59313	4.34017
3.89665	9.06825
-2.4942	5.99589
-1.96504	4.70438
-1.66963	3.66116
7.98682	6.98074
-0.673218	5.40589
-2.32476	4.51419
-0.127096	3.68282
-2.03722	5.22259
-0.0202374	3.72634
-2.97924	3.01394
-1.65264	6.61721
0.426648	6.26366
-2.34531	3.60864
-0.835562	4.20507
-0.405992	3.89735
-1.84923	4.42645
2.70871	10.9494
-2.0254	4.79433
-0.835503	3.86273
-0.993696	5.05778
-2.63339	3.7532
-0.0215524	2.32001
-0.0749337	7.09625
-0.194604	5.83123
-2.41699	5.24538
-1.00295	5.41867
1.07032	6.02647
-2.50679	6.18741
1.14674	3.93272
-0.0112926	4.51433
-1.92511	6.45938
-0.719082	5.46168
-0.456715	4.70765
-0.39606	4.03092
-0.636373	6.37088
1.98009	3.66791
-1.80562	5.11716
-2.00051	3.11949
-2.05808	5.44377
0.0145626	4.84745
-2.61491	4.86537
0.733953	4.88371
-0.107882	5.8581
0.0100356	5.7911
-2.15556	3.98404
-1.61225	5.94165
3.26544	12.8841
-1.00689	5.87823
-0.76576	3.97887
0.712012	3.56074
-0.725766	4.29397
-1.08234	4.35667
-1.60552	4.05627
0.55827	6.817
0.207547	5.67241
0.0481774	6.12237
-2.64553	5.10867
-0.547767	4.71452
-1.98721	3.61857
-1.69547	6.23394
-2.59479	5.21274
-0.087859	3.42871
-2.61696	7.36829
-0.0166614	7.18216
-1.81658	4.6097
-2.663	5.49
-0.747945	5.25672
-1.93428	5.90515
-0.190433	4.63989
-1.19556	5.53608
-0.198426	4.29327
1.00568	2.74557
-2.9687	5.72227
-1.22758	4.05898
0.286447	1.96583
-0.351459	5.93441
-0.226778	5.24646
-1.35901	5.11423
-2.73568	3.2978
0.589794	5.72344
-0.64109	3.92543
-2.17183	4.74205
1.4961	4.42246
-0.605071	6.26449
-2.03482	7.24211
-0.83649	4.48986
-1.19248	5.29624
-1.4601	6.43998
-2.08642	6.75228
-2.15546	4.201
-1.61434	4.234
-1.23346	6.07186
-0.335301	3.96551
-1.54767	5.52577
-0.987632	5.04322
1.66955	5.09978
-1.67388	4.17496
-0.561816	7.39939
-0.342632	6.39689
-2.7295	5.39788
-1.32064	6.6382
-1.11113	4.7135
-2.80269	4.60125
-1.82527	4.92049
-0.860335	4.18299
-0.668231	3.46064
0.470345	5.31214
-2.81396	4.2118
-3.07374	3.76101
-2.43994	5.16285
-2.90291	3.98023
-2.77417	3.2182
-0.515405	6.08462
-0.195108	4.88403
-1.39166	4.14666
-2.23962	5.21167
-1.67062	5.77584
-0.995773	5.39918
-1.12219	4.29661
-1.66499	6.83149
-1.53985	6.34579
-0.948601	3.9624
-1.30646	4.67999
-1.52007	6.72994
-0.0357133	6.7185
-0.986822	4.03592
-1.60276	4.74869
-0.120751	4.53181
-2.10465	3.78313
-2.69521	5.56853
0.433173	3.76009
-2.05093	8.28274
-1.57087	3.27073
-0.859391	4.50401
0.0438596	5.19693
1.18942	4.49406
-0.225682	3.12433
-0.428797	4.65339
-0.872954	3.21638
-2.1771	3.58625
-1.81304	3.68862
-0.631643	5.09902
0.17341	5.77699
0.2908	7.29656
-1.61276	5.15964
-1.06803	4.39355
-2.97588	6.21622
-0.707954	3.9786
-0.6317	5.34791
-0.824385	3.93737
-0.94925	4.70759
-1.35953	6.23876
-1.30756	4.42419
0.545137	6.78058
9.00508	5.9879
-1.46606	4.76448
-0.805869	5.58111
-1.66308	4.55755
5.74744	6.3486
-0.353069	3.54171
-2.24893	3.74678
-0.521663	3.5618
-0.399866	4.88679
-0.387827	5.11282
-2.33812	4.84465
-2.59491	5.21792
-2.16469	5.53887
-3.12742	5.68286
-0.506918	5.09661
0.308774	5.41794
-1.40706	5.04286
-2.32454	5.29912
1.69575	4.98166
-0.0335554	5.57897
-3.00751	3.3983
1.16938	5.01288
-0.99671	5.53403
-1.25865	5.1017
-0.317476	3.33792
-0.110812	5.27655
0.854093	6.88584
0.317132	5.14304
-2.02358	3.43669
-2.74061	4.70387
-0.40799	5.65238
0.156969	5.41106
-1.41837	6.89081
-1.89847	3.27277
-2.64146	3.82011
-2.72565	5.41786
-2.05795	3.98711
-1.05346	4.81419
0.251607	6.33311
-1.17515	5.12216
-0.78869	3.68703
-0.844358	5.90967
-1.08058	4.93286
-2.15325	5.70068
-0.234033	5.8742
-0.606809	3.63352
-1.5774	6.08026
-2.15984	4.61595
-1.12521	5.22051
-1.25691	4.64191
0.215127	4.97193
-2.75054	6.5446
2.71138	7.21865
-1.84001	4.06501
-1.99039	5.28503
0.991142	5.43795
-0.68772	5.23332
-0.956678	4.16283
0.359437	2.95369
-0.401874	5.21761
-0.821353	4.74036
-1.24047	3.78521
-0.618933	3.54484
-2.02808	7.24717
-2.73328	4.71365
-1.10617	4.74882
-1.64625	5.67651
0.952443	4.6291
-1.57288	5.90991
-0.44341	5.64816
0.610978	5.27458
-0.517969	5.25705
-1.96585	5.16575
-0.673532	6.09264
-0.27759	3.3722
-0.587176	4.98911
-2.27577	3.37252
-2.02559	3.23365
-1.01214	5.92226
-2.28086	4.11258
0.182887	6.04989
-2.31749	4.76862
-2.31189	5.88806
-1.04422	5.95662
-1.54486	5.1586
-0.955341	5.64714
-0.619038	4.69261
-0.791318	4.67119
-0.590597	4.70256
-1.6554	5.03813
-1.73771	6.11723
0.797279	3.26312
-0.920319	3.00964
-2.05705	5.43557
-1.1832	6.13997
-0.140705	5.06212
-0.801879	5.46286
-1.97121	5.55103
0.848389	5.21424
4.71414	7.17449
0.438695	6.38634
1.57331	5.35995
-2.50768	3.94063
-1.49408	5.01935
1.57955	2.86491
-1.3384	5.27587
-2.61332	8.77376
0.273225	3.81088
-1.22904	4.60193
-2.14105	5.29037
-1.41774	3.16184
-2.61715	3.48523
-1.73001	3.22709
-2.80553	5.73771
-2.50237	6.15558
-1.94149	7.23621
-0.0840553	7.1841
-0.0409436	4.86579
-2.62425	6.27941
11.785	-0.608315
-0.352478	4.61726
-0.0852053	4.35854
-3.05573	4.02285
-0.957684	4.97295
1.80006	2.68097
-2.01284	5.33611
-1.9221	4.18072
-2.81611	4.33488
-0.524723	4.60954
0.0365237	4.51854
1.11281	6.27054
-0.170648	5.31726
-1.75169	4.77301
-1.34973	5.09402
-0.464878	7.51044
0.644502	5.50617
-1.25411	7.20272
0.452755	5.1513
-1.14488	4.74965
-1.23591	5.26465
-0.721779	5.78339
-0.926773	3.4145
-1.86816	4.69919
-2.55452	3.95154
-1.19902	6.64605
-1.43524	5.22076
-1.03106	6.97762
-2.91944	5.67871
-2.39179	3.72786
-1.74808	3.65783
0.0616698	3.05072
-0.727652	3.74542
1.24391	3.73197
1.52349	6.80199
0.0151669	5.809
-2.92055	6.41484
-0.65694	4.23202
-2.12035	5.52176
-1.62686	2.83429
-1.19355	4.64132
-2.11932	3.74613
1.35707	5.23174
0.786533	5.49182
-3.07838	7.65659
0.613688	4.12676
-2.47539	6.51556
1.72126	5.83038
-0.534238	6.65397
0.48942	4.25388
-1.95224	5.4438
-0.693276	5.18082
-2.51986	5.90981
-1.91378	5.46451
-2.43542	5.89891
-0.725375	5.77211
-1.90372	5.99358
-2.89353	5.2336
-1.68017	5.96719
0.969436	3.52136
-2.20353	3.10435
0.694882	4.38996
-1.90948	5.8868
-1.28124	5.48058
0.430834	3.57834
-1.59162	5.71647
-2.78841	3.91041
1.2553	5.15982
0.22389	6.12163
0.0545067	5.19822
4.53579	4.21104
-0.438244	4.95007
-1.37361	7.20732
-1.46953	4.11386
-0.366657	3.60313
-0.298493	4.49873
-2.25326	5.24965
-1.65398	4.47061
-2.12924	5.51273
-1.96541	3.491
-0.945335	3.37143
-2.08015	3.77433
-2.35243	3.40458
0.35286	13.0883
-0.173748	5.31528
-1.51247	5.81721
-1.18188	3.49478
-1.8182	6.0863
-2.54295	4.9892
-0.416825	7.21513
0.83341	5.50232
-0.929831	5.48518
-0.192116	3.00068
-1.79258	5.0031
0.932679	3.5307
-1.21005	3.75119
-0.65154	4.24354
-0.559705	4.37826
-0.994129	5.56062
-0.32385	4.53694
-0.894493	4.94881
-1.06784	5.16851
-1.88135	5.56593
0.876159	4.15435
-1.58397	4.06421
0.413193	3.0487
-1.91926	5.71525
-0.528292	5.67167
-0.158499	6.35368
-1.49362	7.77295
0.154446	5.76386
-1.95772	5.75397
0.00395169	4.28891
-1.73594	5.46183
-1.61527	3.4803
-1.79961	4.40862
-1.37317	4.46229
-0.833214	3.27581
-1.50223	3.00241
-0.957971	4.44367
-0.726207	3.27926
-0.247093	4.82359
0.478531	4.30326
-2.27141	5.63028
-1.13032	3.02882
-0.526398	5.04432
-0.239983	6.37799
-0.801109	6.84564
-2.1892	4.60573
-0.834429	5.35054
-0.834201	4.98177
0.146616	5.78565
2.22255	6.42685
-0.485159	5.04263
-2.15579	5.77138
-2.69366	4.27838
-1.20187	3.84979
-0.990395	4.37722
-1.17013	3.22999
0.12597	4.45849
-0.469554	4.49615
-0.333641	5.26558
-2.24917	4.02894
-2.11681	4.78139
-0.00415175	5.53265
-2.59337	5.42894
-0.894518	5.59659
-0.126047	6.11512
-2.8825	6.47495
-1.91953	4.78762
-1.73629	3.21414
-2.2841	4.27931
-2.32844	5.94628
-0.994875	5.24411
-2.48768	5.88808
-2.57663	3.62135
-0.902274	3.26618
-1.44624	7.37447
1.8616	4.72602
-0.353991	5.40997
-0.357698	5.21759
-0.805562	5.42366
-2.26914	3.82521
-1.42194	5.08569
-1.07054	5.64972
-3.03613	3.65961
-3.09822	4.95951
-0.48042	3.54877
-0.443962	3.96883
-0.540238	4.67962
0.348165	2.16486
-0.256029	6.02945
-0.0195507	5.23607
-3.17981	4.86709
-0.716747	4.73292
-0.662855	3.76645
-2.5308	3.83314
1.80953	6.26043
-2.9258	5.15952
-0.694525	4.11212
-0.537435	5.4013
-0.373361	4.10113
-0.363868	4.23607
-0.50209	4.30834
-1.83906	3.42697
-1.92881	5.69138
-0.483351	6.54924
-1.73128	5.18353
-1.35466	3.37553
-1.06487	4.93112
0.364222	6.83153
-0.981626	6.36145
-2.10849	3.16511
-0.728333	4.57838
-0.165462	4.61992
-2.32206	4.9377
-1.35324	6.96328
-2.58439	5.57803
-2.63563	6.42957
0.638775	3.10716
-1.89931	4.73099
-2.22553	3.35378
0.876518	3.83365
-0.394274	5.07176
-1.94768	5.37641
-1.58568	3.14897
1.33029	6.78279
-2.67198	4.2241
-1.89774	5.60688
0.548722	6.00501
-0.546064	3.33428
-2.72301	5.17673
-2.16762	4.50256
0.0950974	4.28813
-0.415305	5.69937
-1.04754	3.42418
-1.17098	4.79105
-1.18103	4.86278
-2.59285	5.34856
-0.907973	3.44132
-2.18227	4.70689
-1.34485	4.15909
-1.15993	6.4006
-1.43874	5.31553
0.860357	5.47564
0.598115	3.69785
-0.577701	5.63791
-0.668479	5.46917
0.541177	4.00072
-1.1423	5.76281
-1.59731	4.24226
-2.59104	4.20423
-2.77484	6.58744
3.25585	5.43965
-1.32842	5.87848
-0.882644	5.33168
-1.66974	3.02267
1.99956	-2.45631
-0.985315	5.24449
1.49313	4.794
-1.37568	4.71601
-2.4627	3.51144
1.12307	2.62461
-2.6191	3.48239
-0.0456389	4.81934
-1.52985	5.38194
-1.98336	4.56465
-2.10653	4.45067
-1.80909	3.9835
-2.21245	4.70361
-2.8487	4.93177
-0.0836522	3.89425
-1.34253	3.1787
-0.778956	4.84205
-0.318588	5.25583
-1.07059	5.06829
1.07377	6.24978
-2.07858	3.57411
-1.88885	5.39893
-2.15554	6.26356
-0.951165	4.72345
-0.94718	4.55023
-0.760012	7.06083
-1.47758	4.48747
-2.74885	5.74509
-2.81643	4.96726
-2.0801	5.07714
-0.692918	4.87852
1.93879	6.76332
-2.36654	4.67804
-2.18238	6.25618
-0.757868	4.14489
-1.19052	5.44399
-0.375281	5.07137
-2.32719	5.06463
-1.2115	5.52621
-1.23014	3.963
-1.28719	4.8255
1.57655	3.84687
0.255631	3.71508
-2.48384	4.74139
-0.829204	4.20204
-1.36277	3.30252
-0.0953621	4.13759
0.699529	4.23026
-0.7169	4.45735
-2.80557	5.48426
-0.680465	5.25068
1.54249	3.11399
-2.36167	4.04171
-2.01681	5.60436
1.25154	5.0392
-1.45504	4.20006
-1.57533	3.05193
-0.257616	3.24997
1.48584	3.884
-0.224497	5.79846
-2.78632	5.88263
-1.39278	5.79039
-1.56078	3.3957
-1.4274	6.76441
-2.49016	5.50426
-1.31804	4.89678
-2.26096	4.60847
0.572077	2.92808
-1.5749	4.23
-2.13255	3.52698
-0.762963	5.33012
-0.176457	5.53394
-2.4906	5.18791
-1.04833	3.86591
-1.48945	6.48966
-2.59376	5.01082
-2.49097	7.39237
0.172371	4.21802
-1.78942	3.12998
-0.641582	5.27281
-2.64431	6.24025
-2.56224	4.95688
-0.771786	5.98567
0.0499754	4.8622
-2.92429	7.54846
-2.58572	4.91173
-1.93422	5.1326
-1.25266	5.20921
-1.88503	4.35703
-2.47029	3.07574
0.177126	6.14902
0.035037	5.72722
-2.671	3.34153
-0.430752	4.5596
-1.90167	5.81601
1.13326	5.20802
-2.20415	6.0763
-1.93985	4.20053
0.642907	6.86978
-0.913515	5.79075
-0.487705	5.37985
-1.67395	2.84369
-2.56756	3.39964
-0.544235	2.68381
-0.962237	5.96686
1.02011	4.23444
-2.2527	4.51909
-0.236769	4.20466
0.229667	4.36516
1.73465	3.12076
0.181006	5.4022
-0.19015	3.08592
-1.5462	5.14676
-0.52927	6.58185
-0.219488	6.69863
-1.50941	3.02983
-0.322564	5.89775
0.909328	5.22268
1.33081	3.86887
-1.99618	4.15081
-1.27416	5.274
0.705579	5.9188
-2.67363	6.6416
-0.335338	4.29915
-0.200005	6.05158
-1.92777	3.27861
-1.00733	3.63839
-0.195313	4.09157
-1.25017	5.01352
-1.2079	5.051
-2.65949	5.76168
-2.17339	3.51858
-1.95115	7.32226
-2.26933	3.42894
-1.31744	3.82683
-1.97005	6.94512
0.420407	3.91343
-0.524165	3.34276
-2.00528	5.46763
-1.98482	4.37965
-1.03402	4.47244
-2.24436	5.14657
-1.33912	5.62212
-2.52624	3.6711
-0.187229	5.86368
-1.38523	5.4962
-2.28023	4.44724
-2.75512	5.6243
-1.01316	5.16537
-0.871642	7.44419
0.58954	5.24423
-2.41456	5.79099
-0.245947	4.02601
-1.28992	5.76468
-2.84843	4.11242
-1.28709	5.41931
-1.42383	5.33652
-2.01248	4.67366
-2.38256	4.43102
0.415031	5.82805
-2.1594	5.51865
-1.16016	5.21007
0.902063	4.06117
-2.07429	3.04989
-0.818664	4.93313
-0.0732025	5.29914
-0.805813	5.07795
-1.49923	5.49999
-0.341269	3.43625
-2.36449	4.92019
-1.57398	5.00793
-1.41947	3.95304
-2.72495	5.18456
-1.09731	6.63098
-1.97796	4.14241
-1.12647	3.93043
-2.73572	4.0509
-1.92548	6.77144
0.0466856	6.46223
-2.20739	5.07042
-0.0321825	5.46973
0.692461	6.25149
0.0534115	3.94232
-0.344531	3.9333
-0.441459	5.56945
-2.7772	5.3394
-2.96418	6.31103
-0.837748	3.95685
-0.330487	3.56178
-1.91714	5.93408
-1.20388	3.71308
-0.221187	5.55546
0.754306	3.26168
-1.99165	5.45577
-1.41029	3.87031
-0.243811	4.23699
-2.01165	7.69363
-1.9335	5.92372
0.85232	4.838
-0.23889	7.1747
-3.02314	4.8816
0.193621	4.30847
-2.67724	5.93452
-2.95759	6.63845
0.446724	5.7016
-1.09388	7.52714
-0.054679	6.10015
-1.01127	3.84657
-0.681653	3.67955
0.330621	3.39287
-2.73722	3.97722
-0.515595	3.08632
-0.0826888	5.03467
-1.95995	7.07089
-2.65005	4.04822
-2.57555	3.34197
-1.21322	4.44354
-0.963103	4.9021
-2.68748	4.1957
0.248185	5.86917
-1.54183	4.12186
-1.41438	3.07915
-2.96204	5.9316
-0.570626	5.70233
-1.13234	5.29324
-0.0821111	5.1403
-0.863961	5.7317
-0.828359	4.48808
-0.0334174	4.14867
1.0734	4.32711
0.603626	3.04441
-1.50897	5.42693
-1.69507	6.14891
-0.358369	3.89838
0.219955	6.30292
-1.00733	4.69575
-0.244007	4.77468
-2.78045	4.19886
-2.41601	6.32666
-2.19579	4.45407
0.138332	6.18847
-1.95098	5.68248
-1.25721	5.01766
-1.00641	6.76848
-1.4309	3.03434
-2.99892	3.32706
1.01869	5.917
-0.858954	3.20551
-1.33752	4.55354
-0.200913	5.41353
0.240088	4.58771
-2.30509	6.35631
-1.24662	3.97853
-0.271504	5.88547
-0.781707	4.05149
-0.952967	3.89412
-1.25055	4.21958
-0.216933	5.41232
-1.37881	4.13841
-2.22683	5.82473
-0.868957	5.90706
-0.456459	7.13513
-1.18376	3.61352
-2.52928	4.75067
-0.470805	5.84851
-0.850171	3.85213
-2.19731	3.98167
-2.10654	4.39027
0.111509	5.93632
-1.49573	5.46624
1.16058	6.37536
-0.433855	5.33223
-0.362457	3.71466
0.369108	3.34567
-1.00571	4.99174
-0.569053	3.91433
-1.03092	5.25067
-2.55577	5.82591
0.886364	5.04249
-2.21415	3.2011
-1.4191	5.3106
-0.0872495	4.02476
-0.295129	5.78228
-0.831401	4.49882
-1.67351	3.44464
-2.23971	5.13336
1.54901	3.31583
0.216279	3.62287
-2.66463	6.30027
-2.62808	4.01888
-2.13753	3.91981
-0.722267	4.24602
-1.94991	4.67628
-0.567093	5.43104
-1.64182	5.61803
-1.93979	3.95655
0.30298	3.6686
-1.34556	4.35522
-1.2721	3.67913
-0.0190171	5.45966
-2.61037	5.89777
-2.07576	5.15799
-0.34668	5.1551
5.90409	4.09802
2.17062	3.87382
0.703099	5.68964
-0.617546	7.05111
-2.90238	4.79097
0.0890843	5.07704
-2.69654	5.0393
-1.83607	5.7786
-1.50208	4.09301
2.53063	3.80847
-2.34959	5.31561
-0.597974	5.1766
0.0599265	4.03287
-2.11753	4.54766
-0.86592	6.40584
-1.47255	3.48119
-1.44141	4.3727
-2.9522	4.02945
-1.43805	4.8782
-2.52487	6.97881
0.44018	3.44076
-0.845011	3.80202
-0.542133	3.54679
1.59638	2.83774
-0.404888	4.79018
-2.88095	4.64797
0.771124	4.34853
-1.19328	5.16849
-1.59688	3.35349
-0.00145408	5.70987
-0.569737	5.61482
-2.57595	4.63165
-2.26663	2.90323
1.03782	6.36891
-0.166561	4.49557
-0.509971	2.95221
-1.85502	5.21773
0.273075	3.53128
1.02592	5.45975
-0.489532	4.7323
-1.8393	4.34282
-2.46952	3.54072
-0.844883	3.78778
-1.76837	5.58487
-1.29676	4.9684
-2.44951	6.05345
-2.26168	6.89198
-0.594205	6.10923
0.492448	5.20066
-1.49331	4.84278
0.704811	3.59583
0.434255	4.28189
-2.00876	5.52623
-2.45685	3.64845
-2.6832	6.23587
-1.33994	4.37228
-0.131042	4.78819
-0.582325	5.89054
-1.62872	4.0503
-0.904222	4.55678
-1.56183	3.71341
0.436348	5.45064
-0.453178	4.4611
-0.185867	6.07139
-2.43081	4.503
-2.09141	5.75225
-3.16271	5.35735
-2.13287	4.36383
-0.974521	6.55817
-1.09197	4.30379
-0.156576	3.96111
0.906886	6.68211
-1.96395	3.52482
-1.33922	5.03153
-2.1315	5.61077
-1.38442	4.04507
-3.13782	5.40278
-0.206703	3.52886
-0.928941	5.91893
-0.420748	4.96921
0.0317454	4.05358
-1.71274	4.5046
-0.145558	8.43391
-0.294217	5.49344
1.13253	5.37911
-1.14756	6.02911
-2.78431	8.05815
-1.22006	5.15526
-0.609492	5.92493
0.76306	9.85163
-1.18076	3.38402
-1.79458	5.5067
-1.00622	4.77599
-0.138177	6.67739
-0.0165311	5.00468
0.173258	3.30145
-0.42176	5.27668
2.36708	4.7406
-1.92786	5.85145
-0.187957	5.29513
0.153509	6.0594
-0.679823	5.82387
-1.11641	6.84659
0.945667	3.32382
-0.733125	5.70341
-2.08291	3.60146
-0.195604	5.86485
0.206912	4.6815
-2.0628	7.52001
-1.18292	6.965
-1.79846	6.45013
-1.13641	4.65169
0.0914188	3.50806
-0.875534	4.80854
-0.313449	5.4431
-1.73967	5.89999
-2.92992	4.18446
-1.31978	3.92125
-1.74163	5.42037
-1.85705	5.07231
-1.55646	4.12606
0.765324	4.48792
0.241936	5.61884
-0.902238	6.80888
-0.997671	4.17539
-1.33098	6.09191
-0.188569	4.594
-2.43697	5.14658
-3.13735	5.43817
-0.814149	4.87082
1.84921	6.17153
0.348982	6.34385
-1.58275	3.9019
-2.77711	5.10751
-1.52082	4.22524
0.14428	4.81102
3.44197	5.39192
-0.0367594	5.30979
-1.77764	3.76691
-2.3275	3.92117
-0.30823	5.87273
-0.0321321	3.90103
-0.147196	4.15996
-1.81976	4.10724
-0.261833	4.32717
-1.78191	5.67477
-1.01359	5.47291
-2.59685	3.56315
-0.890375	4.61704
-0.243553	5.0233
-1.16596	4.63704
-0.192899	3.59303
-1.71313	4.51722
-1.45078	4.11871
-1.83343	4.92984
-1.05683	7.14362
-1.03364	4.65754
-0.54554	7.04616
-0.666115	3.86962
-2.11165	5.09025
-0.723463	3.68483
-1.52772	4.13657
-0.920958	6.78672
-0.0823923	4.55254
-2.01002	3.65083
-1.23051	6.89356
0.628378	5.25452
-1.45894	4.92936
-0.38852	5.20025
-2.17096	6.72972
-2.14691	4.64096
-1.26811	8.34982
-1.6343	2.77751
-2.74108	6.18624
-1.25957	2.95938
0.576213	7.38229
0.186555	3.30198
-0.201122	4.85124
-0.180556	4.56487
1.29533	3.97453
-0.517117	5.64982
0.419486	4.19249
-1.06217	5.3212
-0.0835809	4.32836
2.08704	5.48502
-0.598473	4.86462
-0.25981	4.96888
-0.426839	3.8492
-1.83178	6.52387
1.13296	4.78174
-0.632116	5.36211
-2.37573	7.50282
-2.91024	7.18164
-0.819308	5.73895
0.539885	5.34991
0.23447	5.23536
-0.894431	5.71869
0.9509	4.71096
0.41405	5.28791
-2.23311	6.7538
-0.323368	4.18813
-0.630345	4.54617
1.15093	4.91668
-0.387123	3.67619
-1.32692	6.64447
-1.20678	3.65781
-0.0823407	6.24216
-1.54247	3.29858
-2.55289	4.55766
-1.76271	5.41506
-1.32311	5.40512
0.819117	2.88766
-2.03728	3.53892
-1.66977	10.3956
-3.02308	3.38903
-1.89928	6.2996
-0.136893	5.6012
-1.77908	7.10195
-1.72492	6.51899
2.55962	1.80508
-1.44207	3.9061
-1.97158	6.28238
-0.379631	3.33992
10.9357	8.06383
-0.358913	3.87315
-0.882029	6.23644
-1.22203	5.5253
-2.46614	5.23037
-2.18335	3.67597
-1.20111	5.77034
-1.43117	6.62219
0.228384	5.62402
-1.89307	4.59438
-0.954777	3.22184
-0.216668	5.29828
0.817462	3.47568
-2.71613	5.5064
2.18828	3.03719
-0.957991	3.94064
-1.95869	5.04949
-1.6718	5.06824
-0.662102	3.93921
-2.17321	4.56772
-1.03856	5.08341
0.175724	6.91701
-1.49989	3.22888
-0.156678	3.15981
-1.99281	4.96451
-2.12837	5.24405
-1.08752	6.57657
-0.663196	4.66622
-0.380827	5.54606
-0.394221	5.43374
-0.438629	4.71122
-1.25348	4.47546
-1.40339	6.20222
-1.99273	5.55497
-1.27891	5.16482
-0.479572	5.52186
-0.608232	6.65714
0.0483799	5.77669
-0.0998343	4.68318
-0.153809	3.06899
-2.28713	5.73807
-2.03571	4.23687
-1.88688	5.0946
-0.735852	5.67299
-0.0279378	5.9989
-0.263486	4.02313
-0.477095	5.18786
-2.65201	4.72524
-2.11239	3.58813
-1.53667	7.33053
-2.38942	5.68093
-2.77398	5.22784
-1.29022	5.64291
-1.53182	5.99085
-1.76086	6.56031
-2.6832	5.63434
-1.83686	6.92647
-1.99018	4.76247
-0.519959	4.5922
-2.9707	4.00171
-1.8257	3.34531
-1.74664	6.93485
-1.67798	6.06657
0.977304	3.54588
-1.496	3.82698
-1.78795	6.36413
0.509247	5.98873
-1.15733	4.2518
-1.94619	4.61061
-2.19196	4.61292
-1.51212	6.69791
0.987843	3.75139
-1.63819	3.49053
-1.13051	4.04925
-0.47835	3.48913
-0.433407	5.37811
-1.38935	4.00034
-0.593169	6.11558
-2.40081	4.3301
-1.167	3.30332
-1.77546	4.13759
0.141079	3.56795
-1.94954	6.65058
-1.63677	3.63432
-2.95028	3.65619
-2.00586	5.43362
-0.629939	5.2108
-1.87596	5.63093
-0.979606	3.26663
-0.284434	7.32714
-1.48165	4.5773
-0.377319	5.81225
-0.503688	3.609
-2.15622	3.36033
-0.520647	5.41743
-0.686597	3.86112
-1.11096	3.81846
1.0157	4.83491
1.1704	3.6368
-0.34181	5.15757
-1.76059	4.74308
-0.706597	3.39658
-0.752692	3.26601
-0.074565	5.80562
0.815613	4.7818
0.19442	5.6735
-1.01802	5.49163
0.70257	3.61908
0.516555	5.29809
-1.581	4.26104
4.35907	5.18823
-2.54681	5.29243
-0.401928	4.35301
-2.85936	5.3582
-0.884128	5.40388
0.233479	6.93412
-1.1767	3.10061
0.588206	3.54599
-1.46258	3.48832
-1.7643	7.51323
-2.34544	4.20704
0.0695782	3.88251
-0.133766	6.72948
0.258781	4.72119
-0.732867	3.77911
-2.03014	4.41661
-1.2424	3.39759
-0.445688	4.68264
-0.869785	5.13468
-2.45554	3.18676
-2.25656	6.68349
0.771318	5.05032
-0.930368	5.05745
-1.03427	3.98521
-2.56104	4.39757
-0.584015	6.49124
-1.10399	5.0682
-2.53874	4.3503
-1.29518	5.59844
-1.49806	5.26903
-2.64054	5.17861
-0.254534	4.83637
-0.833076	7.09687
-1.49593	6.00315
-0.287566	4.00129
-0.8434	6.35925
0.418596	5.36392
-2.02045	6.50559
-1.07742	4.16419
-1.64994	6.40893
-1.42518	4.54401
0.56138	2.70129
-0.432592	5.89683
-1.27191	3.47542
-1.18998	4.14134
0.349622	5.67829
-0.654839	7.30952
-0.155044	4.78737
-0.0210299	5.69964
-0.498122	5.42214
-2.67573	5.10887
-0.711145	4.92445
-0.51667	4.94126
-0.279533	3.90705
-3.1941	4.14121
-1.93939	5.93247
-1.36999	4.9085
-1.86164	4.15312
0.592	3.64496
-2.70885	3.61808
1.7395	6.34211
-0.983406	3.05587
-0.716525	4.08459
-0.333165	8.18282
-1.64324	4.98168
-0.216067	4.57954
0.976645	6.46086
-0.660242	3.32611
-1.70905	5.1558
-1.34744	4.35935
0.114007	3.33031
-1.42435	4.93491
1.03823	6.80997
-1.62536	5.19395
-0.108119	4.19004
-1.75005	4.37135
-1.12973	5.46182
-0.59307	2.97108
-1.4083	3.37501
-2.22696	4.67941
-1.112	3.45432
-0.751091	4.95531
0.245119	7.02332
-2.21042	5.35273
-2.27606	4.46336
-1.40467	3.33314
-1.2461	5.14162
1.13127	4.96912
-1.74942	3.68623
-1.45046	3.94995
-0.679532	3.73438
-1.19496	4.3584
-0.812797	4.71431
0.794949	6.78637
-1.39096	5.23901
-3.0585	5.59149
-0.60879	4.26684
1.33629	4.63101
-2.46036	3.19614
-3.03136	5.76728
-1.57813	4.59293
-0.350775	5.18378
1.11929	2.04742
-1.10925	5.23774
0.0498681	5.72157
-0.260275	5.43125
-0.785737	4.94983
-1.27202	3.83255
-2.93832	4.08645
-2.97076	5.48481
-2.00645	4.05491
-0.748039	5.24522
-2.44415	2.997
-0.539125	5.60279
-0.71667	4.93431
-2.64002	3.27537
-0.479325	4.99202
-0.194477	3.62521
-0.230169	4.76487
-0.736387	4.67371
-0.177654	4.38705
-1.98334	3.39258
-2.0393	4.49242
-0.688561	4.83057
-0.931321	5.79948
0.264517	3.52332
-0.533176	3.75275
-0.76673	3.89423
0.737643	4.57686
-0.448425	3.67739
0.736389	6.70074
0.0686602	4.03898
-1.02896	4.91583
0.809862	4.30556
0.402382	1.20829
0.354206	5.63655
-0.391326	3.16451
0.883702	6.33557
-2.40569	5.78066
-0.176291	5.35426
1.15967	5.45916
-2.85712	6.07362
-1.54107	5.80432
-0.827539	4.15322
-1.41742	6.0803
-3.17662	3.93533
-0.585971	3.5849
-1.9964	5.7767
-0.643009	6.37615
-0.4065	4.65767
-1.14133	6.03563
-0.296422	5.56275
-0.141637	6.22945
-0.907909	6.19285
0.0766371	3.64383
-1.15806	4.47704
-1.37421	3.36427
-0.957804	2.99625
-0.323246	5.22956
-1.34753	7.65381
2.65584	7.81026
-1.2853	5.62292
-0.911463	5.35682
-2.66628	6.66153
0.196461	5.30413
-2.36609	4.45157
-0.130314	4.83972
-1.60124	3.95975
-2.26519	5.96867
-1.23403	5.3568
0.315934	4.84031
-0.499667	3.23574
-1.45775	4.19748
-0.960178	4.59936
0.0426547	5.40048
-0.838948	4.53349
-0.844709	10.6345
0.448049	7.27097
-0.776183	4.45629
-2.30874	5.45656
-1.97202	3.78421
0.428564	5.00412
-0.952415	3.58903
-1.18158	4.59478
-2.5943	5.39201
-1.16306	3.99318
-1.36411	5.75126
-0.263122	4.73687
-1.26886	5.86773
-0.197626	5.74489
-2.05127	5.40235
0.027991	4.38228
-0.975794	6.26772
-2.50981	6.91301
-2.37795	5.64363
-2.14833	4.04183
-1.68855	4.86501
-1.86447	4.46216
-1.76333	6.03399
-1.89353	3.82098
-0.634382	3.63816
1.44633	5.64365
-2.06188	3.89511
-1.95384	4.5122
-0.790303	3.21099
-2.32872	3.06494
0.350809	4.97531
0.0887742	5.03456
-2.69392	5.74268
-3.02087	3.19669
-0.194382	4.32301
-0.605176	4.78274
-0.864439	5.59235
-0.115511	4.70626
-0.527089	4.55644
-0.724152	5.52908
-0.374814	5.55644
-0.663332	5.42751
-1.07248	4.46315
-2.00518	3.8864
-2.985	3.6277
-0.442897	5.67059
-1.44622	5.35948
-0.18124	3.65445
-1.75227	7.20951
-0.421992	7.58568
0.759562	3.94356
-0.853834	6.17707
0.43414	4.10092
-2.70235	3.78631
-0.392094	4.29111
-2.97327	4.17329
-0.585222	4.6967
-2.63225	3.91376
-1.0392	5.29721
-2.19783	4.64922
-2.35994	6.82113
-1.17156	4.01442
-2.93951	6.03585
-0.768672	5.88762
0.249914	6.47661
-1.52912	6.03654
0.626583	4.1209
-1.56105	5.24523
-0.0831048	3.38615
-2.88039	3.12803
-1.06566	4.41802
-1.97812	4.51898
1.55468	5.52913
-1.90486	5.64673
-1.76413	3.9684
-0.15261	5.29738
-0.439335	3.78991
-0.00356447	5.08259
-0.120246	3.2249
-1.22053	4.00678
-0.644479	3.22087
1.00985	3.87902
-0.406983	5.9996
-1.20043	5.11182
-2.01045	5.02186
-1.5749	7.2917
-2.52011	3.54212
0.818022	2.84329
-1.87476	6.02741
-1.12828	5.17244
-2.39368	5.27776
-0.822964	3.72942
-0.903461	3.55458
-1.00118	3.68159
-2.09524	6.8434
-0.825566	3.0163
-2.13231	3.77189
-1.56103	5.93672
2.31977	4.29529
-1.78842	2.82579
-1.67841	4.09386
-2.27209	5.75943
