5.51054	12.9198
3.8988	14.0304
4.82464	14.6452
4.66335	13.1685
6.38301	13.918
5.61758	14.4481
6.65546	13.9555
6.05436	12.9961
3.09402	14.3813
4.96163	14.6846
3.49175	12.2787
5.84531	13.8872
7.38123	11.3137
5.88167	14.8199
5.40633	14.2494
4.7958	12.5197
4.17137	13.8325
4.68655	12.5957
4.95294	11.998
5.29366	13.7545
4.65903	12.4349
3.12424	14.4772
6.48403	13.5555
4.62367	14.0868
4.14646	13.5689
3.32814	14.0938
5.94366	13.7474
4.41461	14.6601
6.18394	12.988
4.09849	13.2308
5.33388	12.7721
3.62621	11.9675
4.85295	14.1205
3.60841	13.5381
3.29985	13.3042
4.23986	14.1917
5.56956	14.7113
5.3085	14.8781
4.48364	14.3741
7.28394	12.5608
7.59861	13.8614
5.39723	14.6992
3.37609	13.3878
5.47774	12.7229
8.20011	12.3752
5.69897	13.6184
5.56362	14.5992
5.64141	14.0343
5.21592	14.8421
5.02112	14.3996
4.77438	14.338
4.9899	13.397
6.32548	13.2053
7.19758	13.2922
3.19968	14.7478
5.35668	12.3069
4.18287	14.2316
5.65674	14.4467
7.68232	14.7939
4.19862	11.8363
4.32663	14.1523
3.72674	14.454
6.52863	13.0676
5.22067	13.9105
4.5409	14.3627
3.59516	14.1308
6.79438	12.0801
4.7946	12.1854
4.16138	13.3989
5.66023	13.9433
5.04944	12.7374
5.25455	13.6199
4.52839	12.2368
3.01843	13.0804
6.21335	13.5642
5.35047	13.5182
3.64265	12.4104
3.74613	12.6994
4.08291	12.7139
4.11256	13.2692
6.55942	13.4951
3.5647	14.9138
4.19245	13.6159
5.52857	12.506
4.32624	14.0826
3.80099	12.8645
3.38817	12.7294
4.73618	14.5653
5.34321	13.8454
2.88345	13.2947
5.31697	13.2248
4.84946	12.7759
5.07778	14.5578
5.2782	13.8206
5.37425	14.6882
4.01543	13.5531
3.69179	13.2578
4.64344	13.0963
2.9302	14.0128
6.81616	13.9176
5.03483	14.4439
5.68693	12.6714
6.89067	13.3267
5.13201	13.2483
4.64913	12.2379
4.88234	14.3865
4.75816	14.7854
5.13045	13.409
3.04936	13.3135
5.39409	12.0039
5.39043	14.8407
5.23897	13.8091
5.39169	12.7839
3.77933	14.7989
7.46173	13.1835
4.75107	13.0498
4.42853	12.2806
4.00074	14.4946
5.18965	14.6386
3.85936	12.7366
5.15119	14.5278
4.11322	14.6642
5.37518	12.2396
3.25563	14.2873
4.94468	13.1855
3.05831	13.19
3.14628	13.8612
5.02878	13.162
5.70782	14.7087
6.6881	14.8175
4.41098	13.7777
4.64569	12.6459
4.49274	14.7802
6.05617	13.506
5.78095	12.9516
4.74917	14.9968
3.13228	14.8044
4.32877	13.2824
4.26605	12.9372
5.72611	14.8342
6.42136	12.8586
5.26376	13.0842
9.41297	13.7012
4.12647	14.6179
4.09848	14.2899
4.83137	14.9608
4.83566	14.8507
6.40855	12.456
4.04477	13.2441
4.34636	12.8158
3.94393	12.9002
6.69789	13.9078
5.9778	14.456
3.13055	14.1203
4.53012	13.0068
7.89449	14.396
6.06566	14.4713
5.52032	13.9598
6.36812	12.7076
3.70292	14.2128
6.14987	12.3051
4.54872	12.9979
5.58363	13.6352
3.92555	13.2009
3.66162	14.8455
4.75538	13.7733
5.94336	14.3355
4.62396	12.7397
5.34086	14.723
4.56792	14.5226
5.12282	12.2823
5.46029	14.7114
6.76419	11.6566
3.70801	14.397
3.24905	13.0067
5.04517	13.4428
7.43662	7.70412
4.80172	13.9045
4.68182	13.3918
6.34929	14.0591
4.91117	13.6203
5.87257	12.2412
2.89162	13.7779
4.27622	13.169
11.0707	13.217
3.97084	13.0083
3.46595	13.9294
3.03905	12.5254
4.93547	14.6455
3.52974	12.885
6.78102	10.9634
5.30075	14.0487
5.56168	13.2881
4.51865	13.4403
5.77621	13.0202
6.78426	14.5243
2.80475	13.6181
4.89482	14.4595
5.99537	14.8913
4.75679	12.6003
4.09793	13.9543
5.78367	14.5738
4.58083	14.616
4.69275	13.1112
5.81852	13.1655
4.60455	12.5717
5.80156	12.3391
3.79284	13.5117
3.57933	14.2634
3.77381	14.2625
8.46566	9.9462
5.48972	14.0966
5.15483	14.0325
4.41788	13.9703
3.10443	14.5811
7.89659	10.6691
7.71674	12.0407
6.40962	11.6803
6.61884	12.6227
3.76314	14.5806
4.87615	12.6936
3.82119	13.313
5.67555	13.8412
4.12424	13.3651
5.75685	11.9871
4.59807	13.8738
5.63271	12.9642
5.21387	13.2281
5.33814	14.1574
3.15954	12.0256
5.51407	12.9708
3.61482	13.7168
6.88855	12.5517
5.44781	12.4118
5.47351	12.8039
5.02436	13.4056
3.38461	14.8024
3.14098	14.3377
5.7456	13.6013
4.4896	12.6037
4.00334	14.754
5.1454	12.5064
4.27243	13.2327
6.66069	14.3603
4.22696	13.8547
3.64026	12.8904
5.7272	14.6427
5.49734	13.1809
3.7949	13.3029
4.55455	13.473
6.63134	14.5471
4.14648	14.1851
4.08644	14.646
6.37063	12.5759
3.01235	12.6318
5.3672	13.5217
5.93581	14.1034
6.10303	13.433
5.38777	13.6559
5.85508	14.7439
3.78546	14.2553
6.92362	13.9783
4.91428	14.7095
7.31684	13.5136
4.28099	13.069
4.08862	14.0515
5.50556	14.3476
3.47959	12.0591
3.52896	12.9284
4.54743	14.2314
5.18761	12.48
4.26464	14.6216
5.77431	13.6652
6.81289	14.9655
5.3999	13.2717
4.34501	13.7318
5.13005	14.6154
4.90243	14.0414
5.63331	12.6672
4.96451	13.7708
4.83634	14.3168
6.6409	12.6351
5.22928	14.6536
5.18252	14.7067
5.16028	12.5571
5.49596	12.4326
9.97031	7.04936
6.43828	14.9376
3.06529	13.9034
5.1563	13.2478
4.93308	14.2512
4.81043	12.9796
5.58041	14.1587
4.31769	13.6517
3.57476	13.8428
3.32592	12.8635
3.73236	14.4434
5.57603	12.8236
5.65557	13.2247
4.57651	13.6015
4.94001	12.1924
4.11266	13.7558
5.82304	14.1593
3.52633	12.8829
4.01229	13.947
5.46175	12.7415
5.28771	14.0031
5.17833	13.579
4.86217	14.8886
3.65193	14.838
4.26509	13.3028
3.87447	14.2202
3.51482	12.6273
7.94504	14.9457
6.51342	14.4058
5.71482	14.4273
2.91164	13.073
4.06989	14.8465
4.77266	14.0211
4.87553	13.5205
7.66247	13.1243
4.58458	13.2852
5.12974	12.9484
3.16109	12.6417
6.64621	14.7971
7.01133	14.0198
4.4418	13.1792
4.92992	14.4793
4.72427	12.3887
6.06858	12.5226
5.52228	12.7045
5.11654	12.8703
3.17101	14.3332
7.24747	12.7025
5.09111	13.3969
3.98373	14.367
5.60974	13.7979
4.01299	13.9377
4.02283	14.1979
6.08038	12.2977
3.35075	13.576
5.15034	14.6192
3.11477	13.1929
5.41392	12.8162
5.28782	14.5212
2.93577	13.7579
3.11647	13.9062
6.36146	14.4678
4.59106	13.1234
2.87416	12.6825
4.47929	14.006
5.05815	14.6667
4.77649	14.1215
5.97493	13.8502
3.48117	14.9969
3.93506	13.2465
5.98835	12.3834
6.24016	13.2949
5.40996	12.2014
5.77024	14.4745
5.66527	13.841
4.36356	13.5643
6.56809	9.37991
6.10972	11.9037
5.82623	14.3077
3.68879	14.9812
5.26138	13.3462
6.07745	13.9476
4.39707	14.0079
5.36481	12.5301
5.9785	14.3878
4.99365	14.9505
4.58044	14.4387
3.73566	13.1222
5.79367	14.3762
6.06291	13.6782
3.86314	13.5973
3.71924	12.1822
4.87521	14.7492
4.47338	13.0241
4.20819	12.1691
6.396	14.3929
5.56982	12.0797
4.78084	13.0663
5.59359	14.9238
5.97232	14.392
3.33211	13.4839
4.82967	13.3451
3.86026	14.8076
4.18221	12.6581
7.3355	14.3639
5.48448	12.7183
7.91818	14.3682
4.5649	13.1065
4.35716	13.1186
3.56484	12.6588
3.40892	12.1834
3.81604	13.9706
3.9776	13.7544
7.79068	-1.74437
4.18217	12.8614
6.15296	13.9571
4.68956	13.2435
3.87419	12.2719
4.02084	13.1577
5.04541	14.8754
5.36339	13.24
4.45627	12.9894
5.96169	14.2205
6.85874	13.207
6.06938	12.6598
4.28655	12.6901
4.45977	13.6937
7.00628	14.3316
6.28747	13.2593
5.14	14.3679
3.77062	14.5248
3.74046	14.3743
4.14181	13.4374
5.39691	13.832
6.08623	13.9416
3.62601	14.2928
5.63909	12.448
5.76255	13.9466
11.6055	9.06638
4.18174	14.6454
4.75921	11.8286
4.44819	13.4519
3.14003	12.1869
6.36036	14.7328
6.38134	13.5298
12.1166	5.79572
2.9255	13.739
5.7227	12.6797
3.64344	14.4979
6.12157	13.016
6.314	13.2472
5.73443	14.7315
4.84672	13.1627
5.0876	12.576
6.65215	12.1724
3.47393	14.1931
4.01884	12.917
4.95641	13.7877
2.73785	14.1696
6.07917	14.3932
4.0681	14.3741
6.91853	11.6333
5.42871	13.768
4.67609	13.3616
6.64213	14.0853
4.02326	13.0016
4.66639	11.9064
3.97619	14.0139
4.65683	13.0185
5.2631	13.1669
2.80524	13.8004
6.02466	13.1838
5.49367	14.868
6.0578	14.5142
3.38771	13.0008
4.33807	14.5185
7.12117	13.092
5.87732	12.1375
3.9903	14.2328
6.02485	13.9153
4.83209	13.3565
5.86131	13.6653
6.18464	14.8313
3.918	12.9799
5.69291	14.2552
3.39895	14.2463
6.4136	13.7914
5.78678	14.2528
3.24243	12.7712
3.42544	14.2209
3.40402	13.3063
3.98839	14.461
5.87235	13.3639
4.41384	13.0317
5.45274	13.4296
5.7638	12.3465
5.9839	14.2405
3.81479	13.1737
7.5999	11.9478
3.08169	13.8214
3.98729	12.8929
4.92425	13.2493
7.3249	14.768
2.84758	14.6837
5.45499	12.6271
8.90029	13.2021
5.1904	12.4318
7.5212	13.6417
6.26301	13.9947
4.74178	14.3505
4.49809	13.3115
5.04794	13.9774
6.06787	14.6463
5.43275	13.9979
5.18914	14.6469
3.49852	14.2673
4.71293	13.7587
3.81906	13.866
4.43525	14.6714
4.53331	14.6885
3.54944	14.2928
5.28688	12.0704
5.35393	12.9439
4.35663	13.9498
7.25642	14.7154
3.55963	12.5908
4.6284	14.6363
5.79003	12.7318
4.15852	14.8231
4.90169	14.3156
6.47186	12.1167
5.89273	13.1609
3.64478	12.2385
3.90257	13.0727
6.03155	13.2518
3.14352	14.6773
3.61661	13.0142
2.85263	13.8844
5.25241	14.5707
6.29378	13.0813
4.34885	13.3608
4.27937	13.9305
4.98633	12.7209
5.89315	13.0136
5.6088	14.9957
3.63501	13.1975
5.54031	13.9357
6.96663	11.8921
4.79628	12.6575
4.61731	14.9122
4.3073	13.7353
5.63917	14.4834
5.75448	14.2717
6.54253	14.7375
6.29408	14.8126
5.74027	11.9903
4.04945	12.5948
5.10835	14.6407
4.75796	12.3013
4.38501	14.7127
5.96208	11.6522
5.05344	13.8547
4.21719	14.1148
5.34809	14.1964
3.87663	13.6768
4.6295	13.0201
3.83629	14.2363
3.01901	13.3959
5.61208	14.9643
4.91001	13.2168
4.20745	13.9471
6.31488	12.6333
6.55573	13.0041
3.75195	14.5139
6.25824	13.553
4.00842	14.7199
5.20074	13.2174
5.17631	12.2161
3.84774	14.474
3.55394	14.3749
4.84031	14.4702
6.17936	12.9985
3.9218	12.2803
5.88471	12.2915
3.32299	13.5691
3.15582	14.7702
3.13738	14.0793
4.17037	13.0434
4.96105	14.55
5.54045	14.3632
4.80996	12.508
3.34397	14.1524
4.7739	12.0343
5.35061	14.3625
6.34892	14.6472
5.53542	12.8101
3.92751	14.7447
5.30668	13.801
7.21186	12.3523
5.58698	13.7552
4.73515	14.6261
3.88451	14.2654
4.06661	14.3772
3.36675	14.347
5.41349	14.6
4.28975	12.5521
6.93347	13.6467
6.08621	12.4582
3.93191	14.0783
4.93929	14.9083
6.383	13.9571
4.76453	12.9405
4.15618	12.8766
4.2894	13.8162
3.30704	14.2718
6.18015	13.0687
5.30061	12.1691
5.91749	12.6758
3.79643	12.5371
4.12116	13.958
3.72762	14.5071
7.01096	11.9585
4.95229	11.9617
4.76055	13.6458
3.92931	13.4754
6.33181	14.6027
5.99928	12.7188
4.78703	14.204
5.3497	14.3545
5.756	12.6867
5.23509	12.0398
6.32089	13.2739
4.59719	13.1709
4.08328	13.4696
3.69648	12.7523
6.05382	14.86
5.43476	13.5238
5.52197	13.5071
4.85738	13.4703
7.37023	12.2776
5.34415	13.5646
4.74651	14.5374
6.74797	14.9
6.11179	12.4033
4.78598	13.5006
4.37717	13.8122
4.9957	13.9114
4.61313	14.3484
4.28783	13.463
5.43692	12.0715
3.7084	13.0406
4.43601	12.6187
4.49119	14.5481
3.26893	14.1621
4.7646	14.1289
3.6342	12.3138
5.12703	12.6621
3.62449	13.896
4.61033	13.8233
4.24527	13.1526
3.39278	12.7194
5.02718	13.7613
3.6375	12.3984
5.82992	12.6761
4.37191	14.7662
5.28455	12.8118
3.48318	13.9891
4.51905	14.676
6.34239	14.6232
5.36133	12.4701
5.37912	13.0781
3.25812	13.2065
5.24901	13.3558
5.32844	14.5375
9.18536	14.7569
7.93177	12.0668
7.68699	12.0201
2.89986	12.3095
4.74204	14.3412
4.60222	12.2528
5.99561	12.7375
5.20646	13.7432
4.97353	12.8022
4.138	13.9179
5.67195	14.6912
4.63941	14.5167
5.79622	14.2391
5.90574	13.5787
4.59943	13.4692
5.72262	12.6357
4.67947	13.7383
4.85452	12.8447
6.72689	11.9153
6.5074	12.9689
4.1215	13.6245
3.86327	14.2403
8.07539	14.3354
6.0131	13.2144
4.42374	12.2541
4.10091	12.9197
5.49811	14.8689
5.06391	13.5486
5.62659	12.3054
4.32416	12.5839
5.32784	11.9691
5.08419	12.9333
6.60364	14.3978
5.02266	14.764
6.10853	13.9157
3.99394	12.7432
3.40957	13.9859
4.2048	13.7085
7.88425	14.352
5.3884	13.7389
3.95078	13.1885
5.66472	12.4921
4.42568	11.8545
4.90602	12.6319
4.46493	14.6535
3.68264	14.8467
4.58187	12.4966
4.78326	12.0008
6.29695	13.5046
5.63569	13.3497
3.7498	13.1766
4.28668	14.3139
5.30766	12.9954
5.85352	13.6547
5.20664	13.4756
3.07521	13.9087
5.93076	14.1772
4.96183	12.7403
5.34052	13.5828
4.27368	13.0358
5.66049	14.553
3.70967	14.0548
3.46878	14.6002
6.35341	13.9929
5.70757	14.2603
4.64919	13.784
3.9021	13.6316
3.53132	12.4482
4.03251	13.201
5.55425	13.2945
5.08665	13.8045
4.59088	13.1606
5.21731	12.195
4.39156	14.7564
3.91132	12.8121
4.45937	14.7088
6.68314	13.1343
4.22214	14.5093
5.94102	13.5335
5.52018	14.1492
6.30456	13.7788
3.49191	14.2165
3.84564	13.474
7.05887	14.8188
5.5184	13.094
3.88724	12.6242
7.33952	14.6493
4.7967	12.1742
4.94172	12.8294
5.68852	14.0338
5.10915	13.8968
3.29634	13.3439
3.36246	13.4825
5.62113	14.1004
3.99219	14.4614
5.26525	11.7728
3.74836	13.7663
5.41336	13.2219
5.29893	13.9236
6.67638	12.4363
5.65428	14.2453
5.60864	13.2981
3.48352	14.7937
5.34163	12.2464
5.5704	14.8603
4.34178	13.2495
6.45258	12.054
4.97166	13.3663
5.54306	14.3992
4.9414	14.4451
3.59059	12.5794
4.48945	13.6533
4.70875	14.957
4.89129	12.4249
6.90947	12.344
6.03076	13.9143
6.31311	14.5643
3.61443	14.2793
4.60983	13.8892
4.70719	14.1063
4.63917	12.7222
3.88222	12.91
5.154	14.185
6.28422	13.7807
4.60807	13.9898
4.15167	12.7354
3.70468	14.219
5.03627	14.931
5.64921	13.1442
4.23819	12.5552
5.37399	13.4684
3.66094	13.6042
2.97607	14.3854
4.47073	12.8028
4.80677	13.493
4.84132	13.7293
4.11013	14.2024
4.12318	13.4459
6.01735	13.7807
3.93545	12.7004
4.17187	12.8372
3.44757	14.1749
6.12785	14.2463
4.93098	11.97
6.59205	13.6917
4.74811	14.257
6.1559	13.6256
5.1967	13.9826
4.78067	13.8506
4.04377	13.6929
4.09098	14.6869
4.03671	13.0647
5.33305	13.6433
5.29919	14.7016
5.13083	14.0115
4.67656	11.9706
4.47179	13.0799
5.05625	13.5328
2.84317	13.8649
3.75852	14.252
6.77768	13.7529
5.06443	14.255
4.78245	13.9052
6.30271	12.9855
7.06937	11.8039
4.76673	12.7338
5.66767	14.6103
5.64735	13.3527
4.56647	13.5325
4.46886	13.9404
6.24298	14.0074
4.26606	14.9167
6.34322	13.2641
5.77492	12.8897
3.51051	12.7905
4.61958	12.9171
3.59987	13.9424
4.06557	12.8186
3.6665	14.3511
4.30178	13.8674
5.41084	14.9046
3.47703	12.1787
3.01803	12.0957
2.81086	13.2253
4.58456	12.7454
5.00994	14.7932
5.53883	13.2919
7.31448	12.3934
4.27227	12.7986
4.31282	14.2734
3.78251	12.0674
5.46917	13.0089
5.90692	12.6186
4.45331	14.441
5.14198	13.7953
6.22482	13.2052
4.14296	13.8423
4.1435	12.068
7.03391	14.2473
3.53298	14.9882
8.57095	1.28304
5.46953	14.3037
3.59461	13.205
5.11822	14.2162
4.25535	14.2333
4.58349	12.2675
3.22685	13.7479
4.2984	13.9427
4.61948	13.7178
4.62809	14.3284
3.96291	13.6245
6.77268	14.3954
5.37659	13.448
5.27168	13.3465
5.18322	14.3324
6.0073	14.2841
4.70039	13.6853
3.23222	12.7454
3.66442	14.2287
4.20621	14.5706
3.74365	14.1018
3.76983	11.9773
3.52321	12.4134
3.29937	13.8962
5.95685	12.5708
5.31792	13.8907
2.67206	12.9994
5.49604	13.1193
4.49705	12.3517
4.1476	14.8572
4.00618	13.2386
3.44693	12.7996
3.61702	14.7114
4.50374	13.3014
5.4291	14.6223
5.33152	13.1646
6.77086	14.0388
4.25742	14.1947
6.54482	12.1589
4.80638	12.8717
5.86759	14.6135
3.66381	14.0508
5.70075	13.3911
4.53654	13.2948
4.74459	14.1492
5.7543	14.4919
3.67113	14.5331
5.62596	13.3059
5.30752	13.2315
5.61369	13.6423
4.20482	14.6082
5.4447	13.2207
5.09193	14.6042
6.13516	13.211
3.88209	14.3864
5.1253	13.2756
3.56539	13.4854
3.68125	13.4244
3.39717	12.9057
5.06001	14.1188
3.75692	14.5496
3.81444	13.2671
5.52099	14.3112
3.6264	14.2029
5.80152	14.1313
3.78942	13.2336
4.32039	12.4518
5.24608	14.0787
4.7086	14.9884
4.56171	13.7052
6.29382	13.4218
8.69307	14.3878
6.3886	13.9573
5.68004	13.1192
4.35636	12.1848
3.12781	14.2583
4.95295	12.168
5.84665	14.0334
4.70001	14.6682
4.22944	14.5188
3.60833	13.1749
7.90242	11.9194
4.84608	13.8233
3.53741	14.7888
7.53023	12.349
5.59999	13.3146
4.53671	14.2964
5.70225	12.3804
5.76024	13.5119
5.71403	12.4872
6.1958	13.967
4.68709	14.3712
6.23936	14.307
5.17986	14.2179
3.81719	14.6334
3.77273	14.6849
3.86938	14.0503
4.13686	12.9586
5.08773	13.4803
5.08681	14.6793
6.90279	12.8644
4.51245	13.8467
4.56307	14.2226
5.24936	12.1096
6.12599	13.926
4.23602	14.3205
7.10204	14.4221
3.2833	13.4727
5.66461	13.0701
4.66612	14.6188
5.70661	12.7281
5.64918	13.1849
4.55106	11.9166
5.61889	14.6182
4.72584	14.0019
4.34554	14.2908
5.5429	12.2095
4.58284	12.9498
4.92318	12.8138
5.36087	14.2165
2.85962	14.4773
3.77458	13.2533
6.8999	13.75
3.96126	13.0779
8.99938	9.67191
3.31386	12.7523
4.58157	13.547
6.47585	13.3344
6.13726	14.185
3.25256	12.1203
3.67036	12.5195
5.17089	12.3446
3.81407	14.9376
3.85591	13.1009
5.81864	12.7673
3.27841	14.8102
6.7797	12.4491
4.20126	12.963
6.60284	13.3082
5.41519	14.5864
5.76594	11.9833
3.87231	13.7717
3.58695	14.092
4.46585	13.0797
5.52704	13.6142
3.51718	13.7989
6.61453	14.1665
7.49899	14.568
3.72037	12.7974
4.41864	14.0892
4.65575	13.5439
4.68588	14.0114
5.20187	13.5196
3.40229	13.2417
4.95764	14.1012
3.53522	14.2922
5.1815	13.2572
3.49081	12.5134
5.82945	13.0188
3.27542	14.1523
5.42795	13.4758
4.68399	13.693
3.05924	12.3943
5.65665	12.3102
3.97615	14.8341
5.38847	14.8476
3.92828	12.8272
3.08275	13.8391
4.89465	13.5198
7.11127	14.4939
4.95363	11.9365
4.81959	14.22
6.64143	12.7165
3.58772	13.1746
6.21548	12.4755
5.12231	14.2983
4.67852	13.5197
7.70226	13.5031
6.38289	14.6171
5.18007	14.323
5.2853	13.3913
3.89497	13.4399
4.47073	14.1205
5.68155	12.4282
6.92211	14.7109
3.41236	13.804
4.62426	12.3053
4.21667	14.6405
3.46597	13.1045
4.72555	14.2353
4.88054	13.4818
6.45484	11.9989
5.12476	13.1518
7.04906	13.2578
4.95566	14.2826
4.57737	13.7904
5.44395	13.1417
4.64356	14.2624
3.84896	12.8659
5.3977	13.3986
7.60098	13.7093
3.9795	13.55
3.98573	14.5033
4.65064	14.5817
3.61975	13.3759
4.48721	12.7185
4.91193	12.5352
3.74688	14.902
4.27341	13.5584
5.18577	11.7904
3.26044	13.9232
3.5119	12.4142
6.30726	14.3968
3.92441	13.0398
5.6177	13.1354
3.02703	13.265
3.36184	12.4144
4.7231	12.3972
4.96372	12.6087
2.94059	12.7268
5.81967	12.1298
4.45452	13.9327
4.32384	13.0047
6.73016	12.0787
3.93112	13.0563
5.64385	12.2018
5.39719	13.7375
5.98243	14.8182
3.78002	13.6888
3.94704	14.1255
3.91694	14.8468
5.4247	12.8319
5.47179	13.3702
5.70265	12.3394
4.99399	12.3171
4.53981	13.3014
6.98156	14.1222
4.27211	13.823
5.19703	13.7494
4.80811	13.9386
5.74192	14.6247
5.87975	12.4353
5.57362	14.8344
5.01473	12.3904
5.41747	13.2793
4.27614	14.2071
5.36657	13.9436
5.70862	13.23
5.58685	12.7095
4.517	14.1254
3.79752	13.7037
5.87719	12.756
4.86665	13.8208
5.75808	13.7797
3.71554	14.6347
5.32443	14.5761
5.71319	12.2548
6.68275	14.8405
4.27114	12.9859
7.16092	14.0806
5.60015	14.2971
3.52371	14.1221
4.43902	14.2471
5.61975	14.6845
3.81963	13.2398
3.29871	12.2186
4.33487	12.5827
5.8698	13.9086
3.16125	13.0463
5.3105	14.8078
4.67476	14.7298
4.94916	13.8978
5.24382	14.1885
3.09153	13.6332
5.50823	12.674
5.25648	14.0793
5.73502	14.3372
3.57997	13.1183
5.15177	12.1442
5.69602	13.4136
6.4513	14.0025
4.76257	12.3852
4.15811	14.5813
6.19781	13.8378
4.10586	12.2508
4.29545	12.6654
5.02303	14.0998
5.20791	13.6713
3.22219	13.5171
5.43308	14.4156
3.4451	12.6173
4.98482	13.4041
3.65138	12.4626
5.42126	13.7153
10.7763	9.97129
3.64567	14.7803
4.0732	14.0424
4.05839	13.8313
4.73823	13.9109
3.41468	14.3254
4.13853	14.6903
6.00564	11.6467
4.2637	13.7087
3.13654	13.5175
6.31954	12.7718
2.99884	14.811
5.26886	12.9875
7.70508	14.9646
3.6954	13.7824
4.10239	13.5462
5.78385	13.2346
5.86625	13.0356
3.6767	13.2964
4.75087	14.9965
3.13514	14.7432
4.35377	14.247
5.04455	14.9896
4.89514	14.6815
5.4006	13.0503
3.43722	13.6611
4.56288	13.3372
4.40086	14.1112
5.38262	12.5893
4.26139	14.1999
4.77633	13.803
6.00766	12.5966
2.99906	13.2151
3.22118	13.7939
4.26587	13.5224
4.30525	13.0849
5.66012	12.5685
3.21362	14.2006
7.13415	14.1831
5.88164	12.1845
2.89707	14.5299
4.80667	12.8558
5.59253	13.6203
4.93813	13.7344
4.18877	13.8369
6.66132	11.7056
5.16771	14.9816
5.56535	14.6214
5.60503	12.9009
4.57166	13.3986
5.07859	14.2862
4.01676	13.8891
3.9579	13.5117
4.90944	14.0983
7.34438	12.8062
3.80721	12.4901
6.46479	11.1841
7.22575	14.2569
5.9705	14.061
5.77267	14.2516
5.90857	14.6272
3.25301	12.2023
5.75456	13.0753
7.86987	14.1311
5.05022	12.7351
5.80581	13.927
3.98631	12.7069
7.36281	14.8294
5.39424	13.811
7.57013	13.3455
4.89146	12.0684
7.25694	14.2828
5.15675	13.7655
4.97404	13.1236
3.92728	12.6543
4.0998	14.2195
3.19256	12.4747
4.43268	14.5948
4.26052	13.123
5.13536	12.7685
3.71225	13.4249
5.66631	14.5604
3.88784	13.5559
6.80963	11.7172
4.7604	12.7296
6.68055	12.8966
3.37108	12.6285
5.78571	14.4396
5.0738	13.257
6.39214	12.274
7.21429	12.1542
3.7089	14.2617
3.7788	13.4954
4.64582	14.8155
6.07326	14.4542
6.17181	13.5957
4.24129	14.1032
5.43769	14.7541
3.81198	12.7324
6.76769	14.9523
3.66452	14.6305
5.11341	14.475
4.13871	14.8473
3.90414	13.7413
3.88851	13.22
5.18907	14.2434
4.06809	14.8623
3.61148	14.499
3.73855	12.4263
4.80385	13.9881
4.15007	14.4015
5.97759	11.949
4.93042	14.5158
4.00893	14.3342
4.77491	12.8801
3.069	13.469
5.08116	13.5307
3.80428	13.2605
6.6708	13.7121
5.21275	12.4236
5.29075	13.7711
3.14003	13.8898
5.94475	14.3412
5.5148	14.3752
7.42571	14.7079
5.88098	12.1485
6.6833	13.0604
3.35035	12.9133
5.61724	14.5946
6.69736	13.5548
4.12223	14.1097
4.34667	13.3159
5.89369	14.9319
6.17844	13.4176
4.11899	14.9865
6.30689	12.9025
6.70238	14.9432
5.13503	11.8354
6.12046	13.1236
3.53713	12.484
6.30839	12.6721
4.26801	14.2719
4.06204	13.6342
4.22624	13.3352
6.3636	12.8963
5.89514	11.9171
3.06975	14.9677
4.14037	14.5322
8.06509	14.1576
4.68784	14.2357
5.978	13.407
3.22393	14.2143
4.88186	14.9297
4.26402	12.035
4.33092	14.8533
4.14832	14.3214
5.41376	14.522
5.20832	14.2333
5.25639	12.6103
6.17353	13.0285
4.91303	14.6889
5.3433	13.8074
6.37307	13.9956
4.73593	14.4124
5.62912	14.3869
7.23518	12.3092
3.25105	13.8928
5.51286	12.6479
4.82301	12.041
3.9151	13.6749
4.84847	12.6152
4.79913	12.983
5.98015	13.4414
5.48524	14.4942
6.03345	13.8236
5.65509	12.3692
6.67662	13.5569
3.4705	12.7256
4.6575	13.5248
7.30041	13.7901
5.33806	13.288
5.83105	14.3401
4.71314	13.095
7.52874	13.8334
4.20743	13.6815
7.21332	11.9835
3.68998	13.9083
5.99285	12.2433
4.04428	13.9397
5.88641	13.1458
4.02251	12.4358
5.40278	14.5184
5.13007	14.2716
4.63015	14.8094
6.15279	12.9637
4.51481	14.6644
4.11985	13.9237
3.86832	13.4734
5.69075	14.1852
4.64283	13.2437
4.05358	12.3254
3.66055	12.3314
4.78729	14.1114
5.85861	12.207
6.03339	11.981
5.59849	14.321
3.67614	14.6037
3.3278	13.9841
4.71521	14.0714
6.37082	14.6784
5.48845	12.324
4.12072	14.0021
5.55723	14.6193
6.95065	13.6638
7.174	12.8384
5.25396	13.6145
4.85139	13.8528
6.16297	10.3195
4.01392	14.0321
5.41136	14.7398
5.01859	13.0354
3.33986	14.8617
5.52988	13.7978
5.29143	14.7673
3.7864	13.3287
5.17716	12.987
3.97775	12.4842
3.09263	11.8076
2.9104	14.9322
4.97472	14.3754
3.75095	14.2084
5.16242	14.3403
4.12863	14.1293
8.01493	12.4708
3.1628	14.8329
6.18375	12.4305
5.71204	13.5982
9.87638	5.99533
4.05758	14.4783
3.94046	14.7641
7.87946	12.6918
6.6038	13.4999
5.15397	14.7345
5.21349	14.1498
6.03217	14.0814
5.42291	14.2286
4.88409	13.9851
5.88538	13.9324
3.78034	12.3311
3.6807	14.1611
5.33881	14.2319
5.66586	13.6296
5.53029	13.5552
5.98303	14.9065
5.07784	12.4736
4.43602	14.7465
5.7233	13.4808
5.52876	12.1524
4.52461	12.6004
3.43326	14.6623
3.3931	14.3735
5.08072	14.402
4.38214	13.854
4.80902	14.2266
5.61421	13.4939
3.88253	14.3179
4.73171	14.5988
5.79864	13.0363
4.47615	12.1897
4.14612	13.7651
6.86445	14.7684
5.8213	12.7988
5.96888	12.738
3.92491	14.2023
4.87662	12.5268
5.67119	14.4028
4.94933	14.3525
4.12402	14.2957
6.55299	14.1704
5.54998	13.9056
3.82969	13.2412
6.00652	13.3748
4.27669	13.9953
4.51722	14.9917
5.32674	12.3462
5.19286	13.0675
6.20907	13.4475
5.26661	12.752
6.97515	14.2541
2.82097	14.3767
4.8706	14.324
5.86219	14.3304
8.07803	11.2126
5.5359	13.5456
3.67588	12.9451
8.07395	14.4897
4.01165	13.5256
5.00576	14.438
5.67919	14.22
5.4325	14.8045
3.65698	13.352
5.49307	13.9148
7.4375	14.5874
4.68893	13.1495
4.07458	14.5114
5.94954	13.9069
5.35045	13.9637
6.08185	12.5378
5.61118	13.6351
4.10409	13.0143
5.01759	13.9295
2.82453	14.1376
4.61466	13.0594
6.58439	13.9767
3.52319	13.0886
6.12689	14.5329
5.09128	13.7764
5.43031	14.669
4.15167	14.3886
4.59748	13.488
5.31661	12.7418
5.4948	12.6187
3.742	12.3874
4.72303	14.4062
6.29416	14.6885
3.55649	14.5279
4.90076	12.3997
3.29023	13.5958
5.90959	14.2531
6.96555	13.2656
4.55626	14.0087
5.30433	13.9999
5.3944	14.553
6.62456	11.8956
4.28264	14.801
5.74953	14.9819
2.85906	13.1671
4.58609	12.8913
5.78962	14.2158
5.31024	12.5188
5.39541	14.1714
3.66173	13.0523
4.74523	14.4575
5.20792	12.4962
4.52567	12.4514
3.74183	12.5152
7.19093	12.8871
4.54149	12.6052
5.9104	12.7557
6.79304	14.1704
4.85577	14.762
4.87206	13.6337
5.69099	12.6962
5.26519	12.8815
4.14154	13.9655
5.72907	13.776
5.85198	14.7303
4.69296	12.8354
5.00614	14.4102
3.82105	13.1945
4.42016	13.0967
4.65442	14.6089
5.97586	13.1158
6.90858	14.2983
3.14344	13.8638
7.64538	5.32922
5.77401	12.0688
6.15433	14.5686
4.92843	13.0353
4.73171	13.9685
5.65232	13.9951
6.31168	13.632
8.95092	11.016
13.6203	14.4893
3.09261	12.3006
3.86886	11.7974
5.85435	12.985
4.59189	12.6365
3.72152	12.63
3.62068	12.7601
3.31643	14.8201
4.62276	14.9881
5.69809	12.1492
4.1235	14.1546
4.70073	12.4927
4.81705	14.134
4.31906	13.1921
5.15701	14.0876
5.27704	13.6031
5.04509	14.8916
5.34589	13.4944
5.76979	14.0469
5.40712	14.712
5.3094	13.8437
4.73639	12.6481
6.20389	12.3679
5.07369	13.4441
6.24473	13.647
5.14371	14.5659
5.5046	12.638
5.24232	13.1136
3.71652	14.4399
3.94931	12.8103
6.38426	12.3648
4.83238	13.8624
4.13006	13.4821
4.92005	14.3091
3.51089	14.3261
5.50931	12.5101
7.30239	12.8075
5.83097	12.6748
3.99478	12.4957
4.69976	14.3998
5.24468	14.8376
4.36469	13.6589
5.24894	13.4503
6.06354	14.8715
2.94468	14.4335
4.00384	13.6686
5.8124	13.017
4.15372	13.0446
3.58246	14.1625
5.56737	13.6974
4.0175	13.9795
5.63526	12.6715
5.61233	14.1681
5.3186	13.0305
6.16752	14.5565
4.37214	13.7148
4.66147	13.3189
4.21692	14.8074
5.89934	13.1593
5.80229	13.128
6.77901	14.7115
4.38414	13.809
5.74909	14.7409
5.70668	12.8225
4.68451	12.3157
4.27384	14.1946
5.53132	13.7561
5.19628	14.0995
6.45319	14.3623
3.44398	12.7108
5.36513	13.1621
3.46798	13.4826
2.93139	13.0415
7.0671	13.7349
4.6021	13.4108
4.70018	12.7648
3.86689	14.8689
5.08874	13.9491
5.04892	13.847
4.07233	12.0238
3.92275	12.9496
5.64402	13.1421
5.08941	12.7616
5.14413	13.5093
5.32429	12.2411
3.34061	12.9126
3.18339	14.3716
3.88766	14.5703
4.6855	12.8751
3.78907	13.8151
4.46598	14.5957
6.08084	14.4128
5.96319	13.5265
5.25436	12.8549
5.6125	14.4504
6.76239	13.6396
4.77113	14.5502
3.13428	14.3244
4.20156	14.298
4.68765	12.4995
4.7251	11.9524
5.07993	12.1643
3.9229	13.3293
6.19435	12.5064
7.00325	14.5388
6.47602	14.5251
5.29565	13.5982
9.00285	12.7567
3.45826	13.6835
4.21804	12.4475
4.46532	14.1486
6.68097	14.4488
3.73448	13.8001
5.71039	14.9608
3.24873	14.526
4.35415	12.6097
4.40488	13.6529
6.78789	14.4591
4.70572	13.7034
6.90616	14.4732
3.87992	14.6217
4.96199	14.7212
3.75237	13.4868
5.41215	12.7574
5.60658	12.4579
4.11638	14.9445
3.57084	12.9083
4.71251	13.444
4.9407	14.3074
4.20171	12.4316
5.09147	13.9107
3.36759	13.0624
3.34698	12.1286
4.89435	14.8045
3.80082	12.8346
5.06488	14.2187
5.53105	14.9503
5.8142	14.8422
5.89107	13.3937
5.02588	13.4547
5.21893	13.5287
3.95419	14.1873
3.23192	14.1419
3.60525	12.0197
5.0581	13.7951
4.55057	13.6198
6.17004	13.6507
3.87187	14.027
6.40031	14.8848
5.24586	14.3371
5.77624	12.9866
4.10113	14.2793
5.27281	12.6494
5.20346	12.958
3.66681	14.5836
4.88905	14.5102
7.00741	13.1632
5.25241	14.7911
2.90641	12.7448
5.43176	14.1865
5.90418	13.5063
4.04931	13.747
4.64236	12.4003
5.99835	13.4935
3.4847	12.7833
4.62532	12.4102
5.63083	14.457
5.39536	13.548
5.35508	14.6592
4.50861	12.6937
4.50462	12.4991
5.12357	12.9305
5.58413	14.7874
4.49892	14.4573
6.75155	12.9081
5.55075	13.6361
5.50166	13.5108
5.8601	12.9946
5.06236	13.2999
5.96329	13.0743
4.4406	14.1688
4.7007	14.5128
4.93822	14.2642
6.47992	12.8918
4.64034	12.392
6.21201	12.4884
4.17849	13.4034
4.2496	13.2341
3.67489	14.1107
5.53975	13.4846
5.54287	11.9565
5.43342	13.9295
4.16292	13.6567
4.11867	13.5497
4.8666	12.088
6.45542	13.8297
5.1047	12.798
4.77806	13.2279
3.26257	13.9343
6.00945	12.5097
5.68909	14.6181
5.46613	13.2997
4.79322	14.9505
3.6725	13.2077
6.72411	14.4605
4.02623	14.8487
3.67707	14.674
5.70857	13.4594
4.78972	13.8163
6.60314	13.4931
6.58718	14.4836
4.48783	14.7913
2.95628	14.9374
4.89563	13.8947
5.19576	13.1697
7.45351	12.1065
6.56341	14.8946
5.31818	14.649
4.38329	14.6579
6.00901	14.0144
5.55242	12.1448
3.75244	12.9348
4.56593	13.7821
5.51721	13.3113
4.3844	12.2212
5.5774	12.7326
6.55067	14.1081
3.24672	13.7421
5.81209	13.755
3.62504	11.9373
4.6296	13.3321
5.62109	14.1303
7.36455	11.9641
5.84291	13.3277
5.24322	12.707
6.70953	14.5365
4.80443	13.0728
3.25919	13.4574
6.26533	13.6413
4.60057	12.7281
4.80537	13.5082
5.14639	14.4452
5.68246	14.9261
6.35514	12.845
5.15064	13.3372
4.24087	14.7001
4.48491	12.6028
4.6962	14.4057
5.92053	13.7556
3.09645	13.0925
6.10741	12.6483
6.43616	12.0131
4.64916	14.6899
3.30395	12.525
4.03525	13.3879
4.54461	14.0394
3.43463	13.627
5.01491	12.116
3.87421	14.4239
3.26614	14.9468
4.84441	12.894
3.80912	13.764
3.79616	13.6143
5.69547	13.9376
3.62135	13.3004
3.0151	14.34
5.12376	13.8622
4.38786	13.8185
3.15054	12.2041
3.6826	14.0293
5.63624	14.8781
4.3785	12.8773
4.26656	12.9407
4.26632	13.8082
6.00901	14.3054
5.77687	14.6579
5.92097	11.9437
5.51937	14.5458
4.56561	14.7677
4.24314	14.1076
3.87308	14.7286
6.28911	14.6676
5.30317	14.7979
5.00668	12.6291
5.70463	14.9737
5.75168	12.4513
5.54719	13.9855
3.14024	12.9828
3.52997	12.8133
6.02116	12.3353
4.90065	13.6342
6.76653	12.3704
5.50415	13.3309
3.5509	14.0725
5.65902	13.6159
5.5758	12.9733
5.73396	13.4452
5.29734	14.828
4.67965	13.9265
3.73612	12.6434
4.51911	13.4164
3.32468	14.1263
6.66962	12.7299
5.35	13.1835
3.912	14.8435
5.88795	14.2756
5.45748	12.7986
4.49468	13.6374
4.04604	13.7305
4.50337	12.9851
3.92203	13.0886
4.95956	14.113
6.93679	13.0135
4.97078	14.5911
4.59651	13.2079
3.98709	13.5436
4.20113	13.794
3.9595	12.0528
4.61677	12.2772
4.34759	14.5536
8.00756	12.8725
10.6707	12.4264
4.49356	12.16
2.85382	12.833
6.11918	13.5582
4.35922	13.8328
4.58458	14.3093
3.01451	14.7757
3.30795	13.3762
5.74661	13.4923
3.90651	14.0956
4.1873	13.8299
3.62561	13.9556
5.4545	14.3614
5.40267	14.5886
5.33783	13.5726
6.84812	12.4581
3.23546	13.432
2.93534	14.7149
3.334	14.8284
4.63016	12.4831
6.57985	12.7546
5.68747	14.574
6.18813	11.9631
4.2918	12.4392
3.56165	14.0287
3.81037	13.6203
4.23681	14.3733
2.86529	14.2505
3.39315	12.8535
4.9542	14.1112
7.53958	13.0978
4.87682	13.3654
5.54489	14.1571
4.78199	13.3778
5.52079	14.4278
5.66754	11.9703
4.88836	12.3155
4.01596	13.7033
6.9096	12.7775
5.53705	14.6568
3.19416	14.0679
5.63159	12.2811
5.25087	14.81
5.77239	14.4579
8.13456	8.62341
6.0705	13.0036
4.77171	14.0847
5.2247	13.8458
3.77238	13.1943
5.89402	13.0081
5.70538	14.7171
6.12846	13.0513
5.09098	14.0506
6.85367	12.6476
3.68502	12.8994
3.6901	14.4706
5.16443	14.1538
5.81346	12.9779
4.75667	12.7112
6.66488	13.8902
6.27181	14.6699
5.39698	14.8127
5.63001	13.3549
3.22399	14.3349
5.31986	14.2763
8.08738	13.915
6.68278	13.114
5.83303	12.6466
5.65305	13.1149
4.32579	12.4382
5.64859	13.395
4.34201	12.7311
3.2771	12.8776
3.37272	14.6263
5.15378	12.1086
7.07677	13.2361
6.10101	14.1126
5.6462	12.4463
3.75681	14.7196
5.50867	13.4304
3.44974	11.9728
5.61576	14.2891
3.72732	14.2105
5.07358	12.4772
5.33788	12.731
5.511	12.5502
6.19449	13.6904
5.61367	12.5578
7.27899	12.5843
3.78243	14.8695
5.82822	13.0152
6.32263	14.9601
4.66674	14.7542
4.82161	13.9117
4.10101	14.9443
5.23801	14.68
5.14056	12.8148
4.70212	12.4294
6.03065	13.5684
3.80147	13.6916
4.88106	14.0912
3.1921	13.9514
6.43669	13.7477
4.97701	12.1785
3.66443	14.6107
4.83059	14.6496
3.07044	13.7422
5.26726	12.8254
4.9778	13.807
6.36517	13.8608
4.63852	12.489
7.56724	14.7756
5.98957	14.0051
3.94348	13.7319
5.73063	14.9503
4.5911	13.9751
3.2565	13.7171
5.13741	12.9588
3.96372	13.1928
5.3976	14.0578
5.95999	12.6905
5.64495	14.15
5.88668	13.1105
4.74758	14.2898
5.82601	13.272
3.01156	13.2798
5.09668	12.9002
4.23549	13.7402
6.66344	12.359
3.16364	14.9614
6.60215	12.9942
3.25683	14.1287
3.45964	14.5141
5.49168	11.8662
3.76705	14.0558
4.94935	14.8134
4.29385	12.7987
3.47494	13.2448
5.79593	13.5916
6.88823	14.7569
4.98816	12.9161
5.2588	13.5595
7.53552	14.4264
3.71179	14.4343
3.29872	14.0076
6.94837	14.5843
4.77568	13.2955
5.81336	12.8353
3.66062	13.5812
7.1502	13.2775
4.35604	13.3765
6.52126	14.1771
2.95355	11.9555
5.11741	12.3085
4.63548	14.2637
5.07955	13.6068
5.52821	14.0311
3.73261	14.8441
3.32952	14.4806
4.33562	13.1932
5.76928	12.5982
3.20817	13.2803
5.72574	12.7544
5.42069	14.1792
4.62394	13.8159
4.11555	14.3783
7.76872	12.4269
4.70857	14.7414
6.40299	14.3552
5.39403	12.6543
4.26578	13.691
5.7296	12.5492
5.80764	12.8848
4.19007	14.041
8.88177	7.7439
3.84173	12.9028
4.71885	12.7645
5.03495	14.6609
4.98871	12.5857
5.43874	13.2946
5.74392	14.0077
5.73762	14.3461
4.09032	12.9796
5.17807	13.3128
4.69192	13.3728
2.76828	14.2555
4.36313	12.6696
4.42177	13.9733
5.0409	12.2235
5.51872	13.319
4.66423	14.9987
3.72262	14.0386
4.86827	14.276
6.01137	13.0984
5.27779	12.6745
3.27533	13.304
5.4169	13.6397
5.80799	13.4004
5.84507	12.3631
5.49251	13.4227
3.56586	12.0968
6.28662	13.678
4.91121	14.4956
4.57687	13.6688
5.48923	13.3158
4.66458	14.7473
4.6087	13.1535
6.88027	13.4843
5.90449	12.3212
3.14972	14.1153
3.54496	12.6403
5.64127	14.8094
5.25496	13.8564
4.70571	14.3844
6.11968	14.0846
3.85311	13.3395
6.46097	11.5297
5.75193	14.844
3.74625	13.0301
5.93606	12.4433
3.73645	13.381
4.40819	13.4193
6.28621	12.8989
5.18204	14.7446
3.08078	12.2779
3.1955	13.2592
4.80778	13.878
7.037	14.2749
3.57083	13.349
5.97139	13.2716
4.75846	12.0871
3.13488	13.6009
6.1005	12.906
3.43347	13.8794
4.92925	14.1131
4.19408	14.051
6.47187	12.7178
4.52456	14.1128
4.97421	13.7668
4.94737	14.5899
6.14093	13.3607
4.58617	14.3049
5.49281	14.5532
6.12778	11.1741
4.91686	14.8078
3.0595	14.0492
4.47712	13.8005
6.57918	11.0356
6.02382	14.6188
3.19319	12.8023
6.4652	13.8105
3.53194	13.5493
4.46856	14.7092
4.11593	12.4692
5.97257	12.9518
3.6634	12.9742
4.15391	12.9874
3.18964	14.387
7.09295	13.5367
6.76453	14.1861
4.15372	13.3215
3.0451	14.2727
7.07662	14.4784
6.4347	14.4658
7.10114	13.5479
3.04463	14.6215
3.92484	12.9645
6.53995	14.1544
5.67751	12.7814
5.37308	13.4865
3.94972	13.8874
5.53551	12.7206
5.5648	12.4913
5.37981	13.8961
4.23005	12.0927
5.20802	12.3996
4.87989	12.6898
6.1913	14.5766
5.57676	12.0783
3.46829	14.0198
5.48015	13
3.28508	13.4338
7.54751	13.5223
3.55095	13.5308
7.12226	14.788
3.78218	14.6608
7.13052	13.5855
6.68697	13.1935
6.2817	14.658
3.64377	13.5917
5.48212	13.4572
3.07753	13.9239
6.31478	12.3609
4.93861	13.5914
4.50195	12.3418
7.08791	14.3574
6.53502	14.408
5.76774	12.587
8.12053	14.0579
4.20663	13.1523
9.49514	14.2313
3.99593	14.6194
5.12802	14.9387
6.0122	14.9637
4.83351	14.2353
4.36426	14.5516
3.57758	13.4314
3.14815	14.7152
3.09343	12.4366
5.35009	14.9155
5.39323	12.9593
5.19178	13.4857
3.90276	13.4621
4.3442	13.0462
5.76845	14.9257
5.26305	13.7977
4.85107	14.1576
5.71892	14.9799
3.60761	14.3283
5.55299	13.6182
3.71594	12.2928
4.24128	14.878
3.63653	13.6494
5.33361	13.1222
5.14527	12.8016
5.85234	12.0756
5.29114	14.2143
4.71125	14.4723
5.03353	12.6173
5.26926	14.8815
4.83481	13.6727
4.31701	14.3582
4.04768	13.4942
4.25541	12.8643
5.4878	14.3367
6.27619	13.652
3.17988	13.5286
3.58391	14.8809
5.48052	12.7874
5.59494	14.6343
5.31713	12.7251
4.97	13.9482
5.61178	14.4247
3.56185	13.2089
3.64704	13.2737
4.59598	12.9023
3.60541	13.0477
5.23767	13.5148
4.11448	12.9862
6.39786	13.0427
2.96051	13.0367
5.34888	13.6479
4.24972	13.9584
4.60185	13.4392
3.81704	12.8576
6.35746	14.7503
7.49898	11.9709
5.53253	14.5081
4.12849	12.8738
7.13982	12.2428
2.92455	13.4435
7.3967	14.1575
3.22039	13.4606
5.95312	12.3677
6.17285	12.8239
7.2921	13.5048
6.01972	12.769
6.30739	14.6524
5.88031	13.723
5.72211	13.3621
5.5437	14.3716
6.65653	12.8128
4.37915	14.877
5.0979	13.8409
3.77776	13.3861
5.91091	13.3617
6.00082	14.6128
6.42972	11.8905
3.93745	13.1257
4.80804	13.0376
6.49651	12.9583
6.64538	12.167
6.88002	13.5239
4.41851	13.4729
3.10351	13.1074
3.473	12.1468
5.86088	13.527
5.68238	12.4528
3.94998	14.0967
3.75786	14.5042
4.02202	14.061
6.56978	13.2572
4.23895	13.965
5.77342	13.514
5.00589	14.4893
3.93836	14.1915
4.41539	14.2611
3.95414	13.8602
4.92222	13.9398
5.88378	14.1923
3.90489	14.5467
4.94728	12.8787
7.32807	13.3511
3.44296	14.1366
4.68401	13.7792
4.65093	14.5934
3.24879	12.9203
3.99934	14.3177
6.07474	14.2986
3.84863	14.1569
5.5996	14.794
7.16313	14.6626
4.56599	12.2183
5.23191	12.3532
3.80502	14.5947
4.42508	13.5784
7.86676	12.3134
6.46929	12.5522
5.20988	12.6965
3.68606	12.9053
3.9381	14.3657
6.23126	14.0763
5.14023	14.1446
8.24142	11.433
4.64105	13.6112
4.92627	14.6554
5.95985	12.656
3.70759	14.3924
3.53342	12.7246
5.65312	14.4417
3.88906	14.0076
4.94141	13.017
4.60026	12.8479
4.5244	13.8115
3.89149	13.125
5.46894	13.0521
5.69021	13.6435
4.61902	12.1252
4.36066	11.9703
3.85205	13.431
6.32251	14.1979
4.53931	13.8832
4.65059	13.4564
5.97014	12.7846
2.91119	13.7578
4.73919	12.3769
4.03784	13.9064
5.35078	12.3985
4.63468	12.829
4.7569	13.3404
4.57424	12.5195
5.78866	13.8346
5.5519	14.8437
4.27729	13.5023
3.95809	13.1642
7.32236	12.4559
4.30685	14.7107
4.80423	12.5792
5.47634	14.5558
5.04806	13.745
6.59136	12.7713
5.64605	14.942
5.76494	13.2166
4.84744	14.7891
5.7188	13.2486
5.99946	12.8392
6.74851	14.4379
3.82944	14.4786
4.30085	13.0708
5.19908	14.6749
6.113	13.3364
3.65046	12.5169
3.9419	12.4287
5.68891	13.4178
5.76463	13.4476
4.7825	14.1499
5.5117	14.12
3.51299	13.4863
5.99404	12.7228
4.82	14.64
4.25168	13.0114
3.22948	13.8946
4.58523	14.3075
4.57351	14.8974
2.9875	14.2564
4.02947	14.6268
5.69219	12.9133
5.06414	14.7777
5.72189	13.0953
5.54603	13.8179
7.61248	11.877
3.49825	13.1564
2.97153	14.528
5.59345	12.5435
4.58067	13.331
6.67849	14.853
5.28681	13.6417
5.2574	13.1694
5.10872	14.8923
5.58927	12.468
5.42412	14.6623
4.66581	14.7833
3.07083	11.9141
2.95373	14.2553
4.96279	12.228
5.36816	12.9691
3.95044	14.4902
5.01663	14.088
5.0519	14.345
4.18185	13.2983
3.29207	11.6291
5.36343	12.2201
3.54504	14.5659
5.84666	13.9293
5.97497	14.7475
4.25285	13.7739
5.80194	14.4846
4.94472	12.6384
5.67283	13.6926
5.76694	14.7342
3.47276	14.586
3.87203	12.6546
3.86496	12.4734
5.40246	13.3305
4.85926	13.6592
4.42291	14.5299
5.16921	13.5807
5.47102	12.8379
5.58157	13.476
3.47907	14.5767
4.66306	14.0854
4.19794	14.2363
4.46959	12.5983
5.84866	13.8246
4.10494	13.5621
3.27421	14.7166
4.64609	13.9444
6.25965	13.231
6.17584	13.6868
6.56442	12.2585
4.21121	13.1391
5.64132	13.0753
3.15559	14.681
5.40937	12.8443
4.57909	14.3289
6.35753	12.5785
3.82291	12.3601
3.13797	13.0319
4.52522	14.824
5.8212	14.1497
4.6256	12.9752
4.39654	14.8288
3.84642	14.6482
4.23957	12.4329
4.09145	14.2024
7.99028	14.4543
4.18682	14.9543
3.7347	13.0235
5.09355	12.4042
5.52994	14.3797
5.8295	14.0681
5.50302	14.262
4.7247	14.699
5.09845	14.9723
3.45922	13.9406
4.22671	14.2683
4.2437	12.8091
5.66396	14.3423
5.34359	13.0453
6.41199	11.9793
2.9189	13.7313
4.04649	13.9323
4.95478	12.0467
5.36103	12.8539
4.41716	14.7225
4.97556	14.632
5.70028	13.9771
3.16436	14.4818
4.28216	12.9219
3.88545	12.3668
5.47439	13.7991
3.43301	14.1171
5.26289	12.9244
4.41414	14.7918
4.95146	12.1313
4.97169	14.3159
3.42472	14.5764
2.96556	13.0062
6.21046	11.7734
4.64699	14.7235
4.90005	12.0102
3.52572	14.654
3.89875	14.4901
4.08591	12.9405
5.75299	13.6574
5.74596	12.9876
4.10445	12.7492
4.16078	12.111
3.59088	14.4113
4.4682	14.9317
3.1285	14.4815
3.27437	12.2301
3.54732	14.2922
3.49658	13.7416
5.6183	12.8333
8.06797	14.3713
6.89789	13.29
5.94351	14.7335
3.00693	12.7705
4.55234	14.1543
3.87146	12.1149
6.45193	14.2405
4.70927	14.8094
6.0731	14.0983
3.44146	14.8746
4.5653	12.7162
4.54419	13.3305
5.64079	13.1961
4.37557	14.9184
4.25108	13.0501
4.48391	12.8706
5.57078	14.367
3.35676	12.7447
5.3214	12.4731
5.14902	13.4548
4.4759	13.8432
4.69797	14.1259
5.08134	13.7987
3.82158	12.1796
5.66633	14.4909
6.01121	14.2469
4.26757	12.9916
4.10224	14.7495
6.04353	13.3012
5.13264	14.5263
4.61738	12.6946
5.42721	14.6859
4.7097	13.9437
5.16484	12.2337
3.40919	14.6893
3.5118	13.2809
4.95721	14.86
6.08791	13.2631
3.30048	14.7336
4.18508	14.6188
5.55462	13.7646
6.65085	14.9868
5.51396	12.1552
3.51134	12.2558
5.73629	13.1313
5.24293	14.0285
3.38568	13.421
5.14982	13.973
5.22918	14.5598
6.92901	14.1456
3.2245	13.0462
5.39935	12.4355
5.04138	13.7286
4.1058	13.5696
3.45697	13.7532
5.49312	14.9675
5.60557	12.4873
4.11418	13.6671
5.83771	12.0793
5.19372	13.9682
4.41483	14.9058
4.48159	13.7955
3.96993	14.6567
5.22416	13.3377
5.06143	13.7965
5.63767	13.4875
4.37198	12.8108
4.78449	13.4871
3.67573	14.4823
6.15005	12.813
6.1861	13.8946
5.7669	12.6678
8.62205	9.28524
4.42999	13.5388
5.38832	13.6725
3.24561	13.1849
4.30127	14.1235
4.87764	14.6168
3.3999	14.2643
4.09549	14.0994
5.22126	14.2948
5.84876	14.349
4.66676	12.9742
3.0821	13.6659
5.79488	13.1236
4.29101	13.7339
5.86715	13.1039
5.4957	14.8969
5.20801	13.8954
5.21774	12.0422
5.86281	14.8869
4.29429	14.0811
5.5481	12.8515
4.81231	12.921
5.73997	14.4486
4.39237	12.7962
3.76997	13.6345
4.11573	13.7927
4.35687	14.2277
5.88364	12.7599
2.89482	13.7629
4.46184	13.9102
5.53908	14.199
4.94222	12.2632
4.00188	12.8012
6.30015	11.9875
3.79069	12.9076
4.00019	14.4584
3.03017	14.4551
6.96226	10.9095
5.8234	13.473
5.55703	12.947
4.17905	14.1134
6.70585	13.143
4.0756	14.0085
4.89496	12.5074
4.76175	14.7873
4.02616	13.6292
7.16656	11.8961
4.15214	12.735
4.27434	14.2837
3.55702	13.8829
3.8777	13.1812
4.5782	13.738
4.87993	14.2547
6.57451	14.3456
6.52178	14.2745
4.26149	13.4651
4.02599	14.8589
6.6846	12.9562
4.35768	13.4983
3.29529	13.683
5.03948	14.3519
5.17154	13.2217
4.09564	13.7376
5.75521	13.5664
6.01214	14.4531
3.31986	13.625
5.49474	12.3012
3.87529	13.4217
3.63424	14.0859
5.15959	12.5906
6.86462	10.9087
4.50593	12.4262
3.41817	13.2413
4.49725	13.8628
5.3278	14.4485
4.07443	12.5088
6.60683	14.1905
3.90149	14.6131
5.36131	12.8685
3.26059	12.3794
4.52305	14.7433
3.58726	14.107
6.08356	12.1996
3.07562	14.2514
5.31241	12.4843
5.5919	12.9089
3.38299	12.5694
3.87902	13.4037
7.34461	13.7108
5.04144	13.5405
5.72542	14.7482
5.13955	12.6691
5.62266	14.5948
4.15081	13.6478
3.49216	14.9009
3.35519	14.3518
4.4573	13.1827
5.0594	14.4612
3.90508	13.8607
4.12514	13.0125
5.62394	12.5679
5.71062	12.6922
3.45171	14.2875
6.69174	12.2814
6.15943	14.0085
4.01293	13.5429
4.34713	13.2175
5.15825	13.5291
4.63452	13.1311
5.0845	13.3431
4.13232	14.4795
6.04985	13.2886
3.28101	12.8553
4.50474	14.2262
6.7037	14.5574
4.49775	14.0422
4.33349	12.7072
5.98785	14.2032
5.75513	13.2336
5.28437	12.9614
5.37731	12.5219
3.73786	12.3914
3.73018	12.1997
3.50205	13.1706
5.76628	12.6951
4.2372	12.9197
3.34179	12.7411
5.66405	13.4445
4.72635	14.0056
4.66346	13.2177
4.12839	13.5569
4.71711	14.2683
3.87547	12.724
5.92469	12.4881
3.70815	14.287
3.30096	12.4329
3.8568	13.4781
3.01775	14.4527
5.53429	13.982
4.00892	13.8118
5.50265	12.0537
5.42568	13.8713
4.97576	14.7062
7.78381	12.053
3.51478	12.8558
3.6638	12.9234
5.72062	12.5964
3.60297	13.3205
6.06726	14.7545
4.40304	13.6855
8.58142	10.8232
5.25566	13.983
5.7297	14.7799
3.39877	14.863
5.41288	12.7698
3.38706	13.65
4.19084	14.5199
3.76156	14.7344
6.29994	14.5025
3.32812	14.8025
5.17976	14.4071
6.0952	14.7192
4.9424	13.7544
5.57071	12.5817
4.94741	14.1653
4.39046	13.6642
6.30028	11.2176
4.09261	12.3965
4.0906	13.2162
3.61304	13.7592
3.99602	12.5513
4.25002	12.298
3.67151	14.2689
5.14543	11.8147
6.31178	14.0498
5.15761	13.7618
5.17083	13.1853
5.35454	13.3387
3.67192	13.6121
7.49722	11.8153
4.59724	13.9149
3.2161	13.7052
3.95955	13.7564
5.39127	14.411
5.56517	14.9589
4.05677	13.8267
7.53066	14.9274
4.54724	14.2045
4.75005	14.596
4.42386	12.4842
8.20897	12.2414
5.66031	13.8568
5.42296	14.4795
3.30771	12.1396
3.54977	14.7456
5.73865	14.2935
5.04363	13.5915
3.11406	11.9098
3.15187	13.1271
3.63786	14.4684
8.2797	12.5784
6.15829	13.7902
5.36144	14.7539
5.18176	13.7726
5.98058	13.0676
5.31929	14.7205
5.0979	13.1534
4.82893	14.938
5.11132	11.885
4.48072	13.5809
3.9005	14.2719
5.08924	13.1556
3.35252	13.9775
4.89554	14.2733
5.4502	13.535
6.02661	14.5516
4.54024	12.7149
5.56726	13.0046
3.77663	14.8325
5.57822	13.5752
4.34766	13.7222
3.56794	14.593
3.62496	13.0976
3.99556	13.7107
3.34272	13.6884
5.40356	14.8261
6.8465	14.115
3.66443	13.6682
11.4148	11.6065
5.43067	14.9947
3.67296	14.4626
5.84881	14.9423
4.37957	12.4869
5.54019	13.3693
3.81121	14.2594
5.0177	13.6871
3.25635	14.772
6.3032	12.665
4.81698	13.9513
4.81585	12.7018
6.42716	13.6093
4.17775	13.9404
5.84847	14.9763
6.28209	13.227
4.80567	13.981
5.07174	14.2826
2.90897	14.9913
6.16799	14.2941
7.52043	14.8271
4.49133	14.542
4.8013	12.5859
3.14915	13.3601
6.03847	13.159
6.16661	12.853
4.95605	14.8814
5.79211	12.8921
6.56951	12.3229
4.6629	13.3029
5.79534	14.5177
4.95591	12.3721
4.83069	13.9076
6.65885	11.8936
4.73217	14.6082
4.97133	12.1275
5.77124	12.9352
4.31919	14.5385
5.09511	11.7916
4.48897	12.1405
3.13248	13.1761
4.753	12.289
4.14091	13.6149
5.72829	14.0343
5.63539	13.3762
3.96812	14.0177
5.56891	13.1046
4.39336	14.5066
6.11002	12.1236
5.66093	14.1764
5.40053	13.1017
3.7525	12.3827
3.88754	13.7561
4.65018	13.4767
5.13704	12.4351
4.83875	12.5629
4.92679	13.2292
5.24067	12.9077
4.79353	13.5995
6.38967	11.4737
4.23571	13.7277
5.59486	13.2464
5.96398	13.6131
4.12195	14.3246
5.70469	13.7897
4.18273	14.556
5.1009	14.7934
3.6961	13.6769
5.12916	14.1801
5.65325	12.5936
3.76158	14.201
6.79744	14.7664
3.13732	13.0681
3.63889	14.7262
4.31934	14.7381
4.59775	13.665
3.60282	14.0096
5.92443	14.0093
6.03088	13.7235
4.64856	12.0651
6.35503	13.9611
4.87726	13.4369
4.22223	13.9427
5.23454	12.5988
5.72938	12.1325
5.03737	13.4878
5.74626	14.4487
5.80143	14.8472
3.58689	13.6777
7.38524	13.4179
5.75391	14.4803
6.34469	14.7553
6.16698	14.2576
5.04183	14.5277
4.18684	14.1256
4.67186	14.26
4.32227	12.2898
4.36651	13.0066
6.22992	14.1659
4.12154	13.8229
3.38102	14.6358
4.97778	14.4817
4.09137	12.9849
3.8705	14.0888
6.12333	13.8118
5.78961	13.4477
3.8818	13.0926
6.05623	13.6945
3.92655	12.5195
4.76302	13.5723
3.06512	12.4879
5.20814	12.4235
6.67469	14.5526
5.91727	12.6014
4.8539	11.9866
4.94913	12.3579
4.6987	14.1653
7.23923	10.1559
3.56059	14.2407
3.79377	14.17
4.22232	12.3268
5.97704	13.6088
5.46837	13.2508
4.15827	13.4754
5.48419	13.9501
3.6465	13.3969
2.88196	14.0107
6.55471	13.6394
6.69381	12.601
5.31053	13.0943
4.85154	13.9781
4.95313	14.0526
6.33693	12.6227
4.58234	13.6871
5.02885	14.1231
2.76749	13.157
4.86273	14.1741
3.44049	13.5285
6.00954	11.1844
4.83523	13.9386
5.51034	12.3605
3.87752	14.6073
5.15168	12.7251
2.78629	14.776
4.22527	14.0279
4.43185	12.9265
5.88397	14.8325
4.50335	14.8659
4.85333	13.4311
6.11816	13.3097
3.85678	12.5112
5.47393	13.6321
6.63185	14.4973
4.30895	12.0032
5.69163	12.1148
2.99545	13.3163
7.37945	14.044
5.67705	13.7647
4.68211	14.1194
5.83778	14.0231
5.91868	13.223
5.33387	14.9497
5.12015	13.1096
4.01581	13.6211
6.39533	14.1037
6.7723	12.9176
6.64322	14.6491
3.41297	13.669
3.82734	12.6072
5.1571	13.5404
3.31179	12.878
3.28735	13.8449
3.9379	12.9882
6.05371	12.1452
7.57089	14.7889
3.64039	13.9746
3.72483	13.7645
5.78742	13.415
12.6259	13.5794
7.71896	14.9899
4.25382	14.3734
4.11494	14.6732
5.80668	13.4941
4.60995	12.8852
6.38088	14.9611
6.49067	13.8967
6.19014	12.9082
3.73269	12.5138
4.52633	13.366
5.32545	14.267
5.10078	14.958
4.09091	14.0416
4.75586	13.4213
3.53005	12.4409
3.40682	14.0307
5.56468	14.9721
4.70091	14.3454
4.41696	12.3305
4.6961	12.5063
4.69605	12.2908
5.8158	14.384
3.82595	14.5692
3.95767	12.9168
3.99584	13.1899
5.04359	13.9604
5.81377	12.0198
5.15131	13.918
4.69592	14.8154
5.6928	12.908
7.24231	13.9059
5.50396	14.7821
3.53935	13.4367
5.76377	14.8746
3.79069	14.4444
4.82492	13.8461
5.14924	13.2219
5.2822	13.3646
6.54169	12.0734
3.53646	12.5653
7.08216	12.3132
5.85207	13.4311
5.10017	12.81
8.8241	13.7322
3.97945	13.915
3.07877	12.2872
3.54285	13.414
5.61469	14.536
5.92611	13.6271
5.92759	12.7311
4.50488	13.2049
3.40597	14.691
3.6515	13.0351
4.30783	12.393
7.39688	12.9655
5.49578	13.246
3.3241	14.6086
5.73884	12.9114
3.9729	12.7796
5.59854	11.8925
6.33483	11.9672
4.16712	13.3796
5.18379	14.2086
6.00125	14.744
4.83839	13.5671
4.03922	13.6315
5.62828	14.1863
6.47517	13.4419
5.50367	14.3642
5.56786	14.1404
3.3519	13.3983
7.00049	12.6783
4.53271	13.4048
5.63711	13.2114
5.13768	14.5912
4.93518	13.6118
4.57391	13.5293
3.61178	14.1545
5.83782	14.8757
7.65776	14.0041
5.70393	12.9099
3.44631	13.4534
3.67562	12.348
5.95465	12.808
6.74116	14.8794
3.7044	13.0789
4.17437	14.3552
6.09747	13.8851
4.47829	13.772
8.62069	-2.33584
4.76386	13.1002
4.75247	13.5884
5.238	14.9675
6.99317	14.8034
3.1669	14.7959
4.96377	14.7422
4.16195	12.4488
5.21009	12.332
3.73903	13.7447
4.16078	14.479
5.48412	14.9011
3.88457	14.9704
4.10975	12.3304
3.68171	13.7848
7.38029	13.2649
5.12222	14.4016
5.78349	13.2069
4.99322	13.6293
5.95274	12.479
5.68865	13.5603
5.70847	14.9639
4.0279	13.9759
6.23129	13.7622
4.51662	13.9646
3.61021	13.0374
3.82927	13.5563
3.26096	14.4795
5.32616	13.5896
5.5599	14.9828
11.7609	6.79896
5.74644	14.5835
5.26661	12.6796
4.23051	14.1455
6.13372	13.8401
4.40903	12.7256
6.12451	13.9988
3.98434	14.7186
3.28513	12.2242
5.22448	14.3624
5.46535	12.874
7.09399	13.7278
3.76148	14.2256
6.92553	11.732
3.99348	11.9264
4.61945	14.0705
3.80173	11.995
5.46383	13.7146
6.12122	13.1172
5.22812	12.6936
4.33602	12.933
3.20489	14.735
4.78149	13.1231
5.3641	12.9074
5.26236	12.2622
4.50495	13.6241
3.15777	14.6526
6.9828	12.1144
4.13171	14.7287
4.15469	14.0588
4.95425	12.3924
6.33995	13.7632
5.83374	14.6693
3.47571	13.6623
4.36423	12.7929
2.94835	12.7691
4.69746	14.468
4.80035	13.9275
5.7502	13.9938
3.81346	12.709
4.34697	13.8644
3.27448	12.3298
7.83223	13.8845
5.52232	12.8963
5.20983	13.0584
6.57101	13.0904
4.66536	14.8299
4.49948	12.9963
6.60361	12.1947
5.45387	13.1013
4.65987	12.3278
4.24792	12.563
6.37174	13.3943
3.63758	14.8383
3.82027	14.5742
5.09529	12.5487
4.61749	14.8252
3.21595	13.4153
5.41827	14.7565
5.15347	12.691
3.01193	14.9524
6.6571	13.7876
3.56796	11.8797
4.2917	14.2278
6.04985	12.7336
7.22336	14.2045
5.11687	14.5188
4.49965	13.8153
5.50512	12.4181
2.93189	14.6496
4.93132	14.2793
5.67753	14.5575
3.1782	14.3167
4.43093	14.751
5.31797	12.2904
5.22998	14.6836
4.42839	12.9575
3.49398	12.8988
3.78196	13.2459
5.63644	13.4321
6.44511	12.5395
5.89704	13.4673
5.71552	12.2703
6.07264	12.1435
5.75927	12.0091
4.16273	13.0995
4.37079	14.5497
6.57665	13.2109
6.04885	13.2039
5.52432	13.1201
4.3387	14.5802
5.7985	14.2905
7.49149	14.5593
4.23994	12.4019
3.57686	12.8702
6.40444	13.3662
5.17494	14.3371
3.47159	13.897
6.9418	14.4924
3.95534	12.712
7.6891	14.1788
3.84812	12.846
4.52581	12.6273
3.24183	12.4832
5.9119	14.7324
6.10466	12.745
3.6055	13.5022
4.62092	13.3653
5.44596	11.8694
3.98312	13.8007
3.56253	13.5251
5.22233	13.7028
5.39839	13.1984
4.14676	14.732
3.944	14.8386
4.77019	14.794
6.37441	12.8413
3.24307	14.5657
5.77105	13.5866
4.5731	14.7904
3.97846	14.563
6.51707	14.3519
4.13059	13.2689
3.50689	13.975
6.20052	14.127
5.46281	13.6122
3.08268	13.652
3.21215	14.523
5.48989	14.0041
4.3035	13.5801
6.04136	14.7822
7.13502	14.6259
5.44988	13.3114
5.02988	14.7858
5.22371	12.3681
5.22941	14.2913
5.78358	13.4457
4.7165	14.7793
3.92046	14.9072
3.81196	13.3236
5.09886	13.4821
5.68221	12.3362
3.13608	12.1804
5.18729	12.0174
7.16247	12.3834
5.37024	13.2935
3.26223	14.3729
3.95761	11.947
3.99965	13.5307
5.75854	13.3403
5.22347	11.9947
3.28675	12.8962
5.57249	12.9776
4.7505	12.2249
3.28609	12.7994
5.71825	12.0387
3.92324	11.9515
9.41065	12.4536
6.72643	14.344
5.13314	13.5639
7.71008	10.5125
5.11952	14.884
4.66088	14.278
6.06253	14.2125
6.14936	13.0081
4.32107	14.683
5.52756	14.2822
6.11013	12.7037
5.37279	13.1438
3.29008	14.7595
4.87203	14.8073
4.93845	13.0068
4.37925	13.9368
3.86074	13.0928
5.36351	13.6281
4.9322	14.7126
5.07963	12.9694
6.3134	14.9822
5.41621	12.8851
6.64991	13.6269
4.18745	14.4241
5.31731	14.1982
3.23422	13.891
4.24359	13.1967
6.64512	14.1773
3.40032	13.5503
6.37903	14.5891
4.25509	12.9534
4.86254	14.7295
6.15573	14.088
5.02449	14.4329
4.17374	13.2355
7.11763	14.1961
5.88863	12.388
4.4402	14.4431
5.78089	14.798
6.13056	14.6121
4.60689	14.0925
4.13957	13.8772
6.10713	13.1194
4.32108	13.8815
4.34813	13.1171
3.89451	13.9181
4.93103	12.0325
3.16969	14.7826
3.82847	14.019
5.92693	13.1912
5.87458	12.4073
3.96532	14.1041
5.59289	14.8913
2.83064	14.9149
5.01841	14.3782
5.41554	12.2629
5.72351	13.7016
5.17391	12.6996
5.25622	14.3788
3.72583	14.1084
4.21375	13.5112
5.69842	13.949
7.20839	-7.25033
4.87949	12.7338
5.46764	14.2954
7.64581	9.64708
4.10565	14.9369
3.95618	13.0335
5.89598	12.3471
5.71862	13.2119
7.30024	12.4475
4.24571	13.2276
4.44387	14.488
3.52933	14.6597
3.51044	12.3335
5.81616	14.987
4.87359	12.0374
7.47127	13.7693
5.45109	13.9612
5.56404	13.6552
3.91968	14.8159
3.74346	14.3348
3.59702	13.4062
3.48759	12.8568
5.50533	14.031
5.27048	12.2563
4.92191	13.8568
4.32465	13.2155
4.31134	14.2937
8.55246	10.059
5.53315	14.2987
4.5028	13.7879
5.29485	13.7163
4.17252	13.1352
6.08617	14.8095
5.89062	13.2949
5.15056	13.0427
4.57438	14.5837
3.47874	13.3038
3.23833	13.7922
4.43236	14.8041
4.07588	13.7496
5.38284	14.1724
4.7323	14.2882
4.34254	14.896
3.55348	12.8917
3.31687	13.5721
5.83599	12.43
5.10489	13.9902
6.95669	12.8408
3.88909	14.6142
6.30795	13.6541
4.63007	12.1445
3.66534	12.9696
5.7014	13.6224
3.44241	13.1023
5.12181	13.6893
6.72677	11.8466
6.05394	14.6016
3.43781	14.01
5.19631	13.5679
5.24063	14.857
5.66117	12.1279
5.99364	12.3819
5.32834	14.0782
5.88524	14.1955
3.79908	13.7759
4.07093	14.9608
5.27609	13.4382
5.18033	13.2133
3.61138	13.5443
3.22621	12.4894
4.27598	12.0149
3.87115	14.6792
5.57148	14.8567
6.47609	12.6896
6.45273	12.7272
4.34323	13.9592
4.08796	14.4833
5.61932	14.7859
3.89335	13.6098
6.12432	14.1901
5.21197	14.1373
5.23221	14.3089
3.39718	13.2358
5.7184	13.6008
4.58008	12.0471
3.70708	13.6623
4.10989	13.2797
5.07558	14.814
6.68714	12.8129
3.33719	13.8038
5.99422	12.6905
4.08944	14.0911
4.76533	13.8866
4.92113	13.9004
6.46263	13.9806
6.7799	12.0646
5.41027	14.2049
3.11164	14.7385
5.23212	14.2138
2.94297	13.4809
4.06763	13.3564
4.39868	13.1875
4.88468	12.4919
5.40569	14.1951
8.64026	14.8441
4.13512	14.1894
4.48384	14.7729
6.73197	14.0306
7.05416	14.851
5.55112	12.5595
5.93627	12.4369
5.46408	14.3098
5.44453	14.642
4.21772	14.6892
6.29048	14.8764
6.467	13.8649
3.64127	13.7943
5.09442	12.6111
5.46119	13.1574
5.71573	12.7579
5.13176	14.164
3.69301	14.3816
4.00313	14.8484
5.85107	12.7228
6.30368	13.8193
3.32706	12.8991
5.08001	14.9537
3.48439	13.9142
4.05246	13.9334
4.48061	12.1708
5.83861	14.5704
6.78029	14.2213
6.45705	13.0317
4.40195	14.1938
5.66482	13.8291
4.49388	12.1491
4.31725	14.3182
2.92792	12.4532
6.48666	12.3071
5.96141	13.7406
6.1559	13.9014
5.33225	14.6717
4.89373	13.9772
4.59194	13.3822
4.32818	12.114
6.14594	12.6306
4.39068	12.6554
4.81031	14.9346
5.6175	13.1911
6.40864	10.5735
5.90834	11.1534
5.76476	12.0088
4.63292	13.6842
3.28363	13.1788
5.07073	14.8661
3.76992	14.2874
5.71811	12.2854
7.6557	14.6673
4.47109	14.4445
5.44003	14.1911
5.26768	13.1895
4.90148	13.3802
4.90097	14.5156
5.43737	14.952
10.9876	13.3887
5.98748	14.5117
3.08949	13.5674
4.64818	14.7453
2.85353	12.2632
6.60589	12.9832
4.5662	14.8488
5.33218	12.5063
3.9053	13.9902
3.87051	14.6972
3.38737	14.3415
3.6848	14.0955
6.44446	12.2565
3.5993	13.1457
7.04675	13.3365
5.12859	14.1239
6.14399	14.9097
3.11312	12.7556
3.89115	13.4726
6.8976	14.2612
5.94239	13.3417
7.02988	14.3401
5.04828	14.2153
5.17255	13.0756
6.31585	14.091
5.43017	13.8109
3.55061	12.6296
5.85241	12.5343
5.16506	13.0468
4.62372	12.0636
5.06222	13.5414
5.07842	14.8245
6.3412	14.8433
4.17827	11.9681
4.94409	14.8486
5.72157	13.6231
3.81585	14.2946
4.57568	14.6918
4.51158	12.8805
3.02527	13.3248
4.77776	14.561
6.39332	14.4427
4.7417	12.1402
5.8776	14.4967
5.40712	14.692
3.97694	14.5378
5.74997	13.8323
4.71554	12.3659
5.80761	12.8515
3.39161	11.9783
4.3176	13.6243
7.60351	12.5898
4.36	13.8518
6.02799	13.5031
5.64823	12.885
4.95919	14.4206
6.49485	12.3571
4.92193	12.4661
4.72831	14.7407
5.48111	14.4658
5.41336	12.8472
5.87673	12.0926
5.17998	12.8073
6.2047	13.5251
5.15715	13.5236
3.21516	12.2412
6.47898	14.2849
5.22566	13.7496
3.40552	14.942
4.93594	14.1618
5.08214	14.2983
5.23723	12.3887
4.86441	11.7625
5.88555	12.5922
4.7477	13.9495
4.79369	12.084
4.44027	13.9143
5.35538	14.1828
5.90502	14.8144
3.8213	13.2423
5.67239	14.9353
2.88014	14.2921
5.26993	14.4857
5.25954	12.3674
5.57325	12.9835
6.42345	14.8927
3.5632	14.2305
5.03691	13.6144
4.34119	13.1692
5.25778	14.7805
5.48498	12.6891
4.46799	14.9571
5.3939	14.697
3.05571	11.8962
4.66323	12.6459
3.36831	14.8119
5.76804	13.7302
5.82553	13.5592
5.68926	13.7224
4.79064	13.1356
3.90655	13.8653
5.28533	13.0108
3.01275	12.9707
7.60539	11.8415
7.00584	14.5727
5.65314	12.6322
5.72871	14.0062
3.70092	13.1789
5.45688	14.782
5.81901	12.2679
2.99681	13.3782
5.57993	13.4367
4.90155	13.7684
4.55292	14.9754
4.12096	12.4673
4.11555	13.211
3.98932	14.3869
6.4141	10.0289
6.93638	14.9094
4.79604	12.8161
3.9124	14.0907
5.79241	12.8076
3.7163	12.3564
4.2297	13.1128
4.97786	13.4511
3.68294	13.8641
6.37933	11.9951
5.81691	13.4235
6.11529	13.198
4.49649	14.9351
4.29583	12.7667
5.50472	14.7171
3.56551	14.9636
3.03835	14.1325
5.38043	13.0506
5.44018	14.1199
3.92658	12.5214
3.56875	14.8358
6.74065	11.5519
7.66392	11.7574
4.98826	14.2263
5.07003	12.5658
6.72059	14.2331
6.67854	13.767
8.38521	13.7375
4.78426	14.0654
5.09187	14.9077
4.65533	14.6656
4.85314	12.8194
7.07919	13.7455
5.31274	13.7837
4.5747	14.06
4.74191	14.6737
5.61135	14.4122
4.43455	14.0668
3.6197	13.558
3.64327	14.1775
4.81891	13.6575
4.94286	12.4243
4.70017	14.1639
3.21331	13.4744
5.18206	14.3206
4.46669	14.7112
6.30984	12.5971
5.75002	14.1042
4.58286	12.5721
5.04514	13.5575
6.92516	14.8734
5.18097	14.3937
3.40993	13.0199
2.91273	14.9727
4.20015	14.7606
5.5849	13.5653
4.75099	14.3431
5.50907	14.7537
5.73663	13.3304
3.57832	13.0219
5.88845	13.4509
5.70885	12.3558
3.7402	14.6643
4.76003	13.3807
5.35504	14.8402
4.7527	13.7631
4.37569	13.0457
6.34118	14.1168
3.97894	12.6743
3.31354	14.0089
5.20966	14.664
5.30162	13.5957
5.04505	13.4587
5.34025	14.9585
3.47987	13.5512
5.96826	14.4547
4.84563	11.8538
5.50325	13.8915
3.8538	13.245
4.67457	14.8264
6.42341	11.9946
3.11046	13.7084
6.33081	12.4143
3.5022	14.8526
5.70034	13.0959
4.16037	12.7654
5.88309	14.6033
5.54823	12.5569
5.07215	14.9205
4.46848	13.505
3.10854	14.9461
5.38867	13.0543
5.15884	13.5461
6.1906	14.1942
5.74864	14.3681
3.30039	13.9242
6.30715	12.9534
5.22942	13.4753
3.44758	13.6124
5.76529	14.0484
6.00717	13.0992
4.60673	12.8344
5.64015	13.0723
3.3472	14.2732
4.53996	13.7919
5.51192	13.1931
7.08831	12.4281
5.15693	14.8233
4.38865	12.5331
6.47091	10.7153
5.02058	12.6868
5.95974	13.8425
6.84864	14.7582
6.36807	14.3297
5.23893	14.0834
5.51993	13.6301
3.63055	14.405
4.75817	13.5433
6.09373	13.6552
4.51067	12.4613
3.6955	12.7788
5.07454	13.1929
6.35585	13.3635
4.51157	14.6311
4.90191	12.7437
4.99545	13.7572
3.8471	14.984
4.70388	14.0229
5.68786	13.3092
5.55955	13.8088
5.91504	14.7666
5.27213	14.8937
6.32419	12.1736
4.17179	13.8662
4.2922	14.6571
5.99977	13.7313
3.77691	13.5545
3.77452	13.4353
5.05719	14.0869
6.07287	14.9449
4.65135	12.5069
5.07622	13.9034
4.30787	14.8386
5.89168	14.5057
5.47976	13.9607
6.96176	14.103
5.65954	11.934
5.4738	14.3681
5.67907	14.4101
5.02625	13.9311
5.80291	14.7699
6.09278	13.655
5.32437	12.8404
5.44061	12.5881
4.34273	13.9295
6.03481	13.8181
6.19709	12.35
5.58607	12.6578
4.7064	14.8918
4.94899	14.343
6.03329	12.1639
4.46884	12.0067
7.53351	12.7138
4.62205	12.8117
4.75574	12.7578
4.97331	14.2208
5.03324	13.4969
5.58434	12.7103
5.45182	13.2377
3.14931	14.5351
7.60389	12.2498
4.75196	12.9717
5.46535	13.2458
4.76373	12.9157
5.59602	14.2969
5.42887	13.7458
3.41487	13.2399
6.5528	13.8205
6.86825	12.0789
6.11857	13.8832
3.26748	12.1682
4.4579	13.8052
3.65311	14.8423
5.03321	13.9072
4.08955	14.2188
5.74257	13.8128
5.06539	14.6127
3.64194	12.9865
3.52028	13.2677
4.11515	12.389
6.40468	13.9205
3.4941	14.6251
3.87558	14.3484
4.94848	14.9066
3.23129	14.2765
4.39252	12.6324
4.74157	14.4927
7.43403	12.4677
4.32113	12.6582
5.74532	14.8761
2.88105	13.9589
7.2636	14.8017
5.45312	14.558
3.81482	14.0006
5.54281	12.5434
4.92563	13.6345
3.74877	13.1716
5.52947	14.547
6.58602	14.2365
3.48906	13.9582
5.49381	13.5184
5.48255	13.0197
5.63417	12.1374
5.33103	13.9093
5.24589	13.9483
3.47985	11.9689
5.35111	14.4964
4.9784	14.9278
5.85644	14.9708
4.92236	13.5997
4.72849	12.4677
8.36615	14.6836
5.33337	13.3588
5.60579	13.5173
3.77966	13.8764
6.41485	14.9264
6.75781	14.4812
5.47152	14.0164
3.54502	12.2796
3.91598	14.9805
3.67008	13.2902
4.90807	13.8415
7.19619	13.591
4.83403	12.3301
3.42263	12.9152
3.75806	12.371
6.0839	14.2847
5.09123	14.8623
3.94929	13.4021
4.84643	14.3691
3.52199	14.446
6.67021	14.1529
5.9788	13.3148
5.98037	12.9617
5.00776	13.5048
5.11309	13.8576
6.02757	13.5922
4.16143	14.5624
6.65104	12.8429
4.99897	13.5835
6.84787	12.6814
5.22902	13.283
6.38595	-4.64184
12.5384	14.6472
3.83506	14.9476
6.71857	14.9676
6.21073	13.3079
4.03815	12.2717
7.08486	12.5802
5.88394	13.0135
6.071	14.0147
10.9498	13.9521
5.69742	12.437
5.62555	14.0224
3.58376	13.087
5.24107	13.2655
3.97039	14.8679
5.03843	14.6352
5.15095	13.0688
6.38849	12.6031
3.72778	13.8642
3.37063	14.2412
6.59625	12.51
2.99918	13.6894
7.10266	12.7352
7.17305	14.7909
3.58766	14.7663
3.40737	14.4345
4.85677	14.7708
4.8107	12.3539
3.62137	14.0714
5.93073	14.837
4.34774	14.0274
5.43141	13.8097
2.88179	13.1513
4.03194	14.4559
3.52536	12.4051
4.61543	12.9173
4.1667	11.9811
4.47772	14.2872
3.09045	14.9873
5.66888	14.1989
3.29065	12.5926
3.67379	13.1068
4.73792	12.8616
3.31322	14.6537
5.86766	14.0217
7.26589	14.3841
4.81787	12.5976
5.25506	13.9028
4.78874	12.1717
6.3717	12.2045
4.16303	13.2336
5.01049	12.1839
6.98598	14.7951
6.84768	14.1524
4.08543	13.7647
3.52496	13.8887
6.39005	13.7996
5.00093	13.1996
6.66042	12.6592
6.03546	12.7716
3.59295	12.2257
6.75908	14.4759
4.56157	13.2683
4.39118	14.4626
3.45814	13.4761
3.97064	12.7707
5.31732	13.0777
6.20419	14.4996
5.05903	14.8395
5.79565	14.8761
5.47496	14.6973
6.36499	12.7283
6.14546	11.7585
3.75445	12.9339
3.488	12.5444
6.39501	13.1646
4.59283	14.0014
5.63	13.8192
6.82983	12.7238
4.55858	12.3413
4.46689	13.0758
5.05798	13.3562
4.40232	14.2221
5.06728	14.4403
3.9521	14.0982
4.85407	13.2201
6.95522	14.3249
6.31535	11.4818
3.36458	14.0743
5.03866	14.9199
3.69773	13.8604
6.02275	14.1726
3.8829	13.9791
2.80533	13.6449
3.6485	14.1994
5.37421	12.6641
4.49044	14.992
6.76832	12.0535
5.77894	12.0694
7.21536	14.2532
4.25157	14.8152
5.54168	14.8149
5.48605	13.6371
5.35581	12.4773
5.96215	14.2335
5.18487	14.0281
4.22372	12.5024
6.38102	12.6869
6.19105	13.3118
5.65003	12.5612
5.57598	13.3114
3.04944	14.7277
4.95628	14.0076
6.35063	13.4239
3.82262	14.5377
4.22405	12.1035
6.86618	12.485
5.90741	14.7209
5.23466	12.0176
4.46829	12.65
3.45939	12.3305
5.89614	14.9707
2.91406	13.5205
5.39005	14.6733
4.47877	14.6071
7.2019	12.572
6.15408	13.9591
4.85484	13.3089
3.62194	14.1595
7.70849	13.694
4.31538	12.9957
6.05255	14.1475
4.17275	14.4072
4.16465	14.7311
5.8366	14.8123
4.88763	13.6198
4.20305	12.9733
5.35906	12.2032
4.2911	13.8381
5.63586	14.7631
3.84246	14.6273
5.8486	13.8632
5.85427	11.5868
4.04079	14.8821
6.17704	12.2916
3.53575	13.6022
5.63676	12.7026
5.50022	12.8761
6.12414	14.3142
3.84093	14.2358
3.98003	14.9691
5.58342	14.6506
4.26805	13.3101
3.3244	14.5227
3.26096	14.5822
4.26912	11.8883
5.42424	14.3316
4.86957	14.8857
7.40041	13.7017
5.35932	13.8987
2.95442	12.5481
6.16776	11.7426
4.32385	13.6931
4.57601	13.5362
4.84162	14.6765
5.77764	12.0808
4.3186	13.1458
4.71165	13.8745
5.1438	12.5706
4.61428	14.3247
3.11886	14.6373
4.78782	14.1793
4.93332	13.9076
4.9896	12.9519
5.34647	14.5737
5.52145	13.3558
4.88568	14.4492
3.15607	14.3734
5.02755	12.6125
4.23879	13.1957
4.58324	14.0195
4.80985	14.9871
3.16565	13.6955
5.08118	13.5336
3.32613	12.8513
5.6134	12.4039
5.7827	13.27
5.62726	14.6503
3.63855	14.9808
5.26326	13.2614
3.64038	13.0468
5.29184	12.3445
4.33061	12.7976
4.37123	14.8909
5.0295	12.6417
7.53613	14.5043
5.30171	12.0405
5.999	12.2071
5.00419	13.2371
5.7384	13.2677
5.18221	13.5127
4.85871	14.101
4.78981	12.2335
3.40289	12.3025
5.1258	13.4552
2.98933	14.1068
5.25399	12.6979
4.00832	14.2275
3.95088	14.3347
4.02847	14.7441
6.62471	12.644
3.52017	13.4321
7.11941	13.7574
4.97307	13.845
4.31253	12.7633
5.63751	14.6165
5.19641	13.3644
5.99827	12.4439
4.77349	13.6893
4.49245	14.8308
4.95172	14.3314
5.04913	13.3712
3.14915	12.8234
5.80544	14.1778
5.35698	12.7845
4.20707	13.8916
4.56828	13.7357
3.63804	12.5512
5.43268	12.2887
6.36521	13.0688
3.90466	12.3582
4.1756	12.5089
4.22668	14.2599
3.59935	13.4513
5.37009	13.4286
5.72843	12.7281
6.23583	14.7913
5.48075	14.6623
2.89888	13.5297
3.69228	11.9323
5.05376	14.8968
4.39895	12.6403
5.56649	12.094
6.27255	14.7675
4.49961	14.0842
4.93403	14.6775
6.73977	13.6099
5.61434	14.9752
3.71735	14.6792
5.93014	14.5594
5.73344	13.9254
3.76412	14.5647
4.50547	14.7287
4.31361	13.2598
4.87118	13.9881
6.14116	12.822
5.78763	13.7914
4.95218	13.4179
4.75204	12.8174
3.26001	14.6858
4.56818	14.8994
4.12341	14.3731
5.17246	14.1264
5.66179	14.7404
3.42074	13.4138
3.44635	12.9538
3.40505	13.303
5.35798	12.3397
4.27941	14.1418
5.64029	14.2272
3.52718	13.9754
5.49102	13.7222
5.27552	12.3543
5.88221	13.3574
6.31233	12.5819
7.23039	12.4774
6.49783	14.1428
4.85969	12.4332
5.7594	14.2273
3.85771	13.2265
5.03843	14.4103
5.54913	13.7253
5.24696	13.0315
4.20768	14.5695
6.63067	14.8486
4.79861	14.6291
4.52788	12.6865
4.36666	13.9837
5.91877	13.5158
5.61818	14.5318
5.83163	14.039
3.6712	13.335
4.14146	13.9729
4.19974	12.6724
3.51537	12.2354
6.60528	13.6708
3.07515	13.8641
6.21692	13.8719
3.20686	12.9622
4.01728	13.7396
