-8.18695	14.9983
-9.83634	14.6094
-7.10323	13.0469
-6.27892	13.5662
-8.20842	14.997
-9.58897	14.442
-6.56139	14.9342
-6.98512	14.345
-5.38148	14.2013
-5.85755	14.3197
-8.33574	14.8061
-8.38471	14.7556
-5.81244	14.8207
-6.69213	14.0702
-8.9521	14.0843
-5.21704	14.7243
-7.64116	14.9279
-5.96599	13.795
-6.31527	12.8573
-6.40891	14.5029
-5.95976	14.8241
-5.46799	14.8272
-6.04609	14.8973
-7.16945	14.9605
-9.28084	14.6597
-8.03224	14.7837
-5.94017	14.785
-6.28662	14.7511
-7.66175	7.2251
-3.05862	11.5468
-7.87812	14.5236
-7.2394	14.7457
-7.2502	14.9468
-7.24876	13.7396
-6.37041	14.4489
-8.30117	14.4412
-6.41557	14.2431
-8.07599	14.752
-7.21907	13.4787
-8.80111	14.9997
-8.39941	14.45
-5.14267	14.526
-5.08802	13.8827
-7.14933	14.4389
-9.88116	14.4754
-8.30999	14.3873
-8.05942	14.6603
-8.58501	14.7405
-9.07961	14.7939
-7.26618	13.845
-8.10641	13.7414
-7.99306	14.9379
-6.18266	14.6886
-8.57165	14.9579
-5.40461	14.4263
-4.58854	14.9596
-7.69003	14.5589
-7.0796	14.1197
-7.35576	14.972
-8.97494	14.8268
-8.78872	14.8689
-8.09448	13.8852
-7.91081	13.7558
-6.0423	11.1175
-5.45829	-9.70235
-10.0113	14.3926
-6.60446	14.2175
-7.63739	13.804
-0.653687	12.9812
-4.69519	13.567
-8.10894	14.3829
-7.5003	14.7481
-6.381	14.481
-6.70304	14.9601
-8.45731	14.3892
-7.75406	14.1833
-9.10668	14.7294
-7.65853	14.2131
-6.32228	14.8961
-6.87132	13.4053
-7.08696	14.9045
-9.1146	14.3464
6.24945	5.80627
-7.7487	14.7414
-7.10838	14.317
-8.22763	14.7498
-6.38272	14.8101
-4.00491	14.9118
-6.42485	14.0958
-8.66183	14.2812
-9.52132	14.8729
-8.34139	13.7756
-6.97517	14.2888
-9.29603	14.6029
-7.48061	14.5347
-10.2204	12.2309
-6.98161	14.0057
-7.8957	14.534
-7.05225	14.8904
-8.89444	14.7369
-8.08943	14.6373
-9.1066	13.4379
-6.17063	13.3155
-6.59096	14.5383
-5.90548	13.6555
-8.09083	14.8379
-6.51759	14.3919
-9.61084	14.1189
-7.11059	14.1309
-8.80325	14.6516
-6.8795	14.7464
-7.55729	14.2148
-8.1569	14.9687
-6.55397	14.9919
-7.99703	14.3844
-8.61085	14.0833
-6.15218	13.9865
-6.92685	14.7858
-8.75396	14.438
-8.11376	14.9675
-8.08945	14.024
-4.73618	14.4766
-6.69002	14.6757
-9.91085	14.4679
-5.91901	12.9028
-6.54328	14.8874
-7.72668	14.7856
-7.89163	14.5886
-9.44505	14.5366
-6.12828	14.719
-10.0288	13.9188
-8.87063	14.5676
-7.69217	14.9107
-7.10072	13.6862
-8.71161	14.1003
-7.3686	14.2468
-5.26677	14.5347
-7.6666	14.3735
-10.1745	11.2299
-6.71746	14.1844
-9.76936	14.0589
-8.32962	14.7089
-5.75082	14.3673
-7.32307	14.1074
-6.59516	14.614
-9.36424	14.5588
-7.62982	14.8042
-10.5882	13.4871
-6.35381	4.54166
-6.32644	13.5088
-6.79554	14.9529
-12.5888	11.4456
-4.26527	14.8847
-9.08731	14.5524
-5.19582	14.6392
-7.63927	12.6137
-5.93477	14.5536
-7.08254	13.7805
-9.06335	14.9091
-6.64634	13.9975
-4.85925	13.8042
-8.53701	14.5316
-6.45421	14.9214
-7.88165	14.3269
-6.7639	14.7166
-7.16869	14.9669
-7.4598	14.8684
-6.00419	13.0793
8.31801	9.02805
-8.47055	14.9702
-8.64645	14.2928
-9.21135	14.2238
-7.06654	14.015
-8.36701	14.386
-6.30208	14.9703
-7.82338	14.4182
-5.23782	14.6251
-8.65737	14.9168
-7.36276	14.3323
-8.39886	12.0748
-3.72878	13.7427
-6.18243	13.8595
-6.91866	14.9199
-5.48155	14.7879
-6.2831	13.7201
-8.39898	14.3786
-8.45363	14.2159
-8.33555	14.8887
-8.45139	14.6323
-8.72951	13.3066
-7.91976	14.6813
-8.35835	14.8107
-6.87559	14.7511
-5.43142	14.7403
-6.39227	12.2651
-9.32354	14.9426
-7.26262	14.5245
-9.50644	14.2042
-8.41346	14.5325
-9.80201	14.781
-7.17422	14.6514
-7.25892	11.3571
-8.06369	14.7408
-7.77825	13.1293
-7.9155	14.8005
-6.8416	14.9654
-7.5961	14.5469
-7.08602	14.6126
-6.58443	14.9708
-7.79521	13.2717
-9.32831	14.0906
-8.51618	14.6066
-9.95407	13.9206
-5.76273	14.2449
-7.84622	14.2422
-7.91461	14.5365
-7.51835	13.6639
-6.92702	14.3696
-5.85578	13.6756
-5.75129	14.5243
-4.76844	14.2482
-6.93737	14.6575
-9.60222	14.5281
-9.12351	14.6857
-6.87918	14.5816
-9.06962	14.8293
-7.0923	13.3319
-7.6974	14.8585
-7.73571	12.7226
-8.21241	14.9193
-13.1272	12.9196
-5.67299	14.6716
-7.64354	14.6854
-7.06204	12.6628
-7.71719	14.932
-6.59718	14.8727
-7.38748	14.9202
-6.5048	14.9049
-7.14833	14.9518
2.20259	9.9839
-9.60249	13.6815
-5.6356	14.8619
-9.36528	13.9113
-6.89064	13.9249
-8.6709	14.1849
-8.50632	14.1747
-6.78645	13.6014
-8.12212	14.4536
-12.2922	12.7047
-7.7625	13.856
-4.90314	11.0115
-6.38437	14.0266
-7.46242	14.9296
-9.12644	14.3748
-6.86762	14.0741
-8.65959	13.7175
-5.63738	14.668
-7.95719	14.8569
-6.53374	14.6471
-9.37834	14.8403
-6.17903	14.9654
-7.95707	14.9863
-8.63721	14.9043
-10.1817	14.5522
-8.44589	13.3034
-5.43977	14.5339
-8.22057	14.6475
-8.4568	14.473
-5.43015	-2.30939
-8.13156	14.4769
-6.88193	14.1851
-7.81172	14.69
-8.56443	14.6637
-8.07373	13.9119
-9.84564	14.8687
-0.837235	14.9946
-8.30574	13.8444
-8.68999	13.1629
-5.13888	13.8137
-8.76217	14.9763
-8.52642	14.9857
-6.95805	14.8411
-7.01844	14.8902
-8.71578	14.2807
-8.89566	14.7156
-8.77867	14.3231
-8.25989	14.8162
-8.2405	13.6753
-8.62648	13.8262
-4.53108	14.6632
-4.69716	14.078
-8.98949	14.7608
-7.38851	14.4891
-6.88537	13.8738
-8.65524	13.4172
-6.52475	13.7071
-7.69043	14.111
-8.50144	14.7928
-7.81974	14.8698
-8.01411	14.4516
-8.0919	14.9185
-8.37579	14.1217
-6.15452	14.3882
-7.89322	14.9223
-6.68189	13.9501
-8.95665	14.8686
-7.85291	13.9997
-6.48638	14.1715
-7.6153	14.6145
-7.72975	14.4323
-4.6906	14.1678
-5.47936	14.6622
-8.64531	14.9663
-7.86293	14.5797
-7.26133	14.8963
-5.50894	14.8667
-6.88258	14.7534
-5.71174	14.1278
-4.47545	14.1539
-7.84363	14.1903
-8.91509	13.992
-7.0139	14.7574
4.49367	4.47571
-5.98597	13.7303
-6.02734	13.3823
-8.43624	14.2897
-7.18252	14.4927
4.22158	4.76044
-8.30716	12.2752
-7.38063	14.0513
-8.98591	14.664
-7.16445	14.5942
-9.25485	14.9002
-6.11652	14.9606
-5.54786	14.4895
-3.07027	11.8869
-8.78344	13.3627
-7.04833	14.9915
-6.64905	13.8186
-6.45	14.6045
-6.21683	14.7858
-6.16181	13.8385
-7.77322	14.2102
-9.41415	14.8124
-8.20658	13.5852
-5.92863	12.9798
-6.87785	14.844
-6.90554	14.9509
-8.79741	14.9589
-5.84036	14.5401
-10.0631	14.7771
-9.66098	14.996
-8.57072	14.8933
-5.8566	14.2967
-4.56149	14.9805
-6.7023	14.217
-5.09832	14.8455
-6.33469	14.7622
-6.70113	14.5029
-4.55946	14.6408
-8.89935	14.6704
-8.27611	14.1978
-6.94994	14.8757
-8.22798	13.8856
-6.78435	13.5627
-7.45775	14.9939
-7.18982	14.2013
-7.27288	14.9735
-6.21775	14.296
-7.7564	14.6576
-6.39589	14.4767
-10.2164	14.38
-7.84405	14.3255
-9.08833	14.1902
-7.54247	14.6835
-7.80646	14.559
-9.39758	13.8834
-3.02313	11.9304
-7.27245	14.1035
-5.73103	14.9762
-7.72714	14.6032
-7.67837	14.8756
-8.00145	14.9446
-5.64911	14.4882
-5.32512	14.7386
-14.1666	13.9411
-4.48962	12.6269
-6.69343	14.499
-9.16844	11.279
-5.59147	14.7465
-9.84666	14.7365
-8.78441	14.6864
-12.0784	13.2781
-5.94979	14.0742
-9.53203	14.4862
-7.08173	14.805
-7.48959	14.8197
-9.92678	13.9473
-7.43443	13.4839
-7.76666	12.388
-8.10369	14.9663
-6.84972	14.9568
-7.5091	14.1847
-7.02384	14.8391
-7.77289	14.2877
-8.23516	14.5257
-6.91412	14.6154
-9.57495	13.1533
-7.74564	14.8794
-8.16365	14.7779
-8.98297	14.1438
-5.81253	13.7694
-10.1976	13.8488
-6.32201	13.4857
-8.77057	13.7823
-5.44941	13.6018
-8.93398	14.9876
-8.32717	14.1075
-7.75934	14.4038
-6.46515	14.8359
-5.26783	13.6802
-7.81325	14.4152
-8.75721	14.4816
-8.0829	14.8383
-10.6218	12.9771
-11.5472	12.817
-7.31082	14.6862
-7.92447	14.7387
-6.30543	13.3918
-8.06175	14.3288
-7.74436	14.1176
-10.0564	14.692
-6.3915	14.3113
-7.15775	14.9604
-6.30688	14.7894
-7.63533	12.8479
-5.58462	14.3614
-9.25106	14.7271
-11.6788	10.7856
-8.60404	14.3135
-8.15246	14.9575
-7.24452	14.8142
-6.38088	14.1783
-6.91927	13.8209
-5.65658	14.7623
-9.02918	14.5167
-5.64084	14.3619
-8.97344	14.6131
-8.33977	14.4187
-6.16905	14.7013
-7.55387	14.5248
-9.85038	14.8043
-5.64796	13.645
-7.63046	14.1186
3.50446	11.0325
1.0989	12.2157
-7.23959	13.6397
-7.75288	14.8724
-8.22131	13.2238
-5.92347	13.5606
-6.7664	14.3037
-8.55442	14.7548
-6.77154	14.6978
-7.92019	14.733
-6.79455	13.4905
-5.45151	14.2918
-8.82601	13.0487
-6.28068	14.9656
6.3241	3.90638
-8.3583	14.2809
-11.0085	12.2878
-7.98153	14.5652
-8.24252	14.6446
-6.47916	14.7491
-7.86485	14.9353
-7.84364	13.8076
-9.14134	14.8094
-7.95226	14.9287
-8.91119	14.7166
-8.88332	14.4549
-9.05247	13.9677
-9.57519	14.3581
-4.96031	14.9981
-6.0288	13.8003
-10.0803	14.7823
-9.09956	14.0514
-8.13281	14.6154
-8.53148	13.5472
-7.61384	13.9403
-6.59414	14.5892
-8.32114	14.6992
-7.98951	14.8421
-6.22218	14.9832
-8.23052	14.8049
-5.7913	14.5978
-10.3966	14.7049
-6.22008	14.9903
-6.0458	14.7638
-5.71934	14.6187
-9.13115	14.9789
-6.13236	12.1702
-10.0455	13.9103
-0.685419	7.51479
-7.77478	12.8945
-8.59874	14.6403
-13.4428	12.7288
-5.04552	14.7459
-6.02131	14.8806
-7.50258	14.9509
-6.87333	14.685
-7.28844	13.8869
-7.56959	14.9286
3.0628	-0.755217
-5.08829	14.3712
-8.2368	14.4562
-6.85227	14.6178
-7.29689	14.0175
-9.2077	14.1278
-8.56098	14.9065
-7.95846	14.5667
-8.28355	13.6051
-5.59427	14.8522
-6.91033	13.0056
-6.59178	14.2824
-9.50596	13.9133
-5.94647	14.7772
-4.92317	14.3771
-10.5616	14.2537
-7.86145	14.7457
-8.05452	11.8399
-5.86603	14.9411
-8.20543	14.8951
-5.25272	14.8028
-9.03309	14.6764
-8.28329	13.2531
-8.20666	14.8408
-8.78107	14.9654
-8.24774	14.7765
-6.54079	14.58
-8.09332	14.7207
-5.67847	14.3573
-6.33715	13.8571
-9.22272	13.8285
-8.53996	14.6503
-7.39495	13.7799
-10.477	14.6958
-8.00985	14.7074
-4.80352	14.4023
-7.84101	14.2377
-8.56321	12.3626
-3.95324	11.4187
-8.63197	14.9627
-9.69824	14.4295
-4.4753	13.2362
-8.46192	14.9151
-8.49168	14.4244
-7.61278	14.5542
-5.7125	14.2742
-6.82474	14.0302
-5.58617	14.9251
-6.62685	14.4908
-8.80337	14.9899
-9.53943	14.3037
-6.42096	14.8791
-6.02691	12.9785
-8.58163	13.7262
-9.76414	14.6273
-4.74132	13.9174
5.79543	9.76006
-6.49251	3.14189
-6.53257	13.8557
-8.66734	14.819
-5.11973	14.3924
-6.15438	14.7353
-9.75342	14.6461
-6.45295	14.575
-7.0452	14.922
-10.1687	12.9613
-8.74331	13.9758
-1.61844	13.3766
-9.04275	14.6514
-8.20282	14.9535
-7.03881	14.8649
-8.1209	14.768
-9.9602	13.9576
-10.4035	14.4598
-7.027	13.5177
-8.56095	12.915
-9.63617	14.9946
-3.85829	14.2397
-6.0052	14.7401
-7.24146	11.6467
-6.42683	14.342
-7.8111	12.9052
-8.55991	14.9681
-6.31872	14.9835
-7.90148	14.7301
-7.61834	13.9429
-7.44606	12.7154
-6.20164	14.3234
-12.5823	10.1364
-8.82551	14.4069
-8.64644	13.5609
-8.16559	14.8659
-6.82313	12.5478
-8.65177	14.6099
0.750074	11.7187
-8.16226	12.2869
-8.84626	14.6079
-7.43024	14.3003
-9.60404	14.5194
-6.66302	13.655
-7.09429	13.9324
-8.30287	13.4212
-8.21432	14.9805
-8.80266	14.5876
-7.65396	13.8007
-10.3733	14.713
-8.32531	12.929
-7.15143	12.2946
-7.2899	13.5191
-7.11906	14.8573
-5.74222	14.2032
-5.94453	14.7339
-8.3416	14.9471
-7.6862	14.0711
-6.15322	14.8853
-8.76491	14.7337
-8.43715	13.793
-7.80908	14.4778
-8.98022	14.9335
-3.33925	12.8292
-7.30972	13.6915
-8.51883	14.5284
-6.60499	14.914
2.06568	11.292
-9.47583	14.3555
-5.67448	14.4567
-8.69072	14.1013
-9.88217	14.3564
-7.95732	14.136
-4.93209	14.4161
-6.1933	14.9131
-9.0625	14.9975
-4.31745	14.7747
-6.4393	14.9531
-4.31476	13.7028
-6.94601	13.0499
-5.82577	14.7237
-5.96684	14.7154
-9.27454	14.5987
-7.97193	14.6801
-1.34688	12.2482
-8.40308	14.2304
-7.66381	14.502
-6.6298	14.954
-6.57947	14.4945
-5.57763	12.577
-12.154	13.3434
-5.1507	14.8321
-5.28828	14.9609
-9.88404	14.8525
-8.45324	13.8705
-6.53907	14.3923
-6.36374	14.3748
-7.78187	14.8651
-7.38489	13.4082
-9.34492	14.5147
-7.07127	14.1362
-7.93918	14.2176
-8.00832	14.9728
-7.1878	13.8266
-7.46344	14.6339
-8.32661	14.8673
-7.63775	12.9303
-7.4548	13.4252
-6.86237	14.7714
-7.28296	14.3034
-6.11373	14.4799
-9.64511	14.0088
-6.95044	14.1589
-6.71723	13.4506
-9.94739	14.7669
-6.52795	14.7262
-7.95185	14.9651
-7.99605	14.7122
-6.56956	14.8396
-9.77466	14.3216
-7.18173	12.7045
-7.568	14.549
-8.30094	13.7457
-5.2362	14.5596
-9.59346	13.1407
-12.0628	12.3259
-8.81289	14.8467
-5.57106	13.3483
-6.16617	14.4416
-7.75732	14.0024
-8.24626	14.8491
-7.72634	14.0697
-7.50819	13.512
-7.3556	14.9635
-8.71713	14.3163
-8.80785	13.5339
-8.06621	14.9842
-6.90558	13.158
-9.58134	14.1211
-8.73766	13.9666
-7.59479	13.7753
-5.9996	13.4947
-7.13643	14.557
-7.2282	14.8228
-9.85016	14.8129
-6.17286	14.4137
-4.87746	14.6061
-8.10782	14.5864
-6.81021	13.8382
-6.59707	13.4021
-8.47355	14.7499
-9.52136	14.8458
-8.12014	14.6116
-8.13662	13.7159
-8.3476	14.4804
13.8189	11.33
-6.91451	14.8169
-7.53334	14.8276
-8.74377	14.8257
-7.50969	14.0723
-8.70586	14.7339
-7.13188	14.6444
-7.56196	14.4681
-8.93256	14.8751
-9.08439	14.9523
-7.41537	14.2644
-8.10679	14.29
-8.73198	14.8216
-7.81879	14.9191
-9.57739	14.6767
-9.07845	14.5534
-7.32791	14.5912
-9.13105	14.7815
-7.58809	14.8184
-7.37495	11.2953
-5.96064	14.7256
-7.80613	14.2149
-8.2339	14.648
-7.14991	14.8919
-8.13031	14.5266
-5.27183	12.7648
-6.64306	14.2431
-6.51308	14.8955
-7.722	14.369
-8.23663	14.5216
-11.3494	12.398
-5.69025	14.9065
-8.1697	13.8999
-6.14309	13.8708
-7.69748	14.809
-7.89061	14.6529
-7.536	14.7158
-6.51895	14.5445
2.16139	0.154895
-6.88275	14.4782
-7.79531	14.4993
-8.89732	14.7398
1.8843	11.3309
-10.2488	14.5912
-6.69574	14.8835
-7.46598	14.2742
-8.04331	14.0356
-7.52201	14.3479
-9.48447	14.6139
-9.27468	14.8173
-4.91651	14.3186
-9.02807	14.5903
-6.97988	14.3868
-5.47301	1.19797
-8.09179	14.8248
-7.33106	8.52029
-5.54825	13.5233
-9.83691	13.6587
-8.66904	14.7686
-8.16748	14.5354
-10.3199	14.0312
-8.74737	14.0246
-8.64718	14.3119
-6.85196	14.716
-9.68659	14.8648
-7.68783	13.7333
-14.1341	-3.49738
-5.94447	13.7767
-7.97218	14.6025
-6.57666	13.8269
-5.63533	14.4673
-7.05483	14.0402
-6.34836	14.6016
-8.24201	14.3732
1.85195	7.81497
-7.58992	14.8051
-7.1406	14.7205
-3.96523	12.6299
-7.79331	14.1374
-4.42023	13.5196
-6.94862	13.6756
-9.22166	14.4117
-5.98111	13.5137
-7.32545	13.9881
-6.65182	14.9233
-6.23787	14.6622
-9.16998	14.9018
-9.12097	14.9963
-8.88066	14.3908
-8.05844	14.2847
-7.1079	13.1954
-7.98241	14.9454
-5.62884	14.7232
-6.07839	14.9681
-6.94121	14.1335
-7.9352	13.8046
-1.89328	13.064
-8.57328	14.7825
-6.14235	14.269
-4.33575	6.35935
-7.3593	14.5334
-8.69207	14.3525
-7.47763	14.9477
-9.47739	13.6776
-6.192	14.9721
-4.38974	14.3559
-8.71501	14.9404
-8.89196	14.2071
-10.965	14.297
-6.99617	13.9444
-6.55853	14.6348
-7.09005	11.4242
-7.75183	13.869
-7.81464	14.7946
-7.28272	14.5388
-8.15548	14.9883
-8.55136	14.9238
-8.72767	14.2992
-8.24894	14.5285
-6.48356	14.9304
-7.79812	14.9427
-8.92297	14.9113
-7.28888	13.6539
-7.98158	14.923
-8.26632	14.4965
-5.92852	14.9707
-6.92211	14.5055
-9.02904	14.9654
-8.08775	14.8546
-4.82983	10.2284
-6.88798	13.5175
-9.31711	14.8532
-5.56056	14.8184
-8.24419	14.6292
-5.9728	14.3232
-9.21627	13.6807
-5.66897	14.8125
-8.1989	14.7413
-6.5396	13.6296
-7.87236	14.8997
-5.52618	14.783
-7.74865	14.1663
-5.36541	14.9387
-8.79086	12.4369
-6.45459	14.0938
-7.43245	14.8151
-7.40774	14.6386
-0.567975	-4.15705
-6.57372	14.7834
-7.36763	14.0766
-6.5909	14.8287
-4.92482	14.5958
-7.39318	14.9451
-7.44021	14.9735
-6.37241	14.8823
-6.93263	14.1259
-8.32563	14.6487
-9.5389	14.6951
-6.52954	14.3812
-7.66106	13.5509
-4.83377	14.8442
-8.68603	14.2712
-6.02909	14.9773
-5.52648	14.2826
-5.83989	14.8545
-8.11345	14.4766
-6.64274	13.9782
-5.52894	13.715
-6.51468	13.951
-7.38519	13.894
-10.3428	14.3053
-7.38917	14.136
-8.84843	14.594
-6.50268	14.0523
-9.13513	13.1213
-8.23833	14.9226
-6.78683	13.6133
-8.99657	14.8833
-8.47276	13.3305
-8.69459	13.701
-9.24011	14.1131
-7.34033	14.6778
-6.88886	14.1511
-6.90917	13.6547
-8.22671	14.8109
-1.84123	14.7987
-6.64409	13.311
-7.87427	14.1292
-8.48944	14.0067
-8.28597	14.5572
-8.00914	14.6107
-6.91546	14.3746
-7.3913	10.6529
-9.53564	14.0513
-7.25531	14.9037
-8.61772	14.0782
-7.50449	14.6949
-6.30092	13.4775
-8.57535	13.6748
-6.70885	14.9059
-7.35799	14.5348
-6.61577	14.1559
-6.8002	14.9774
-8.97449	14.1035
-9.55793	14.1949
-6.23263	14.5891
-8.08875	13.8781
-8.25677	14.5089
-9.74269	13.5268
-7.48903	14.2423
-7.94416	13.9868
-8.42219	14.7708
-9.09726	14.9917
-8.64359	14.1397
3.17247	10.0711
-8.22272	14.7688
-4.58697	13.5363
-7.62105	14.8326
-7.88715	14.9239
-6.861	14.6316
-10.0645	14.4672
-7.45989	14.786
-8.50003	14.4025
-6.1115	14.9664
-7.19987	14.996
-8.0379	14.836
-9.05216	14.9728
-6.95002	14.9514
-8.31343	14.8428
-1.48957	-4.97378
-9.87866	14.4505
-6.97297	14.7011
-6.44211	14.3119
-7.3481	13.3316
-5.53176	14.8003
-6.88755	14.9136
-9.07051	14.777
-5.45289	13.0304
-6.12124	13.9546
-10.6658	14.2529
-7.82247	14.6415
-5.91067	12.1383
-8.86365	14.1499
-5.65691	14.1454
-6.42812	14.9861
-9.44973	13.4029
-6.05905	14.905
-8.16093	14.5856
-10.1156	13.9693
-2.84462	14.9042
-5.80531	14.9127
-7.55203	14.608
-6.42369	14.488
-8.3299	14.7125
-8.73557	14.0273
-8.65488	14.9246
-7.78928	14.6518
-9.23945	13.4604
-7.36655	13.7695
2.14406	6.8953
-8.15774	14.7589
-6.18209	14.3827
-5.41132	14.3622
-6.14493	14.0849
-8.82958	14.8092
-8.26025	14.0325
-7.03401	14.4059
-6.28317	13.9382
-5.73508	13.9783
-5.45959	14.7214
-8.9829	13.67
-7.47178	14.1981
-6.77675	13.7314
-6.21133	13.876
-7.57331	13.3635
-9.12298	14.6354
-4.49619	14.3777
-6.43595	14.606
-6.46973	14.234
-6.96182	13.9758
-5.50481	14.9963
-1.97865	-0.548563
-8.01754	12.9804
-6.73895	14.7692
-6.52286	14.3852
-10.1911	14.8382
-6.46549	14.1563
-9.00903	13.2071
-7.33649	14.5348
-6.7426	14.699
-5.40534	13.8791
-6.07832	14.445
-9.20635	14.5387
-11.3167	8.61697
-8.79847	14.3152
-5.24757	14.3533
-11.6023	13.3601
-7.31207	14.713
-10.4188	14.9922
-7.66734	14.8845
-4.49122	13.064
-5.14462	14.844
-8.21225	13.801
-5.88367	14.7718
-8.94284	13.6207
-7.85496	13.7526
-6.08068	14.3313
-7.26517	14.7242
-8.43057	14.5489
-10.048	14.9476
-6.96566	14.9075
-7.43994	14.7912
-8.19377	14.7221
-9.18225	14.9774
-8.23953	14.1266
-7.42207	14.7875
-6.6325	14.2524
-8.13964	14.4132
-9.58273	11.5917
-5.33629	14.507
-6.7484	14.603
-7.54745	13.4603
-8.95783	14.2153
-8.91199	13.9445
-7.27303	14.1064
-6.6697	14.8856
-6.53958	14.6688
-7.52152	14.7532
-8.55123	14.4364
-8.82526	13.4943
-5.2419	14.6282
-5.69997	13.1592
-4.94289	14.8941
-10.3479	14.9784
-5.55499	14.4128
-7.86779	14.4681
-7.30736	14.2765
-5.60674	14.8351
-7.77335	14.3867
-9.08316	14.7069
-8.74035	14.7788
-7.35085	14.8265
-6.43974	14.5309
-5.64281	14.908
-8.42612	14.9054
13.0962	-0.890714
-8.78822	14.8826
-8.19382	14.9322
-7.08442	14.9641
-8.33229	14.2584
-5.66994	14.7132
-7.72174	14.9953
-7.95364	14.0174
-6.84652	13.6303
