14.7082	-12.8304
1.37751	-2.81405
13.9607	-12.9959
14.5865	-12.9194
14.9688	-13.2759
14.8099	-11.3909
13.8945	-11.7611
14.7406	-13.4753
14.3608	-12.527
13.8933	-14.1223
14.7155	-13.8454
13.9631	-13.7052
14.3229	-13.7106
14.3383	-13.1536
13.4422	-12.6624
14.7671	-11.7472
13.6174	-12.8565
14.0105	-10.4292
14.2787	-13.6451
13.4151	-13.1635
14.9266	-11.8444
13.8409	-12.8942
12.2832	-14.1466
14.463	-14.2366
14.9048	-9.9532
13.2733	-11.6429
14.1127	-10.6842
13.9906	-11.6866
14.4471	-13.7966
13.859	-13.3568
14.401	-13.0241
14.4688	-14.3338
14.5482	-12.5733
14.6893	-13.9613
14.2628	-11.3455
14.9631	-10.2274
13.2678	-14.21
13.9961	-14.1068
14.6235	-12.137
14.3966	-12.7476
13.6642	-14.7977
14.3262	-13.7669
14.7476	-13.3677
14.5032	-14.9211
14.0354	-12.3036
14.5291	-14.1621
13.7026	-13.6273
13.461	-11.618
11.9437	-13.3195
14.6586	-14.2895
14.7554	-13.8066
13.2507	-6.44196
14.6324	-12.0425
14.6014	-12.9016
11.2668	-13.1549
13.9162	-14.862
14.5793	-14.3436
13.055	-14.0013
14.0334	-12.6613
13.6719	-11.2631
14.0379	-13.6006
14.1567	-14.3578
14.9338	-10.1838
13.9756	-14.9158
14.6534	-14.0594
14.7349	-14.8412
14.5379	-14.3215
14.6079	-13.8057
14.7023	-13.173
14.2941	-14.5402
13.6828	-12.8339
14.9065	-12.5578
14.8805	-11.0224
14.8914	-11.9649
14.7462	-11.8383
14.0645	-14.1949
13.5136	-9.80001
14.9814	-14.4917
14.5797	-13.4124
14.6871	-12.9411
14.0005	-13.7779
14.446	-13.1375
13.7187	-11.7815
13.6779	-14.9373
14.8779	-12.1473
14.7196	-13.1984
14.6288	-13.7725
14.3649	-11.5509
12.7083	-14.1764
12.6252	-11.2407
13.3995	-14.8723
14.6883	-13.71
14.9921	-11.863
14.9542	-14.2116
13.5303	-13.3316
13.18	-12.5291
14.2761	-13.2378
14.9448	-11.6816
14.3751	-14.0713
14.5759	-14.3158
14.5735	-14.8705
12.5414	-14.5886
13.6185	-14.3055
14.0215	-12.5962
14.839	-14.9211
14.0226	-12.929
14.9982	-11.6588
14.9634	-14.0078
14.9648	-14.7742
14.9683	-13.6383
13.1733	-13.7631
14.4294	-13.297
14.9753	-12.2359
14.9161	-14.4746
14.9848	-13.5328
14.8734	-12.476
13.2892	-12.1922
14.9035	-14.4299
14.7595	-13.1955
14.7179	-11.5481
14.7904	-13.1725
14.8289	-12.5027
14.7508	-14.4659
14.8212	-12.678
14.815	-12.5547
14.1541	-13.9398
14.7016	-14.3507
14.6994	-12.5351
14.9255	-12.626
12.4748	-11.989
14.943	-13.4203
12.859	-14.0031
14.6791	-9.74894
14.7853	-11.9097
14.94	-13.5262
14.1666	-12.624
14.2448	-13.1323
13.9247	-14.4037
14.5269	-12.9046
14.0463	-14.7608
14.6437	-13.3441
13.3912	-12.8464
14.6742	-12.4752
14.8067	-12.3863
-2.12416	-13.1681
14.1203	-8.94787
14.8135	-10.2222
14.8987	-14.8024
14.4399	-14.8993
14.7206	-13.0339
14.5106	-14.7654
13.4429	-14.7657
14.3902	-14.8586
14.28	-13.4487
14.8517	-11.7711
14.9344	-13.8801
13.4345	-13.5767
14.9515	-13.2086
13.9996	-11.9006
14.936	-12.959
14.3594	-13.5005
13.5602	-12.6305
14.8284	-12.9187
14.7713	-11.4009
14.9624	-12.4639
14.3688	-13.359
14.7186	-13.2917
14.332	-9.8751
13.9052	-10.8769
12.5707	-13.8929
14.6824	-12.6676
14.831	-11.6717
13.8402	-13.3958
14.06	-14.6676
13.4173	-12.5057
14.3273	-11.9022
14.6804	-9.33204
13.7545	-11.9398
14.5772	-11.9596
13.3337	-13.2556
14.8889	-14.5532
14.3295	-14.6811
14.8523	-14.0145
13.2438	-14.789
14.6202	-13.2837
14.5473	-14.5648
12.917	-14.8449
14.099	-13.9343
13.9022	-13.7854
11.5399	-9.17313
14.7786	-12.9735
14.9208	-14.4017
14.8778	-14.1079
14.8393	-14.3326
13.5458	-13.143
14.3279	-12.4301
14.9212	-14.2057
14.2081	-12.015
14.2555	-14.253
13.3001	-13.8609
14.5589	-12.9075
14.4778	-12.6454
14.4916	-14.5557
12.9855	-12.8852
13.986	-13.7735
14.2809	-14.6728
14.1419	-14.0805
14.3542	-13.982
14.1362	-14.3874
12.6341	-13.7575
14.718	-11.7671
13.5273	-11.601
13.3212	-14.1518
14.5897	-12.4684
14.1814	-14.2779
14.18	-13.3004
14.9724	-14.8342
14.4941	-13.9585
14.4114	-12.2767
14.3679	-14.9872
14.058	-11.9083
14.773	-13.1092
14.7688	-12.1748
13.5898	-9.47412
14.6853	-13.2568
14.7601	-13.9212
14.9	-9.37131
14.4162	-10.9702
14.5061	-14.5204
14.9552	-14.6588
14.0547	-14.7712
14.5425	-13.9575
12.9547	-14.7376
14.5988	-12.8933
14.9212	-13.9187
14.4232	-12.948
14.8986	-11.4575
14.9457	-13.8567
14.1626	-10.7742
14.446	-12.4786
13.2842	-11.51
14.2459	-10.3742
14.4756	-12.9139
14.6464	-13.1624
14.4187	-10.708
14.3717	-12.833
14.7492	-14.7535
14.3237	-12.5976
14.9049	-12.0438
14.8992	-13.8831
14.903	-13.0595
14.9816	-13.463
14.3914	-11.8176
14.5644	-14.4056
14.8317	-13.2338
13.8634	-14.93
11.947	-13.1684
14.6642	-13.7194
14.9949	-14.2592
14.6025	-12.7213
14.2099	-14.9199
14.7006	-14.604
14.6377	-13.2432
13.577	-11.0862
13.8912	-13.4267
14.7564	-12.8186
14.9036	-12.1013
14.4574	-11.7383
13.6719	-13.7951
13.6815	-14.6629
13.826	-14.4873
14.9869	-13.6461
14.6595	-10.6644
14.784	-13.8443
14.2745	-12.9721
14.8526	-13.6196
14.5929	-12.5628
13.9332	-12.4013
14.4771	-12.3711
14.4021	-14.7697
13.6648	-13.0171
13.8427	-12.6901
13.8938	-13.9729
14.7935	-12.9519
14.8456	-13.2741
14.7808	-13.7697
14.8231	-13.9568
14.5595	-14.3757
13.5922	-14.0905
14.6313	-13.5619
14.5503	-12.7944
14.5356	-12.5596
14.5987	-14.8663
14.5853	-12.4701
13.9466	-14.7593
14.2679	-12.7711
14.6538	-11.836
14.1761	-11.8983
14.7145	-11.6371
14.7962	-12.9874
14.5264	-14.748
14.754	-14.8781
14.458	-12.6842
14.9969	-12.8334
14.7433	-14.2002
14.7743	-11.2318
14.884	-12.7078
14.8365	-14.5145
10.8395	-8.53292
14.9925	-13.4188
14.9916	-10.726
13.9525	-12.0891
13.0338	-14.1849
14.7946	-14.838
14.8363	-12.4844
14.9052	-12.5212
9.57977	-12.3282
13.7619	-7.00361
14.6943	-12.9004
14.2316	-12.3473
12.8038	-13.6634
14.0776	-13.0921
14.1382	-10.66
14.9253	-13.578
13.9746	-12.3087
13.4661	-12.8489
14.6673	-14.225
13.7559	-12.6751
13.9559	-12.2812
13.3041	-13.1395
14.9457	-10.3431
14.677	-12.3473
14.8835	-13.6324
13.6625	-12.7126
14.4123	-14.6034
14.6478	-11.6794
13.587	-14.5651
14.8939	-13.9045
13.738	-13.7025
14.8653	-13.6326
14.8269	-11.2447
-1.7248	-14.9809
14.4741	-13.195
14.1116	-13.2117
14.3545	-13.4688
14.0528	-14.4984
14.6583	-13.3893
13.4593	-14.4993
11.8263	-14.9234
14.3656	-14.9144
14.2268	-14.389
14.8898	-13.4291
13.4657	-12.5516
14.5698	-14.3926
14.0154	-14.2288
14.7336	-11.3928
14.7414	-12.5296
14.7958	-14.2521
14.5252	-11.2682
-3.76985	-5.1077
13.7318	-13.5915
14.7176	-14.288
14.1905	-12.8038
13.4299	-13.2388
14.6975	-11.4654
14.9436	-12.8908
14.0482	-12.2056
14.8306	-14.9914
14.2976	-13.6022
12.3528	-11.8224
13.4405	-14.819
14.3696	-13.2629
14.7355	-14.2335
14.4837	-14.7937
14.2837	-13.5574
14.9764	-13.2137
13.4207	-12.5355
11.1892	-13.3808
14.1104	-12.3428
14.9244	-13.439
14.4499	-14.6515
14.6655	-12.1809
13.8821	-11.5264
14.8075	-14.5206
14.753	-13.3788
10.1896	11.3137
14.9771	-11.5909
13.93	-10.5206
14.8657	-13.6002
13.8389	-12.6539
14.1083	-13.1332
14.6436	-13.4273
14.5733	-13.0302
14.6188	-13.2467
14.9454	-11.4406
14.7797	-12.8509
14.8177	-13.9887
14.9805	-10.9294
14.0351	-12.4472
14.1047	-14.3124
14.7146	-14.1203
14.999	-13.0771
11.0041	-6.76029
12.4484	-14.1547
13.9317	-13.9111
13.1602	-12.4637
14.3892	-11.4089
14.5184	-14.6621
14.201	-12.4157
14.1692	-14.1575
14.3176	-13.3037
14.6091	-14.4689
14.9483	-14.7957
14.9627	-13.3576
14.2925	-13.0338
8.37608	-11.0245
14.7444	-11.5451
14.9645	-13.219
13.5761	-14.5332
14.7911	-12.1149
13.445	-14.604
14.6875	-12.5702
14.6594	-13.3104
14.0597	-12.4788
14.4024	-14.2304
14.5396	-14.1704
13.969	-13.1907
13.4005	-11.2432
14.4728	-13.3968
7.88189	-4.77176
5.11683	-2.09558
14.4589	-13.1581
14.5582	-14.0259
14.8428	-14.8614
14.8243	-13.4044
14.75	-13.0833
13.6799	-14.618
14.6993	-13.5738
14.8427	-13.9627
14.6116	-13.0262
14.6184	-13.9224
13.8862	-14.0653
14.7471	-14.3842
14.9156	-12.3711
14.0049	-10.5112
14.9185	-14.3158
14.1988	-12.4747
13.5128	-14.6608
-2.18784	-1.1992
14.5263	-13.9215
12.2635	-14.8152
14.3057	-12.8548
14.5042	-11.4543
14.045	-12.6437
14.714	-13.178
14.52	-13.8317
13.0364	-13.9538
14.2131	-14.066
13.2793	-12.1481
14.311	-13.1127
8.0456	-10.5474
14.0159	-14.8821
14.75	-12.401
14.1462	-14.3063
8.0097	-0.720117
13.948	-13.3014
13.7988	-11.6996
14.2008	-13.9311
14.5924	-12.3668
14.7701	-14.1873
14.8068	-11.374
6.22906	-13.4679
14.5654	-13.8602
14.6355	-13.8436
13.3876	-14.1094
14.899	-12.5723
14.4251	-14.0526
14.8327	-13.3889
14.8369	-13.6666
14.7139	-12.2997
13.2545	-12.6774
14.3705	-13.8858
14.3214	-14.3106
14.9511	-12.8646
14.6279	-4.71952
14.8924	-11.0734
14.818	-13.9283
14.9293	-13.0326
13.8597	-12.8847
13.409	-13.0981
14.7661	-12.8193
14.9035	-11.8952
12.2462	-14.1797
13.5313	-12.6656
12.5685	-10.2517
14.979	-11.9183
14.5973	-14.1194
14.7298	-13.1764
14.8897	-13.0537
14.3407	-14.889
13.2147	-14.4808
13.1488	-13.9247
14.2926	-14.0227
14.6009	-13.6407
14.8443	-13.1939
14.8424	-13.2383
14.105	-14.0301
14.9755	-12.88
14.0898	-12.6246
14.8854	-12.3674
13.2995	-13.6574
14.5196	-13.2798
14.4137	-12.3856
14.2809	-14.2795
14.7824	-12.8565
13.8317	-14.0732
14.3946	-14.122
14.766	-14.229
13.6263	-13.0953
14.9425	-14.3425
14.5757	-13.4874
14.6445	-13.6803
13.7575	-13.2693
14.7834	-13.5338
14.7268	-13.541
13.9329	-11.9298
13.636	-11.0868
14.7597	-14.4224
14.9918	-14.9254
14.6815	-14.1511
13.6624	-12.6944
14.3522	-12.1704
13.9273	-12.5955
14.7786	-11.0831
7.45885	-6.16962
14.1881	-14.5465
14.3447	-12.8165
14.5048	-12.4906
13.4337	-12.6276
14.5258	-13.8999
13.9201	-11.4532
14.9114	-12.2918
14.9207	-11.7774
9.10098	-13.7867
14.9391	-13.8319
14.4617	-13.8283
13.7759	-14.7377
14.8173	-14.3328
14.9998	-13.1658
13.6827	-14.0123
11.6482	-9.45698
14.123	-12.938
14.9896	-11.0812
14.5698	-14.2362
14.6461	-14.9862
14.6433	-13.9974
14.6016	-13.7008
13.6893	-12.6766
14.9923	-11.7249
14.9809	-13.1904
14.4114	-13.2263
14.3894	-14.2809
14.2589	-12.3283
14.9594	-12.4035
-9.91688	-12.7399
13.9958	-14.9565
14.9514	-14.0775
14.4841	-14.9298
14.8472	-13.4359
14.7502	-9.49683
14.4194	-11.4408
14.7458	-14.1268
14.9152	-13.0982
13.4345	-12.4278
14.7446	-13.6005
14.9516	-12.5081
14.9349	-13.1387
14.4022	-12.9497
6.39557	3.34926
14.8985	-14.3052
14.9112	-12.3366
14.6425	-12.3821
14.5202	-13.4328
14.9967	-14.5927
14.4139	-14.4666
13.8126	-14.032
14.9753	-11.9407
14.6242	-14.6404
14.4098	-13.6922
14.7048	-11.6579
14.3631	-12.9106
11.5389	-13.913
14.3577	-13.5108
14.3372	-13.0947
14.7654	-11.2422
14.3592	-11.6801
13.7952	-12.7175
14.9264	-12.7859
14.1845	-13.117
13.9256	-12.7144
14.2412	-12.9869
14.7446	-14.6877
14.9347	-12.9812
14.2049	-13.6966
14.9769	-13.6337
14.0312	-13.0214
14.7415	-12.2295
14.2733	-11.6292
9.80796	-13.8359
14.5868	-11.5391
14.415	-12.0404
14.3828	-12.7449
14.4405	-13.5132
14.8793	-12.8914
14.214	-11.064
13.6441	-14.201
14.6035	-13.9101
13.3751	-14.9249
14.5738	-12.8082
14.892	-12.7222
13.8979	-12.3918
14.9785	-14.4482
14.3908	-14.448
14.2222	-14.4553
13.9498	-12.6964
13.5643	-12.3206
14.9436	-12.2352
14.4409	-13.9896
12.8938	-14.5057
14.4695	-12.9537
11.2058	-11.3286
14.7181	-14.5146
14.4554	-14.0047
14.6419	-13.8034
14.2898	-12.8552
13.4739	-13.815
12.9182	-13.7456
14.5944	-12.4263
14.4931	-10.5472
13.3579	-11.6567
14.8583	-14.0645
14.871	-11.635
14.8619	-13.8379
14.9753	-11.8819
14.449	-11.9593
14.9342	-14.1975
14.8949	-11.9522
14.0939	-13.2472
13.181	-12.5993
14.006	-13.2999
14.2805	-13.1753
13.4784	-12.9212
5.39272	-7.43741
14.5552	-10.9324
14.8265	-12.3881
14.865	-13.5894
14.6537	-14.4305
14.6306	-13.7318
13.9296	-12.3193
14.976	-13.9916
14.7268	-14.7862
14.0802	-11.3602
14.4389	-14.7201
14.199	-12.9205
13.5249	-13.7349
13.904	-12.4954
13.7416	-13.794
14.8622	-12.4043
14.6886	-13.6332
14.6504	-13.0692
14.586	-13.7164
13.5487	-13.5486
14.8655	-14.3627
13.8287	-12.5616
14.2697	-14.51
14.2044	-13.8315
14.3008	-14.8777
14.7787	-14.6748
14.9002	-14.9807
14.7603	-11.9515
14.9644	-13.8377
12.3241	-10.7325
14.2406	-12.0813
4.84799	4.50156
14.6037	-11.4182
-4.83339	-14.1546
14.0465	-14.4342
14.791	-12.7025
14.3116	-14.405
12.9488	-9.65804
14.4655	-11.7149
11.0265	-9.36967
14.8565	-13.1626
8.30164	-7.70036
13.8106	-12.4245
14.5752	-13.3009
14.8068	-11.603
13.9804	-14.5866
14.9783	-12.392
14.5625	-12.1733
14.8676	-12.9672
14.8804	-14.2715
14.4028	-13.499
14.4923	-11.7205
13.6528	14.2537
14.5336	-11.8806
14.4308	-14.9428
14.5604	-13.3092
13.6077	-13.2957
14.0505	-12.2343
13.8373	-14.1337
14.8487	-11.7838
14.8163	-14.5982
14.406	-13.3237
14.3243	-14.7002
14.8413	-14.0625
14.5554	-10.8391
13.9748	-13.5039
14.8965	-14.8324
14.9707	-13.3867
14.7733	-13.3623
14.404	-14.8293
14.9268	-13.0513
14.8422	-12.7704
13.8918	-14.737
14.041	-11.0922
14.4417	-11.8311
13.2858	-13.8118
14.8945	-14.1935
13.3791	-13.1264
13.3815	-12.4775
14.7971	-14.015
13.7751	-13.5042
14.3265	-12.2036
12.906	-14.6962
13.7403	-13.1113
14.3993	-13.835
14.7392	-13.136
14.0821	-12.08
14.6944	-13.9942
13.7991	-12.4012
14.1006	-12.2041
14.9863	-13.1461
14.6341	-14.686
14.8809	-12.9271
14.1084	-13.823
14.4832	-11.8701
14.873	-13.6428
14.7133	-12.9027
13.8743	-11.7947
14.8381	-14.2095
14.998	-12.0512
14.9981	-13.9847
14.9187	-14.181
14.6704	-13.8248
14.2266	-13.4367
13.5041	-11.366
14.49	-13.0452
13.265	-13.6102
14.2462	-11.922
13.8335	-14.1229
13.595	-12.9868
14.8515	-12.7926
13.7198	-8.81825
14.786	-12.1932
14.7461	-12.2898
14.4226	-13.0449
14.2027	-14.0227
14.4602	-13.1959
14.9998	-14.3915
14.4427	-13.1574
14.3544	-13.3012
14.9297	6.4513
13.64	-13.6324
14.7542	-14.2495
14.7304	-14.5884
14.4055	-12.4025
14.8661	-12.8263
13.933	-14.0411
14.7081	-14.7056
13.9815	-13.6252
14.6695	-12.2202
14.7152	-13.2104
14.4668	-13.9754
13.6643	-13.6347
12.8767	-8.2491
13.657	-12.5534
14.7599	-13.037
13.2924	-14.9311
14.0091	-14.4213
14.5947	-12.8446
14.9307	-13.4231
13.1755	-13.203
13.1392	-13.426
13.7312	-13.2815
14.9267	-12.9996
14.7729	-11.5027
13.9477	-14.6762
14.7461	-11.714
13.0925	-9.42193
14.6859	-13.1905
13.9908	-12.7819
14.8183	-10.7856
14.9024	-12.3252
0.691955	-4.01436
13.5515	-10.3204
13.6701	-12.919
7.52902	-11.9862
13.6965	-14.1479
14.9622	-11.9429
14.7478	-11.4805
14.6549	-11.9081
14.5468	-11.6666
13.5565	-13.3446
14.3573	-13.0477
14.884	-13.1477
14.8259	-13.5278
14.8774	-11.7311
14.8612	-14.0219
14.8297	-14.8821
13.3862	-12.7063
13.0532	-13.6844
13.793	-11.0683
14.3405	-11.7445
14.7513	-12.3134
14.179	-10.9631
14.7701	-13.8326
14.8511	-13.0872
5.07807	-7.66906
14.4978	-12.0513
14.9117	-13.6734
14.6363	-13.4661
14.4449	-13.9827
14.7756	-13.1032
13.3024	-12.7747
14.6846	-13.5607
14.6366	-14.2225
14.0626	-12.4291
13.7545	-12.5921
13.3726	-11.5835
14.9928	-12.8013
14.6997	-14.1697
14.4787	-13.955
12.077	4.65232
14.9976	-11.719
14.9313	-13.7256
11.9225	-12.8934
14.9995	-12.111
14.6229	-13.0951
14.7568	-12.034
14.6867	-12.3458
14.1743	-12.6143
14.7714	-12.5747
7.80593	0.20314
12.8142	-14.8437
14.9338	-11.9609
14.4128	-13.1761
14.4269	-12.8018
10.3852	-6.24281
14.4084	-12.3252
14.8062	-14.5364
14.636	-13.2743
13.9999	-11.9962
12.7209	-2.69688
13.7234	-14.9165
12.0868	-12.2019
14.3112	-12.5825
14.8666	-11.4023
13.2726	-12.9965
14.926	-11.3905
13.9557	-13.0422
3.57133	-8.70937
14.6633	-14.0034
14.2919	-13.476
13.7774	-13.23
11.9582	-9.18412
14.887	-14.0957
14.4759	-12.8446
14.5645	-9.84548
14.3739	-14.4976
14.3877	-13.2405
14.473	-12.4798
13.0732	-13.8002
13.4514	-12.861
14.0185	-12.6388
14.7034	-12.4727
13.6985	-13.5562
7.60643	-12.0817
14.3535	-11.1981
14.6001	-11.9638
14.5279	-13.3821
14.3335	-10.8413
14.4927	-12.3136
14.2549	-13.8087
14.6864	-13.4062
13.8237	-14.0823
13.1153	-13.2616
14.9214	-13.9761
13.9791	-14.7845
14.1113	-13.6984
14.7771	-11.0482
14.6342	-14.0751
14.1353	-13.2347
14.6956	-11.5991
14.991	-13.4121
14.9498	-11.5073
13.9032	-12.5174
14.146	-12.407
14.8832	-11.3944
11.2203	-10.0684
14.9641	-12.0886
14.3462	-12.047
13.0973	-13.962
14.3786	-14.8939
12.2992	-12.5573
13.7695	-12.688
14.6556	-14.7864
14.4843	-13.1195
14.129	-12.0417
12.3595	-11.6131
14.3881	-12.1617
14.0333	-11.6823
14.6176	-12.9617
14.3495	-12.4356
14.9747	-14.722
14.5638	-13.8914
13.8183	-14.6731
14.6711	-13.1952
13.9863	-13.7498
8.03421	-11.9744
13.4939	-12.6489
14.8011	-13.0256
14.7117	-13.6333
14.5161	-12.2428
12.9541	-10.584
13.5447	-11.7273
13.103	-12.8708
13.7227	-11.8264
12.5499	-8.24663
14.6737	-12.6561
13.9134	-13.0616
14.1392	-12.4555
14.8499	-14.6883
14.4532	-12.9101
14.8077	-13.5994
14.8785	-13.8014
14.8164	-13.0396
14.4994	-12.7817
14.619	-12.799
14.2691	-12.3812
14.5904	-14.1892
14.8936	-14.3404
14.8738	-13.354
14.74	-12.0697
