7.14367	2.01712
5.42936	0.800215
5.69836	0.588802
4.54901	1.26121
5.23411	0.822951
4.53084	2.66475
4.68107	2.84337
5.43648	2.52289
3.38815	1.68246
5.71019	2.63627
6.13864	2.69845
4.54293	1.994
6.79574	2.20632
5.31644	3.35058
5.29398	1.31389
6.94693	0.707751
5.22967	1.2483
5.71568	1.04174
3.75586	1.52645
4.27798	1.35703
5.08107	2.16327
3.87952	0.0600588
4.66105	1.44612
4.52851	0.864424
4.51142	4.69924
3.66546	0.637754
3.82183	1.80837
5.64449	0.832269
5.77437	2.96914
5.42315	3.45877
6.5481	0.846489
3.78811	2.9964
4.19654	1.87891
5.41056	0.58061
4.67675	1.47391
5.53032	1.70797
4.38649	1.89117
6.41214	1.18107
3.60212	1.5362
5.20572	2.29483
4.89312	3.17678
3.54907	3.81305
4.95069	1.09556
3.36486	0.27904
8.30565	1.65466
6.65255	2.92113
5.51949	0.76074
7.07081	2.54057
5.16539	1.04952
5.82979	-0.0576513
5.3409	0.442267
5.65096	2.91199
5.19477	3.32919
6.1671	0.337096
6.12144	1.54068
3.47754	0.85721
5.3238	2.25853
5.27211	0.0541058
4.00734	1.18559
6.01747	0.214609
4.91884	0.767906
4.55058	3.25191
6.14951	0.0134077
2.90861	1.22122
5.42184	1.1037
3.5274	1.49116
6.08245	1.33989
5.26229	1.6115
4.70949	1.84879
5.97289	1.30841
5.45584	1.0974
4.44438	2.29022
4.43825	1.52857
3.60522	3.03275
10.6743	2.17097
3.91592	0.101795
4.34844	1.04443
3.88261	2.51092
3.94241	2.89666
3.06448	2.74452
4.8327	1.59523
6.38663	1.99299
7.19663	3.49357
3.47224	1.58543
5.81363	1.43054
3.6546	1.32526
4.16984	1.88851
3.05241	2.06259
5.26399	1.05989
5.62712	1.38034
3.5883	1.13308
5.44603	1.32438
4.79115	3.30826
4.0047	3.10137
4.3299	2.01051
5.84216	0.521476
6.04785	3.43213
5.14744	1.53287
5.58344	2.14633
3.39672	3.13814
5.93234	0.599709
4.33765	2.47392
3.5448	1.77638
6.37499	2.70217
5.76691	0.588236
5.30036	3.09836
4.89489	2.52665
4.86853	1.9122
3.54756	3.28815
3.80965	1.41393
6.65593	2.55436
4.67984	2.65415
3.9508	0.740941
5.86928	2.01679
6.61631	0.708362
5.20953	2.72246
5.5925	2.99655
6.43422	2.49816
3.92927	0.731839
5.0121	3.10526
3.41051	0.929136
5.51243	0.561076
6.33001	1.83543
6.32283	0.522766
3.44407	2.91686
3.66936	4.31685
6.26916	2.41537
4.89632	3.91601
6.03188	2.20736
3.28823	3.78768
3.85281	1.49588
3.64263	5.11422
4.88904	0.238113
6.51248	2.20081
5.82542	0.109258
5.75159	1.07031
6.28968	0.393126
4.81054	3.7172
6.02907	1.92552
5.54364	0.923235
5.47227	0.709169
6.69849	-0.301786
5.12072	1.13869
3.74575	1.6318
3.17608	2.60679
5.33217	2.62307
4.59567	1.89036
3.98096	3.64057
4.50032	1.94312
5.3337	1.79772
4.55334	1.69785
4.7003	0.324841
3.37285	0.0557697
4.02746	1.58081
3.77988	0.210393
5.63529	1.6236
4.6298	3.39557
3.87207	2.12058
2.92541	3.15941
4.80385	1.52754
3.68327	2.80712
5.77326	3.00906
5.34954	1.24672
3.40945	2.97306
6.47125	2.61732
4.64781	0.702313
6.79143	-0.173908
3.32809	2.16128
4.20751	1.56278
3.54094	0.256971
5.11925	1.72962
3.55756	2.9049
5.35663	1.876
5.84075	2.09736
3.93965	0.867525
5.78988	1.85624
5.95323	2.35875
4.66797	2.03846
6.22486	1.81556
5.82232	3.1344
3.95894	0.281931
3.64701	2.17674
5.75458	2.81945
3.39358	2.89734
3.7175	0.729309
6.54119	1.09945
5.61136	2.5563
3.12835	1.854
4.96576	0.926016
3.00801	1.59269
6.00827	3.00125
3.96101	1.17194
4.99835	2.60246
6.01466	2.22552
4.11682	4.2183
5.44975	3.03017
7.06995	5.18445
4.34465	0.295479
5.24865	1.39809
5.51485	1.9035
6.89603	1.18301
3.15953	4.55377
4.05618	1.83604
5.03304	3.00683
3.44181	0.834506
3.63587	0.810963
3.40545	0.94224
5.65065	2.13336
3.1105	2.21928
5.08062	1.44141
5.97717	3.85012
5.34637	2.33414
5.86929	5.57956
4.39331	0.640092
3.45312	2.38696
7.38798	3.07302
4.90332	2.3345
5.30597	0.466184
5.73987	0.0990396
4.58821	2.17782
3.09041	0.610483
3.9605	1.6927
4.33	1.10135
5.78503	1.15352
5.50376	3.27166
3.57232	3.62749
5.68471	2.0598
5.66691	3.40211
3.38808	4.31144
4.42643	2.90676
5.1366	2.17306
3.88598	2.55306
6.56023	2.67838
6.09043	1.37152
4.25971	2.00491
4.02732	2.45927
3.10885	2.22373
4.88215	3.97824
7.60588	3.54578
5.07735	3.00586
4.33939	2.29058
5.15555	0.0234408
5.32374	3.22496
5.12961	3.16752
5.2436	1.90484
6.34124	2.14282
7.82529	2.18974
7.77065	0.501236
5.33031	3.07461
4.12274	2.41719
5.0192	0.432921
13.4779	-2.37708
3.20379	0.608186
5.22132	3.60346
4.68268	2.43312
4.72145	2.50599
4.84857	1.65714
3.14458	-0.107687
4.70176	0.818611
6.16422	1.18322
4.20095	3.76071
3.31616	0.71583
5.08038	1.09873
5.74701	0.853874
3.29874	0.615347
3.36192	2.30883
6.04302	2.32888
6.27735	1.60679
5.0359	3.12742
4.07969	0.202934
5.45941	2.95862
5.26651	2.43856
5.50427	0.116202
4.92112	3.01967
4.82976	1.26147
4.59971	2.64827
6.91938	1.77456
3.96732	2.19271
5.06068	2.97987
3.53129	2.40678
3.47413	1.06686
4.00147	1.27768
4.39788	3.00346
3.87094	0.562783
4.55205	0.271591
6.11139	1.15954
6.70675	1.97648
4.02406	2.54067
5.10212	1.92678
7.41048	4.25744
5.12972	4.3432
6.17725	2.50607
4.99809	0.692361
4.80028	1.34811
7.69088	3.91212
3.61575	2.40163
5.42272	3.70789
4.89102	2.23183
5.50345	2.34822
5.80443	2.66196
5.2938	-0.0335845
3.31704	1.46797
3.34221	0.403693
3.09444	1.99267
3.18712	2.23574
5.37396	1.40248
5.57659	2.39001
5.43318	2.353
3.35549	1.9505
4.85325	2.68056
5.24404	2.89433
3.61874	0.652844
4.63035	1.85487
4.65412	2.4148
5.10563	3.44827
3.63969	0.431299
5.16559	2.59534
4.13767	1.62351
3.85102	0.919725
3.98517	2.40887
5.28147	3.34465
7.40052	3.1442
5.33554	0.742215
4.57094	0.545014
5.09996	0.463277
3.47585	2.60101
5.33554	1.91504
4.47825	0.157949
7.12632	1.5053
6.94561	0.870609
4.71922	1.48692
6.49835	1.74366
5.61843	2.10897
5.94338	1.55136
4.21041	1.37121
4.64143	3.57553
7.16448	-0.11911
5.41045	1.83945
3.91715	0.98996
3.05325	0.470435
4.22514	0.0590029
5.85018	2.19884
3.64784	1.87336
3.1828	0.963552
4.40981	0.59695
6.01588	0.767351
4.12805	2.7456
4.84431	3.7332
3.86799	1.57818
5.62711	2.55362
4.46204	0.895633
6.6317	-2.17298
4.44062	2.79886
3.06108	1.44946
5.18378	2.85277
4.82821	2.84639
3.83535	2.32571
5.29842	0.962659
4.86575	0.599458
5.72048	3.16163
3.44619	3.75952
3.39075	0.169286
6.561	0.969187
5.75927	0.351649
2.81145	1.99378
4.42719	1.02705
5.99547	3.14126
3.93259	-0.0519852
3.00631	2.31377
6.07982	0.211238
4.04465	0.723798
5.02916	3.19523
3.30807	1.36108
4.95447	1.34859
5.13625	1.31076
4.37639	2.10446
5.52502	4.10405
3.70825	1.10907
5.43432	1.87533
5.34668	1.73641
13.1797	-10.6681
7.00018	2.32405
5.76378	2.44317
3.52557	2.70888
7.73683	1.66787
3.25881	2.41665
5.60568	2.6916
4.53645	2.24825
6.33474	0.785426
3.60821	2.69885
5.34904	2.05123
4.31459	1.63275
6.28961	3.91054
3.17968	1.71862
5.16902	1.14042
4.23859	1.43548
4.77904	2.71318
6.61833	1.97689
6.45441	3.03301
5.2774	-0.20696
5.69877	1.78269
5.80726	-0.0657915
4.71923	4.26149
3.5843	2.32566
6.14535	1.83859
3.04586	2.63986
4.33207	1.7559
5.75297	2.30675
3.16188	1.08823
5.11407	2.15532
4.30244	2.98337
5.68385	2.5164
4.6802	2.17666
5.61282	1.72958
6.08314	1.11157
6.07392	2.32113
3.28544	4.73938
3.96424	1.42955
11.8814	-6.80377
5.91736	2.64314
4.58044	0.784872
4.81567	1.02365
4.16529	2.14096
4.61453	1.71985
4.94203	1.69332
6.53139	1.76309
4.00057	2.61014
3.81253	0.947016
3.99157	0.830939
6.62836	4.46589
4.13615	0.744202
3.84745	3.00366
5.05945	3.29431
5.49007	0.25997
4.55103	1.76626
4.03905	1.59514
4.57311	2.94492
4.6091	1.47228
4.95588	2.73482
4.25525	0.491196
6.87753	1.8188
4.00112	1.16838
6.57868	1.30945
5.28488	2.61274
4.26869	1.27241
5.34855	0.581076
5.89064	0.334408
4.50361	1.74606
6.93922	2.80376
4.30726	3.95908
4.69597	3.40169
4.52568	1.57898
5.00645	2.57067
8.42568	4.0167
5.71948	0.277645
4.0581	2.83244
4.64925	1.71172
4.12467	2.11538
6.80456	1.59759
4.06758	2.60257
3.13318	3.46792
5.65256	2.73025
5.48179	1.46921
3.22307	2.96159
4.65035	2.03766
6.37026	1.8305
3.88365	3.18291
3.41084	2.74064
3.15826	1.8237
4.09958	2.1565
5.79821	4.2371
5.31296	2.99703
4.79169	0.410302
6.76336	2.0253
4.21153	1.32006
4.5367	1.61264
7.13899	0.528962
4.71357	2.77749
4.811	0.541169
3.25921	1.50614
6.94092	-0.390186
5.26445	3.16443
9.65167	-2.12481
4.14951	1.05783
5.98543	3.77897
6.19675	2.89443
4.52774	2.51495
4.0779	3.80528
6.06187	2.62616
4.70194	1.72569
4.55907	1.35631
6.45011	0.843808
7.22659	1.06613
4.80471	0.707316
4.79891	2.141
6.15413	0.484833
3.57731	1.91492
5.84754	2.48462
3.91189	0.38492
5.77	2.15059
3.71308	0.561109
5.62114	1.7733
5.85603	0.829086
4.63324	1.04895
6.0317	1.11093
5.42491	1.80011
4.06104	2.01805
6.34931	1.88734
4.72784	0.73699
5.5151	1.87217
5.5269	3.26539
5.30641	2.44002
4.34217	3.14882
5.8792	2.96181
4.52551	2.40829
6.51092	3.28855
5.94886	3.16189
5.84947	2.42505
4.98324	1.20007
6.51317	1.50325
6.22809	-0.39491
4.1642	2.36827
4.0872	2.22965
3.6742	3.16883
4.84733	2.0928
5.35924	3.23097
3.54711	1.18055
4.58538	0.626077
6.1507	2.7829
4.11439	0.581838
3.42395	2.26937
3.99178	2.06653
4.73278	2.92544
4.60468	2.80713
5.4376	1.59933
5.3095	0.266695
4.27602	0.58344
7.23115	2.76327
3.17457	1.36302
4.23237	1.62146
5.73046	2.70646
3.44307	1.79157
4.1787	3.01502
4.73092	1.10394
5.93621	3.03012
5.19882	4.62146
6.26832	0.278402
4.11963	0.149623
2.86168	0.829283
3.06293	2.32714
6.07404	2.64819
6.10217	5.22257
5.39313	2.46627
7.27633	0.709929
7.57113	1.04133
3.98888	1.02959
5.64813	1.61047
4.10687	1.04136
7.7669	-0.108082
7.60297	3.10181
3.84648	0.669059
4.23631	1.9843
5.10818	2.22128
5.72791	2.97023
4.81845	1.74246
7.97757	3.06809
3.7847	2.54286
4.13347	0.654586
4.70613	1.05655
4.74454	2.11476
4.9787	3.34089
4.00707	4.50677
6.59434	4.42882
3.75674	1.77396
5.1767	2.25467
3.81983	0.229022
5.78797	2.13169
3.65146	1.26649
4.00752	3.35817
3.15649	1.54608
5.43592	1.22279
4.99697	1.55219
5.52754	0.424405
5.60758	1.21342
5.26867	0.597269
5.6208	3.16794
3.50713	1.82446
5.66926	0.129528
5.25136	1.23222
4.54628	3.23542
5.70001	1.92496
5.94364	0.153969
6.26851	2.01703
3.96985	0.340405
3.72784	0.358399
6.95958	3.08272
6.87709	3.37136
3.01584	2.02655
3.9027	-0.0120986
5.87185	3.21473
4.07682	-0.204871
4.79524	1.68916
6.13931	1.51498
3.40803	0.756915
5.85093	1.71347
5.27185	0.841171
4.97768	2.02053
4.67757	0.318224
5.63168	3.85389
3.04055	1.41213
4.61248	2.99793
4.64845	0.0554984
7.20802	-0.610224
5.08086	3.62004
4.30408	2.27914
5.73562	2.34055
4.69168	2.86401
5.25636	0.459547
4.55565	1.01668
3.89318	0.990387
11.412	-6.47109
6.46524	2.98496
2.97279	0.246924
6.24032	3.41664
5.39613	2.69315
3.71298	0.8883
5.36681	1.56731
3.27611	4.9414
5.69972	1.24681
5.52003	2.46165
3.61108	2.20212
4.50191	0.642247
5.39364	0.924788
4.4087	3.14475
5.08045	2.76099
6.03369	1.43699
3.70648	2.7699
3.8337	2.55744
4.57701	0.481949
5.63346	0.667537
4.06809	4.24818
2.91907	0.651279
5.28704	2.77895
6.39673	2.79385
4.16241	3.17274
3.51339	2.7371
3.3047	3.39549
4.09652	3.3304
3.02987	0.336946
4.11526	0.632419
5.73627	1.35253
5.71846	0.734413
4.49406	2.56454
4.33003	0.642051
4.98078	3.43614
4.36619	3.38133
5.62124	0.808248
3.20005	0.965432
6.33602	3.71605
5.30112	2.22792
3.88707	1.34929
5.59813	1.54754
9.06238	2.6101
5.25252	2.49343
7.41953	-0.0481718
3.14274	3.29015
6.55713	2.31715
6.36028	2.68972
3.03315	2.03644
5.0292	1.55924
4.22498	1.94359
5.34352	0.465194
6.07511	9.04035
3.6415	0.885624
5.87284	2.48493
4.84928	0.394471
5.32055	2.4109
7.71364	-0.57248
4.61943	1.1286
4.93572	2.75778
4.84922	0.949555
5.64092	4.11228
3.98392	1.51485
3.79949	3.19275
3.11039	0.696143
4.06966	1.98806
3.39354	0.840492
4.88672	3.39605
3.46186	1.46735
6.54177	1.03806
4.29614	2.31594
3.33695	1.82431
5.20532	3.34085
6.38796	3.5619
4.18853	2.77958
5.24136	3.36255
5.73999	0.605121
3.83821	0.998546
3.59638	2.57796
6.33766	3.69654
6.25338	0.707122
5.43148	1.07682
7.29141	1.34315
3.72086	2.39915
3.934	3.33749
5.65547	2.58173
7.08046	1.29092
12.6821	14.4099
4.93972	3.95506
4.46481	2.31853
5.47163	0.457782
5.94457	1.73608
5.09177	1.49704
4.08197	0.541196
3.53322	0.440046
3.9518	1.37305
5.69956	2.53014
5.18485	1.0565
5.84759	1.03508
4.54571	1.25882
4.50528	0.578274
4.92065	0.923904
3.09229	2.838
3.79609	3.68917
6.41002	5.01849
4.808	1.52632
5.04446	0.607151
5.5295	2.05916
4.09753	4.05129
5.24639	0.56206
4.69706	1.94189
4.27836	1.93397
6.91096	-0.178395
3.72063	2.26658
5.93394	0.4652
3.3359	2.07844
5.0992	4.1709
5.92188	1.01425
6.20274	3.1229
3.97584	3.2389
3.79634	2.19314
7.581	4.45833
5.41769	1.38596
4.43235	1.42045
4.56199	2.45341
5.23048	4.15352
5.13361	1.96223
5.107	0.101243
7.87033	-0.192225
5.78102	0.569302
4.31912	2.66351
3.90851	2.76174
3.78661	0.752495
4.90574	2.36692
3.49617	0.909278
6.93867	2.45015
4.34745	1.32744
3.55853	2.62646
4.91795	3.33524
3.26915	0.769415
3.70384	1.27299
5.39429	0.451012
5.84588	1.30051
6.11612	2.94863
6.02937	2.25984
3.8761	2.47892
6.0634	2.18252
6.40519	0.824321
4.70316	-0.0766234
5.91321	0.0189159
4.58216	1.65273
4.5391	0.400534
5.23591	0.0222598
5.63985	1.47997
4.17921	1.94035
5.52768	3.19925
4.6673	2.53338
3.04804	2.08538
5.95575	1.36259
5.15424	2.36691
5.36394	2.59599
4.55602	2.50883
4.49046	1.71606
6.09177	0.0267711
6.21668	2.20538
3.6482	2.84264
5.5236	2.58272
3.11603	1.25436
5.24683	1.38391
2.92402	1.17484
5.0076	0.839308
4.22268	3.50123
4.93311	0.182258
6.97593	1.03632
6.02609	2.53478
3.51574	3.40291
3.89911	0.250508
4.1717	3.88865
4.16642	0.653
4.54575	1.55213
4.16308	1.9929
5.08103	1.11342
6.66869	1.55027
6.66439	2.40013
4.40759	2.27344
5.6829	2.03784
5.92105	2.76822
5.13696	1.48424
4.34895	3.56626
6.14404	2.7883
6.18203	0.528085
5.10841	-0.0319813
5.44078	1.20063
4.36866	1.13823
3.02635	3.16427
3.6681	4.28803
6.08386	3.25416
5.87244	1.80246
6.01433	3.52685
4.05199	2.92237
5.55092	0.154262
4.56827	3.91772
4.86373	1.63296
4.91178	0.860855
5.7814	2.20708
5.05007	0.772721
3.27589	1.46846
5.99985	2.5386
5.6477	1.06401
5.39598	0.923081
5.51706	3.89912
4.32499	6.92873
3.30651	2.08955
6.37556	1.42468
3.67768	2.46796
5.06112	1.13058
4.00121	3.49075
5.31545	1.61653
5.25298	0.230245
3.78154	3.11153
6.47478	3.94817
4.77581	3.17927
3.80819	1.50499
4.20667	1.39139
5.49639	0.711342
5.76814	1.49824
5.39223	-0.12148
3.18669	4.10071
4.66238	0.901847
5.23134	2.64733
4.42351	1.8765
5.84766	2.64184
6.77249	-0.202402
6.07567	0.51034
6.09875	2.85154
6.89831	1.27503
3.42487	1.29087
5.52148	0.550173
4.21222	3.20428
6.84902	0.339635
3.99969	1.79352
5.11074	2.30622
5.13067	2.07878
5.83474	0.269886
4.49071	1.26228
5.99277	0.92573
5.42786	1.90252
6.42534	2.60613
4.80681	0.821878
5.67539	1.487
4.88839	3.32755
3.97108	0.0665396
3.84756	0.508343
6.77639	0.934711
4.30283	0.356125
4.60153	2.52595
6.34049	2.24596
6.36737	2.85799
6.17947	1.94095
4.78899	2.94469
3.68238	2.62048
3.9038	0.63728
7.08671	1.46176
3.2188	1.19419
8.16217	2.39114
4.51933	0.603475
4.02213	2.86543
5.30562	0.331235
6.87659	-0.448626
3.53057	2.49467
5.39051	1.26535
7.17394	0.145479
7.9703	-1.49268
3.26071	4.73266
3.83928	1.15532
6.45911	3.46676
6.02704	0.294675
6.46404	1.21431
5.16145	2.19255
4.17345	2.33934
5.42467	2.09575
5.18785	1.76406
6.22944	1.01354
5.75077	2.70968
5.97989	0.325394
5.55591	4.04202
3.97602	0.848409
6.30811	5.1333
3.15434	1.08279
6.48891	0.308726
5.12479	2.99007
4.67289	2.263
5.2562	3.43066
5.76282	0.433113
5.80748	2.74576
5.10897	2.64884
2.92836	1.3298
4.18227	3.1242
6.03252	-0.0349231
5.05729	2.1428
4.15889	2.7177
5.65835	3.80379
5.06851	0.186652
4.8615	0.90336
5.62663	2.48388
4.25279	0.846288
7.03174	1.67947
5.72911	2.12518
3.88465	2.83444
6.04363	2.28861
4.62057	1.09607
4.35645	1.79489
6.26772	1.89818
5.57392	2.95918
5.88415	1.43321
5.72172	2.79093
4.71452	2.3048
3.87049	3.09872
5.82712	2.2773
5.49878	2.35996
5.95138	0.809172
7.15906	1.0145
5.67525	2.50924
6.58753	3.39314
4.02712	3.79595
3.46559	1.66912
5.13194	2.63992
5.27189	0.334451
4.15991	2.41676
4.72873	1.15082
5.57795	0.204269
3.17701	2.47161
5.99414	3.91212
5.44942	2.84969
7.06389	1.10793
5.59517	3.55567
12.5133	9.06695
4.60532	2.82124
5.03769	1.22095
5.55308	2.27043
3.48333	2.25586
4.93465	2.80168
3.91872	1.66112
5.68615	2.45092
4.01317	0.347354
5.96275	2.24407
4.33294	1.72847
6.58132	3.41894
4.20581	2.79022
6.32275	4.57316
5.2351	2.47322
6.5975	1.61504
3.17638	1.41937
3.34823	1.47468
3.94972	0.179444
4.91475	0.52994
3.55899	2.76667
3.04949	3.00605
5.3944	2.37739
4.13116	3.0295
4.14518	4.04647
4.30922	0.0819157
3.81631	1.71925
5.94371	2.23388
5.65647	0.857627
5.63626	-0.160972
5.97035	2.42435
5.25515	2.83764
4.4992	2.46684
4.40064	2.2315
6.013	2.04518
5.17718	1.77781
5.69101	2.27279
3.69337	3.70454
3.85659	0.707006
5.04621	1.47023
5.51926	1.08985
6.03542	2.90711
5.52157	1.23289
5.417	2.02572
4.84088	4.1613
3.63995	0.967751
4.59446	2.74502
3.44567	0.402485
3.01223	0.441358
5.53531	0.926475
2.84268	3.01194
8.09616	7.01951
5.04223	3.72102
3.27701	1.83311
4.41778	2.85779
5.87636	2.47937
5.98807	0.716268
6.14589	0.459812
7.24365	0.405349
4.52738	1.34148
3.42305	1.79776
4.88495	2.21878
5.00543	1.19081
4.91638	1.3752
3.62212	2.72616
3.40966	1.3367
4.28885	1.50556
3.56167	1.00071
5.42946	2.61626
4.01036	2.79958
5.04948	0.0907367
4.14136	2.8986
3.75611	0.417298
5.27263	3.53245
4.98115	1.43496
4.02741	2.79057
5.09271	1.99967
4.34861	2.98956
5.7721	0.376248
5.58275	4.36087
5.81191	0.442548
3.10813	0.859399
6.51764	1.44916
4.81571	1.5984
3.58666	2.61752
4.06522	1.45655
4.93043	0.10236
5.90234	3.28134
5.91467	1.42047
5.20439	4.44178
5.32674	2.27759
5.81412	3.28217
3.55846	1.30855
2.82578	2.93097
4.6715	0.548496
4.04944	0.0665597
3.7929	3.7957
4.6815	0.767979
6.21818	0.551323
6.0393	2.3614
5.85649	1.74548
6.73391	0.732235
5.05389	2.48311
5.59245	0.44818
6.08314	2.5104
6.00658	1.00999
5.48524	4.47328
4.88692	2.98045
5.07751	2.15426
4.46083	0.866174
5.35478	3.73642
4.91065	0.738407
4.91879	1.46556
5.49103	0.879191
5.30604	1.77944
4.58124	1.27391
4.9926	0.70562
7.03435	1.33304
6.10262	3.06881
5.98345	2.21692
4.89877	2.00168
6.26416	0.198921
4.25747	1.91884
4.99629	0.607841
3.45748	3.17589
4.40985	0.759692
4.99752	0.891734
4.63759	1.64265
6.51895	0.234259
6.90443	1.05384
4.54807	1.35551
3.95269	2.63075
6.36429	2.5931
4.68993	1.35434
3.87809	1.6739
5.38836	0.286788
6.78442	1.98167
5.94109	2.46618
7.23076	1.17901
4.4759	2.45587
3.72578	2.59133
5.38609	1.71034
4.15193	1.16984
3.13096	0.814422
4.80361	1.66434
4.76266	0.361639
6.009	0.20143
3.0079	1.37391
5.79386	3.44465
6.58945	0.356197
5.87345	0.813713
6.36827	1.91191
9.74776	1.03007
3.26851	1.4
5.36727	0.272799
5.53522	1.28378
4.45967	0.530611
3.66347	1.42327
5.11555	2.28874
6.19355	3.08538
5.22457	0.0768788
5.27843	1.58545
5.04844	3.75921
7.19487	0.27967
5.48566	1.1113
4.59732	1.73002
5.74316	2.50632
3.6923	0.81995
3.27901	3.32963
5.7388	0.763473
6.67639	1.38037
4.26927	1.42026
6.61019	0.739624
5.16021	0.0227507
6.0311	0.53941
4.28875	0.0165151
5.56598	0.63459
3.06689	1.96931
5.683	1.35042
4.97929	1.01462
5.93948	1.23386
4.6436	2.61094
6.81395	0.932945
4.43172	1.63197
3.96387	3.386
4.31206	1.55764
6.82701	-0.0857247
6.3406	-0.279379
3.33945	1.21665
4.81492	0.985963
6.74405	2.92602
4.48483	2.08951
4.60641	2.53401
5.56055	0.18873
4.79035	1.94444
5.88911	4.05228
4.05672	2.31262
3.30258	3.05763
5.97112	0.241366
5.66833	2.17986
4.67965	1.88817
6.0764	4.31357
5.43212	0.287548
5.8835	0.1459
3.73115	3.296
5.98173	0.782891
5.83864	2.02373
5.67392	2.48166
3.79932	0.529428
4.81258	2.13236
4.93969	1.22012
5.63914	2.98036
6.68504	1.14224
3.74856	2.00364
4.35015	2.01492
3.31087	2.14935
3.49024	3.25343
5.64739	3.92916
10.4271	-7.5438
5.24991	3.80113
5.53048	2.68233
5.19502	1.55244
6.10891	1.67091
4.01166	1.91914
5.98075	1.3174
4.77606	1.96295
5.77177	2.74693
3.5637	0.665834
5.6141	3.62399
4.67767	2.34503
4.62137	2.16882
5.77955	2.35551
6.14706	0.603937
3.82585	2.24859
5.80312	2.18556
3.91069	0.968503
4.17008	3.67251
4.96063	1.12045
3.33745	2.33823
5.07388	0.392803
6.33496	1.67692
4.15852	1.53484
5.90925	-1.2857
5.19742	4.54125
5.17703	0.012139
5.80834	1.82102
4.49253	2.57966
5.71405	0.213939
3.85735	0.840382
4.8858	3.82396
4.91022	3.3799
4.98731	0.575118
3.21138	2.80644
5.93211	0.330099
4.37643	0.148397
4.29278	2.49181
5.02003	1.96639
8.18298	1.26751
5.03674	0.258426
5.53862	1.71697
4.34527	1.88946
3.91445	2.27369
3.3691	3.22587
7.28713	-0.462054
6.25225	3.34656
2.97104	2.11265
5.88884	2.87474
7.60106	1.25213
6.13606	1.64388
4.43143	2.47241
5.45728	0.421857
3.60123	0.918955
3.25462	2.83391
4.39814	1.81451
6.00739	0.716699
3.69475	0.636518
3.80922	3.56984
6.28441	2.52821
5.92622	1.26583
4.31381	0.710312
7.48003	2.38465
14.9393	-3.33288
4.76201	2.73464
6.42227	1.59944
4.27586	3.03414
2.95397	2.64412
6.37172	2.06747
3.98558	2.23694
4.95928	1.60374
4.01575	-0.190579
4.47093	1.8726
4.54336	0.897612
5.5581	1.47614
4.11491	2.67932
9.88798	1.17804
4.60786	3.737
5.63874	2.61719
5.49268	4.1552
7.08706	1.29464
4.09806	1.99653
5.03625	2.40164
5.73363	1.24614
3.96286	2.69734
3.18394	1.16221
4.23219	3.69798
4.90723	2.32149
5.4862	2.56077
6.56279	1.90012
6.5154	2.68627
7.9631	-1.11218
4.72686	0.117022
5.1989	2.29613
3.36619	1.30397
4.3983	4.0205
5.8001	1.14212
9.14429	-1.32821
4.29565	2.2175
3.99429	1.09323
5.78993	1.86683
3.10342	1.54107
5.4718	2.1828
3.35616	1.42628
4.07136	4.01778
5.21155	0.51431
5.61774	0.695515
4.40713	2.93243
5.24306	2.30298
5.63558	0.184665
6.7321	2.60923
3.34311	2.44138
6.07659	2.37856
3.47298	0.142034
4.08253	1.80471
5.4598	2.54595
5.36994	1.2191
4.0656	2.65533
4.50618	1.60717
3.56687	2.1951
5.39011	4.1093
3.11508	2.36123
4.19929	2.63263
5.48866	1.76842
4.09516	0.127051
4.34802	1.14771
6.11976	0.887209
3.85051	1.01315
3.78254	1.22347
5.56455	1.09016
6.20063	2.32008
5.84946	2.46899
3.734	1.57165
4.65113	2.67082
6.11572	1.13844
4.92944	1.80131
4.19606	3.04696
6.78903	3.20576
5.88333	2.9618
3.58327	2.6547
5.26336	2.5271
6.30062	1.87407
5.3524	1.89087
5.73706	2.70566
4.67211	2.20275
7.17057	1.78879
4.24197	0.819818
4.98634	3.85351
4.7784	2.32232
3.98045	1.89736
5.40986	0.354059
5.46188	2.01548
5.45878	2.72038
5.5973	1.30521
3.55432	2.68909
4.85653	2.03792
5.12263	1.19957
7.99547	1.11842
5.71251	2.41075
4.45463	1.4146
6.20031	0.581228
5.09595	1.47824
5.66275	2.42331
5.91427	3.03147
3.69657	2.06842
4.23124	3.19276
3.70214	2.80328
4.87076	1.54002
3.92082	3.15206
3.33379	1.59315
4.33475	2.96853
4.13016	1.66484
6.45113	1.23474
4.09357	0.855921
4.52976	2.27267
4.62986	0.314005
6.00079	2.20547
5.89395	2.05241
3.07618	1.33003
5.50563	2.61075
5.4248	3.10575
6.41773	-1.42355
4.72467	2.03572
3.99713	2.38616
3.91026	4.23061
4.22624	1.52536
5.18038	0.917991
3.81089	1.56053
3.08195	2.60929
6.41019	2.26927
4.84984	1.25632
4.61255	2.89292
6.04406	1.82976
4.10042	2.02175
3.98373	1.24041
3.50448	1.80821
4.18757	2.38501
4.19486	1.6246
5.43362	0.21496
4.43742	1.48063
4.24088	0.0303399
5.92149	0.314419
4.3266	2.07929
4.7197	2.22605
6.70811	2.62037
6.78301	2.01447
6.14567	3.90822
3.30891	1.26821
6.35459	3.77375
5.28296	3.54183
6.80503	2.7449
4.03727	0.818004
4.47798	3.92812
5.81791	3.29086
3.67826	2.53689
4.74462	1.84369
6.89935	-0.378994
4.09114	1.3717
4.39882	0.784858
7.52594	1.17734
3.53021	1.97875
4.36272	2.45373
11.0546	2.68468
4.35627	1.14482
3.94151	0.829997
6.05909	1.26752
6.79865	1.95071
4.96477	1.00828
5.55483	1.70456
5.55491	2.62139
4.79795	2.41718
4.94286	1.8281
5.46488	2.15244
4.80485	1.78756
5.24061	4.67578
3.92023	2.85757
4.92089	3.38392
4.42569	0.664609
4.87146	2.41592
7.00085	1.23832
4.80687	1.77126
4.20094	1.77825
4.7775	0.800381
5.35485	0.269414
5.82571	3.80236
7.52535	11.2768
4.7206	2.23334
6.70954	3.26034
3.65108	2.28375
4.83451	1.68657
3.84774	0.645439
5.4498	1.05722
5.99965	3.03105
5.72137	2.85062
3.49242	3.3491
3.75701	1.27865
6.44769	1.80486
5.11333	1.2528
6.90174	1.71929
5.47451	0.984175
9.37865	3.23751
6.55402	2.05729
5.93707	1.43938
5.62498	2.62434
3.23127	2.82701
5.99866	2.00351
4.87486	3.11026
5.96086	3.65601
5.14044	2.89603
6.53207	0.69651
5.94463	3.67631
5.03144	0.00966702
4.3197	1.44533
5.34506	2.87419
6.49508	2.797
4.74203	-0.0357449
4.20238	0.158282
3.07763	2.00983
6.68585	3.1336
4.01313	1.11037
4.41554	1.05088
3.72101	2.90568
5.16734	0.344341
6.55346	3.63548
4.37465	1.92498
2.99861	1.77322
4.35398	0.631035
5.83656	2.61246
5.61415	2.35239
4.06449	2.10332
3.53699	2.46425
5.03435	1.7145
3.93502	1.73756
4.13563	1.67899
4.09034	1.55229
5.93455	2.56105
4.49169	0.656606
2.98272	1.54314
4.18497	2.35937
3.85993	0.409021
6.06555	3.33038
6.59294	1.16443
6.27306	1.59997
5.65702	0.449024
6.28978	3.7531
3.50865	1.26281
4.88281	1.37341
6.48776	1.90973
3.85241	2.76432
3.1595	0.18072
3.37111	3.30641
6.14598	2.91023
5.80957	2.78096
4.8963	2.42937
3.98997	1.76426
5.68595	2.0202
5.70074	2.71908
5.74481	0.92426
5.44469	2.63566
5.30088	0.297534
6.96214	2.17325
5.91838	2.48018
3.64557	1.788
5.698	0.399005
6.61979	1.24702
6.40448	0.952229
4.7464	0.248751
4.10128	2.27023
5.76154	1.73375
6.97198	0.419346
5.83696	2.4885
5.79676	0.653183
5.17203	1.92507
4.87627	3.06802
9.42555	4.78293
4.07342	1.45124
3.58063	0.341362
5.67455	1.69307
3.78231	0.539172
3.95811	2.17837
4.92961	2.91675
4.89589	0.132775
3.14394	5.24064
4.77346	2.10776
3.4878	4.06073
7.21256	4.55522
6.9057	0.57611
4.3288	2.91577
4.91868	1.90637
5.55964	1.30511
4.94607	1.57581
4.96567	0.815135
7.25168	0.369146
3.11955	2.20943
6.25873	1.7752
5.17958	2.57485
5.14455	1.83823
4.53381	1.45794
5.18612	1.75304
7.15689	2.9339
4.4304	1.33042
5.07784	2.63804
4.81467	0.523414
4.95463	2.15252
4.0513	0.608748
5.62292	2.68893
4.22759	-0.0809768
4.83684	0.660926
7.47555	1.70893
4.23535	0.539536
3.88903	1.12603
5.98257	2.8478
4.59525	0.379501
5.36715	1.50414
6.6443	1.51902
4.5444	2.36608
3.09003	2.90662
4.25396	0.460541
5.74665	0.574905
3.44046	2.65756
4.8455	1.24229
6.14264	1.79195
5.07837	2.27136
6.21547	3.60899
6.16658	2.54049
6.44116	1.22806
6.42006	5.92782
4.24482	1.28457
5.24848	1.4254
5.97664	1.33489
5.57206	1.63021
4.53221	2.83028
4.00798	3.01372
5.62259	0.942652
4.69763	0.101928
5.28371	1.6361
4.44028	0.635414
4.54983	1.0031
6.03764	1.71533
4.41843	0.70782
4.7487	1.84828
3.32148	3.41714
5.70266	0.865983
6.1481	0.384133
5.36197	0.468644
4.99841	1.86265
6.11024	1.95021
6.09033	-0.317603
5.32109	2.59012
4.47029	2.76893
4.02586	1.61398
5.60708	2.5793
3.89857	3.87187
7.14657	1.71442
5.82705	2.6055
3.38208	1.42537
5.82486	2.49168
3.81456	1.53204
5.90566	2.56316
6.50447	2.80375
5.57928	0.12996
4.94582	0.581298
5.992	1.56317
5.11158	3.81858
5.558	2.47745
5.74647	0.295539
3.55282	3.23837
4.39783	2.26849
2.91511	3.54547
6.09414	3.01419
4.3843	3.09725
5.83352	2.05327
5.24414	1.39177
6.47555	0.038181
5.75994	0.799944
5.83496	1.95508
4.55957	2.34012
5.73248	1.02358
3.31352	1.98754
4.68521	0.578946
5.15146	1.30796
4.27671	2.87478
5.13686	2.22344
5.55361	2.95708
5.71578	1.47189
5.62106	2.25655
8.55059	-0.194483
5.72535	2.85015
3.99609	3.66104
5.63957	1.55361
2.92263	1.40194
5.08954	1.38988
4.02105	4.49389
5.7323	2.29879
5.15554	2.71975
5.36356	1.61232
5.37516	0.686099
4.70918	2.57308
6.12218	-1.34695
5.8786	0.320267
4.27122	2.89126
5.5194	0.597501
4.51612	1.90529
5.24864	1.38594
2.92377	2.24735
5.28598	0.57915
4.36237	2.02141
6.45779	2.10521
4.85522	2.32319
4.06908	2.73976
4.30806	2.31619
5.41289	1.03052
4.66904	2.91708
5.36685	2.55376
3.44826	1.68456
5.51301	3.79637
3.58695	1.03987
3.89862	6.29948
4.29955	2.85171
6.12353	0.59446
3.0146	1.80426
3.48103	3.17084
5.40673	2.9168
3.88229	3.21672
4.00816	0.657223
3.64605	-0.130775
5.27592	2.66773
4.79509	2.09937
4.27366	1.54191
4.315	3.3403
4.01773	1.21525
4.35903	3.96676
3.94555	2.07851
6.9776	3.00391
3.47546	2.79127
3.53124	1.8946
3.67133	4.69458
4.14518	0.800811
4.19076	1.32653
6.54479	1.93467
5.08711	0.575987
5.12324	1.11931
7.53659	2.48684
4.77949	1.24517
5.58754	1.72117
3.92416	2.62883
5.92796	0.735748
5.25016	2.61471
3.58995	3.22458
4.74826	1.77006
7.4099	1.87971
4.3836	1.75164
5.09344	0.466473
5.62461	3.74786
5.70542	0.910389
3.72203	3.02385
5.80441	1.70327
3.45816	2.04964
6.03083	2.27453
3.6603	0.876919
5.49424	0.506825
4.20519	3.59462
3.28198	3.40844
5.76522	0.786786
4.33878	1.63096
5.12549	1.22122
5.17093	0.580865
11.9995	-3.03104
3.74593	1.65164
3.71437	1.94012
4.63074	0.835501
5.59123	1.16463
5.56573	3.69947
4.44058	1.82162
5.83909	1.13261
5.15137	1.72624
4.75219	1.35792
3.64887	1.09355
3.81854	1.50071
5.16936	0.848425
7.07191	2.06917
4.28131	-0.153447
7.10334	3.02711
4.44721	3.97829
3.89317	1.28764
5.63114	2.51136
5.90412	1.1121
6.18354	2.24514
4.60892	0.730251
4.08142	0.238549
2.99623	0.95558
3.07061	1.20679
4.00705	0.454177
3.10329	2.06071
4.0299	1.10867
5.84306	1.23461
4.46707	4.57253
5.10929	3.04316
4.39153	0.944212
6.38751	0.877842
3.67117	1.78134
3.62545	0.73311
5.97034	-0.12234
3.65257	0.451467
4.55767	0.751382
6.0123	0.976264
3.69253	1.17894
5.44742	2.32164
5.66966	0.873335
6.4488	5.17101
3.75248	0.295842
4.955	0.234704
5.48424	0.91501
3.65684	4.15263
3.52453	1.02724
4.97515	4.15791
6.32166	1.44829
6.63552	2.02838
5.89782	0.754334
3.24256	1.3789
4.50188	2.62032
4.72976	0.737542
6.47722	1.87073
5.87602	2.34565
4.02189	1.27322
5.20768	1.83381
5.61378	3.25385
5.7777	1.11725
3.63957	3.5235
3.99974	1.61767
5.0172	1.47268
6.6139	1.8189
4.76235	2.25047
6.02716	1.68169
6.7059	3.0103
5.30113	-0.042686
5.68382	-0.00397724
5.80591	0.468944
5.15169	1.2375
6.86111	0.437672
3.74521	3.33699
3.38595	0.505859
3.97562	2.19468
4.60213	5.23822
5.90156	1.77195
5.92029	1.87179
7.0027	1.75332
6.57161	0.417915
5.96118	1.18396
3.06719	2.4851
5.73227	-0.0382009
4.28767	2.86255
4.90394	1.70858
3.79774	2.73205
5.12816	1.50815
4.79645	0.658174
5.63805	0.955454
4.3237	1.14745
6.24253	1.15553
7.47546	-0.226552
6.22146	2.55517
3.65422	3.26298
6.76613	0.478645
5.33525	1.91932
5.14739	2.47021
8.15621	1.34345
4.26485	2.66571
5.50139	3.50264
7.34971	1.14412
7.00997	0.794054
4.76125	1.9233
5.02031	1.10155
4.84403	2.55626
5.77748	3.25897
3.93781	3.4087
6.46623	1.96801
5.45424	0.37891
5.35234	0.177879
5.58431	1.53469
5.1099	2.27117
4.97785	1.18376
4.33242	3.03188
5.19135	3.71761
5.27847	2.93892
3.47328	2.51277
3.72832	3.34167
6.18514	1.54327
4.88172	0.847769
4.55337	1.16616
4.00016	2.68884
6.16104	2.85084
4.47325	2.08648
4.3972	1.80513
5.38515	3.56004
4.73509	2.9028
3.95183	0.158755
4.19395	2.28284
5.96741	1.02763
4.09583	4.42303
3.92561	3.36896
4.47854	1.30969
3.85681	0.930635
4.40451	2.33544
6.54647	1.54354
4.58771	1.10585
6.05233	3.95596
6.3387	3.16319
7.3507	3.60219
3.19481	3.01722
3.32005	2.48578
6.12948	1.93862
4.12928	1.14618
5.50506	2.18078
5.68432	0.36722
4.84898	1.24514
5.8292	2.20667
5.33566	2.65483
5.10266	1.39371
6.22212	0.226948
10.4547	6.03297
3.47713	2.66462
5.76122	3.0702
4.35936	3.44939
5.64614	1.07133
4.99168	1.26804
4.4451	0.15648
5.29997	3.52127
4.3792	4.07392
6.76043	2.53194
5.91536	2.79492
4.35138	2.73735
5.4646	2.12703
5.59613	0.639986
5.29016	2.85675
5.20523	1.51817
5.80266	1.39476
3.68771	1.34071
6.08771	-0.0870505
6.58078	0.813997
4.81381	2.1498
5.75165	1.2453
5.85976	3.04603
4.70567	0.892318
3.7857	0.13168
5.10478	1.67984
6.90352	0.875847
5.69989	2.42316
4.76163	0.505349
4.98823	3.56311
2.95096	1.52661
5.44595	1.25267
5.20694	3.44238
6.05098	2.63576
3.67753	2.06595
5.7267	2.9906
5.64495	0.708174
4.43402	2.78044
4.66832	0.241364
5.71529	2.43341
3.44676	1.40986
7.09071	3.90239
5.69316	2.60632
6.21942	1.68336
5.13039	1.46414
5.07664	0.644688
3.14229	0.156706
3.01673	0.625688
7.12892	1.91575
5.15618	0.293753
6.35323	3.99123
5.40018	-0.0944823
7.02625	3.16318
5.49378	1.38068
4.16574	2.09722
5.73942	2.28447
4.62988	1.61001
3.05436	1.29032
5.50596	1.23595
4.70146	1.6003
4.33054	0.985377
5.53319	0.0621671
4.77682	1.64408
3.85244	4.46852
4.93091	0.530429
5.32006	2.31383
3.91729	1.93035
3.18704	0.0476944
4.69408	0.994026
5.71269	2.75855
5.51959	3.33227
4.56418	0.62517
4.78386	1.20269
3.55547	3.11022
3.57563	0.663162
5.12062	1.43412
5.27272	2.36171
5.66639	1.38232
2.97785	0.841273
5.61589	2.99075
3.63288	0.195996
6.01151	2.5462
6.24613	1.75415
4.08691	3.46327
5.01329	-0.0881492
5.11371	2.76764
4.00018	2.01845
4.38239	0.719746
6.99118	-0.479797
4.11736	3.07696
4.44124	1.16377
6.18842	2.54783
5.52038	1.88975
4.70415	0.135121
4.07355	1.99875
2.86844	2.63913
5.20615	0.785651
4.41051	3.26503
5.08613	2.56484
5.17047	6.34366
5.96078	1.26886
4.7589	2.54559
3.91733	3.52944
4.75741	1.16957
4.68711	2.18887
5.53205	2.4281
6.33306	0.576518
5.42236	2.46247
5.80347	1.47742
3.54374	1.92554
5.67121	2.6326
5.4373	0.838128
3.43865	1.69008
3.36354	1.98762
3.48091	1.75076
5.44245	0.950516
3.52505	1.01909
3.75463	1.67928
7.3734	-1.38082
5.31194	2.11795
4.86241	3.95735
5.69908	3.03462
3.59619	0.498835
4.16287	2.72513
3.51733	2.48201
4.91878	0.441441
4.08413	1.31292
4.26737	2.14186
5.29551	3.29206
6.3656	1.31444
3.54893	1.43436
5.54437	2.74205
4.38314	0.452194
4.97992	1.23516
3.99452	0.436942
6.37457	-1.37848
3.86525	2.55429
4.47677	3.40046
4.43681	6.5771
3.9757	2.68699
4.4512	0.486036
4.20461	2.23142
4.29951	0.917522
6.6062	1.50223
3.77353	2.3604
5.27761	1.89365
6.78951	1.94643
3.46591	1.3805
4.69484	1.54457
5.74089	2.92262
5.5891	2.31562
5.13336	3.78105
3.89227	2.99345
5.36528	0.588224
3.96987	2.26542
4.69494	2.39145
4.47842	2.03289
3.31745	1.8782
4.03887	1.54389
5.56673	0.449732
5.07496	0.806791
5.74254	1.74058
6.0542	2.6236
7.4151	2.35213
3.33351	2.94114
5.21077	2.70405
5.92961	1.95363
4.92486	0.96171
3.71661	1.62768
3.13549	0.840595
4.80674	1.73191
3.0546	3.23798
3.99216	1.2432
6.16708	-0.242498
5.33647	2.23364
3.42212	1.58518
4.78123	2.97814
4.15881	1.80301
5.61433	4.03458
5.74599	0.537616
5.70601	1.81611
7.24117	5.99612
4.58233	2.60891
5.26948	1.33289
6.58436	0.586948
4.19356	2.60467
5.07027	2.06222
4.75356	1.54238
4.76847	3.72213
5.07182	3.17959
4.73297	2.83473
5.57556	1.17571
4.94975	2.31339
5.12222	1.87559
5.52219	1.88923
3.67077	1.36564
5.82029	2.09911
5.77068	0.828988
4.31264	1.15859
5.24148	1.14474
5.13929	0.52263
6.26178	1.6766
4.67837	1.97886
4.90566	2.39712
4.13726	1.43764
4.85105	2.31171
3.90612	0.706158
7.86938	0.0324508
3.76005	1.1388
5.47662	1.89201
4.97162	1.6047
3.15618	1.6578
3.75627	1.08947
7.21536	2.12594
4.74783	5.47781
4.69097	1.53441
7.44916	0.108552
5.16032	3.3045
5.85343	0.456233
5.6424	1.44328
5.50851	4.03956
3.29846	3.75976
6.17488	5.01969
4.69921	1.15286
5.39979	3.11221
4.88148	2.70673
5.79297	0.75546
6.12089	2.31947
4.40313	0.172202
5.16595	1.45716
6.39396	1.69735
4.8242	0.875737
4.05597	0.318625
6.56662	1.69151
7.30611	0.0651827
6.65369	2.26984
5.05331	3.16704
4.641	4.33753
5.98251	3.13404
3.30721	2.5762
9.32162	-12.2763
8.41172	1.2596
3.80034	2.19295
4.4298	2.33955
3.98075	0.73656
3.12727	0.659488
4.75696	0.737029
4.80609	1.14654
4.92223	4.12817
4.26477	2.19456
3.07972	2.01679
5.5951	0.0563577
5.10792	0.991419
7.00458	2.04923
4.14431	1.39515
5.19402	2.72347
6.6278	1.9257
3.41167	4.64075
4.95399	0.41856
4.08499	0.866711
6.56281	3.62718
6.78909	-1.28054
5.67437	2.18565
4.07862	-0.158185
5.57906	3.08945
4.83195	2.78055
5.0517	3.38589
4.31328	2.91127
3.81297	2.95001
4.46984	2.51238
5.72313	2.54269
5.99539	2.27137
3.45253	-0.123333
4.15355	1.65675
3.07035	2.95618
3.87436	1.03587
4.26592	1.76485
5.89909	1.02627
4.70821	4.27476
7.83458	0.555751
5.4601	2.49362
5.03685	1.76084
4.55247	0.902243
5.11563	1.76991
3.66464	1.11462
4.27467	0.794263
6.37399	1.57146
4.76209	1.51803
4.82641	3.47746
3.52001	3.18834
3.67288	3.94911
4.39962	2.14469
4.32991	1.92411
5.511	1.48155
5.17748	14.6932
5.26626	0.717477
4.49769	2.94144
3.78353	3.75634
5.11677	0.774504
3.98925	0.2249
3.10357	0.406431
3.06178	1.45541
4.21695	4.16773
4.07858	1.95544
5.88423	3.34281
4.70403	2.73933
3.31864	3.60323
3.85857	1.73691
6.41515	2.68028
6.48931	0.0425336
4.8959	2.97123
5.53712	2.88394
5.24419	4.42264
4.28533	1.47449
5.74801	1.59891
3.51628	2.09015
3.6616	1.93778
5.72294	-0.00259997
4.83346	-0.120206
4.86328	1.97948
4.30041	0.749025
4.12114	2.18876
4.46241	2.19088
6.79353	0.75291
5.5187	1.46145
4.26911	2.39224
2.77749	2.84526
3.52965	2.62546
4.94784	2.4817
6.12465	2.9079
5.0976	2.85712
4.99345	3.0174
5.90104	0.856963
3.96349	1.7249
3.97068	1.18749
3.1569	2.33152
5.16585	3.40522
5.41802	0.547776
3.77925	2.99415
4.57392	0.407266
4.24413	4.25948
5.5301	1.06397
3.24856	2.38695
5.51276	2.71767
6.08238	2.41234
6.06554	1.04231
4.81519	2.03897
4.73575	1.37966
3.79042	2.85384
5.09424	2.59475
5.29682	2.21203
9.41212	2.96693
4.52743	4.11101
5.47008	2.87308
3.82725	0.849601
4.00255	-0.126584
5.80912	1.76167
4.34813	1.72134
3.06174	4.16614
3.15119	1.32842
5.8133	2.17487
4.90503	2.61899
5.72851	2.56558
6.61703	3.5519
4.90116	3.39429
4.03076	1.43154
6.73702	1.05136
5.64275	1.47586
4.3092	2.25634
5.77131	1.78588
4.07365	1.45669
10.3089	-0.16678
4.37759	1.49341
5.37058	1.65695
3.57179	2.04892
5.58828	0.915959
3.12669	2.09855
3.45698	1.10602
3.82692	2.04596
6.23624	2.61891
6.81047	1.62835
3.47768	0.91894
5.85497	0.0975432
6.48593	0.682462
3.56201	2.227
3.67305	1.01178
5.7996	0.676174
5.32562	1.61072
5.53209	1.57921
3.64038	4.94867
6.49052	3.11435
4.45656	3.7369
4.89506	1.46604
7.19317	-0.632232
6.81933	-2.40759
6.57767	2.08477
4.07858	0.122345
3.78129	2.26013
4.36502	1.75657
4.02152	2.72342
4.12113	1.7595
4.91323	0.229599
5.80648	2.04659
4.94626	0.481766
3.41683	2.20899
5.56992	2.8037
5.0784	3.20001
3.65183	0.722924
5.82455	1.65749
5.73646	1.55629
7.16697	2.83217
5.33778	1.36486
4.64013	0.945495
8.01574	0.0321123
6.25912	2.35464
3.3858	1.78335
7.56837	6.68698
4.51317	2.75881
5.04987	2.42199
5.62961	1.9892
4.46405	1.38143
6.63361	0.325416
5.83239	1.39913
4.66089	1.22684
7.06801	1.63824
4.99727	2.61497
3.81196	3.47451
6.48388	3.04873
5.54095	1.98836
5.7069	2.45129
5.30914	3.909
5.55053	1.9434
5.34388	2.38063
4.46543	0.574784
4.93277	1.45834
5.24308	1.68003
5.35599	2.79724
6.31332	1.4586
5.75711	1.72128
4.38018	0.310215
3.97547	1.70531
4.1493	0.12889
4.09251	2.0365
3.92049	2.60474
5.55497	2.07512
5.95111	2.0318
6.45494	2.30108
5.98007	2.35093
7.17054	1.026
5.61088	4.05801
4.38322	1.51106
4.00497	1.88601
4.09102	2.97376
5.24017	0.128617
5.85106	2.11944
4.08855	2.33008
4.82758	0.46825
4.52293	2.1061
3.69921	2.19086
4.20112	2.83388
9.24857	-5.44127
5.21356	2.28128
5.82635	2.25663
5.14469	2.67711
3.46507	2.17631
6.4562	1.72521
6.8565	2.64076
4.53716	3.26975
5.52867	2.02409
3.18391	0.485063
5.45056	1.37017
5.87522	1.3358
9.52049	10.3176
11.204	2.22967
4.04851	1.31113
6.59381	0.945703
5.28851	1.15276
4.60505	3.03146
3.38876	0.314477
4.1894	0.767072
3.88376	1.2839
3.34733	0.0697537
5.39115	1.63425
4.73676	1.7925
5.95164	0.976252
7.46928	2.72242
5.11523	0.60232
5.98058	4.087
6.11456	1.30932
5.50399	0.271826
7.90263	1.65308
3.60939	2.79013
5.78457	2.54043
5.29733	0.816613
3.83755	2.87443
5.1128	0.136516
5.79379	1.31829
5.04048	0.29618
4.26561	2.59747
6.3764	2.61787
3.73129	1.26651
3.10336	3.40888
4.59328	4.31695
7.21294	3.28328
5.50836	2.1214
4.59865	1.8336
5.20139	2.514
5.01351	0.335659
4.87391	3.26255
5.07629	2.96965
5.23375	1.91481
5.80086	0.712334
5.36476	1.06172
4.65007	0.585487
5.78523	1.78546
4.26662	3.708
3.14022	2.02518
6.27544	3.61767
5.99599	2.31831
5.25009	0.660364
4.39792	1.77977
3.43448	0.344331
4.85286	0.409025
3.10934	2.30543
3.81265	2.78596
4.6511	1.92797
6.03231	3.53218
6.33731	2.96114
5.30337	2.23253
3.55189	0.555361
5.45314	1.1668
5.26694	3.50821
4.59012	1.06214
4.92878	3.71471
5.32361	3.74163
3.6211	1.36269
6.04917	1.12816
4.07707	2.69803
3.9623	2.8562
5.72618	1.83881
5.03898	0.235091
7.41789	5.70194
10.6789	7.77676
7.13434	3.42145
3.46923	1.09483
4.8263	0.133522
5.11641	0.386579
3.7483	1.49178
5.90796	2.56163
4.75539	1.77844
4.3437	0.732371
3.2229	3.11845
4.23646	3.1628
4.4931	3.64346
4.8899	0.704728
3.24095	0.848274
6.10774	-1.23557
5.44796	0.976655
5.4973	1.06162
5.27851	3.58612
3.72262	1.90069
4.18899	2.13068
4.95695	2.83713
3.81851	2.33005
5.89193	0.901367
6.6977	2.18489
4.56481	2.8485
6.01997	2.15554
5.23435	2.80936
7.92286	0.661261
3.32594	2.69748
5.49961	3.04205
6.53484	1.5967
4.95563	1.27119
8.59557	2.9866
4.2272	2.08678
4.50279	2.2999
5.023	2.69061
5.99364	0.91251
5.9087	2.389
3.65597	4.21976
13.1819	4.48614
5.20944	1.85497
5.86599	3.08888
5.88421	1.8835
4.37965	0.547438
5.2892	2.18086
4.93093	0.454422
5.54779	2.09749
5.26146	0.346528
4.71465	2.41571
4.50609	2.61034
5.57021	1.0097
5.75758	0.244956
4.31227	2.04508
7.06088	1.49339
6.55334	0.391278
6.0506	2.52844
6.16062	1.68303
4.31443	0.952698
6.24214	4.24947
5.70779	1.25496
5.70158	4.20227
7.88951	1.33902
5.63704	0.540874
4.30897	3.24842
4.72608	0.514964
6.6318	1.20248
3.99424	2.79042
4.79581	1.84705
5.0625	1.60159
4.22026	0.598637
5.58936	1.26984
2.91675	1.01616
4.66697	1.24885
5.58508	1.1732
5.13804	1.0474
5.39885	0.303098
10.8431	2.39832
5.08493	2.67389
5.20115	2.00851
5.47013	2.1305
3.64208	1.48939
5.6831	2.61342
6.35078	2.25382
4.74	0.121809
5.31044	1.95964
4.71792	1.2122
3.96172	2.65634
6.19208	2.31395
5.14987	0.36207
4.53665	2.16835
4.01418	2.60944
3.42198	2.22023
5.38452	0.545731
6.03339	1.11834
6.25917	2.47368
4.93729	0.785102
3.78988	0.161314
3.05041	2.04945
4.68013	1.69779
7.93716	1.65215
6.523	0.475083
4.14513	0.639802
4.95932	3.75263
3.15102	2.64896
3.632	0.631163
3.31314	4.3099
4.72391	2.03672
4.70466	4.40481
3.15688	2.85733
6.8625	1.70465
6.7988	0.705144
6.50301	1.43261
3.56685	0.156642
4.37122	0.535125
6.19153	2.85481
5.86127	1.38276
7.24013	2.66341
5.62371	6.58861
4.49689	2.90931
5.34428	0.43343
3.7639	2.53964
3.37088	0.32187
7.13046	2.54452
3.69082	0.447735
5.73218	2.41655
5.46011	2.35602
4.1645	2.90148
4.07817	4.02846
3.68216	4.14352
5.85056	1.54882
3.58842	0.58094
5.415	0.18604
5.51435	1.46185
4.96785	2.91201
5.26702	2.89963
5.65049	2.7642
4.76104	2.995
3.44182	2.5943
3.81992	2.76647
4.88844	2.13759
7.24164	0.998867
5.72921	3.67535
4.57002	1.0795
6.43941	3.62526
2.98607	0.217835
4.65005	2.27084
5.19902	3.24034
5.30553	1.69684
5.62204	3.1094
4.72515	2.8661
6.09548	2.74632
4.92646	1.86074
3.82147	2.04104
5.77753	0.743846
3.68252	3.19435
5.81009	2.31544
4.1892	1.48794
4.927	0.0572369
5.31875	2.10266
6.53462	-0.978603
4.50504	3.31732
4.29314	2.79075
4.76923	0.0144069
3.11552	0.8866
4.60113	4.17742
11.8479	6.47924
5.01943	2.76275
3.58523	0.190175
4.40062	1.52111
3.99252	1.75346
5.23233	2.60156
4.84699	2.7943
5.81616	2.0463
5.00802	0.785274
3.71277	2.59138
4.72706	1.92326
6.57375	1.42092
5.13419	0.796224
4.37395	2.52682
4.45959	2.81317
5.53548	4.1457
3.37994	1.35721
5.66761	2.62144
7.40294	1.89305
5.55877	0.970832
6.58805	1.67478
3.28238	2.43732
4.48142	2.83084
4.57541	3.71127
7.89633	1.29387
3.22242	2.36924
5.04201	3.22714
4.29574	1.4027
4.64632	2.96259
5.99853	1.79994
5.30367	2.20821
4.09589	2.46163
5.67445	1.19525
6.9209	1.38944
4.73315	3.56046
3.30703	2.2302
4.4258	2.57935
8.26438	0.693023
4.19745	1.21296
5.59933	0.773252
3.23999	1.41261
4.3569	1.16487
5.6048	1.72817
4.90179	2.18946
5.78913	0.793447
3.94438	2.24136
4.83313	2.78315
4.90163	0.457515
5.6367	3.38427
3.95731	2.26024
8.15171	3.55031
3.3998	1.61789
3.40829	2.68085
3.60856	0.583795
5.89627	0.781299
3.19094	0.399988
5.07338	1.47713
4.29183	3.35973
5.30569	1.58539
5.14376	3.64165
4.42357	0.42752
5.48748	1.33915
5.4573	2.29685
5.39628	0.207245
6.19797	2.36294
6.00909	0.998357
5.49553	1.89339
4.57979	4.08794
4.46539	1.76364
5.07411	1.88571
6.205	3.18335
5.33107	0.914701
3.325	0.905521
4.78504	0.508317
4.7303	0.946976
5.39813	1.40737
5.91851	1.32616
5.2032	1.68369
7.12969	1.58498
7.19307	1.6078
6.67734	1.579
3.76496	4.30238
5.19328	3.12189
4.8705	3.13599
5.34424	2.27506
5.23877	0.00646072
4.56212	1.69408
5.85716	0.478927
4.52483	0.383812
5.80447	0.199348
5.5702	0.595229
6.22694	2.66012
5.9282	0.510887
5.0699	0.697977
3.99624	1.72703
3.40755	1.32148
4.39493	2.04674
4.75042	1.42974
2.88977	2.17314
6.43214	1.83375
5.96934	0.721938
5.16261	3.75734
4.83381	2.48537
5.17689	3.58484
4.66428	2.48221
5.18736	2.48794
3.55657	1.49181
5.71519	2.96498
5.65839	0.595412
3.99173	1.92812
5.47728	0.77373
5.8773	1.16406
4.13218	1.94277
5.26463	0.583963
7.53365	1.27421
5.90388	1.30228
4.08743	1.21334
5.51207	0.880888
5.49116	3.04044
5.82524	3.05501
4.94265	2.01921
3.99589	2.50769
4.68097	2.50174
3.19209	1.53255
4.43383	1.64677
5.42203	1.14167
3.13403	1.02559
4.25879	2.15226
5.02505	1.3137
4.42808	0.523501
7.04613	4.17837
5.44017	1.81005
5.54941	1.78862
5.95606	2.43806
4.0019	1.20817
3.97556	0.968289
6.77927	2.13006
3.8882	3.2488
5.15571	0.425877
5.8515	0.437027
3.93873	2.64903
4.28347	3.50935
4.07556	1.50194
3.81736	1.7415
4.43581	3.53862
5.92089	1.29497
4.75346	2.72798
3.58175	2.15813
6.46884	0.694391
5.46884	3.84712
4.85236	1.37499
4.47031	2.60562
3.99242	4.12907
5.41133	3.07569
5.98975	-0.353452
5.38908	3.35152
6.60541	3.64862
6.84179	4.36802
5.19469	0.593943
5.37958	1.86562
7.12834	0.684565
4.25543	2.73055
5.38747	1.44124
5.55884	0.331759
5.87934	2.30728
4.94329	1.26706
4.28077	1.03536
5.7613	0.942342
5.45558	0.318448
6.22225	2.33439
4.93845	1.73845
5.83193	3.35802
5.46987	2.77757
3.7347	2.11082
3.16348	4.37597
4.24783	1.49219
3.23218	2.23845
3.42834	2.8579
4.11592	1.97179
4.06479	2.40051
3.60901	2.15724
6.24961	0.0288114
7.00934	3.58243
5.69155	2.36439
6.29438	1.99107
5.57532	0.650773
5.44392	1.02931
4.77261	1.64536
6.5565	3.08594
4.89076	1.23413
5.03616	3.06443
6.39839	2.32929
4.9247	1.82941
5.08747	0.800174
5.5932	3.14869
5.95386	0.786449
6.18199	1.82769
5.61393	2.71949
5.13431	0.298396
5.07309	3.65633
3.38623	0.805297
5.6991	3.05589
3.31672	2.34014
5.92619	0.67505
5.60079	1.52515
5.11311	2.4739
3.58399	0.469171
4.26117	2.2964
4.11877	1.0195
4.13236	3.59823
4.89731	0.978602
5.35755	1.6875
3.78852	-0.147442
5.95641	1.68074
6.85845	-0.952641
6.5559	0.304883
5.0916	2.55438
3.17293	1.95635
5.45368	1.74199
7.11081	0.267032
5.00697	2.91065
4.49779	0.209637
6.13447	1.11623
8.14043	3.32469
6.10358	6.52929
6.42055	1.51939
5.57632	4.52809
7.37971	-0.0178715
7.16338	2.87426
3.86626	2.0853
4.09222	0.680318
3.36306	0.139107
6.2637	2.30996
3.89819	0.1812
3.83819	2.67367
5.62178	0.552548
5.70985	1.83026
4.76738	1.79376
3.99106	3.87261
5.09375	1.71832
3.21432	1.66151
5.34377	1.78907
5.73173	1.04064
9.18414	1.48256
5.44352	1.7268
4.10995	2.81806
6.58052	0.71351
4.54584	4.27221
3.57026	-0.0124325
5.4978	3.05524
3.78158	0.773927
5.52211	1.63043
5.20746	4.73049
6.67038	-0.450386
5.81807	4.33594
4.85891	1.93631
3.65433	1.53757
6.39855	2.89969
5.53412	3.07978
3.14227	0.595371
6.54615	1.9168
5.94474	2.26431
5.97366	0.777577
3.96463	1.62243
5.26833	1.49769
3.32923	3.82357
6.51882	0.602639
4.03875	1.16872
5.23994	2.19151
3.5758	1.27853
5.28577	0.318264
5.19654	-0.193974
4.95469	0.768239
5.46403	0.982872
3.49922	0.0868376
4.91368	1.881
3.56502	0.873281
6.97912	3.85727
4.58401	0.794978
7.46354	2.73228
3.21022	3.74657
4.05651	0.249691
4.20416	2.29764
3.75819	2.78346
5.30365	2.04829
6.12302	1.60907
6.0183	9.38756
3.70095	1.90745
6.04146	1.60631
3.08922	0.740295
5.70794	1.71764
5.97276	2.611
5.0541	2.60118
3.98264	1.56116
5.61368	1.83766
3.69458	3.37613
6.94353	3.74735
5.70095	0.845805
3.45462	1.60533
3.75322	2.11843
3.22078	0.300631
7.12473	3.74591
3.58989	0.265024
4.01256	2.99869
4.91267	0.719699
3.59604	1.33524
4.99187	3.39093
5.50687	1.71961
4.40084	4.15663
6.85365	0.649347
4.5671	1.17195
3.33014	0.735124
4.74197	1.47521
5.87311	0.915587
5.63487	3.17001
6.82364	1.53972
5.84793	0.467239
5.69473	1.59247
7.36905	1.58117
5.97197	2.6397
3.48421	2.88003
4.83763	2.59194
5.45744	0.878736
6.33098	2.54625
3.57986	0.335503
7.09085	-1.10042
7.09523	1.64905
4.29039	0.710684
5.25847	2.14025
4.6848	2.27406
5.27447	2.93998
3.72339	1.36468
4.59501	2.79761
4.55428	3.13456
5.56478	2.78288
4.80786	1.36989
5.29776	2.26689
4.73012	2.62617
3.82	1.09889
5.60935	2.14727
6.2423	0.480505
5.3004	2.49111
4.95861	2.744
3.29381	2.80146
5.1704	2.63812
5.68452	2.50445
3.67786	2.24657
3.35322	0.515287
3.2329	0.368159
5.32947	0.0667822
4.40334	0.630359
4.36577	3.59077
5.64644	0.930523
5.41541	0.0840138
4.64352	1.54333
4.8698	0.856392
4.23727	0.422176
4.91551	2.01448
4.39897	1.45897
5.29019	1.75317
4.76312	1.76815
6.14492	0.689266
3.30661	0.430486
6.85903	2.6596
4.86202	1.90188
4.61896	1.0756
5.22389	1.61722
6.75214	7.11052
5.13217	1.91364
6.19028	1.10564
5.38447	0.0391654
4.74128	2.56642
5.22998	0.616732
5.42192	1.13298
4.28959	2.94194
5.65019	2.55637
5.68188	2.50011
3.39848	0.219253
3.51084	0.944133
5.19234	3.2872
4.00523	4.05633
5.04054	2.75296
6.87683	0.238885
7.2024	2.73288
4.93878	1.77059
3.00564	2.84103
4.25545	1.23885
3.19069	0.717389
4.46217	3.05436
3.72512	1.77949
3.93094	2.25309
5.14594	1.11796
4.65724	4.46314
3.55883	2.8897
5.05762	0.490797
5.80979	2.51984
5.61856	1.79482
5.71341	1.84189
6.24213	3.34936
5.14997	2.5412
3.70524	4.82291
4.27531	0.189656
5.65504	2.45717
4.80645	1.58782
4.55978	2.13981
4.64969	-0.0754117
4.12535	3.088
4.7457	1.96379
4.29425	3.58452
5.17447	2.86569
5.4505	4.86464
6.11902	-0.213365
5.90791	1.03675
4.20251	1.57098
3.23185	2.16242
4.34949	3.0928
6.35464	1.28776
6.67993	3.16
5.01113	2.86638
2.95819	1.58529
5.00856	1.76222
5.58174	0.838518
5.60017	1.19843
4.66017	2.88921
3.71264	2.08313
3.7433	1.06609
6.29925	0.737228
5.18761	0.840966
3.0871	1.22892
4.79773	2.84839
4.9728	1.59355
5.7311	1.39117
3.65764	4.29666
6.11766	2.00488
4.02354	2.82107
6.21354	0.42783
3.49651	0.84433
5.52443	4.39386
4.61855	1.74396
3.36387	2.34567
6.38975	1.55281
3.75888	1.08823
5.10813	2.70549
5.48806	2.32171
5.17075	0.39469
4.71386	2.18072
5.69585	1.04267
3.52359	1.38409
5.25666	1.62665
4.07747	2.53092
5.27238	1.74292
6.11532	2.53611
4.43512	2.42798
5.04776	2.18475
4.28575	1.82791
5.34674	1.82318
6.81339	2.18123
7.16703	1.69217
3.61268	2.42475
4.51525	2.72803
5.51526	1.89128
5.50619	0.933602
4.08967	1.15064
5.75127	2.14027
3.98624	1.49866
5.3945	1.31702
4.04465	2.55653
5.02563	1.23025
5.55884	0.964443
5.70258	1.88497
6.6538	2.01051
3.58016	3.30975
5.87076	0.87032
3.51673	0.576774
6.98127	0.0225455
3.78278	3.76232
4.57215	3.06969
3.33478	1.18588
3.54784	0.485192
5.25345	2.52966
3.96337	0.854633
4.548	3.22333
5.74916	0.234841
4.64564	2.52801
4.52185	3.5191
3.81461	2.58268
5.17215	0.959907
5.83911	2.09178
3.25915	2.76999
4.27392	1.246
4.43586	2.47014
5.09289	3.10129
5.25063	2.67979
4.49693	5.08862
4.09925	3.13787
5.61815	1.78082
4.80564	2.13805
6.82492	4.30515
5.18959	2.34346
7.87166	3.73223
3.87258	3.57995
5.16302	2.17079
6.79946	1.3142
4.60635	1.0697
4.34284	0.904545
5.71529	0.950831
6.16365	0.361468
4.04683	0.652526
5.96406	2.90739
5.1638	2.73865
6.40455	4.26126
6.60298	2.33301
5.71611	0.490514
5.04491	0.039158
5.48498	1.64096
5.78083	2.70098
3.83183	0.19498
3.10733	0.568641
4.11376	4.82386
4.45849	0.18238
5.79628	2.91268
4.87451	0.526721
6.17946	2.21931
5.4979	1.86404
5.65477	1.05216
4.21169	1.44627
5.93048	3.13418
5.81241	2.43744
5.35443	1.54173
6.77764	1.54688
3.65502	0.793946
5.02278	1.96407
5.53925	1.70519
7.25534	2.89165
8.50221	3.18038
3.99185	1.87033
4.04413	2.5319
3.50154	3.19955
6.78013	2.1521
5.5507	0.291833
3.62589	0.0757176
3.60775	3.06408
4.92074	0.0498228
5.54862	1.394
7.24324	1.95349
3.89287	1.8354
4.22356	2.79076
4.87346	1.49445
6.74689	2.3691
5.54353	2.98783
4.3921	2.96873
4.67013	3.93708
4.9049	2.21429
5.49469	0.722485
4.62314	2.01921
5.80026	1.85875
4.78207	1.53568
5.10886	2.29517
5.68771	0.259509
3.01702	1.59171
3.57904	2.31126
4.84978	2.0932
4.45187	0.533114
6.61178	1.81794
4.94354	2.71858
5.59339	3.58436
4.01986	3.03874
5.18381	2.22496
6.92081	3.59371
6.16175	1.31766
3.89851	1.50186
3.19709	1.92831
4.68313	3.89584
5.6912	1.31002
3.32651	1.93569
6.67989	4.42926
4.22178	1.15127
4.04416	0.454264
3.83907	3.01598
5.68304	0.473488
7.13385	0.468502
5.36283	1.63587
4.16631	1.66235
3.39753	2.25054
7.42793	0.773939
4.05254	1.3209
4.12134	1.9035
5.45574	1.48643
2.7443	2.92332
5.84134	0.528858
6.8185	2.73462
5.02869	2.19112
4.50667	1.78474
3.87658	0.974358
4.18447	2.23618
5.91276	3.49253
3.25579	1.85387
8.94775	-1.86859
4.02618	0.42889
5.75147	3.53844
3.77072	1.25289
9.04528	-0.203806
5.53089	1.23595
3.26682	2.74083
4.20993	1.07077
4.48349	3.52214
3.42705	0.832854
3.92673	1.92187
6.06748	1.37747
7.05794	1.47455
3.80914	2.56727
4.03758	0.865278
3.85521	-0.0859235
3.90931	3.14984
6.5782	2.09915
4.4789	2.19917
5.1109	2.34476
2.87857	2.79764
5.1838	1.65771
5.91471	1.98444
4.95688	2.8886
3.39668	2.94541
4.05529	1.51488
3.51087	1.62518
5.57522	0.0911727
3.01149	2.91398
4.57879	2.32456
6.188	0.741869
3.48328	1.39439
5.45543	0.0441506
6.71051	2.96654
5.77762	0.211343
4.39377	1.40445
3.11198	3.99674
4.82308	3.41364
3.56399	1.06715
4.91049	2.26808
5.1755	0.749942
4.27186	0.734199
3.28306	0.730631
4.19406	2.45402
6.3346	2.23699
4.70846	0.486553
4.77897	4.51568
5.22113	0.206754
3.60373	0.215293
4.80898	4.13515
3.75062	1.45997
4.4435	1.58498
5.813	1.26318
4.37943	1.98456
3.69283	0.244421
4.77877	-0.00990984
6.13531	6.14148
3.96329	1.20235
5.63645	2.84338
3.84315	2.78551
6.21298	2.04108
5.31992	1.23381
3.33236	1.36405
5.92711	0.522547
3.14084	1.6543
4.60673	1.00869
5.72291	1.76207
3.05014	1.77671
5.30359	5.1095
4.65235	3.55773
5.86169	0.765061
3.60184	2.14887
6.4936	1.36457
4.14782	1.26637
5.58193	2.57204
3.84312	2.21588
6.716	1.35197
5.75416	2.95682
5.13584	1.79094
4.81738	3.86659
4.8808	3.01726
5.2897	0.0733877
5.18344	1.12776
5.48779	2.33766
5.52695	2.37325
6.01089	-0.0703564
4.18611	1.2267
3.75638	3.19015
5.53825	0.672398
3.98248	3.10884
6.54056	2.23335
6.30557	2.94054
4.10698	2.90386
5.23618	2.41421
5.72433	0.691863
4.84362	1.76873
3.0805	0.966917
5.73867	0.813979
4.06107	2.32437
5.58058	2.66319
3.78963	2.70532
4.81196	0.881901
3.82611	2.2269
3.30423	0.399749
7.87014	0.69678
5.93739	2.2385
5.52437	1.40107
8.1167	-0.0845514
5.66984	-0.242523
4.16633	0.748524
5.30924	0.220301
3.97266	3.64988
6.74985	2.35455
3.89698	1.90725
6.45282	3.75675
5.24948	1.33037
4.98944	3.16928
5.98301	2.81017
7.40437	1.25106
5.50415	-0.0192199
7.58031	2.01744
4.06117	2.37467
4.62102	1.92434
5.53758	1.47894
3.39244	1.93783
4.87974	1.42275
3.06257	1.05538
6.88134	1.39787
3.32219	2.29068
3.29104	1.20797
3.8591	1.89258
4.90769	0.489463
4.86666	1.51974
4.04285	3.0293
4.42878	2.2612
4.38868	-0.0587413
5.89974	2.29244
4.1653	3.55652
5.08451	3.07093
5.23764	2.08437
6.42149	2.33099
6.5026	1.89558
6.49842	0.386472
5.5717	3.12067
3.92841	0.356669
11.6699	6.03859
3.00086	2.07613
4.58815	2.00151
4.76704	5.01183
5.37932	1.94317
3.68797	2.54124
9.64855	3.18004
5.47698	1.6568
5.66125	1.8328
4.56756	3.1657
4.5363	1.75254
5.23135	1.97978
4.83613	2.49072
4.57132	0.954894
5.57987	1.93542
3.54334	2.93729
3.7135	3.94372
4.4871	0.360409
4.97609	1.92873
5.86874	1.58805
5.36589	1.77209
5.82342	2.33708
5.64334	3.11553
6.48821	1.4511
4.8846	2.32486
6.53577	1.74227
5.22639	3.15483
5.46247	3.20568
5.01216	2.01946
5.40504	0.336574
5.21723	0.496031
4.07688	1.01105
4.89705	0.888306
3.32878	2.17568
5.39416	2.44279
5.97632	2.41599
6.51847	0.207775
4.94778	1.88216
7.69222	1.97089
4.76591	2.07126
4.15722	1.77482
4.22439	0.71762
5.42567	2.21269
3.98123	0.383844
3.02048	2.11682
3.23513	1.41792
4.6318	0.829855
4.35923	2.42465
5.39186	2.29439
4.67556	1.91629
3.84777	1.51665
4.71084	2.00356
3.82015	2.51937
5.17338	1.86986
5.56854	0.676671
4.23396	2.84297
3.95848	2.09313
3.90014	1.27942
4.73627	2.79651
4.98587	1.73073
3.89648	1.83977
4.50543	3.11288
5.24489	2.91354
7.16553	0.428239
5.18807	2.26861
5.1996	0.160349
4.73644	-0.23617
5.12502	1.44944
3.32076	1.25932
5.36462	2.89245
5.74712	1.09822
3.13666	1.93291
4.09762	2.23903
5.79358	0.597395
4.53695	0.931625
5.63968	0.767316
6.02321	1.43873
4.72176	0.510648
3.52781	0.411861
6.07112	3.17137
2.88168	0.494725
3.58909	1.16463
4.42992	0.433327
4.75328	2.64899
4.42675	3.41123
3.93893	1.08181
3.61253	2.31674
4.78621	0.947758
5.8487	0.352731
4.62	0.734077
6.28807	2.26274
4.69329	2.19262
3.36938	3.93299
4.97604	0.978839
3.38282	1.0079
5.86623	1.37716
3.67029	0.369681
5.97716	-0.0562863
3.87837	2.68538
3.08293	0.155475
4.48232	3.46147
3.49966	0.836044
5.44255	2.24242
4.87553	1.46501
5.50735	0.802657
6.2188	2.72984
5.2528	2.41589
6.43897	1.51077
5.36474	3.12598
4.55582	0.737387
5.35143	1.48706
4.60719	2.84724
3.36347	2.20434
5.38107	0.00915493
5.25461	3.30204
5.08392	1.34903
5.37549	0.128462
6.68347	1.93885
5.622	2.62316
4.06971	1.15944
5.95764	1.94652
5.55145	1.32628
5.70628	2.93952
7.37995	2.22188
6.78324	0.64075
6.65128	1.29181
7.0702	2.07808
4.94247	3.13186
4.88378	3.09114
3.60638	2.50785
5.30495	0.277215
4.9517	1.14497
5.60851	2.9379
4.29157	0.326298
3.22828	1.63064
4.21672	1.80411
5.27571	2.92041
4.70734	1.86602
4.29558	2.60609
5.16756	1.91714
3.53633	1.80696
3.92843	0.759869
7.13679	2.2147
7.32512	1.55945
3.62768	0.391575
3.68242	2.07843
3.67053	2.68141
5.81418	3.05084
4.76536	0.407698
2.85378	7.31474
3.76829	2.32495
4.78693	-0.0906403
3.30612	1.60787
5.5009	1.44036
3.88398	2.97266
4.69788	1.08005
3.46429	2.0883
4.45176	-0.0197975
6.20323	3.25872
7.03342	2.06826
5.83821	3.93395
3.91406	4.19156
6.56049	0.310559
3.81225	2.51072
5.11889	3.35695
4.40827	0.29488
3.6194	1.29462
4.84935	2.38114
4.73986	3.01682
4.85615	1.15739
7.08912	1.92139
4.42731	0.633643
6.78224	2.59339
5.07119	3.01999
4.48624	-0.082437
6.00706	2.51027
5.7459	3.55975
4.72099	0.0725719
3.82898	1.99075
3.6099	0.625302
5.4719	0.420174
6.95666	0.332621
5.38709	3.95234
6.6337	0.893242
5.97987	2.84716
4.71422	1.62495
3.99175	0.00872111
7.21902	2.37213
4.75471	1.16852
3.61454	0.437311
4.46236	0.042138
5.00445	4.00544
6.62105	1.93418
6.94168	2.13223
4.05636	2.73564
4.64282	1.97946
5.14052	1.8186
4.2284	0.970045
5.514	0.755383
3.62846	2.295
6.99967	5.84005
3.54786	3.13206
7.29482	1.46636
5.31281	0.833371
3.39754	3.25552
3.75242	2.91735
7.03261	3.30818
5.37782	1.64639
5.4929	2.39942
5.05619	1.91676
6.23745	1.24667
5.80311	2.68519
3.57622	0.727899
6.8139	3.27163
6.63308	-0.420075
3.02857	0.706678
6.0871	0.784143
3.66284	2.12033
6.09408	1.17753
5.10784	2.78814
5.07377	-0.119241
4.57597	1.17799
3.8888	2.28804
5.97274	1.08266
5.27147	1.6214
5.29916	2.98208
3.34438	0.44328
4.18384	2.01952
5.72399	1.05813
5.12936	0.80288
5.75875	2.29927
3.53537	1.35768
5.69839	2.42642
4.65099	3.28884
6.0232	1.18333
6.14014	1.29309
3.75849	1.91823
3.29339	2.27372
3.88614	3.55016
5.89672	1.90779
5.50964	0.699199
3.7001	1.73623
3.99597	2.97074
5.76689	0.98918
5.235	2.28791
11.0738	2.18318
6.12479	2.63948
5.26468	2.28512
4.90779	2.88745
3.96834	-0.167573
4.68345	0.946343
4.2751	1.40441
5.04856	2.81989
5.41176	3.20635
8.87902	-1.21776
4.85479	1.48069
4.97239	1.99475
5.24651	1.55855
5.99271	2.32705
4.18707	2.11513
3.64519	0.901919
5.10549	2.4881
4.7438	2.84
5.23239	1.67587
4.64969	4.27865
5.35863	1.2654
5.98335	3.00576
4.4372	4.23874
3.95034	2.73334
4.02449	3.39746
3.83679	1.99202
4.78503	3.74497
4.29988	4.33564
5.20771	1.13755
4.60914	4.24842
3.73777	1.78412
4.2138	1.67514
5.60826	1.58335
3.71836	1.13318
5.85406	0.871017
5.47288	0.92931
5.44494	3.33811
4.64957	0.122265
4.39289	2.55717
5.67034	2.19022
6.19937	0.438277
3.44432	2.94574
4.4571	3.39097
7.39264	1.79056
3.93377	1.60301
5.02729	2.98226
4.80753	1.28219
4.9202	1.79666
6.04697	4.07385
4.4973	1.51989
5.57899	2.01619
5.07592	3.11403
4.75727	3.0398
4.53511	2.68291
5.30026	3.28032
5.8681	2.08022
4.46673	0.897909
3.40944	1.83478
6.64167	0.645711
7.81087	1.10181
4.99861	0.787545
4.67957	0.461871
6.89732	1.71538
5.78957	2.22962
5.64177	1.54267
3.45778	0.400742
7.22566	1.9474
4.77614	2.5642
5.46933	2.30991
5.87688	0.339863
4.77428	3.35193
3.74623	2.82128
5.20677	0.514212
5.22319	3.13487
4.17161	1.07494
5.94323	2.19762
2.92577	2.49073
4.28038	1.72148
5.06312	3.44036
5.75778	2.41341
6.18369	2.4322
6.00169	1.35656
4.70611	0.667707
4.72637	2.93471
4.38112	2.69182
6.43169	0.910617
5.73262	2.29852
3.98013	0.671123
8.50331	1.93409
5.44958	2.0709
4.36126	1.47405
5.3413	-0.0282263
5.57781	2.39277
5.46177	2.00231
3.95016	0.105167
5.90233	1.18432
5.84207	0.793857
5.62565	1.65269
4.7354	1.08387
4.84562	0.302933
4.86992	2.30348
5.80175	1.54553
4.0164	2.74536
4.25019	0.978291
5.72443	2.13973
6.22431	1.06888
6.74621	1.8455
6.41084	1.47962
5.26827	2.52427
6.2628	1.43112
4.30987	0.670295
8.44669	-4.40466
5.41347	2.00141
6.50068	1.22228
6.76266	2.33035
5.80833	1.52278
3.50822	1.52525
5.68755	3.54335
4.83007	1.52106
5.05793	2.70092
4.13515	0.743652
3.25655	4.04091
5.83162	0.0672966
3.96115	0.941293
5.3427	3.44146
5.02143	3.14493
4.24052	2.16586
6.15435	2.13974
6.48826	1.6216
5.1145	1.11574
5.32075	2.85252
5.65948	0.433547
5.17281	2.19888
5.75249	4.49035
5.58785	2.90919
4.9431	0.0913597
5.1046	1.40998
7.53882	3.5807
4.76594	0.196201
4.90656	1.34233
6.31482	1.99221
5.05943	2.60246
5.61317	2.55145
4.888	1.29281
5.47918	1.51521
4.73647	6.88318
4.51283	3.02606
5.46283	1.54673
3.60578	3.05766
3.3962	1.2209
5.34132	2.03644
4.00107	3.6039
6.44827	2.59278
3.85317	2.16753
4.61919	1.33563
4.78764	1.4757
4.35571	1.30787
5.20053	1.49578
6.78057	2.50213
4.24334	2.70195
6.24287	0.960469
6.01076	2.53215
6.38817	2.28893
4.14835	3.56658
4.84757	0.236115
4.05924	3.27612
6.65431	2.67661
5.10211	3.08091
5.18392	0.646149
3.05777	2.56317
6.63947	2.70152
2.82532	0.905699
5.74743	1.77515
5.66962	2.90146
5.70698	1.35156
5.09181	0.852549
5.37845	0.270018
5.13182	0.48502
4.24815	2.74672
4.00081	1.54217
4.88816	1.72624
5.18641	1.48246
6.69625	-0.8378
3.83698	2.14484
5.46621	3.65829
4.65646	1.77954
4.50423	2.82376
5.25405	3.70694
5.43595	1.66837
5.52341	2.41569
3.02099	2.30265
4.3679	4.83174
5.40934	3.42507
3.75465	3.89306
6.04928	2.55504
5.56841	1.08909
3.56582	1.84165
4.62797	0.787874
5.05758	2.73158
7.11819	1.67282
5.50635	2.76103
7.48901	3.19876
5.8553	1.23733
6.29846	0.594322
3.51375	1.50362
3.85827	2.34469
3.82045	2.44697
4.75801	1.52351
5.31686	2.70023
5.43801	1.89349
5.98417	0.452872
7.13553	-0.0792267
5.77789	0.983267
5.27503	0.398391
6.43283	2.41205
3.86733	1.50551
4.29901	0.737456
3.14502	1.6983
5.00931	1.25887
5.86927	0.392075
4.49697	3.21856
6.85259	1.66311
3.44903	0.776997
5.96216	0.291016
4.85893	1.06565
3.31199	4.0211
3.42853	2.75849
4.23933	0.711096
4.06426	2.52076
4.51146	1.18146
5.26441	2.81338
6.32437	1.97011
4.54924	2.60293
5.14275	0.483893
4.71529	3.64059
5.52445	0.543119
5.17522	3.34796
6.13	2.32749
4.03505	2.36593
4.47013	1.10623
5.18257	2.62353
4.17562	2.1688
3.94173	1.39845
5.19742	1.66929
5.11965	1.69644
5.88737	1.29268
4.78626	2.1483
4.69879	2.2382
4.89255	4.05848
3.74442	8.20016
5.82048	1.59042
4.87629	2.98223
4.16843	2.52537
4.08757	2.46355
5.24079	1.62459
5.05833	2.75712
5.21817	2.1945
3.67884	2.80597
5.772	1.97516
5.17282	1.54413
5.58587	1.99267
5.78741	2.04599
4.76172	2.08669
6.11091	1.09598
3.76379	0.088949
4.76225	2.43645
4.48071	2.50784
5.41887	1.83937
5.61386	2.27024
2.89547	1.11673
5.08532	2.13719
4.68224	1.45384
4.06307	0.146962
5.29812	0.643065
4.79163	1.56679
4.27763	1.14096
3.23658	0.49676
5.75798	3.46709
5.0318	1.76503
7.06229	1.66289
5.12044	1.52703
5.03379	2.19656
5.42565	5.1484
4.74873	3.78637
5.57415	2.6624
5.57074	0.807486
3.92877	0.379586
3.96625	3.54771
4.42218	1.82185
4.78196	0.828911
3.96277	1.09432
4.87336	0.319013
3.0686	2.48136
4.58368	1.04409
5.33963	3.05556
5.20914	1.93738
4.66425	3.41028
5.50573	2.11849
3.11545	2.11831
6.73396	0.617689
3.32405	4.17234
5.0316	0.944128
3.78572	0.670999
6.62922	2.45405
4.62079	1.5281
4.57374	1.62949
5.54906	1.25735
5.78335	0.818426
6.51811	1.02958
5.58082	2.87721
4.97835	-0.00329554
4.0873	2.13682
5.1364	2.41956
3.71327	0.205961
6.30636	1.36033
5.39379	3.54282
3.13043	2.0645
3.14029	2.52801
4.86738	0.627189
5.96369	1.34686
3.36868	2.87639
5.40686	1.4143
3.98318	3.3035
6.02233	2.47464
3.1044	1.81997
6.28873	-0.00698271
3.92519	1.71012
5.02703	1.47192
3.83162	0.0782604
6.06244	2.47589
4.57743	0.275136
5.64098	1.05319
4.82213	2.93661
7.38564	1.52961
5.72729	3.28941
6.28684	1.12563
4.43122	1.46098
3.62009	1.27731
5.70656	2.32512
4.57989	1.02406
3.72962	5.23258
3.61772	0.48148
5.21128	1.92211
4.49735	1.97073
5.22563	0.841
4.02442	1.68447
5.68951	2.47233
13.604	2.56648
14.7016	-6.19797
5.95264	0.131818
4.29472	1.03939
3.26705	0.476814
6.33064	1.4622
4.25602	2.50658
4.76442	1.71843
4.11231	0.980275
4.89416	2.70195
6.25883	3.56152
5.48571	0.483481
5.10548	1.70582
6.52898	1.43735
5.55276	1.56443
3.54867	2.19493
3.83356	0.840526
6.1432	3.68743
4.6503	0.359736
5.37725	1.75574
4.77946	0.530315
4.40602	1.36646
5.24017	2.55125
3.07125	2.08897
3.85262	2.61377
12.7257	12.983
3.63254	1.54961
5.37583	2.14674
4.33986	0.578971
6.73553	0.480932
5.27449	2.04943
5.27121	3.02591
4.85108	0.740875
4.71514	2.36835
4.83203	0.10393
6.04346	1.56614
5.07596	1.94802
3.42133	2.56199
5.42302	2.02418
6.2565	2.21581
3.50012	2.63082
5.34499	4.08444
3.67552	1.79541
5.43014	0.772421
3.78468	3.01597
4.38598	1.72808
6.70689	2.51804
5.14335	2.2226
7.40977	0.855793
5.587	2.25076
5.28903	0.467551
7.55126	2.88298
4.35041	2.08288
4.19479	0.98701
3.89223	2.05603
5.58431	0.800998
5.12955	0.203323
3.30871	2.8543
4.51455	1.60833
5.72205	0.927318
4.03332	0.0358996
5.55173	1.63106
5.73887	0.687464
5.72557	2.10171
12.3563	0.510122
4.78597	0.740576
4.25366	5.19833
5.92059	3.12606
6.00031	0.89452
3.58707	2.49894
6.28144	2.34512
4.61967	2.61368
4.86	0.948128
3.6423	2.85556
3.8186	1.71492
6.3295	0.923928
5.46716	2.56615
5.27768	1.50377
3.70563	1.19818
5.36877	0.549786
5.48742	1.84407
7.32746	3.54713
6.05009	2.29229
5.80812	0.581226
5.21999	2.38144
3.82762	2.4451
6.14289	2.2177
7.74356	0.97192
4.74233	1.60001
5.03048	3.29972
4.99124	2.25818
6.07468	1.34086
5.446	3.06639
5.37874	3.22736
4.04735	3.77049
5.45742	0.684407
6.42766	0.526747
5.88321	0.994433
5.9179	2.36684
7.23868	-0.840514
6.14264	2.71392
4.49548	1.91343
3.19401	2.85373
5.75	0.452782
4.1826	1.53408
5.56952	1.86139
5.04904	1.13083
4.84159	3.28596
3.20948	2.09835
7.81458	2.433
5.13303	0.412705
6.46826	2.66551
5.14492	3.34477
3.63794	1.60366
5.35747	1.88038
4.07306	2.16707
5.02101	2.90099
5.76232	2.2361
6.04389	3.02294
4.01104	0.968797
5.74711	2.26881
5.69279	1.23641
7.04343	1.16011
6.53034	0.0453644
3.61668	1.52335
5.63511	1.79019
3.36054	0.342171
4.76389	0.45678
5.74346	2.63264
4.7739	0.735601
5.88592	2.49392
4.96416	1.50668
5.03673	2.3806
4.45878	1.30921
3.92881	3.06286
5.92476	1.78178
5.98801	0.888105
4.99608	1.51667
4.89915	1.29017
3.93054	1.00462
2.902	5.13863
5.852	1.09888
6.18345	3.0575
5.02363	2.86272
4.2529	1.99239
3.16169	1.37367
3.20691	1.10748
2.97747	0.697899
3.55706	3.09562
5.0995	3.04082
4.01014	0.576528
5.59342	1.83632
3.94538	1.32376
6.24266	1.37424
3.52999	0.239582
4.63339	2.09537
4.35508	1.32377
5.5169	2.16474
3.41626	1.46961
5.81537	-0.110457
6.13401	4.48011
3.67982	3.37484
4.74298	2.12279
6.86585	3.54145
5.25504	2.26081
5.71854	2.39005
5.63126	2.28746
5.60631	-0.0129301
4.79997	1.24592
3.75579	2.16123
5.40272	0.234259
6.94042	1.7243
4.1189	2.06276
4.44732	2.11995
3.11908	0.0942328
6.60186	0.615034
12.7315	-2.97114
5.76294	1.38275
5.34261	2.64091
5.82695	1.49416
3.14236	1.02931
3.48573	1.76939
4.72661	2.58578
5.32585	3.38397
4.29065	0.148005
5.70501	0.883946
4.66222	0.89663
5.92426	0.476394
5.35461	0.955382
3.55445	2.39519
3.3288	2.75051
4.95941	0.663156
3.52189	3.94671
4.59849	2.41697
3.90316	1.43558
4.82617	1.68359
4.93376	2.83655
5.36702	3.41325
3.92467	1.0806
4.59325	2.6859
5.01336	1.50102
3.94016	0.500923
4.43306	0.179649
5.32728	0.183293
4.10718	2.14703
5.94582	2.22991
4.86321	2.64378
3.03712	1.3319
4.78734	3.98581
4.94525	2.85701
6.97497	2.14647
5.88884	2.1331
4.27643	0.926325
4.62317	0.0245268
4.76894	2.12542
5.70171	1.76494
5.67505	1.47109
6.12718	0.653293
4.19422	0.161172
5.84496	3.02699
7.08301	1.67667
5.67629	1.5827
5.58642	0.712543
6.69453	2.81064
5.9754	1.14099
3.62872	2.961
4.15505	2.63332
5.78477	0.994834
6.00284	1.38433
5.15378	1.99848
4.93705	1.4561
4.1347	2.67411
4.26281	2.66414
6.17873	1.49236
7.10007	1.86943
5.29672	2.72974
4.95299	2.6995
6.25474	3.58081
3.94035	1.29401
5.4989	2.52403
7.02919	0.954354
5.88638	2.71559
7.28053	0.893421
6.02174	2.10405
6.22448	2.44986
4.77612	1.48309
5.72174	1.2453
5.91943	1.3346
4.37899	1.29132
3.05907	2.38376
4.37328	3.62927
7.58495	0.0982803
3.89682	-0.16904
6.55793	2.14481
4.57041	0.967481
3.11139	3.84618
6.20123	1.4411
3.63677	1.30259
6.51457	2.61154
4.24515	2.67343
5.80698	2.21704
6.48119	-0.524218
5.72062	1.76847
6.10646	4.55888
5.28867	1.96714
6.04015	1.08755
3.01439	0.503099
4.29489	1.05365
4.60398	0.97165
5.04735	2.38551
6.08506	1.17351
4.07935	1.23093
6.08216	1.25216
7.16174	1.16332
4.23966	0.505348
5.86605	2.31833
5.06645	1.83982
5.32615	0.0660885
4.21702	2.92192
5.56306	5.04526
3.04596	4.0754
4.0504	2.99173
5.53952	3.11376
4.55171	2.24234
4.45399	1.96683
4.40693	1.68237
6.46388	1.46078
5.52991	1.23295
6.11739	1.85291
5.47076	1.4658
3.99276	2.84251
5.37704	1.98369
5.84825	2.79221
4.78491	1.63179
4.13098	3.98733
4.17116	1.38366
4.57786	2.09969
3.97167	3.64423
3.05155	3.27239
4.62893	1.75508
4.67654	1.28059
4.28365	3.29026
5.83296	0.655427
3.85726	3.41255
5.87507	2.28158
5.82876	3.01323
5.59307	2.72897
4.5808	2.3614
4.36539	3.44008
7.3278	2.85956
4.77697	0.888828
7.44699	0.15
5.29593	1.80825
3.21822	1.08686
3.63227	1.88961
6.65012	0.445641
4.74522	3.31301
5.12389	0.407314
3.23633	3.00283
3.8905	0.441037
3.63866	1.05003
6.65688	0.0626415
4.51024	1.82218
5.39865	2.39464
5.56951	1.68102
5.44995	2.48056
3.64019	2.41365
5.24495	1.87052
6.2109	2.97574
7.04635	2.6272
5.13019	2.93494
4.33883	0.862184
3.52603	1.66059
6.03712	1.97427
5.80787	3.1556
4.28102	1.60429
5.01758	1.63535
4.55753	0.819134
3.7489	1.2433
4.79288	1.06492
5.14207	1.35858
5.51704	3.65241
5.53839	2.67784
5.81309	2.01344
4.5742	2.4501
5.64901	0.631676
5.44932	0.74869
5.80152	0.569959
6.06538	0.79137
4.84937	3.31657
5.41405	0.881474
6.09468	1.84332
4.98707	0.555589
4.31018	2.30936
3.65099	0.481451
3.61269	2.17319
5.09819	2.33881
4.18224	3.05733
5.92524	2.9072
4.65346	2.2153
4.80767	3.50703
5.64385	2.79669
6.15036	0.31753
4.40064	2.16496
5.38617	1.67381
6.65491	2.33478
4.53158	1.59263
4.11378	1.0055
5.26684	1.78654
3.90112	2.81386
6.25302	3.36576
6.51356	0.453092
5.09605	3.88681
6.03686	0.641519
5.75578	3.5283
4.4489	2.0878
3.93459	2.31887
4.5405	1.63801
5.62135	1.00985
5.53141	2.2029
4.00032	2.27528
4.17368	1.78021
3.60945	2.69366
2.93719	1.47574
4.95512	0.453113
4.8219	1.96698
5.2502	1.54737
4.82906	2.65908
4.9105	3.10608
4.36543	2.18185
5.4555	0.845174
7.52079	1.65073
3.96047	1.22916
5.2728	3.58173
3.31872	1.29394
3.75216	2.11898
4.01887	1.32411
5.90822	0.867481
4.13222	3.16231
3.05187	0.882759
5.91718	3.33832
3.31717	2.78371
4.24419	1.69398
5.9646	1.16487
9.39057	-4.32549
6.33808	4.06128
5.90808	1.87374
6.82473	2.55564
4.42511	0.595982
5.69523	1.18179
4.08435	2.61588
7.07377	3.83746
5.39387	1.95824
5.18184	3.15494
5.31913	1.71185
4.63832	3.66587
6.50003	2.87354
5.65006	1.78925
4.7149	1.02279
6.02421	2.18659
4.86993	3.95074
5.86166	0.025564
5.87573	2.6691
5.68451	2.57804
2.75031	4.44232
5.02265	0.683254
5.32621	1.38886
5.89914	0.882211
4.09219	2.37041
5.92261	0.617971
4.5269	2.64628
4.91469	0.20324
4.16072	2.23814
4.34323	3.0669
4.99571	1.95457
5.12234	2.86696
4.57014	1.88406
6.39127	2.69152
3.66942	0.973491
4.35283	2.87037
6.40374	2.3026
6.63219	0.102266
6.19972	2.74976
4.59477	0.753419
3.58018	1.14591
4.63832	1.03016
7.0015	0.96918
4.42129	1.27962
5.06276	0.609374
5.14872	2.009
4.24116	3.33013
5.48347	1.39927
5.4168	0.0634723
6.01756	2.43411
3.80665	1.08427
4.09334	1.30251
5.02567	1.98993
3.66265	2.15988
5.28103	2.63651
3.06583	2.07846
3.85141	4.32194
4.54424	2.30207
6.42454	3.39139
3.06184	2.37993
4.56891	0.217896
6.19615	2.00652
5.6776	2.8073
3.75489	2.92143
5.42642	-0.117316
4.60158	0.526487
4.01482	1.06172
5.82062	2.77385
3.93365	3.21119
4.79985	2.6211
4.23434	2.72215
3.40898	4.46452
5.17776	0.570034
5.43994	2.37489
3.83587	2.30272
4.76658	0.196561
6.40257	1.18342
4.43458	0.46292
5.49315	0.130544
5.57482	2.84619
3.39294	0.0211269
4.79165	2.56804
4.23984	2.4515
10.0601	4.50902
5.00456	2.11525
5.92745	2.71733
6.37887	2.03394
6.51117	2.54871
5.17301	2.52884
2.96358	1.4146
6.50891	1.36965
6.78459	1.51173
5.72443	0.61832
4.75551	3.51316
5.4924	3.6987
5.38401	2.215
6.43357	3.75993
5.41341	0.210459
5.91551	0.685208
6.06285	0.92455
6.81271	2.74662
3.85925	2.21024
3.78192	1.97812
3.41507	1.3868
7.11798	2.44447
8.09833	0.264628
3.48174	2.318
6.79513	1.2483
7.49521	1.69049
3.32471	0.344486
4.19153	0.565414
5.15719	1.11898
6.3183	1.18302
6.04337	1.88292
3.73004	1.38529
3.34372	2.27519
3.28511	1.15849
6.58333	1.3335
6.08623	1.78164
4.95777	1.60983
4.70991	2.35955
4.96675	0.587316
5.96063	1.28622
3.83094	1.90269
3.14484	0.825113
3.08363	1.62481
3.61893	0.0530583
3.21436	2.5246
6.02816	2.34266
3.95526	2.64024
2.91171	2.18537
4.17388	4.63078
5.29729	0.696442
3.84964	4.11068
5.05263	3.98554
3.13008	0.610853
5.62586	2.8345
6.11441	2.08699
4.48634	2.32615
4.48406	2.13452
3.35694	1.01738
5.41457	2.39115
5.88226	4.16549
3.14961	1.07961
4.75049	2.20716
4.67572	1.79452
5.27512	2.93846
5.10837	0.960021
3.64961	0.783549
4.31528	0.737786
4.30942	2.65083
4.42781	0.241107
4.67168	5.57977
5.72802	1.08314
3.88385	2.08083
6.1674	2.38753
3.28745	2.68836
5.99063	2.63854
6.92923	2.09693
3.49629	1.1649
4.59049	3.34494
5.41336	0.82362
4.40891	1.18662
7.56377	1.67003
3.43331	2.93934
5.44955	2.6394
5.45959	0.437014
5.01451	4.05775
5.79563	2.01174
4.79481	0.935256
3.73583	1.69838
4.91197	2.28939
5.01982	3.06231
3.73816	-0.0635285
4.98575	2.85224
5.3751	0.34404
5.94292	1.33383
6.58415	-0.400005
5.5674	1.18442
5.00405	2.06211
6.30052	0.765895
5.72275	1.73291
6.54392	3.60718
5.07417	0.654855
3.86549	3.22766
4.07037	1.09561
3.15459	2.44319
4.55831	1.55273
6.66917	2.36849
5.16267	1.80317
5.96522	5.43993
5.38942	2.95147
3.87032	0.94733
4.08121	0.4231
5.73566	2.19163
4.8551	1.21873
5.49094	3.08601
7.55622	2.9642
5.15222	2.20024
3.89936	2.52425
3.85265	3.23482
5.38481	1.9663
4.35901	3.3152
4.58691	2.93975
6.56988	2.13316
5.76951	1.02125
4.80073	1.48398
5.15098	1.31814
6.15638	-0.189937
4.46059	1.58977
4.89327	0.663873
5.55734	0.514834
5.6257	1.64997
4.31397	1.84485
3.3387	4.55873
6.3131	2.02838
5.14446	1.23488
6.38209	3.0017
7.33615	1.35306
5.26943	2.7396
4.7832	3.30238
12.0158	3.54117
3.84407	3.14053
5.07362	2.92335
5.22612	3.00718
4.65123	1.81845
5.54181	-0.147001
3.07441	3.19437
5.31031	1.27873
4.33275	1.37593
3.10851	2.25112
5.90377	4.18694
5.71475	2.92955
4.76033	3.75469
6.82993	1.86334
6.62685	1.16526
7.19726	1.2884
5.58621	0.392601
5.53557	1.73683
3.54638	2.99521
3.48784	1.57387
5.32677	1.63669
3.86956	2.58434
6.74871	3.60947
6.25442	1.64522
4.52263	4.17268
4.05917	0.738051
3.47019	2.69123
3.87803	2.19548
5.54422	2.16826
5.34881	2.20588
6.79955	0.503512
5.75059	0.677733
3.76312	1.66024
5.27634	3.13049
2.94773	1.15826
4.96139	1.68735
5.29353	1.23678
3.16293	2.16323
3.22086	0.649048
6.02263	0.805662
5.30691	1.01518
3.81705	2.31845
5.36772	2.02142
6.25064	1.84293
6.18881	2.95865
3.67945	3.60834
5.8282	-0.0337669
6.81808	-0.0618367
4.79237	3.20711
4.64411	4.11616
5.22703	2.07915
6.38785	-0.297847
5.65659	0.490683
4.17082	1.67146
6.24223	1.88893
4.0722	2.8491
5.85749	2.72179
3.37233	4.12951
7.40125	4.10443
5.3296	2.97501
5.67191	3.05689
3.12987	1.73523
6.64819	2.81202
4.46485	0.939761
3.96139	1.90836
4.62155	1.27425
3.71552	1.29662
3.03566	1.33671
7.17703	1.21012
6.27068	3.18458
3.49958	1.69834
6.34435	4.68341
5.0603	1.7941
4.75595	2.09092
3.01325	0.398568
5.60569	0.846796
5.59882	1.62781
5.70571	2.8826
4.15817	3.77955
5.29942	3.07696
5.6657	1.1404
5.88726	2.05407
5.30375	0.996644
5.07178	2.16265
4.19325	2.25718
12.3096	5.43971
4.03801	0.898812
6.39367	2.96528
8.46283	-4.98954
7.18305	1.4241
3.60282	3.61665
5.86792	0.484178
4.18607	3.71896
4.86404	2.78296
5.96099	2.01833
3.05545	2.20337
6.528	1.04959
5.94888	3.00605
5.52116	1.61077
3.83493	2.89111
5.71831	0.701982
3.6959	0.589265
3.97082	1.34355
5.85018	3.0313
3.89296	1.60432
6.26991	1.47006
3.68462	2.91304
4.01601	1.5896
5.54519	1.25818
5.45243	2.82868
6.39494	1.28736
5.0757	2.88573
5.24748	3.1673
7.14091	1.69111
4.19491	1.40272
5.25181	3.98569
3.6027	2.60264
6.14169	2.79027
7.20582	-0.980046
5.64861	2.61717
6.45752	0.566373
4.59385	0.509451
5.87214	2.42298
6.58632	2.30221
5.7201	1.73391
5.15589	0.821904
4.38843	3.62017
3.95375	2.61982
8.35368	5.88049
3.61381	0.756537
5.25663	2.41762
3.84801	0.500616
3.42829	0.862756
5.60675	3.27451
5.57604	0.666876
4.03804	1.15778
4.86672	1.71984
6.44788	2.36235
2.96915	0.952053
3.92558	2.56043
5.30661	2.29724
5.9997	-0.377894
6.62167	3.55783
6.79051	2.54643
3.73313	0.251043
6.93939	1.73127
4.39207	1.68441
5.79237	0.54824
3.26477	1.89654
5.6806	2.57525
6.31471	1.96951
6.15438	1.6576
3.05413	1.7013
4.02899	1.93319
5.61825	2.00023
5.49015	2.02359
7.36686	1.53791
5.34697	2.08502
4.78767	2.82185
3.17127	4.0442
7.55318	2.03736
7.54027	2.49463
3.41193	1.81832
5.69691	0.307495
4.29615	-0.0503876
5.18451	2.00084
5.24789	3.53994
3.85696	1.32878
5.74337	9.1943
4.07858	3.2131
5.01249	1.01491
5.30251	1.41917
5.49822	0.607386
4.41047	2.90427
6.24584	2.46028
6.45148	0.77523
6.66722	4.09869
7.65304	0.589806
5.41749	1.42963
5.37864	2.49644
7.4058	2.17843
4.83987	1.48386
5.25679	3.58076
3.5144	1.39621
4.27113	3.22613
5.18491	4.76821
6.04683	0.650276
5.69712	0.396436
4.70858	0.296487
5.56021	0.0238948
5.65671	2.87876
6.57164	2.84616
7.39881	0.597778
6.05151	1.82871
5.46074	1.82847
4.64107	2.43989
4.46965	2.29962
6.37719	3.50003
4.81044	0.939804
6.41754	1.40192
5.67997	2.4561
4.92966	1.54445
3.28303	2.01933
4.97626	2.03138
7.57167	3.00084
5.25387	2.8583
5.15087	1.20442
5.82473	1.20234
5.90929	0.743421
4.52908	2.69088
5.76538	2.36975
5.53728	1.40828
5.93349	0.834367
4.69344	1.52735
5.73293	2.74377
4.76951	2.11126
3.19468	2.33332
4.43662	0.768549
6.91627	0.704007
4.19614	1.10884
4.44998	2.19509
4.07943	2.13755
5.34753	1.64242
5.8909	1.57592
4.49991	0.969809
5.85506	-0.159025
4.10666	1.70671
3.10135	1.21473
5.37845	0.426481
3.89243	2.54234
5.32061	2.76204
5.16822	2.44868
5.5117	0.900271
4.92602	1.85691
5.30213	2.8326
5.77994	0.17584
5.36671	2.41826
7.00431	0.893121
4.45683	0.837329
6.20046	0.577136
4.14437	1.26473
3.40175	1.9526
5.62044	1.41229
4.377	-0.191374
3.42123	2.59574
4.86013	0.804689
6.05342	0.315243
4.53871	2.07977
3.79361	3.24259
5.54852	1.75905
5.11924	3.13581
6.69037	4.51528
4.51351	1.91867
4.28487	3.0209
4.02437	1.33763
6.30155	-0.602042
3.7267	2.41309
3.77525	0.0838345
6.31151	0.907971
4.23222	1.06037
3.52009	1.07288
6.82532	3.28347
5.63836	1.40777
6.24742	1.42275
5.61585	0.985032
5.83489	0.33714
5.68424	4.01054
3.56611	1.98669
5.64955	2.86677
3.12395	0.224914
5.31842	0.387392
5.67578	1.00086
4.49711	1.09316
4.21882	0.0135965
5.51588	2.51254
4.20103	2.63857
2.81568	3.57308
6.68939	2.17663
3.17291	3.12076
5.43185	0.899912
4.42617	2.74297
5.29269	1.88358
5.88044	2.47621
4.64103	2.99627
5.02039	1.29633
4.42273	1.2216
5.13202	2.67218
3.61048	0.64359
3.5511	3.00669
6.18186	1.22894
5.24178	3.68376
5.38445	1.56558
6.5413	1.90825
5.5481	1.03905
4.61313	1.13732
3.30432	2.8184
4.63259	0.387419
5.20268	1.66615
4.67283	1.2695
5.40359	2.57652
5.7373	3.54393
3.56682	3.61639
4.27007	1.12421
5.88607	2.28559
5.71337	2.25461
6.41706	0.367463
5.28193	0.892645
4.0625	2.64128
6.18118	2.00806
6.11639	1.06022
4.84779	0.876625
5.05097	1.3829
4.2827	1.56392
6.4291	1.49537
4.4199	1.56881
3.60609	1.76928
4.38361	0.54046
3.81805	2.26569
4.03008	4.80591
5.96047	2.95279
3.80536	2.95808
4.31291	2.50526
3.39476	0.812376
6.80952	1.74239
5.67385	1.01648
5.85018	2.11275
4.70734	2.87938
4.69435	2.90038
6.2725	2.961
3.57931	3.87555
5.3901	0.845213
3.31131	0.657922
4.9752	1.35317
5.61321	1.39014
6.13335	-0.177508
4.76323	2.54211
6.38363	0.384405
5.18944	2.90266
6.5808	2.26375
4.58177	1.18989
6.23175	0.239418
3.99429	0.679386
5.53057	1.25217
5.47884	0.554199
4.54209	2.97888
5.08355	2.65291
5.33218	2.84653
3.36233	1.20872
6.09701	0.0346538
5.17809	0.419307
5.55402	1.76425
5.48525	1.25486
5.09157	0.49802
5.70928	0.643375
4.16668	3.58644
4.50009	3.42238
3.18849	0.300768
3.37166	4.58413
4.15952	1.7054
5.74091	0.685247
4.18943	0.279478
2.91534	3.77705
4.98761	2.57914
3.79726	2.91019
5.97012	0.0296341
3.55772	1.55476
4.14646	2.61537
4.87973	2.15883
5.27632	0.873382
5.98633	2.8808
3.81614	1.1989
3.8357	0.0634843
4.90292	1.92499
4.93685	3.13427
4.40641	2.08116
3.5118	0.456911
7.27333	0.363065
5.15388	1.73169
5.58101	2.48809
4.63579	3.46588
6.40942	3.44012
4.61934	2.31968
5.31202	-0.0905527
4.26796	0.731084
5.55765	3.06331
3.59506	2.03037
3.367	3.27441
8.12474	-1.08901
5.17931	1.13315
6.05067	0.673054
7.2915	-6.62182
3.15471	2.88528
5.32598	2.06703
5.38006	2.96121
5.75086	4.16903
7.26676	1.36212
4.19757	1.394
3.59321	1.45926
3.32979	3.22207
4.60703	1.04849
4.88549	2.82094
5.39801	2.84756
5.36506	1.89579
5.73875	1.78019
6.59673	4.32091
4.92533	3.28312
5.48408	2.57578
4.56224	1.79706
4.64672	1.40027
4.33056	0.865862
6.78179	0.206701
5.42148	2.99008
3.93795	2.27653
3.34355	2.81955
3.82961	1.52529
4.86663	1.74733
4.43281	0.87269
4.85084	2.60896
3.72229	1.22518
6.94607	1.41125
4.38464	2.57421
4.82405	1.41269
5.46377	3.82651
5.09334	2.14301
4.07676	1.31905
5.04673	0.156343
4.3093	0.801589
5.4126	0.188973
5.50992	2.06961
5.04941	1.77719
5.3427	0.599922
5.94618	2.58257
5.68944	2.86065
4.11269	2.19712
5.92066	2.12053
3.1104	2.03487
5.68509	1.28746
7.71948	2.3016
4.21373	1.54741
4.40111	1.54114
5.07879	0.281879
5.43624	3.15234
4.02932	1.11347
2.90879	1.60517
4.50385	2.20366
3.59689	1.08191
6.76223	-0.76736
