-1.44967	-7.27045
-1.19445	-8.80844
-2.16296	-4.19316
-0.328196	-7.40953
0.0116035	-6.67195
0.412044	-6.93003
-2.28876	-6.08245
-2.44335	-7.13952
-1.18827	-4.74968
-0.416722	-8.04607
-1.16207	-7.43831
-0.967948	-6.98179
-0.145174	-6.72175
0.605871	-7.38295
-2.63403	-5.50517
-2.49061	-7.58278
-1.87672	-8.79541
0.964089	-7.71737
-1.52002	-5.78844
-0.0639314	-6.95005
-1.58674	-6.40513
-0.793617	-6.19094
-1.83891	-4.7979
-0.932373	-7.41082
-1.20499	-5.47983
-0.212661	-6.06155
-1.25447	-6.4238
-2.7019	-8.47465
0.15018	-7.38661
2.44242	-6.62173
-1.34332	-6.98561
-1.03168	-7.88891
-0.927169	-6.1137
-0.29475	-7.17127
0.710583	-7.88396
-0.565586	-7.4248
-1.4488	-6.07322
-2.41847	-8.4586
0.4104	-7.38044
-0.421102	-7.34825
-2.15411	-6.69675
-0.438329	-6.85143
-0.935726	-7.98446
0.113493	-5.93405
-1.4753	-5.82294
-1.86877	-8.26939
-2.21689	-6.23292
1.25928	-8.42096
-0.324687	-7.69762
-0.315	-6.52755
0.23403	-5.28082
-0.424317	-8.3472
-0.0370256	-6.78342
0.820772	-5.43543
-0.327976	-7.80174
5.32607	-4.65934
1.25254	-6.05024
-0.83412	-7.30724
-0.404277	-7.58731
-1.5906	-5.30193
-2.79389	-4.06331
-1.14575	-6.25948
-1.11892	-6.25063
0.310118	-8.02555
-0.687503	-8.2321
-0.696305	-8.73112
-2.19422	-7.07279
0.123006	-7.2603
-1.27439	-4.96807
1.20131	-8.05863
-1.15619	-8.16126
-0.874835	-6.0433
-0.181663	-6.94802
-1.88713	-7.72652
-0.237467	-6.6479
-0.864673	-8.07182
7.98571	8.95171
-1.63369	-7.73495
-1.5936	-4.56882
-2.1251	-8.0789
-1.82561	-4.58102
-0.567354	-6.16224
-1.3439	-6.98724
-1.28299	-5.84225
-1.28054	-7.39464
-1.68975	-7.0964
-0.239766	-7.00223
-0.677282	-5.20297
-0.964264	-4.72483
-2.06479	-6.0581
-0.296107	-7.84601
-2.78468	-8.33697
-1.01344	-7.56728
-0.280472	-7.86367
-2.24069	-8.86556
-1.3495	-5.61828
-1.13466	-6.6943
0.754384	-6.23255
-0.914369	-7.21892
1.27926	-7.33707
0.399612	-8.81784
-0.086534	-5.92454
-1.35645	-6.14942
2.85006	-4.20876
-1.99322	-7.61378
-0.104844	-6.76058
-1.82356	-5.77997
-2.9104	-6.45985
-1.97627	-5.65264
-1.13839	-6.93758
-2.86957	-9.22089
-1.75639	-9.10021
-0.785663	-5.78616
-0.753461	-8.19209
-0.614368	-6.68844
-0.938329	-8.93238
-1.39282	-7.55113
-0.20594	-6.90277
-1.65822	-7.84703
-0.787303	-6.7484
-0.814654	-8.57228
0.0973864	-7.48552
-0.614772	-7.48066
-0.298134	-8.1357
-2.26128	-7.8892
-1.21162	-6.30216
0.497484	-7.52616
-2.20356	-5.66907
-2.49173	-5.85408
-0.738787	-6.16492
0.499044	-7.47987
-0.951392	-6.94599
-1.02972	-7.76928
-2.43574	-7.63474
-1.08916	-7.77343
0.408809	-7.19644
-1.78941	-8.11021
-0.0373005	-6.71206
3.15702	-5.48726
-0.317485	-6.73661
-0.897203	-8.86123
-0.427252	-7.76893
0.944681	-8.56412
-1.21575	-8.87145
-1.63171	-8.17873
-2.42165	-6.45944
-1.77572	-7.67584
-0.130832	-5.84277
-0.412121	-7.61079
-1.56689	-7.1885
-0.556133	-6.88081
-1.27647	-7.80117
-2.40329	-8.49117
0.154214	-5.38192
-0.76798	-7.52223
-1.63821	-7.573
-1.0592	-6.89371
-0.499297	-6.52392
-0.123812	-7.31372
0.94855	-6.57627
-2.97763	-7.14412
-0.535462	-7.78218
-2.33494	-8.52194
-2.4682	-7.23429
-0.388473	-7.5877
-1.13241	-6.11805
2.0141	-6.36238
-2.11426	-6.46309
-0.0547968	-6.09305
-0.266601	-7.33073
-0.993386	-8.08809
0.189315	-7.04026
-0.787606	-6.70599
1.14602	-8.69094
-0.799666	-9.06664
-2.37641	-4.75889
-2.46983	-7.00169
-1.66432	-8.5027
-0.375424	-6.09606
-1.15536	-8.18752
0.234945	-6.67121
-1.3187	-6.0442
-1.34936	-8.03054
-0.248048	-7.92184
-1.73291	-8.16421
-0.17846	-6.3317
-2.92176	-6.15022
-2.29356	-8.82635
-1.05322	-7.96784
-1.18414	-7.10928
-2.94541	-6.97071
-0.656701	-8.26002
-1.90047	-5.62589
-2.07721	-2.9642
0.167375	-7.68768
-1.7719	-6.40332
0.104468	-8.58112
2.01547	-9.14546
-1.69229	-7.18657
-1.89405	-7.52779
-0.41606	-7.20652
-0.186807	-7.90627
-0.950348	-7.59529
-1.07621	-6.64394
0.233466	-7.026
-0.44145	-8.09083
-2.09726	-7.49471
0.517085	-6.64247
-0.278446	-7.77598
-1.66333	-8.38544
-2.14237	-6.98916
0.109022	-8.04219
0.235995	-8.30344
-1.24831	-6.92709
0.0183932	-8.1517
-0.571519	-5.97356
-0.850878	-6.1251
0.887827	-9.03735
-1.30622	-6.95279
-0.947071	-7.16471
-3.0892	-8.74196
-1.40799	-7.10461
0.0862213	-8.14826
-3.1087	-7.85383
-0.0673276	-8.89415
-2.2185	-5.45882
-0.115906	-7.07374
-1.37597	-4.87613
-2.3316	-7.73854
-0.521516	-6.5262
1.27594	-5.35093
-2.16773	-7.52164
-1.11338	-7.63439
-1.11175	-6.24907
-1.47311	-7.18046
-2.59726	-6.77002
0.47109	-8.10039
-0.894535	-7.64305
-1.93886	-6.91423
-1.69924	-6.12775
-0.900342	-6.76244
-2.56109	-5.02773
5.96922	-6.06537
-0.900075	-8.63479
-0.51125	-5.4074
-1.25711	-7.60279
-2.87681	-6.70326
0.0567859	-8.44788
-1.30616	-6.15939
-0.347023	-6.8748
-1.19928	-7.31427
-1.16113	-7.24666
-0.00583389	-6.80663
-1.36764	-6.67994
-1.09628	-8.63006
-2.56689	-6.54848
-0.882814	-8.37816
-0.17752	-5.63349
-0.112931	-7.1236
-1.29763	-8.88064
0.539037	-9.02151
-2.22625	-8.26263
-1.72382	-8.36485
-0.654788	-7.28696
-1.64903	-6.77617
-0.41173	-6.53279
-1.90942	-8.73303
0.521102	-7.02983
-0.645671	-5.80574
0.0700887	-7.95165
-1.00374	-8.41354
-0.0603545	-4.7488
-2.92994	-6.22783
-1.21532	-8.18716
-1.35052	-8.03535
-2.43523	-6.15357
-2.24618	-8.78695
0.148256	-9.02351
-2.76393	-6.08547
-0.59215	-8.50218
0.857125	-4.40043
-1.27895	-8.83484
-3.03048	-7.71675
0.827615	-9.0078
-0.844092	-5.69212
-1.47174	-6.35951
-2.82796	-7.46333
-1.22399	-4.74755
-2.46881	-7.27659
-1.96244	-6.41253
-0.804312	-7.20379
-0.450852	-6.0966
-2.17001	-7.42487
-3.20418	-7.15551
0.461831	-5.95159
-2.27183	-8.67024
-2.24839	-6.51531
-1.09941	-6.95441
-0.761594	-6.79538
-2.55353	-6.38027
-1.04764	-6.56376
0.105663	-6.65745
-1.65351	-8.19513
-0.989189	-6.6591
-1.40618	-6.8106
-0.178596	-7.10264
-0.72609	-7.09881
-1.71032	-8.64932
-1.65589	-8.32852
-0.775529	-7.62048
-1.21851	-7.30325
-1.20369	-7.54543
-0.706107	-9.04705
-1.7351	-7.29509
0.39905	-3.75618
-1.85264	-5.68033
-0.707858	-7.66208
-2.83769	-5.70182
-0.767981	-8.49892
-1.20863	-8.00539
-2.24166	-7.38367
0.0479988	-5.93048
-2.4031	-6.84312
-0.221882	-8.52017
0.319996	-5.58665
-1.46998	-7.82379
-1.27318	-6.35148
1.03524	-6.69755
0.437032	-6.49646
-0.210956	-5.84532
-2.09481	-7.38189
-0.0489889	-8.51754
-0.761778	-7.43513
-0.53862	-7.36296
-2.95139	-8.08039
-0.7567	-5.79877
-0.387594	-8.20672
-1.72544	-6.32695
-0.347121	-6.95451
-1.64634	-5.08963
0.0760276	-9.21895
-0.903034	-6.95561
0.768994	-7.06591
0.263559	-6.51815
-2.05937	-8.35243
-1.12724	-3.86676
-1.08544	-7.85189
-2.11559	-7.49171
-0.513701	-6.34354
-0.855083	-7.87007
0.634517	-6.45644
-0.789232	-7.20365
-0.166961	-6.12622
-0.685833	-8.45378
-0.871288	-6.64798
0.12733	-7.63206
-0.502511	-2.54825
-2.36135	-7.90308
-1.53564	-6.06838
-0.546609	-6.05686
-1.762	0.713243
-2.86404	-6.3438
-0.946595	-4.90619
-2.87464	-7.98311
-1.31422	-8.16678
-2.01675	-8.02716
-3.25685	-7.09868
-2.21019	-6.49889
-2.93228	-6.72675
-1.06132	-8.5532
-0.450311	-7.14264
-0.595024	-5.29561
-3.06145	-7.77283
-2.07087	-7.06769
-1.71645	-7.29878
-2.70952	-7.0877
-1.62258	-8.17816
-0.22876	-7.10792
-0.531464	-6.41229
-1.56665	-7.08611
-1.99952	-5.98812
-1.77138	-8.14278
-0.182499	-8.22845
0.396163	-7.01505
-1.80956	-8.8671
0.446946	-9.16879
-1.98954	-7.82027
-2.13749	-6.37798
-2.47956	-6.77006
-0.4221	-7.8838
-2.18541	-7.52862
-0.139993	-6.79984
-1.12375	-6.22959
-2.925	-9.05373
-0.477832	-7.26417
-2.33074	-5.11066
-2.72132	-6.904
-2.65154	-9.06396
-2.27103	-7.34504
-1.03299	-7.37639
-2.2765	-6.32106
0.446942	-6.41057
-0.106938	-7.83523
-2.77687	-7.99186
0.23778	-7.22329
5.91095	-6.48593
-0.990131	-6.43743
-1.77497	-6.47938
-2.59287	-6.65843
-0.132238	-6.54289
-0.400694	-6.78616
-1.05017	-7.57544
-1.75062	-7.57996
-2.13563	-7.9316
-1.77751	-7.25568
-0.252613	-8.48839
-2.21965	-7.55624
-0.818975	-6.00328
-0.955902	-7.70832
-2.28381	-8.00843
-0.76297	-7.03984
-0.960069	-6.12085
-0.964987	-6.53926
-2.46737	-6.87263
-1.99289	-6.27165
-0.514266	-7.05859
-1.11954	-7.80778
1.04082	-7.47437
-0.908052	-7.23991
-0.405417	-8.24514
-1.73536	-6.288
-0.0751057	-8.91596
-0.159156	-7.10865
-2.16551	-6.29333
-2.18471	-7.4646
-0.312246	-7.99545
-2.08175	-6.71635
-2.04291	-8.37055
-3.07157	-8.0802
-1.20337	-8.99881
-1.34988	-6.13953
-0.465467	-7.38512
-0.610759	-8.46725
-0.921085	-8.75221
-0.638192	-6.63276
-2.60863	-6.17111
-1.87523	-7.94667
0.416416	-8.97302
-0.92216	-7.02504
-0.333856	-5.49636
-1.37003	-4.73594
-1.19804	-6.44222
-1.13891	-6.28729
-1.60934	-6.44461
-1.59577	-4.97017
-0.175669	-7.27408
-1.10216	-7.935
-2.60482	-6.69999
-2.17048	-7.68522
1.6399	-6.95214
-0.970044	-8.47982
-1.61935	-7.3302
1.16605	-8.38426
-0.782554	-5.49975
-1.4164	-6.01119
-2.83474	-8.15445
-0.925616	-9.04066
-2.17971	-5.50494
-2.11881	-6.90263
-0.231949	-7.60356
0.229522	-6.75496
-0.958417	-7.65287
-0.461712	-6.95614
-2.11204	-7.39087
-1.79319	-6.53263
-2.10313	-7.83265
-2.19189	-6.55815
-1.18758	-6.21908
-1.12606	-4.80078
-0.528959	-7.56181
-1.69735	-7.84873
0.958167	-5.97424
-2.17764	-7.30982
-1.2238	-7.11039
-3.04881	-5.53554
-0.622734	-6.72685
-0.705352	-7.70411
-1.86936	-9.04265
-0.440637	-5.56358
-1.48795	-7.05674
-2.42399	-6.92325
-2.20106	-5.85765
-1.80106	-5.46838
-1.259	-4.02638
0.748292	-6.02107
-2.50053	-7.01434
-0.92498	-6.02504
-1.16886	-5.67853
0.046223	-9.05655
-0.836168	-6.79521
-1.09544	-5.87987
0.606078	-6.90271
-0.375959	-8.72183
-0.591825	-7.67081
-2.12089	-5.99255
0.0933478	-6.49383
-0.59287	-8.29958
0.150826	-8.17871
-2.67255	-5.98765
2.09218	-6.37193
-0.0227273	-7.62
-2.56628	-6.84383
0.116837	-8.43422
-1.81602	-8.14398
-2.82915	-5.80958
0.242054	-6.05116
1.61957	-11.8311
1.02805	-8.55403
-2.01726	-7.20685
3.32086	-0.502214
-0.859694	-7.45092
-1.47116	-7.21381
-2.0642	-7.32169
-1.03277	-6.94961
-1.8403	-7.83285
-1.88073	-6.84404
0.134534	-5.62999
0.912948	-8.66821
-1.98106	-8.01782
0.264852	-6.8227
-1.58933	-6.62043
1.52456	-9.14215
-2.48811	-7.16974
0.58094	-7.27016
-0.398201	-6.21759
-0.560047	-5.83423
-2.52919	-5.8224
0.177266	-6.5614
-1.259	-7.07233
0.872733	-7.66754
0.426642	-7.70392
0.35371	-8.77458
-0.310271	-5.71999
-0.856986	-7.19919
0.283162	-4.12177
-1.46926	-6.42737
-0.217369	-6.45303
-1.58257	-8.33487
-0.463152	-6.13002
2.2902	-6.33165
-1.61058	-7.39543
-0.593441	-6.50939
-1.67184	-4.31938
-2.80667	-6.50236
-2.89307	-7.12352
-0.775962	-8.27314
-0.0176407	-7.19903
-1.07649	-7.10625
-0.250683	-5.29679
0.100362	-6.12322
1.68645	-8.07008
-0.465053	-7.10703
0.211612	-6.09503
-2.79951	-8.19155
0.594095	-5.12958
-2.62597	-8.42283
-0.786428	-6.98707
-2.77717	-8.21366
-2.14733	-7.00266
-0.152401	-6.24737
1.34578	-6.14203
0.183137	-5.36707
-0.966793	-6.4861
-1.00771	-8.79775
-0.192399	-6.72996
-2.5043	-8.81
-1.05011	-5.21283
-2.37976	-4.29474
-1.95743	-8.92118
-2.42001	-6.66887
-2.40805	-5.9437
-1.26549	-6.16946
-0.468587	-6.36609
-1.39763	-8.37883
0.0413737	-7.20304
1.05365	-9.73527
-0.373578	-6.7794
-0.800779	-7.22803
-2.91046	-8.9167
-1.23076	-6.42234
-1.49	-7.66585
0.310194	-7.78058
-1.26313	-6.12138
-1.61544	-5.30668
-2.1799	-7.87264
-1.79849	-8.15741
0.0852262	-8.45018
1.02615	-6.74918
-2.59491	-7.37422
-1.94637	-6.70531
-2.68458	-8.12503
-0.0571399	-7.73204
-0.292537	-6.60172
-1.48921	-9.03516
-1.34818	-6.30349
0.276687	-5.91234
-0.484098	-7.1192
-0.580168	-8.59795
1.1837	-6.76717
1.90916	-6.59743
-0.96636	-7.98507
-0.973738	-6.27789
0.632507	-9.70081
-1.57161	-7.13647
0.67492	-8.15577
0.990828	-8.03242
-2.25032	-8.47923
0.00718278	-7.88288
0.541906	-5.9622
-1.76071	-6.3237
-1.28164	-8.02466
-2.15713	-5.89138
-1.77546	-7.42928
-0.294592	-7.82189
-0.667847	-8.36119
-0.269258	-7.18208
-2.58423	-8.28632
-1.98207	-6.26548
-0.738801	-7.10283
-2.00062	-6.95852
-2.49592	-6.18416
0.241484	-7.65125
-1.10426	-6.68841
-0.753784	-5.37794
-0.191997	-8.90136
-2.10446	-8.07172
0.0973973	-7.78282
-0.735289	-8.02343
-0.243573	-9.0185
0.657642	-6.49749
-1.0588	-7.66108
-0.80032	-6.73222
-1.01663	-7.18984
-2.71766	-8.12429
0.059956	-5.57061
-0.649677	-6.19791
0.165304	-8.22201
-2.99069	-7.42392
-1.83164	-8.55342
-0.836133	-8.04977
-0.648386	-8.08199
-2.38086	-6.49363
-0.888611	-8.59696
-1.87479	-6.81801
-1.24796	-8.72508
-0.189596	-6.80491
-0.0998588	-7.18704
0.37016	-6.25884
-0.0610568	-8.7633
1.77882	-7.49117
-0.674152	-7.41708
0.00584187	-8.12039
-0.00925848	-8.79101
-2.24889	-7.124
-1.66462	-8.45901
-0.476557	-6.66944
-2.24707	-6.94349
-0.164519	-7.67528
-0.356204	-8.67086
-1.3622	-7.29295
-0.762408	-8.9541
-2.49242	-5.80283
-2.42884	-6.88007
-2.68323	-8.4566
-2.34865	-8.72765
-0.423926	-5.71649
-1.79148	-8.70347
-0.253101	-7.33179
-2.26091	-7.78199
0.0891846	-5.70464
-1.36689	-7.78994
-1.97149	-7.77319
-1.27487	-8.39117
-3.04247	-7.81689
-2.10419	-5.84443
-0.904511	-6.79081
-2.40579	-6.99793
-3.07821	-6.38517
-0.792758	-9.21172
-0.624555	-8.18056
-0.336774	-6.99852
-1.97537	-7.45225
-2.39993	-5.74804
-0.354828	-7.11134
-2.36354	-6.61516
-1.51074	-8.22416
-2.74996	-8.7919
-1.86585	-6.7109
-2.61597	-8.72924
1.4119	-5.81669
-1.07498	-6.08066
-1.35181	-6.64919
-1.48106	-7.68999
-0.343187	-7.98154
0.508214	-8.37317
-2.17319	-8.23369
-2.74593	-8.59576
0.357225	-7.31239
-2.48445	-8.24595
-0.977094	-7.19831
-1.10899	-8.58145
0.563892	-7.8304
-1.00111	-7.03298
0.538272	-7.07444
-0.775136	-6.22228
-1.41655	-7.28987
-1.52751	-4.63094
-1.35307	-9.00721
-0.71108	-6.36398
-1.98079	-6.43188
-0.5146	-6.32961
-2.78792	-8.50102
-2.24106	-8.50601
-2.81226	-8.44994
-2.28797	-7.20174
-0.773932	-7.7196
-2.38479	-6.1785
-2.17582	-7.75502
-2.50465	-6.43407
-1.26854	-6.87556
-1.56258	-7.16114
-0.137342	-7.32684
-1.77806	-5.5306
-1.97829	-7.5952
-0.193867	-5.35748
-2.23758	-6.64338
-0.391476	-6.55563
1.46513	-6.72524
-3.06447	-5.39235
1.16379	-7.60276
-0.346961	-7.912
-0.642243	-8.69451
-1.82517	-7.65245
-0.120153	-6.24508
-0.692588	-6.19746
-1.89002	-7.1673
1.28891	-7.8819
-0.770954	-5.52328
-1.23477	-7.70722
1.54324	-6.83179
-0.0967135	-8.92029
-0.105001	-6.76378
-1.46527	-6.97076
-2.40397	-7.26589
-1.48556	-6.77826
-1.7328	-7.76673
-1.28591	-6.72649
-1.07032	-6.31081
-0.810687	-7.35479
-0.20906	-6.94183
0.4077	-7.6135
-0.276417	-7.95102
-0.97711	-6.51204
0.354887	-5.20503
-0.263816	-6.99645
0.108343	-6.87398
-2.08912	-7.0997
-0.642846	-6.90133
-3.00485	-5.9421
-2.29563	-6.46685
-0.734818	-7.37251
-0.695783	-6.21234
-1.17222	-4.32282
-1.20853	-5.82405
-2.08486	-6.0392
-2.59879	-8.80065
0.619174	-5.8311
-0.278211	-6.58275
-1.99662	-7.2974
-0.307446	-7.38697
0.0614468	-7.86972
-3.01801	-7.09183
-2.36136	-6.17309
1.62512	-5.52319
-0.359883	-6.12897
1.79839	-10.1487
-1.18795	-8.72557
-1.47547	-7.17687
0.0476901	-6.67233
-1.4216	-6.83082
-0.390792	-5.78737
-0.413601	-7.83582
-0.431893	-6.35895
-1.2904	-7.79415
-1.9314	-6.24549
-1.78631	-8.75392
-0.530736	-6.89813
-1.95651	-7.78489
-2.49721	-8.21945
-1.35977	-6.99697
-1.70938	-6.48456
0.888693	-9.61219
1.47974	-8.51025
-1.1852	-6.65419
-2.23223	-5.97899
-2.86573	-5.58578
-1.31184	-8.75261
-0.961409	-7.47702
0.680836	-9.40086
-0.578159	-7.32128
-0.510205	-8.91086
0.253967	-6.49696
-2.4259	-6.7327
-1.89805	-6.74023
-1.76206	-8.18789
0.454261	-7.75479
0.883228	-5.21312
-1.81309	-6.77765
-2.46441	-7.23106
5.40075	-7.36562
0.259547	-8.58392
-1.89903	-7.92573
-1.75559	-6.582
-1.3029	-8.20652
-1.51436	-8.07652
-1.8682	-7.07962
-1.79113	-7.13207
-0.840912	-8.20249
-1.26471	-6.03732
-2.02978	-7.26868
-0.326369	-6.76169
-2.51654	-7.85197
-2.58703	-8.41194
-0.293875	-7.26257
-2.26346	-6.58591
0.581092	-7.63054
-1.67724	-6.48328
0.316067	-8.43555
-1.51213	-6.23009
-2.18993	-5.86526
-1.22292	-6.43499
-2.84736	-5.49184
-0.0768592	-7.97711
0.215118	-8.87298
-1.0271	-8.47142
-1.46849	-7.69338
-1.63684	-6.90193
-2.35553	-8.39904
-2.07836	-6.52988
0.704021	-7.15634
-1.43386	-7.78165
-1.17708	-7.20078
-0.184347	-7.29428
0.313179	-8.89094
-0.993337	-8.77539
-2.21567	-6.702
-3.00606	-6.76646
-2.637	-6.9687
-0.401747	-5.04017
-1.54147	-6.92608
-0.214421	-6.48966
-1.59756	-6.29538
-2.22032	-8.77372
-2.93696	-5.49012
-0.927908	-6.19946
-1.32657	-8.48813
-1.61199	-8.81959
-0.478211	-5.16421
-1.46709	-5.62381
-0.47545	-5.85637
-1.20353	-6.7523
-2.2662	-7.0096
-0.678994	-6.11319
-0.784776	-6.98393
-1.80795	-6.20313
-2.47838	-6.79694
-2.13178	-8.10198
-0.21548	-6.62219
-1.9959	-7.80613
-2.14895	-8.72912
-0.726536	-6.74093
-0.560933	-7.92789
-0.713566	-5.82131
-0.25809	-5.3066
1.32688	-8.02329
-1.35101	-7.31383
-0.423428	-6.15052
0.793222	-8.29237
-2.15443	-8.12269
-0.728261	-5.23589
-0.0404081	-7.69311
-1.01204	-7.89239
-0.642003	-7.17212
0.258043	-6.36375
-2.66268	-8.57432
-2.63151	-7.38761
-0.249802	-7.72586
-2.49119	-6.74358
-0.674645	-7.19953
-2.01581	-7.82462
-0.201459	-6.84754
-0.548294	-5.92365
-0.394067	-5.89896
-0.755686	-5.92083
-0.737006	-8.17698
-1.80475	-8.58706
0.905774	-6.37555
-0.21512	-8.11489
-1.32159	-5.94758
-1.21195	-7.18514
-1.29647	-7.67392
-0.358488	-8.37228
0.302093	-6.21339
-1.96514	-7.02103
-1.29262	-7.9336
-0.278309	-6.38932
-0.635574	-7.8452
-2.20804	-8.91255
-0.094621	-5.43688
-2.49506	-7.02139
-2.70308	-7.87765
0.547534	-6.62432
-3.18441	-7.4273
-1.54105	-4.84747
-0.644375	-7.5536
-1.4971	-8.20631
-0.658972	-5.92879
-2.02146	-6.11757
0.0580486	-7.72716
-1.15496	-7.85945
-0.480194	-7.33418
-1.73653	-7.24201
-0.74734	-6.27102
-0.412862	-6.86328
0.195168	-6.74573
0.644309	-6.22904
-1.02077	-6.93603
-0.519075	-5.88013
-1.4256	-8.8627
-0.178724	-5.16249
-0.651103	-8.13365
-0.941681	-6.93875
-2.96464	-6.24398
-0.13528	-6.39722
-1.80175	-5.49927
-0.269121	-5.92532
-2.58384	-5.8909
-1.63882	-6.24345
-2.54553	-6.14238
-1.95438	-6.10513
-1.80631	-6.56682
0.241846	-6.21788
0.991466	-7.76266
-1.85003	-8.46083
-2.05945	-5.73233
-1.75975	-7.45855
-0.101775	-6.81046
-0.423733	-7.08615
-1.78201	-7.32533
-1.43666	-8.47531
-0.290759	-7.16224
-2.19462	-7.61423
-0.703596	-7.42419
0.865046	-7.67873
-1.40779	-5.34269
-0.139131	-6.14453
-0.623361	-4.06588
-1.41479	-7.28507
1.43397	-5.89999
-1.05385	-6.67804
-0.315168	-6.85459
-1.85778	-7.8949
-3.15347	-6.5535
-1.9825	-7.58195
-0.13119	-6.08398
-0.85684	-4.58006
-0.437946	-8.30555
-2.83171	-8.22095
-0.840581	-5.66303
-1.4729	-4.94408
-2.5154	-5.0109
-0.656194	-7.04484
-0.727389	-6.22496
-1.58945	-7.81561
-1.38026	-5.65126
-1.49749	-8.00514
-1.75515	-6.52714
-1.48558	-8.13076
1.5482	-7.17422
-0.144681	-6.70221
-0.383835	-8.52705
-1.04083	-7.58206
-1.97811	-8.93787
0.441628	-6.27496
-2.3109	-6.98349
-0.580866	-8.26992
-2.28736	-8.16361
-0.418603	-7.90682
-0.09921	-6.88646
-1.99283	-8.97328
-0.8153	-4.54727
-0.0318139	-7.42033
-1.44583	-8.64097
-0.398038	-6.75043
-0.290565	-8.32621
-2.57015	-8.74785
-0.472742	-6.0189
-1.47894	-3.89871
-1.67888	-7.56688
0.0133859	-8.19444
-2.8744	-8.30918
-1.40471	-6.98735
-2.53061	-7.92914
-1.99251	-7.74942
-0.406919	-4.57359
-0.76085	-4.69402
-1.83173	-6.87954
-1.44095	-8.68837
-0.020032	-7.13264
-0.526863	-9.09925
-0.014246	-8.31303
-2.90496	-6.14708
-3.12826	-7.20002
0.254631	-6.7465
0.248272	-7.28105
-0.291307	-8.69084
-0.899671	-8.18158
-1.2373	-7.27654
-2.13638	-4.11087
-1.77259	-6.7352
-2.08163	-6.35767
-0.0790776	-9.1549
-1.86794	-8.302
-0.737787	-5.82887
-0.958633	-5.64005
-1.95926	-7.29351
-0.283689	-8.0988
-1.80826	-6.79757
-0.0287263	-6.67463
-2.85893	-6.99687
5.98045	-7.36322
-2.57877	-8.15317
0.807111	-6.06693
0.422695	-7.31546
-0.909286	-4.52909
0.878076	-5.80883
-0.30398	-7.48207
-0.23086	-6.96241
-0.151548	-7.5005
-1.16071	-7.63305
-1.57419	-6.61351
-0.402587	-6.87962
-2.20213	-7.49473
-1.00787	-6.74934
0.561105	-4.27028
-1.49982	-6.11775
-1.32561	-7.41286
-1.62992	-6.15128
-0.3987	-6.46334
-2.18025	-6.74942
-0.182832	-8.0063
2.31482	-8.16813
-0.719718	-6.33102
-1.61676	-6.4824
-1.28937	-6.77602
-0.99726	-6.51181
-0.538771	-6.53299
-0.57779	-5.24042
-1.31338	-8.84366
-1.54585	-8.24772
-2.83933	-7.12912
-2.31323	-7.37395
-1.66569	-5.21145
-1.62341	-5.87689
-2.46617	-8.34548
-0.17109	-7.85817
-0.97343	-5.88973
-0.435685	-8.59316
-2.14271	-6.45186
-2.69611	-7.65354
-0.723847	-7.24007
-0.453489	-6.76546
-1.05148	-4.98838
-2.95597	-9.02127
-1.7346	-6.89096
-0.331634	-6.70235
-2.42041	-6.04494
-2.99778	-8.79537
-0.395714	-6.44804
-2.56006	-6.24554
-2.369	-7.71561
-2.05711	-4.86391
-1.9369	-8.12114
-2.68438	-7.39391
-0.0149369	-7.26722
-0.787992	-5.94032
-1.46352	-7.69164
-2.52218	-6.39336
-2.32553	-7.70076
-0.517062	-7.0819
-0.444745	-6.89981
-2.2571	-5.98581
-1.27041	-5.00274
-2.9548	-6.16023
-1.14113	-6.75138
-0.34358	-7.56327
-1.07619	-8.65922
3.46855	-9.21018
-0.265378	-7.84234
-0.144231	-6.40491
-1.9049	-8.69699
-0.549032	-8.36905
0.609668	-7.76728
-0.0291948	-6.59143
0.354422	-6.80046
-2.53545	-6.30115
-0.600593	-8.40943
-2.77507	-6.72111
2.81873	-5.29535
1.38459	-8.14964
-0.550164	-6.75079
-0.599555	-7.8801
-0.193675	-7.1538
-1.59074	-8.61787
-1.60663	-8.12762
-2.57276	-6.94845
-0.766011	-7.61217
-1.32106	-8.15818
-0.462579	-5.67011
-0.454794	-8.31895
-0.206259	-8.25465
0.493765	-6.12256
6.32083	-13.5733
0.507699	-8.63815
-2.18921	-6.43347
-1.3339	-8.51881
-1.02946	-7.22515
0.341452	-7.34997
-1.00827	-5.68344
-2.00153	-7.88524
-1.39361	-5.82784
1.07321	-6.98673
-1.42292	-6.0731
-0.280248	-7.17799
0.52057	-7.91329
-2.21894	-6.05158
-1.70686	-8.58045
-0.432126	-8.25238
-0.348811	-8.53729
-1.75827	-7.70372
-0.923071	-6.51011
-0.128702	-5.72082
-0.356269	-6.87099
-0.913314	-7.29069
-1.93476	-6.78891
-0.394891	-7.88897
-2.38775	-5.37065
-2.14088	-6.44413
-1.05098	-6.6985
-0.936391	-6.14841
-2.01661	-6.32448
1.26433	-7.8003
0.82772	-6.63202
-1.28809	-7.10561
-1.47835	-8.46691
-0.994542	-6.15811
1.3315	-8.59027
-2.37847	-6.50938
-1.3325	-7.19847
-2.56673	-7.10194
-0.775053	-7.45775
0.316562	-6.37464
-1.45358	-7.85498
0.261478	-7.24173
-0.879567	-5.13967
-1.55817	-6.12233
-1.77241	-6.19606
-1.74031	-5.99139
-1.87915	-8.31964
-2.79707	-6.01946
-1.62054	-5.77214
0.654008	-9.17638
-0.894922	-6.23737
1.60011	-8.5137
-1.85517	-7.475
-2.81967	-8.28159
-1.70717	-6.12794
-0.901325	-9.0917
-0.656728	-7.58977
-1.69967	-7.66586
-1.86164	-6.35706
-1.27768	-7.89731
0.156075	-7.34802
-0.64992	-6.88163
-1.21623	-6.80542
-0.311275	-8.15042
-1.92862	-5.84494
-0.371491	-8.3391
-2.13546	-8.32562
-2.42155	-6.94838
-2.73545	-6.5538
-1.40518	-8.98572
-2.03709	-8.2371
0.73549	-5.42729
-0.485136	-7.33065
-0.565016	-6.89948
0.0615721	-9.61058
0.147673	-7.63873
-2.25674	-8.14125
0.279532	-9.69648
-2.89994	-8.60244
-0.375845	-5.44092
-0.460058	-7.02124
1.78115	-7.81156
1.05052	-4.58399
-1.41877	-6.09612
-2.0606	-5.85346
-2.01118	-6.79019
-0.287863	-4.41543
-0.659763	-7.788
-2.11085	-7.72534
-2.93243	-6.48922
-1.85469	-6.20688
-1.69434	-6.11292
-2.72163	-6.53563
-1.46874	-6.53196
-1.12324	-6.5613
-2.92346	-6.88917
-2.20274	-6.49124
-0.984162	-5.95561
-2.02276	-7.33537
-1.64562	-6.76066
-0.9027	-5.38861
-2.20386	-6.40972
1.36232	-4.3213
-0.104326	-8.58282
0.900891	-6.09716
-0.601022	-7.92705
-0.105657	-7.5003
-1.63345	-8.25981
1.12805	-13.5233
0.143344	-7.93857
0.0170831	-5.78551
-1.59763	-4.17069
-1.99302	-7.23512
-0.225664	-8.19376
-1.09138	-6.90415
-2.352	-7.21894
-0.0873631	-8.43846
-0.994456	-8.57551
-1.60564	-5.58363
-2.5085	-6.20962
-1.8842	-8.48408
0.294612	-6.10998
-1.91744	-6.45672
-1.82687	-7.03987
-0.86306	-7.52106
-1.92602	-7.03838
-0.486868	-5.79201
-1.98198	-6.45914
-0.588882	-8.54042
0.515049	-6.32669
-0.342779	-7.64747
-2.54398	-6.89038
-0.867745	-7.12691
-0.0439805	-6.58247
-0.462987	-7.17629
-1.87978	-4.89714
-1.60982	-7.91126
0.370554	-5.94177
-1.40017	-6.498
0.61821	-6.56606
-2.21714	-6.1915
-1.85328	-6.7145
-1.93911	-8.46276
-0.89911	-6.68528
-2.68229	-6.00617
-0.937946	-4.99075
-0.396454	-8.3962
-2.44465	-5.4552
0.0726995	-8.45866
0.602269	-8.21675
-0.1358	-8.02289
-0.906623	-7.74113
-1.96795	-8.67107
-1.83343	-7.89352
-2.09469	-5.93689
-0.563932	-6.40155
-2.52916	-6.6413
-0.367603	-8.78473
0.513962	-5.91826
-0.240948	-8.58493
0.665083	-8.15218
-2.35783	-6.31245
-1.81873	-6.08428
-1.21674	-8.12787
-1.37746	-8.38413
-0.220319	-7.32469
0.536412	-6.9932
-2.13449	-8.08201
-1.91697	-7.88174
-1.73223	-6.3587
-2.06234	-7.08854
-1.55321	-6.57553
-1.28769	-6.62131
-0.104061	-8.7591
-2.60714	-8.54693
-1.55507	-5.95112
-2.36891	-8.42411
-0.21502	-7.09857
-0.700473	-7.11757
0.253089	-6.09172
-2.48548	-8.7118
-1.39007	-7.23522
-1.1903	-6.42074
-2.12683	-7.79714
-2.47037	-7.21228
-1.22083	-6.95953
-1.35322	-4.27331
-1.93395	-8.9325
0.769636	-9.03975
-1.2047	-8.86134
-1.86083	-6.26594
1.61673	-6.29416
-0.800315	-6.11593
0.948086	-8.00276
-1.80147	-5.84713
-1.38519	-8.56961
-2.6502	-6.25627
-0.430057	-7.64428
-0.263087	-6.59978
-0.862741	-7.95231
-2.54107	-6.82513
0.909308	-5.96576
1.2182	-6.11963
-0.643796	-8.77808
-0.97384	-5.46297
-1.59942	-8.72075
-1.66683	-7.09117
0.0649533	-6.1189
-0.274917	-6.47644
-1.32324	-8.58035
0.507038	-2.76292
-1.82303	-8.76484
-2.10003	-8.30891
-0.214788	-7.77714
-0.698418	-7.94559
-2.75997	-7.44271
-0.15083	-8.86682
-2.65567	-6.49428
-2.16808	-7.89011
-0.198769	-5.7459
0.483384	-8.69001
-2.74647	-6.51309
-0.309525	-7.273
-1.92108	-7.25036
-2.79711	-5.89339
-0.62508	-4.87037
-1.84258	-7.51225
-1.89632	-5.74334
-2.53091	-7.86678
-0.715654	-6.3698
0.506877	-7.761
-1.64234	-5.38237
0.588424	-6.9639
-2.80372	-6.3823
-0.632365	-8.9352
-2.13114	-6.41891
-0.133083	-5.82883
-2.74411	-8.55765
-0.834224	-6.3525
-1.48293	-8.63741
-2.51364	-5.28346
-1.84256	-7.02481
-0.980082	-8.35696
0.217368	-7.37017
-2.50615	-6.50321
-2.00855	-5.4764
-3.0394	-8.25287
0.528671	-8.95115
-1.49636	-8.41441
-1.21285	-6.88159
-1.95295	-8.06951
0.304141	-7.41038
1.65236	-7.82406
0.347007	-8.26019
-1.06935	-6.42088
-1.23133	-8.5183
-1.10251	-7.31263
-2.06012	-5.37768
-0.268473	-7.00554
-0.618072	-7.63038
1.9263	-8.1466
-1.7635	-8.07936
-1.72849	-8.74787
-2.28878	-8.13215
-2.31746	-8.38357
-1.89519	-5.93734
-1.40517	-6.18663
-2.02136	-6.08047
-1.04436	-5.79368
-0.217712	-6.46274
-1.63317	-6.74497
-0.0119435	-6.53599
-1.7968	-7.02296
-2.49647	-7.05366
-3.09592	-8.05321
-1.34436	-5.9168
-2.33528	-8.03156
0.356564	-7.78924
-1.32228	-8.3842
-0.0896864	-5.76768
-2.44519	-7.85528
-2.28773	-6.1519
-2.63589	-6.93029
-0.689517	-6.48656
-2.66721	-5.30226
-2.05688	-7.78929
-0.552993	-7.11685
-0.398537	-6.57615
-1.18151	-7.84241
-1.96478	-7.98664
-2.08651	-6.62592
0.0171819	-6.85185
-1.57393	-7.3069
-2.25213	-6.97118
1.4305	-9.1727
-2.2922	-6.56679
-2.63271	-8.94573
-0.540164	-7.31093
-1.44514	-6.9406
0.309881	-8.26451
-0.900944	-7.38021
-1.21005	-7.28867
-1.0826	-8.41652
-0.807532	-4.3104
0.234549	-6.8315
-1.53634	-4.8975
-1.69887	-7.72571
-0.539339	-6.04178
0.910508	-6.00507
0.601532	-5.50018
-1.57951	-7.01871
1.69845	-5.11378
-1.49544	-6.82286
-0.340033	-6.51271
0.765278	-8.81268
-0.545517	-7.95936
-0.225064	-7.42158
-0.261898	-7.14508
-1.92906	-6.80259
-0.0237734	-7.2007
-0.744835	-8.17445
0.173935	-6.22261
-1.57187	-7.28259
-2.3289	-7.53175
-0.510149	-7.62031
-0.226369	-8.55319
-2.02545	-8.50741
-0.766665	-6.74944
-2.48357	-7.02799
0.414925	-7.68701
-1.62516	-8.14163
-0.436599	-7.78683
-0.454053	-6.05676
-1.74227	-7.59323
-2.55946	-7.51562
-2.81113	-8.89868
0.419138	-7.44493
-1.38615	-8.09155
-1.03843	-6.59327
0.354765	-7.62883
-0.987473	-6.60642
-1.44516	-8.64619
1.48484	-7.7024
0.716576	-14.8008
0.258783	-6.29118
-0.559906	-7.63867
-0.741969	-8.46554
-0.209039	-5.99158
-1.05513	-6.14249
-1.83743	-6.52487
-2.06453	-6.60533
-0.621573	-5.57721
-0.893634	-8.07972
-2.28087	-8.75181
-1.58688	-7.70142
-0.706567	-6.32785
-0.283514	-7.77139
-0.384177	-9.149
-0.618073	-6.23859
-0.399216	-6.91668
-0.931781	-6.91512
-2.04324	-5.82138
-2.59302	-7.43252
-2.08685	-6.2773
-1.25345	-8.83103
-1.47954	-6.21883
-0.911904	-8.19909
-2.40914	-6.87308
-0.68398	-5.84051
-2.02291	-6.40965
-0.978817	-9.00968
-1.45619	-7.6449
-1.89597	-6.46509
-0.338102	-5.80967
-1.08162	-7.14237
-0.0340326	-7.03927
-1.29651	-5.87786
-1.3021	-6.55637
0.124709	-8.60141
0.310026	-5.46138
1.10231	-7.44875
-1.07523	-8.72844
-2.96053	-8.36664
-0.308037	-5.41828
-1.07327	-5.13951
-2.0384	-8.01473
-1.59204	-7.19762
-0.344467	-6.35681
-1.72546	-8.36705
-0.277065	-6.88921
0.322067	-8.97133
-0.292739	-8.92836
-0.223739	-8.27588
1.47804	-6.90408
-1.84348	-6.49433
-0.851037	-7.8626
-0.447936	-5.00977
1.43921	-7.12641
-0.700461	-6.88858
-0.492666	-7.09012
-1.13322	-7.29116
0.197104	-6.33343
0.410997	-7.50361
-0.955555	-5.84193
-1.70428	-7.30414
-0.687502	-6.72993
-2.60583	-6.98976
-0.493078	-4.9697
-3.13777	-8.25289
-0.808844	-5.9925
-0.762125	-8.23991
-1.53059	-8.02449
-0.272988	-6.16943
0.230775	-6.27562
-1.85982	-6.26702
-1.82802	-7.06171
-0.5886	-6.23562
-1.52388	-5.01365
-0.57655	-6.9945
-0.784621	-7.04021
-1.73266	-8.25131
-2.36447	-7.75183
-0.978523	-5.82334
1.15537	-7.6062
-1.53184	-6.49494
-0.395135	-6.88027
-1.5444	-6.29562
-0.551257	-7.07295
-0.126713	-7.60047
-2.56458	-9.12034
-1.03748	-7.12084
-1.1706	-8.85972
-1.93279	-8.1562
0.251067	-4.95759
-1.60277	-6.55802
-0.409456	-6.61445
-1.10529	-5.46283
-0.486479	-8.954
-0.757474	-9.01038
-2.42171	-7.41013
-0.536111	-7.0545
-1.30439	-8.73892
-1.60596	-4.58266
-1.37405	-8.50958
-1.52175	-7.79755
-0.624404	-6.01075
0.014422	-8.04852
-0.563598	-7.97718
-0.466722	-7.40901
-1.7238	-5.63549
-1.03688	-6.48118
-1.4426	-7.68522
0.229914	-9.12216
-0.254664	-6.72759
-0.0148113	-9.5819
-1.10606	-4.74745
3.01862	-8.83652
-1.30938	-6.654
-1.22014	-5.62749
-2.04559	-7.15802
-1.08099	-5.65368
-0.0601454	-6.35235
-2.32413	-6.13158
-1.00485	-6.76132
0.255331	-7.26113
1.13788	-7.0995
-0.126085	-6.06641
0.737446	-6.8294
1.17615	-8.13627
-0.156319	-6.22362
-0.203318	-8.60547
-0.246409	-6.45658
-0.708932	-6.2056
-0.139246	-7.20912
-1.10207	-6.2045
-1.11617	-8.00706
-0.438148	-6.24543
0.415966	-8.19471
-0.539219	-8.3436
-0.392684	-5.73361
-2.34841	-7.06397
-1.25376	-7.5536
0.568822	-7.37292
-0.481505	-4.86525
-0.339178	-8.44076
0.0453031	-8.48737
0.10176	-5.90005
-0.722321	-8.49054
-1.78824	-6.71863
-2.7479	-8.45866
-1.5405	-7.3305
1.30978	-4.03647
-2.31739	-6.8777
-1.89512	-8.87728
-2.87858	-7.22554
-1.33412	-5.73772
1.0095	-6.08049
-1.78323	-6.84605
0.99368	-6.98068
-1.5421	-8.72543
-3.07207	-8.31454
0.828253	-5.89369
-1.81616	-7.22818
-0.95442	-7.30761
-0.281188	-7.76669
-0.718072	-8.12201
0.497021	-7.30844
-1.0628	-7.57708
-0.942477	-7.0011
-0.533761	-7.10217
-1.40985	-6.6992
-2.57967	-6.49027
-1.96683	-6.84286
-1.60325	-6.2272
-1.21927	-6.37409
-0.584121	-6.43038
-0.856465	-7.32103
-2.38819	-5.91488
-0.345599	-5.28198
0.0332187	-7.79255
-2.42248	-7.27965
-2.02267	-7.62507
-0.248985	-7.1189
-2.57678	-5.32806
-2.10444	-8.28467
1.17498	-8.67563
-1.10017	-9.02225
-1.70194	-8.64842
0.233972	-9.73601
-3.02627	-6.42694
-0.685524	-5.23286
0.780931	-6.70588
-0.495335	-6.03162
1.01486	-6.28003
1.03275	-6.95182
0.0793612	-4.36334
-0.81315	-6.63552
-0.802428	-7.89685
-0.934461	-7.24524
-3.07609	-6.70135
-0.0297448	-8.48091
-0.904078	-6.25767
-0.963224	-6.60291
-0.386881	-6.58851
0.878811	-6.18242
-0.0797986	-7.90729
1.5662	-10.0773
1.33056	-6.59298
-2.03074	-8.18149
-1.15537	-7.03842
-1.9455	-6.26481
-1.9526	-8.2088
-0.0170061	-6.10253
-0.328536	-8.48546
-0.864749	-4.82097
-0.476843	-7.27681
-1.43443	-6.61577
-1.2362	-6.70783
-0.0197709	-6.84506
-0.0853209	-6.08842
-0.707831	-8.86182
1.35718	-8.26775
-0.388695	-7.14051
-2.01344	-8.88811
-1.87818	-5.1988
0.581831	-6.80136
-2.4669	-6.95779
-1.50195	-9.07554
-0.754844	-6.4303
1.1667	-8.07415
-1.12784	-7.38793
-0.408129	-8.90988
1.12724	-8.31781
0.693537	-7.32168
-0.539487	-7.70291
-0.771643	-7.51936
0.287337	-7.13822
-1.35208	-7.18552
-0.223345	-7.37265
0.18991	-8.63493
-1.25981	-8.28412
-1.90347	-6.68824
-1.74981	-7.37019
-0.556201	-7.02053
-0.147317	-8.33388
-3.00565	-7.45378
-0.144667	-7.18571
-1.63739	-6.48099
0.578471	-6.07457
-0.95345	-5.32975
-0.711012	-8.98788
-0.443375	-8.48761
-0.485221	-6.30314
-2.38375	-5.50475
-2.14021	-7.85243
-2.07153	-7.82793
-1.10233	-8.60786
-2.01147	-6.16499
-2.30898	-5.23958
-0.794171	-9.09435
-1.68811	-6.34249
-0.759033	-6.38812
1.07081	-9.74399
-1.2146	-6.85942
-0.220557	-6.05
-0.824247	-6.93735
-0.161732	-6.51179
-0.690133	-7.0378
-0.97123	-5.75982
-0.5959	-6.09732
-2.13847	-4.77168
-1.4304	-5.55593
-0.245638	-7.11886
-0.0621791	-7.24513
-1.81399	-8.12388
-1.04006	-7.36724
-0.802037	-5.35681
-2.11376	-7.67587
-0.823908	-6.59551
-2.11109	-7.58273
-0.338895	-8.18957
-1.13879	-6.47845
2.2018	-12.1007
-0.203277	-5.91347
-0.402851	-3.99095
-0.436747	-5.90746
-1.09031	-6.11721
-1.43153	-7.25845
-3.00102	-6.12226
0.672719	-6.85093
-0.530727	-4.8842
-2.06443	-6.41222
-0.949825	-6.06986
-0.913374	-6.48789
-0.867137	-5.98777
-1.03033	-7.53796
-0.231908	-6.87047
-2.76759	-5.96195
-0.929359	-6.50556
-2.26722	-8.20038
-1.41356	-7.68987
-1.58409	-8.19411
-2.48873	-7.52501
0.816054	-8.79353
-0.52779	-7.55038
-2.04049	-7.11841
-2.06839	-4.36794
-2.98218	-8.18254
-2.32635	-8.20666
-0.28017	-7.33771
-2.54865	-6.32262
-1.63642	-7.91714
0.854176	-8.62041
-0.742329	-5.58433
-1.21441	-6.15922
-0.480881	-7.19047
-1.94563	-8.2436
-0.471492	-7.0117
-2.06316	-8.58525
-2.27701	-9.21479
-2.54345	-6.64498
-2.46953	-8.28818
-1.71736	-7.86344
-1.17424	-3.97253
0.136257	-8.23866
0.486392	-7.71024
-0.877587	-5.98742
-2.33261	-7.54823
0.920598	-4.65136
-1.60197	-6.91129
0.044389	-5.80222
-2.52489	-8.19899
-2.22534	-6.67133
-0.157524	-7.76001
-1.30828	-6.796
-2.27102	-6.95712
0.892397	-6.13718
-1.28195	-5.91125
-1.16405	-8.31324
-0.387524	-6.03
-2.81367	-6.85979
-0.099488	-6.48995
-0.57553	-7.79368
0.661762	-5.72324
-1.69743	-8.46115
-2.59944	-6.24701
-1.27013	-5.24848
-0.525751	-6.49116
0.0724953	-8.16041
-0.250743	-5.34943
0.351163	-7.19235
-2.41588	-6.92246
-2.4593	-7.31098
-1.25699	-6.17999
-1.2101	-5.5032
-1.9308	-7.54834
-1.94861	-7.8413
-1.83218	-8.20534
-0.367009	-5.10765
-2.44624	-7.00313
-0.901893	-8.73986
0.710603	-6.33667
-2.5062	-6.34272
-0.169286	-4.71602
-0.739688	-5.7964
0.291879	-7.98108
-0.165436	-6.31506
-2.19953	-6.78317
-2.62698	-8.56921
-0.581266	-6.09461
-2.21417	-6.06976
-0.402919	-5.35209
-2.6137	-6.81775
-1.86935	-6.34717
-2.19461	-8.54779
0.111807	-7.86285
-1.33789	-5.95852
-1.23698	-6.20828
1.44496	-9.66802
-1.725	-5.26538
-2.56666	-7.95414
0.851417	-8.5341
-0.337582	-7.71242
-0.202517	-7.39257
-1.50433	-6.39309
-2.6626	-8.11654
-0.0961759	-6.11782
0.419514	-6.62884
-2.19181	-8.57111
-1.95122	-6.2739
-1.06401	-4.3977
-1.02794	-7.47496
-0.59436	-6.75387
-0.967096	-8.08948
-0.938554	-5.97388
-0.448516	-7.55376
-0.056933	-7.75744
-0.584583	-8.70568
-2.9603	-5.83042
-2.26013	-8.33682
-1.42559	-6.35461
0.440899	-7.55158
-3.04924	-7.1287
-1.63068	-6.15076
-2.42524	-8.61473
-2.17247	-6.56181
-0.699736	-6.26239
-1.83278	-3.64374
-0.848202	-6.21661
-1.35589	-8.49779
-2.21993	-7.15392
-0.336638	-6.44291
-0.887535	-3.79695
2.39696	-7.00674
0.210213	-7.77224
-0.47864	-6.57258
-1.65508	-7.77858
-0.748306	-8.16158
-0.967845	-7.65955
-1.0336	-7.58795
-0.875469	-6.60587
-0.451508	-7.11391
-0.944301	-5.18052
-0.130211	-8.77131
-2.42349	-8.28563
-2.5239	-6.33266
-0.357732	-6.75412
-0.138861	-7.22447
0.0245975	-7.61582
-2.96856	-7.94552
-1.35636	-7.12055
0.0864361	-7.6384
-2.54834	-8.69622
-1.41864	-6.42865
-0.133444	-6.51319
-0.0491073	-6.70507
1.15517	-5.16411
0.81047	-9.7183
-1.2246	-5.34885
-0.926696	-7.79723
0.370217	-7.80395
1.51614	-7.88004
-2.87422	-6.25409
-2.96484	-6.45006
-1.11337	-8.78514
-1.36569	-6.71676
-0.947115	-7.21732
-1.23506	-6.16815
-0.760765	-8.7761
-0.289716	-6.58199
-1.01265	-7.81265
-1.70681	-8.0479
-2.64573	-6.86437
-2.6825	-8.41765
-0.191583	-6.34683
-1.64511	-6.59439
-1.86831	-6.40472
0.257443	-6.9584
0.365537	-8.98786
-1.44839	-6.36878
-1.19901	-5.06211
-1.16183	-7.97876
0.602472	-6.38849
0.680182	-5.83255
-1.64614	-7.16965
0.371448	-7.97941
-2.652	-7.98084
-2.01502	-6.75303
-1.18018	-6.80068
-0.398096	-7.97249
-0.757163	-4.52711
1.65387	-7.2494
-0.275208	-6.58852
0.994238	-8.29972
-1.06403	-8.63007
0.896797	-6.45272
-0.66043	-6.85976
-1.25305	-7.27731
-0.370864	-8.01786
-1.75018	-8.06302
-1.00123	-7.31436
-2.35533	-6.372
0.781438	-5.5051
-0.703077	-8.36589
-2.06916	-5.92035
-0.653134	-6.88801
-1.57122	-5.35
-0.406751	-6.6081
-0.455192	-5.93604
-0.615331	-6.23396
0.782306	-5.36054
-2.88102	-7.38396
-0.804953	-8.16625
0.650874	-7.0502
-0.577913	-5.6237
-0.193996	-8.07072
-2.20524	-8.04239
-1.31573	-6.66561
-0.496118	-6.31671
-1.36628	-6.41061
-2.54118	-8.40823
-1.9558	-7.45986
-2.5218	-6.82767
-0.606555	-7.13684
-0.765859	-8.63447
-2.07414	-6.55699
-2.59538	-7.38367
-1.71461	-3.95003
-0.563993	-8.77027
-0.326194	-6.3032
0.118756	-5.44808
-0.375686	-8.8958
-1.53609	-7.68917
-1.25459	-7.92181
0.479989	-7.62244
-0.0821537	-9.55258
-2.94352	-7.24642
-1.60564	-6.94484
-0.982342	-8.6588
0.600095	-8.96513
-1.34342	-6.35736
-1.10419	-6.00474
-3.11956	-7.27328
-1.37737	-6.43978
-0.117316	-7.88529
-0.343655	-8.28642
-1.06705	-8.45242
-1.37961	-8.67332
-1.1899	-7.53948
-1.83515	-7.09047
-1.9234	-7.06574
-0.0539875	-5.15028
-2.91209	-6.29487
-3.00758	-6.36333
-1.06793	-6.56857
-0.817813	-6.79351
-1.58385	-6.83556
-0.865705	-8.75385
-2.5891	-7.32075
-1.7115	-6.2336
-1.59128	-6.75723
-0.549125	-8.18336
-3.01041	-6.56621
-2.04264	-8.80725
-0.814527	-6.73634
-1.68269	-6.96204
0.356153	-6.0021
-0.707111	-7.94737
-0.365832	-7.14447
-1.83751	-8.7962
0.855672	-6.00086
-1.04852	-4.81033
-0.803035	-5.59107
-0.241464	-6.9281
-1.7079	-8.26904
-2.65947	-4.90669
-0.495855	-6.91378
0.314262	-9.15576
-2.25922	-5.87048
-0.957686	-6.61175
-1.99277	-6.08793
-1.27863	-7.06932
-2.70145	-8.66219
-0.738708	-7.74656
-0.400276	-7.20699
-2.11915	-8.21193
-0.640451	-8.10766
-1.93444	-8.52728
-2.86399	-8.48889
0.599169	-5.87511
-0.70382	-8.62037
-2.05211	-5.14846
-2.04141	-6.62415
-1.54897	-6.13114
-1.85147	-6.9373
-0.723346	-7.92072
-0.605954	-8.99055
-0.636332	-6.74682
0.103327	-7.68663
0.419807	-4.71061
-2.38138	-6.63024
-1.73075	-4.85891
-1.41205	-8.66582
-1.98292	-7.02419
-1.92321	-8.28992
-0.112808	-6.57293
-2.82997	-5.37555
-1.68366	-8.96176
-1.36689	-6.78948
1.0731	-8.44081
0.160829	-8.87266
-0.168293	-4.47975
-1.5943	-6.40797
-0.392427	-5.78817
-1.75347	-7.55383
0.585443	-7.35181
-2.31138	-6.7268
-0.295016	-7.03767
-0.771925	-7.94735
-0.721986	-5.39309
-2.58609	-4.79727
-2.29691	-5.73723
0.363273	-7.1729
-1.01521	-7.50881
1.6059	-7.94725
-0.303154	-7.11227
-2.02405	-5.18623
0.197963	-6.01938
-2.5203	-7.81882
-1.41958	-6.27892
0.633024	-7.80609
-2.27682	-8.16136
-2.07393	-6.10543
-0.961418	-7.7167
-0.389206	-8.85678
0.0905314	-8.41027
-1.00986	-6.00222
-2.19765	-7.12268
0.3783	-6.31754
0.199836	-6.44991
-0.399851	-8.0262
-1.10578	-6.6844
-2.88368	-7.43314
0.0249629	-6.98397
-0.919298	-8.08641
0.234105	-7.55345
-0.227897	-5.55208
-0.951528	-7.57209
-2.77294	-7.83296
-2.3775	-5.04068
-0.388607	-8.55655
-0.65766	-5.1949
0.098548	-6.25018
-2.4284	-5.87857
0.418704	-7.38938
1.11069	-6.08779
-0.675562	-6.64328
-0.252512	-6.65952
-0.452437	-6.90704
-1.36592	-6.80649
-0.731937	-8.53248
-2.24103	-7.32342
-2.59971	-6.30427
-1.75369	-7.47402
-1.11189	-7.45184
0.871642	-4.38426
0.572019	-5.99945
-3.2244	-8.40067
-1.03969	-5.46037
-2.33477	-8.2098
-2.72152	-8.37585
0.665862	-6.59529
-2.79138	-7.68058
-0.74009	-7.13707
-1.3392	-7.44208
-0.435841	-8.21245
0.14935	-7.59513
-0.0901625	-8.71302
0.197182	-5.14256
-0.169665	-6.21695
-1.112	-8.02307
-0.777807	-8.0783
-0.239509	-8.66368
-2.06388	-7.46831
0.104998	-7.56983
-0.488424	-6.10491
-0.160387	-7.91562
1.03214	-6.50248
-0.470736	-6.94586
1.94614	-7.31089
-0.620687	-6.38308
-2.32969	-6.68404
-0.95494	-7.95099
-2.02743	-5.85825
-0.548033	-8.15734
0.0566755	-7.15758
0.16137	-5.91735
-1.56293	-8.01085
-1.56534	-6.74172
-0.696261	-8.60112
-1.43663	-6.51675
0.0226712	-7.43436
-0.258577	-7.14978
-1.77671	-7.61316
-0.241967	-7.88908
4.51501	-6.58822
-0.194227	-6.03562
-2.76844	-6.51357
-1.21781	-8.54343
0.914739	-9.45186
-2.54435	-6.79356
-2.67227	-7.01408
0.307501	-7.55028
1.13423	-7.51597
0.800145	-7.27161
-1.06653	-6.22269
2.5979	-7.3424
-0.358288	-8.98568
0.0167461	-6.90779
-0.520261	-7.82835
-3.08664	-6.18665
0.585278	-7.20557
-1.65887	-8.06993
0.409816	-9.17777
-1.82328	-6.41494
-0.522702	-8.2572
0.392348	-8.0681
0.74133	-6.29164
0.696397	-7.56046
-0.487076	-6.43078
0.362405	-4.23967
-2.10584	-7.54168
0.0308581	-8.69093
-3.07657	-7.56867
-0.259362	-6.59594
-1.33661	-6.66284
-2.35999	-7.05697
4.63742	-13.2359
-1.35291	-6.79735
-0.618136	-6.31396
0.739164	-9.20847
1.60772	-8.12392
-1.83461	-7.2939
0.640091	-6.95274
-1.64958	-7.92818
-1.66084	-6.16084
0.445271	-7.17503
-0.57243	-7.33277
1.75856	-8.22418
-0.35358	-7.97891
-1.13103	-5.19918
0.774155	-9.36399
-0.68316	-8.25537
1.91888	-6.54079
-0.768913	-6.57646
-1.78572	-3.8959
-0.18281	-8.88183
-2.32432	-8.07373
-0.31819	-6.75447
-1.12543	-5.85725
-1.82131	-6.90672
-0.595056	-6.02999
0.490532	-7.54628
-1.7519	-8.38447
-1.31987	-7.25833
-1.36461	-7.85579
-2.31408	-7.59827
-2.05716	-7.75936
-0.199169	-7.45793
-0.963494	-7.60214
-0.462245	-6.02737
0.668118	-5.65919
-0.362778	-6.72856
-1.70172	-7.31564
0.342314	-6.07788
-2.78165	-8.11402
-1.42387	-6.8821
0.0689309	-8.93164
-0.445375	-8.22551
-2.42786	-6.63463
-2.05823	-7.78394
-2.03961	-6.54112
-1.64173	-6.41382
-2.60335	-8.65308
-2.96232	-8.35398
-1.22071	-6.39062
-0.145352	-8.58476
-0.370456	-6.70362
-3.2332	-6.01868
-1.51254	-4.14099
0.0941034	-8.69611
-1.7283	-7.26282
0.907884	-5.43118
-0.345018	-8.88511
-2.04305	-6.84876
-1.11816	-8.12317
-1.95046	-8.85772
-2.74094	-6.99298
-2.99068	-6.70574
-1.51558	-4.964
-0.450579	-8.15172
-0.463389	-8.20028
-0.999907	-6.11927
-1.09428	-8.15587
-1.68819	-6.31045
-0.556299	-7.20723
-1.96671	-8.3896
-0.868071	-8.47844
0.9095	-7.68553
-0.534908	-8.16445
-1.03777	-5.13414
-0.113453	-7.43774
-1.7167	-7.39586
-1.46422	-8.01121
-1.79513	-6.72711
-0.711276	-6.9699
-2.76471	-7.75226
-2.05266	-6.66565
-0.671369	-8.48175
-2.36078	-6.10748
-0.410529	-7.18248
-0.0704165	-8.61209
-1.53888	-7.58579
-2.29767	-7.05099
-1.38034	-8.39402
-2.12497	-7.23334
-2.35126	-7.53351
0.791638	-8.13433
-1.62872	-6.97794
-1.57135	-7.1542
-0.304606	-8.09812
-0.247293	-5.42222
-1.78313	-6.51282
-2.82908	-5.84305
0.412629	-8.57619
-0.55231	-7.3576
-2.71285	-5.66871
-0.788972	-6.31433
-0.396646	-7.37903
-2.02161	-7.66243
-1.63743	-4.80697
-2.22575	-7.07436
-2.43993	-5.77924
0.0119091	-8.52724
-2.92763	-5.52772
-0.589596	-6.60328
1.52176	-6.34143
-0.0838787	-8.18043
-2.07729	-5.85388
-0.220385	-4.14831
-0.317039	-7.41951
0.159682	-7.94142
-0.479587	-6.71443
-0.393482	-8.41812
-0.0869688	-6.9629
0.122287	-5.72353
-2.23921	-5.77831
-0.639489	-8.06143
-1.10009	-7.16475
0.318094	-6.42413
0.0790209	-6.45992
-0.639744	-6.36075
-1.51698	-5.68103
-2.16216	-6.51289
-2.88129	-8.03436
-0.195321	-8.37442
-1.24204	-7.16767
-1.60237	-7.9696
0.119272	-6.53901
1.04091	-5.51883
0.894188	-6.45082
0.483102	-6.12107
-1.3482	-7.16503
-2.57258	-6.30798
-1.47302	-6.0755
-1.0446	-8.02606
-2.02588	-6.30578
-0.193689	-6.35498
-0.582752	-6.37079
-1.3715	-8.79799
-1.47834	-6.87989
-0.287237	-7.78212
-0.637211	-7.98347
-0.342429	-6.72716
-1.06247	-7.7011
0.357414	-5.64935
-1.12871	-7.57059
-0.449871	-6.77456
-1.1734	-6.44956
-0.421514	-7.02559
-1.80331	-6.3313
0.233017	-7.17908
-0.99546	-8.43536
1.36414	-6.42839
-1.26396	-6.24033
-0.620776	-6.74438
-1.49333	-7.05316
0.222721	-7.6291
-0.356835	-7.95137
1.87341	-6.47709
-2.10559	-5.45761
-3.03214	-7.0006
-1.70711	-6.18483
-0.258907	-8.14561
-2.09763	-6.89491
1.11535	-6.98043
-0.437516	-6.54726
-2.74552	-6.93066
-3.00984	-6.64176
-0.0819983	-8.84796
-0.848393	-7.61752
0.96747	-8.06378
-1.49145	-6.21867
-0.765689	-7.32216
-0.743433	-8.72054
-0.515474	-7.80641
-0.0386031	-6.56833
-2.16108	-7.87951
-0.198823	-8.53582
0.17059	-4.47917
-0.647131	-5.89961
0.145233	-8.83018
-1.76766	-6.69323
-1.39359	-8.00314
0.857403	-6.72817
-2.57402	-4.185
-0.0887197	-6.71434
-1.92804	-7.25034
-1.50559	-6.01419
-1.13727	-8.44562
-1.17467	-6.55877
1.26071	-6.05845
0.340639	-6.29815
-2.0224	-7.42767
-2.98971	-7.26276
-0.174753	-8.70357
-0.157699	-6.32306
-2.26222	-8.64382
-1.94982	6.49807
-0.841434	-6.78767
-2.19603	-6.56473
-1.84354	-0.671665
0.920085	-8.12187
-1.54635	-6.43824
-1.54238	-7.04362
2.4711	-4.2932
-1.44305	-8.86334
-0.283791	-7.19206
-0.00011958	-5.75818
-2.4469	-5.73831
-2.18075	-7.35613
0.790225	-8.11285
-0.800214	-5.59245
-1.41333	-6.65733
-0.21533	-4.46504
-0.412929	-8.70937
-0.134374	-8.0566
0.289499	-6.35423
-1.36741	-8.82193
-0.754236	-6.10404
0.537668	-7.70618
-1.66065	-3.29024
0.852735	-7.20278
-0.700676	-7.74197
-0.163864	-6.33965
-0.874389	-5.73359
0.0765562	-7.34009
-2.03603	-4.6566
-2.47447	-7.58357
-2.52757	-8.54699
-2.62388	-8.5002
-1.75052	-7.34039
-0.444083	-6.49419
-0.840513	-8.48137
0.579105	-6.98526
-2.61044	-6.09093
-0.207239	-5.53342
-3.1082	-7.84655
-0.271885	-7.75626
-2.03213	-8.21883
0.0661841	-8.25531
0.426887	-6.52735
-2.27563	-9.06901
-2.16268	-6.44105
-0.856932	-6.61067
2.12003	-6.21166
0.114681	-7.30487
-1.68533	-7.70025
-0.521967	-8.73824
-1.2109	-8.53513
-1.33977	-6.70438
-1.47135	-6.4356
-3.01528	-6.81529
-2.46612	-7.28845
-2.62656	-8.13583
6.01703	-0.32714
-0.819149	-6.5375
-0.997292	-8.29072
-1.25265	-6.91621
-1.03358	-6.49526
-1.29663	-6.62609
-1.01806	-6.29356
-0.557556	-8.59233
-2.9351	-8.83172
2.77561	-10.2326
4.01797	-6.02813
-0.732263	-7.43519
-0.698278	-8.10695
-1.60294	-5.41372
-2.16078	-7.17234
-1.72244	-8.24505
-0.00977011	-7.94683
-1.6092	-7.35588
-1.47009	-5.13257
0.156401	-5.49394
-0.0806422	-4.31028
-1.96633	-7.94034
1.63193	-9.05012
-2.03074	-5.75298
-2.17856	-5.894
-2.45702	-6.32749
-0.174163	-8.06196
-1.18791	-6.36724
-0.030864	-8.60812
-1.43971	-6.15438
2.17526	-6.42384
-1.37907	-6.3994
0.135222	-7.06242
1.48631	-8.29194
-1.25731	-6.07293
-1.42246	-6.69055
-3.0816	-7.3103
-2.93465	-8.67487
-0.282805	-8.93974
-0.511579	-7.92506
-0.397774	-8.4121
-1.07454	-6.79561
-2.95455	-7.97093
0.546747	-7.13087
0.107815	-7.41082
-2.84258	-8.61765
-0.279035	-4.49402
-1.41181	-6.74728
-2.40303	-6.75294
-1.94331	-6.03208
-0.463893	-8.38877
-0.358625	-7.65171
-0.5734	-6.30055
-0.416949	-6.11369
-2.51645	-7.14436
-2.06593	-7.55854
0.156242	-6.19161
-1.04137	-6.29759
-0.945279	-7.27086
-0.476408	-7.58319
-1.84871	-8.26598
1.02874	-8.5199
-1.5682	-6.06326
-1.33637	-8.02323
2.26282	-6.5242
-0.613016	-7.54146
-0.194326	-6.7038
-0.517655	-7.78468
-2.72294	-7.87593
0.464304	-8.03906
1.73649	-9.37959
-1.66589	-6.76754
-0.586285	-8.34785
-0.126456	-8.56891
-2.46983	-7.15651
0.830636	-8.24618
-0.872163	-7.20625
0.385469	-3.82492
-0.337182	-7.28678
0.379957	-7.8365
-2.23345	-8.67236
-0.851485	-5.57803
-0.645748	-7.51412
-2.03092	-8.28906
-0.953874	-8.29797
-1.34693	-6.77997
-0.4987	-8.07587
-0.174424	-6.26143
-0.60186	-8.50203
1.17681	-7.14945
-0.704475	-7.03175
-1.73075	-4.9798
-1.37137	-7.95673
-0.951473	-8.00979
-1.43961	-7.17963
1.52697	-5.66354
-1.08033	-6.13031
-1.38779	-6.89951
-0.488696	-6.99939
0.121776	-5.66959
-1.70364	-8.36678
-2.37722	-8.97144
-0.161206	-7.89449
0.28659	-8.98254
-2.77491	-8.78995
-1.62208	-8.20152
-0.329737	-6.66666
-2.57486	-7.33736
-1.22469	-8.14548
-0.935833	-6.25836
-1.20147	-8.39674
-2.61717	-7.36356
-0.518375	-6.32777
-0.0623952	-5.58084
-1.19401	-7.25921
0.925043	-6.2763
-2.97616	-8.41007
-0.147516	-8.48525
-1.78892	-8.68612
-2.17938	-5.88228
-2.15145	-5.65347
-2.4412	-6.38253
0.649745	-7.73651
0.2526	-7.30143
-1.20506	-6.27301
-0.761208	-8.9779
-0.917138	-8.01952
-0.202352	-6.63917
-2.02232	-6.75506
-1.88923	-8.09929
-2.49651	-5.57328
2.98471	-11.4065
-0.434307	-6.47908
0.178463	-5.90074
-2.07805	-8.43715
-0.732948	-6.77965
-0.894426	-7.39614
-2.30682	-6.04088
-2.02971	-8.49022
-2.49973	-9.0189
0.643527	-7.97259
-0.588568	-6.31649
1.19039	-9.09435
-0.769901	-8.26948
-1.74597	-6.28921
-0.212659	-6.09358
-2.61532	-5.64222
-2.48124	-5.96228
-1.77889	-5.90957
-0.305877	-6.28773
0.681265	-9.65705
-2.14998	-7.30885
-0.748747	-7.00299
-0.770654	-6.12853
-0.889037	-4.92824
-3.11756	-7.61601
-1.38875	-7.94245
-1.27459	-6.41657
5.38318	0.871947
-0.810727	-8.92382
-0.567471	-8.07184
-0.855345	-6.75421
-1.54437	-6.45158
-0.15649	-7.12031
-0.80928	-6.24626
-2.42659	-4.79714
-2.66157	-7.06385
-0.123671	-6.2241
-2.74625	-7.8443
-2.79764	-6.14569
-1.46122	-5.95202
-2.47609	-8.20674
-2.77083	-7.14428
-1.4137	-6.44957
0.093902	-5.59427
-1.80224	-8.52268
-2.45473	-7.04275
-0.943966	-5.46985
-0.145185	-6.91533
-2.06286	-7.40124
-2.31905	-7.48542
-2.1653	-7.19216
-1.84489	-7.43223
-0.662422	-8.44191
-0.668211	-6.34389
0.167121	-7.18557
-1.15126	-6.07163
-2.92009	-8.25021
-2.24194	-7.28775
-1.32266	-7.83527
-1.39937	-5.57747
-2.29717	-6.05979
-2.70054	-7.43104
-2.01896	-7.64098
-0.336964	-7.81717
-0.979656	-6.67752
0.224514	-7.38646
-0.241246	-7.42898
-0.949084	-9.05586
1.72993	-8.8127
-1.01663	-7.5254
-0.867995	-6.66048
1.21876	-7.77795
0.667082	-5.92025
-0.785704	-6.79489
6.52095	3.4164
-2.60006	-8.5951
-0.61147	-7.6644
-0.0146779	-7.7023
-0.142112	-6.28647
-0.00801102	-6.67157
-0.850957	-7.90445
-0.606389	-7.6538
-0.202	-6.62692
-1.24041	-6.66946
-0.707052	-6.84037
-1.22461	-8.58383
-0.371001	-8.79621
-0.721805	-8.43385
1.15498	-8.81735
-0.746418	-7.94932
0.193468	-7.74041
-1.85259	-6.5396
-2.57027	-6.80888
-1.2679	-7.20971
-1.42332	-7.04699
-2.09995	-6.13757
0.053418	-7.25403
-2.10426	-6.48789
-0.386598	-6.3314
-1.07996	-8.38266
-1.82907	-8.36818
-2.07641	-7.13483
-2.08592	-6.8945
-0.118582	-8.89923
-0.205567	-6.52355
-0.901692	-5.87016
-1.27575	-7.25712
-2.43138	-8.30677
-1.91484	-5.65282
-0.702454	-6.64307
-2.31116	-8.33353
0.241527	-8.70477
-1.70155	-9.00052
-2.41802	-7.05266
-2.40622	-6.46255
-1.4305	-6.11573
-2.34014	-7.68591
-1.38765	-7.56346
-2.19426	-7.61472
-0.430634	-8.70131
-2.25428	-6.37291
1.48982	-6.77892
-1.24229	-6.78832
-0.187889	-8.60846
-0.187479	-6.17136
-0.20249	-4.83379
-1.30404	-7.35611
-2.21004	-4.63868
0.0253	-8.60094
-0.0475079	-5.28091
-2.55661	-7.56783
-1.47097	-5.97518
-3.17907	-5.53133
-0.468048	-6.48207
-0.966518	-6.47063
1.29997	-6.19899
-1.44805	-6.45196
-2.49379	-8.03368
-1.90043	-5.16222
-0.449333	-7.92101
0.915386	-8.84661
-1.94164	-7.24898
-1.48878	-6.66555
-0.347985	-6.67044
-1.90271	-4.40185
-0.0775505	-7.05974
0.734222	-7.58478
-1.5718	-4.66715
-0.240294	-6.5462
-1.47519	-8.41005
-2.31958	-8.44011
-2.22043	-6.48562
-1.39913	-6.22767
-0.439968	-8.15623
-0.781052	-8.77332
-1.5986	-7.31071
0.0615764	-6.024
-2.51469	-7.73411
-0.448468	-7.24425
-1.54107	-8.13139
-1.12819	-7.00345
-0.315712	-6.6908
-2.0308	-8.69172
-1.46325	-5.77148
-0.740423	-7.34024
-1.53564	-7.06251
0.354455	-7.42595
-2.41713	-6.43253
-0.341645	-6.21589
-2.74558	-7.12882
-1.40299	-8.06999
-1.66391	-4.9488
-0.118855	-6.7162
-0.635301	-7.46474
0.305548	-7.09127
0.28041	-6.87831
0.717239	-4.89355
-1.53167	-6.89898
0.199473	-5.59663
-3.00558	-8.60289
0.651258	-6.02846
-1.10804	-8.3546
-0.727729	-7.07916
-1.43077	-4.64574
-0.0550689	-6.33311
-1.16369	-8.52716
0.578162	-8.79014
-2.36449	-6.77041
0.439253	-8.7426
-1.48577	-6.4995
-1.9669	-7.97013
1.16499	-8.52578
-2.21154	-7.42066
-0.713481	-6.48734
0.253098	-7.40313
0.994888	-6.3261
-1.98025	-8.02461
-0.688051	-7.58277
-1.16021	-6.78342
0.233087	-5.48026
-2.74602	-8.33291
-0.425115	-6.81704
0.809194	-10.0595
-0.654661	-6.47745
-1.30962	-7.11154
0.13206	-7.53929
-0.272547	-5.76196
-1.13511	-9.17884
-1.30032	-7.54615
0.547901	-6.29794
-2.85124	-7.40431
-2.37918	-7.69898
-1.44177	-4.98043
-1.46594	-8.78703
-1.19486	-7.00623
-0.763936	-6.27843
-0.412949	-5.55165
2.03566	-7.72952
-0.446698	-7.80569
-2.95836	-6.32033
0.244293	-8.89857
-2.64451	-6.97601
-2.47816	-8.85194
0.607369	-6.38194
-2.17031	-6.26422
-2.52629	-7.58449
-0.809624	-7.92841
-1.03295	-5.40111
0.285941	-9.19568
-0.217668	-8.39429
-1.65637	-7.40676
-1.89485	-6.85798
0.69918	-6.16072
-1.34241	-6.5742
-0.458604	-5.94192
-2.38017	-5.77452
-2.29278	-7.23276
-2.20707	-7.18507
-1.05908	-7.00691
-1.07463	-7.26501
-2.81538	-6.153
-0.670521	-5.27488
-0.6829	-7.02034
-1.6067	-5.55151
-1.13739	-8.18916
0.340677	-6.6196
-0.854458	-6.94494
-0.957785	-5.68719
0.406054	-8.90505
-0.178033	-6.78791
1.04805	-7.39917
1.48657	-5.61509
-2.69759	-8.31139
-0.62403	-7.33394
-0.472857	-6.61825
-2.6045	-8.30244
-2.68056	-7.21047
-2.75555	-8.90854
-1.01428	-7.80918
-2.12599	-5.69212
-0.122952	-6.25657
0.748143	-8.05035
-2.1501	-5.90154
-1.36872	-7.98817
-1.18412	-5.07675
-0.919399	-6.17355
-0.234163	-8.01291
-0.61588	-7.58247
-3.05252	-8.08152
-1.53889	-5.61003
-1.03234	-7.61603
1.12646	-7.63557
-0.775374	-7.38779
-1.31191	-7.53248
5.09901	-9.6677
-1.43896	-7.08915
-1.94168	-7.38049
-0.509896	-7.07385
0.232004	-6.16021
0.456366	-7.85694
0.237798	-6.93786
-2.1258	-7.51736
-1.58304	-7.53106
-2.22498	-8.56833
2.46067	-6.57226
-0.971229	-8.54171
-2.52767	-7.04758
-2.36603	-7.44053
1.31944	-6.8424
-1.37341	-6.83821
-0.946986	-7.57775
-2.29858	-6.63557
-0.117868	-7.56636
-1.8809	-9.02822
-0.463365	-7.94104
-1.46998	-6.48764
1.33967	-7.92674
0.0403066	-7.78962
-2.55967	-6.78994
-0.481715	-7.12904
-0.934821	-8.79743
-0.520748	-6.07582
-1.11217	-6.1859
-2.28433	-7.96381
-1.6563	-7.92355
-3.05399	-8.81315
-0.793699	-7.22758
-2.20371	-7.67541
-0.302746	-7.15024
-2.42366	-4.60289
-1.85771	-3.98469
-3.32223	-7.18023
-0.166482	-6.25093
-1.77303	-7.55273
1.60033	-2.32709
-1.39948	-7.01634
-0.817969	-7.16424
-2.55581	-8.44797
-2.10435	-8.63842
-2.16426	-7.59623
-2.84435	-6.46659
-2.75023	-6.01375
-2.62349	-8.05425
-1.37729	-6.11421
-1.24332	-6.03137
-1.88768	-6.18481
0.936791	-8.80655
-2.03008	-6.05524
-1.21238	-9.08226
-3.04937	-6.15005
-1.12486	-6.71701
-1.71155	-7.69283
-1.53203	-4.7518
-2.00423	-7.31529
-1.96785	-6.51295
-0.528906	-6.42673
-1.24734	-5.77659
-1.88699	-7.56182
-1.96336	-5.5344
1.50916	-6.29482
0.0777841	-8.51386
-0.701402	-6.39698
-0.591546	-6.46347
-1.17448	-7.70969
-1.33913	-6.75642
-0.502266	-8.65114
-0.823055	-6.36999
0.61072	-8.80463
0.143317	-7.8843
1.00245	-7.3792
-1.68542	-6.87144
-2.18365	-5.08025
-0.659644	-7.78063
-1.66873	-6.48108
-0.895503	1.51014
-0.56382	-6.05636
0.374043	-8.96959
-1.36461	-7.93683
-2.95154	-6.73547
-0.59451	-6.86386
-2.03674	-6.51846
-2.68941	-5.36097
-0.565374	-7.6376
-0.443918	-7.68916
-0.926343	-6.92001
-1.58726	-6.00816
-1.08323	-6.56067
-1.468	-8.46148
-0.738464	-7.97442
-1.68081	-7.0603
0.652448	-7.57624
-1.5902	-6.64091
-2.11021	-6.441
-2.22801	-7.21887
0.089307	-5.42073
0.38066	-6.82677
-0.670502	-7.96626
-0.2008	-8.83441
-0.376845	-7.27395
-0.0487735	-7.37988
-0.234148	-4.34273
-1.02105	-6.746
-1.80785	-7.21292
-0.909273	-7.75689
-1.85986	-7.99883
-1.32016	-5.75868
0.0431805	-7.97297
-0.754489	-7.9544
2.02998	-5.12864
-1.065	-6.65684
0.994423	-7.8005
-0.860115	-4.40365
0.658981	-4.56455
0.0425338	-5.47363
-1.2219	-5.89709
-2.31353	11.3445
-0.511572	-8.18246
-0.823912	-5.32111
-0.29766	-7.88631
-0.672544	-7.29811
-2.76455	-8.80733
-2.11133	-7.77586
-0.509211	-6.81226
-1.01894	-8.68536
-0.607268	-5.86129
-0.145138	-8.973
-0.516164	-8.60964
-0.785092	-8.91122
-0.595547	-8.21968
-1.87505	-6.16042
-1.4018	-6.0106
-0.646404	-8.26034
-2.88035	-7.21071
-0.505708	-8.41909
-0.607028	-6.86451
-0.866942	-7.54482
-0.944168	-5.57812
-0.160149	-6.29642
-0.401521	-7.24193
-1.62223	-8.17507
-1.71501	-6.23043
-0.130381	-8.32043
-1.30698	-6.59995
-1.88866	-7.59783
-2.61877	-6.18607
-2.5342	-6.53217
-0.40771	-7.99686
-1.38299	-8.01556
-1.10266	-6.46559
2.18714	-6.40045
-0.466595	-5.64552
-1.5974	-6.75292
-1.39327	-7.06199
-1.25154	-7.45709
-0.0763958	-8.31127
-0.257801	-7.29805
0.202169	-5.56387
-2.49257	-5.66045
-2.21036	-8.90749
-0.129846	-5.76993
-2.1243	-6.34728
-2.12557	-8.16299
-1.46186	-7.55293
-1.23598	-7.6502
-1.48264	-5.86806
-3.01949	-7.12092
-3.0201	-4.77825
-0.104938	-5.70802
-1.21372	-6.82597
-2.8511	-8.58711
-1.5711	-6.60786
-1.40051	-8.55701
4.64045	-6.24638
-1.15128	-6.78745
-0.536925	-8.24763
-0.85681	-9.18021
-2.09371	-7.70944
0.373253	-3.96881
-1.59321	-8.58315
-3.12843	-8.12204
-2.02731	-5.77234
-0.75166	-8.67912
0.216921	-7.29904
-1.16717	-7.22268
-0.563778	-8.11708
-1.08499	-7.57239
-1.10077	-6.64942
-0.448055	-7.21969
-1.99016	-6.90165
-2.96669	-8.43677
-1.99199	-5.33879
-2.3799	-6.99573
0.9646	-9.13514
-1.5354	-8.64817
-0.603268	-6.79658
0.0434905	-8.05335
-2.44697	-4.98565
-0.00822126	-7.97039
-0.74462	-4.3934
-0.276229	-5.67888
-1.53976	-7.79636
-1.89584	-5.66099
-2.74732	-7.09808
-1.23662	-7.6536
-1.93296	-7.10947
-2.88454	-6.93433
-1.36533	-8.57647
1.39469	-7.68419
-0.396768	-5.92814
0.603255	-9.01879
-1.66613	-6.1488
-1.23874	-5.87528
-2.14334	-8.09152
-2.55631	-6.96686
-1.90524	-5.98404
-0.964263	-5.58634
-2.56183	-7.75525
-1.32684	-6.08858
-2.21277	-7.17833
-0.561616	-8.59476
-1.21075	-8.12376
-0.524071	-7.41302
-2.53533	-8.38857
-0.0371869	-7.59682
-0.144987	-7.51942
-2.35269	-7.81362
-2.74604	-8.41463
-0.272617	-7.52028
-2.45669	-5.08418
-0.931455	-7.15243
-0.894592	-8.34572
5.36813	-9.76701
-2.44791	-8.25758
-0.113337	-7.23677
0.218589	-5.41336
-2.0378	-6.41153
-1.64125	-6.25316
-1.06678	-8.20233
-1.80653	-4.95501
-3.17826	-5.7185
-1.32	-7.1797
-1.20473	-6.45223
-1.00683	-8.11667
-0.595303	-6.60891
-2.26862	-6.21987
-1.83298	-5.08597
-2.30262	-7.02798
-0.332544	-7.3472
-1.4945	-6.72656
0.100609	-8.91487
-2.53672	-8.08768
-1.71561	-4.74279
0.309006	-6.49985
-2.51956	-6.10483
-1.61676	-9.1227
-1.52153	-6.32122
-0.906628	-7.32024
-0.987005	-7.84626
-2.08598	-7.23956
0.201816	-6.50134
-1.38186	-6.21666
0.56722	-6.81214
-1.03235	-8.87155
0.577372	-5.23089
-1.64462	-6.124
-2.04998	-6.79483
1.65784	-7.59113
-2.86085	-8.21565
-2.70332	-7.75909
0.0148955	-7.52251
1.26592	-7.68679
-2.52396	-7.19798
-1.69849	-7.31828
-2.36462	-7.81121
-2.97399	-6.45151
0.423762	-8.84881
-0.847806	-8.02367
-0.933492	-6.234
1.20588	-9.79222
-0.763281	-6.9004
-2.75364	-8.37534
-0.771124	-6.86074
0.301658	-5.52724
1.57598	-10.9967
-0.392567	-7.0955
-1.42316	-5.93829
0.129795	-6.89088
-1.86186	-8.18573
-1.29504	-7.14329
-1.59036	-8.28585
-1.57204	-4.70539
-0.27353	-7.16822
-0.108893	-7.59407
0.509291	-6.90926
-2.9657	-8.3437
-1.3638	-6.12048
-0.401532	-7.36971
-1.28222	-7.17784
0.503555	-7.91687
-0.569478	-5.05774
-2.10769	-8.07161
-2.43341	-6.05995
-0.791784	-7.8745
-2.20185	-5.74644
-1.01924	-7.19733
-0.114286	-9.11118
0.488305	-8.30817
-0.619054	-7.28255
-0.851973	-7.07115
0.563766	-6.13976
-2.69416	-7.28142
-2.48831	-7.86439
-0.293889	-9.01334
-0.770519	-8.69377
-1.84524	-7.73008
-1.01807	-6.59801
-1.6437	-8.81024
-1.20932	-8.09098
-2.87481	-7.85494
-1.95216	-6.05053
-1.12553	-7.2013
-2.61122	-7.43034
-1.89351	-8.26579
-1.37076	-6.54712
-1.6289	-6.73818
0.989999	-6.63955
-0.762284	-4.98803
-1.48494	-8.71631
-0.936611	-7.40816
0.398494	-5.79979
-0.759304	-8.15956
-2.26041	-5.52573
-0.245538	-4.89721
-0.492123	-7.3409
1.05268	-6.23394
-2.27883	-8.33155
-1.80996	-7.53532
-2.20806	-5.52738
-1.03054	-8.5476
0.400583	-7.8091
-1.97094	-5.29609
0.212163	-7.62511
-0.839081	-6.82898
-2.3573	-8.10688
-0.670265	-6.2945
-2.52156	-8.4542
-0.678761	-4.75183
-3.03536	-7.23652
0.374968	-7.01085
-0.125334	-7.39755
-1.48489	-6.50517
-2.32714	-8.43879
-1.00392	-5.18551
-1.08123	-7.48234
-2.64319	-7.61949
-0.135404	-7.39121
-2.36096	-6.97712
-2.41071	-7.49287
-2.41973	-8.10826
-2.61781	-8.55535
-0.640179	-7.3878
-0.969162	-7.23517
-2.22572	-6.55034
-0.520305	-6.79298
-0.567032	-6.16759
-1.80546	-7.09123
-2.78511	-5.32241
-1.6789	-5.05883
-0.883538	-5.4277
-2.22823	-7.16919
0.0329745	-6.01817
-0.446732	-7.94564
-1.23263	-6.27097
-1.06694	-6.78741
-0.868018	-8.69055
-1.88065	-9.12274
-0.723237	-6.92428
-0.269417	-8.64255
-1.10124	-6.2289
-0.761541	-5.70247
1.227	-7.91731
-2.61752	-7.33913
-1.5079	-6.82189
0.728148	-5.42964
2.08647	-8.37777
-0.455731	-5.17904
-0.372312	-8.59063
-0.536945	-8.20738
-1.71008	-7.93533
-0.241041	-6.14495
-2.46334	-7.99793
-0.318738	-5.98076
-2.74952	-6.44845
-1.28927	-5.84928
-2.81029	-6.60231
-0.8149	-6.60468
-0.216891	-8.45203
-0.123963	-5.54807
-2.09691	-7.61528
-1.6435	-8.36975
-0.621184	-6.73965
0.618245	-8.99764
-0.23545	-8.3674
-0.0220403	-6.51846
-1.23268	-8.12419
-0.779318	-5.55815
-0.854423	-8.16098
-1.95071	-6.88753
-3.08943	-6.69875
-2.31916	-6.35452
0.586057	-6.92238
-2.57748	-7.67388
-0.828804	-7.49066
0.318215	-9.58574
0.00506039	-6.93095
-2.08181	-7.1211
-2.54059	-8.49939
-1.62709	-7.40571
-1.18494	-8.35934
-2.32966	-8.16147
-0.826246	-7.92426
-0.490692	-6.18669
-2.29323	-8.81682
-1.4763	-6.63642
-1.21828	-6.99393
-1.6275	-8.34864
-1.69406	-5.78698
-1.24843	-7.73364
-2.36958	-6.95634
-0.0183222	-6.90618
-2.29608	-8.26803
-2.50899	-8.18644
-1.11621	-7.6394
0.890843	-5.95546
-2.79128	-6.64621
-0.435764	-6.8504
-1.26305	-5.59948
0.613154	-6.29324
-0.0896409	-6.21011
-1.87466	-5.40434
0.365959	-7.5163
0.0331497	-6.20115
-0.391691	-8.45375
-2.5088	-8.76102
-1.29402	-6.8093
-1.97832	-6.05529
-1.09004	-6.33818
-0.713653	-6.04292
-1.16488	-7.56407
-0.460472	-7.51289
-1.26216	-6.30289
-1.67503	-8.35766
-1.18108	-8.1023
-0.34622	-5.32357
-1.72566	-8.99473
-2.48855	-7.06763
-0.915353	-5.43673
-0.23718	-7.14106
-2.41573	-8.38108
0.414558	-8.02751
-0.998723	-7.42616
0.542228	-8.37236
-1.65813	-6.93294
-2.15824	-5.84182
-1.71625	-7.48867
7.4722	-9.60926
-2.39193	-5.19163
-1.7953	-7.0394
-0.355602	-4.54076
-2.46429	-5.60242
-0.479386	-6.22544
-1.70841	-6.95556
-2.27131	-7.85956
-1.7708	-4.86244
1.2659	-5.60146
-0.253383	-7.1099
-2.78362	-7.37337
0.838322	-6.8739
-2.08152	-7.01068
-1.45762	-7.39985
-1.67652	-6.5815
-1.40537	-5.79837
-0.576672	-7.23046
0.244008	-4.71211
-1.00023	-4.35934
-2.80663	-7.00508
0.0252815	-8.60689
-1.92523	-7.5936
-1.29533	-5.77893
0.0159535	-4.40587
-0.768423	-7.8315
-0.962777	-5.66811
-2.28243	-4.01244
-0.136387	-7.49465
-2.21397	-5.74872
0.998	-6.29166
-1.07448	-6.21586
1.0971	-7.11702
-1.83343	-4.47618
-0.151167	-8.4881
-2.60018	-8.67064
-2.1861	-7.49411
-1.66833	-5.7518
-0.206345	-6.44456
-0.431485	-8.26044
-1.67625	-7.58887
-3.16712	-6.88529
-1.92863	-1.69704
-0.817863	-8.51666
0.577538	-8.19822
-0.570125	-9.1272
0.305032	-8.57263
0.166205	-9.05366
-1.37426	-8.15259
-1.98626	-5.62168
-2.63329	-5.38088
-0.322503	-7.28724
-1.7813	-7.10076
-0.937913	-8.78497
-0.791902	-6.97157
0.129016	-6.13385
-2.02802	-7.0738
-0.869901	-5.91879
-1.45736	-7.51856
0.697286	-9.80869
-1.99106	-6.11208
0.878558	-5.89279
-1.98284	-7.42642
-1.34843	-6.79048
-2.25156	-8.05594
-2.67802	-6.02389
-1.61771	-7.41275
-1.24989	-8.87566
-0.781244	-6.49172
-2.42036	-7.915
-1.41029	-6.61797
-1.79053	-7.67102
-2.72103	-8.12298
-2.62377	-5.96521
-0.824047	-8.08005
-0.217738	-8.92587
-0.63518	-8.38961
0.611328	-10.2279
0.213832	-7.10741
-1.81307	-6.25029
-0.0485938	-6.095
-2.1662	-4.95858
-0.809171	-5.609
-0.850312	-6.71758
-2.81979	-5.3072
0.366623	-6.99888
-2.04133	-7.26852
-2.15365	-7.10353
-2.14484	-7.51702
0.229742	-7.96894
-0.799316	-8.02798
-1.77262	-5.96755
-0.232891	-7.51877
-1.06576	-7.2822
0.22329	-5.36387
-2.39258	-5.97921
0.71177	-4.91952
-1.85262	-7.62917
-1.45991	-6.65286
-1.85103	-6.95484
-2.88495	-5.94079
0.0792725	-6.6715
0.576101	-6.29502
3.6109	-3.42966
-0.487784	-6.2758
-0.35534	-7.67125
-1.53392	-7.91906
-0.350653	-7.92536
-0.964999	-5.34872
-2.35228	-8.3066
0.167395	-8.35495
-0.97447	-6.36185
0.838512	-6.06015
-2.11739	-6.95532
-0.639153	-5.35778
-2.5288	-4.79216
-2.25301	-6.40006
-2.03946	-4.24365
-2.80575	-6.04437
0.784165	-7.87501
-2.77861	-8.12524
-2.24375	-5.96769
0.234911	-7.92719
-2.13062	-5.88232
0.911878	-6.63891
-0.706297	-7.81761
-2.61371	-8.97605
0.0495874	-8.07498
-1.85889	-6.93506
-0.33235	-6.7735
0.0368945	-7.73365
-1.97179	-8.66142
0.204909	-7.11687
-2.3073	-6.97657
-1.29927	-7.43087
-2.05902	-5.9671
-2.99829	-7.03617
-0.532044	-8.22701
-2.69794	-8.33678
-1.01084	-6.33701
-1.10928	-5.25728
-1.41389	-7.60678
-0.699743	-8.75868
-1.82541	-4.91219
-1.54483	-8.91034
-1.18371	-8.57005
-2.65878	-7.47784
-1.65277	-7.82901
-2.19895	-7.88953
-2.92943	-8.41498
-0.798693	-7.95818
-0.0554823	-8.41116
-0.964106	-6.42972
-1.69407	-5.86886
-1.75538	-7.96002
-1.95749	-6.79736
-1.38603	-8.45772
-0.220235	-6.72805
-1.86186	-6.89895
-0.675129	-7.89342
0.457193	-8.21009
-0.50634	-7.73141
-2.32544	-7.07972
-0.493291	-5.28951
-0.829076	-6.14622
-1.84161	-7.69335
-0.333267	-6.96003
-2.21811	-7.26698
-1.08589	-7.08763
-2.20666	-6.31188
-0.672412	-7.81949
0.421319	-7.84137
-0.808237	-6.63058
0.756427	-7.98096
-0.132839	-5.92037
-1.47377	-5.99397
-0.160014	-7.13291
-1.33869	-7.33611
-0.879335	-7.84228
0.208205	-7.5011
-1.52285	-5.08324
0.541556	-6.18094
-2.02286	-7.45237
-2.22599	-5.34556
0.415248	-7.3395
1.51181	-8.27107
-1.04783	-5.79203
-2.13133	-6.26627
-1.76359	-8.63861
-0.977143	-8.78468
2.42418	-8.36712
-0.400439	-7.69884
0.0898372	-6.63425
-0.31307	-7.83637
-2.27283	-5.70492
-0.424943	-8.18326
-2.46723	-6.08979
-2.0197	-7.17154
-2.10457	-6.40963
-0.19198	-8.53609
-0.259633	-5.80607
-1.78802	-8.04259
-1.91183	-7.65327
-0.569239	-6.90218
-2.8418	-7.72137
-3.21188	-8.43795
1.06446	-4.90634
-0.801575	-7.63654
-1.04445	-7.83984
-1.12445	-6.40274
-1.51577	-6.00122
-1.23169	-7.28995
1.17242	-6.57698
-0.393151	-6.65364
0.0779734	-7.31574
-2.65483	-7.00373
-2.84535	-6.15608
-2.00042	-7.68398
4.08803	-8.14293
-2.02268	-7.4798
-2.07702	-7.18334
0.163343	-8.35764
-0.978716	-7.11795
-0.838643	-6.00904
-0.892614	-6.67241
-3.06591	-8.43475
-0.777834	-7.61941
-1.82748	-6.48675
-0.786255	-4.54256
-2.69094	-9.11774
0.550644	-7.8241
0.5388	-9.91185
0.215455	-6.91689
-2.29112	-8.69064
-1.56407	-6.5982
-0.786536	-8.49485
-1.3885	-7.75275
-2.08781	-5.80892
-1.10908	-6.60688
-1.8019	-6.34869
-1.12195	-6.51488
-2.12473	-6.71277
-1.73354	-8.47159
0.921818	-8.87107
-2.50952	-7.16137
-2.26193	-7.13928
-2.00176	-6.3572
-2.33583	-6.5409
-0.464103	-7.31178
-1.28544	-7.52948
0.687049	-7.04049
-0.923962	-6.17948
0.085944	-7.87032
1.47865	-5.3601
0.342456	-7.39155
-2.23501	-8.70109
-1.94775	-7.20056
-1.95331	-8.59069
-2.06036	-5.45026
0.277382	-7.57612
0.0581314	-7.65522
-1.70565	-7.403
-1.52905	-7.55992
-0.942238	-5.20317
0.532054	-6.51135
-1.68443	-8.20372
-0.2033	-8.38557
-0.330247	-8.30572
-1.67963	-8.23599
-1.05951	-8.29486
-1.79261	-8.30009
-2.07944	-8.84842
-0.358043	-8.7604
0.0903652	-7.5074
-1.24621	-6.2492
-0.242801	-8.5534
-3.20262	-5.54106
-0.723377	-6.03654
-2.34741	-5.66914
-0.294878	-7.49433
-0.398598	-3.62147
-0.716881	-6.47683
-2.48918	-8.42314
-2.47328	-6.53033
-2.53485	-7.14741
-0.748217	-8.63698
-0.326032	-5.37176
-2.78339	-8.1567
-2.70256	-6.38801
-1.48085	-9.04712
-0.0292229	-8.18586
0.580749	-6.62661
-1.38154	-7.05625
1.3606	-6.35627
0.543545	-7.58911
-2.29437	-7.31564
-2.36592	-7.11993
0.0172733	-8.33963
-2.09479	-5.99856
-2.35636	-8.23303
-2.76842	-6.30547
-0.700976	-6.78434
-1.74742	-6.64765
-2.41491	-5.96007
-1.37678	-7.03535
-3.15681	-8.99016
-1.17521	-7.63995
-0.615796	-6.10761
-0.652854	-6.82464
-0.709699	-8.44404
-2.57166	-8.64718
-2.89236	-4.24399
-0.0571866	-6.67217
-1.62031	-8.70429
0.718734	-4.69737
-0.980822	-7.838
-2.17784	-6.09499
1.20461	-8.74097
-1.69795	-7.32611
-0.252817	-7.34781
-2.94064	-6.47356
-2.0974	-7.88131
-1.39682	-8.1165
-1.53606	-8.04029
1.23886	-9.52062
-2.7941	-7.11483
0.341042	-7.15518
-1.60714	-7.27844
-0.564147	-4.70917
-1.18484	-5.81529
-1.71631	-8.86987
-0.83424	-3.96905
-1.72151	-6.57378
-0.784561	-8.65489
-1.36054	-6.36089
-2.10035	-8.49465
-0.419251	-8.51507
-1.18847	-5.26131
-1.25748	-7.63344
-0.980796	-7.83793
-1.78517	-6.31028
-1.2581	-5.30314
-2.81281	-6.91975
-0.437989	-8.55403
-1.2961	-7.23654
-2.48141	-7.56192
-1.01819	-6.67063
-0.19341	-5.88357
-2.3665	-6.91069
-1.04291	-7.23752
-1.19325	-5.39846
-0.866993	-8.11135
-0.922057	-6.78346
-0.261512	-8.263
0.0787129	-6.95078
-2.32296	-6.34995
-0.737265	-5.35457
-1.56481	-8.73482
-1.43484	-7.64581
-2.88182	-8.62905
-0.464152	-6.93676
0.656808	-7.3039
-1.50451	-5.83735
-0.804803	-6.46926
-0.154735	-6.05
-0.221124	-7.66551
-0.397773	-8.73909
-1.62257	-4.25805
6.79832	1.49737
-0.490982	-8.48932
-1.19956	-8.92173
-0.120116	-8.75057
-0.025306	-6.84684
-2.57247	-6.88729
-1.47731	-8.34247
-0.601572	-6.38358
0.7903	-8.82389
1.08763	-7.18395
0.409305	-7.0715
-1.67193	-7.09562
0.284826	-6.66229
-2.73273	-6.78178
-0.958171	-4.91841
0.788519	-5.44079
5.14532	5.2175
-0.514923	-7.51783
-0.696572	-7.80635
-0.363233	-8.27711
-0.627426	-9.07502
-0.968012	-7.095
-0.0994859	-8.88312
-1.02457	-8.94095
0.615154	-6.93938
0.73777	-8.1848
-1.55038	-5.8286
-1.37292	-8.7039
-0.363449	-6.87727
-0.286189	-4.61669
-1.94745	-7.16951
-2.52083	-6.50104
-0.361231	-5.6364
-2.21642	-8.29631
0.962204	-8.62754
0.232041	-9.98768
-0.233792	-5.99576
-2.48624	-6.46819
-0.902446	-7.8796
-2.11557	-7.69943
-2.1288	-7.62125
0.369034	-7.14581
-3.14232	-8.64664
-1.50569	-7.47181
-1.52609	-5.91769
-1.35346	-6.36436
0.850356	-8.77241
-1.79313	-6.65634
0.26586	-6.49128
-1.91502	-7.82356
-1.75598	-6.82387
-0.767089	-5.68408
0.102501	-7.81141
2.2561	-14.0074
-2.83073	-8.2834
-1.86672	-8.11836
-0.327235	-8.19827
-2.6084	-7.86055
-1.39511	-8.13665
-0.317886	-7.14023
-1.7194	-7.61645
-2.17386	-8.73358
0.0706904	-7.7761
-2.34615	-6.67316
-1.31535	-6.71851
-1.01129	-7.55834
-1.71973	-6.52247
-2.51782	-6.42211
0.101865	-7.10092
-0.230376	-8.89096
-1.5451	-6.53577
-1.38384	-5.93779
-0.987761	-5.91475
-1.44456	-8.49894
-1.01226	-6.85091
-1.54472	-7.51329
0.47271	-6.94618
-1.36336	-7.90898
-1.71874	-6.57576
-1.42088	-8.2232
-0.625212	-5.37298
-0.948914	-7.84938
-0.827546	-7.41149
-1.60149	-7.53019
-2.41094	-4.98946
-1.07091	-6.6869
-0.458102	-8.37355
-3.01805	-6.26551
-2.60708	-7.32863
0.748014	-8.00311
-0.330133	-8.52872
-2.17761	-6.74357
0.773908	-7.16132
-0.0858941	-6.74354
-0.18395	-4.6022
-0.887424	-5.11491
0.745341	-5.81617
0.107924	-5.41173
0.696847	-7.74305
-0.374149	-5.11056
-1.25284	-6.27891
-0.628567	-7.10341
-2.66173	-6.28616
-1.45224	-5.8422
-1.80577	-6.73905
-0.291962	-6.3341
-0.0104027	-6.6562
-1.57365	-8.60835
-3.12668	-5.88366
-1.98503	-5.99147
0.936979	6.12257
0.436054	-6.74364
-2.35365	-6.54119
-0.659545	-5.90236
-2.46535	-7.32464
0.551311	-9.83044
-0.318634	-6.10551
-0.767421	-7.31251
-1.42996	-7.49122
-1.38778	-6.11436
-0.36623	-8.76444
0.65324	-5.48415
0.199328	-7.78679
-0.548005	-6.48948
-3.02731	-4.31762
-1.87028	-8.33291
1.36018	-6.95175
-2.77597	-7.53757
-2.06955	-8.39698
-2.16673	-7.36511
-1.19355	-8.68775
-1.99735	-7.36338
-2.13917	-7.60589
-1.7488	-6.9699
0.612739	-8.15082
-3.16223	-6.32374
1.06612	-7.73591
-0.732436	-8.16317
-2.38754	-6.77777
2.47286	-10.3426
-2.67454	-7.99314
-2.08517	-6.04671
-0.118068	-7.27023
-0.301739	-4.11952
9.74983	-12.6148
-0.297893	-7.2028
-2.04243	-6.61569
-0.951103	-7.86165
-1.05215	-6.14165
0.265634	-6.72987
-2.35386	-6.25465
-0.360072	-6.31728
-0.666961	-7.20086
0.100295	-5.29018
-0.148047	-5.43768
-0.142322	-6.9326
0.1299	-8.24822
-1.625	-5.9435
-2.28194	-6.67632
-2.98701	-6.48803
-0.745697	-7.70845
-1.55388	-7.24547
-0.605003	-6.44352
-2.08769	-7.72527
-0.641717	-6.55168
0.833879	-9.33269
0.927609	-7.01821
-0.243493	-7.99278
-0.886602	-6.03035
-1.483	-6.54319
-1.73326	-7.58865
-0.628361	-6.11566
-0.757437	-6.78006
-2.60941	-5.4532
-1.82893	-7.01243
-2.52114	-6.08743
-0.511683	-7.18409
-1.48895	-6.69662
-1.32178	-7.75699
-1.18156	-8.51586
0.297795	-7.40371
-2.76609	-8.95348
-2.04884	-6.3856
-1.99992	-7.11703
-0.265734	-8.0633
-2.86417	-6.96334
-0.210906	-4.35224
-1.74491	-6.69666
-1.86861	-7.5109
-0.37002	-7.6991
-1.59848	-4.24009
-3.03049	-6.35357
-1.17952	-5.98059
-0.345016	-8.36379
-2.43234	-7.23052
0.192962	-6.73513
-0.0282828	-7.55874
-1.25946	-7.96745
-2.86525	-7.88113
-0.370785	-7.89732
-2.86049	-8.7737
-0.750951	-4.49608
-1.58231	-5.33551
-0.0127543	-4.68705
-0.428119	-8.44125
-1.31038	-6.0612
-0.70302	-7.53932
-1.48242	-8.20658
-1.4747	-7.37815
1.61136	-6.58406
-1.23852	-6.9794
-1.88519	-6.88928
0.210989	-6.93581
-1.3435	-5.65058
-1.02498	-6.15478
-0.141704	-6.98614
-2.97328	-7.33515
-1.47218	-7.30289
-0.0491524	-7.40083
-2.4774	-6.71836
-1.21446	-5.67571
-0.653027	-8.0974
0.51107	-8.51039
-2.68264	-6.82991
-2.21973	-7.0401
-0.871204	-6.75125
-0.808169	-8.85339
-1.06364	-8.964
-3.22693	-6.15781
-1.07618	-8.85008
-1.80462	-7.74437
-1.04751	-8.72417
-1.3399	-5.5507
2.04058	-5.28838
-1.20116	-5.89544
-1.21793	-7.80005
-2.59574	-9.04357
-0.418838	-6.09678
-1.7647	-6.91391
-1.33448	-7.49521
-0.191436	-7.33483
-1.54009	-6.45791
-2.9545	-6.05435
-1.11134	-5.57735
-0.59361	-6.83055
-1.64745	-7.93251
-0.567992	-8.08576
-2.51141	-4.74582
-1.67085	-6.45274
-0.703443	-8.70073
-2.71155	-8.05699
0.252408	-6.80422
-2.13395	-8.35937
-1.61566	-8.42828
-2.0864	-3.08511
-1.81796	-7.72002
-0.93594	-6.64337
-0.939855	-8.7496
-0.0948189	-8.35387
-2.85376	-7.40343
0.606391	-5.78553
0.00229122	-7.14158
-0.837514	-7.39474
-1.17011	-7.38957
-2.63192	-7.98391
-1.2565	-7.69181
-2.4071	-7.85589
-2.4889	-7.06979
-1.11307	-6.41285
-0.62342	-8.08443
0.615191	-6.51304
-1.46378	-7.85963
-2.42545	-8.02864
-1.66144	-7.1105
0.916216	-8.63381
-2.03271	-4.96276
-0.276991	-6.5295
-0.372385	-7.04613
-0.395637	-7.71711
-0.894031	-6.02146
0.842957	-8.79775
-2.07784	-6.37933
-2.86221	-5.617
-0.956387	-8.28692
-1.47096	-8.27364
-2.61455	-8.45332
-2.27118	-6.71543
-2.86392	-5.32962
-0.952732	-7.01518
-1.24238	-6.48824
0.412046	-7.75853
-0.834765	-6.88434
-1.50687	-7.27416
-1.18002	-6.5647
-2.28002	-6.88715
-1.43563	-6.46565
-1.35461	-6.65804
-1.66378	-7.45544
-1.69118	-8.69183
-1.00685	-8.3692
-3.12498	-7.51956
-0.497155	-6.16413
0.178499	-5.082
-1.06426	-7.37445
-1.08579	-6.03254
-1.78686	-5.79632
-0.730824	-6.16563
-2.14259	-8.82139
-1.52569	-7.62064
-0.770321	-7.40186
-0.156793	-5.9844
0.49402	-7.15111
-1.74074	-6.56193
-0.534742	-6.35009
-0.373133	-6.68352
-0.670387	-8.06684
-0.211005	-5.2687
0.760833	-7.7253
1.39455	-7.42268
-0.392143	-8.31541
-1.50957	-8.73996
-2.8504	-6.69093
-1.62179	-6.7894
-1.18702	-6.98168
-0.0624026	-5.27878
-0.563598	-8.57228
-0.215255	-6.92818
0.399735	-6.91674
1.43878	-7.14417
-2.66836	-8.32268
-1.26382	-7.72434
-2.15696	-6.5914
-1.90426	-7.96389
-0.305123	-4.38707
0.840312	-5.20861
-0.97033	-6.05294
-1.76286	-6.02069
-0.468415	-5.57566
-2.20591	-5.43358
-0.161623	-7.21189
-0.810711	-6.15042
-1.08171	-8.20326
-0.951099	-7.30265
-1.27994	-7.70847
-1.53646	-5.38178
0.36787	-7.15407
-2.74196	-8.72625
0.35528	-6.15144
-0.0436068	-8.22163
3.16173	-9.51972
-0.61291	-6.89033
-0.118822	-8.70629
-2.15288	-6.10019
-1.97591	-5.14778
-1.66796	-5.98126
-2.39826	-6.74614
-0.355124	-7.7017
-0.718898	-6.83125
0.0580559	-6.05241
-0.398852	-8.10538
-2.24352	-7.15763
-0.132624	-6.93436
-2.75161	-4.27025
-0.950644	-7.03637
-2.58522	-8.5639
-1.11559	-8.82169
5.05712	-0.682021
-0.707738	-6.63828
-2.20133	-7.76283
-2.16134	-8.89552
-0.657828	-7.75537
-2.36525	-6.337
-1.2984	-6.45037
0.469903	-7.86033
-1.61169	-6.00965
-2.54464	-6.60351
-2.2905	-6.45969
-0.251995	-5.26935
-0.587118	-6.8563
-1.45646	-8.8631
-1.77172	-6.91292
-1.22803	-7.24175
-1.1873	-7.15076
-2.91466	-5.92963
13.881	-3.33143
0.403926	-7.57149
-1.92485	-6.52468
-1.05325	-7.66728
3.03695	-8.51697
-0.302388	-8.81899
0.821709	-8.24015
0.727182	-7.00599
0.511896	-9.15457
-1.42477	-6.97736
-2.62991	-6.71931
-0.204523	-7.27305
-1.29454	-8.53799
0.395795	-6.34132
-0.939936	-6.18138
-1.6213	-8.60935
-1.51883	-5.77263
-2.54323	-7.08859
-2.64537	-5.35633
0.527486	-6.27748
-2.13734	-6.76019
-1.5163	-6.9402
-1.87359	-4.87732
0.277741	-6.55198
-2.41391	-6.09656
-2.09608	-6.59335
1.10484	-8.41505
-0.248003	-5.81987
-0.0255637	-8.05909
-0.103944	-4.20467
-0.877279	-7.7677
-1.46693	-6.31256
-0.710046	-7.05528
-0.479318	-6.58287
-1.19978	-6.60484
-1.84784	-8.00021
-1.51133	-8.16783
-1.24935	-7.70962
-2.04668	-8.41192
-1.07111	-6.16692
2.40799	-8.29344
-2.66326	-6.80319
-0.620076	-6.36172
-1.63988	-6.65095
0.079785	-6.81871
-1.19497	-7.16144
0.0385165	-8.17518
-2.04532	-7.04475
-1.87792	-6.83399
-2.7981	-7.18994
-2.86249	-8.03114
-0.487442	-5.90017
-0.947556	-5.9621
0.87345	-7.80811
-1.51052	-8.60399
-1.37705	-6.59476
-1.7687	-5.92125
-0.624201	-7.5252
-0.32504	-6.28551
-1.60085	-7.69771
-0.269512	-6.9677
-1.34093	-5.9398
-0.966466	-8.79245
-1.02181	-6.77945
1.10172	-5.65472
-0.0965524	-6.51014
-2.25695	-7.15745
-0.189936	-8.78267
6.03947	-12.2134
-0.132013	-8.92097
1.12091	-6.33511
-0.403437	-8.10292
0.971455	-8.46044
-2.40507	-8.35584
-2.24379	-8.72492
-2.64034	-7.17269
-1.16982	-6.56362
0.566011	-8.49264
-0.703308	-7.66324
-1.38097	-8.05746
-1.46873	-6.85399
-1.15358	-6.05342
3.48185	-6.00086
0.679188	-6.85758
-2.23788	-8.12535
-0.389528	-6.98145
-2.34611	-7.05062
-0.889133	-8.71418
-2.46329	-7.31654
-0.357282	-7.08459
-1.42787	-5.79726
-0.239861	-7.10793
-0.281991	-7.50984
-1.04411	-7.29275
-0.26544	-6.21855
-1.53089	-7.54886
0.0527109	-7.19552
-1.56608	-7.9151
-2.28164	-6.91039
-1.85851	-7.05719
-2.08742	-8.05625
2.51583	-11.2528
0.573216	-9.4362
0.210409	-8.78922
0.130096	-5.99752
-0.938363	-8.30156
-2.95432	-7.15776
-2.53409	-7.58891
0.258225	-6.82491
-0.219446	-8.27293
-1.14973	-6.19531
-1.66764	-6.42432
-1.04555	-6.8192
-2.73164	-6.54033
-2.88039	-3.90623
0.29866	-8.14227
-2.20987	-6.37769
0.601941	-4.60592
-0.0746894	-6.74456
-1.10521	-7.45492
-0.762243	-5.26382
-2.35407	-8.11142
-1.93852	-7.9053
-2.57346	-5.8094
-0.343723	-7.43296
-0.0851293	-6.75379
-0.965392	-6.67946
-0.587942	-8.10788
2.17955	-8.10104
-1.55758	-8.6776
-1.62063	-7.3385
-0.264094	-6.59734
-2.56197	-7.50531
-0.932867	-5.05448
-1.07339	-8.03846
0.0876309	-7.54043
-0.414092	-7.28864
-0.294827	-1.70034
-1.35361	-6.45022
0.0574841	-8.8306
-1.14977	-7.78558
-0.106379	-7.32301
-0.963159	-6.14286
-2.39352	-8.70011
-0.503897	-4.98104
-1.00847	-8.93059
-1.58627	-7.43222
-2.72121	-5.29691
-0.725817	-5.68992
-0.723443	-7.83083
-2.51619	-8.38411
-1.0058	-6.93587
-0.260207	-8.88027
-0.346792	-7.21416
-2.46535	-7.94257
-0.408477	-8.93052
-0.827795	-5.47603
-0.181759	-6.42851
0.340976	-8.45971
-0.812877	-7.95521
-2.48953	-6.4436
-1.52116	-7.34621
0.0654833	-5.8235
-1.97565	-6.51424
0.0487118	-6.37938
-1.46833	-5.69537
-1.81143	-5.95416
0.463382	-5.93474
-1.54394	-7.32909
-1.77057	-6.72914
-2.50946	-7.01538
-1.17384	-7.11498
-1.70407	-6.80013
0.187376	-7.81763
-1.65258	-7.41131
-2.75658	-8.18567
-1.77828	-7.91274
0.170064	-7.1958
-1.23686	-7.41983
-1.71109	-8.25172
2.98341	-10.0038
-0.989165	-7.24662
-0.990088	-7.26933
1.18587	-6.22697
-0.5094	-8.62191
-1.46082	-6.42516
-0.992131	-8.16382
-3.07042	-7.47173
-0.195312	-6.63315
-0.395388	-6.16905
-1.81756	-5.06265
-0.266296	-7.1237
-0.0886709	-6.54175
-2.39347	-6.14877
-0.464944	-9.05506
-0.0167211	-7.81244
-1.76453	-6.50332
-0.444412	-8.18481
-0.206386	-7.97484
-0.319303	-8.20159
-0.917145	-5.49191
-0.822691	-9.11391
1.44006	-8.08249
-1.54126	-7.47083
-0.998855	-7.31239
-1.46407	-8.97943
-1.86786	-7.18986
-0.72183	-7.30244
-1.43837	-7.33445
-1.73182	-7.51922
-1.40799	-6.38141
-1.84571	-8.71122
-0.988643	-7.17592
0.260091	-7.42293
-0.445911	-6.14746
-0.503861	-8.44285
0.123119	-5.74056
-0.00284828	-7.45233
-0.332024	-7.88189
-2.57761	-6.06852
-0.490319	-5.99297
-0.621681	-7.91363
0.336135	-4.96781
-1.7141	-6.69031
-0.885092	-6.24356
-0.662788	-7.26459
-0.779985	-7.36034
-1.10604	-6.50438
1.30022	-7.08353
-0.273757	-7.02715
-1.14027	-7.07997
0.0114217	-6.18557
-1.49288	-6.41212
-1.23049	-7.40608
-0.419465	-8.25804
-2.26411	-6.59962
-1.25934	-5.23621
-1.94733	-6.0271
-1.99105	-8.3135
-0.905163	-7.80763
-0.112333	-7.63151
-0.112724	-7.72629
-0.577928	-8.6817
-0.480401	-7.38955
-2.13711	-8.20031
-1.64694	-8.07821
0.766307	-6.87072
-1.99287	-6.36547
-3.09567	-6.85014
-1.34113	-5.88563
-0.49153	-6.38361
0.154789	-5.15712
-1.81589	-7.65049
-2.30561	-7.2311
-2.5648	-5.5094
-0.0453506	-6.04007
0.011077	-6.57094
2.63555	-9.15427
0.770595	-5.72147
-2.85357	-6.74627
-0.642526	-6.47065
-2.21932	-5.95949
-0.781591	-6.53686
-0.449228	-8.62751
-0.804527	-7.54485
-2.07287	-8.36962
-1.67802	-6.44658
-2.99637	-7.83886
-2.57122	-7.70369
-1.63187	-7.57897
-1.97716	-7.31376
-2.7974	-5.64652
-2.12489	-5.83368
-1.78236	-8.13376
0.808323	-9.7157
0.975401	-5.3445
-1.79735	-7.4527
-2.34474	-6.76026
-0.483032	-5.66835
-0.55012	-8.06403
0.142216	-8.39247
-1.75491	-8.38499
0.368872	-9.33366
0.0224344	-8.47547
-0.0196249	-6.15769
-2.01355	-8.9607
-2.26589	-6.95973
0.647612	-6.29494
-2.14866	-7.70605
-0.147587	-6.69021
-0.873734	-7.32819
-0.538568	-6.78643
-0.586693	-5.97823
-2.47027	-8.28418
0.458499	-7.95651
1.36847	-7.18193
-1.67973	-6.02567
-1.52964	-7.0754
-1.90637	-7.06532
-0.138971	-6.04255
-1.54858	-7.70374
-1.77664	-6.14003
-1.38717	-6.50161
-1.7316	-6.08931
-1.42836	-5.59532
-1.21809	-6.75307
-1.60517	-6.93557
-0.374633	-8.46839
-1.10089	-7.60262
-1.02517	-5.87856
-0.304917	-7.65622
-2.26989	-6.37038
-2.60279	-5.58852
-0.440085	-8.13518
0.140725	-5.59443
0.677185	-7.3888
1.0124	-5.94938
0.173802	-6.96654
-0.843705	-8.5532
-0.619339	-7.34971
-0.247693	-6.00241
-0.452892	-6.14598
-1.11814	-8.31022
-0.926387	-8.6905
-1.85226	-7.73726
-0.0332792	-6.08876
-1.56742	-7.37075
-1.4464	-4.93013
-2.01308	-8.3898
-1.87921	-7.58068
-1.87375	-8.83661
0.133564	-6.46016
-0.735705	-8.32511
-1.06391	-7.77567
-0.0915538	-4.91619
-1.69528	-8.94928
-1.28126	-7.18315
1.10142	-5.17531
-2.79352	-8.01463
-0.190509	-8.39488
-1.40008	-6.77508
-0.752282	-5.60619
-1.65428	-8.30104
-0.785386	-7.02832
-0.102337	-7.12343
-0.0222512	-6.59012
-2.78204	-7.36881
-0.472892	-6.66301
-1.84274	-6.41746
1.38075	-8.21694
-1.93014	-6.64933
0.328839	-7.53264
-0.197939	-8.53534
-2.90011	-4.73382
-0.9532	-6.2346
-3.00285	-6.88334
-1.09365	-7.40901
-2.66894	-7.02177
-1.73149	-8.56445
-1.01094	-4.40685
-2.748	-7.2347
-0.965648	-6.84538
1.51363	-6.25559
-0.181829	-8.49621
-0.811133	-6.84181
-2.66757	-3.15976
-2.06029	-8.59605
-2.51439	-6.81093
0.564839	-7.06482
-1.36467	-5.09424
-2.76421	-7.5148
-1.81223	-6.40516
-1.1518	-7.38396
0.131288	-7.86219
1.10987	-7.43529
-0.647846	-6.40113
-0.284521	-4.17132
-0.856669	-7.04325
-2.4662	-7.34422
-2.44261	-7.04189
-0.458503	-6.92742
-0.814536	-6.34004
-0.0351929	-7.30719
-0.813287	-7.88073
-2.1143	-7.10139
-1.79148	-6.31118
-0.677616	-7.12102
-2.92411	-7.46414
-0.842263	-6.61573
-2.65574	-7.32541
-2.31136	-7.19715
-0.26898	-8.17314
0.484784	-5.82535
-3.1229	-6.40025
-2.06774	-6.72896
-1.2683	-6.20452
-2.13964	-6.89822
-0.308916	-7.91193
-2.88556	-8.92975
-0.374377	-8.42295
-1.44755	-8.61369
-1.1549	-6.49411
-1.51452	-6.08795
-0.173032	-5.31374
-1.71207	-8.31983
-0.222415	-8.61358
-0.877248	-6.74175
-1.84497	-5.39577
-3.12667	-6.28327
-1.14105	-7.39556
-0.845991	-6.60941
-2.7347	-7.54829
-0.755198	-8.97334
-0.633753	-6.31978
-0.7937	-7.25867
11.0985	6.54704
-0.523235	-7.9965
1.06315	-7.95509
-0.2124	-8.13617
-1.28663	-7.97995
-2.08389	-4.08168
-1.58682	-6.73039
-0.539899	-7.74324
-0.600037	-8.60929
-0.166532	-6.21349
-0.501116	-8.14424
-2.03647	-6.14581
-2.08271	-7.75887
-0.975706	-7.63715
-0.989554	-5.29636
-0.614194	-5.80204
0.351095	-7.55969
-2.00385	-8.12191
-2.5939	-6.46669
-2.00147	-6.07655
1.79403	-6.00691
0.723676	-7.93708
-0.59394	-5.87005
-0.729303	-7.27261
-2.04541	-8.81715
-0.213945	-6.58133
-2.47583	-8.71303
1.90638	-9.36101
-1.33364	-6.09743
-2.25951	-6.04565
-2.7569	-6.36263
-1.83788	-8.21413
-1.43802	-7.141
-2.45608	-8.64536
1.13963	-7.51354
-0.658389	-6.73356
-1.96852	-7.64105
0.443027	-8.23778
-0.17744	-6.39639
0.014958	-6.63847
-1.19196	-8.12139
-1.3291	-5.77349
-0.742234	-6.98914
-1.19652	-7.46409
0.0928101	-8.09945
-0.821513	-7.02021
-0.110421	-6.00992
-1.28135	-7.99328
0.00772011	-7.11634
-0.384421	-7.654
1.07356	-8.413
-2.24255	-4.58689
-2.80301	-7.32049
-2.21903	-6.72381
-2.34242	-7.9198
-1.71129	-8.62504
-0.584515	-6.35852
-1.35104	-8.9831
-2.59431	-5.90058
5.32667	-14.2228
0.313865	-5.6867
-1.25136	-7.74367
-1.71585	-6.99598
-1.35742	-7.38703
-0.628932	-4.81596
-0.545222	-7.89751
-1.95178	-8.16743
-1.48151	-8.12981
-1.24034	-6.93186
-1.20161	-7.59872
-2.01347	-8.40368
-1.09847	-6.15297
-0.455054	-6.88452
-1.73862	-5.51798
3.25224	-8.57686
-1.59544	-7.68235
-1.00036	-6.76461
-1.8097	-8.66297
-2.49266	-8.6023
-2.54484	-6.31483
-1.27005	-7.37053
-1.58302	-7.99496
-0.659028	-6.85113
1.58619	-6.45039
-2.50263	-8.50976
-1.84427	-7.67423
-3.05791	-6.93044
-2.27726	-5.18769
-0.75309	-8.91221
-1.1114	-6.58126
-2.19791	-7.31368
-1.19637	-9.20105
-2.21514	-6.05764
-1.23922	-7.24171
-1.25362	-7.01882
-1.10415	-6.66421
0.229769	-6.57781
-1.80935	-6.45108
-1.18811	-8.13009
-2.48862	-6.93103
0.0181462	-5.66703
-2.88365	-8.67596
-0.585152	-6.08161
-1.64641	-8.05395
-1.24916	-7.78934
-1.22306	-7.71715
-0.205266	-3.3378
0.437322	-7.73536
-1.4392	-7.47937
-0.443452	-7.6553
-1.26026	-8.10196
-1.41059	-8.12178
-2.01687	-8.25586
-0.400126	-8.95385
-1.33835	-6.16614
-0.449079	-5.25632
0.52604	-5.57969
0.917121	-6.61476
-0.242975	-6.13517
-1.14382	-6.70664
-0.387199	-5.21567
-1.72999	-5.5712
-2.18892	-5.18158
-1.20276	-7.36408
-2.32754	-5.83501
-1.26144	-7.2376
-2.09168	-7.38046
-1.42168	-6.24419
-1.52199	-8.6855
-0.833463	-7.37342
1.51577	-8.67888
-2.24423	-5.84626
-2.84379	-4.91574
-1.32727	-8.43954
-0.535904	-4.09378
-0.793087	-8.573
-0.21551	-6.78414
14.3856	-0.296564
-0.883451	-7.61488
-2.10533	-6.45872
-1.26023	-6.91725
-0.11893	-7.11154
-0.854504	-6.19843
-0.667745	-6.09999
0.790554	-7.52726
-2.46497	-4.9345
-1.85942	-8.96918
-0.826441	-7.85547
-2.204	-7.39996
0.286294	-6.54733
-2.75506	-6.4676
-1.28737	-4.30552
-0.0238083	-5.6225
-0.0231644	-8.47448
-0.737007	-5.63652
1.96849	-6.43151
0.332937	-7.01647
-0.511652	-5.58266
-1.30221	-6.69275
-2.89372	-5.26926
-0.537441	-6.59942
-2.05816	-6.38236
-0.937807	-6.18137
-0.997903	-6.44712
-2.15539	-6.86531
0.994472	-8.33476
-1.22057	-8.42938
-1.43412	-8.60886
0.893137	-6.08173
-2.76023	-8.25859
-0.159262	-7.74785
-2.89225	-8.18382
-0.512376	-4.37675
-2.29815	-7.77686
0.213604	-9.03741
-2.07418	-8.30191
-2.73575	-7.7242
1.40207	-6.91383
-2.22939	-6.17323
-1.20264	-8.65116
-1.87929	-7.78538
-0.103984	-6.1095
-1.77255	-7.61263
-0.2135	-6.53753
-1.25233	-6.63565
-0.375938	-7.29339
-0.686713	-7.67626
-0.861251	-7.86398
-2.03352	-6.38695
0.0168088	-7.55895
-0.977193	-7.45412
0.684868	-6.19553
-0.750771	-6.98415
-1.65604	-4.41672
-0.783807	-8.55513
0.758861	-6.31108
0.48566	-7.70338
-0.847711	-8.49192
-0.00471493	-8.74924
-1.99394	-8.21853
-2.33937	-5.8658
-0.584236	-6.67808
-0.777171	-5.66988
-0.3686	-8.2375
-1.43653	-8.25788
-3.14145	-6.65645
-1.81815	-6.20643
-1.6669	-7.22203
-2.19701	-6.26296
-0.917878	-7.39087
2.09116	-9.72304
-2.0375	-6.55907
-0.075418	-6.51899
-2.8928	-8.30767
-0.921036	-8.14136
-1.8715	-7.43457
-1.34356	-5.68245
-1.44311	-8.7781
-2.21258	-7.25976
-1.14571	-6.95018
-2.78974	-7.13584
-2.20992	-8.1655
-1.06879	-8.99824
-2.90048	-6.1462
-1.85987	-8.91919
-0.069276	-6.04821
-1.51586	-6.35905
-2.22284	-6.42462
-0.488943	-6.82873
0.510693	-6.2417
-0.0897302	-7.37234
0.27424	-5.50387
-1.70613	-8.86661
-0.925011	-6.94646
-2.00938	-7.42573
-0.775083	-5.10829
-0.349141	-6.42343
-0.0948897	-6.86728
-2.14422	-6.54899
-1.46366	-6.25462
-0.126841	-8.34917
-2.88027	-7.68152
-0.826247	-6.7073
-0.434616	-8.46513
0.887517	-8.14697
-2.02819	-5.91674
-2.68145	-6.24248
-1.56608	-7.68757
0.0100403	-6.76726
-0.798581	-6.9528
-2.09863	-8.09059
-1.92219	-5.71157
-0.0647877	-7.72343
-0.893101	-6.84115
-0.907426	-5.49515
-0.414936	-6.04275
-0.485163	-6.97011
-1.55013	-5.71703
-1.57646	-6.04996
-0.86623	-8.7342
-2.45452	-6.34481
1.27077	-6.48174
-0.224067	-6.63808
-1.04271	-7.41843
-0.771461	-8.06718
-2.11111	-6.02924
-1.62542	-7.96317
-1.27691	-8.39455
-1.45812	-6.13367
-0.430668	-5.76402
-0.517694	-6.34308
-1.02334	-8.66109
-1.77493	-6.28176
-0.583802	-6.80509
-0.0185632	-6.9276
-2.00517	-8.49068
-0.774833	-6.96897
-0.382484	-7.5611
-0.620324	-5.85961
3.05415	-6.83444
-0.539112	-6.75821
-0.995703	-6.1256
-2.74034	-7.42097
-2.89741	-8.19195
-1.42326	-6.09446
-1.45227	-6.84186
-0.107616	-8.46755
-1.07363	-7.3921
-0.529961	-5.02839
-1.14738	-6.37037
-2.84551	-7.24294
-0.221333	-4.91461
0.60792	-6.75228
-0.462252	-8.56368
0.629193	-8.01902
0.0555665	-4.79695
0.0219406	-6.21305
-1.8893	-5.83952
-0.503364	-5.71533
-1.63822	-7.11417
-2.2934	-8.73634
-1.82886	-6.48147
-0.0943569	-6.36869
-2.16356	-6.91017
-2.13398	-6.90235
-2.21879	-6.24299
-0.453578	-7.16646
-0.912603	-7.32602
0.337164	-7.18103
-2.54156	-6.93319
-2.01518	-7.75802
-2.18501	-6.77933
-0.44979	-4.48136
0.479109	-8.57453
-1.25294	-7.06567
-2.14868	-9.04446
-0.355911	-4.4919
-1.02631	-7.73054
-0.984965	-8.8655
-0.762476	-7.98475
-3.2072	-6.98283
-2.07806	-8.57941
-0.225319	-7.17208
-0.275558	-4.92128
-1.18237	-7.94793
-2.72412	-6.88554
-0.488484	-6.92934
-1.71273	-6.1266
-2.27012	-5.50814
-0.627542	-9.1331
-0.182427	-5.98955
-0.106776	-7.14284
-1.53885	-5.18838
-2.23548	-7.61004
-0.670018	-6.20018
0.93757	-8.48792
-1.01478	-7.7403
-1.36717	-6.56608
-0.693855	-8.27433
0.101371	-6.50246
-0.532926	-7.49083
-0.189686	-7.93898
0.942071	-6.18465
-1.48053	-6.93929
-0.712931	-7.85517
1.33788	-9.59051
-2.33663	-7.47056
-0.980186	-5.4245
-0.221966	-8.09796
0.766362	-4.99959
-1.9701	-6.51837
-0.322931	-7.87566
-0.467651	-6.96854
0.527793	-6.75661
-0.165938	-6.81112
-1.0116	-7.21009
-1.86345	-8.98502
0.0194759	-6.16487
-2.35196	-7.11498
-1.24074	-7.7457
-2.38048	-8.9532
-0.197687	-8.50666
-1.46593	-8.10682
-2.91497	-7.83065
-0.479512	-5.63152
-1.52456	-8.71257
0.000651011	-7.73173
1.03167	-4.74471
-1.14961	-7.11493
0.977033	-6.50196
-2.01196	-6.69771
-1.89917	-5.67872
-1.64714	-9.00994
-2.34652	-6.65028
-3.10912	-7.52855
-2.3065	-6.88067
-2.34515	-7.64368
-1.7621	-6.34524
-1.57943	-7.90326
4.12413	-4.42894
1.91653	-13.1081
-1.69408	-6.20722
0.298696	-2.51823
-0.644025	-7.64715
-0.270363	-7.11312
-0.440463	-8.31767
0.257574	-7.13162
-0.0338099	-5.67206
-2.36652	-7.02041
-2.63722	-8.20072
-0.796656	-7.88793
0.860713	-7.24602
-0.55328	-8.30448
-0.772567	-6.0822
-2.29443	-8.33166
-1.32144	-6.1691
-0.199103	-7.57092
-0.432372	-8.51004
0.340424	-7.09602
-1.57276	-7.37302
-2.15073	-5.67982
-1.50974	-6.51683
-1.36842	-6.29655
-2.13075	-6.66488
-0.973135	-6.9717
-3.08255	-6.75107
2.25461	-4.60636
-1.26377	-6.02529
-0.866711	-8.2887
-1.29061	-6.73316
-0.534004	-8.20271
-0.810154	-5.42306
-1.79947	-6.72035
-1.81817	-8.69406
0.872721	-7.69633
-1.40003	-5.98188
-0.653032	-5.91604
-1.15762	-6.12406
-0.307324	-6.26683
-0.237282	-9.03545
0.200653	-7.20601
-2.7158	-7.46157
0.600133	-8.78884
-0.755086	-6.0986
0.320574	-8.16465
-1.26354	-8.11147
-1.75384	-7.50468
-0.732411	-5.68819
-0.171219	-8.0715
-0.824699	-6.34892
-0.677313	-7.98384
-0.49444	-6.52223
0.447853	-7.18202
-2.3203	-7.98352
-0.547741	-7.17178
-2.06326	-8.66403
-2.65683	-8.55736
-2.7824	-8.76961
-1.86882	-6.64803
-1.26215	-5.29812
-2.15064	-6.37067
-0.177894	-8.82935
0.722141	-8.4292
-0.940023	-7.13797
1.32481	-6.86494
-0.429739	-8.47601
-1.382	-6.99902
-1.59472	-6.05398
0.662772	-7.78576
-1.59095	-8.2338
-1.5344	-5.71083
