2.83218	-4.23226
2.29689	-9.79381
7.27883	-12.2036
4.64478	-14.2045
3.98143	-12.3765
7.63277	-12.5686
-0.611732	13.1099
0.0804605	0.520614
7.59673	-13.3559
4.81124	-10.2926
10.3525	-10.815
0.531299	-12.174
-2.22851	-12.3083
-2.50889	-14.6662
0.467704	-12.9637
-0.0562735	-4.69227
10.5174	1.2487
1.88005	-12.526
5.82534	-6.94356
2.0091	-6.24598
-2.07832	-14.9182
-1.21386	-14.9529
4.31581	-9.54192
6.73343	-14.148
10.2835	-13.8121
4.42103	-14.1688
8.27858	-12.7634
12.7524	-13.8478
9.93794	-12.1071
1.42348	-5.22494
