-6.02168	7.45252
-6.88859	3.65093
-6.61284	4.69877
-5.95192	5.35207
-8.42526	4.69018
-8.59181	4.2445
-7.792	4.31287
-6.33413	5.56221
-5.17143	4.82149
-6.83912	5.83079
-6.3139	5.75135
-7.36327	3.69869
-7.36666	5.4882
-8.01083	4.2793
-7.09815	5.24382
-7.96176	2.85346
-6.90591	6.03723
-5.47643	5.22529
-7.75858	4.60148
-4.84301	2.84035
-6.26955	3.51012
-7.40444	6.43936
-6.10944	4.93169
-8.12776	4.73375
-7.62287	5.91993
-8.15345	3.35498
-7.4005	5.04416
-8.6059	5.10107
-3.74742	8.24168
-6.80704	4.82263
-7.27483	5.89385
-7.35799	4.21141
-5.98789	6.6756
-6.60256	5.18009
-6.78871	6.2155
-4.5635	4.46835
-6.13275	3.46477
-6.24867	4.35333
-8.67836	4.22529
-8.70624	4.21602
-8.35928	6.14918
-6.5227	6.02054
-8.93931	7.17731
-6.5771	6.28659
-6.87634	6.3821
-6.65888	5.07459
-1.75375	5.94367
-4.06247	4.22526
-8.20801	3.94321
-8.00815	5.06088
-7.06814	6.80142
-7.5773	4.20578
-7.33997	4.22771
-7.10198	6.27917
-7.02015	3.66373
-6.595	3.18606
-8.44462	3.94568
-8.74836	6.00298
-6.62964	4.26478
-6.921	3.19138
-7.97389	5.00426
-6.81726	4.36649
-5.84552	5.30223
-7.93607	8.2411
-6.64215	6.24599
-6.92289	5.59576
-7.69891	5.50657
-7.89993	4.80573
-8.10752	7.18765
-5.82326	5.80113
-8.26176	4.9705
-7.9529	5.57608
-7.55442	4.54658
-8.1123	5.06119
-7.849	6.00264
-8.56014	5.6357
-7.71568	4.03678
-7.23788	4.98342
-6.30796	4.9595
-6.77054	3.50714
-6.74606	4.11925
-8.37141	4.03655
-5.42339	4.56783
-8.05584	6.41073
-6.38111	4.69142
-7.12056	5.10949
-3.75397	4.93449
-8.40652	3.55093
-9.13989	6.61725
-7.20147	4.10825
-6.17151	5.74649
-7.80192	4.695
-6.28185	4.50815
-4.65098	1.82656
-7.60837	3.82284
-6.76625	3.4166
-4.03594	2.9131
-5.42103	5.20493
-8.83594	5.71453
-4.34099	5.78878
-8.30334	5.36457
-6.38744	3.67424
-8.23668	4.49359
-6.97787	4.60685
-5.92194	3.05028
-6.68945	8.27282
-6.80233	4.90585
-8.09652	4.47046
-7.0701	6.0672
-6.88157	3.90343
-6.61938	4.37259
-7.18645	6.54946
-6.66954	3.59861
-7.1275	6.84849
-7.8823	5.35827
-8.02854	5.34321
-6.33955	3.06084
-6.11863	5.49097
-8.24784	4.77735
-8.27786	5.43089
-7.59134	4.24802
-7.10213	4.59895
-8.2973	4.89711
-8.9844	2.99629
-5.57999	5.06846
-7.13533	4.80892
-4.68578	5.19065
-5.86434	6.7009
-8.29573	5.16407
-7.68905	4.80393
-6.47383	4.79521
-6.32238	3.85055
-6.58721	3.97698
-6.82416	6.82225
-7.32726	7.71784
-6.01648	4.45482
-6.19586	5.47498
-9.01658	5.40492
-6.30541	3.47362
-6.91778	6.62575
-8.50058	5.78695
-7.88677	3.94757
-7.54641	6.97963
-4.46569	1.10565
-5.57391	3.98098
-5.61995	5.24791
-7.44637	6.77182
-8.38834	5.06894
-7.5597	4.54309
-8.58756	4.31101
-7.69993	3.61321
-8.65997	5.16858
-8.24618	5.23448
-7.15609	5.00033
-5.35424	4.55052
-6.68638	3.8343
-7.47663	6.0462
-6.86113	5.05786
-7.5681	5.96189
-6.02398	4.26852
-7.80499	5.35161
-6.81106	5.53378
-7.41508	4.41216
-8.22916	5.22389
-6.62506	5.00823
-5.35762	5.92227
-6.38321	5.9793
-6.5011	5.51612
-7.91866	8.00892
-6.90786	5.95926
-6.81988	3.97684
-6.20286	4.22347
-8.03078	5.81752
-6.73804	4.55992
-6.28802	5.25896
-5.00155	5.95673
-5.58823	5.75329
-7.85745	4.85045
-7.05561	4.45075
-8.42838	5.57726
-7.26254	3.06282
-5.65636	5.14591
-7.15374	3.6528
-6.37585	3.86816
-7.0213	4.78099
-7.2344	6.36694
-6.54203	4.62707
-6.35814	5.3094
-8.59753	3.49905
-5.99132	5.18406
-7.91094	4.5028
-8.68514	5.72222
-7.18314	6.15922
-7.95487	5.00635
-6.8946	3.0755
-5.37967	6.80412
-6.9859	5.78714
-8.85322	4.51251
-7.9932	9.12894
-4.6373	5.82493
-5.19542	4.34814
-8.50267	5.86656
-5.56414	4.8396
-7.11841	6.48692
-7.96662	4.54995
-6.82886	5.70193
-7.98016	5.56196
-7.74739	4.84826
-6.29965	3.38605
-7.24173	4.54074
-6.61146	3.2252
-6.86915	3.54331
-7.90294	4.91807
-5.21249	4.90214
-6.85664	5.59034
-6.84808	4.59099
-6.4996	5.85792
-6.85462	3.9219
-8.49491	4.51226
-3.60579	4.94672
-7.93462	3.16817
-6.95067	6.16663
-6.23716	3.97216
-6.70452	4.9197
-9.05648	5.10657
-7.35073	4.05588
-6.18569	4.2589
-7.06292	5.56839
-7.06838	5.71343
-7.72203	5.01756
-8.33769	3.74441
-8.43272	5.28667
-7.32549	5.16615
-7.27003	5.69161
-6.80811	6.91309
-7.55372	5.20124
-8.23359	5.77784
-6.81998	2.9752
-8.61933	3.46055
-7.81932	4.81796
-7.09612	4.32552
-7.35565	6.49291
-7.16006	5.39275
-7.86337	5.44491
-6.77179	5.74784
-7.53804	5.00842
-8.51032	4.33972
-2.28033	1.64847
-8.00433	5.40378
-5.69127	5.41478
-4.73594	6.90786
-8.06568	4.96113
-7.12154	5.54325
-6.73324	5.59115
-8.53653	6.5151
-6.15297	4.82448
-2.93206	2.14381
-5.714	4.6783
-5.29322	5.45106
-6.29653	5.89576
-8.23993	6.59878
-8.52611	6.96537
-6.72233	6.3929
-6.81208	3.70117
-8.48268	4.41221
-7.52365	4.10805
-7.96312	5.31349
-6.10976	6.42044
-6.2787	4.76944
-7.732	5.54177
-6.77922	5.53934
-8.14701	3.86008
-6.48791	3.21967
-6.20351	3.36394
-5.39445	4.13627
-8.19032	6.24547
-8.13455	4.84816
-5.98733	4.77823
-7.52127	6.74428
-8.04316	4.21201
-6.86192	4.68932
-7.48557	5.36748
-5.48875	5.56146
-8.49337	3.40796
-5.87632	2.84869
-6.97461	6.55513
-7.67645	5.62082
-6.81114	3.59082
-8.73782	3.76061
-7.63201	4.33294
-7.54032	5.84146
-7.5874	6.40751
-5.83582	6.01688
-7.33116	4.15272
-7.20298	3.57504
-6.261	5.91809
-8.63244	4.59584
-8.28871	3.99451
-6.75501	6.33206
-5.56136	3.54479
-6.6545	4.71652
-6.96887	4.54234
-8.41652	5.61554
-8.77203	6.11567
-6.42229	4.68946
-7.19336	4.7542
-8.55736	5.28506
-5.15346	3.68576
-6.79697	4.52608
-7.94003	5.90364
-7.50974	5.9464
-7.15546	3.9852
-8.64758	4.90274
-8.28951	3.43831
-7.32221	4.54546
-6.83774	4.65547
-5.77176	3.36975
-7.32998	4.68479
-7.13778	4.76073
-6.65577	6.34201
-6.45211	4.89439
-6.61967	5.00928
-5.88388	5.98732
-6.71196	3.56614
-6.81426	3.41542
-8.27073	4.47303
-6.0901	5.87601
-7.98173	7.05413
-6.57828	5.43926
-7.08675	4.17295
-8.95091	3.88075
-8.55166	5.44001
-7.55382	3.82805
-6.94478	5.055
-7.28695	5.51044
-8.74799	4.93249
-7.01283	5.06657
-6.26141	5.29539
-8.91652	3.82223
-5.39279	3.50774
-8.8947	4.72698
-7.3954	6.19054
-8.91435	4.68472
-8.47018	6.57949
-5.21584	4.77375
-5.42312	5.18107
-7.83339	4.69649
-6.97517	4.41499
-6.77966	4.31377
-8.75253	4.6326
-8.47412	5.44168
-6.89027	5.5833
-6.74547	4.06441
-7.76877	5.22823
-6.63844	3.94206
-6.34116	4.64927
-6.38393	4.93363
-6.88432	6.12744
-8.69403	4.39305
-6.11787	5.99989
-5.4328	2.74868
-7.43403	4.99315
-6.18433	3.38301
-7.26388	4.06163
-8.08163	5.66176
-5.96997	5.1568
-5.88965	4.37307
-6.08114	5.50915
-6.08692	6.21643
-7.73754	2.85045
-7.16297	5.40066
-7.7346	6.68005
-8.01268	3.99385
-5.74448	4.80598
-8.45876	3.17302
-8.75003	4.20014
-5.40459	3.47036
-7.36171	4.82146
-7.88099	4.0012
-7.57596	5.14009
-8.36561	5.93481
-6.6987	3.84566
-7.57954	3.43136
-8.37707	6.5964
-7.85058	6.60069
-6.47905	3.51796
-6.84727	5.87061
-8.81944	6.28295
-7.97511	8.27002
-6.276	5.52516
-7.72698	6.85603
-7.11064	6.2511
-7.30676	4.87912
-5.7469	4.7323
-8.19571	3.18653
-8.9388	5.93465
-5.52043	6.74487
-6.6989	3.09796
-7.77373	5.21673
-6.34919	5.46336
-5.43526	4.41145
-7.86726	7.6951
-3.95424	5.11621
-6.70995	5.25784
-7.71854	4.90202
-7.40016	5.78009
-8.02964	4.68677
-6.54072	3.05545
-5.80479	5.21009
-7.98463	7.84847
-5.58122	4.18429
-6.41699	4.49341
-8.37879	3.94101
-8.11769	4.55317
-4.96517	4.423
-7.45385	4.71587
-5.15728	4.72992
-5.01635	4.25642
-4.30864	5.58685
-6.0665	3.74777
-7.07808	6.26953
-6.43423	4.89365
-6.57008	5.47743
-4.90778	6.11566
-7.25908	7.41085
-5.52664	5.66555
-7.72758	6.77131
-5.07184	5.30047
-6.98053	3.77036
-6.26174	4.3795
-7.74088	6.02722
-8.59649	4.37791
-6.36575	5.59404
-6.05159	5.84834
-7.80901	4.67526
-6.51558	5.08261
-5.77625	4.4179
-8.52635	5.03203
-0.727653	2.11514
-6.23952	8.23525
-6.34428	4.41602
-7.58121	4.10866
-6.97029	4.15937
-8.50024	4.73866
-7.34701	2.84135
-8.73298	5.90598
-7.37638	5.4802
-6.2736	4.7476
-8.22258	4.83816
-6.90496	3.90299
-6.07264	5.58143
-4.71088	4.60134
-8.07551	5.03619
-8.93221	3.05672
-9.09752	4.90176
-8.57329	5.42104
-6.41788	3.90986
-7.48197	6.68802
-5.98961	7.0253
-5.97004	3.03599
-7.51543	4.70384
-8.95742	6.06008
-7.91194	4.69841
-6.90184	5.97413
-7.65195	4.51665
-7.67141	5.98631
-6.02054	5.27763
-6.43327	4.72342
-7.18885	4.15907
-5.9668	3.94611
-8.36914	6.17055
-6.24713	3.67379
2.92893	1.61883
-6.16407	3.17406
-7.0018	3.68799
-5.19478	4.9894
-7.05497	4.75627
-4.70905	3.47902
-5.91676	5.10355
-8.51306	7.3654
-7.68436	5.56735
-6.51078	4.551
-8.53719	5.78897
-4.81889	4.82512
-7.51403	5.31513
-6.64443	4.44
-7.27531	3.92835
-7.14072	6.25017
-5.56426	6.04001
-7.71166	4.72177
-6.52108	5.06749
-6.06497	4.51463
-6.34341	5.30932
-8.47452	4.68857
-7.26088	2.9896
-6.60617	4.82064
-7.1641	6.49299
0.418631	6.55603
-8.1263	3.14802
-8.56484	4.18112
-6.8668	5.44832
-8.30747	5.14316
-4.32305	3.78094
-5.30357	3.51478
-5.55402	4.52295
-8.89629	5.08414
-5.96844	5.4595
-7.87958	5.79634
-7.14744	7.47215
-8.35416	5.03209
-7.17407	6.04905
-7.80032	4.49951
-7.27647	3.71142
-8.76595	3.65635
-4.76992	4.57108
-5.92344	6.62707
-5.78807	4.27736
-8.35604	5.81206
-6.07712	6.1656
-8.61113	5.60086
-7.5691	7.5318
-8.82084	4.00968
-6.03165	6.05265
-6.84567	7.77076
-4.91581	3.89445
-7.5809	4.88632
-8.2768	5.63022
-5.96815	4.07893
-5.3559	4.94048
-5.83976	5.81458
-7.9233	3.68547
-7.74999	4.71213
-6.67082	5.20725
-5.87119	4.45946
-4.47505	4.49041
-7.16686	3.36169
-7.96181	4.13306
-7.06874	2.97483
-6.66416	3.86111
-6.20023	3.19499
-6.50511	5.37208
-7.10665	6.61929
-7.48238	2.98325
-6.46976	4.35666
-6.53571	3.96103
-6.58448	3.48011
-7.65014	5.32507
-8.24692	3.60613
-7.86512	5.2407
-7.85974	5.90203
-8.65577	5.09139
-6.16081	5.25301
-5.8081	6.34312
-6.83384	5.21724
-5.98639	4.62883
-6.36427	5.19315
-6.29066	3.16559
-8.03849	5.31634
-6.30759	5.45367
-7.18984	5.513
-8.16654	3.91329
-6.81425	4.32481
-7.65249	5.70087
-8.49838	6.23278
-7.39564	4.89636
-6.14514	3.55295
-6.97348	4.21798
-8.33502	4.81772
-7.19462	4.44059
-6.85879	5.53155
-2.18441	9.89211
-8.662	8.61611
-7.55798	3.98267
-7.30748	3.60723
-4.64261	4.32269
-6.4717	5.03827
-6.34111	3.45218
-7.49966	5.1807
-6.76737	4.95445
-7.91553	3.53036
-7.73435	5.17702
-6.34884	5.41371
-6.96857	6.67048
-7.12816	3.68927
-9.03453	3.73301
-8.23973	4.94588
-6.06867	5.44345
-7.30465	4.36988
-5.9969	7.09148
-7.33844	8.17502
-6.61538	5.92273
-8.11336	6.44517
-4.19984	8.20597
-6.95497	4.44977
-5.35365	6.26098
-7.85787	5.09628
-5.34594	6.05457
-7.21307	5.63886
-7.4963	5.54214
-8.0692	3.11252
-7.79529	12.4711
-6.56756	4.48703
-6.75359	3.73966
-7.45074	6.65516
-6.08841	4.3694
-8.47022	4.62039
-4.10301	5.4432
-8.90799	6.22976
-7.9029	3.76466
-5.99058	3.44265
-6.9144	4.69188
-6.3042	3.33094
-5.57219	6.25554
-7.82217	5.09079
-8.16569	5.44903
-9.03441	3.54299
-6.98986	5.52011
-8.67032	3.14766
-8.31132	5.19891
-6.54286	4.20399
-6.52234	4.1832
-6.46284	6.97047
-8.35049	3.98234
-5.58521	3.41388
-6.83255	3.61792
-7.73876	6.12456
-7.07732	5.8589
-6.88379	3.85427
-6.28479	4.07749
-6.48682	3.04207
-6.239	3.00755
-5.40826	4.71539
-6.56551	5.61875
-6.69276	6.57838
-7.84127	5.01961
-6.39734	5.99088
-7.05161	3.85183
-6.22612	4.99841
-5.7459	6.70632
-5.14635	8.3174
-3.32561	-1.14183
-7.24606	5.18057
-5.92591	3.38612
-8.81887	3.67075
-6.6366	4.75438
-7.18301	3.80086
-6.72734	4.79906
-8.21662	3.45496
-7.36487	3.34346
-7.81641	2.87342
-6.09371	5.10362
-5.39259	3.11827
-4.61155	4.61661
-8.67632	5.22444
-6.74215	3.64307
-7.37253	3.76231
-2.75099	8.75692
-8.88676	3.68519
-5.11084	4.97967
-7.0434	3.50912
-5.46771	6.11294
-6.98823	5.05558
-7.18219	5.47716
-8.05535	4.65646
-8.87386	5.6983
-8.26047	7.60354
-6.03955	3.45348
-6.55068	3.93467
-8.78702	7.6538
-6.46576	3.36606
-7.09175	4.05153
-7.74455	6.09144
-7.54495	11.2272
-8.83079	5.06517
-8.9272	6.21328
-6.41803	4.87276
-7.7089	3.47997
-6.70304	4.9255
-6.07777	5.30181
6.42181	8.79052
-7.53391	5.56163
-7.32613	4.53787
-8.24414	6.18334
-7.2364	5.77878
-8.55248	4.59131
-5.79957	3.82449
-7.94379	5.31224
-6.06153	5.80441
-7.03318	5.27295
-8.18939	5.81517
-7.95272	5.7699
-6.65884	4.3926
-7.93566	5.75565
-7.95984	6.72195
-7.44376	3.83488
-5.61723	3.57816
-8.30171	4.09034
-6.99532	3.63768
-8.63629	4.9875
-5.14821	2.29022
-7.22485	4.12337
-8.2093	6.71453
-6.28613	5.72381
-6.04154	4.88851
-6.29787	4.32639
-7.52325	5.37194
-6.14542	6.14401
-6.78933	4.98122
-6.41009	5.18427
-5.7876	5.83554
-7.75549	5.81481
-8.35016	3.15191
-6.97835	4.76543
-8.56101	7.14117
-6.06032	4.00888
-7.37177	5.50906
-8.38034	5.97397
-6.48951	5.36108
-7.6702	4.02536
-6.62296	3.7761
-5.94377	5.95512
-7.56524	4.82868
-6.12296	4.61031
-7.19859	4.5571
-8.27369	6.31444
-6.30518	4.0642
-7.52567	4.08716
-7.28504	6.1907
-6.29766	3.0267
-6.45394	4.43204
-6.42115	4.71866
-5.71879	4.85356
-4.54787	2.02641
-6.56384	3.82204
-6.29049	4.79371
-6.92799	5.8977
-6.56247	6.13225
-8.11775	5.67815
-4.55497	5.3585
-7.69901	6.78017
-7.53713	4.13434
-7.22477	5.55056
-7.29229	5.185
-8.98033	5.25831
-7.34485	3.62754
-6.3131	5.06082
-5.23885	4.20435
-7.93271	5.20797
-6.5338	5.93745
-6.74064	3.5243
-6.93503	3.23424
-6.20599	7.22843
-6.18091	5.12875
-8.8842	4.52462
-6.63712	3.30054
-6.40824	5.21898
-7.70967	3.64509
-6.15705	6.0328
-7.1359	5.70899
-5.16227	6.00341
-8.7441	5.61308
-7.97268	2.77407
-8.2642	6.19404
-8.03524	5.05355
5.02554	-5.36145
-7.25303	4.01674
-7.09496	3.7947
-6.42373	4.20436
-7.90745	5.24396
-8.60594	7.26743
-4.22937	7.46032
-6.58127	3.8238
-7.914	4.44911
-7.06234	6.39775
-8.33766	5.45692
-6.13605	3.46406
-6.37356	4.15764
-8.77543	5.27268
-6.67732	5.76401
-7.05556	5.53641
-5.685	3.82465
-7.89644	8.33386
-6.83651	6.16929
-7.34333	3.74147
-7.76163	5.97679
-5.96404	4.32987
-8.17005	6.32566
-6.95057	3.70038
-5.35619	3.92003
-7.77313	6.09166
-6.25041	5.64267
-7.6431	5.3296
-7.75257	5.07556
-5.96713	3.47332
-7.27294	5.79685
-3.94623	9.72794
-7.72458	3.1063
-7.10115	3.85787
-8.76753	3.1514
-5.93229	3.02159
-7.70134	7.55504
-6.35381	4.54166
-2.05094	4.06314
-5.48763	4.40191
-4.42525	7.00484
-6.20842	4.1578
-6.51515	5.26313
-7.24767	5.90557
-8.45364	4.62664
-6.9497	5.11514
-8.87461	6.10288
-7.46811	6.00911
-6.94644	5.81047
-5.57727	4.21114
-6.72775	6.33573
-8.76716	5.05744
-6.00988	6.38525
-7.29988	3.63104
-5.23689	2.64219
-7.96505	4.07086
-6.27153	4.60729
-7.83541	3.86571
-7.71788	4.82151
-6.08385	3.66806
-5.52873	4.94385
-6.83033	4.5087
-7.24131	7.01947
-5.67391	4.8742
-5.8086	3.15596
-8.45422	3.68173
-5.96516	3.4177
-7.38412	5.86989
-6.67235	2.95885
-4.59417	2.57867
-6.48053	5.78781
-7.79713	5.03647
-8.70051	5.53336
-5.57029	2.98157
-7.33561	4.41559
-8.5753	5.91123
-7.59796	4.81187
-7.13499	6.03608
-7.65008	3.48152
-6.30355	4.92275
-6.76368	4.46652
-5.8703	5.47054
-7.5338	6.74196
-8.94283	6.31577
-8.95105	3.47542
-6.11672	5.97915
-6.5849	6.21022
-8.45007	4.62354
-7.65388	5.23652
-7.4965	5.75445
-5.77539	4.03795
-6.59119	3.28067
-6.39827	4.97427
-7.5037	4.77513
-7.0952	4.91107
-6.73977	4.54811
-8.72512	4.16714
-8.53354	4.80012
-8.53762	7.04421
-9.02356	4.20018
-8.65392	4.60365
-8.17591	5.46957
-6.48407	5.24944
-7.88606	6.74907
-4.87263	6.21965
-8.24734	6.68284
-6.53528	5.3417
-6.3629	5.65122
-7.9918	4.62424
-2.68531	-11.9878
-5.26626	4.74941
-7.04473	6.6119
-6.21403	4.12633
-8.33726	5.52705
-6.21917	3.64125
-9.0315	4.1033
-7.5263	3.52256
-6.49105	6.68752
-6.26224	3.78037
-8.40985	5.25376
-5.778	4.07086
-5.93998	5.70996
-7.94083	6.56668
-6.41431	4.94398
-7.75717	3.40208
-7.19865	6.13682
-6.9328	3.42701
-7.57582	3.88952
-4.85216	4.81649
-6.76049	4.16411
-6.85129	4.38032
-7.24814	4.39563
-4.76108	3.84083
-7.96222	7.73683
-7.27103	3.85525
-7.90633	6.30424
-9.06033	4.79441
-8.25944	3.46373
-7.17432	6.43777
-5.98041	3.25769
-8.9437	5.92361
-5.61842	5.80453
-8.45351	4.0996
-6.55295	6.48651
-8.70575	3.8876
-8.71205	4.42581
-4.93451	6.968
-5.89357	5.22566
-7.26088	5.53715
-8.89347	4.58346
-7.7982	4.10746
-8.35895	5.65743
-6.24364	5.35271
-6.99848	6.20905
-8.54017	5.23258
-7.23436	4.1205
-6.10912	5.66499
-8.95787	4.68707
-8.30852	6.05084
-8.98428	3.58786
-8.46599	5.92308
-7.4993	6.70812
-7.6529	5.74154
-6.82703	3.81973
-7.44766	7.16445
-7.43332	3.26517
-6.61994	5.08266
-6.80865	3.11137
-7.8482	5.27289
-8.77862	4.86845
-7.3064	3.92864
-8.22329	6.07945
-7.9454	5.71517
-8.30676	3.16178
-8.58115	6.10244
-7.68131	4.73124
-6.77615	4.38605
-6.17739	4.85586
-7.93357	6.11738
-7.03307	5.70629
-5.34194	6.50342
-6.99526	4.37813
-7.65692	5.73403
-4.45329	5.68471
-5.81247	6.11325
-6.96036	3.45567
-6.14505	6.52373
-7.99364	5.84929
-6.24697	3.67492
-7.7076	4.58094
-5.7164	3.91068
-8.7868	5.64844
-2.65426	6.03769
-8.73585	4.3386
-8.63078	4.27489
-6.5256	4.83542
-7.33097	5.24654
-7.64292	5.72461
-6.97868	6.33321
-8.30878	4.8079
-5.77995	5.30129
-6.13364	4.42708
-7.93335	2.99371
-6.61985	4.35325
-4.56433	4.99303
-6.32956	7.56315
-7.80679	5.54917
-8.2356	3.1048
-8.01615	3.64982
-7.75341	4.80302
-5.83587	3.16951
-6.63032	5.34908
-8.57347	5.52452
-5.49459	3.92776
-4.44045	4.55214
-7.40602	4.11594
-6.89855	4.78819
-6.63755	5.26913
-6.81792	3.88273
-3.77414	-1.33169
-8.44404	4.52664
-7.93916	3.51884
-6.7897	5.88134
-6.91028	4.09277
-7.13683	4.93145
-8.40463	6.14925
-6.43607	3.02261
-8.76895	5.29019
-7.64128	4.80481
-6.28735	5.18305
-6.51718	5.08697
-8.09404	5.2958
-7.7208	5.54121
-8.86158	6.96511
-5.82753	4.27835
-7.27406	3.33733
-8.14067	4.34679
-8.45665	3.00507
-7.59109	3.04118
-6.33931	4.39939
-7.09157	3.8957
-7.11076	4.12492
-5.23276	6.72095
-8.30205	3.00271
-7.29294	5.33401
-7.23284	6.60141
-6.48058	6.22141
-7.00018	7.57705
-6.78513	6.10574
-6.01217	6.25836
-7.12779	2.97445
-7.58032	5.37173
-7.39056	4.55198
-6.74093	5.86088
-6.89207	4.83997
-8.17517	4.41666
-8.44262	4.87288
-7.42113	5.88907
-7.47246	5.60523
-6.10465	5.51906
-5.42347	3.6239
-7.10918	5.6698
-7.24727	4.66612
-6.70315	4.22314
-6.36658	4.03637
-6.94538	4.64787
-5.80781	2.82363
-7.48877	4.56997
-8.57833	9.71073
-7.01075	3.76526
-7.77442	4.91902
-7.50939	4.30688
-8.96826	6.11083
-6.51911	3.2169
-4.94153	3.95972
-7.78583	6.67981
-6.78819	4.55958
-6.91622	3.83304
-5.15881	6.9133
-7.703	3.0922
-7.2209	5.69255
-8.95519	5.66808
-7.68935	5.48864
-7.58191	6.5795
-7.17946	5.05476
-6.27916	3.66905
-5.2508	5.69316
-6.52846	5.08065
-6.30497	4.74169
-6.85091	3.9095
-8.64724	4.80808
-6.28711	5.1019
-7.42209	3.37946
-8.54962	4.30487
-5.26363	4.8284
-6.61335	5.14824
-7.40518	6.00991
-7.60574	4.91999
-7.93388	4.82384
-7.50554	5.54583
-6.20455	6.37774
-7.65332	4.49597
-6.15635	4.66252
-8.85701	5.78647
-4.29136	5.76941
-7.29669	4.78339
-7.23316	7.26561
-8.50476	5.76696
-7.39083	5.30769
-5.27151	4.10974
-8.36077	5.91913
-6.98318	4.76508
-6.11586	5.74867
-4.84442	4.30656
-7.41922	4.98805
-7.03846	5.99268
-7.242	3.83135
-9.06467	5.29492
-6.8625	5.50895
-8.45433	6.03903
-8.85715	4.65016
-6.63105	5.10857
-6.93845	6.05852
-6.79743	4.88169
-7.84124	5.34725
-5.3422	4.66934
-7.73398	4.33811
-6.77037	2.97733
-7.56922	7.3028
-8.14434	7.05103
-8.37137	5.02524
-6.17537	5.60156
-8.30666	5.73386
-6.58899	4.13908
-8.12768	6.29226
-6.53166	3.66443
-8.85355	5.34207
-8.01098	5.29507
-5.88876	4.25093
-6.30224	4.18753
-5.9099	6.31461
-8.05667	4.75208
-6.88806	5.22375
-8.34511	4.83878
-4.99699	5.53218
-7.99993	6.83023
-7.57445	6.21939
-5.86871	5.19964
-7.34145	3.18963
-8.46037	5.59473
-6.91983	6.14991
-7.41071	5.62238
-8.0263	5.36
-7.12729	4.50781
-8.34542	3.89203
-8.86971	4.24025
-7.66735	6.95264
-5.141	6.38955
-7.64145	6.21185
-7.76758	4.42561
-7.61013	5.317
-8.00266	3.45944
-7.32375	3.03418
-8.23298	2.85118
-7.78632	5.4066
-5.87568	6.11251
-8.43503	4.45014
-7.71728	5.71828
-7.68538	5.5602
-7.58628	3.26294
-7.62241	7.926
-5.80755	5.46929
-6.45399	6.29516
-6.45938	4.65784
-5.6439	5.41688
-6.04478	7.89647
-7.29345	5.27448
-4.7438	6.11897
-7.2598	5.82209
-8.23564	3.22965
-8.46769	4.54301
-7.45355	4.38186
-6.05488	3.67018
-5.93396	5.47808
-6.93643	3.55408
-7.93015	4.42407
-8.23512	3.89274
-6.86182	6.15741
-6.38811	5.79729
-8.81574	5.73243
-6.71008	4.81281
-7.07142	4.03234
-8.78941	5.15813
-8.02121	5.21171
-9.02421	2.96451
-7.8977	3.97498
-6.52793	3.71193
-7.57445	5.40836
-7.21249	4.1187
-4.55951	3.07902
-8.9454	3.33456
-7.97988	6.42601
-5.9508	6.27471
-8.98044	3.20362
-7.08901	5.20062
-5.76466	4.32593
-6.6817	3.65817
-6.73756	3.99356
-7.76926	4.04234
-8.70805	5.15887
-6.93833	5.30227
-8.60813	3.23764
-7.22892	3.85198
-6.96377	4.3785
-3.71543	5.64527
-7.03381	4.63797
-6.6912	4.83242
-5.70862	5.19201
-5.69165	4.36225
-8.32086	3.8598
-8.13874	5.09854
-4.22713	5.0997
-7.86033	5.14015
-8.53483	4.22551
-7.38315	5.96859
-7.30611	3.11994
-7.03929	5.69827
-9.12393	4.6964
-7.67453	4.71679
-7.11003	4.72379
-6.14235	4.89597
-7.95594	3.29224
-6.77992	3.21073
-5.83662	4.14132
-8.76792	4.8269
-6.27052	6.12149
-5.90352	6.27695
-8.83474	4.3078
-7.20148	3.14629
-7.32519	2.85129
-7.59924	5.49083
-7.79851	5.53099
-8.9212	4.42739
-8.32535	5.267
-8.57406	4.71037
-6.45685	5.13222
-7.25085	5.55531
-8.1422	5.15187
-6.47403	5.72095
-8.45956	5.07725
-5.96241	5.52727
-6.53526	4.91638
-5.90111	4.17879
-6.28311	9.32585
-8.42	5.74512
-7.88104	4.611
-4.45697	5.55438
-6.10856	4.74019
-6.7973	5.72147
-7.15947	6.83246
-7.43317	5.54267
-5.65459	6.26808
-7.69495	4.3632
-7.30064	4.95157
-6.90258	5.01838
-6.604	3.87922
-6.10819	5.50612
-7.10971	3.57982
-7.03627	4.81371
-6.31931	4.05631
-7.77549	4.31908
-7.42757	3.61661
-7.94045	3.21771
-5.98255	4.1652
-7.58695	3.87948
-6.16295	3.13003
-6.94621	5.00097
-6.77134	4.54909
-8.21905	3.80841
-7.17376	4.83913
-8.95375	3.83483
-7.2849	4.28521
-7.95945	5.30542
-6.64106	4.75675
-6.53218	5.78262
-7.70159	3.29141
-4.48037	4.59185
-6.07562	5.44894
-6.13419	2.24416
-7.24805	6.30486
-5.86384	6.30427
-6.74831	3.55645
-6.14251	5.54479
-8.15629	5.91719
-5.66102	2.33625
-7.01487	3.49359
-6.94197	4.35138
-8.8949	5.30177
-8.3287	5.32665
-8.36688	3.60051
-7.35624	7.64746
-5.97423	5.42789
-7.10589	5.48833
-7.51427	6.28238
-7.32138	4.76599
-7.49757	3.04193
-8.5329	7.49873
-7.4862	5.11298
-6.91995	3.88392
-7.31246	3.84591
-8.46701	8.45299
-5.94674	2.97733
-6.82125	4.96898
-9.02932	3.70518
-8.10181	5.67543
-6.36367	4.91846
-5.89725	6.02151
-8.1664	5.35718
-8.66075	6.47826
-6.41241	4.62979
-6.52723	5.45871
14.1134	10.5723
-7.23743	5.51372
-7.04178	5.62574
-4.51347	4.259
-7.5198	3.76661
-6.5801	4.65817
-4.88535	2.72419
-8.17747	6.04102
-9.00211	4.02552
-4.95095	3.92691
-8.65513	3.25109
-8.98038	3.49345
-8.25324	4.09517
-6.49931	3.98728
-6.4671	5.52461
-6.2972	4.65563
-7.89945	4.87639
-8.81062	4.31773
-6.08518	2.93894
-6.60972	7.25815
-7.25922	5.7526
-7.83719	3.87665
-7.75819	5.45789
-8.36318	5.06663
-6.40651	5.97024
-7.54307	5.90148
-6.64101	5.74929
-6.43942	4.92423
-7.35753	4.21433
-7.15743	5.88105
-6.50677	4.44829
-7.93767	3.54189
-4.56315	7.37643
-7.81983	5.45772
-6.75023	3.90914
-7.59127	5.28879
-7.60782	4.06078
-6.82834	5.23523
-6.36571	3.46244
0.440459	-6.68366
-6.37404	4.06316
-6.14736	5.78192
-5.92686	4.05747
-8.72552	6.7701
-8.75893	4.49397
-8.21317	4.54053
-7.61004	3.97597
-9.13295	6.57361
-6.024	4.82913
-6.4303	5.93767
-8.42306	3.18747
-5.45312	7.28383
-6.99852	4.76015
-6.25599	4.68493
-6.66245	6.12591
-7.58762	3.4716
-6.75431	3.65407
-7.30823	5.32308
-6.4123	5.55103
-5.16066	5.51165
-9.04255	5.69161
-6.51255	5.74763
-5.81829	6.49456
-6.39735	6.37665
-8.71443	3.73849
-6.24104	4.25004
-6.40925	4.32513
-5.56761	5.69373
-8.61295	4.88703
-8.17526	4.5014
-8.35782	3.55993
-7.73382	5.15497
-8.46624	6.1652
-7.73138	5.34889
-7.6482	5.90485
-6.40114	3.97558
-7.51085	5.17323
-6.86384	5.64336
-8.33776	3.16474
-7.35875	5.10692
-8.37738	3.4571
-8.57756	5.19103
-8.8676	4.24372
-4.06398	-3.32576
-6.67083	6.60289
-7.90393	5.95771
-8.03907	6.05646
-5.31791	3.71655
-7.91086	5.26771
-8.73578	5.16034
-7.1538	5.68461
-7.75189	5.77087
-6.21413	5.58668
-8.04839	4.99463
-5.18168	5.30157
-8.32062	3.44842
-7.20006	4.75701
-7.86088	5.87366
-7.70063	5.49686
-7.82527	4.19942
-8.17095	5.05579
-7.00783	4.98899
-8.07969	4.53042
-7.92908	4.00519
-6.02869	5.67623
-7.5232	5.35161
-8.45927	4.37571
-7.51088	5.34573
-4.45961	4.24016
-7.26781	4.21841
-6.37693	4.55836
-8.89821	4.89716
-5.6793	6.87073
-6.52729	8.07462
-7.25534	6.46244
-8.22431	4.08912
-8.21345	5.58432
-8.99931	6.99674
-4.5074	5.49948
-7.63437	4.28699
-7.02308	4.49978
-5.49546	5.11273
-7.1879	4.72586
-9.11893	5.52256
-7.3955	5.03414
-6.0842	6.91638
-5.41915	4.90583
-6.98746	6.28315
-9.17169	4.64371
-7.14555	2.99257
-7.34752	5.41052
-8.24301	4.63928
-6.31028	7.69667
-7.46764	4.10698
-8.6471	3.70423
-6.09928	5.03953
-6.37897	6.63088
-7.93307	6.04349
-7.91768	5.48188
-7.05801	4.47601
-5.34394	3.3321
-6.08679	5.53745
-6.14672	5.18909
-5.77537	4.2508
-8.48021	6.32609
-6.86602	2.98393
-5.78006	4.65241
-8.67157	4.6417
-8.00566	4.13209
-7.46199	5.11372
-8.518	4.74284
-6.92189	4.81963
-6.58458	6.21669
-8.30563	5.98786
-7.48037	4.32027
-6.62095	5.7462
-8.59244	4.87449
-8.56118	4.93405
-8.14989	4.40945
-5.94348	6.35686
-6.23751	3.40674
-7.74922	3.51889
-6.22502	4.4532
-7.82348	4.75687
-7.84386	4.36058
-8.31929	3.08216
-7.05743	4.36499
-7.35657	5.43115
-5.05126	4.13693
-6.68222	4.35914
-6.41791	3.89114
-6.32182	3.46279
-7.20011	4.1788
-6.83806	5.49892
-9.24497	4.07507
-6.59354	5.11335
-6.74767	5.4827
-8.67258	4.29387
-7.98031	4.68867
-7.985	5.74247
-8.18751	3.32006
-6.5943	6.02921
-7.84767	5.1378
-6.43048	4.71398
-7.71997	4.1345
-7.85759	4.69279
-8.16737	3.4192
-8.31603	5.00876
-7.16705	3.19164
-8.46806	4.4531
-6.09557	7.53064
-7.06832	5.69723
-8.08805	4.47507
-5.99153	4.80413
-7.06742	6.42359
-7.65489	4.00417
-6.76119	3.5542
-8.50042	3.88212
-8.43701	3.21017
-7.8066	5.58084
-6.35579	5.03416
-7.45365	6.54832
-8.90212	4.78837
-5.40038	5.06819
-7.61196	4.87465
-8.66655	2.98001
-8.05118	5.33018
-8.77265	6.06444
-5.6804	3.1844
-6.74281	3.73605
-6.48537	5.02494
-6.96785	7.04246
-8.37228	4.1196
-4.37251	-1.7165
-6.49253	4.49564
-5.3683	4.20171
-6.26182	4.89678
-8.62816	5.89198
-6.49849	5.61313
-8.52893	3.52325
-6.76893	4.52821
-8.27707	3.62918
-5.75389	6.42075
-7.79994	5.44603
-7.33413	4.09276
-6.40887	5.37023
-5.58311	2.56567
-8.09735	5.38538
-8.63926	2.90909
-7.56781	4.04023
-7.59097	7.30125
-7.17488	6.45374
-6.17414	4.82022
-8.12843	3.24055
-7.56848	6.08482
-7.46522	6.35103
-7.41393	3.49841
-8.51418	7.86533
-7.40493	6.29703
-6.66197	5.61682
-7.04471	5.06109
-5.69977	6.10888
-8.07473	5.17123
-7.18658	6.95106
-6.59123	3.86853
-8.19799	3.46234
-6.0946	4.5688
-8.91162	4.94983
-5.7101	4.48237
-7.60622	4.14941
-7.7095	6.49054
-6.65861	5.55912
-7.88149	5.15673
-8.42772	3.07354
-8.12648	4.55214
-4.92785	3.52118
-8.4571	7.14198
-7.82191	4.09141
-5.93795	4.3404
-5.86899	4.53557
-7.49399	4.40434
-7.2731	6.27431
-6.54765	5.7578
-6.54442	3.68506
-7.00594	4.14772
-6.16468	3.75011
-8.32094	4.99853
-7.52957	6.15262
-8.45519	3.55847
-5.82935	6.30268
-7.83222	4.81298
-6.86729	4.01399
-6.57078	7.39954
-7.40529	4.19397
-8.8283	6.11731
-5.89689	4.19679
-7.97872	3.98179
-7.74541	6.52141
-5.99928	3.53077
-8.74517	4.41349
-5.03738	6.46451
-7.99451	4.45496
-6.23004	4.88721
-7.77661	8.13545
-6.96696	5.23386
-7.11926	4.45675
-1.66562	0.127823
-7.61502	4.3057
-6.7577	3.61424
-6.62001	5.95222
-6.67161	6.70471
-4.6082	5.87452
-6.19042	5.1245
-5.96983	3.49365
-7.10786	5.30703
-5.19246	4.24531
-5.55578	2.80045
-6.45518	5.45052
-8.43226	4.87391
-4.89522	5.09691
-6.09157	5.51236
-7.62877	6.2344
-8.45549	5.34953
-6.55066	4.88563
-6.48795	4.16187
-6.23843	3.64498
-7.99399	4.32233
-6.86608	5.71114
-5.65937	5.03098
-7.92818	5.36514
-7.21846	3.23075
-8.04719	4.66095
-8.23693	4.29631
-7.7425	6.22878
-6.15347	6.0427
-7.8355	4.18628
-6.63453	3.98145
-6.81785	5.57024
-5.15755	4.03813
-8.5357	4.3953
-7.25371	3.30253
-5.05405	5.24339
-8.19158	3.58985
-6.06612	4.82596
-8.74291	4.27051
-7.8711	5.06365
-4.56184	6.35445
-6.54284	3.77272
-8.75902	5.37058
3.60201	3.66126
-5.99096	3.75239
-6.95198	4.0099
-7.26825	4.52147
-8.129	4.44978
-6.03462	3.32264
-8.25636	5.85519
-6.40921	3.80225
-8.13737	3.22677
-6.86981	3.4315
-8.47359	6.17508
-7.28565	3.43583
-6.21276	6.22024
-7.38229	4.75641
-5.38474	3.93712
-7.11111	2.77618
-5.90894	4.4823
-7.29502	4.93681
-6.88678	3.28339
-7.75737	5.01942
-4.35258	4.17143
-7.26675	6.43574
-8.49247	3.09853
-5.52181	4.3476
-6.2907	4.17924
-7.17312	5.73118
-7.72959	4.87284
-7.02648	6.32235
-7.53931	5.96369
-6.45365	4.02347
-7.06878	3.73305
-7.55059	5.51958
-6.08972	6.90511
-7.36322	3.88516
-6.50153	5.37429
-6.98062	4.81419
-7.26027	6.47042
-7.9236	6.23013
-6.97767	5.67517
-8.08106	4.47853
-6.33418	6.28769
-6.4465	3.1641
-8.53715	4.07674
-6.31495	4.79361
-9.07309	5.21596
-8.6705	6.68038
-5.9661	3.20157
-6.93962	3.47249
-7.93381	4.60145
-7.01317	5.51404
-8.12513	5.52875
-4.39033	5.45115
-5.72554	4.8505
-6.47032	3.25326
-5.7437	3.82085
-8.31575	4.12366
-5.60926	4.03803
-5.84743	3.58174
-6.05408	5.77484
-6.05842	5.57423
-7.0603	5.74599
-6.49918	4.10944
-8.65041	6.31122
-6.8668	4.57123
-8.06007	5.76465
-9.0684	6.12731
-8.7282	3.73894
-5.66944	3.68822
-6.05513	3.88558
-6.2383	5.36755
-6.42488	5.07246
-6.97439	5.06669
-6.36989	4.53037
-7.25673	4.12779
-8.59444	6.05327
-6.44004	4.33625
-8.22095	5.05527
-8.46591	5.96537
-8.92124	5.10437
-7.69732	3.9074
-8.43595	5.57087
-6.57186	6.05375
-6.43786	3.03242
-8.49006	5.4368
-6.86424	4.37052
-8.72074	5.25354
-6.82616	4.95731
-7.64045	5.10462
-7.02707	4.01137
-6.12644	5.88965
-7.948	5.47113
-6.91372	5.69362
-7.1524	3.65599
-5.96795	4.62608
-7.6002	5.93908
-6.12559	4.42963
-8.207	4.42346
-6.58184	4.24051
-6.69479	6.0122
-7.16559	3.57546
-6.01389	3.65467
-8.41615	5.69636
-4.50239	3.90003
-6.98342	3.43245
-5.0401	2.95144
-8.52791	3.47155
-8.68393	5.96285
-8.32062	3.8599
-8.15842	3.3395
-7.12275	5.86476
-6.41369	4.74847
-8.33015	4.96553
-6.39064	3.71608
-5.51034	3.14542
-6.1481	4.95959
-6.40182	5.65323
-7.37087	4.10665
-6.41389	5.45823
-6.37144	4.10287
-6.7253	5.1188
-4.68837	5.44747
-6.64698	3.48637
-7.06965	5.54447
-8.34996	4.00091
-7.70428	4.64197
-2.50702	3.92199
-6.44697	5.17034
-6.90803	5.56616
-7.77496	3.01239
-8.19505	4.08464
-5.21895	6.2576
-6.38113	3.53169
-7.65117	5.20173
-6.55959	3.76884
-5.424	1.56275
-6.70004	6.0808
-8.33601	3.17367
-8.16757	4.2154
-8.05182	5.11709
-6.13016	4.23062
-7.80149	5.99165
-6.58856	4.42965
-7.16559	5.70329
-7.77802	6.53292
-5.79523	6.11151
-5.57367	3.20416
-5.40283	6.14934
-8.8594	9.03029
-5.72435	3.80348
-6.46762	3.69835
-8.19272	3.97676
-8.87624	4.62624
-6.8471	5.07478
-7.24358	3.93754
-6.41947	5.68302
-4.88805	5.41207
-8.01529	3.84241
-7.96555	5.02843
-6.37801	3.42339
-6.13363	3.34388
-7.33497	5.90849
-8.75633	5.43474
-6.66651	4.70561
-8.58234	3.27024
-5.05668	4.75704
-6.68396	5.15265
-6.88501	4.65184
-5.64573	6.21558
-5.96031	5.86881
-8.0451	2.76316
-6.43446	5.35386
-7.93941	5.41179
-7.04982	5.56722
-6.77633	6.36531
-6.56683	4.47997
-6.54242	3.97302
-7.30514	3.39201
-7.64827	4.34323
-8.0032	4.56883
-5.10754	4.27311
-8.03586	5.51383
-8.53277	4.93941
-8.04559	4.81939
-7.31517	5.5408
-8.31905	6.03303
-6.76174	5.43478
-7.46198	4.02477
-8.32474	5.80338
-8.0521	5.93307
-6.38153	3.31588
-7.92153	3.21348
-6.55452	5.83618
-8.64648	3.98848
-6.6987	5.22681
-6.07509	5.66414
-7.40986	3.5951
-7.28236	5.13751
-7.20694	4.66741
-7.874	5.87201
-7.10578	5.41264
-8.02651	5.95341
-8.41496	6.63801
-6.97883	4.88855
-6.39672	4.8762
-6.327	8.07139
-4.70369	5.15221
-7.05187	5.52071
-8.32141	4.82601
-9.04843	5.40139
-8.65042	4.33366
-7.89025	4.84589
-8.19071	4.64897
-8.07468	3.85732
-8.01845	5.00493
-6.86235	4.97893
-6.42335	3.88043
-5.33827	4.29034
-7.02697	4.58025
-8.43178	5.57362
-5.68632	6.52837
-6.51689	5.44401
-7.56923	3.99243
-6.9559	4.91238
-6.12592	3.80392
-8.95753	5.91356
-8.43518	3.753
-6.57907	4.12428
-8.71877	6.3266
-5.92878	5.01177
-6.42965	3.0081
-5.84737	5.65207
-6.06946	3.94386
-7.29227	4.49547
-5.86531	6.10586
-6.34373	3.59155
-8.29998	4.13353
-8.82882	3.45603
-5.89677	7.02692
-5.53663	6.31635
-7.4747	3.07852
-8.01965	5.93562
-6.50844	3.79705
-8.64341	5.09822
-8.47784	3.21362
-6.47086	5.09339
-6.99303	5.66167
-4.76507	1.89139
-6.12119	4.13388
-6.81462	5.59441
-7.86536	3.82029
-6.30558	5.43716
-6.43902	4.79116
-8.26063	5.03279
-8.27255	4.88898
-6.20316	4.87522
-9.07095	5.35124
-6.00874	4.53488
-7.69875	3.97823
-6.62065	3.54589
-6.76243	5.87824
-6.06068	5.63797
-5.00377	3.44225
-5.89729	4.7053
-7.04027	4.15166
-8.11608	5.56981
-8.30112	5.51911
-6.01077	5.13347
-7.16181	5.35229
-6.55924	6.05817
0.403502	-9.97442
-5.61499	5.16593
-3.6674	6.94853
-8.94506	4.33505
-8.59305	2.85863
-8.53144	3.53001
-7.55786	3.36457
-8.83276	3.81494
-6.3529	4.81377
-8.16782	5.49711
-7.61881	5.33493
-7.59502	5.4794
-8.32416	4.17723
-7.79625	5.88962
-7.48763	4.13661
-7.05025	5.18064
-7.99009	7.45496
-5.37121	3.55456
-7.90848	3.45688
-6.41819	7.18985
-8.30816	5.7151
-6.3826	6.69846
-7.27736	6.39182
-6.3369	4.79462
-7.69591	4.46726
-5.47877	-8.02362
-5.46806	4.6215
-6.968	5.80886
-8.98312	5.33942
-9.09199	4.92242
-4.7641	5.25335
-8.76641	5.84648
-6.38085	5.0518
-6.50726	2.85219
-7.02341	5.04144
-7.99479	6.04001
-4.98334	3.35448
-6.68953	7.24336
-7.42599	5.4389
-8.12708	5.5619
-8.7098	4.1961
-8.29991	5.37055
-6.32467	6.0778
-7.43903	5.48564
-6.38465	3.62804
-6.7364	6.58507
-6.07197	4.52938
-7.87878	5.71402
-7.52293	4.43817
-6.40092	6.37396
-8.86703	6.00223
-4.38674	6.71861
-7.31159	5.40271
-9.10614	3.59419
-9.38353	5.00174
-7.42022	3.65149
-5.98363	4.94835
-6.51881	5.48884
-7.38678	4.32781
-6.52316	6.15813
-7.92821	5.74651
-7.71116	5.37655
-6.9936	5.24136
-7.78623	3.55568
-7.1214	4.00747
-4.48735	6.49807
-6.09329	4.65276
-8.21311	5.75163
-6.61	4.62155
-6.96074	4.78583
-7.78551	4.18715
-6.04509	4.51191
-6.67228	3.99215
-6.8349	6.84084
-7.674	3.83321
-8.21483	5.98826
-5.67022	5.41951
-8.53594	6.16655
-5.69897	1.78904
-6.2232	4.95486
-6.95306	4.56394
-5.86334	4.65635
-6.89927	6.44116
-8.73905	4.93825
-6.44783	2.96486
-5.97215	5.16089
-7.95398	4.78194
-6.16634	6.41575
-6.5084	4.90002
-6.73038	2.92243
-7.61367	5.64784
-7.90786	3.73
-7.17705	3.46152
-6.18967	5.34431
-6.25493	3.87331
-7.15161	4.63828
-7.7728	4.52207
-7.02611	4.49195
-5.14685	5.14123
-5.1981	6.415
-6.0517	3.73352
-5.50969	5.59278
-6.43045	7.45466
-7.88401	3.60645
-8.58425	3.8809
-7.59836	5.52732
-6.82905	5.35756
-7.74053	7.11223
-6.64559	5.47879
-6.75668	3.6133
-6.55944	3.3641
-6.19334	3.65038
-6.55422	4.25206
-8.79847	4.70595
-5.10185	4.26321
-5.47809	6.8869
-8.69201	5.0447
-6.39634	4.0844
-6.30988	5.14999
-6.78176	6.70993
-0.345158	-3.88539
-6.86623	4.58736
-0.572041	0.966262
-7.03673	6.40139
-5.88867	3.25126
-7.84476	4.19172
-7.53584	3.56168
-6.38131	4.91746
-5.41066	5.37517
-6.20416	5.98063
-5.92132	4.31139
-6.58391	4.48461
-5.56994	4.2391
-6.15783	5.68643
-8.39998	3.18037
-8.05865	5.52252
-8.17108	5.712
-5.98792	3.83051
-6.07165	2.84261
-8.84314	3.44275
-6.80915	3.95753
-7.21732	4.90246
-6.65137	5.49525
-6.24127	5.40372
-4.57796	8.64048
-8.70557	6.44726
0.592603	14.0752
-6.67424	4.217
-7.06682	5.16072
-7.27117	3.30181
-7.34579	4.48229
-5.22878	5.58128
-6.94927	4.38635
-7.6065	3.37959
-7.86989	7.20898
-5.4632	4.26083
-8.68064	3.3622
-5.83707	8.03147
-8.3203	5.16232
-4.39736	7.06398
-6.20983	5.71548
-7.60083	4.30747
-6.38118	4.90116
-7.6553	5.44494
-8.16196	4.38354
-6.99495	4.14687
-7.20214	3.62746
-6.50196	3.23027
-5.07458	3.61337
-8.45166	5.32047
-7.08858	5.29333
-5.94726	4.84428
-6.42418	4.91734
-7.64969	7.15302
-6.67332	4.91184
-5.96684	5.09746
-4.13288	3.73829
-7.74445	3.16918
-7.40534	6.04832
-8.22602	3.95042
-7.12101	4.77836
-5.70887	3.69194
-6.63371	4.16737
-7.90468	3.18031
-7.03271	3.01822
-6.79324	4.62838
-7.77514	4.29277
-6.49231	6.07793
-7.14484	5.66636
-6.68154	5.38487
-8.03507	3.58799
-7.04543	4.01642
-5.60287	3.24556
-7.38856	4.93722
-5.91174	4.29763
-7.32221	5.21573
-6.39821	3.94879
-5.13877	3.85199
-8.38763	3.54158
-5.66784	4.6052
-5.69398	4.4638
-7.60926	4.77487
-6.94034	3.87005
-6.91169	5.26791
-5.70481	4.65031
-7.28738	7.13169
-4.98623	7.04799
-6.27012	4.1745
-6.14747	5.07692
-8.69796	3.69448
-8.34336	3.58271
-6.50065	5.14719
-6.67158	4.56007
-8.6855	3.94115
-8.14453	2.98727
-6.2972	3.75804
-6.43713	4.80795
-6.15438	5.2585
-8.41566	8.35112
-8.39655	5.21947
-7.78991	4.29975
-7.25757	4.44662
-7.66613	6.83109
-6.65113	5.09319
-7.09463	5.40129
-4.20939	5.91346
-8.24336	4.37111
-7.05426	3.45314
-1.01287	6.79631
-7.59464	4.96334
-5.10571	4.12465
-6.64986	4.20954
-6.09329	4.10489
-7.50019	3.57297
-7.75507	6.40628
-7.7574	3.8985
-6.98227	3.88733
-6.23258	2.9398
-7.48668	5.29876
-5.46851	4.25888
-8.41353	4.92461
-7.58154	3.44573
-6.45189	6.13126
-6.77104	4.82883
-4.6556	7.03214
-7.62116	4.60344
-7.57169	7.70181
-6.04188	4.7723
-8.57462	5.67112
-8.2542	5.22793
-7.77961	3.87562
-7.28682	3.99442
-8.53943	4.77049
-7.35634	4.34193
-6.99335	4.13607
-7.85503	4.93216
-6.08744	4.93864
-7.57012	3.45043
-6.2375	2.8893
-7.61074	5.74276
-6.44497	6.67536
-6.13934	4.87029
-5.62303	4.18112
-5.79592	7.22249
-6.27719	7.03104
-5.96744	2.91492
-8.5695	5.05202
-8.06668	5.94538
-6.79113	4.83586
-7.03677	5.65735
-9.10296	5.55171
-6.62192	4.33069
-6.95647	6.22896
-6.22136	3.63848
-5.2338	6.54744
-7.4131	4.00006
-7.38545	6.56332
-6.34159	5.41284
-6.84348	7.09207
-6.90014	3.89278
-7.93586	6.0111
-6.89899	7.03445
-1.74665	6.82426
-6.80833	4.22417
-5.88471	4.33376
-7.56849	5.47592
-8.86882	4.27406
-6.74652	4.04486
-4.29734	4.03341
-7.69324	3.40393
-6.6834	5.10959
-5.78252	7.70582
-7.49067	3.23039
-8.52306	3.49969
-8.90283	6.50301
-8.7403	5.2824
-7.12507	4.02114
-7.52133	5.09461
-6.50291	6.13034
-6.12737	5.92218
-6.77196	3.8168
-6.79011	3.37325
-5.75562	4.31859
-7.48001	4.1059
-6.27964	4.15779
-5.83805	4.03225
-7.51518	4.98081
-5.60182	5.45941
-5.15863	7.1428
-8.60677	4.16173
-8.35064	5.05223
-5.03901	3.75728
-7.46365	5.22514
-8.6225	3.79613
-5.56666	6.58983
-6.16447	6.8119
-7.8681	6.14396
-6.23196	5.04269
-7.37913	3.79834
-7.92267	4.89737
-4.60706	4.71644
-6.82686	4.9996
-7.77549	5.64279
-8.26735	5.85773
-7.63704	6.70362
-6.34154	6.7621
-7.50139	5.50667
-7.96299	6.18748
-3.69799	3.45867
-7.02258	4.92127
-5.77959	4.93206
-6.98842	3.20234
-5.80199	5.57902
-6.19856	4.01007
-8.40724	4.67173
-6.82634	6.28834
-7.17647	5.23494
-9.21898	3.07748
-6.78624	4.83901
-8.20763	5.57575
-7.62407	4.89081
-5.09109	3.40708
-5.95965	4.86351
-6.50247	5.72149
-5.81994	3.72271
-7.56901	5.58228
-6.44965	3.94615
-5.85297	4.57393
-6.05579	4.93153
-6.22754	3.61801
-7.81383	3.53857
-7.34568	6.40337
-4.76747	4.75349
-5.14752	3.89196
-5.55777	5.10506
-7.17977	7.70255
-8.41083	3.42119
-5.83829	4.06463
-7.7173	4.973
-8.6273	4.47144
-6.28713	5.4104
-8.73207	4.54352
-5.63217	5.159
-6.37561	5.87236
-7.0989	4.40966
-8.57007	3.91771
-6.47155	4.25455
-5.30186	5.08724
-6.12143	5.66069
-8.92856	5.90516
-7.72936	3.45438
-7.60557	3.9255
-7.63661	3.85604
-8.15709	5.3623
-7.88243	5.35652
-5.24126	5.54697
-7.94857	5.79358
-6.84678	4.18581
-7.99891	3.81442
-7.83785	3.06326
-8.78997	5.75371
-6.32332	4.45851
-5.37746	4.25896
-7.87317	5.11787
-6.81133	4.8602
-8.33469	4.49789
-7.70577	4.80579
-7.20692	3.88311
-5.85365	4.82034
-7.94341	6.18527
-7.77911	5.63984
-5.57281	5.55737
-7.5183	5.73429
-6.64173	5.37855
-6.98868	3.95809
-8.0887	5.51102
-8.29487	3.54945
-7.52059	4.93614
-7.97924	4.5691
-6.64016	4.05525
-7.53236	4.58221
-4.96033	5.03981
-7.04225	5.0042
-7.40498	4.84841
-7.42317	3.10089
-6.04408	3.80525
-7.64128	6.42006
-4.11816	4.43695
-7.13068	7.5347
-6.60605	6.1948
-7.74652	4.32434
-6.72285	3.24671
-6.35871	5.51099
-7.84082	6.91528
-6.69885	3.25038
-6.24684	3.5243
-5.80563	6.6078
-7.89208	4.34252
-7.75755	5.53445
-7.91658	5.64627
-4.98042	3.90954
-6.91294	4.91275
-5.6234	5.45778
-7.80771	4.06966
-8.28075	5.06507
-6.53035	5.60324
-6.3917	5.52411
-6.97328	5.2077
-6.85161	5.99016
-5.70262	4.4128
-8.34779	3.48551
-6.22592	5.49744
-5.28951	4.35676
-5.74146	3.95755
-8.58567	4.85987
-6.42093	3.48024
-7.27083	5.89529
-7.37381	6.18237
-4.65187	5.34206
-7.63837	7.46777
9.33456	8.33835
-7.17871	6.07621
-6.26751	5.50587
-7.66293	6.57959
-7.27175	5.44135
-6.39314	4.97084
-8.45885	6.03236
-7.58292	5.79031
-5.18981	2.39124
-6.29599	5.16782
-4.63121	4.26224
-7.63224	4.14119
-9.01576	4.49292
-8.43635	3.87031
-7.06158	3.69118
-9.00032	4.63134
-7.31605	4.6732
-6.09853	4.10506
-6.82738	3.48561
-7.15756	5.44878
-6.73775	5.4971
-6.92411	4.43004
-6.27538	4.45781
-8.67777	5.88113
-6.80175	6.07597
-8.32165	7.27643
-8.3648	4.44569
4.94189	0.701523
-7.85465	5.68394
-6.75363	4.85827
-6.8463	2.89
-5.58537	3.25311
-8.16518	4.19693
-5.86855	6.63891
-8.26715	4.59132
-7.52076	5.79861
-7.25336	4.71709
-5.80472	5.56427
-8.41746	3.38508
-8.72043	5.51093
-7.94017	5.37002
-7.5271	5.12229
-7.9677	3.96219
-7.83025	4.84108
-6.59805	6.46249
-6.67684	5.27003
-5.59268	5.39352
-6.58527	4.56453
-5.16562	4.33595
-7.09759	5.58223
-8.60025	5.97619
-8.21703	2.72389
-7.52647	6.84555
-8.37633	4.24742
-7.27035	5.77056
-7.89989	4.14143
-6.00805	5.8366
-6.38474	4.59566
-7.90068	5.81147
-7.43893	5.72285
-6.37435	5.22047
-8.00726	4.07879
-7.16332	4.30655
-6.87019	5.53222
-6.47871	4.43568
-7.04752	5.27338
-8.00326	3.54389
-6.57913	4.34111
-9.10565	5.29314
-7.02191	5.45228
-5.86319	4.89598
-6.81267	5.01207
-7.62718	4.70618
-7.52663	4.86027
-5.20639	4.1476
-7.39005	6.32199
-6.26412	6.52964
-8.84357	3.95983
-7.41246	7.19355
-6.42774	6.41144
-6.88318	6.31479
-6.41983	5.17149
-7.69906	3.32763
-6.0228	5.09108
-7.64945	7.6849
-6.89174	5.58192
-6.94777	6.5122
-6.07044	3.23709
-5.99772	5.202
-8.10748	5.35941
-5.16616	5.27981
-7.19875	3.99782
-8.27806	4.27535
-6.52041	4.02095
-4.43753	4.88703
-5.24619	4.52883
-6.30054	5.83701
-7.43948	5.79266
-7.51517	4.3881
-7.05612	5.48534
-5.386	3.79162
-6.69829	6.37177
-4.8928	6.38836
-7.88599	4.15006
-8.84471	2.99018
-8.85529	5.85875
-6.89226	5.02184
-7.8017	3.10457
-6.63314	5.78196
-5.48515	2.90427
-6.32653	5.08413
-5.65678	5.03925
-7.94107	7.68179
-7.83704	4.69691
-7.36876	5.56215
-6.14757	2.89596
-6.53473	3.87289
-5.83254	5.17003
-6.24805	3.58146
-8.35005	3.76502
-7.37775	5.06178
-5.63341	5.07489
-7.94021	4.08016
-5.79886	2.40297
-9.0002	4.4553
-6.10896	3.84165
-5.49426	4.89721
-5.82826	4.599
-6.72337	3.55389
-4.65267	4.66512
-7.19388	3.22573
-8.31206	3.04886
-6.48389	4.50059
-5.0066	3.19944
-7.30698	6.10144
-8.25223	6.28836
-7.43181	4.73591
-6.30949	5.1092
-6.03997	3.19701
-5.70872	3.31122
-8.05293	5.67315
-5.17146	3.27138
-6.07702	4.65132
-5.52606	6.27236
-8.08889	4.96908
-7.0768	4.63368
-7.74308	3.44997
-8.60336	5.26086
-7.2967	4.88075
-7.88427	4.51548
-9.06376	3.59084
-8.0321	5.00878
-6.77352	2.81435
-7.03633	5.30007
-8.29495	6.012
-5.74359	4.51704
-6.6158	3.58229
-8.24316	5.74823
-7.14623	6.34425
-7.68187	4.10052
-5.84581	3.97937
-5.36686	5.16118
-7.3939	3.98563
-6.22093	4.79731
-8.27625	6.19852
-7.76563	4.0994
-5.55286	2.68071
-8.96505	6.81417
-7.72087	3.66744
-7.62848	3.45371
-8.14149	5.13724
-7.72413	4.00598
-8.87129	5.24686
-8.20671	4.35726
-7.14768	5.47849
-7.03155	3.20545
-6.96982	4.65048
-9.01295	3.86744
-6.18194	6.01951
-5.21989	4.95677
-5.30593	13.4006
-7.07962	5.08523
-6.63983	6.0754
-8.55402	4.10883
-6.98893	4.39256
-8.09511	3.76021
-6.2225	4.02891
-4.95452	4.16666
-7.57307	5.16017
-9.08563	5.57911
-5.70845	4.36834
-6.36445	3.65857
-7.16742	3.3145
-7.72021	4.22845
-7.33265	5.28844
-8.57845	5.27558
-5.73203	8.09475
-7.16318	5.04496
-5.53124	7.19641
-7.21988	3.75612
-6.74367	4.82024
-6.11258	4.23794
-7.34592	5.50656
-8.60207	4.37941
-7.44966	4.06021
-7.91638	7.55147
-7.27353	5.63867
-6.64087	6.13666
-6.66567	5.48922
-6.69087	5.50922
-8.52015	5.08379
-5.61247	5.62197
-8.11809	4.89836
-8.6184	3.83309
-7.63023	5.73816
-6.68731	5.97048
-6.4287	6.10438
-8.52689	4.71823
-6.79898	5.81101
-8.04816	3.76973
-7.59868	5.053
-7.94129	5.11706
-6.76584	4.64566
-8.51213	3.04386
-6.72061	3.6802
-7.32496	8.86951
-6.46871	3.75177
-8.68014	4.43214
-6.20572	5.40072
-5.85836	5.94417
-7.34896	5.95122
-7.44783	4.12231
-7.67653	4.29331
-5.42622	4.38992
-5.08354	5.84865
-5.08096	4.16802
-9.23015	4.69908
-4.76692	4.04256
-6.49251	3.14189
-6.99834	4.26402
-6.26575	3.8919
-6.89011	5.84244
-7.27168	3.24343
-8.50062	3.50622
-6.16593	4.88289
-6.70348	3.53901
-7.48317	5.44577
-6.11929	3.51361
-8.76895	4.83385
-7.91158	5.77104
-5.1755	4.36011
-6.59139	5.68354
-7.04294	5.2137
-7.54658	6.46993
-6.61001	3.00956
-6.95367	4.14292
-8.27789	5.58222
-7.14293	3.3129
-7.6546	5.03404
-8.32977	4.36121
-5.64872	5.10549
-8.77078	5.16771
-7.4811	4.59121
-6.89281	3.82401
-7.67192	4.68833
-8.65406	5.06098
-5.41882	6.28727
-6.8098	4.65071
-8.48733	6.29627
-5.93034	4.38456
-5.81188	5.00391
-6.81527	4.94195
-5.78665	5.58287
-6.33482	4.60993
-6.44636	5.87037
-7.72542	5.60822
-7.21006	5.74887
-7.04074	4.39005
-8.27453	4.43335
-6.02756	5.19126
-5.47714	3.27963
-7.70521	6.01515
-8.00566	5.21262
-6.63208	4.02811
-6.39459	6.1729
-8.78504	5.15137
-7.74527	5.38463
-6.73407	5.98789
-7.79697	5.81556
-8.72991	6.7499
-7.87583	4.02554
-8.10254	3.65435
-4.39793	3.56352
-5.02285	3.18934
-6.88548	5.57279
-7.37185	3.01637
-6.11358	6.03721
-6.24443	5.19148
-8.90109	4.93465
-7.47291	5.83542
-5.63707	4.72599
-7.13754	4.40388
-8.84541	4.47904
-8.21115	3.62112
-6.98542	4.70765
-7.0733	6.17772
-6.41837	3.87552
-5.18289	5.75007
-6.31561	7.40977
-5.84921	7.0552
-3.75955	3.74407
-6.12182	4.71826
-5.39878	4.59464
-5.66784	5.32446
10.7521	-7.7817
-7.51195	6.92631
-4.56554	4.64049
-7.50614	5.33564
-7.48991	2.95743
-8.23752	4.26632
-6.93634	4.922
-8.33054	3.17083
-7.83064	5.14373
-8.93861	4.28219
-4.98226	3.71422
-6.35042	4.03171
-8.5134	4.74155
-5.56651	5.5693
-7.49646	4.26074
-7.07346	4.6109
-6.48778	5.73203
-7.01187	5.21408
-5.95551	4.05291
-8.03621	5.45403
-6.09637	4.69512
-7.41975	4.7738
-8.9562	4.07357
-7.48603	5.20347
-7.50218	4.66561
-6.41067	4.86662
-1.61275	0.131155
-6.47631	3.05776
-7.11581	5.14293
-5.43574	3.91232
-6.14603	3.92767
-7.13679	3.32871
-6.5325	4.21247
-7.62187	4.24917
-5.99253	4.6368
-9.18537	3.91984
-5.38077	5.8044
-8.35488	3.69254
-7.28021	4.76529
-8.09687	2.90143
-6.54758	5.1035
-8.58114	3.07606
-7.98743	5.05478
-8.81426	6.46234
-8.32893	4.39165
-8.84612	5.64943
-7.12022	3.68252
-7.26079	3.75281
-6.34194	3.99689
-6.84058	5.32776
-7.53052	6.20019
-6.48778	5.72488
-6.3269	4.27278
-6.49188	5.53367
-7.16807	4.274
-8.69196	6.5715
-4.64684	5.71935
-7.63327	4.06796
-8.27714	5.74498
-6.49224	6.0664
-6.11508	4.77832
-6.15846	3.87081
-5.52859	4.95139
-6.86734	4.02752
-6.87376	4.0935
-6.4202	5.52694
-5.51164	5.2887
-7.63833	4.47774
-8.59397	4.83064
-6.71012	3.67102
-6.55849	4.26359
-8.68048	4.80318
-9.16625	6.16914
-8.34519	7.29746
-7.70837	3.74075
-8.19455	5.09145
-6.31411	5.62253
-4.95758	4.99691
-7.1321	5.27778
-9.0151	6.02868
-7.26987	4.85365
-4.59876	4.37665
-8.62794	4.74884
-4.11614	3.83418
-5.12936	7.25402
-5.98031	3.54201
-6.8534	5.84891
-6.57204	5.01993
2.48004	8.41254
-6.81378	3.56653
-7.57737	3.28985
-8.4193	5.15332
-7.58082	4.46926
7.0981	4.57409
-8.20847	5.31216
-7.46676	4.32621
-6.65695	3.71377
-6.41532	4.39909
-7.13355	4.11793
-8.56843	4.50425
-6.64951	4.80424
-7.84503	5.95274
-6.05004	3.98178
-6.2984	3.44982
-6.96613	5.87392
-6.45822	6.60058
-6.16469	5.84812
-5.02187	3.96897
-8.08575	5.08234
-7.22572	5.18056
-6.58416	5.80155
-7.54433	5.17916
-4.98497	6.41024
-5.32575	2.92363
-6.91346	5.66338
-7.37206	3.87477
-7.73268	5.88769
-7.69571	6.02347
-8.87642	3.9106
-6.29091	5.65776
-6.93108	5.17341
-6.4335	5.99901
-7.19472	4.92056
-4.04115	4.65046
-7.02818	7.63178
-5.06569	6.18383
-8.28117	3.74044
-8.28685	3.2308
-7.22402	5.80871
-7.57305	3.21747
-8.07955	4.87625
-8.05552	3.40487
-6.04577	4.40217
-7.3787	5.12444
-7.3083	5.5653
-6.67675	4.67245
-7.13516	4.07735
-7.02599	5.69758
-5.38432	5.83408
-7.04102	7.44853
-6.49886	4.68466
-4.98912	4.32319
-8.77006	6.26279
-6.9262	5.13456
-5.63658	6.12696
-5.14356	4.28448
-7.43414	3.7109
-8.41839	4.53776
-7.14186	7.2819
-7.6215	5.05851
-8.09213	6.10715
-7.15702	3.12286
-6.01918	3.89319
-6.52454	6.92618
-8.41121	4.23912
-9.13638	3.99773
-7.61586	5.61463
-7.28954	3.41766
-7.16098	5.33841
-8.04221	4.77295
-5.68833	4.98953
-7.68391	3.54089
-5.79714	4.6527
-7.22542	5.31632
-8.23246	5.20678
-5.12187	5.26754
-7.14719	4.35453
-5.30492	5.68141
-6.20706	3.41944
-6.52198	3.86877
-8.07946	5.2893
-7.04807	3.0599
-5.05697	5.68477
-8.03732	5.11738
-7.70361	5.18462
-6.02847	5.33467
-6.36858	7.48879
-7.38438	4.6074
-5.2204	5.78472
-7.01403	3.4196
-7.7982	4.96535
-7.79547	5.94814
-8.05557	4.72728
-6.41034	3.7701
-5.65163	5.1815
-5.82741	5.12636
-7.30331	5.09342
-7.08609	5.07377
-7.89052	5.65349
-6.50446	5.93717
-6.75303	5.69212
-7.71856	3.64055
-6.64368	6.4973
-8.94255	5.00841
-8.69249	3.96172
-7.30764	4.03651
-6.81512	4.28465
-6.09807	3.53623
-8.14455	4.28765
-4.69533	4.8568
-6.99274	3.57036
-6.9694	7.32336
-6.02539	5.18806
-6.49404	4.85385
-7.5361	3.97884
-7.39524	5.05648
-7.70106	5.53929
-6.82118	6.33867
-8.05433	8.53429
-7.68153	5.49579
-8.3408	5.81859
-9.16279	5.68455
-7.44628	5.29931
-6.73958	4.9578
-7.57691	5.05605
-7.13782	4.69299
-6.2355	4.68307
-9.01343	5.53987
-7.94379	5.42431
-5.8508	3.49993
-8.40131	5.91423
-5.62694	4.30646
-7.53651	2.78282
-6.9309	4.55603
-6.33652	6.23027
-6.32533	6.5052
-6.88211	4.43164
-8.56381	5.22133
-9.18614	4.81578
-8.76886	4.05778
-4.49177	4.6656
-7.49338	5.00188
-9.03944	3.85634
-8.10042	3.19216
-5.41894	7.69566
-8.43936	4.99479
-6.5089	5.14558
-7.57456	5.59858
-7.04693	4.19274
-5.99947	4.33682
-7.83324	4.61867
-8.46235	5.15303
-6.8642	3.3225
-5.69942	3.91724
-8.67646	3.33011
-6.91122	6.87311
-6.50724	4.36471
-5.89545	6.91999
-7.96495	5.37341
-7.06897	4.25289
-7.5524	5.35782
-7.85561	3.34378
-6.72867	4.92076
-7.07508	3.25223
-8.53211	4.74903
-7.46754	5.03622
-6.09578	4.68135
-6.1824	4.60232
-6.09683	3.99811
-8.65445	4.4658
-7.86453	4.74349
-6.14574	5.65465
-7.70826	5.13398
-7.00091	4.31105
-5.86482	4.3958
-5.22945	10.8947
-8.01395	7.26316
-7.52753	3.50145
-7.89913	3.43409
-8.6588	3.82108
-8.62624	5.79112
-8.22134	5.56184
-6.66102	6.36691
-6.32487	4.04886
-4.70607	3.75644
-7.27226	3.52407
-7.90062	5.325
-5.57508	6.1979
-6.4892	6.1844
-6.92101	4.19386
-6.2518	5.99256
-5.62477	5.56826
-7.29419	5.30784
-6.11638	5.29522
-6.82017	5.24294
-8.13542	7.42043
-7.7374	5.47823
-8.08753	4.43084
-7.79253	4.66358
-8.87978	4.33399
-5.94285	5.75188
-4.79703	5.64446
-9.00962	5.58412
-6.64158	5.20838
-5.07262	6.90712
-7.86492	6.33939
-5.93362	5.73531
-7.91516	3.15363
-8.2004	4.34049
-7.81934	5.64576
-5.99105	5.58639
-6.04233	4.07324
-7.56807	6.58772
-6.71691	4.1802
-7.14544	4.81761
-7.12247	4.26208
-8.07549	6.45714
-6.93654	4.52172
-7.47998	5.85761
-8.41848	4.32954
-3.8261	3.29034
-6.39516	5.26488
-9.00292	3.56673
-7.03339	4.82854
-5.87464	5.70283
-8.15463	5.27088
-6.33815	5.9093
-7.35207	6.11241
-8.33183	6.1956
-8.46973	5.30371
-6.75962	4.53011
-7.974	5.899
-8.30871	7.47215
-5.26443	6.57242
-6.69885	5.14102
-7.51573	6.89971
-2.26846	9.14363
-6.18863	3.10388
-8.06872	3.07568
-7.06657	3.35223
-7.02875	3.30241
-6.65124	5.20462
-7.26801	3.91543
-6.70202	5.20504
-7.19702	3.43078
-7.53962	4.53057
-5.57647	3.70102
-4.90577	3.77926
-6.79556	5.77618
-6.58119	5.77599
-7.79611	3.66885
-6.24666	3.80058
-7.78928	4.92179
-8.65357	6.55501
-6.99244	3.99304
-7.14394	3.976
-6.94787	6.64093
-7.24345	3.59304
-6.14622	4.25542
-7.46125	5.61022
-7.15188	3.97144
-5.48997	5.83694
-8.43773	5.74835
-6.83851	3.78289
-7.91107	4.77427
-7.14531	5.48561
-7.7204	6.03492
-6.36188	4.30526
-5.98663	3.8771
-6.66879	6.96646
-8.52428	5.77284
-7.18192	7.09015
-5.34285	6.59229
-7.26583	5.5074
-6.24045	4.78574
-4.8528	5.02978
-8.77043	4.76092
-3.98222	5.22381
-7.71362	4.27694
-7.16272	5.04037
-6.37461	4.38672
-4.62956	3.66808
-5.45338	5.31991
-9.07593	5.08985
-6.10081	5.36469
-7.56625	4.38204
-6.22729	4.52086
-5.7096	3.05875
-7.90266	6.26684
-8.65162	4.71577
-4.95444	3.5085
-7.45833	2.94141
-6.2667	4.23123
-7.89548	5.35483
-7.57904	5.74798
-6.53561	3.9285
-6.94196	5.03859
-8.34482	3.88321
-6.92649	3.90687
-7.31857	3.1558
-8.17729	4.83478
-6.8121	5.37039
-6.36741	7.33396
-6.17886	5.38888
-6.47328	3.19206
-8.5332	6.79725
-3.80893	4.24543
-6.57631	6.33911
-7.56673	4.61755
-6.78512	4.41355
-6.22309	4.75546
-6.5003	3.93018
-6.30497	4.71253
-6.18914	5.91382
-7.34208	4.84057
-8.73024	5.40003
-5.74932	2.49093
-8.783	6.6243
-5.6428	4.89547
-6.68354	4.95021
-8.55199	4.11095
-6.77918	3.1914
-8.42512	4.5954
-6.57094	4.23395
-8.77007	6.13645
-8.8887	4.58729
-7.40835	3.67663
-5.14086	5.32947
-5.54417	4.77209
-8.84513	5.43463
-7.93029	4.54891
-6.55567	5.13275
-6.4269	5.19065
-8.82946	6.78664
-7.98262	5.70553
-6.65042	5.16779
-6.88265	3.97154
-5.78551	2.91916
-8.90269	4.72432
-7.13347	4.5004
-7.62759	5.59795
-6.71674	7.05764
-8.12578	4.17893
-7.51153	6.97363
-5.76642	5.51767
-8.29396	5.18205
-6.51536	6.17188
-7.10176	6.07491
-6.09875	3.95214
-7.60025	3.63324
-6.2871	5.18784
-8.71126	5.83916
-6.82884	5.16053
-6.54856	5.74064
-7.92097	5.84446
-8.54696	5.25029
-0.683611	1.63462
-5.68126	3.1406
-8.0634	4.63319
-6.24218	4.59559
-7.47549	5.13756
-6.54265	4.68194
-6.63577	5.05961
-8.21437	5.31738
-8.56645	5.49147
-6.76779	8.99412
-5.85495	3.89482
-8.9176	6.39769
-4.80167	0.606869
-7.76758	4.28322
-5.34204	0.543628
-6.95782	6.4703
-7.66019	3.56939
-6.51459	5.51453
-6.74645	4.94131
-3.45505	-1.52515
-7.36098	3.35772
-6.71566	5.31985
-8.22038	3.56956
-8.75317	4.54296
-6.27783	4.41032
-8.99133	5.5701
-6.01172	3.82116
-8.89864	5.1129
-8.99377	5.01552
-6.7902	6.04783
-7.96192	4.60267
-5.74622	3.63288
-7.517	6.26022
-8.92539	5.72785
-8.50285	5.46238
-7.32406	2.94264
-3.68081	3.39023
-5.225	2.7507
-7.35018	4.76356
-7.15635	5.04381
-7.26066	4.7549
-8.42332	3.92688
1.3759	8.69388
-5.56209	6.68889
-8.9288	5.20499
-7.46356	5.05209
-6.41462	5.20888
-6.50087	4.79151
-6.6812	3.67881
-7.25953	7.04503
-7.7705	5.63004
-4.05573	7.22972
-8.20678	4.47794
-7.51585	6.69598
-7.07196	5.82658
-7.34253	5.0934
-5.63377	4.2832
-7.60144	3.12549
-4.81743	3.53076
-7.72932	3.50766
-7.66573	3.55091
-8.03592	5.77448
-7.24056	5.67745
-8.5339	4.28395
-7.6514	5.26804
-7.84414	4.01188
-5.63699	4.73797
-5.61743	7.37182
-7.37188	5.35629
-6.22302	5.26709
-7.44114	4.38532
-8.28285	3.85939
-4.99355	5.57179
-7.35484	4.59345
-7.50007	3.88673
-5.77746	5.16217
-8.17352	5.07809
-4.73431	3.48544
-7.48175	3.55465
-6.04448	6.0018
-5.72972	5.40279
-5.29352	5.14077
-7.55199	3.14304
-7.56306	6.06066
-5.02913	6.70886
-6.56379	3.43761
-5.88928	11.6885
-8.0056	5.7313
2.44699	-4.21246
-2.34924	4.19063
-6.6251	4.11896
-7.21205	5.88146
-7.3315	5.12247
-6.32591	4.67735
-1.91495	2.86936
-6.75691	4.48969
-7.18866	4.63157
-7.33698	5.98377
-8.57072	5.57666
-5.20429	5.65031
-8.34694	3.56077
-7.42621	3.98456
-7.04151	5.86975
-8.12942	5.73634
-7.85354	5.27733
-6.19016	4.80715
-6.29897	4.86615
-7.28717	4.39104
-7.81968	3.66073
-5.31028	6.75735
-5.14261	6.51387
-9.11738	6.99116
-8.29903	6.32533
-7.84652	3.45103
-6.63944	4.45011
-5.94615	5.21134
-6.22459	4.75052
-3.86605	3.3891
-8.33136	6.30721
-8.47284	7.11204
-7.1649	3.03773
-8.06599	4.97855
-8.46769	7.79048
-5.77278	3.14865
-5.64679	5.80459
-8.24788	5.83727
-7.7439	3.14439
-8.06114	3.68087
-4.46244	3.98119
-5.97518	3.97155
-6.9799	5.76661
-6.22157	3.95996
-8.59456	3.66779
-8.40494	4.45701
-7.02437	4.72155
-6.52511	5.22985
-7.54386	4.1312
-6.65473	5.88911
-5.4933	5.94584
-5.52676	5.4118
-7.27394	5.52949
-8.35424	5.6223
-6.83017	5.38289
-7.56326	5.02628
-8.19978	5.60903
-6.9256	5.4443
-6.75723	3.50227
-6.87049	4.6491
-8.09102	4.77656
-4.95865	5.91007
-5.64025	2.9705
-6.53106	3.10965
-5.53382	4.07396
-6.57999	7.10794
-6.89244	6.02021
-6.32377	4.66301
-8.64948	3.97546
-5.75989	5.20707
-7.92911	3.27968
-7.62808	5.00258
-7.2872	5.82398
-8.36976	3.31997
-6.49957	6.25818
-6.31629	5.4085
-6.28193	5.67233
-7.39389	4.40398
-7.43694	5.04164
-6.30024	4.45194
-7.54747	3.5523
-5.13416	4.95422
-6.77525	5.26297
-7.28858	6.05896
-6.34949	6.9848
-6.35333	4.57833
-7.91754	7.98755
-6.16574	4.56115
-7.66468	5.3263
-7.38634	3.55672
-8.17693	3.232
-5.61007	5.20524
-6.69189	4.89578
-7.63282	4.26529
-6.68932	4.07152
-6.23048	3.45744
-6.27531	4.88287
-6.26837	5.39835
-7.18045	4.88652
-7.4657	5.505
-5.95791	3.99206
-8.24405	5.93921
-6.63241	4.67938
-7.59062	5.64904
-6.36696	3.30431
-7.11905	3.65201
-7.05057	4.92261
-7.97233	4.47528
-7.05072	4.80055
-7.65336	5.47733
-4.73032	5.09312
-8.13979	3.96321
-7.99842	3.70323
-7.64341	4.49111
-6.61627	4.06582
-6.53546	4.25502
-7.16158	6.856
-6.27514	6.12822
-8.97496	5.77432
-6.65185	4.08257
-6.97761	3.98413
-6.07049	4.32229
-5.89833	5.43025
-7.18419	4.45243
-6.91452	3.92468
-7.79178	3.18499
-7.88124	5.25031
-8.5747	6.40114
-6.23006	5.15363
-8.9177	5.43414
-6.08792	4.73822
-6.29871	4.14161
-9.11336	5.26076
-7.7752	4.48008
-8.8224	7.59295
-7.36071	4.79309
-6.49063	5.71773
-6.3721	4.55762
-6.37324	4.32262
-6.78116	4.51627
-5.62522	4.642
-8.396	4.93505
-6.22818	3.66131
-8.62679	4.93529
-6.65502	4.56862
-7.62497	4.62892
-6.85335	5.57302
-6.8556	4.18149
-7.67878	5.32905
-6.15078	4.52781
-6.60717	3.27009
-8.27798	3.85793
-7.05005	5.74982
-9.17594	7.84922
-4.78208	2.5673
-6.40739	4.23319
-6.39479	4.25093
-4.39742	5.97292
-5.00575	5.34721
-6.28814	5.1384
-6.24732	3.48422
-6.42927	5.03311
-5.41079	4.78295
-8.75461	7.39983
-6.39871	3.56697
-5.94518	5.63299
-6.98158	5.48914
-5.94909	4.25156
-7.19646	5.74034
-7.00218	3.19026
-5.04675	4.25523
-5.76322	6.52444
-6.35382	4.61784
-6.66764	3.381
-8.30032	4.87906
-7.95038	5.76537
-7.73245	4.90641
-5.63372	3.72654
-7.57992	4.21621
-5.71282	4.56788
-6.0043	5.23437
-6.79544	3.26431
-7.23164	4.03057
-8.16165	6.07255
-8.02846	5.7238
-7.1774	3.29477
-6.13253	4.38616
-4.2499	5.25983
-5.90851	3.14593
-8.22938	4.5035
-6.37596	5.80575
-6.13149	6.76285
-8.56326	4.08819
-6.99997	5.62434
-8.21084	4.88006
-7.32548	5.59087
-8.12562	4.80017
-1.57677	12.2573
-5.69243	2.91922
-8.81256	5.28899
-7.31589	6.11373
-6.43371	5.88839
-8.49199	4.52517
-6.18091	6.46073
-8.25131	6.18295
-8.28899	5.96466
-8.49903	6.20215
-8.9798	4.96159
-6.9881	5.08819
-7.31281	3.52462
-5.39714	5.77357
-8.49494	3.63617
-6.90711	5.31724
-6.85035	3.20611
-7.98589	8.45897
-4.61721	4.31209
-8.63014	4.64453
-8.68733	5.68981
-6.22788	5.05465
-6.96638	5.71151
-7.9614	8.06334
-8.23929	4.50706
-6.58446	3.12803
-6.47907	5.27921
-7.68936	4.01197
-8.49898	4.25784
-7.1382	6.10697
-7.72567	5.4172
-7.49592	3.26466
-7.25589	5.62229
-6.88816	4.74661
-6.04413	5.71047
-6.31417	6.06705
-5.4865	7.21767
-7.35548	4.58281
-8.5541	3.31468
-8.39115	4.15315
-5.21703	3.10124
-9.00802	4.92865
-7.68857	6.28239
-7.14675	4.46667
-6.32074	5.52117
-6.06976	5.58365
-8.06663	4.8055
-7.5119	5.15199
-8.41722	6.05726
-9.00278	5.35762
-5.73147	5.58367
-5.9033	3.46462
-7.59707	3.61881
-7.07075	5.54296
-6.76347	7.10185
-6.91337	5.63784
-6.59493	4.79952
-6.31517	3.63994
-6.2259	3.17712
-7.87936	5.25622
-7.34196	6.31821
-8.39588	5.3139
-6.34262	4.57002
-6.91103	4.30126
-7.28018	4.52099
-6.26015	7.34115
-7.12364	5.59297
-6.64348	2.935
-6.42636	4.27108
-7.44401	5.03768
-5.67053	2.35134
-5.07885	4.79635
-6.14743	5.75211
-6.50672	5.88712
-7.66546	4.47795
-8.65691	6.49343
-8.2881	6.1725
-7.6395	5.37117
-7.12133	5.10592
-8.09066	3.83175
-7.39614	5.38928
-5.30105	6.70589
-7.53319	6.18144
-8.52493	7.66071
-8.1702	3.3401
-6.77956	6.74383
-6.57173	5.73436
-7.34759	5.86743
-5.91927	4.78177
-7.8113	5.83102
-7.70308	5.82019
-6.11243	5.49156
-6.71158	3.19284
-6.07376	5.12539
-8.53096	5.6981
-7.88602	5.53959
-6.99137	6.24115
-7.947	5.42791
-7.80396	5.64668
-7.22956	6.02941
-6.22088	4.65509
-8.0636	3.12126
-6.72799	6.51932
-6.7806	5.55731
-4.8582	6.27803
-8.51733	6.24738
-7.41158	7.10149
-5.78536	2.82699
-7.98953	6.42212
-8.74168	6.49093
-5.96054	5.09076
-5.46527	6.60344
-7.44137	4.81804
-4.54277	2.89976
-8.2339	3.82333
-8.25234	4.52633
-7.75242	6.01935
-6.65631	5.85849
-5.67766	5.17146
-6.66287	4.94247
-6.0067	6.74122
-4.62888	3.8609
-6.91183	3.68523
-8.71982	4.19884
-8.7085	4.29105
-9.1428	5.57776
-8.21296	5.31985
-7.29033	3.69784
-6.07532	5.92971
-7.82675	4.52446
-5.88264	4.07263
-6.40212	5.21259
-6.49337	5.87037
-8.69841	5.09694
-4.41822	4.92947
-7.15827	6.60249
-8.61208	5.79619
-7.23879	4.01137
-6.29322	5.54643
-7.98731	4.10582
-7.09702	4.53506
-5.91701	3.45272
-7.12061	4.08999
-2.92412	5.63059
-5.98315	3.63254
-6.56365	3.70647
-6.00283	4.81709
-6.695	3.77939
-7.10348	7.11293
-4.53157	4.02145
-6.03081	4.98063
-7.10469	6.37007
-5.39076	4.58114
-6.36363	4.58004
-5.71959	3.65798
-6.98224	4.70591
-6.91439	4.73071
-4.28726	3.60894
-7.18485	4.99733
7.8203	-6.90324
-7.20478	7.03869
-9.09778	3.41865
-7.39829	5.49337
-7.04151	3.1545
-8.29222	5.82226
-7.95869	4.93843
-5.46276	4.67468
-7.11564	5.5576
-8.63458	7.35824
-4.62357	3.66285
-5.59879	5.59228
-7.32596	5.95673
-8.37675	5.61165
-8.18647	5.58153
-5.10938	4.29105
-7.93496	3.70168
-6.59165	5.91854
-7.98753	5.70043
-5.76471	3.22387
-8.1136	5.86431
-7.37619	6.49905
-7.8935	3.54431
-5.57494	2.88554
-8.03479	3.61286
-5.20427	2.5536
-6.38107	4.54304
-5.58765	5.28551
-7.85014	4.71794
-9.03606	3.48131
-8.29237	3.73878
-6.88399	4.37047
-7.42626	6.38296
-7.05372	3.02731
-6.16908	2.88812
-8.53212	4.63974
-8.06914	4.12118
-8.99564	6.19855
-6.0674	5.78713
-8.01241	6.13602
-7.46968	3.39456
-8.70163	5.93374
-6.52496	3.70776
-6.23157	5.49827
-7.27969	3.11639
-6.67799	6.8064
-8.71148	5.22343
-6.83207	3.10163
-8.22993	6.70765
-8.25325	4.53845
-7.95408	6.18554
-5.16699	4.90597
-6.27029	4.78068
-3.53177	3.03049
-7.56678	5.57169
-7.2474	6.53893
-5.71338	5.09462
-6.127	5.89743
-7.25845	3.24136
-2.89732	-11.5888
-5.92304	6.45626
-8.54265	5.08533
-6.41466	3.91298
-7.3129	4.19022
-6.18842	3.25144
-8.108	5.50682
-6.71241	5.85393
-7.98284	3.38764
-6.22094	3.43196
-5.8495	6.92242
-5.80813	5.74853
-6.94074	3.83546
-5.0492	4.56943
-6.16884	6.22034
-8.11123	3.01977
-6.72754	4.24871
-8.68916	5.80215
-4.60558	4.6445
-6.51569	4.63015
-7.36532	5.39388
-6.21262	3.39046
-7.18738	5.65752
-6.697	4.15706
-5.82616	4.41512
-6.78911	4.49856
-6.29394	3.50202
-7.57025	3.15284
-5.02552	3.81524
-5.61569	3.65463
-8.97671	4.79057
-3.78609	6.65492
-6.45278	4.52987
-7.39604	5.36584
-5.9445	3.00818
-7.85833	5.4563
-5.89238	7.03038
-8.62725	4.44012
-8.28116	6.38787
-7.85324	6.63838
-5.69619	2.69246
-7.87469	4.52555
-7.56171	6.24272
-8.7193	6.2931
-5.47447	4.74804
-5.10507	5.26579
-6.39366	4.86808
-6.95031	4.7861
-7.23184	5.65319
-7.31472	4.84893
-6.40632	4.0543
-6.38404	5.79342
-8.07591	5.86172
-6.55123	4.70433
-6.76905	5.75484
-8.33042	3.0891
-7.93925	4.61573
-5.77336	3.34528
-5.60743	5.68664
-8.09814	3.55508
-5.1115	4.73356
-8.21371	3.62544
-5.71185	1.90186
-6.20757	5.87156
-6.63685	6.10695
-3.39007	3.69199
-7.09689	5.92875
-8.08549	4.20465
-8.23193	3.32889
-4.6829	7.40859
-7.01305	5.28729
-7.03339	5.74783
-5.35323	5.11846
-4.52761	2.68803
-6.44775	6.58591
-5.08532	5.36671
-4.28844	3.64262
-6.86955	3.73383
-6.98189	6.3099
-6.57375	3.9477
-8.29557	5.12253
-8.48549	4.2515
-6.11849	5.39429
-7.462	5.44709
-5.95076	4.76561
-3.90567	3.92755
-5.03089	5.15865
-7.85124	6.3325
-7.42001	3.43136
-8.01626	5.03649
-7.39006	3.98692
-6.24952	3.91024
-6.20079	3.64142
-7.86707	4.31104
-7.48626	4.98013
-7.72858	5.42306
-6.60772	4.31024
-4.72011	4.91575
-8.37368	4.31329
-6.257	5.89271
-6.87478	3.26399
-7.45499	3.22192
-6.17588	5.07398
-5.1673	5.23935
-6.99676	4.50787
-6.06307	3.5312
-8.24198	5.05668
-8.41795	4.61869
-7.78545	5.06555
-5.93293	3.87468
-6.16593	4.04007
-5.01839	5.55074
-6.26335	5.15857
-7.31114	3.54923
-7.02585	4.53516
-7.45641	5.70841
-8.40238	5.81083
-7.98545	5.57914
-5.49738	3.71221
-7.0946	4.54622
-6.42431	5.58223
-6.4372	7.17174
-8.14652	4.54045
-5.34934	5.55746
-7.56354	6.33758
-5.53128	4.0285
-7.0658	4.08957
-7.37079	4.85035
-6.82695	5.81644
-8.2563	5.09116
-6.08679	5.16279
-8.767	5.06595
-8.05273	3.50165
-6.45278	4.81623
-8.46443	4.83961
-7.83085	5.56154
-5.71029	5.73008
-8.49224	5.34098
-8.10476	7.57907
-5.49308	6.25817
-8.35537	4.53955
-7.62807	9.00212
-6.43824	9.01664
-8.31017	4.32428
-8.32951	4.17062
-5.79531	3.87912
-6.71967	4.58367
-6.41348	3.1028
-7.68195	6.46186
-8.06928	4.80358
-6.77169	6.11871
-7.16981	5.14497
-6.1972	6.45061
-6.66677	6.72348
-6.51988	5.51483
-6.9244	5.83391
-7.46285	5.3694
-3.37129	3.63533
-7.79736	5.04137
-7.10733	7.02136
-6.50539	4.03464
-7.65605	5.45547
-6.92368	6.14582
-8.16099	3.03318
-8.5648	4.48076
-7.14155	5.00914
-7.39483	5.31809
-8.85946	4.39695
-5.99255	3.30076
-7.83476	3.16606
-4.75632	5.34544
-7.30981	6.51247
-6.22509	5.58857
-7.63832	4.13496
-7.66048	4.63017
-6.13514	7.71985
-6.86468	4.89499
-8.27484	6.58044
-7.66992	4.60296
-7.53747	5.20891
-5.07831	4.54198
-6.10388	4.68658
-6.68957	3.49992
-8.00697	4.77975
-7.88464	5.35521
-0.330517	-3.28933
-6.07861	5.49066
-7.37911	5.70001
-7.12153	3.50987
-0.859668	-1.44378
-6.79149	4.68197
-7.34647	5.25471
-6.94636	4.40211
-5.83865	3.31631
-5.02216	3.20416
3.98211	-5.44088
-7.8332	5.82031
-8.20742	5.70693
-5.01819	4.53454
-6.19519	8.54003
-5.72388	6.55046
-5.44354	4.71461
-6.95339	4.6548
-6.80113	4.35398
-7.17864	4.96744
-6.70444	5.50368
-8.76226	4.85195
-6.24853	4.23122
-9.15483	6.90824
-8.39708	5.14536
-7.82331	4.54452
-6.6061	5.2969
-5.56619	7.24127
-7.41172	3.35005
-7.15013	4.87801
-8.29302	4.96797
-5.93155	7.44045
-6.60617	5.06925
-6.04052	3.50971
-6.52559	3.28956
-7.46304	4.78652
-7.2345	5.74048
-5.87722	3.96312
-6.83755	5.60776
-7.02964	5.08861
-8.23456	3.28879
-5.34119	6.10026
-7.4322	3.50669
-6.76933	4.40426
-8.54545	4.08785
-6.33249	4.2087
-5.43298	3.76386
-8.19621	3.51061
-6.10878	6.41674
-6.78414	4.64327
-7.47525	5.15666
-6.77085	4.5413
-7.55409	6.2956
-7.89883	5.74646
-8.28896	3.44762
-8.5118	4.41281
-5.86601	5.05112
-5.79893	5.92837
-8.24009	3.03191
-6.56045	4.78255
-5.43737	4.49492
-5.64008	5.21351
-6.63184	6.79443
-6.42794	4.74782
-5.29133	6.43869
-7.95314	3.88264
-6.68083	6.75556
-7.86874	5.29425
-6.35667	5.51351
-8.35354	4.60122
-8.57262	2.98702
-5.47554	4.7836
-8.00534	4.30748
-6.60171	3.50603
-8.22028	4.6374
-8.0871	5.32867
-6.38726	4.2203
-7.03227	3.03138
-7.90294	5.20248
-8.54822	3.64532
-6.21137	7.11113
-7.37821	3.14888
-7.46749	6.08116
-6.11745	5.08096
-7.2023	5.10799
-8.32999	3.80001
-5.55098	1.85939
-5.24541	6.7122
-6.44269	4.11566
-7.13415	4.90191
-6.4864	4.98253
-7.54969	5.71906
-6.80514	5.188
-7.55099	4.20055
-6.69901	3.9655
-6.47027	4.30903
-7.68039	4.70359
-7.46569	6.0543
-6.31841	5.87028
-5.36403	5.43748
-6.62355	3.57681
-7.25599	5.62354
-8.26811	5.0271
-6.88102	5.67041
-8.12667	6.59201
-4.10046	4.80729
-6.71882	6.022
-8.77627	5.49465
-6.55796	3.74888
-6.92248	3.91142
-7.11639	3.78563
-7.93586	4.98562
-6.50312	4.48133
-6.98143	6.16072
-4.90281	4.46072
-5.66794	5.02043
-4.91299	5.98386
-6.30926	4.87683
-8.06351	5.22272
-7.78061	5.56767
-5.70161	2.93155
-8.70985	6.34409
-7.0602	3.82825
-7.76677	4.5036
-6.60312	5.77998
-6.2425	5.46959
-8.83716	4.43629
-7.04057	4.43331
-5.84471	3.55609
-7.09976	5.3886
-4.44826	2.55182
-5.73316	2.44755
-6.95977	5.39044
-7.38331	3.29327
-7.11624	3.11005
-7.16523	3.99006
-6.403	5.03192
-8.64403	5.25262
-8.69182	5.45969
-6.4836	3.35191
-6.65728	4.14418
-8.88433	5.65663
-8.89375	5.70042
-7.3474	5.13162
0.640884	10.0928
-6.62813	4.1752
-6.06208	6.1171
-6.9192	3.27742
-7.79071	5.54401
-8.75316	6.39191
-6.14921	4.77772
-6.22971	4.00404
-4.28667	6.38131
-7.68147	3.083
-6.42067	5.61355
-7.07249	3.12989
-7.15647	3.35339
-5.72654	3.91527
-6.68264	5.90098
-8.91288	3.83419
-8.26289	3.22044
-7.606	5.19336
-6.80139	3.29202
-8.38546	4.28699
-7.7262	7.31268
-8.89693	6.67536
-7.00303	3.89143
-3.93629	9.81544
-7.65602	5.06114
-5.4798	4.2508
-6.19427	4.02757
-8.02183	5.8957
-8.82106	5.21867
-8.12559	5.55546
-7.76201	7.42577
-5.95428	6.87849
-6.96337	4.33675
-6.95292	3.65707
-6.60088	5.53153
-5.49135	5.35407
-3.79747	1.33774
-0.374521	-1.9895
-7.11952	6.59759
-6.04167	3.24192
-7.35968	5.28169
-6.8685	4.86732
-6.28635	6.14387
-7.12766	4.60538
-8.43566	5.23311
-5.39302	5.60869
-7.49923	5.9734
-5.34346	4.6032
-6.58975	5.81445
-6.81041	4.88412
-8.2113	3.27132
-6.52628	4.50722
-2.5016	4.59391
-6.10088	3.32762
-8.25754	7.42311
-8.35891	4.41188
-7.49522	6.08486
-8.18433	5.28288
-7.32307	6.5623
-5.9549	3.41327
-6.76883	4.04452
-6.75046	4.6526
-7.39765	5.05296
-6.91994	6.86385
-6.14262	4.85353
-7.52901	3.82549
-6.57488	5.33592
-6.32466	5.7729
-5.86406	4.82732
-7.73823	5.76162
-4.04836	6.44526
-8.84997	5.89159
-7.91651	5.76366
-7.13086	5.99212
-7.34215	3.7901
-6.06754	4.22343
-7.65281	5.71659
-5.74328	6.12586
-6.41042	5.81358
-8.20749	4.49403
-8.82606	4.29057
-5.0904	6.33797
-6.32407	5.16413
-7.00134	3.49979
-6.11598	4.63161
-6.69256	4.70234
-7.80284	6.14551
-8.87034	7.32901
-6.53801	5.15826
-5.42892	5.14503
-7.18271	4.01553
-8.05171	4.49207
-7.15952	6.03365
-8.06021	5.81546
-7.82453	8.47394
-6.31745	4.96126
-7.50089	5.65004
-6.58741	4.65681
-8.53758	2.89129
-6.27268	6.26843
-6.44939	5.96327
-6.00062	4.26549
-7.39106	4.03547
-7.64906	5.89195
-8.25172	6.41059
-6.53928	5.14067
-8.01109	4.87003
-7.99526	3.65777
-8.53593	5.23619
-7.71028	6.16247
-6.77066	6.59522
-6.22041	5.63361
-7.72179	6.0682
-8.82942	3.8483
-6.88067	3.47952
-8.00208	4.49111
-7.10636	6.75054
-6.90602	4.03764
-6.53565	2.96329
-4.80156	4.90395
-8.4203	4.33699
-6.22355	5.05116
-6.94902	4.10781
-5.99898	7.18217
-6.99412	5.29224
-7.14462	4.95976
-6.81338	5.37788
-6.92723	3.47422
-7.7238	5.35205
-7.86879	4.76993
-6.98181	4.13347
-6.94253	3.15338
-6.22728	4.63281
-6.55227	6.04114
-5.28978	2.71616
-6.17079	5.36481
-4.33569	4.35715
-7.5682	6.09465
-5.13838	4.7272
-6.26668	3.86563
-8.61617	3.785
-6.52502	3.35372
-7.02718	4.69002
-6.84149	4.6555
-6.59079	3.74033
-4.49843	3.57907
-5.89818	5.81756
-5.92747	5.0933
-6.91854	4.06392
-8.26258	4.51203
-7.14932	4.37524
-7.12886	6.38075
-8.79229	4.26622
-7.95629	5.08933
-6.66364	4.38384
-7.20863	5.80927
-8.89265	6.99959
-8.8347	4.54261
-4.85373	4.90327
-7.08828	6.05801
-6.43897	3.84723
-6.27835	5.4748
-8.73499	4.9057
-8.31043	4.33892
-5.34615	5.72381
-6.05898	5.16368
-4.91041	0.921397
-5.96225	5.44316
-7.64846	7.28828
-8.85833	6.23842
-7.42893	3.1482
-6.81779	6.54763
-7.5838	3.73421
-7.34439	4.99805
-9.18867	5.52936
-5.14572	7.08489
-7.68418	4.53514
-5.22341	3.90664
-7.23168	6.25184
-7.29383	7.85318
-6.71417	5.60077
-8.07126	5.51659
-6.3799	3.59161
-8.13885	3.70369
-6.81507	3.18129
-6.50365	4.70068
-5.9048	5.29504
-6.2683	4.5118
-4.94072	3.60342
-8.2703	3.02862
-7.116	3.28206
-8.2712	3.7919
-7.81189	3.44442
-6.09851	4.63044
-7.06921	5.10345
-7.55662	3.81651
-5.4813	5.46565
-8.54596	5.82199
-6.44486	3.28517
-6.66957	5.67596
-7.58251	5.48073
-9.02817	5.69399
-5.30084	2.86194
-8.42115	3.87124
-6.5304	5.64597
-4.94656	4.30616
-6.30528	5.6293
-6.51962	5.30476
-5.31191	5.41996
-7.51058	5.70541
-8.59494	5.80821
-7.05266	5.75177
-6.75831	4.16525
-6.77234	5.52967
-8.03034	3.15625
-4.89211	3.27985
-7.43227	6.01049
-6.36719	5.01675
-6.97628	5.87424
-6.37367	4.24552
-6.34172	7.14402
-7.27138	3.81442
-8.7347	6.01858
-5.51049	6.34033
-3.34773	1.13578
-6.87555	5.7345
-6.37929	5.35753
-6.90048	7.11194
-6.17914	6.3637
-6.62538	3.00548
-5.63529	2.96921
-6.2924	5.98399
-6.33142	4.64667
-7.20498	3.92975
-6.71407	4.9038
-5.97237	4.37092
-6.18237	3.06153
-7.67529	4.89313
-8.74553	3.05105
-6.75483	7.62004
-7.79151	4.9602
-5.44284	5.09534
-6.25451	5.08995
-4.6842	5.06811
-6.70475	4.30068
-6.28889	4.50208
-8.09467	5.08727
-7.18517	7.19224
-5.99708	4.08791
-7.35516	4.34862
-7.17927	5.30742
-9.06325	4.0257
-5.8827	4.14766
-7.9442	3.17258
-6.00724	4.66326
-6.2284	5.83435
-5.47425	4.85234
-6.91059	6.43651
-8.32713	3.32942
-7.25062	3.45172
-6.22431	5.17923
-5.80338	4.42115
-7.66901	6.95744
-8.38438	6.6633
-6.79797	5.9598
-6.06136	4.28701
-6.21548	3.17802
-7.63623	3.72506
-7.88729	4.74671
-7.10414	3.92876
-5.91075	6.73274
-1.70837	7.57883
-7.82824	2.86924
-7.63233	5.65342
-8.26626	5.35439
-7.9696	4.8744
-8.12365	3.70062
-6.41606	4.61189
-8.56541	5.72033
-8.75461	4.84367
-8.91934	6.35032
-7.50053	3.9204
-5.4057	4.79405
-7.65138	4.58625
-8.34792	4.00222
-7.59175	6.95716
-8.03928	4.48657
-4.30473	5.82617
-6.93966	6.18104
-5.93845	2.93208
-7.76108	5.65467
-7.16085	5.32826
-8.34112	5.72812
-8.5335	3.19192
-6.79571	4.20238
-7.22022	4.33462
-8.37559	6.18979
-6.0824	6.23292
-6.78322	3.99833
-6.57128	5.69322
-7.23755	5.57091
-8.6191	3.81444
-7.07234	3.84125
-8.50397	6.90603
-7.18952	3.81674
-8.758	3.67224
-6.7278	4.17697
-6.6148	6.00937
-5.75297	4.05768
-5.54199	4.90079
-6.33082	3.24878
-6.833	3.7761
-7.77355	3.27665
-6.84769	7.76566
-4.81174	5.34491
-7.75118	4.33348
-6.30271	5.75707
-7.87402	3.20034
-5.69619	5.14508
-7.65071	3.56789
-6.80801	5.45146
-6.48379	3.73985
-6.48077	5.54969
-6.56587	3.911
-7.16852	5.33316
-6.07967	4.89466
-7.99452	3.84012
-7.16448	5.69712
-7.95399	3.66304
-6.75311	4.98272
-8.12347	5.02524
-7.71343	5.27924
-5.61382	5.0382
-7.6463	4.50725
-8.03478	5.70174
-7.71678	4.90248
-5.49554	5.64509
-7.29926	5.59868
-5.99857	5.76741
-6.64821	5.25738
-6.77875	5.41832
-8.35258	5.04961
-7.55004	4.01961
-8.53324	5.90373
-4.73928	4.14213
-7.42303	5.2287
-6.69387	4.58429
-7.19264	5.14873
-9.06566	5.30338
-8.37182	2.95948
-8.24145	3.42234
-5.12607	4.73176
-7.54957	3.53295
-7.06421	5.00095
-6.90465	6.3514
-6.62065	3.54751
-6.6939	6.26875
-7.20472	5.4613
-8.42761	6.88738
-7.17163	5.7527
-8.23033	6.06519
-9.06512	5.2276
-7.89183	4.97098
-6.89611	5.1238
-7.40619	4.87387
-7.27444	5.8989
-7.94203	6.37414
-6.10367	4.75826
-6.97281	6.24262
-5.96512	4.86242
-7.4941	5.94276
-6.95818	3.99136
-4.58657	6.24422
-6.97451	6.00305
-6.1552	6.12927
-8.74606	4.3679
-6.67018	2.96844
-7.51463	5.86082
-7.20526	5.40901
-6.92265	3.67686
-8.31406	4.15693
-8.35192	6.77586
-7.92304	5.52552
-7.52052	6.00628
-8.76924	4.49632
-6.89842	5.31737
-6.53164	5.41808
-8.46787	5.09716
-6.04081	5.21363
-8.54228	5.88422
-8.2614	4.66821
-6.61613	4.50354
-6.41675	5.64375
-6.40117	4.44724
-7.33089	3.2822
-6.20332	5.71951
-7.88175	3.721
-7.42007	3.82692
-6.57634	3.11784
-7.09195	5.62983
-9.0406	4.98605
-4.3293	6.25974
-7.16234	5.99413
-7.75389	6.01101
-6.68574	3.51571
-6.46699	3.64541
-6.68506	4.80522
-8.09005	6.48731
-6.20348	5.17668
-6.49736	5.0431
-6.94354	6.56127
-5.89817	4.59466
-6.84097	3.64218
-6.2023	4.266
-5.8855	5.0693
-7.81704	5.91509
-8.40086	3.44638
-6.39538	6.88862
-8.91177	5.57768
-7.50565	2.90397
-7.79829	6.44389
-8.45661	4.57289
-6.82142	4.89718
-6.8909	5.09957
-6.53592	5.864
-8.18927	5.86166
-5.98576	5.35938
-7.75886	4.66086
-6.47454	3.0068
-6.75642	3.46668
-5.94942	3.56291
-7.38959	5.51335
-6.78216	4.33991
-6.27895	3.28163
-5.6849	4.62341
-6.36336	6.69502
-6.59818	4.38221
-6.44862	3.55859
-8.21595	8.23069
-6.59926	3.94315
-7.60347	3.56096
-4.93072	3.40495
-8.28719	9.41181
-8.72842	3.84172
-5.82926	6.54956
-7.32774	4.70893
-3.12735	3.20489
-7.10827	5.04493
-5.70589	5.79597
-2.00306	3.6098
-8.43414	3.92059
-7.22008	4.3436
-8.77964	5.81831
-7.70803	3.04742
-6.79719	5.02678
-8.07562	5.17353
-6.3383	4.19862
-6.53534	3.2555
-8.47302	4.97351
-7.67638	5.93212
-6.82526	4.35767
-6.52255	4.23959
-6.33259	4.18261
-4.21897	3.50481
-8.54074	5.42513
-5.05778	4.42302
-6.61152	5.209
-8.09981	3.31628
-7.0289	4.75508
-7.05277	6.66766
-7.85789	5.80693
-8.0989	6.40566
-5.5045	5.35817
-7.01034	5.86625
-6.63283	5.01591
-7.20296	5.56663
-6.82136	4.77289
-6.67926	4.24317
-6.99566	6.85896
-7.46423	5.44469
-6.27475	5.21652
-7.96006	3.75446
-6.70077	3.57359
-7.89273	3.20831
-8.46513	5.92155
-4.1324	5.92327
-6.95975	3.91658
-8.59325	5.51216
9.37034	-6.46765
-7.59458	4.03026
-5.12069	5.50507
-5.9377	7.06038
-7.83041	3.54834
-5.43821	5.31317
-7.08602	5.54959
-7.20161	4.88846
-6.65339	3.6563
-7.73327	7.00356
-7.27652	5.74422
-8.43761	5.0036
-7.45335	6.44646
-7.82266	4.57608
-7.51186	4.73267
-6.13804	4.23629
-8.76152	3.82577
-5.95992	3.67554
-6.09783	5.31391
-7.27039	4.55202
-7.98787	3.90406
-8.76926	5.30012
-8.68407	5.21017
-6.28288	3.82195
-7.98777	3.88552
-5.56639	5.53585
-8.25842	4.45628
-7.93634	5.00273
-7.4797	5.9843
-7.68034	6.57964
-5.87245	2.64096
-7.25756	5.17529
-6.37488	5.50833
-8.36197	3.75828
-7.45065	6.21162
-8.56384	5.0038
-8.21607	4.22793
-5.68279	3.18608
-7.35281	4.09286
-5.35212	4.6118
-6.51211	5.47701
-6.22169	4.40647
-6.6715	4.48038
-6.60789	4.53329
-5.6566	4.38
-5.49458	3.88343
-5.66473	5.03834
-7.5301	4.72008
-6.50817	5.60886
-6.18616	3.12673
-4.16009	5.87603
-6.38284	3.5926
-7.58778	6.11432
-5.24335	3.38408
-8.76644	5.06034
-8.67488	3.694
-6.59265	5.84446
-5.10013	5.00483
-6.11042	6.29162
-6.08323	3.74067
-8.32375	3.57559
-7.80654	6.7007
-6.92797	6.13057
-5.25576	5.92319
-8.56728	6.15412
-0.646926	5.60457
-8.30359	3.52868
-7.45863	4.13791
-5.82138	5.49884
-8.60724	4.02585
-8.15797	5.50705
-6.84621	5.80122
-7.38042	4.31999
-8.45594	4.07987
-8.24015	4.16626
-8.47387	7.2132
-7.22988	3.73386
-6.68325	3.27422
-7.11582	3.86695
-6.93128	4.08775
-4.56989	9.94043
-7.62143	5.98669
-6.97262	3.42794
-4.90546	2.81055
-6.63474	3.62973
-7.51998	3.52585
-6.2774	3.096
-7.36571	4.10728
-9.07262	4.08021
-6.91921	6.10416
-5.74147	4.32213
-4.82468	5.88744
-7.73838	5.28111
-8.31227	8.34556
-6.62296	4.05948
-5.6012	3.99724
-6.73401	5.70738
-9.20354	3.9371
-5.05567	2.34116
-6.45494	4.25323
-7.57951	4.53628
-8.64206	4.62638
-8.83836	3.52325
-3.82052	3.86764
-8.66893	3.20694
-5.92444	1.96746
-8.53171	4.32502
-6.06107	4.20633
-7.39762	5.70191
-2.73309	2.43255
-7.3823	4.58013
-7.70743	6.90096
-6.22182	5.49701
-8.29601	3.70708
-6.50303	5.18982
-6.23947	7.02871
-6.80342	5.39477
-9.16927	3.96549
-8.48105	4.8069
-6.60938	5.00839
-8.22504	5.49708
-8.44216	5.99625
-6.14212	5.53592
-6.55915	4.63787
-6.62046	3.86453
-8.94884	5.77929
-7.03081	3.21379
-6.58093	3.68712
-6.92773	5.24222
-6.93206	6.16441
-8.38011	5.60622
-6.98757	4.73581
-5.05363	6.03088
-8.2548	3.78868
-8.13077	4.92378
-6.86934	7.98176
-7.25781	5.85768
-5.53746	4.61184
-6.47357	7.62422
-6.56262	6.07411
-7.2893	3.69361
-8.44564	5.10608
-7.6486	5.32502
-7.80338	5.51126
-5.37683	6.67402
-8.45595	5.6185
-7.30093	6.08958
-5.70683	4.35398
-8.79597	4.52568
-7.20008	5.22119
-8.5186	5.76842
-8.92988	4.98696
-8.35524	3.87555
-4.51313	7.16114
-7.79759	7.02704
-5.92901	3.14694
-7.32855	6.41915
-6.58129	3.80567
-5.80704	3.34959
-7.08101	6.14271
-8.82431	4.46231
-8.12698	3.46671
-8.68741	3.24584
-8.06078	5.02524
-7.77149	6.13591
-6.7841	5.95926
-6.69199	5.51266
-6.87708	6.58362
-6.12712	5.5099
-6.15668	6.81756
-6.98579	5.18831
-8.54194	5.65739
-8.6424	3.87857
-5.58202	4.97527
-7.75765	5.11478
-8.89378	3.67236
-8.08175	5.82816
-6.64323	5.01949
-8.2671	5.77111
-8.7324	5.83607
-6.64508	7.23445
-8.16062	5.34424
-7.04133	4.93775
-6.65046	4.91997
-8.72282	6.20426
-6.28207	4.87292
-8.84633	3.72135
-8.76049	3.35767
-8.51892	7.62122
-6.64747	6.90953
-8.51705	3.1634
-8.78356	3.29234
-5.83493	5.26387
-8.1687	7.05083
-7.21604	5.239
-3.80613	3.64305
-8.86325	3.08763
-7.83557	4.16244
-7.6423	5.13304
-8.13717	3.9843
-8.42444	5.26864
-7.32032	6.92978
10.7471	-5.58399
-8.1262	6.23424
-7.63749	5.41318
-7.19534	2.84598
-6.63148	4.47256
-7.76584	3.56273
-8.55437	3.54772
-6.48853	4.17918
-8.29093	5.85748
-5.02476	5.23624
-7.55887	3.36095
-7.31559	4.05553
-6.64128	5.61263
-8.13846	4.6673
-7.10068	4.07564
-7.91198	6.79765
-6.6806	5.49672
-6.76654	4.90206
-8.37882	3.33508
-7.36679	3.47876
-7.59424	3.48431
-8.62631	4.40252
-5.79599	3.91226
-7.68979	4.88478
-7.7321	2.93923
-6.28281	5.63669
-7.41526	4.38686
-6.32042	4.74923
-6.90937	7.65273
-5.38393	4.72177
-8.24851	5.94517
-7.96949	5.72349
-7.41428	3.79106
-5.84829	4.33995
-6.17452	5.3501
-8.04923	4.16212
-6.30311	3.71902
-8.04116	5.20094
-7.59495	5.11651
-7.01029	3.92882
-7.12001	5.88376
-7.31666	4.7592
-6.45748	4.97945
-7.81725	4.00917
-7.88468	4.19059
-5.63165	2.99464
-4.83955	6.4958
-6.74802	5.29272
-8.28416	4.01889
-6.65433	5.28898
-8.52851	4.63292
-8.72486	4.37902
1.09974	13.4486
-7.64729	5.81366
-6.37407	3.0554
-5.212	4.41973
-5.6415	5.51988
-6.33601	4.3554
-8.1569	4.13332
-6.6923	5.94331
-6.97027	4.5053
-6.08416	4.84899
-8.55861	3.47141
-7.79484	4.9813
-5.27081	2.92816
-5.82015	3.50987
-6.61766	5.9454
-8.87319	4.00472
-7.2538	5.68826
-6.58352	3.3601
-7.28088	5.99292
-7.19629	5.15801
-7.57697	6.12724
-7.24813	6.34583
-7.21271	4.55057
-7.04172	6.16614
-7.54774	4.44208
-8.16654	5.01705
-5.86119	5.39982
-6.08098	4.09313
-5.67969	4.25483
-7.70452	6.01385
-5.89921	6.68255
-5.69159	5.98088
-6.70202	4.92617
-7.25205	3.76281
-7.02434	3.57676
-7.47859	5.40466
-5.07304	3.13066
-8.20413	5.03133
-8.63345	5.17949
-6.61456	5.03044
-8.46377	3.07841
-7.08219	4.81796
-6.1432	7.61074
-5.19686	3.41194
-6.55499	4.29331
-8.28438	5.13832
-3.10971	2.85929
-4.98903	4.81222
-7.48061	4.39548
-5.78142	4.67006
-7.89641	3.00549
-6.63406	3.27315
-8.26545	5.36641
-6.97336	7.31621
-4.37505	2.2835
-6.01907	3.58614
-7.72177	4.48968
-9.03105	7.11065
-7.54243	4.94358
-6.99646	6.17518
-7.81768	5.22949
-6.3618	4.93765
-5.8527	6.73033
-5.85081	3.31394
-7.83614	7.54158
-8.10604	4.93156
-7.58147	5.53025
-7.51208	5.43851
-5.20589	3.61268
-7.17543	2.916
-6.68762	4.55806
-6.7245	4.73915
-7.52542	4.72556
-8.29254	5.74199
-0.807764	9.47183
-6.67192	4.17643
-8.49589	6.38817
-6.77252	3.43656
-7.45853	5.25737
-6.34108	6.08482
-8.11404	8.11789
-8.64842	4.30457
-5.33465	3.62906
-8.42869	5.29707
-8.27762	6.2781
-3.33411	3.25013
-6.19653	4.85512
-7.51124	5.64764
-8.39303	3.70506
-7.78314	4.7804
-6.30968	4.45543
-6.47237	4.6823
-6.5434	6.88214
-6.43938	5.13009
-7.9374	5.03694
-7.90649	3.30633
-7.65745	4.72607
-7.15229	3.62945
-7.11059	6.29147
-6.29703	3.66837
-6.79611	5.31357
-4.2123	6.38147
-4.99248	4.31621
-8.08879	4.28908
-5.68341	4.62636
-7.54521	6.02636
-8.17362	6.08926
-5.81376	5.43165
-5.53775	4.05741
-7.09486	5.69447
-7.68798	5.36412
-6.76926	3.28943
-5.88826	3.70059
-6.56132	3.26588
-7.69067	3.64325
-8.00067	4.30511
-6.9884	5.31369
-7.63427	5.80796
-7.08097	4.30207
-6.17577	3.77238
-6.06285	5.27487
-5.74013	4.99369
-5.73883	3.23941
-8.84922	3.8616
-6.37236	5.75508
-8.3735	5.74632
-8.76441	5.01256
-4.08156	3.45759
-6.3332	4.54847
-7.21826	2.88069
-7.80987	4.58641
-4.84379	3.12484
-8.20451	4.93538
-5.76339	2.08627
-6.85272	5.40134
-6.43474	3.09943
-6.60735	4.55932
-8.62405	4.81311
-6.89181	7.06277
-6.68957	3.50507
-6.73927	2.87761
-9.05183	4.93492
-6.53724	3.86039
-4.77204	2.84649
-6.29153	3.13748
-7.12226	4.65688
-6.83115	4.50939
-6.30744	3.64474
-8.09773	4.29685
-8.29105	5.06506
-8.90372	4.94334
-8.40042	5.55248
-8.37042	4.84449
-6.65626	4.38474
-6.04535	6.02515
-8.32914	5.38706
-6.6043	5.55699
-6.06941	4.33278
-7.04284	5.94304
-7.87804	3.93069
-7.90612	4.90078
-6.34899	3.10261
-7.62056	6.04281
-8.85126	4.22379
-8.40224	4.13825
-6.79287	5.4655
-7.37911	3.63951
-5.88022	4.07293
-7.277	4.8781
-7.07006	3.93297
-8.60175	3.85277
-8.28236	5.07776
-5.6348	4.38366
-7.18604	5.34439
-6.45138	3.67309
-6.70177	5.65529
-8.41054	5.48499
-7.7778	6.12052
-6.01618	5.31546
-8.22508	5.81394
-7.49618	5.60993
-8.27066	3.29153
-7.70863	3.21239
-7.64243	5.72334
-7.03302	5.46957
-6.166	3.84743
-6.56664	3.44835
-8.00666	7.26452
-7.08055	4.89726
-6.61982	3.19096
-6.9801	3.04168
-7.29807	4.16959
-7.27835	5.65595
-8.61412	6.01056
-5.42194	5.19888
-6.23832	2.99451
-6.27061	4.24616
-8.25258	6.15222
-6.98172	4.48805
-7.82369	4.88763
-6.40676	4.88087
-6.69878	4.03155
-5.56777	3.67476
-6.53718	3.26609
-5.44535	5.96796
-7.13552	4.37066
-6.902	4.55894
-4.60752	6.85841
-6.68549	5.6956
-6.78968	3.97612
-8.5399	3.86824
-7.59617	5.95451
-8.13874	3.47956
-7.34199	5.21595
-6.92201	5.13016
-8.54361	6.17106
-8.82733	7.9512
-7.08755	3.57208
-6.06152	3.23455
-6.15304	3.38416
-7.22579	5.75868
-6.76079	3.86147
-7.13882	4.69304
-6.4854	5.12731
-6.87012	7.85978
-7.66317	3.33862
-8.41256	6.25995
-6.95595	7.6841
-7.38989	5.21943
-7.68289	6.81113
-7.39933	3.91239
-7.62145	4.02722
-8.42668	4.73731
-6.4376	4.25547
-7.73066	3.92893
-7.9877	5.51042
-7.26154	4.06939
-6.08204	3.71268
-6.96838	3.28464
-5.76762	5.66088
-6.07181	7.46249
-9.03745	3.97007
-7.85629	5.7305
-6.17246	6.52465
-4.92985	4.09995
-8.07565	5.74375
-7.09335	6.21321
-8.69903	3.49365
-8.08194	5.35791
-6.61564	5.72566
-8.24743	4.41187
-9.01929	5.04279
-8.02376	3.27325
-6.6012	4.58535
-7.28185	4.48378
-7.93035	6.56085
-6.87158	4.8394
-6.43118	5.35853
-7.11894	6.00603
-8.4888	6.09156
-5.81442	5.08647
-6.13608	5.77592
-7.19784	2.99225
-5.43249	4.67402
-7.01778	3.84519
-8.97139	3.47601
-6.90227	4.56164
-8.82182	5.53097
-6.00396	4.56884
-7.30041	5.10435
-7.16287	5.54816
-6.20476	5.8381
-7.96794	4.81294
-0.897712	-5.87841
-5.47855	5.45734
-6.59554	6.75458
-8.61757	3.90862
-5.71265	4.21321
-7.61055	7.38892
-6.27823	5.4887
-7.42764	4.0339
-7.56178	6.11457
-6.48799	4.84412
-6.82043	3.35412
-4.7459	2.0274
-8.66861	6.63447
-7.00123	7.61819
-6.26882	4.31782
-6.06161	4.33254
-8.44168	5.99347
-8.07677	4.48361
-5.86103	4.04592
-5.83237	4.03162
-7.24537	4.72323
-6.84578	3.76372
-9.03614	3.84477
-7.4338	3.87143
-6.1142	3.12484
-6.61292	4.41522
-7.9668	4.20094
-7.59061	3.75276
-8.1904	5.7078
-7.30316	5.29752
-5.16862	4.18268
-6.50238	5.67286
-6.49424	7.2961
-6.8705	4.76539
-5.7195	5.06123
-8.01178	4.41155
-5.67419	4.96657
