5.58567	-2.14468
5.68943	-0.0468209
5.91947	-0.957278
5.56857	-1.37814
5.06696	-0.814546
3.83756	-0.200082
5.70662	-0.506201
5.08401	-1.06428
6.24407	-0.368762
3.45575	-2.42347
3.19762	-2.55842
4.97805	0.00647748
7.56159	-0.306815
5.14337	-1.18461
3.36112	-2.3712
5.8065	0.488561
5.67426	-0.87656
14.7734	12.6622
5.62526	-1.37987
5.12407	-1.29451
4.30052	-2.44658
6.24777	-2.30738
5.61753	-0.616833
6.35923	0.340265
3.95344	-0.567354
5.19826	-2.96036
5.26183	-0.58163
5.66228	-2.66754
4.28847	-2.60329
8.06047	-0.349789
5.96459	-0.676065
4.90271	-2.77417
3.91375	-0.124358
5.61891	0.0464595
4.52262	-2.17824
5.02934	-2.18137
5.75173	-0.922719
6.62707	-2.25641
4.10769	-1.66291
4.62581	-1.74443
3.55437	-0.961383
4.09434	-2.30826
5.52681	-1.34204
6.53471	0.288477
4.01833	-0.154093
6.35134	-0.40266
4.09471	-1.07884
5.8956	-1.72567
6.32174	-2.31632
5.19159	-1.4172
5.0758	-1.39901
3.15173	-0.889534
5.71024	-1.54601
11.2819	-10.5344
3.85095	-2.3966
5.73707	0.706978
6.03899	-3.31814
2.75114	-0.671124
5.06764	0.176013
4.40949	-2.18588
5.51692	-0.661097
7.81585	0.789846
5.99969	-2.34165
4.09785	-2.0631
5.04114	-2.81377
4.89652	-0.461157
5.14397	-1.49285
4.03337	-0.977672
3.96312	-0.858042
4.58791	-1.26874
5.00588	0.257473
4.58541	-2.87387
4.66755	-2.38321
3.51161	-1.05607
4.36713	-0.929437
4.66852	-2.07148
5.06502	0.468385
4.97227	-2.14472
4.87088	-1.08351
5.10667	-1.21572
4.67686	-0.758278
4.25915	-2.61688
4.7942	-2.33566
6.04352	-2.7957
6.80179	-1.23797
3.7356	2.17623
6.72005	-3.31354
3.87893	-0.0487447
4.78782	-1.10466
2.88843	-1.34951
5.71176	0.41036
4.9798	-2.41589
3.75618	-1.83433
4.90496	-1.83906
5.38675	0.00978911
3.52404	-0.596536
5.94791	-2.60936
5.49293	-0.622379
3.85012	-0.864186
4.74107	-2.36373
5.94606	-0.573788
4.82162	-0.0669712
4.85662	-2.01761
6.27448	-0.109683
3.70972	-1.93243
3.48042	-2.08228
4.96441	-0.380503
3.34774	-2.77574
4.27034	-1.36262
3.75395	-2.63664
4.65277	-1.75486
4.72232	-2.45507
4.97675	-0.896665
5.06306	-0.534611
6.1372	-1.12514
4.51608	-1.20246
5.80532	-0.804742
4.25646	-2.19086
3.88298	-0.768729
5.63297	-1.5011
5.20557	-1.21081
5.42549	-2.44485
4.35559	-0.218488
4.30819	-0.670134
3.19915	-1.86286
8.51044	0.0104428
4.75664	1.41945
5.32383	-0.467495
3.02556	-2.11988
4.41177	0.0253791
6.41849	0.464088
5.06728	-1.98495
5.48821	0.519511
6.03839	-2.15277
3.81078	-2.36084
5.13699	-1.55507
3.97748	-1.63592
5.46761	-1.63955
4.25734	-1.38674
5.68268	-1.7772
5.60388	-1.36698
5.72981	-2.3642
5.71556	-1.97916
3.24117	-1.13276
5.52686	-2.64539
4.78551	0.0652623
4.24617	-0.470247
5.27773	-1.6008
4.68812	-0.595641
6.4239	-1.33166
5.05289	-2.20658
6.64663	-2.24892
3.0724	-1.88346
5.68216	-0.888606
5.19178	-2.48611
3.57049	-1.35967
5.09823	-0.637234
7.56201	-1.68225
5.41799	-1.08418
5.13821	-1.31605
4.78308	-1.53239
4.36523	-0.981029
4.45997	-1.50985
4.95714	-2.12215
5.64731	0.317591
6.75291	-0.144419
5.45368	-1.86934
4.31907	-0.609551
4.88046	-1.94544
3.30208	-2.00049
4.04885	-0.645652
4.19641	0.894961
7.22522	0.0488223
7.64049	0.403127
5.97464	-1.18998
4.61109	-2.38704
5.8194	-2.27679
4.94127	-2.67302
4.70268	-1.52479
4.487	-0.146323
4.70491	-2.32103
5.31753	1.00661
5.01871	0.195134
3.07377	-1.31117
5.53587	-1.69768
5.95141	-2.13033
4.13323	-2.43456
5.38869	1.5636
4.15416	-1.33434
4.48771	-0.249742
6.5799	-2.31568
3.87294	-1.0763
5.18314	-1.34227
7.85024	-1.74713
4.88865	-2.17671
5.49299	-0.143206
5.6815	-1.7343
6.76687	-3.03584
5.90497	0.878537
4.29448	-0.921049
4.03742	-1.47537
4.29779	-1.74835
6.96786	-0.975625
3.84073	-1.14237
4.79518	-1.89346
4.07549	0.551433
5.82917	-2.65429
3.93308	-1.34565
3.6709	-2.79516
3.40311	-2.31593
4.53751	-1.63855
4.29692	-0.137768
4.52609	-0.422499
4.95058	-1.5236
4.95788	-0.710018
7.47713	-0.145246
6.20101	-3.39593
4.29417	-1.3778
6.31768	-2.65964
5.12796	-1.42468
3.81503	-1.50286
3.10127	-1.18537
4.66932	-1.42055
3.75201	-2.54861
4.11434	-2.77907
5.28507	-1.76294
3.91525	1.49996
6.03112	-0.983507
6.73734	-4.18334
4.57599	-0.310089
6.56955	-0.988254
5.87301	-0.442352
6.44044	-0.181098
4.17923	-2.82846
6.59535	-1.15631
5.04451	-1.27208
4.16148	-0.237979
4.16274	-2.70525
3.75634	-1.13832
6.83775	1.58858
3.57319	-2.23218
3.69711	-2.2701
5.67882	-2.33158
5.45391	0.0529224
3.1186	-2.54995
6.06151	-4.34866
3.63591	-0.928687
6.31113	-1.19349
3.84911	0.732725
5.04133	-0.964921
5.23766	-1.88501
4.03466	-0.371803
5.10815	0.0546481
6.56976	2.42192
5.38124	-0.437687
5.94627	-1.54559
6.59986	-0.453339
5.44987	-2.59597
5.54235	-0.592043
5.71306	-2.71182
6.09119	-1.11522
3.62326	-2.08754
4.59982	-2.1038
3.81295	-0.431808
5.13139	-0.761865
4.59049	-2.92673
4.57483	0.634863
4.93931	0.157161
3.74784	-1.8645
4.64491	-1.85774
6.39996	-1.88861
6.2055	-4.01746
6.60299	0.140232
3.37592	-0.599322
4.03861	-1.28979
3.62401	0.723216
7.96016	0.295919
5.33918	-0.712878
5.93202	-0.126083
5.73521	0.413531
5.49752	-0.895784
4.73771	-0.808051
5.06947	-1.22016
6.45745	-0.144059
5.10205	-1.94152
4.22617	-1.07985
4.79573	-0.248716
5.50353	-0.399583
4.91031	-0.31334
4.643	0.0457633
5.99899	-1.04183
3.22087	1.04727
4.01172	-2.91649
3.68495	-2.53203
5.48619	-1.00904
5.59873	-0.296054
4.58672	-0.794613
6.41841	-2.03327
6.61642	-2.41275
6.05373	-2.98488
4.51878	-0.915441
3.89607	-2.23686
4.11985	-1.95073
7.18205	-2.7483
5.3673	-1.07033
4.91808	-2.30604
3.47635	-0.735121
3.89605	-1.06541
4.30899	-0.488897
3.13887	-0.255608
8.27508	-0.367202
4.87337	-2.27205
7.90665	-1.20832
6.157	1.39388
5.94038	-1.68534
6.50087	0.05015
4.5534	-0.82265
4.49459	-0.521302
4.60384	-0.422059
3.90808	0.766743
5.99033	-2.14252
5.32374	0.27731
4.95038	-0.456122
4.5591	-1.58909
5.7858	-1.89349
4.66204	-0.1092
5.03372	-2.81521
3.22125	0.0346831
3.7764	-2.23704
4.50149	-2.6368
3.67298	-0.403126
4.26217	-1.20633
3.93666	0.121078
4.28694	-0.715885
5.49479	-2.07839
4.30288	-1.13689
5.36741	-1.30735
4.22698	-1.91488
3.4678	-2.08682
5.8013	-1.41244
4.70094	1.46109
4.28532	-0.918517
6.88789	-1.63666
5.44259	-0.525775
6.5306	-0.824308
3.89466	-1.76596
5.39142	-1.8296
5.36774	3.93512
3.79459	-0.829188
6.58478	0.0757756
8.1241	-1.82318
5.25485	-1.61338
5.1081	-0.263388
5.88398	-1.47543
3.62643	-1.52492
6.13037	-0.602961
3.98176	-0.434861
4.1399	-1.19473
4.59331	-3.05912
5.06968	-0.546749
3.94745	1.5664
4.68759	-1.34075
5.06669	-0.809647
4.34411	-2.92077
5.22484	-0.190467
5.33834	-0.0275311
4.73953	-1.16642
4.45148	-1.79584
3.14081	0.725442
3.85256	0.0339986
4.77396	-0.106595
5.28665	-1.51614
3.24945	1.24186
5.65689	-2.20989
8.86074	-2.01845
7.45972	-0.811348
7.05172	-4.28535
7.67856	-6.09976
3.62555	-0.816321
7.60495	-0.149235
2.91209	-1.84825
5.82344	-1.08544
4.87732	-0.626068
7.03054	-2.12462
4.06249	-2.23802
3.4509	-0.753799
5.10916	-0.834979
8.60869	-3.85701
3.96886	-2.10614
5.44979	-1.44984
3.4987	-2.06138
7.6491	0.773141
4.60661	-2.95721
5.97824	0.314427
5.6618	-1.34041
5.7239	-2.1374
5.8463	-1.13504
3.35196	-2.84022
3.8979	-2.18852
4.66702	-2.64986
4.94916	-1.80982
5.72518	-2.79349
5.42687	-1.23879
4.4391	-1.56357
5.03913	-0.535176
4.85105	-1.53445
6.09546	-2.43915
4.55908	-2.44209
5.86333	-1.12905
3.75812	-1.12974
6.02033	0.536739
4.12841	-1.14458
4.36539	1.19876
5.04555	-2.6204
5.37394	0.193696
4.30555	1.25296
7.08049	-1.83213
4.88342	0.907239
5.88856	-2.65422
5.10253	-1.08712
2.91965	-0.463371
5.65343	-1.97437
5.29985	-0.993857
6.1671	-2.67827
5.89545	0.247484
6.02864	-1.43016
6.74427	-2.08768
5.0745	-0.595869
5.60306	0.486045
5.0427	-2.60079
5.54576	-1.65933
3.6132	-0.308693
5.02945	-1.76541
5.3729	-1.85752
5.85993	0.0875306
4.97053	-0.201263
5.73681	-1.31638
7.81559	-3.11329
4.48609	-2.32638
7.28502	-2.48576
4.21808	0.112244
4.74435	-1.81381
6.44656	0.211901
4.73239	-1.6415
3.7118	-0.00526184
6.28576	0.887706
4.45533	-0.138126
7.21059	-1.07174
3.87886	-0.942816
4.17063	-1.51843
6.55383	-1.17401
4.13734	-0.462463
5.93988	-2.14978
6.09638	-1.37074
4.51403	1.8177
5.95804	-0.442675
5.4402	-1.12751
6.29246	-1.34461
4.80228	-0.112665
4.56516	-1.76056
4.67596	0.0131068
5.71245	-1.71311
3.65473	-0.935537
6.68742	-1.00279
4.78506	-2.24987
5.91448	-0.11923
5.86227	0.167024
4.22396	-2.00836
5.04947	-2.43138
4.55165	1.03525
3.37959	-0.335627
3.3609	0.090178
5.03555	-1.42516
4.83976	-1.02506
5.7467	-2.49755
6.07552	-0.093922
4.45358	-0.0653607
7.05981	-1.91836
4.74971	-0.494804
3.50272	-1.58725
4.00391	-1.77723
5.08357	-0.464352
3.31632	-0.890451
5.34309	-1.18489
5.93707	0.0378099
3.68567	-2.85215
5.99576	-0.131183
2.87662	-2.05283
4.02557	-1.2075
7.72125	-2.00924
4.2917	-0.71871
5.00482	-0.478634
5.47486	-1.04421
3.76784	-1.66566
4.88899	-1.80121
4.12188	-0.779145
4.64655	-1.74515
9.11792	-3.04824
4.78426	-1.68548
4.61512	-0.998697
3.29064	0.16999
4.08755	-1.4448
4.1142	-1.56643
5.76078	0.442261
6.36991	-0.378994
4.85138	0.858026
4.39452	-0.921266
3.06854	-2.69194
3.70087	-1.561
3.98782	-1.3073
11.7619	-3.82224
5.63915	0.0193902
6.06066	-1.00793
6.92139	-2.90199
5.2996	-0.861125
5.59684	-0.595651
5.87827	-0.0190775
4.71876	-1.73948
3.07457	-1.33456
5.00776	-2.55309
4.51161	-2.09533
3.04894	-1.86373
6.24616	-0.974162
5.35033	-1.36591
4.37362	-1.84245
6.37082	-2.10323
4.11489	-2.33875
3.75786	-2.04907
5.02928	-1.32338
5.79942	-1.83853
4.47783	1.25645
4.49648	-2.15047
5.55275	-1.75
3.92685	1.55312
4.59891	-2.52674
4.9758	-1.2577
3.36232	-0.388657
6.03824	-2.55974
5.88018	-0.148823
5.88494	-1.11926
5.8885	-0.737505
4.79422	-1.31599
6.68303	-0.299589
3.30212	-1.12811
6.05412	-1.69346
6.29959	-0.463576
6.60786	-3.36629
2.91131	-0.0594989
6.17245	-1.35779
5.35996	-0.356494
4.39926	-2.6218
4.75638	1.00093
4.25272	-0.330675
5.64412	-0.214555
8.44696	-9.13721
4.24647	-2.31827
6.34498	-0.791974
3.91272	-0.268193
3.83589	-1.4971
5.59476	-2.38348
5.5739	-1.14662
6.15444	-1.31381
3.31191	-1.28904
7.49077	0.186062
5.31263	-0.737533
5.92664	0.22648
3.62764	-0.976299
4.08965	-2.8992
5.69483	-0.711872
3.75912	-1.78472
6.07379	-2.29751
2.88606	0.399046
3.27553	-2.142
4.90622	-1.17619
5.74325	-0.859221
3.7807	-0.714754
3.78344	-1.81107
5.89123	-1.13424
3.44696	-1.99848
4.60545	0.307188
4.6925	0.108245
4.28812	-2.24738
4.65521	0.468487
3.99598	0.491709
3.96429	-0.306419
4.32347	0.000190718
5.54227	-2.63486
2.9174	0.0509679
5.31988	-2.15213
5.38943	-1.77233
5.19504	-1.34198
3.34372	-3.12606
4.74883	-0.182831
5.57095	-0.11692
5.70565	-1.81686
4.96055	0.00933088
5.27033	-1.02252
5.1894	-1.46696
3.98951	-3.15131
4.588	-1.53589
5.55716	-1.40691
4.40032	-1.04617
8.99562	-3.35599
4.72003	-0.232516
4.6054	-2.62599
6.06049	-0.3823
5.12522	1.25111
3.80302	-1.30425
4.64309	-1.89364
5.82973	0.431664
4.25966	0.445182
5.58052	0.0800225
3.60447	0.456448
5.38057	1.74755
4.80265	-2.76476
6.30542	-0.811333
7.05936	-2.96133
5.36821	-3.06476
4.97264	-1.75559
4.0482	0.0910169
5.89365	-2.88633
5.93503	-0.355905
5.87451	-2.16798
3.46718	-2.23208
5.72351	-0.805245
6.06609	-1.35419
4.51215	-0.666084
6.43304	-0.751346
3.27137	-1.62488
4.26115	-2.83506
5.33179	-0.449265
4.74979	-2.69164
4.34544	0.13882
5.2605	1.18765
7.98534	-2.58856
5.59727	-2.18434
4.91301	-0.913195
7.07891	-1.6511
4.41404	-0.447438
3.95218	0.228141
6.40854	1.23768
3.38453	-0.735002
6.12735	-2.7181
5.75738	-3.15991
3.48087	0.26848
5.35359	0.721541
6.0381	0.0346214
4.57553	-0.969464
5.72722	-1.67065
5.76493	-0.67596
4.4892	-1.51325
5.44011	-0.836138
6.06922	-2.89418
4.43697	-0.627101
3.9232	-2.00093
4.43956	0.1683
3.0717	-0.289086
3.96349	0.967238
5.04684	0.493175
3.06377	1.08544
4.38432	-1.47467
3.46412	0.599722
4.93768	-2.93919
4.01648	-0.289133
4.25424	-0.393555
5.51815	0.770853
5.90952	0.817076
3.29755	-2.0758
3.03525	-0.903907
5.62157	-0.66934
4.52067	-0.448828
5.53015	0.398201
4.26961	-1.61938
3.5061	-1.0338
4.97447	-1.90099
3.58574	-2.47494
4.93654	-2.67352
5.20108	2.03044
4.98516	-2.01894
4.59484	-0.395079
4.6086	0.310015
6.16178	0.425808
3.65678	-1.11501
6.88088	-1.23461
6.19937	-0.762502
4.02854	-0.672408
4.38865	-1.14448
3.74488	-0.844006
3.61799	-1.6638
3.60742	-1.35545
3.3082	-0.858433
3.91696	-2.7136
6.37056	-1.40303
5.0474	-2.59886
6.59215	0.159678
4.76578	-1.29704
9.05695	1.02287
5.42825	-2.17463
3.45816	-0.110564
5.24133	-0.210627
6.34509	-2.70149
3.18365	-0.320514
4.46156	-1.04309
5.97404	0.130746
3.52478	-1.6191
14.3625	-6.70768
4.90505	-0.584022
5.58383	-0.124158
4.75577	-2.23287
4.98095	0.097708
4.16483	0.948282
4.99212	-0.49478
3.48989	-1.99182
5.34847	-3.06814
6.29936	-1.81231
4.21542	-0.941277
4.26301	-2.5198
3.28277	-1.39217
5.05949	-3.00252
4.41373	-0.803601
5.06611	-0.446723
5.41509	0.0655936
5.21898	-2.58268
5.05453	-1.1856
5.75988	-0.944621
4.62706	-0.170219
4.16381	-0.474912
5.66501	-1.94159
4.41085	-2.40891
5.42082	-2.04179
6.9961	-0.55679
6.75781	-0.980421
4.17592	-0.242301
4.08984	-2.14343
3.62765	-0.878095
5.37256	0.285658
5.65844	-1.58537
5.17698	0.708592
7.34612	-0.10563
4.64649	-0.671371
6.13115	-0.594882
12.2386	-1.30256
4.49927	-1.01419
6.77524	-1.28843
4.99731	-0.364932
5.56711	1.04521
4.24311	-0.880327
6.49015	-0.0873709
5.85157	-0.668437
5.41912	1.27626
5.54202	-0.839989
11.0317	-0.967557
4.62975	-2.78124
5.83473	-2.70052
6.84343	-0.53108
5.57193	-1.1803
5.13561	1.57198
4.63005	-2.99173
5.84327	-1.49394
5.52254	-0.389492
6.75792	-2.20834
6.01311	-2.6924
4.13164	-1.07078
4.64026	-2.33952
4.79547	-0.210059
5.72654	-2.21402
6.57054	6.71193
7.04776	0.19759
5.46455	-2.46055
4.66426	3.05853
6.30671	-0.716134
4.38784	-0.98232
4.4451	-1.49091
5.52062	-2.35562
4.90392	-2.47138
3.93151	-1.98802
4.17839	-1.19706
7.20395	-1.97289
8.76628	7.97054
4.3049	-2.66273
5.81045	-1.14998
4.20291	-0.723573
4.72304	-2.71978
5.22249	-0.579008
5.72631	-2.31249
4.57021	-0.595942
7.45397	-2.04194
4.55398	-1.61896
4.32374	-2.43291
5.88084	-0.506621
4.52407	-1.07357
5.16802	-1.4088
5.66595	-1.45687
4.23553	-0.401645
5.54431	-2.49275
4.80135	-1.7716
7.35026	-2.0097
3.58688	-2.16294
4.2462	-0.947744
5.00568	-1.06872
4.42587	-2.95525
8.01713	0.0992127
5.83387	-2.81994
6.76854	0.650604
6.04742	-1.32119
3.14451	-2.7098
3.1913	-0.544748
6.77318	0.13719
5.01529	-1.50172
7.04084	-1.12574
3.1925	-2.90305
6.81267	0.495388
5.92371	-1.80838
3.25052	0.212175
4.77376	-2.1613
6.32032	-1.20294
5.93405	-2.28579
3.85333	-2.5441
3.17369	-1.0622
4.05206	-0.0307174
3.70176	-2.70373
4.10662	-0.304826
5.5037	-2.10825
5.81503	0.865663
5.14845	0.137965
4.80049	1.50394
3.27289	-0.674504
5.98672	-1.07073
3.2629	0.637346
5.33735	-0.46633
4.41406	-0.176581
4.58394	-2.09637
4.13479	-1.96125
6.85677	0.652481
3.76898	-0.101635
5.48408	-0.000719431
2.94013	-2.54085
5.88912	-1.89397
5.09323	-0.410042
5.50425	-2.41652
5.35594	-1.73274
3.16274	-0.545805
3.035	-0.198758
5.14485	0.885297
4.26402	-2.4246
3.50186	-1.7898
6.04934	-0.367178
5.69748	-2.33147
3.54435	-2.58663
3.98715	-2.30399
5.671	3.18445
4.53643	0.167382
5.11325	-1.05631
5.88347	-2.14175
4.46595	0.104296
5.28378	-1.65634
6.08178	-3.51288
4.79818	-2.33552
5.92843	-0.541897
5.75594	-1.03482
3.35174	-0.853887
10.3059	0.886175
3.28474	-1.39995
5.39231	-0.342866
4.36792	-2.03481
3.66037	-0.538487
5.07072	-2.17018
6.06235	0.141344
5.35203	-2.6797
6.99064	-1.14425
5.03526	0.0104212
8.85905	-1.26858
4.21822	-2.2281
4.37456	1.43826
3.59342	-2.51467
4.61976	-1.96437
4.57165	-1.44337
4.16256	-1.99322
5.17719	-2.53483
4.41753	-1.319
3.7089	-0.919977
6.60917	-0.612291
7.04741	-1.36098
4.88758	-0.161093
3.58686	-2.49111
5.68233	-2.11361
3.73841	-1.10302
5.44477	-0.164255
5.32992	-0.920378
4.25021	-2.14818
5.43168	-1.07812
5.72629	-0.7407
3.85888	-0.560386
5.7657	0.454277
5.52937	-1.99813
6.48338	-1.31361
3.04286	-1.08475
5.54782	-0.73772
4.18107	-1.02382
5.32699	-2.90219
4.81494	-1.01955
5.87124	-0.737768
3.85038	-0.0845596
5.19857	-1.3868
6.19793	-0.834351
5.37245	-0.556991
4.13429	0.991671
3.97296	-2.60946
5.61678	-1.56199
5.83414	-2.72676
5.19003	-0.343991
6.67177	-2.932
4.86787	-1.86055
4.63014	-0.770102
5.95322	-1.92238
4.30059	-1.63203
5.52449	-2.69126
6.56927	-1.55311
4.14703	5.7246
4.98953	-2.23575
6.39261	-0.75598
4.86571	-0.821089
5.56098	-1.28931
5.32155	-0.0901988
7.46266	1.55255
3.49198	-0.46843
4.83169	-0.634977
4.07864	-1.13744
6.34279	-1.53745
3.03579	-0.44408
5.7646	0.326837
5.75593	-1.12961
6.28373	-0.473463
4.73721	-1.55059
6.03668	-0.740202
4.02716	-2.96375
5.28139	-2.57206
7.13078	-1.89862
5.05001	-0.789582
5.72035	-0.498828
4.81566	-1.08579
4.17398	-1.03954
2.99728	-2.96179
4.50785	-1.0256
4.43837	-0.611411
3.62326	-2.06768
4.95425	-1.96587
4.59074	-1.6177
6.84324	-4.10308
4.33248	-1.30409
4.43707	1.10684
4.4576	-2.06427
3.46246	-0.80224
14.2104	-2.58442
4.00129	-2.8722
5.72893	0.326541
6.61809	-0.680275
5.77022	-2.36393
7.81274	0.295571
4.11134	-1.43836
4.69456	-2.50151
4.62521	-1.0256
4.98394	0.793735
3.93714	-1.04626
5.09878	-0.413035
5.41887	-1.78877
5.59406	-0.876037
4.5682	-1.04973
4.50164	-0.0192623
5.64787	-3.06276
4.6475	-0.712145
3.11776	-2.28662
5.16662	-0.66055
6.18577	-2.3242
3.41538	-2.5687
3.969	-0.97329
4.3396	-0.849648
6.72758	-0.853487
6.59434	-1.18085
4.97374	0.651697
6.69095	-0.673442
3.67925	-0.37444
5.79931	-1.63538
5.52499	-0.668685
3.74003	0.512289
7.59379	-0.333464
6.83633	-1.98574
4.94565	-2.91912
4.22651	0.666666
5.88871	-2.51799
6.0934	-2.7661
5.49988	-0.249784
3.55849	-2.70727
4.52028	0.628189
4.14159	0.848057
4.6991	-0.912579
7.01609	-0.218026
3.7819	-1.62675
3.20814	-2.62308
4.51172	0.551151
5.33399	0.145114
2.9026	-0.873444
4.28491	-2.13494
3.63781	-2.76125
5.22606	1.46238
3.3276	-0.520778
3.68049	-1.92714
4.24153	-0.807598
3.49444	-0.925473
5.98023	-0.284882
5.73199	0.132115
5.99288	-0.400494
3.5285	-1.1802
5.08868	0.0612777
3.91637	-0.374831
2.80145	-0.824429
3.60434	-1.63691
7.20149	-1.99416
10.1895	5.36135
5.83601	-1.72704
3.61247	-1.80827
5.78978	-2.83655
6.7652	1.59565
4.89852	-0.986518
4.14765	-0.386103
4.47954	0.138103
4.04969	0.465187
5.0862	-2.04767
3.82739	0.19798
5.46724	1.2154
6.05294	0.421229
5.48433	-0.829201
4.99647	-1.04693
5.67095	0.10195
2.95381	0.304969
7.3332	-1.87258
4.51942	-0.20213
3.2321	-0.0718168
6.44613	0.309237
3.33535	-0.448489
3.84972	-2.49847
2.96026	-2.58533
5.26369	-0.0645772
4.86221	-1.43162
5.19937	-1.67942
5.76929	-0.636401
4.67924	0.981648
4.13939	-1.97378
2.72246	-1.1465
5.72628	-0.836431
4.62538	0.130068
5.87902	-2.91318
7.24652	-0.012006
3.78982	-2.21816
4.63933	1.78284
6.58743	-2.55438
4.29195	-2.77832
5.91522	-2.4329
4.8062	-0.602007
4.9993	1.19502
3.12532	-0.359684
4.91208	-1.01986
4.94567	-0.086062
5.55142	-1.81776
5.87809	-1.74383
4.50103	-1.77596
3.64897	0.137764
3.6954	-1.15249
6.38828	-1.15878
7.78018	-1.54399
4.75941	0.42198
3.51084	-0.869857
3.80418	-0.173585
3.42243	0.96272
5.06213	-1.25041
3.2851	-1.7248
5.67898	-0.455176
3.30695	-1.63579
4.63964	-1.9368
7.59729	-0.371381
5.98595	-2.39731
3.54408	-0.141554
4.07273	-1.80108
6.54952	-3.08328
6.2374	-0.705503
5.82829	-0.720124
6.03144	-0.555197
4.91123	-0.630531
4.19498	-0.422364
3.58069	0.521189
5.93922	-0.171198
4.53614	-1.22871
3.88212	-1.70988
6.59487	-3.0211
5.41891	-2.08448
3.94416	-2.52681
4.83755	-0.562169
3.54021	-0.389014
6.62478	2.20951
4.10276	0.854194
3.98672	-2.62127
4.2204	-0.434166
4.7119	-0.0383678
5.94598	0.943242
4.63334	0.148209
4.22826	0.342099
4.624	0.224598
3.2186	1.09005
3.30669	-1.2929
2.92803	-2.56803
6.81075	-0.945989
4.07886	-0.20367
3.55834	-2.78586
3.94315	-0.644716
4.68457	-0.737067
4.65463	0.0555231
4.4774	-0.0633617
4.98609	-2.4075
5.97684	-0.221784
7.52758	0.762665
3.30965	-2.6681
4.00409	-1.46321
4.66561	-1.45519
4.3127	-0.452541
5.99651	-2.00449
3.89486	-0.428711
4.85319	-2.12095
6.07757	-1.96793
4.90071	-1.98323
3.18053	-0.859302
5.45221	-2.84145
2.9991	-0.1725
4.31056	-2.82198
6.45772	-2.33166
4.56466	-1.04884
3.61534	-2.87136
3.99539	0.943179
5.77064	-0.0800462
3.953	-0.0651058
2.91759	-0.624828
3.65091	0.559607
5.48831	-1.42956
5.7228	-1.76437
5.71614	-0.125491
4.16322	-2.47737
4.50326	-0.48345
4.93144	-1.80703
3.88445	-2.9985
4.95372	-0.275739
5.37272	-0.818497
5.49725	-0.324445
4.9857	-0.520741
5.43647	-0.345037
5.41796	-0.710913
3.77948	-0.224851
3.62445	-2.16134
5.04817	-1.17674
3.72769	-0.562368
5.4231	-0.628884
6.34554	1.53722
6.87233	-1.41011
9.9038	-0.348953
3.89739	-1.88855
5.69568	1.18794
4.56802	-1.00021
4.9505	-1.40199
3.59379	-1.59015
6.42231	-0.630226
3.4213	-0.434451
4.91691	0.710944
5.89688	-1.31302
4.72714	-0.798323
5.40939	-1.63517
6.65399	-0.11848
4.7802	1.18868
3.45086	-2.55864
4.39342	-2.51244
3.82021	-0.824796
6.16747	-2.32151
3.32291	-1.73248
3.18398	1.47862
3.94254	-0.405843
7.47519	-3.3746
3.60086	-0.31601
5.08113	-0.45795
3.30088	-0.88563
5.7245	-2.0044
5.15136	-0.62076
4.46776	1.23396
4.79183	-1.46394
5.61236	-1.33716
6.72738	0.194799
6.25014	-1.41217
4.92131	-1.86254
6.48282	-0.131493
6.90672	1.3053
5.98425	-0.921933
5.79291	-0.820404
4.22817	-0.943359
3.18491	-2.45177
6.55168	-1.55509
4.02767	-2.31466
5.47578	-1.13444
5.10357	-1.97564
4.30471	-1.16683
3.48999	-0.272795
3.76297	-0.378783
5.63092	-1.24007
3.68391	-0.552801
5.80661	-1.63216
3.33758	-2.37128
4.44214	-1.97
4.62698	-1.39662
3.23345	-2.08064
5.1519	-2.28054
5.67901	-1.2134
4.89166	-0.777276
5.80138	-2.21967
4.39471	0.26217
3.59766	-0.214671
4.66203	-1.14896
5.57147	-2.33796
3.50136	-2.88957
3.0697	-1.64664
9.02762	1.86897
3.83293	-1.47109
5.11992	-0.878571
3.4098	-2.74843
4.09797	-0.27183
3.60011	-2.10413
4.75197	-1.59856
5.05615	-2.59763
4.83201	-1.57112
5.5818	-1.08185
5.0918	-1.30986
3.89163	-2.55135
3.59515	-0.566968
4.60148	0.594148
5.18867	-2.38639
4.67066	-1.28298
4.15221	0.539852
6.00982	0.939461
5.10971	-0.452652
4.96787	-1.47992
4.68127	0.124528
6.61874	-0.291259
3.88989	-0.617944
5.35694	-1.92979
3.89926	-2.46739
4.65892	-0.682619
3.49665	0.138394
5.45208	0.114365
3.9164	-1.17002
5.28486	-1.64216
4.62945	-0.958217
3.63894	-0.667989
4.5359	-0.72219
4.46098	-1.7408
3.70203	-0.606502
5.34575	-0.28735
3.44519	-0.075145
3.75093	-2.78809
5.92756	0.681781
6.81283	-2.19183
3.22205	0.00380645
6.19149	-1.80814
5.11502	-0.0469074
3.48992	0.524665
5.17967	-1.77687
4.02416	-3.16075
5.05117	-1.08033
5.78053	-1.47123
3.63032	0.669041
3.69211	-0.854969
3.52655	-1.99181
5.36868	-2.9154
3.63932	-1.14017
4.82106	-1.15709
6.13353	-1.24474
3.67529	-0.725739
4.41266	-2.33201
5.28763	0.254664
5.33371	-0.545018
4.14746	-0.216881
5.65386	-2.10734
4.14177	0.832434
5.08225	-1.02914
4.50614	-2.27489
3.05126	-0.297774
4.66097	-1.27428
5.23091	-2.17669
4.41853	-0.965925
5.13591	-1.69697
12.3733	-5.3399
4.15013	-1.25414
4.73705	-0.834222
4.7501	-1.60758
5.82336	-1.89714
5.83247	-1.23614
4.08998	-1.41641
5.08128	-0.507751
5.93287	-2.39537
6.12541	-1.38483
4.37025	-2.4593
4.07121	0.236795
6.12873	-0.20161
5.1043	-0.940962
6.10422	-3.27501
4.20904	-1.27482
5.67967	1.16359
5.35248	-1.66863
7.82534	-0.2295
5.46285	-0.488811
4.0237	-0.295062
4.80117	-0.122066
3.65093	-0.946086
3.4896	-2.78309
5.41483	-0.347436
4.14612	-1.27946
3.61102	-2.23748
4.82903	-0.467835
4.5774	-0.632554
5.37605	-1.69567
6.38985	-0.526541
5.61174	-2.25616
6.0091	0.189661
6.62009	-2.67261
5.50815	-0.838858
5.28587	-1.97347
5.39415	-1.48547
4.89532	-0.590411
5.67249	-1.24947
4.59683	-1.27623
4.66133	-0.913375
5.55286	-0.526561
3.257	-0.0849867
4.03369	0.763271
4.5312	-0.751393
5.68346	-0.507603
6.17426	-2.62296
9.52857	1.46794
5.44577	0.954459
5.24313	-3.05833
4.02909	-0.30109
5.24697	-2.58208
4.94357	1.72354
6.21729	-2.77032
5.49314	-1.47916
6.20832	-2.26433
4.0688	-1.6571
5.74316	-2.27175
4.27679	-0.763402
3.75963	-1.3265
7.3085	-0.478025
4.69841	0.486906
4.85743	-0.262813
4.86908	0.68119
5.09231	1.03816
3.9742	-1.38363
6.01791	-1.28561
3.59905	-2.40233
4.38893	-0.207617
3.56031	-0.15427
4.75654	-0.371819
5.22744	-1.50699
7.16183	-2.68025
5.41214	-0.638267
5.57312	0.00140337
3.28523	-1.11792
3.68568	-0.991794
6.00839	1.01758
6.44641	-1.7394
4.20405	-1.63141
3.36635	-1.64646
6.59347	-2.58536
6.75353	-0.0980504
5.68064	0.215497
5.33725	-1.39683
4.59821	-2.86105
5.04534	-0.0310843
5.23631	-2.20116
3.2071	0.886538
3.56822	-1.86927
6.23826	0.385956
5.25752	-2.91593
3.87873	-2.35956
3.93066	-2.70157
3.94772	-0.615213
4.79945	-2.65945
6.75584	-3.13402
4.50181	-0.0480098
6.90056	-2.50506
6.00077	-3.06542
4.01885	0.365955
5.21185	-2.55733
4.2785	-2.63038
5.09583	-2.6553
5.47477	-1.75314
5.68327	-0.676222
3.50745	-0.180324
6.52212	-1.87127
4.18762	-0.993222
5.80792	-3.04038
3.49656	-0.410116
4.83738	1.04094
6.13314	0.725959
4.69823	-0.991739
4.14473	-0.737745
5.08593	-2.60122
5.72675	-1.70774
4.1818	-1.37491
4.18601	-0.514296
3.77769	-1.9065
3.24261	-0.517618
6.2885	-0.614076
3.76701	0.235907
6.68209	-0.576897
4.73217	-2.7174
6.05958	-1.24501
4.04119	-2.99723
3.47745	-0.366549
4.95144	-0.281887
4.66895	-1.2912
6.03433	-2.86116
5.20229	-1.86352
4.37143	-0.165514
4.59184	-1.57273
5.33715	-1.71507
5.05821	-2.10705
4.66026	-2.72965
6.32723	0.181213
5.24637	-0.919821
5.21253	0.880458
3.16031	-0.722294
4.83487	-2.19563
4.86991	-1.35403
10.46	-2.0043
6.3471	-1.91195
5.78286	0.166996
5.25877	-0.380408
3.33149	0.0444432
3.59201	1.10954
3.76624	-0.492855
5.2957	-3.0609
4.59686	-1.66119
4.332	-1.30497
3.82008	-0.284833
3.92986	-0.94964
5.02194	-2.32164
3.74557	-2.82427
8.50492	0.517228
3.32861	-1.48248
4.19728	-0.213566
5.49676	-0.655421
4.28148	1.39311
4.08122	-1.92768
5.41803	-0.972239
3.32113	0.736058
5.04366	0.254159
2.94502	0.390279
5.27882	-0.393287
4.4587	-0.616703
4.70524	-0.357854
4.74291	0.535409
3.09817	-1.69832
4.83446	0.0382267
5.7282	-2.75929
8.02318	-0.697295
4.20394	-1.09967
4.47428	-0.889779
3.50666	-0.665803
5.26511	-0.821199
6.51407	-0.611724
4.86156	-1.35321
3.75997	-1.42163
5.2228	-2.41609
3.04497	-2.04144
3.71441	-1.43744
3.41069	-1.61493
5.50262	-0.67054
5.75682	-0.0742483
5.0226	-0.288001
4.03543	-0.222613
4.75269	0.291744
4.34243	-2.66409
4.57813	-2.5804
6.25241	-2.47776
4.69147	-1.26107
3.6446	-1.1478
5.48854	-1.84575
7.95579	0.904542
4.84976	0.79685
4.25838	-2.5505
12.8257	3.0032
6.63274	-1.19355
4.86065	3.71798
4.89286	-1.82676
4.83047	-1.66351
7.42558	-1.32117
7.88143	-5.67688
4.96206	-0.212749
4.37044	-2.12926
6.71963	-3.18439
6.04732	-2.29893
3.96165	-1.29805
5.36673	-0.715112
4.869	-1.64909
5.45406	-0.732073
5.75129	1.72501
3.71721	-1.76015
4.8476	-2.30542
5.48841	-0.803086
6.58768	-1.74392
4.30208	-0.423626
4.71547	0.464211
3.94501	-2.82912
5.16125	-1.79407
4.81838	-1.51943
3.74729	-0.728998
6.6276	-0.881057
5.93766	1.90408
4.81972	-1.98846
6.06865	-1.40722
4.11407	-1.62176
5.89141	-3.00829
3.55225	-2.5014
3.68596	-2.08711
4.46239	-1.03005
4.98103	-2.39876
5.23371	-0.0655188
4.52598	-0.622892
5.16356	-1.91647
3.12099	-0.710917
5.17856	-0.285916
3.92024	0.134581
5.54281	-0.962187
3.92817	-0.753408
6.26205	-4.07189
4.46446	1.80553
4.24034	-0.591256
5.7468	-0.492474
11.0322	-5.72841
5.06306	-1.77192
6.63549	-3.51788
5.8449	-1.22255
5.90444	-2.32088
4.66172	-0.704592
5.28545	1.27192
4.87106	-2.48268
5.42644	-1.96501
7.36258	-3.2288
6.24386	-1.70021
4.66153	-1.92512
4.01105	-0.0483273
5.11861	-1.74625
5.92955	-0.669378
4.78409	-1.52232
4.41553	0.635239
9.78743	-2.9888
5.45584	-1.71934
3.82331	0.0394149
5.19485	-0.833754
7.23033	-1.75423
3.28449	-1.09675
4.6659	-1.82557
3.33928	0.902967
7.35043	-2.29845
6.28228	-1.12704
7.06098	-1.27922
6.43024	-2.67217
5.5575	-1.44028
6.11857	-0.841652
4.04494	-0.453002
4.8906	-2.0353
4.44894	-0.664209
5.57711	-1.07532
4.4372	-0.601121
5.29831	-1.69633
5.81325	-2.34435
5.14801	-1.32954
5.57022	-2.23418
6.70828	-2.0999
3.9899	-2.49422
4.48042	0.287194
5.55393	-2.46211
5.72253	-0.620901
4.63619	-2.41243
3.5026	0.819581
5.30919	0.66637
5.553	0.457102
6.05729	-1.72472
4.38558	-0.162909
5.44925	-2.88112
4.6917	-1.07437
6.99954	-0.816268
5.58621	-0.957634
5.49773	-0.282261
4.6802	-1.33321
7.03629	-1.4034
5.25753	-1.7574
3.56785	-1.96577
4.57509	-0.40668
4.68458	-2.92636
4.32759	-0.300348
4.70715	-1.8793
3.23734	0.171662
4.47489	-0.022358
6.34182	-0.431526
4.3984	-2.5162
4.01198	-0.469547
5.54623	1.31767
7.11343	-1.65014
6.10623	-0.309364
7.22487	-2.28184
5.16005	-2.59248
7.08299	-1.28564
5.61497	-0.652208
3.0422	-0.730366
6.13875	-0.30047
3.35516	-2.38471
5.92532	-1.50415
3.9954	-1.5715
5.26496	0.564669
4.46325	-0.442281
6.6005	-2.32415
5.34116	-3.32692
4.9423	-2.75106
3.72267	-1.2012
5.01132	-2.85143
5.80468	-0.630752
4.5128	-2.61018
4.40833	-1.4072
5.33158	-2.45788
5.91027	-0.645286
6.13962	-1.94296
7.02178	-4.05639
3.26959	-1.10505
4.91589	-1.34149
5.57135	-1.00608
5.84908	-1.62259
5.51309	-0.118125
6.71921	0.619758
5.61589	-1.16013
4.27916	-1.30187
5.88783	-2.00603
4.03971	0.0934064
6.15623	-1.26554
5.42872	1.61785
3.49053	-1.7885
4.95401	-2.39309
4.98042	-0.994732
3.59488	-0.891593
5.66576	-3.04214
5.85906	5.23792
5.90828	0.742016
5.7201	-1.94029
4.8785	-1.16076
3.06187	-0.960403
7.82821	-2.60123
5.62571	-1.86973
6.21796	-1.70514
3.2476	-0.23145
6.90044	0.752248
5.71625	-2.21476
5.76068	-2.94145
5.42214	-2.16317
4.82768	-1.79645
4.84665	-0.728986
5.7751	0.540446
4.20426	-0.0475173
3.5359	-0.467203
5.13065	-0.862736
6.25232	-1.69052
4.20067	-2.98465
4.8463	2.05358
5.40564	-0.137743
4.41398	0.523838
5.8515	-1.08614
5.38663	-2.88945
4.46657	0.456002
4.34448	-1.29725
4.6191	-1.28067
9.71537	-1.49589
3.64145	-0.563914
4.30874	-1.07982
6.24616	-0.834665
4.07125	-0.328355
5.39982	-2.09079
5.69416	-0.846271
5.95509	-1.955
5.46331	-0.0744194
3.80412	0.341643
5.47854	-0.79477
5.4111	0.155194
5.53192	-0.770802
6.61867	-0.612021
4.7377	-0.0311821
3.61727	-1.47536
3.24714	-0.23598
4.04108	-0.223158
4.71941	-0.100814
5.31622	-1.04739
4.83091	-0.165458
3.65	-0.532487
3.71997	-0.124754
3.33122	-2.35583
6.43958	-1.80131
5.32118	-2.74435
4.89715	-1.87226
6.53074	-0.639048
4.91431	-2.51948
3.9269	-2.30622
5.28522	-0.734239
5.83344	-1.29298
4.67168	-1.66046
8.25127	-8.4643
5.71975	-1.08811
3.54836	-2.1538
5.68879	0.353176
5.7355	-1.54778
4.45747	-0.946384
6.14989	-2.51324
4.06346	-1.5732
5.47085	-1.56921
5.85665	-1.51763
5.2598	1.20132
4.53764	-1.14429
4.68699	-0.0677337
4.35104	-2.00606
5.19508	-1.54649
3.80575	-0.669433
5.84532	-2.69035
3.12166	-0.320779
7.38845	-1.55338
7.69435	-0.726359
4.35406	-1.19366
4.11348	-1.12085
6.08224	-1.93761
6.75856	-0.333084
5.62976	-1.191
6.27687	-0.748139
4.52773	-2.26281
5.43794	-0.896089
3.46785	-1.81019
4.43378	-1.00692
7.37584	-0.967971
4.42746	-0.696213
5.49726	-2.65723
4.00939	-2.98567
5.37478	0.46336
5.7494	-2.66013
4.05378	-1.51993
5.49348	0.254586
5.2384	-0.496553
3.80982	-0.568607
3.76683	-2.33635
5.45828	-2.24122
5.01026	-2.65114
4.72313	-0.717627
4.71252	-2.06885
6.12881	-2.93248
4.56452	1.62517
4.32282	-2.14934
4.35936	-0.590778
5.38065	-0.872024
5.29572	-1.41991
3.92812	-1.70045
5.5243	-2.76951
5.80989	-2.39685
3.7173	-2.05182
4.3569	-3.10419
5.26693	-3.08494
3.84168	-0.794556
3.69118	-2.28216
4.75214	0.381369
5.85189	-1.58479
3.38602	-1.06293
5.68888	-0.929531
3.91571	-2.02817
5.0888	-1.7305
3.27507	-0.687982
6.31829	-0.339849
4.84746	-0.278167
4.20172	1.84989
5.39718	0.932217
4.8922	-1.98407
5.04036	-2.61656
3.79903	-1.7276
3.68152	-2.13427
5.77061	-2.20944
5.41839	-0.0295777
5.07085	-1.8068
4.24779	-1.68547
3.00961	0.2077
4.03975	0.81772
7.83705	-1.45515
5.60667	-3.01689
5.78043	-0.192021
5.17701	-0.391792
5.37982	-1.89122
4.84079	-0.983384
5.75157	0.0587721
5.37006	-2.20009
7.2886	-0.524519
4.80775	-0.397669
6.17209	-1.37722
4.08219	-0.428936
4.12908	0.719154
5.90842	-0.115058
5.59535	-1.66169
4.02893	-1.44036
4.94064	0.22389
4.97696	-0.683621
5.53342	-2.41476
3.0865	-0.413285
5.57622	-1.29366
5.45693	-0.567975
4.56093	-0.407491
4.8707	-2.47474
6.19642	-1.91991
3.99889	-0.34243
5.84325	-2.45728
6.58762	-0.0714464
4.27402	0.0141876
5.45855	-0.576001
5.04344	-0.55809
6.23801	-2.81613
8.80791	-1.26977
6.82724	-0.0923649
6.12424	-0.410854
5.62315	-1.05585
6.26276	-2.80516
5.29173	-0.045222
5.96032	-2.1646
5.1644	-2.1764
5.32604	-2.31325
5.8526	-1.15901
5.55174	0.0750274
4.79949	1.14139
3.37044	-1.46139
5.61887	-0.0709724
5.03652	-1.11138
10.5531	-12.8812
7.0094	0.0727107
4.1962	0.565282
6.3733	-0.614264
2.9888	-2.7687
5.6385	-0.954312
5.36837	-0.269295
5.49489	-0.369007
3.19197	-1.58963
4.47809	-0.263032
3.25746	-0.0380811
4.92168	-2.26379
4.12091	0.983227
3.75108	-2.51601
3.63407	-0.260476
4.21252	0.229678
6.13571	-0.725128
3.00013	-0.507542
4.97525	-1.60972
6.49711	-3.14588
4.48605	-0.52852
3.71498	-2.37158
5.39155	-2.07974
6.17195	-0.750795
4.43194	-2.00861
5.23474	0.274077
6.47299	-0.733061
5.65886	-1.96109
5.95827	-0.799652
4.96281	1.20571
5.40415	-2.61237
5.81959	-0.417635
7.26685	-2.95787
5.67196	-1.85397
3.38808	-1.82742
6.97054	-0.4312
4.49184	0.492499
6.35492	-2.47847
4.93597	0.263748
4.89482	-2.47636
5.10129	-0.856676
6.01616	-1.03087
5.92801	-2.54345
4.65542	-2.45297
3.49579	-0.0707776
4.91494	0.00398384
4.95711	-2.10343
3.93104	-2.38089
3.95183	-1.11873
3.85172	-1.33239
4.67036	-2.36462
4.25243	1.39505
6.16406	-1.23097
3.78407	1.52632
6.37077	-1.55272
5.93387	-2.95571
4.67109	-0.940924
3.81179	-2.73829
3.66934	-1.03231
4.83465	-2.18941
3.19982	-0.663274
4.59086	-1.98129
3.11286	-2.1029
4.01838	-2.59093
4.22303	-0.657561
4.25891	-0.0259359
5.65425	0.245556
4.90091	-1.42566
3.65035	-1.54853
4.72504	-1.90483
5.67046	-2.47918
4.10224	1.68954
5.69972	-1.42644
6.0229	-1.20349
5.4491	-0.734274
3.45706	-0.183973
3.28533	-1.93304
4.93824	-0.182124
4.25892	-0.411149
5.9235	-2.18366
5.43251	-0.280542
3.60537	-2.64844
4.24507	0.473337
4.38256	-2.0689
3.02641	-0.77341
5.89394	-1.44601
6.3488	-1.60048
4.88589	-2.78205
3.64468	-0.854645
5.556	0.65668
4.87731	0.2813
5.85546	1.45918
4.91963	-2.4525
3.95291	-0.538752
4.34532	-0.516223
5.35612	-0.922763
6.72177	-1.04564
6.00365	-1.21512
4.94872	-2.18332
5.68737	0.622299
5.13367	-1.92318
5.08036	-1.51333
5.35979	-0.627521
5.47847	-2.06968
3.40259	-2.06162
4.53311	-1.21467
5.28308	-2.84731
6.88855	-3.4348
5.422	2.0972
3.0774	-1.79216
6.07891	-2.35941
4.75135	-1.61823
4.86188	-1.37522
6.78645	-3.56626
5.02947	-1.82231
5.72264	-0.550911
6.5741	-0.355897
6.1173	-1.26811
3.18019	-2.21724
5.72347	-2.89163
3.73383	-0.144569
5.69333	0.346755
4.86414	-2.91341
4.00991	-0.0471263
3.93061	-1.92947
4.5429	-0.00963976
4.05924	1.23485
4.11258	-1.74594
3.45564	-0.14364
4.82047	-1.84273
5.51168	0.568026
6.12855	-1.29412
4.65918	-2.85744
4.14801	-1.52192
6.24926	0.0464366
5.17937	-1.21303
5.08142	0.175494
3.01674	1.00471
5.55986	-2.31486
5.20283	-2.01343
5.10131	-1.87432
5.5008	0.310512
5.28811	-2.32556
5.48805	-1.81183
5.29384	-1.58831
7.09504	-2.89193
4.59833	-0.212159
3.58789	-1.22832
3.42797	1.0094
5.03281	-0.0490798
5.73942	-0.582169
4.51491	-2.98863
6.04522	0.601291
4.83477	-0.206204
4.67356	-2.92427
3.76932	-1.31603
4.78393	-1.34101
4.44323	-1.93591
4.96635	-3.33142
5.89607	0.92624
3.34319	-0.596077
6.14111	-1.2319
3.08	0.117887
4.30079	0.722343
6.21624	-1.85794
5.38068	-2.73877
4.55088	-0.142534
4.00269	-0.749676
5.24255	1.0641
4.0798	0.0672163
5.20231	-1.36116
3.47395	-0.502676
5.72372	-0.37901
3.49988	0.582261
3.57051	-1.2499
4.20847	-0.165466
4.28512	-2.60714
6.90437	-0.904742
4.55477	1.27397
4.17122	-2.22786
5.61203	-3.13377
3.74804	-0.13664
5.59123	-2.88515
3.82902	-1.97544
6.57538	-0.0479259
5.25341	-2.57123
4.41946	-1.84722
3.3641	-2.1669
4.13327	-0.468842
3.30574	-0.216687
5.90034	-2.65896
6.80482	-0.965333
5.91837	-2.75878
5.86594	-0.175322
5.85666	-2.74744
6.13728	-2.28586
3.63335	0.598028
4.4823	-0.861444
5.88704	-2.21
3.36646	-2.55409
5.94759	-1.22468
5.4986	-0.711152
4.52104	-0.043715
6.40045	0.0886632
4.18434	-2.41576
3.03302	0.126317
5.08216	-2.87318
5.75491	-0.544804
5.48602	-1.05598
5.26318	-2.42757
4.54202	-0.801609
5.94542	-1.74275
4.98461	0.83791
8.16453	-1.79385
4.78819	-0.388895
5.74044	-2.72828
5.939	-1.20105
3.63429	-2.05411
5.06197	-0.341903
6.58004	-2.79522
3.5273	-0.32753
4.07833	-2.05697
5.75714	-0.127977
4.05537	-0.93632
6.07579	-2.36592
3.89214	-1.2407
4.1273	-2.11263
4.72448	-2.46297
3.87132	-2.37408
5.0981	-0.857448
5.824	-0.482627
4.74449	-1.00979
5.41153	-0.665698
5.47245	-2.99112
4.47278	-2.64041
6.46766	1.14751
4.077	-1.59417
3.43042	-1.50806
3.80681	-1.18839
3.84726	-0.979392
5.26172	-1.92496
6.10866	-0.176402
5.49182	-1.00849
4.02285	-2.58609
5.90049	-2.12148
3.6238	-3.13918
5.69134	-1.46257
5.92301	-1.7974
3.81472	-1.50811
5.10929	-1.45238
6.46423	0.0359774
4.53323	0.369797
5.34689	-0.773207
4.91807	-0.587179
5.59472	-2.70318
3.97001	-2.22242
4.45591	0.605898
5.77406	-1.9776
4.25303	-1.73403
5.10687	-0.181879
4.6214	-0.797255
5.08672	-1.36648
4.79584	-0.795223
6.45678	-0.360658
6.2815	-2.02336
6.42798	-0.0600435
7.30512	-2.02622
4.08429	-1.71025
5.15106	-1.03
5.84071	0.363528
4.95756	-0.302543
3.82721	-1.79729
5.29878	-2.24991
6.64522	-1.06184
5.72371	-2.43514
4.24227	-1.24768
6.40659	-7.00443
3.93186	-1.6014
5.79917	-2.63684
6.4953	-2.08663
5.67265	-0.161383
3.21346	2.5263
4.71983	0.0380739
10.5971	0.536021
3.9601	-2.7761
5.27377	-1.52347
6.55886	-1.855
5.54367	-1.62849
5.19342	-1.57912
3.82288	-2.31687
3.79175	0.41145
5.10413	-1.03507
4.58926	-0.931286
3.4766	-1.86325
3.63327	-2.08088
5.73426	-1.67701
4.14395	-0.497822
3.63533	-1.90138
4.85636	-0.577386
3.36883	-2.24693
5.85011	-1.38204
5.06312	-1.61138
3.61876	-2.56919
7.62005	-4.85351
3.86533	-0.831733
4.67941	-1.87802
5.25518	-1.16568
3.98298	-0.905809
4.72151	-0.245768
5.69412	-2.51258
4.24145	-1.43587
5.00331	-1.01
3.9268	-1.29724
6.62837	-0.0210667
3.1052	1.2842
4.57577	-0.284685
3.8302	-1.0411
4.66295	-2.57056
6.15008	-0.88661
6.96174	-2.00835
4.33902	-0.0279632
5.34451	0.885876
3.63615	-0.483771
4.86873	-1.51892
3.68124	-1.58705
3.70548	-1.97714
5.6079	1.28034
4.74637	-0.371985
4.07653	-0.89445
5.75855	-1.56211
5.3659	-0.733257
3.40688	0.18561
3.63192	-1.87696
5.55527	0.200475
5.77703	-2.41727
6.56516	-0.625007
4.90476	-0.94567
3.12596	-0.0136119
4.82942	-0.579888
5.23324	-1.64009
5.95716	1.38809
4.85953	-0.45584
5.63821	0.190778
6.59228	-0.8815
4.23486	-0.155604
7.77587	-1.25541
5.60513	0.196394
4.88701	-0.208805
5.03304	-0.807692
7.11712	-0.67943
5.1795	-3.02677
4.94646	-0.715682
7.5405	3.47638
6.63581	-2.49898
4.28787	-0.730636
5.03322	-0.093563
5.77293	0.900955
3.05327	1.44405
4.45575	-0.845081
4.59175	-2.54229
5.90878	-0.531312
5.12162	-0.750744
3.29602	-0.439735
5.53459	-0.450522
4.8001	-0.319984
6.44399	-2.26352
5.29123	-1.50538
6.12121	0.998375
5.37568	0.253645
7.90242	-0.733846
3.68236	-0.76923
5.86087	1.88756
5.3743	-0.696144
3.38507	-2.54248
4.21736	-1.94849
4.3141	0.80518
5.0266	0.90392
5.7907	-2.16818
5.12306	-2.75343
3.96974	-2.94016
4.37564	-0.579363
3.53717	-1.41542
5.91497	-1.0316
5.63538	-0.955235
3.31869	-1.28258
5.05613	-1.99909
4.77698	1.4181
4.91705	-0.737078
6.13128	-0.578401
5.58472	0.43455
4.41731	-1.46801
7.32616	-1.13005
6.51802	1.33325
3.2416	-2.79155
5.35419	-1.34777
3.88203	-1.09496
6.39117	-0.78965
7.03746	-1.92012
3.8682	2.47364
4.69059	-0.251247
8.02579	-0.106653
3.92576	-1.79793
4.55754	-2.86911
4.4337	-1.1897
5.30591	-0.2159
4.32295	-1.68156
5.11736	-2.01415
8.88542	3.7649
6.75267	-0.0246091
3.23068	-0.0721416
5.81104	-1.20252
5.70655	-0.903342
6.73077	-0.374182
7.03861	1.08281
4.58696	-1.71983
5.081	-1.74233
4.64383	-2.62834
5.7703	0.0618995
5.50978	0.715898
4.67646	-1.94544
4.41023	0.477862
5.42881	-2.51655
4.3735	-0.583432
5.1213	-2.46227
3.47962	-1.45146
5.9801	0.159095
5.92713	-1.5163
5.82951	-1.84076
4.74439	-2.20632
5.3976	-0.0870484
4.41427	-1.66399
3.93808	-0.247875
5.70841	-1.13518
5.24805	-1.55649
6.25983	-0.630524
6.03263	0.26982
3.65783	-0.916739
4.46354	-2.41733
3.92268	-2.68884
6.61173	-2.4525
4.76403	0.0723052
5.72869	-1.36266
5.25375	-1.48059
5.30715	1.79407
3.39998	-0.600925
6.08829	-0.464854
4.31243	0.96582
4.09928	0.400857
3.60586	0.387809
5.75666	-2.29578
4.33603	-0.356446
3.62634	-2.65663
3.36738	-0.696951
4.3514	0.49411
3.91825	-1.0821
4.6627	-0.593354
3.40316	0.0660009
4.5661	-0.299419
5.35295	-0.69371
5.60328	-1.56224
3.68732	-0.50175
6.95104	0.277549
5.69369	-1.40613
5.9006	-1.35394
5.4686	13.6104
3.93817	-0.964172
4.29584	-0.199092
3.6628	2.05909
5.57537	-2.09194
6.71554	2.03688
5.88489	-0.0790641
4.73918	-1.95345
5.93298	-2.37223
5.83419	-1.97335
4.73719	-2.57039
3.99827	-2.36365
5.44586	-0.933566
5.62381	-1.53342
3.63303	-1.31921
5.81531	-2.16118
3.16967	-1.4045
5.33057	-0.725594
4.28767	-1.12122
3.07784	-0.102308
5.95999	0.256318
4.52814	-0.659793
4.80757	-0.259661
5.02727	-2.25413
5.37842	-0.379583
6.99586	-1.70753
3.24648	-0.2209
3.23948	-0.215631
3.26434	-2.44017
5.88813	0.195921
3.73317	-1.19557
7.45266	-2.68682
6.72013	-0.0916381
2.87904	-0.303336
4.87034	-0.452209
6.40506	-1.02105
5.15347	-0.177936
3.07322	-0.490479
4.94378	-0.31276
3.80892	-0.806082
4.79761	-0.803499
3.00388	-0.616642
3.76016	-1.21193
7.10897	-0.105624
3.44151	-2.11684
3.33122	-0.488685
5.51822	-0.788332
4.1872	-1.62994
6.62296	-0.0869389
6.52718	-2.6193
5.14023	-1.81251
4.46754	0.100284
4.89364	-0.831136
3.70801	1.25695
4.90391	-1.65052
3.73318	-0.422794
6.13569	-1.93035
5.76279	-0.783577
4.72356	-0.400161
3.31651	-2.29436
3.96079	-1.05766
5.04622	1.96716
4.18594	-1.61454
5.14031	-2.60377
4.04929	-0.937221
5.39629	-0.951422
3.57187	-0.744694
7.40277	-1.89114
4.44147	-1.47149
3.29993	-0.18494
4.71687	-2.87267
2.95746	-0.807137
6.51856	-0.712401
4.33167	-0.789159
6.893	0.258309
5.77928	-0.365569
5.15202	-2.73371
5.91654	-2.78605
5.71941	-0.747754
4.84499	-0.717658
6.22144	-1.09315
3.94363	-0.283519
3.47925	-0.34779
4.61246	-2.03755
5.71815	-0.804276
5.22777	-0.220188
3.69643	-1.11536
5.10819	-0.441841
4.24175	-1.76534
4.41497	-0.483728
4.54579	-2.14902
3.57771	-2.79978
6.15865	-0.922202
5.08955	-0.0355943
7.88303	-3.83548
4.87365	-1.41442
4.77043	-2.10297
5.69462	-1.63569
9.28981	-1.04831
5.44963	-0.762008
6.78641	-0.933845
6.97426	-1.38128
3.54969	-2.61688
5.34104	-0.612307
14.0492	-0.426833
4.99139	-0.871646
3.47923	-1.06988
4.63468	-2.08602
5.11683	-2.09558
5.21617	-0.50931
3.08001	-2.09205
3.45353	0.387692
3.66071	-1.45847
5.37082	-1.25424
4.45771	-2.1584
5.09784	-2.29915
4.95031	-0.779209
6.35112	-2.10424
4.27338	-1.6919
4.84475	-1.39833
3.28861	-1.79113
9.61263	0.83238
5.7817	-0.593446
4.44348	-1.36488
5.20365	0.172891
5.10235	0.406864
5.49864	-3.01812
5.4838	-1.24529
5.95907	-1.35624
6.50884	-1.51421
5.24387	-0.751147
5.40058	-2.38918
4.02699	-0.889785
4.46145	-0.797681
5.55304	-0.528322
4.59388	1.54245
4.97114	1.54773
4.64094	-0.757154
3.41194	-0.213638
5.40049	-0.792297
5.44056	-1.05965
4.0271	1.66311
4.36494	0.64924
4.22209	-2.3828
4.92544	0.349427
6.43326	-1.65618
3.59168	-0.348576
4.95568	-1.30447
6.23289	-0.25619
4.86123	0.8749
7.08754	-1.07048
5.21392	-2.88558
5.80672	-2.01945
5.03286	-1.09784
3.52311	0.226864
3.29753	-0.0371657
3.86834	-1.09842
5.57678	-0.0425932
4.35504	-2.50253
3.81022	-2.82309
3.09158	-0.70345
4.6859	0.201243
4.41785	-1.68144
6.31594	-0.214554
3.2761	-2.01823
5.33485	-0.429524
5.46142	-0.793639
6.69892	-0.344188
3.86766	-0.641893
3.70517	0.617219
3.99342	-2.43079
4.40178	-1.023
4.08053	-0.620913
5.5034	-1.61614
5.04062	-0.128175
3.41812	-2.4321
6.03847	-1.76341
3.1704	1.19461
4.59676	0.555084
3.49239	-0.090504
3.67989	0.78607
5.8145	0.747269
4.91961	-0.879609
6.84875	-0.969634
4.5137	-1.57238
3.19493	-1.20082
3.86536	-2.21335
5.97827	0.785814
5.22273	-1.79428
4.05073	-1.89521
4.51014	-1.18189
4.12999	-1.19837
4.48625	-0.303548
4.58332	-1.68441
4.43164	-0.934497
3.49828	-3.03357
5.57944	-1.29542
3.83644	-2.9733
3.8406	-1.04548
5.45415	-1.93366
6.38337	-0.887363
6.32474	-0.966082
3.07547	-1.15801
4.42541	-1.78426
3.52841	-2.52532
5.15005	-0.520073
3.48471	-1.15567
3.67643	-1.66562
5.08189	-2.81903
4.9315	1.44508
5.60846	-0.941301
4.42144	0.962952
5.70383	-2.50667
4.3288	-2.75364
4.1489	-1.42084
4.9173	-2.75036
6.3241	-0.676554
5.69777	-1.44657
5.22882	0.285582
2.93977	-0.17915
4.44049	-0.704773
3.90311	0.620286
5.11	1.03149
4.93311	-1.94532
5.5625	-0.406976
4.05603	-1.87328
3.66296	-0.622873
4.87739	0.12568
5.77789	-2.8188
4.65024	-1.67704
5.77707	-2.44477
5.67498	-0.142015
4.0055	-1.73588
3.07414	-1.51267
4.89018	-2.84795
7.27032	-0.495272
4.55536	-1.16684
3.64763	-2.5708
5.18494	-0.18827
5.85636	0.427507
7.52493	-0.225213
5.52809	-2.71117
3.98838	-2.05634
5.2848	-2.44199
3.80086	-1.11866
5.80404	-0.81433
4.35218	-1.27729
6.43767	-1.05487
5.00761	-0.97313
5.95679	0.697205
5.83121	-0.366933
3.77579	0.866623
6.04972	-1.3913
6.67839	0.556238
4.77995	-1.1583
5.46792	0.0596568
6.07404	3.87808
5.26236	0.0757957
3.88985	-0.450949
3.44518	-1.86035
3.86809	0.201481
3.75002	-2.01961
6.16662	-0.901986
5.17314	0.170146
4.5195	-1.30035
4.68627	-1.6296
5.29295	-1.8815
4.49056	-1.62189
3.36883	-0.718887
4.50007	-1.09472
5.29137	-1.00273
3.7701	-0.776714
3.0452	-1.47185
3.25128	-0.503543
4.86941	-1.98295
2.99783	0.370627
4.35043	0.377884
3.63456	-1.17363
4.67337	-1.00374
7.00833	-1.22543
4.28801	-0.22067
5.12293	-2.16899
5.67202	-0.568443
4.23954	-2.4438
3.7884	1.48595
5.3511	-2.98653
4.15616	-1.638
4.88283	-0.373468
4.728	-1.86702
6.89933	0.638981
5.86367	-2.57616
4.59238	-2.30261
6.49879	-0.170813
5.75158	-2.73894
4.51226	-2.17942
5.64997	-1.34507
5.3859	0.85369
6.45251	0.650822
6.22681	0.798775
5.52595	-0.0880792
5.04483	-2.86682
6.60504	-1.76675
3.08473	-1.59338
7.30875	0.0840617
4.59679	0.177354
3.80968	-1.46297
4.24201	-1.35094
5.2901	-0.966163
3.68227	-0.481097
4.87136	-1.34984
5.98308	-0.885513
6.4764	0.126826
5.55078	-2.0127
5.98682	-0.787801
6.13296	-2.40019
5.16758	-0.782522
5.60827	-1.3069
4.30987	-0.562949
6.04423	-1.14575
5.35377	-0.640388
4.31175	0.149411
5.83571	-0.89915
3.42296	-2.86011
4.75347	-1.75767
4.78482	-0.0325322
5.16888	-1.01344
3.27968	-0.860458
3.6443	-1.53613
4.49595	-0.362174
4.35908	-0.588811
3.59393	0.880112
4.83507	-0.320936
4.89165	1.76412
5.12643	-1.51176
3.08686	-0.012607
4.34225	0.204089
3.16218	-2.04413
4.46648	-0.167067
4.7729	-1.55705
4.67482	-1.1429
3.49704	-2.03242
4.1696	-0.615722
5.31987	0.27103
4.50578	-0.670667
5.73585	-2.01739
5.90505	-0.733729
5.26319	-1.03016
4.42042	-0.494392
5.72105	-0.192404
7.04733	0.39814
3.8107	-1.02647
3.45105	-0.578004
5.84955	-1.81156
5.05397	-0.799075
3.82508	-1.65934
5.66	-2.2481
5.5115	0.0221523
3.08368	-1.17175
5.09926	0.57993
6.29445	-1.83633
2.939	-1.18304
4.8359	-1.80414
3.99754	0.332887
6.96448	-3.33914
6.31773	-0.710251
6.45951	-1.56648
4.88827	-1.61139
4.3734	-0.833389
6.9064	-1.28134
4.72745	-1.23451
3.09616	-2.27363
4.84891	-1.36904
4.56043	-2.34977
4.4235	-0.979265
3.49371	0.491401
4.20033	-0.885852
5.29335	0.271545
5.52463	0.0412814
5.29112	-1.93576
3.50894	-0.464083
4.23916	-1.30359
4.56912	-0.0720692
3.724	0.358816
4.13228	-1.15453
6.38373	-1.40598
6.29767	-4.17227
3.38009	-1.55409
5.21777	-0.956556
3.05658	-0.033946
6.20361	-1.47953
4.27493	-1.4832
6.35932	-2.26102
4.11679	1.08213
3.44584	-1.48622
5.85586	-0.92105
4.20537	-1.34797
3.29456	-0.979664
4.67398	0.0405765
4.65785	-1.60489
3.63102	2.73329
5.45813	-0.479662
3.85606	-1.22868
3.54267	-0.570879
4.6918	-1.72628
4.52127	-1.00275
6.10126	-1.79499
5.69663	-1.42179
4.46681	0.376074
4.17958	-3.07647
4.08782	-1.1957
3.41465	-2.47575
6.89574	-1.73217
4.49258	-0.554228
5.92828	-0.455495
6.19995	-3.67916
4.20316	-1.82705
4.96445	-2.43399
4.73346	-1.26615
4.63394	-0.557151
5.07462	-2.29159
7.3475	0.191359
6.02813	-2.77966
5.3777	-0.999055
4.04246	-2.3025
2.9955	-0.6149
4.67289	-2.52851
3.55102	-2.36588
4.61365	0.24907
4.89513	-1.17177
6.46107	3.42332
4.51055	0.399666
5.99659	0.0050032
4.48071	-1.70219
5.34104	-2.53397
7.10696	-1.5881
5.27344	0.4993
5.81041	-1.48522
7.25152	-0.995928
5.59561	-0.820319
3.6899	-0.453243
3.96951	-2.58809
5.54734	-2.50956
5.17082	-0.851349
5.86627	-0.888501
6.70185	-2.0964
6.32219	0.508344
5.35805	-1.58743
3.5769	-2.52184
4.86798	1.42005
4.78327	1.10648
4.57339	0.180641
7.9217	0.124255
7.0979	-2.8762
5.34405	-2.87631
6.21474	0.864357
5.53289	-0.385521
7.06528	-1.60896
4.21157	-2.24762
4.53519	-2.75849
3.70746	0.400523
4.53587	0.149198
5.54769	-1.99438
5.96382	-0.703323
4.26911	-0.530842
5.18768	0.084017
4.43413	-0.731649
5.4239	-0.858492
4.79074	-0.735249
4.97515	-1.75025
5.48479	-1.01764
5.62106	-0.146521
5.57713	-2.03583
3.05101	-1.55662
4.26659	-1.62294
5.5768	0.34462
5.86283	-0.350272
5.20602	-1.69166
4.75868	-0.166811
5.74096	-1.19773
3.47906	-0.262605
6.92856	-0.275662
6.74304	-0.0921356
4.08114	-2.51839
2.85872	-0.749285
3.95546	-1.59463
5.82187	-0.415182
7.14494	-0.670377
3.7821	0.611554
5.26838	-0.42743
5.63811	-3.01898
3.09314	-1.00108
4.17868	-1.069
4.52109	-1.66119
6.20632	-1.42553
6.49181	-1.96991
3.76564	-1.27101
4.14101	-1.09995
3.29622	-1.37076
5.68878	-1.00595
5.2641	0.163389
3.30085	0.951104
5.82333	-2.51417
5.21581	1.83221
4.25527	0.754522
5.42451	-1.59775
6.30878	1.07792
4.95267	0.305091
3.8404	-0.69905
4.76841	-2.20307
5.90674	-0.923648
5.66358	-0.422314
6.06218	-1.03423
5.94045	-0.362621
5.67592	-1.0998
2.90182	-1.07278
4.87016	-1.93328
3.37617	-1.46943
6.28471	0.0271636
4.56935	-0.302344
3.53217	-2.26235
5.31155	0.20857
6.96715	-2.54942
8.32195	-3.236
4.69327	-1.31672
5.9074	-0.564244
5.05653	-0.813148
4.82106	-0.987987
5.57119	-1.57735
6.0195	-0.195961
4.08421	-1.08822
4.0179	-1.62646
5.94678	-2.05732
5.39188	-0.252899
4.13628	-2.0463
4.32765	-1.25918
4.92019	-0.589176
4.03747	0.966162
3.44854	-0.518
7.26563	-3.22275
5.1887	-0.882083
5.71461	-1.80429
5.67765	-0.429286
5.0403	-2.93154
5.46678	-3.23464
5.16356	-1.24148
4.94379	-1.20037
4.28501	1.36534
5.9979	-1.41112
6.17341	-1.5985
8.33438	0.0900702
5.55083	-1.22604
3.46484	-0.404052
2.96642	0.0238195
3.84704	-2.27103
8.21103	-2.73518
5.65841	-2.43319
2.97663	-1.80859
4.07501	-0.300358
4.78587	-1.18254
3.27372	-2.66022
5.22277	-2.03249
7.38234	-9.44642
5.26888	-2.14552
4.60212	-2.31359
4.43847	-0.368538
3.26722	-1.36628
6.8645	-0.749389
6.10606	-1.7361
4.7706	-0.0413336
3.7656	-1.15919
3.88054	-1.71781
4.54226	-0.171988
5.68582	-2.78566
5.47394	-1.3777
3.52166	-0.49288
5.04561	-2.34945
5.89777	1.06183
5.50284	-2.58273
6.0107	-1.52164
4.86997	-2.70386
5.18484	0.0954903
7.42336	-1.86394
5.0903	-1.79293
2.99598	-0.273884
5.11998	-1.85732
3.65318	-0.970852
5.01176	-2.18761
4.82491	-0.816721
4.58812	0.691862
5.45808	-2.8644
4.1772	-0.567737
3.34453	0.569984
3.74539	-1.31551
2.9295	-1.11416
3.33859	-0.348233
5.13637	-1.9509
2.93993	-0.403072
3.31917	-1.35481
3.11484	0.619814
7.21705	-3.12928
5.56813	-1.73449
5.02054	-2.63994
4.25584	-1.80481
6.06088	0.0394454
5.74811	-2.16039
5.8795	-0.339822
10.2511	3.67615
5.00389	-1.95083
3.63753	-0.563049
3.25491	0.720698
4.70144	0.343596
5.50582	-0.974929
5.24979	-1.18891
5.93806	2.41629
5.71258	-1.29268
4.21229	-1.06112
6.42311	-0.0459438
4.23491	-0.404966
4.73122	-0.930319
6.32144	-1.80029
4.75096	-0.2265
5.52982	-2.28223
7.05107	-0.995848
6.87107	-2.65978
5.53877	2.99269
5.53465	-1.34616
7.01256	-3.29483
4.12594	1.23664
6.22928	-0.431727
4.48485	-0.84379
5.16752	-0.569133
5.31698	-0.946554
5.85163	-0.724169
5.12675	-2.43388
3.44261	0.203957
4.05976	-1.23515
3.53997	1.14916
5.95923	-1.13568
5.01107	-0.547732
4.55504	-0.659285
6.22901	-2.46571
5.10488	-1.97118
5.31253	-1.87925
6.79553	-0.46627
8.52665	0.285067
4.98579	-2.41599
4.32366	-1.22915
4.40028	-1.97168
4.63182	-2.50905
6.11125	-2.91828
4.2648	-1.44323
3.37726	-0.315021
6.94447	-0.950245
4.15548	0.112692
5.65807	-1.73715
5.33019	-1.4535
6.76231	-1.73438
6.22605	4.31388
6.34314	-2.84725
5.89395	-0.788613
5.36672	0.331967
5.39825	-0.186311
6.63557	-2.72708
4.3564	0.0409875
3.34069	-3.25942
4.30984	-3.06711
5.21451	0.570326
9.81121	-5.74674
5.35978	-2.14036
3.94442	-1.6771
3.34491	-0.143125
5.69995	-1.17695
3.54604	-1.01553
4.06858	-3.0006
4.87176	-2.18841
6.77428	-2.0006
5.57494	-2.48932
6.15134	-1.33297
7.73177	-1.81004
3.59914	-0.179343
3.6152	-1.88525
4.1537	-1.96433
4.89791	0.143308
5.44229	-2.80828
3.01609	-2.54528
6.79015	-1.36851
3.25197	0.168641
6.11078	-0.185788
5.82547	-1.40683
5.51508	-0.566716
5.75779	0.0510686
4.09073	-0.783727
4.13193	-2.97223
5.22315	-0.415894
6.11867	-2.76424
5.98926	-0.521513
4.17487	-1.48229
2.75705	-1.82986
4.69523	1.52458
4.71637	-0.212005
2.98079	0.496089
5.32644	-1.68086
4.82394	-1.02614
5.34293	-2.88531
5.97596	-2.82031
6.75258	0.136969
3.04401	-1.12168
8.80918	-1.60116
5.42369	-2.13201
6.016	-0.204123
3.18549	-2.07309
6.47278	-0.738059
4.77964	-3.03477
3.16957	-1.40702
4.55767	-1.38605
3.79995	-2.18411
3.37862	-1.6351
5.07496	-0.374976
6.32433	-2.31481
4.18709	-0.124809
5.35638	-2.36537
5.84858	-1.15623
3.0473	-2.44484
6.0175	-2.18216
6.45823	-0.821038
3.5555	-2.31465
4.91667	-0.121471
4.93494	-1.02478
3.30885	1.10186
5.09854	-0.10467
4.97023	-1.86101
4.91843	-2.09432
3.43912	-1.24408
5.62958	-1.01456
4.3615	-1.80402
4.41037	-0.606851
5.68468	-0.835496
4.74207	-2.19573
4.44698	0.418861
6.95487	-0.158309
3.50083	-0.532233
4.10402	-0.867807
4.68556	1.74926
5.40688	-2.66871
3.28571	-0.455676
6.6293	-1.55647
5.46746	-2.69173
3.98017	-1.68339
5.09942	-0.515269
4.29162	-1.68181
5.19617	-1.46063
5.85209	0.647142
5.78071	-0.418097
4.41418	-0.189272
3.29539	-1.51453
5.63576	-0.522697
4.90559	-0.0370125
6.01814	-1.02426
3.66461	-0.75256
6.62584	-2.33319
4.63124	-1.82675
4.905	-2.22889
5.44242	-0.823711
3.44304	-0.243846
6.3948	-1.78335
4.27109	-1.27877
3.84315	0.850537
5.54085	-2.35921
6.1075	-2.63015
4.11862	0.201008
8.33669	-2.23621
4.88896	-2.50913
5.85629	-3.08397
2.89706	0.650483
3.63572	-1.07926
4.99489	0.869823
5.53499	-2.0539
7.12037	-1.20895
5.46032	-1.78852
6.335	-1.4371
6.33563	-1.20114
3.4917	1.36464
4.59155	-0.777621
4.34389	-1.72698
5.36565	-2.05161
4.0087	-0.732774
3.52225	0.200738
3.89697	-2.13413
5.25662	-0.0508791
6.42314	-0.984551
3.40847	-1.17136
3.60488	-0.750803
6.0338	-0.603322
5.82124	-1.08201
6.30098	-0.639048
3.30949	-1.12116
5.0145	-2.5909
5.0221	-0.974901
5.39628	-1.80108
3.91921	-1.93828
6.99363	-0.947576
6.901	-3.74472
4.2817	-2.88867
5.66191	-2.78605
3.67137	0.562184
5.96566	-1.62223
4.81259	-1.10778
5.33428	-1.60232
5.43383	-0.159355
5.54827	-0.0760246
4.25785	-1.83108
4.88858	-0.634856
5.02767	-0.80481
5.82656	-0.396833
4.16398	-2.05083
4.00289	-1.04245
3.97038	-1.78091
5.11341	-0.528911
4.9406	-2.99223
5.42915	-0.816478
4.50662	-1.50974
2.85021	-2.2103
5.15284	-2.37639
7.09149	-1.49032
5.66102	-2.91398
4.1467	-2.53438
4.45663	-0.984387
4.92415	-1.39152
4.42944	-0.546018
4.98174	-2.17705
3.33644	-1.46907
5.26744	-1.03956
5.29992	-1.82945
5.25551	-2.25402
6.54247	-1.01654
4.47869	-2.52923
3.99265	-1.73469
3.33153	-0.364117
6.0811	-1.28133
6.47484	-3.23849
5.38201	-0.460657
3.72202	0.633419
6.45183	-0.735691
6.11043	-0.286062
5.01747	-1.20697
4.78622	-0.797617
5.91653	-0.721475
3.57825	-1.08818
3.7805	0.097657
5.52811	-1.43904
6.01641	-0.659979
5.5134	-0.512316
3.65337	-1.64849
3.61087	0.0267671
4.28714	1.3307
3.71821	-1.19036
4.7289	-1.03898
5.73995	-1.22698
5.19525	-1.16926
5.14037	-2.18431
5.45626	-1.16342
4.40529	-1.46882
6.72976	-2.21314
5.52004	-2.30921
4.73418	-1.97426
6.85131	-0.583403
5.69082	-0.9005
4.5504	-0.0967836
6.66352	0.957193
4.80479	-0.870912
5.04446	-1.45433
3.77753	-1.34702
4.77096	-0.212119
5.2057	-2.61241
3.588	-0.0089141
4.0657	0.00255032
6.28753	-1.28663
6.35513	-1.69858
7.26955	-0.21453
5.47534	-0.0213646
5.36309	-1.87651
5.89654	0.211512
6.82912	0.525869
6.40698	-3.63659
6.95553	-3.04642
5.7349	0.0486525
3.51187	-2.82298
3.49596	0.234767
5.96804	-0.305972
3.70955	0.144258
4.27009	-2.33314
4.34069	0.538938
5.80362	0.00102405
6.47593	0.812331
6.50616	-1.71404
4.27682	-1.65859
6.57066	-0.50896
5.32089	-1.64067
4.24514	0.721948
7.17391	0.874864
4.06674	0.0220324
3.66285	0.859654
3.89285	-0.785057
5.319	-0.396015
5.7773	-0.299823
3.71432	-0.680414
4.92192	0.481691
7.85667	-2.98356
5.27851	-0.0811778
4.28422	-1.14922
4.0558	-1.7802
5.52483	-1.9093
6.05695	-2.18176
3.31817	-0.458324
7.91331	0.615588
4.1023	-1.75507
5.98924	0.730541
3.154	-1.32644
4.14746	-1.21528
3.5075	-1.06795
4.89796	-2.29892
6.23368	0.0824634
4.2018	-2.17748
5.79023	-2.68343
5.63508	-0.984367
4.3544	0.219148
3.47901	-0.914671
6.04341	-3.50036
5.81032	0.445337
6.34528	-1.89404
3.94996	-1.55097
5.97975	-2.51223
6.29838	-1.31877
5.33326	-2.03424
4.06978	-1.34287
5.06223	-0.764322
6.20261	-0.431842
5.09437	-2.68773
3.10943	-1.89409
3.45458	-3.018
5.89089	-2.7714
5.56471	-1.63792
4.44227	-1.8571
4.18699	-1.1758
3.68639	-1.43041
6.14154	-0.191189
4.63509	-1.55392
4.24276	0.17447
3.85436	-0.768766
5.40859	-2.6493
6.61995	-1.6429
4.47567	-1.71049
3.71819	-1.82551
4.48735	0.0241709
3.32165	-0.519736
4.31968	-1.77668
5.31702	-1.23743
4.67363	-1.58631
4.09644	-0.707414
6.4956	-1.42764
5.61574	-1.58926
6.38994	-4.90404
3.5508	0.472869
4.60634	-0.161227
5.55311	-2.57472
3.9978	0.661779
4.64391	-1.02687
3.93205	-2.69561
3.70039	-2.56397
4.22319	0.00130319
4.42117	-3.06778
5.9251	0.122296
3.93222	-0.74265
5.87308	-0.039596
4.19399	-0.689629
3.12693	-0.580794
3.87639	-0.540386
6.14555	-1.40426
5.60809	-1.31041
3.34139	-0.0971714
4.44264	0.301641
3.57799	-0.289053
5.06472	-1.7266
4.79401	0.215092
5.50531	-0.12383
4.14791	-2.05501
5.81196	-0.472238
4.23357	-1.5221
5.6471	0.574908
3.14301	-2.18656
4.45709	0.0075899
6.00258	-1.12107
5.13415	-1.67881
5.6663	-0.294268
3.72684	0.459974
4.74878	-1.98381
2.96262	-1.30341
5.58979	0.367608
4.90138	-1.28289
4.15054	-2.15146
6.05981	0.216745
4.72443	-1.01904
5.00661	1.69128
5.53651	0.338444
5.63417	0.832196
6.00569	-0.351948
3.52814	-1.45631
3.55025	-1.03821
4.63397	-2.47797
5.36909	-3.11157
4.36203	-0.363882
4.98274	1.21869
3.32258	-0.243036
4.68902	-1.91323
3.55006	-2.06442
2.96374	-0.416622
5.66662	-0.532591
5.35723	-1.12855
6.07899	-1.46582
5.11321	-0.724792
4.08681	-2.4976
5.00696	-0.704886
5.89116	-0.353193
5.65122	-0.0125098
4.28495	-0.755331
6.26379	-2.75213
4.92055	-1.10361
3.2688	0.0521958
4.96956	-0.175079
5.79698	-1.51035
4.34825	0.121619
4.35655	-0.596924
4.89768	-1.44178
5.37193	-0.985046
5.41234	-1.67642
3.37682	-1.60625
5.22513	0.55995
5.42552	-0.330347
5.15035	-2.00968
7.10138	-1.8819
5.32355	1.28554
3.8006	-0.60582
4.7381	-0.524999
4.63352	0.790706
4.48738	-2.5036
3.28952	-0.493749
6.03228	-2.18067
6.37332	-0.981295
4.0113	-2.90143
3.3897	-0.107881
4.13689	-0.780067
3.98093	-0.114717
5.26142	-0.399135
5.95309	-0.877482
5.08729	-1.62293
4.82688	1.42799
4.66823	-2.87742
6.45224	-0.216578
5.35372	-2.34217
5.31621	-0.251899
5.45159	-1.81192
3.40295	1.38944
5.70093	-0.851065
5.51811	0.165367
3.88462	-2.06559
4.95301	-1.82865
4.60447	-2.21748
3.94698	-0.26469
5.04483	-1.56212
6.00147	-1.47327
7.18803	-1.24558
3.89424	-0.0239726
4.53819	-0.288955
12.0805	1.24161
2.84301	-1.68766
5.10965	-2.31795
3.92561	-0.745853
3.86406	-0.502648
4.66793	-1.48254
3.5697	-2.64038
8.30367	-2.85283
5.51725	-2.84889
5.79463	-1.69659
5.36841	-1.93235
5.54441	-0.0191846
5.60589	-1.47168
6.46929	-1.87786
4.14065	-0.994789
3.47941	-2.62292
4.60802	-2.58341
4.69885	-0.556374
5.36156	1.87754
3.33874	0.77593
3.53858	-0.990225
5.71097	-1.25197
3.48631	-0.0915129
5.29322	-0.638517
6.92761	-2.30141
5.21189	-2.13374
5.62745	-2.95087
4.26335	-1.55698
3.60546	-0.913163
4.70771	-1.41472
4.87293	-1.09593
7.19019	-2.29992
4.14842	-0.512441
5.3397	-0.711342
5.66404	-0.29485
5.46561	-1.7963
4.84877	2.29293
5.55126	-0.264535
6.01804	1.0073
6.75697	-1.90808
5.38263	-0.911136
5.9766	-0.260832
6.77178	-3.56138
3.02639	-1.7278
4.35639	-0.961894
7.24436	0.209648
3.92614	-2.99592
3.54595	-1.96846
5.74602	-0.419999
4.9664	-1.33866
5.42272	0.351921
5.6877	-2.83105
4.35975	-1.72144
5.09519	0.0289512
4.63979	0.185111
4.86927	-2.09895
7.25141	-2.18865
5.10077	-2.75557
5.86962	-2.22106
4.08369	-2.08808
4.43552	-2.11703
3.54632	-1.66395
7.64088	-0.927375
5.12333	-0.500578
4.42055	0.77303
3.00369	1.52711
5.49175	-2.24216
4.43747	-0.44822
13.0378	-1.30887
4.59712	-1.06363
4.6229	-0.251417
3.20726	-2.94708
4.0762	0.407419
4.13687	-2.31671
4.99633	-0.938145
3.43074	-0.662654
3.71385	-1.73938
4.28927	-1.67585
4.29748	-0.859979
3.50486	0.404626
5.17303	-0.132622
3.518	-2.66908
6.06976	-1.22649
4.62264	0.155948
3.46376	-1.45908
5.32286	-2.60894
6.13006	0.560635
4.44226	-2.84232
3.08874	-0.479883
4.55841	-0.560164
2.86635	-2.45224
3.19249	-0.00478436
3.36152	-0.753756
5.82365	-1.8946
3.74786	-1.62545
4.90139	-0.631212
6.63721	-2.99859
5.61335	-2.16632
8.09447	0.617224
4.88767	-2.42991
6.33543	-1.33126
3.8257	-0.254021
6.25347	-1.75878
4.85167	-2.41209
5.14212	-1.95322
4.3653	-0.447162
5.6986	-2.04652
4.86841	0.42938
4.57207	-1.10375
6.86122	-0.444412
4.56917	-0.397929
5.37507	-0.101863
4.19635	-2.14476
6.67442	-1.71076
5.51056	-2.621
4.20034	-0.730563
3.54338	-1.4301
2.98509	-1.43263
5.42723	-1.30056
4.39718	-0.725047
5.42924	-0.868728
5.98387	-2.21807
3.84238	-2.96955
4.23057	-2.42271
4.91863	-1.9313
5.49466	-0.645536
5.67038	-0.368862
5.0696	-2.63901
5.36098	-1.13775
6.93731	-2.09328
5.13251	-1.61043
5.02273	-0.552557
4.69785	-0.218763
11.2665	-0.278313
6.62685	-0.811544
5.94209	0.485545
4.24974	-0.175966
4.59265	0.0300628
3.65447	-1.11787
6.11923	-0.0243069
3.64049	0.777578
5.99329	-1.20662
3.21829	0.19299
5.22695	-2.13198
3.74004	-2.64998
3.05108	-1.31531
7.42708	-3.72467
4.38578	-3.20814
4.87095	-1.05032
5.81856	-1.37415
4.25716	-0.840432
4.30419	-0.550658
4.50032	1.18863
5.60756	-2.87605
5.76798	-1.0945
7.19508	-1.7667
4.86594	-1.07709
3.97922	-2.63327
5.79055	0.822185
3.72165	-0.563067
5.57693	-1.37426
5.03017	-2.03376
4.35261	-2.41275
4.31504	-0.578898
4.81028	-2.63373
5.04283	0.715097
3.80867	-1.53153
5.7758	-1.51458
4.47706	-1.0887
4.22689	-2.17244
7.06239	-0.470369
5.62323	-0.367958
5.75186	-0.194237
4.26347	-1.50815
6.27543	-1.83003
4.41689	-1.01167
4.39161	-1.6193
3.84609	-2.55464
4.19002	-0.296412
3.75626	-0.332943
6.33341	1.94063
3.86159	-2.19008
3.93987	-2.44488
3.91576	-2.93901
4.37886	1.99567
3.60514	-1.84332
4.41149	-1.05962
4.24556	0.217887
4.09861	-0.611412
4.65186	-0.691804
6.28738	-1.7757
3.76076	1.82108
6.13707	-1.09714
4.99536	0.464332
5.60257	-1.36122
4.90599	-2.34137
5.54223	-1.08793
4.01135	-2.68498
5.15219	-0.591372
4.80345	-0.468104
5.76401	-1.84636
6.72806	-0.175696
4.92428	-2.45117
7.02933	-0.112405
3.91785	-0.00174979
4.67458	-0.818241
4.06878	-2.37436
3.40892	-2.30105
4.13201	-0.745456
5.97394	-1.55167
5.59907	-0.653708
5.36278	-0.925795
5.14352	-2.14506
5.81992	-1.80957
4.09304	-0.237265
6.42224	-0.0010397
6.45597	-1.40978
3.55936	-2.84219
4.59778	-1.84743
5.228	-1.83798
6.04841	-1.02674
5.78195	-2.06187
4.28408	-0.746836
4.84403	-1.44921
6.22998	-0.737281
5.46073	-1.99171
5.86025	-0.314295
4.91185	-0.473557
4.53074	-2.09869
6.08712	-0.275749
5.80835	-1.5608
4.30469	-2.63542
6.64333	-2.48006
2.96047	-0.965668
6.77017	-0.904972
6.67085	-1.07048
3.53202	-2.46683
4.93504	1.62021
3.70319	-0.526001
6.27615	-1.65795
4.68611	-1.64314
5.0005	-1.49609
5.37523	-0.255715
4.98679	-1.5844
8.66875	3.58422
5.29255	-1.10437
5.41744	-0.654414
5.48412	-0.0218091
4.50077	-2.44569
6.27392	-2.9804
13.2482	3.98189
5.52215	-2.28389
3.46056	-0.472276
4.86098	-0.314432
4.62345	1.40838
3.48874	-1.80749
5.20771	-2.23934
5.08282	0.410284
2.98561	-0.844223
5.68318	-0.137537
3.94965	-0.206024
3.08537	-0.829203
4.72079	-1.34982
5.10856	0.392004
3.22119	-1.68524
3.03355	-2.48992
5.23224	-0.194134
4.73949	-2.79184
5.49894	-1.06273
6.22813	-0.272596
4.63121	1.05643
5.28586	-0.0658805
5.39636	-2.86394
5.17569	-2.52189
4.74652	-1.8825
4.62087	0.411052
3.57978	-2.57131
4.9974	-1.2599
3.7396	0.0927396
5.02304	-1.14193
3.21468	-1.80007
3.66534	-1.151
3.89264	-1.84677
4.90366	-1.08525
4.84436	-0.959455
6.89481	-0.288362
7.68348	-0.209212
4.56859	-2.21329
11.5842	-2.1304
6.06214	-1.0058
4.11	-2.40351
4.63318	-0.70643
6.67772	-1.74797
5.93931	-1.28401
5.69551	-2.1144
3.40027	-1.42139
3.9479	-1.77641
6.37953	-1.74162
4.47309	-2.94052
4.96344	-0.991114
7.59968	-1.83155
3.26092	-2.36066
7.15068	-0.842607
6.76773	0.00668869
5.72402	0.110224
4.58681	-0.213948
6.16251	-0.741119
4.37434	-1.82935
5.56087	-1.04789
5.28469	-0.407034
3.70666	0.372028
4.69542	-0.0639424
4.81532	0.33472
5.9027	-1.82824
4.00321	-1.86632
5.25456	-2.26911
4.2762	-1.92012
5.26314	-1.69158
3.71017	1.12175
3.11988	-2.7593
6.20858	-1.02176
5.50054	-1.745
6.39174	-1.60481
3.19917	-0.271247
3.76094	-0.258312
6.0787	-1.21278
5.545	-0.21772
3.66262	0.099232
3.81193	0.364273
4.81953	-2.86264
5.25197	-1.37865
4.50774	-0.50549
4.39973	-1.22598
5.9716	-1.3857
7.31493	-1.26484
5.25267	1.17112
5.60374	-1.09927
4.74407	0.438514
5.3203	-1.52951
6.14164	0.285843
3.36424	-1.87675
5.40236	-0.934645
5.72798	-2.63291
6.37769	2.31977
6.18062	-1.3287
5.20567	-0.804547
5.1311	-0.0736828
5.66572	-2.52361
5.98772	-0.209095
6.6565	-0.334637
6.75451	-0.34349
4.99661	-1.02343
4.76652	-2.56804
3.40465	-2.10528
3.02789	-2.05634
5.87142	0.519392
5.78083	-1.56896
4.48942	0.174415
3.53034	-1.43856
4.11079	-0.505939
5.7749	-1.59574
4.84932	-1.75643
4.88588	-0.644832
5.26438	-1.20017
6.5469	-0.581501
3.45285	-2.02635
5.30627	-1.81506
5.19343	-0.00325818
3.44708	-2.56442
3.65193	-0.30582
4.00858	-1.80892
4.00524	-0.910303
4.50081	-1.17629
5.10964	-2.1217
5.27171	-2.31428
5.17996	-0.360045
7.84921	0.10972
6.03701	-0.407122
4.49991	-0.740789
5.91086	-0.116302
3.23262	-1.97145
6.04301	-2.1559
5.15148	-0.456932
3.80793	-2.38481
4.60589	-0.474708
6.25563	-2.10174
3.4907	-0.054248
4.40424	-0.758343
3.16949	-2.49879
4.86454	-1.27237
4.73734	-0.738961
5.02642	-2.75213
3.34305	-2.26965
4.83543	-1.09981
5.74988	-2.899
6.56651	0.55138
6.00073	0.26011
3.74252	-2.03672
5.52617	-2.12819
9.21137	2.73915
4.41801	-2.38851
4.55768	-2.44027
3.59529	-0.522744
5.53454	-1.05785
5.83401	-0.916934
5.33499	1.20029
7.13176	0.214007
3.47382	-2.07012
4.57279	-1.45469
3.15372	-1.62097
3.70179	-2.69143
6.21967	-2.36935
4.42387	0.43481
8.27185	-4.3487
5.21402	-2.37348
3.3481	-0.961088
5.7417	-1.86075
6.56598	-2.11107
3.44917	-2.35536
5.65359	-2.91221
6.10217	-1.65485
3.93369	-2.24534
5.68657	-1.64573
3.153	-0.88485
4.63642	-2.0978
4.91915	-2.10641
3.30321	0.00207311
6.03951	-1.41696
5.17831	-0.852581
5.3608	-0.04055
5.60347	-1.53756
6.72978	-1.60518
4.32676	-2.26298
3.43303	-0.350334
4.42177	-2.63449
3.06633	-2.02405
3.8557	-0.549841
6.80823	-3.6246
6.88015	-0.160817
4.13651	-1.03714
6.82586	-0.925031
3.62588	-1.20047
5.76656	0.246274
6.08981	-1.84711
6.2964	0.428143
3.41838	-0.983359
5.47975	-0.232895
5.97294	-2.67403
4.01325	-1.39638
3.74197	-0.269793
4.10207	-1.34202
4.0678	-0.208577
4.46319	-2.91053
5.39756	-1.7623
3.76164	-1.86757
5.74804	0.533642
3.68198	-0.931199
3.96991	0.234815
5.7118	0.0811127
6.74124	-2.79526
6.11243	-0.487463
9.81757	2.18181
5.39474	-2.3658
4.85565	-1.5894
4.67997	-1.97882
5.06436	0.544788
5.42876	-2.50074
4.46335	0.513098
3.00404	-0.40088
3.73723	-0.255885
5.68497	-0.50002
6.41385	-0.713754
5.62501	-2.21147
4.62847	-1.17931
4.62719	-2.18622
3.02346	-2.6947
4.31176	-1.45115
5.73567	-1.22581
5.64623	-0.83037
3.79847	-1.01429
3.50789	-2.74616
5.77624	-0.79692
7.05195	-0.0856419
5.30962	-2.50225
5.07508	-2.33072
6.5645	-1.2412
5.0314	-2.04753
7.3415	-1.1282
5.24165	-1.31315
4.06616	-1.91701
3.65834	-1.44044
5.54397	-0.105602
7.02009	-0.910087
3.63461	-0.929955
6.73932	-2.06415
4.94278	-1.53686
7.33574	1.53712
5.69674	-0.729093
7.09483	-0.142544
4.56527	-1.37878
6.10423	1.33541
4.20917	-1.93019
3.75264	-0.71452
3.62117	-0.52704
5.53391	-0.994701
6.32908	-1.96182
4.8615	-0.12848
5.26923	-1.75739
3.47243	-1.54189
4.2563	-2.46786
6.00354	-1.90287
4.77061	0.0866923
7.03735	-2.05919
5.14013	-2.35232
6.92422	-2.40847
5.82702	-0.47001
3.4262	-1.95029
6.30402	-0.745708
6.0475	-2.50623
3.77995	-0.810726
3.70232	-1.13497
5.31153	0.132098
3.58874	-1.13344
7.07907	-2.82929
4.87661	-2.5252
5.45685	-2.00176
5.09584	0.0417016
4.48657	-2.53018
4.18416	-0.749296
7.05548	-1.02126
5.98173	-2.55599
5.19041	-1.46087
4.44943	-1.57767
5.36051	-2.75351
5.0644	-2.97047
5.86747	0.125972
4.62011	-0.030333
5.93076	-0.247403
3.08604	-0.242829
5.65782	-0.187601
6.17837	-0.447184
5.24771	-2.13192
6.38672	-0.934793
5.492	-1.68766
5.17403	-2.01339
5.99572	-2.12809
6.9291	-0.274573
4.67996	-0.769578
5.38082	1.34209
6.07891	0.448633
6.23251	-1.56548
4.55613	0.746407
3.70656	-1.90801
5.36865	-1.95374
3.09444	-1.43712
4.12753	-1.22755
4.43596	-0.152597
3.76339	-2.13037
6.05643	-2.98833
3.50397	0.463887
5.65601	-1.96353
4.28734	-1.41687
4.80014	0.332779
6.47815	-1.15602
5.20361	-0.587188
5.61463	-1.466
6.38642	5.05211
4.2822	-0.838219
4.07338	-2.10316
6.43664	-1.29444
4.27235	-1.30619
5.0615	-1.92538
6.20915	1.73943
11.3083	-5.96036
6.2248	-3.13027
5.85752	-3.06907
4.6441	-0.264321
4.81676	-2.98026
3.79332	-1.85352
6.43141	0.0114115
5.56416	-0.49192
6.0964	1.2813
4.58586	-2.13852
3.9647	-1.01834
3.63586	-0.568019
4.96395	-2.99146
4.95834	-0.381827
4.35805	-1.52453
6.21687	-2.15607
3.96015	-2.3037
5.5766	-2.91843
4.46606	-1.34305
3.92928	-0.0764043
5.15439	-0.351569
5.85496	-0.986697
5.10115	-1.27601
5.45529	-0.0820338
5.40101	-2.42621
5.84571	-1.1532
5.9877	-1.44615
5.88003	-1.69819
6.28296	-1.19144
3.83257	-2.07504
6.82596	-1.68355
4.60998	-1.54512
3.97128	-1.32125
3.78441	-2.21676
3.82726	1.28325
3.55718	-1.54654
5.84173	-1.0656
5.88474	-0.30037
6.31047	-2.26621
6.02985	-0.597819
5.97719	1.39878
4.55319	-0.480444
5.3346	-1.163
6.19846	-1.04292
5.14255	-2.08894
3.89205	-1.59505
5.11163	-1.4104
4.65262	0.361802
4.79721	-0.909198
5.82596	-1.92772
5.86565	-0.0682405
4.32547	-1.82151
5.63474	-2.21799
4.85435	-1.07148
3.24033	-2.20481
2.81626	-1.12359
4.11063	0.071803
10.0785	3.94493
3.95416	-0.802868
5.857	-2.11977
5.69929	-1.0842
2.89229	-1.70887
4.5061	-1.28397
5.28736	-2.63393
5.63833	-2.44714
4.66545	0.149001
5.58327	-2.3132
6.84198	-0.723554
5.58705	-0.383902
3.85399	0.137331
4.84763	-1.56492
4.23222	0.473607
3.58329	-2.23616
4.98459	1.17395
6.8041	-1.4654
4.67869	-1.12737
5.68558	-2.84321
5.28557	-0.346684
7.33611	-2.71679
6.44073	-1.50029
3.30653	-1.70712
5.05555	-1.0605
4.1951	-0.48449
4.43179	-0.404145
3.76688	-0.77816
3.79849	-0.44956
4.43451	-3.01833
3.27975	-0.737285
3.00047	-2.26026
5.80899	-2.06058
4.47113	-3.09739
5.82787	0.0593903
5.90115	1.06382
5.22887	-1.0249
3.3237	-2.2547
5.06999	-0.282287
3.61424	0.844697
5.82753	-1.31169
5.42076	-0.420221
3.07824	-1.94833
4.58642	-1.60895
5.30522	-1.58001
3.93214	-0.308831
3.29657	-1.77769
6.92794	0.305283
2.92049	-0.339767
4.54902	-1.83786
3.38524	-0.504299
9.86676	6.76388
5.76672	-1.59773
5.57637	-2.38331
4.90666	0.422788
5.57482	-0.681635
5.53708	-1.92062
5.28945	-2.11069
4.39352	-1.57116
5.95863	-1.41967
3.55094	-2.24967
4.058	-2.41664
4.50563	-2.85061
4.38145	-1.56445
4.34579	-1.6655
4.4268	-3.07898
4.09077	-1.47388
5.09074	-0.25919
5.78065	3.40752
6.93386	-0.830862
3.89497	-0.45403
5.52574	-1.45794
4.42115	-1.8033
2.87743	-0.978808
5.21045	0.282392
3.87917	-0.778855
5.82819	-0.815333
3.05961	-2.02614
3.67083	0.237591
5.14463	-2.3317
4.07215	-2.40536
4.40931	-2.30055
3.78853	-2.08967
5.61119	-0.938094
3.9888	-0.577432
5.0622	-1.61822
5.87672	1.607
7.56719	-0.829153
4.56396	-0.420176
6.98405	-4.48887
5.26051	-2.32418
4.36702	0.288964
4.01419	-0.0229894
6.8327	-0.54881
6.28156	-1.40722
6.15193	-2.52539
3.93849	-2.09752
6.42434	-1.18052
4.89859	-1.21344
4.44908	-1.34964
4.9755	-1.96365
3.28051	-1.63555
3.37788	-0.0588876
4.17734	-1.25419
5.55344	-1.6801
4.5876	-0.313086
5.34586	-2.17464
5.61365	-0.212567
5.3007	-0.110883
6.48717	-3.19088
4.14263	-2.19458
3.0856	1.47161
5.51465	-1.15392
3.38522	-2.58696
3.84214	-1.97331
5.14826	-0.453589
6.64725	1.11697
4.17321	-0.899766
4.978	-0.760475
4.85647	0.0604548
3.90916	-0.497425
4.64409	0.497721
4.46874	0.503511
5.86272	-0.247511
5.86648	-0.00291634
4.99275	-1.23757
5.1298	0.68175
7.2218	-2.24485
5.29092	-1.50823
3.92165	-2.42201
5.80958	-0.296463
4.43435	-2.91508
5.81697	-2.67289
3.84493	-2.16096
5.95887	-1.28776
7.33657	-0.37617
5.96012	-0.28118
6.31076	-0.578709
3.2077	-2.73465
4.07985	-0.753597
5.93162	-1.03771
4.62221	-2.02829
5.47981	-0.124304
4.17101	-1.0285
2.91411	-1.24372
5.79971	-1.95601
5.54509	-0.868401
3.47758	-1.91206
5.01319	-2.76244
5.17783	-0.24347
6.26855	-0.177615
5.61199	-1.94318
2.81788	-2.60513
5.11092	-2.21956
3.55322	-1.05483
4.97512	-0.797041
5.05832	-2.00174
6.55167	-2.69916
6.42871	-0.190594
5.29123	-0.651612
4.86428	0.0808625
3.46104	-3.01085
5.08889	0.188681
5.72283	-0.306001
5.42307	-0.56772
2.96227	-2.36439
5.22108	-2.03956
4.43944	-3.02105
5.71184	-2.55912
4.13803	-0.499342
4.82709	-1.79505
4.15388	-0.138805
6.57937	0.877184
3.14863	-0.983058
4.32633	0.331167
6.21636	-1.53036
6.97277	-1.86097
7.26071	-2.48283
4.19871	-0.979305
5.22507	-2.33514
6.1061	0.176649
4.0652	0.270828
5.16088	-1.74484
5.88126	0.642114
4.08909	-0.347834
5.39291	-0.226458
5.26306	-1.16247
4.74806	-1.80166
3.25885	-0.275107
5.5963	-1.60212
3.4101	-0.291378
3.23783	-0.688129
5.05697	0.00326731
8.29869	-1.88336
3.54146	-0.224925
4.13422	-2.33124
3.39351	-0.0979553
3.92529	-2.26186
4.9812	0.971428
3.50599	-2.37134
4.19997	-1.95516
5.78905	-1.56228
3.97284	-2.08568
2.84832	0.318014
4.9225	-1.5524
5.5853	-2.64478
6.27353	-0.930655
5.00086	-0.410267
5.54483	-2.57519
3.95325	0.69739
5.13011	-1.84373
5.56047	-1.371
4.81563	-0.933534
6.28572	-2.03936
5.0968	-1.72309
4.22724	-1.11073
4.89643	-0.678961
5.36799	-2.86387
5.74765	-1.51975
4.32196	-2.17053
5.35852	-0.866464
4.6052	-0.858265
3.71936	-2.32949
5.74056	-2.246
5.86742	-1.96907
3.32425	-1.27421
4.24128	-2.48336
3.49798	0.149705
3.30691	-1.92233
4.86718	-1.15726
4.6613	-0.994108
4.81171	-1.46387
4.78005	-1.49391
3.10672	-3.00263
5.11128	-1.13456
5.10216	-0.869535
3.86796	-0.756638
3.06361	-1.33874
7.699	-2.79222
5.81714	-1.2307
6.17588	-1.93312
5.49476	-1.56984
3.81128	-0.470396
5.94654	-1.62577
6.85742	-4.08068
6.59769	-1.24344
5.01193	-1.25393
5.24127	-1.18235
5.99132	-1.29997
3.38747	-0.633863
5.31563	5.08072
5.36938	-1.18112
4.37095	-2.38003
3.98491	-2.28307
5.85203	-2.12825
6.53523	-1.29683
3.84321	-0.498849
6.55435	-1.11913
7.50552	-1.73384
5.98136	-1.70286
4.91039	-2.2639
3.4431	0.850514
7.08734	0.0326706
5.58194	-0.067154
5.74276	-1.78314
4.72762	1.45882
4.64697	-1.67041
4.51351	-1.61245
3.68345	-0.776219
6.4299	-2.54208
4.14405	-0.728657
3.89257	-0.150663
5.47277	0.552008
4.73027	-1.68584
6.07764	-2.32134
3.07726	-2.25315
5.5953	-2.19265
5.35863	-0.792994
4.55676	-0.495548
3.30764	-2.47059
4.41361	0.22308
7.19659	1.12837
7.41104	-1.47162
4.96295	-1.93139
4.65438	-0.903366
5.23785	-1.2884
3.80465	-2.6657
5.00073	-2.56002
4.77954	-1.37687
5.85978	-0.567762
6.63627	-1.90233
5.45954	-0.444445
3.98743	-2.90043
4.42938	-0.684063
5.57346	-0.0535769
6.0324	-0.0537372
5.57754	-2.4116
5.64647	-1.48721
3.09316	0.832976
6.80569	1.2763
5.26879	-1.17597
4.61292	-1.1256
5.71809	0.655578
5.98551	-2.81278
5.24601	-2.905
4.2822	0.752204
6.87728	0.608864
5.53565	-1.41232
4.35908	-1.11259
4.09971	-0.647716
5.81934	-2.58049
7.14718	-2.69529
4.68232	-0.722974
3.62101	-1.55104
6.1066	-0.640241
4.45904	-0.20098
5.99432	-1.84243
4.34569	-1.07713
3.5138	0.428321
5.10807	-0.337364
3.29773	-1.49593
4.49353	-3.03983
3.73926	-0.600871
4.54127	-2.68696
3.2845	-0.0842466
5.64149	-1.24306
4.02665	-1.11532
3.42007	-2.02709
5.70022	-0.81123
5.85443	-0.117757
5.13679	0.719405
3.79393	-1.05888
9.15861	3.32604
4.32023	-2.07473
5.63525	-2.96978
6.26145	-2.72393
5.84922	-2.97181
6.06656	-1.41828
5.64818	-3.13975
6.29193	-1.41776
6.89269	-1.95399
3.93663	-2.3759
6.23143	0.981078
5.80067	-0.0190659
4.48591	-0.201223
4.0836	0.634674
4.87052	-1.19581
5.00702	-1.72311
5.56643	-0.666442
4.72015	0.640803
5.38586	-1.81153
6.8129	-1.359
5.20905	-0.876348
4.04894	-1.54244
3.99452	-2.75337
3.6213	-0.689314
6.08	-2.39568
7.38866	-2.67904
5.67106	-1.00634
3.45157	-0.591022
6.53706	-1.07152
6.91411	-1.38361
7.91792	-2.2661
3.3692	-0.658358
4.99277	-1.39067
6.19057	-1.15048
5.54945	-1.79945
4.37165	0.627637
4.86935	-1.45623
4.88889	-2.16812
5.2118	-1.39192
4.4343	-2.7611
4.53073	-0.605426
4.75568	-0.620672
4.28427	-3.08155
4.52982	-1.61937
5.9758	0.52852
3.54209	-1.05561
6.17961	-2.33007
5.92591	0.983113
5.0385	-1.03673
4.53752	-1.47148
5.78919	-0.412831
12.6267	-10.5043
4.81751	-3.05335
5.71993	-0.47908
3.39309	-0.328942
5.93977	-1.94714
8.26454	6.34545
5.66303	-2.39814
6.65167	-0.360016
6.87105	-0.887313
5.40032	-0.35971
6.62231	-1.25118
4.80423	1.90027
5.5471	-1.55303
3.80867	-0.278776
3.61887	-2.4143
4.23093	-1.20048
7.3274	-0.8803
5.00347	-0.585919
5.22707	0.955236
7.26932	-1.86057
4.63875	-0.597245
8.02102	-0.562681
3.94138	-0.633081
3.99534	-1.56055
4.97985	-0.721686
5.4904	-1.11418
3.99322	-0.517892
5.76438	-0.187837
5.42261	-1.92202
4.91818	-3.13999
5.60152	-1.7609
4.32781	-2.55067
4.99367	-1.68028
4.53219	-0.783634
3.68563	-2.6762
4.20895	-1.4076
3.42891	0.151029
3.31208	-2.23896
4.25188	-1.85402
5.50324	-1.00348
5.28726	-1.87791
5.40814	-2.22889
5.07043	-2.57541
3.67055	-2.49409
4.33521	-1.10895
4.82034	-1.26459
4.63215	-1.99485
6.45718	-0.555884
5.24002	-0.647677
3.84436	-2.92422
4.50448	-2.78793
6.95147	-2.54522
4.35612	-2.31755
5.09714	0.165443
4.6908	-0.102134
4.32432	0.220771
4.77561	-1.70464
6.31906	-0.0233506
4.85901	-1.52894
5.63602	-0.731178
3.86347	-1.86345
4.82167	-1.49363
6.74825	-3.98987
4.29269	-1.6501
5.29346	-1.18237
5.10161	0.0434216
4.53115	-1.01596
5.34102	-2.67404
5.49086	-2.50983
5.80658	-1.76239
5.17622	-0.14911
3.84689	-2.40081
3.29314	-1.15842
3.74407	-0.0217129
4.36373	-0.464059
5.34521	-3.12944
5.46964	-0.529245
5.11089	-0.905201
3.41804	-2.61449
3.25395	-1.9388
4.78651	-0.205597
5.33637	-1.42471
4.13482	0.486309
3.99924	1.05225
5.7489	-0.31983
4.88089	-1.01138
6.15286	-1.12983
4.58302	-1.97452
4.92558	-1.86775
3.56073	-0.673515
3.76161	-0.340851
6.70356	-3.41135
3.24329	-1.26572
5.58433	-1.42194
5.63713	-2.45656
6.01974	-2.66872
4.86952	0.254467
7.511	0.0553326
5.62056	-0.369833
5.25988	-2.42226
3.38567	-1.85409
6.75817	-1.97282
4.51881	-0.0631104
4.74914	0.221645
7.09711	-1.24281
5.6975	-2.03944
3.76012	-2.87761
5.44255	-0.853552
3.83125	-2.08192
3.90128	0.53205
5.70872	-1.74211
4.11862	-0.121285
5.48304	-0.916766
3.11951	-2.67237
5.04062	-2.30274
6.05034	0.0100583
4.93395	-2.70093
5.52431	-0.565512
5.95627	-2.69281
2.94081	-0.549453
3.13202	-2.66904
5.34676	-1.07437
6.58639	-1.24652
4.30057	-1.14412
4.16652	-1.4455
3.62954	-2.43049
5.68857	0.197104
4.76475	-1.98834
5.21131	-1.08401
5.50104	-1.07777
3.91058	-0.9544
5.48509	-1.32561
5.53545	-1.82239
5.14363	-1.63403
5.31093	-0.550509
5.08786	-0.584686
5.2662	0.0472375
4.25678	-2.8226
5.91717	-1.20837
5.17735	-1.07479
5.67133	-1.44534
5.3003	-0.660835
4.42737	-0.740509
4.08521	-0.464622
3.43499	-0.680935
6.50176	-0.77029
5.88063	-0.453632
4.57594	-0.177822
3.24736	-1.66594
3.29912	-0.31965
4.55238	-1.13281
7.60603	-0.991754
4.89319	0.286521
6.45127	-2.58427
4.7053	-1.08756
5.22371	-1.96068
5.41283	0.178709
4.35976	-0.927256
3.3485	-1.28941
2.96317	-0.799824
3.53717	0.0458937
6.54742	-2.27447
3.22754	-0.908657
4.99892	-0.745094
7.30583	-0.852432
5.0124	-0.369611
4.9256	-1.71657
5.72174	-1.03838
4.06542	0.0575544
5.58401	0.380767
6.72061	-0.317256
3.4757	-0.534235
3.43077	0.026839
5.475	-1.71468
5.7897	-0.589443
4.9372	-0.317601
5.99457	-0.802207
4.88484	-1.82287
6.61443	-2.84715
5.18603	-0.61502
4.2024	-0.900543
6.58491	-0.00452428
4.2425	-1.67046
3.35255	-2.05667
6.45351	-0.578962
5.22001	-2.35919
5.29884	-0.512118
3.81788	0.463184
2.84022	-2.3501
4.66985	0.0572221
5.32372	-1.72293
4.45665	-0.940015
4.03482	-1.27781
5.07053	-1.49426
6.15153	-0.159207
5.93914	0.18428
5.44368	-0.650511
4.8491	-1.39269
5.47571	-1.25531
4.52582	-0.361399
5.75104	-1.29121
5.35036	-2.79698
5.30129	-1.62718
4.76001	-1.83357
4.53556	0.349626
3.53757	-0.386237
3.99471	-2.94969
4.69331	-2.74821
3.21521	-0.383511
5.9482	-0.267924
5.0102	-0.17437
4.34049	-2.02676
5.02077	-2.41097
6.69965	-1.7464
4.00517	-3.19839
11.7077	3.57308
8.13293	-0.820932
4.01534	-0.0751899
5.13535	-0.784247
4.79152	-0.789111
6.17699	-1.39778
3.89666	-2.89986
4.36326	-2.07899
6.01661	-0.994213
3.11568	0.529845
6.08257	0.352596
5.52127	-2.50973
5.21813	-1.28139
5.38798	-0.526085
6.6515	-2.59713
5.50356	-1.05138
4.71598	0.0653991
4.57313	-0.0260935
5.02979	0.438478
5.2254	-1.05731
4.82516	-1.06408
5.93215	-2.92095
5.66178	-0.8926
4.14559	-1.85869
6.78853	-1.78078
5.65337	-1.66799
4.74852	-2.05948
6.15017	-1.47477
6.33348	-2.45553
6.26434	-0.251119
7.26024	-2.31785
5.67134	-0.343355
3.94528	-0.984881
6.44803	-2.57684
4.0405	-0.991068
3.05297	0.464869
5.61636	-0.17519
5.47306	-1.84257
5.33137	-1.54817
3.93383	-2.2627
5.83829	-0.694612
4.85712	-1.40244
5.49613	-0.531243
4.97932	-2.20807
5.29292	-0.329145
3.51843	-0.0492579
4.62552	-1.46135
5.34675	-1.88326
3.73486	1.04101
3.13109	-2.79553
7.05964	0.832213
3.69664	-1.70108
4.6249	1.44786
6.04208	0.242873
4.25531	0.0256272
5.94949	-0.940337
3.94315	-0.408473
5.40876	1.67946
5.42223	1.14478
3.66908	-1.71656
4.39055	-0.229538
4.20971	-1.69017
3.67277	-2.31584
4.4752	-2.11246
3.25978	-0.0653586
3.28566	-2.32241
4.60124	-0.283331
6.01586	-1.26992
5.32791	0.465165
5.72721	-0.722829
6.28265	-1.59203
5.85225	1.11778
6.30254	-0.927923
5.47461	-2.21392
5.75063	-1.87635
5.35472	-3.03623
5.78902	-1.84349
3.13324	-0.144376
3.11251	-0.743599
4.01419	-0.077354
5.13517	-0.475293
4.08578	-1.46428
6.45362	-1.3464
6.23534	-0.181573
6.84639	-2.51276
5.92345	0.831581
4.4629	0.724693
6.05907	-1.17677
7.2652	-2.01912
4.65149	-1.74568
5.11861	-0.323884
5.74274	-1.22819
2.86513	-2.17381
5.75566	-1.59598
4.2864	-1.60602
4.06132	-1.39723
6.14147	-0.205174
4.51759	-1.65384
4.40665	-0.0161716
3.87863	0.0554785
5.49869	0.0153812
4.03655	1.30248
5.61148	-2.35705
4.17929	-0.847603
3.6208	-0.544206
6.71023	-2.25245
4.8088	-0.816792
5.73865	-2.66075
4.00271	0.289309
4.20685	-0.6055
6.11256	-0.690953
3.38744	-2.11607
4.34062	-3.04322
5.27038	0.528169
4.35215	0.716314
5.66249	-2.55989
3.87588	-0.527791
5.66391	-1.79782
6.29358	-1.16052
7.32539	-1.04961
3.14692	-0.524755
5.47873	-2.01365
6.2431	-3.49833
4.34077	-2.43645
5.24044	-1.79293
5.31176	-0.445707
5.1712	0.512113
4.24751	-2.98823
3.49464	0.752785
4.10652	-2.89728
3.6179	-1.6373
5.02265	-1.60828
5.1152	-2.3989
5.46942	-1.4856
4.48574	-2.52985
4.55507	-1.63411
3.8642	-0.950084
3.11394	-1.82151
4.1111	-1.51111
5.67493	-2.95832
4.78301	0.387859
4.46609	-3.09085
5.56403	0.998816
4.39801	-1.34579
7.63427	-1.53536
3.25589	-1.72732
6.34388	-0.659148
4.88518	-0.968922
5.11626	-0.113808
6.01655	-0.668912
3.34718	-1.1836
4.91863	-2.95117
4.86773	-1.79576
4.97994	-2.87332
5.94578	0.682035
5.12898	-0.793128
4.66593	-1.36335
6.31584	0.591515
4.89743	-0.883863
6.14691	-1.20333
5.89978	-2.24508
13.8482	-3.02638
3.61278	-1.9008
5.39297	-0.800444
8.08641	0.803591
5.1167	-1.52929
6.31723	-2.25453
5.17584	-2.37161
10.6675	-1.33689
4.06994	-2.06314
6.07219	-0.573371
3.98396	-0.178516
4.6575	-1.60935
4.28939	-0.317489
3.96237	-0.488096
3.80896	-1.05116
4.34481	-1.26543
4.70487	0.678479
3.73731	-0.6162
4.71928	-0.63943
5.14177	-0.64851
3.51203	-1.40171
3.44034	-2.44935
5.57192	-1.21224
5.34508	1.61589
5.13649	-1.20889
7.60713	-0.637812
7.40987	-2.45305
3.20905	-2.97447
6.0179	-0.471577
6.13796	-2.13359
4.18585	-2.76308
3.46832	-1.95901
6.35915	-1.45298
5.90103	-0.926371
3.77912	1.61497
5.78966	-2.67489
5.37727	-0.556256
5.68551	2.19126
5.45415	-0.131684
5.39323	-0.800659
5.11202	-2.77687
4.40473	-2.4165
5.07316	0.75782
5.46971	1.40474
5.00835	-2.79208
6.09575	-0.818476
3.66787	-0.183299
6.52809	-0.666173
6.25654	-1.93909
5.10507	-0.900388
5.98576	-0.95068
4.43342	-1.90453
4.85893	-0.792358
5.61135	1.36336
4.86046	-1.12751
5.19656	0.626838
4.15294	-1.10742
5.49703	-1.14437
5.35371	-0.846077
5.61476	-2.18507
3.98697	-2.23275
5.01818	-0.723537
5.52656	0.813301
5.76116	-1.10669
4.39974	-1.72928
3.5562	-1.7252
6.01921	-2.30346
5.538	-1.79694
5.91268	-0.20137
5.83963	0.834813
5.05074	-0.65768
5.44024	0.321749
5.83324	-0.420897
6.06482	-0.638752
3.35851	-1.18353
4.32578	1.97644
4.59384	0.790374
4.59375	-1.67149
5.49477	-2.16959
4.46395	-0.453806
4.72748	-1.25377
5.70365	-1.37083
6.22477	-0.847786
6.85593	1.14375
4.13652	0.778775
4.506	-1.03987
4.95585	0.208399
5.99243	-2.48776
4.57397	0.321884
6.36887	-1.98561
3.4934	-1.56684
3.96933	-0.486
5.11411	-0.618229
5.5927	-1.89752
3.6576	-0.590937
5.67597	0.607525
3.25851	-0.514327
5.33574	-1.59791
5.59317	-1.40175
4.98483	-1.15884
4.77095	-1.84449
4.00207	-1.15789
5.01635	0.646244
6.11191	-3.21538
5.2847	-0.78118
3.24072	-2.23957
3.84167	-0.547341
5.93222	-1.26053
3.65713	-0.669384
3.93904	1.24477
3.88594	-2.21106
4.42039	-0.967889
4.01865	1.16566
5.7632	-0.456604
4.24883	-1.8985
6.95702	-0.408982
4.32229	-2.69703
3.17983	-2.41079
4.98688	-2.10196
2.77471	-1.12093
5.0965	-2.31269
3.42071	-2.04418
3.81883	-0.0682981
5.81005	-0.384242
5.11737	-0.978096
4.72013	-2.72001
5.64703	-0.746181
3.49672	-2.37865
4.67103	-0.586419
5.46181	-0.908513
5.55119	-2.54803
3.74847	-0.55352
5.93252	-2.13958
5.71808	0.811553
6.92013	-1.85966
4.80258	-1.41714
4.31316	-0.222072
4.27891	1.59294
6.19567	-0.647179
5.12873	-1.30208
4.00369	-1.38595
5.28402	0.581128
5.53646	0.318628
5.18111	-0.935952
4.54255	-2.64947
4.02468	0.113786
3.61032	-2.15207
4.07051	1.21765
5.30483	0.065645
3.00865	-2.13334
5.23175	-1.43324
4.24642	0.542233
5.31443	-0.268268
3.57296	-2.71259
4.93782	-0.778072
5.38959	-1.6901
5.04839	0.43714
5.20728	-1.67836
3.22042	-0.677445
4.63449	-1.84301
5.88321	-0.716405
4.41966	-1.93982
5.71462	-0.391654
7.34593	-0.718463
7.02616	-0.648351
6.42521	-0.410156
6.76836	-3.32496
5.01846	-1.67433
4.64084	-1.97984
3.46015	-0.257534
5.66018	-2.74338
3.71275	-2.22858
5.93166	-0.839724
4.32299	0.470318
4.41409	-0.464039
6.24583	-2.43243
4.83734	-0.327581
3.78227	-1.98956
4.48707	-2.75596
4.26842	-2.24692
3.91315	-1.43129
3.0309	-0.818116
5.16258	-2.03825
4.62324	-0.752119
5.63154	-2.1679
5.63922	0.990873
5.82576	-2.11563
4.09566	0.282647
2.88427	-0.959028
4.28165	0.0448224
7.02376	0.237869
8.25095	-1.8129
8.07063	2.21777
3.27022	-0.565469
4.86265	-1.85043
4.01601	-1.67848
5.89447	-1.82931
4.04704	-0.511941
5.10814	-1.21454
4.62891	-0.617314
3.3988	-3.02564
5.44685	-1.39067
5.71657	-1.24801
6.26569	-1.52785
5.95126	-2.59077
3.25528	-1.9784
3.69841	-0.708407
3.01615	-1.10363
3.34392	-1.91832
3.84072	-1.93595
6.29333	1.02311
4.2541	0.313958
4.82796	-2.17248
5.98499	-0.579809
3.57242	-1.84949
5.53795	-1.84002
4.03058	-1.02635
3.7067	-0.387695
6.15006	-2.62712
6.04745	-0.696203
5.5248	-2.5065
5.29212	-0.355603
4.27647	0.506765
4.96457	0.833254
4.47654	-0.388833
4.1314	-2.13361
2.72776	0.337617
5.73702	-0.369112
4.63741	-0.451955
5.00067	-1.03663
4.50386	-2.4309
4.21073	-2.48294
5.26539	-1.35532
6.15208	-1.53772
3.26302	-2.14687
5.19728	1.32783
5.64266	-0.662684
3.59974	-0.264237
4.95829	-0.88588
3.82568	-0.892995
5.22905	0.215316
5.03801	-2.41847
5.12984	-2.01017
5.64226	-0.821975
4.21175	-3.13902
5.7548	-1.35545
4.53956	-0.905253
3.33741	-1.61681
10.7549	3.14194
5.08229	-1.34813
4.94505	-1.36591
5.90251	-0.987041
3.81568	0.156728
6.52022	-1.63629
4.38491	-1.06883
3.83454	-2.28429
5.14615	-0.750938
7.39269	-0.802774
3.98287	-2.1166
3.02881	-2.69601
3.71812	-1.15033
4.42317	-2.34201
3.01963	-0.693702
2.9677	-2.7738
