-12.6659	9.43949
-12.9164	11.9006
-13.2222	12.2719
-12.3227	10.395
-13.6313	10.5609
-14.4862	9.14915
-11.3609	11.7735
-14.3373	12.3135
-12.6535	10.7661
-10.4171	13.2052
-14.0008	9.21635
-13.4917	10.8822
-14.1939	9.04754
-12.2067	10.1201
-14.4694	12.0803
-12.9922	12.3021
-10.6891	10.051
-13.3224	9.55974
-12.7481	12.2219
-12.1524	11.1428
-11.9014	13.2251
-11.9031	10.5144
-13.7015	10.2375
-12.2557	8.87156
-13.1563	10.9416
-13.7385	9.30732
-13.4901	11.2791
-13.796	10.6543
-14.1107	13.5201
-12.4086	10.7987
-13.6731	10.1823
-10.4297	10.5718
-14.9071	11.7789
-13.4852	10.484
-11.364	9.50725
-13.5775	10.2359
-13.9303	11.1709
-12.1892	10.0892
-13.0561	12.2524
-13.0603	10.2526
-14.1855	10.7294
-14.8716	9.73462
-13.5377	10.4938
-14.5064	10.7664
-13.0803	9.81997
-13.9327	13.5706
-12.9551	9.40519
-13.4551	12.2912
-14.7242	9.98439
-14.7591	9.6511
-13.2332	8.91134
-13.6173	10.9889
-11.688	11.3727
-12.3823	10.2857
-12.4309	11.2976
-13.756	10.9361
-11.8104	10.8228
-11.694	10.4711
-14.2814	12.5179
-12.3908	9.85606
-11.8901	11.2419
-14.3528	12.7704
-14.099	11.6089
-12.062	12.5425
-13.2644	9.91265
-13.1693	11.8922
-13.9826	11.7806
-12.3596	10.6146
-13.9312	9.16054
-12.1901	9.30991
-13.7629	9.78733
-13.1736	10.1734
-13.3672	9.42838
-13.5533	12.8626
-13.0153	9.87717
-13.0129	10.2864
-12.6109	10.1243
-11.9551	10.011
-14.038	11.1618
-13.1627	10.2225
-11.1375	12.3786
-13.6274	12.8557
-13.1886	10.7034
-12.0026	9.18871
-12.2557	10.8179
-13.8499	12.3793
-12.3665	10.1912
-13.3436	13.2002
-13.4232	10.7827
-12.0965	9.92698
-14.1462	9.95745
-13.7196	11.2282
-12.6592	9.95313
-12.9331	9.8905
-12.8352	12.2669
-10.9635	9.14025
-13.6564	10.1208
-13.2406	9.92514
-11.6607	11.7426
-13.8079	11.604
-14.7221	9.34073
-12.0847	9.04999
-13.2784	10.236
-10.8172	8.67248
-13.4698	9.18063
-12.2989	9.83144
-11.5803	11.741
-14.5899	11.074
-11.3121	11.8715
-12.7857	11.8384
-10.1604	5.09909
-14.2835	10.8601
-12.9404	12.0198
-13.5758	11.0143
-14.0452	10.6186
-11.7121	10.4846
-14.586	9.60746
-12.1406	11.7528
-11.9924	13.4351
-12.2904	11.3576
-14.8536	10.4106
-13.9019	9.35176
-12.1828	10.8944
-12.6551	9.26378
-9.64007	10.2852
-12.4277	9.98635
-12.5768	10.087
-12.3104	12.1303
-14.7703	9.73322
-14.4672	12.2006
-14.3223	9.54211
-11.694	10.4981
-12.852	11.2664
-11.1667	10.5341
-14.3108	9.21426
-12.2659	10.8376
-12.4932	10.5443
-12.7744	11.6803
-12.2443	11.9109
-12.8321	9.46432
-12.7274	12.3398
-13.9663	12.5306
-14.1047	12.1667
-11.7952	10.9929
-12.0393	13.361
-13.8438	11.7459
-12.1682	11.4841
-11.1554	11.488
-11.9596	11.6124
-13.6297	11.2391
-14.5861	12.9218
-12.9018	9.05791
-14.483	9.69944
-12.6034	11.5683
-13.5128	10.316
-13.4111	9.10247
-12.7597	11.9617
-14.6304	10.7671
-12.1764	10.2265
-13.643	13.2192
-14.0738	11.237
-12.1893	11.1453
-13.3864	11.4836
-12.1392	9.37946
-13.4466	11.8106
-12.2599	9.05725
-13.5687	12.8145
-12.2942	11.7886
-13.213	11.2246
-11.4223	11.2398
-12.0881	11.0526
-13.5573	10.9257
-12.4327	10.2698
-14.8748	9.18569
-12.9069	13.2398
-13.3711	9.81369
-12.6277	10.7843
-12.2012	9.36822
-13.9666	11.4274
-13.5496	9.19451
-12.8658	10.2622
-11.5757	8.50835
-13.13	11.3458
-10.3894	10.6996
-13.6531	8.99227
-12.2709	11.6976
-12.0228	13.1826
-14.5206	11.7537
-13.0774	11.1034
-13.3997	9.69142
-14.8907	11.7144
-12.2926	10.0538
-13.3141	10.2302
-12.4409	12.7704
-12.5295	11.6015
-12.2741	14.0204
-13.0946	11.158
-12.2072	9.72898
-13.0323	10.1685
-12.1143	10.0119
-13.7162	9.60865
-13.51	10.6045
-14.4988	9.72265
-12.6871	10.7379
-14.6367	11.3281
-13.9407	9.96361
-12.3859	10.2947
-14.4067	10.4995
-12.4387	14.5475
-12.3441	11.7479
-12.1291	9.03723
-12.9312	10.8101
-11.3376	11.7088
-13.3166	9.41752
-13.7066	11.1924
-12.2899	11.7653
-11.7105	11.2967
-13.4915	11.6125
-13.2316	10.2212
-13.4025	11.9688
-9.04595	11.2751
-11.1132	11.3739
-12.8006	11.6188
-11.6609	11.6968
-12.4551	9.9937
-14.0928	11.3293
-10.0045	8.0042
-12.5161	11.5095
-8.78967	5.73559
-12.5007	10.7242
-11.7205	10.7947
-13.0661	10.7611
-13.0018	11.4572
-12.5479	11.2773
-14.2824	11.0962
-10.3532	11.341
-14.0791	10.8637
-13.487	12.1846
-12.8709	10.9365
-12.382	11.8663
-12.3437	11.22
-12.7672	10.5657
-14.1106	11.0884
-11.9863	9.92468
-13.4783	11.9197
-13.3243	9.48209
-13.5001	10.7302
-12.9906	9.69828
-12.3107	10.4899
-13.3497	9.20514
-13.0383	10.8004
-13.0708	9.14348
-13.427	9.90806
-13.6357	9.65371
-12.3102	10.9281
-12.0357	11.3678
-13.5169	10.4511
-13.8947	12.1649
-12.2602	11.1889
-11.9573	9.85563
-8.73979	12.3639
-13.3909	10.7502
-11.5495	9.83007
-12.6578	9.66831
-12.267	11.4919
-10.4878	9.8461
-12.3681	11.7907
-14.8375	11.2533
-12.016	10.5316
-13.2885	13.0483
-12.0696	9.27907
-14.0459	11.9528
-13.3919	9.5702
-12.6952	11.6111
-14.1229	9.947
-13.6031	9.64267
-12.0594	9.93323
-11.5323	11.2673
-10.6765	8.66741
-11.7133	10.9262
-11.729	11.0238
-14.3042	10.8488
-12.3382	9.71044
-10.6235	7.83133
-13.1365	9.80759
-12.8755	12.2906
-13.2001	11.0004
-14.0387	14.0919
-12.4358	10.834
-12.3934	11.8896
-14.3968	11.2797
-13.1755	12.1123
-12.1604	10.3586
-13.334	9.73696
-14.0045	10.4004
-12.3057	11.4153
-13.9283	11.2555
-12.4075	10.1611
-13.0868	12.4606
-14.6353	9.4834
-11.6773	11.0157
-12.4725	10.419
-13.3643	11.0661
-13.0033	9.23892
-12.784	11.5288
-11.2915	10.493
-10.9458	11.201
-13.9972	9.71591
-14.0089	11.5024
-12.4609	9.79325
-13.2636	10.8862
-11.8545	8.25552
-11.9417	10.2158
-11.5176	10.2103
-13.8651	9.62748
-14.0556	11.3208
-11.1577	11.5999
-12.8303	11.8535
-14.4852	11.5232
-12.726	9.65445
-12.8362	9.39958
-11.7679	9.85997
-14.3335	11.8121
-13.7137	9.33643
-11.4267	10.862
-13.2849	8.92392
4.38719	3.59261
-12.9494	11.7794
-13.0684	10.1905
-10.8374	11.4097
-14.5401	13.1326
-12.9024	10.8621
-14.8792	11.2794
-13.9716	10.241
-13.6035	9.31392
-12.9438	9.10352
-13.4524	11.1883
-14.2838	10.7351
-13.3891	10.3217
-13.2201	9.69992
-12.0825	11.7751
-14.7233	9.72447
-12.1058	12.2331
-12.6988	11.1201
-13.9686	10.7866
-12.7574	11.9785
-14.5726	9.24667
-14.7385	10.8825
-13.4654	11.8784
-13.6727	10.3343
-13.8198	11.4964
-13.7076	8.90782
-13.9933	10.0471
-13.8003	8.91079
-13.5515	12.0506
-12.7453	10.4472
-14.2916	12.4042
-14.6858	11.3055
-14.9729	12.9155
-13.2506	11.2392
-12.6472	12.014
-13.0516	9.28249
-12.3232	10.9605
-12.0085	11.4104
-11.9799	12.0017
-14.9846	10.6517
-12.4115	10.8129
-14.066	10.0128
-13.1797	11.8681
-14.5329	11.2325
-12.6571	11.2174
-13.8518	9.68884
-13.0517	9.99008
-14.6553	10.7708
-10.995	11.7101
-13.6481	10.7506
-14.2495	10.5918
-14.2204	11.3733
-12.7049	12.6287
-12.5976	11.0208
-13.5114	10.5132
-12.8497	12.0856
-14.8412	11.7769
-12.244	9.20188
-13.8756	9.86272
-14.1879	10.1026
-12.1091	9.05171
-14.5622	10.6598
-12.7212	10.277
-14.1073	10.6954
-12.9822	11.4368
-14.9506	11.0999
-14.0786	9.36309
-14.7437	12.3698
-13.8367	11.0612
-12.7878	11.5335
-12.0591	10.1478
-14.2065	11.4421
-13.7155	10.1867
-13.8208	11.9337
-14.2163	11.6567
-12.0849	11.2624
-11.8606	13.6299
-11.6182	12.8525
-14.9116	9.76
-12.3296	10.0308
-13.1489	10.7086
-12.1234	9.94041
-12.4579	9.73218
-14.4951	14.8488
-14.8804	13.1908
-13.7097	10.8491
-14.8891	10.2054
-14.5077	10.3091
-11.6594	10.5184
-13.8854	10.0526
-12.1951	10.2062
-12.6815	9.15279
-14.3866	10.9025
-12.3819	9.39247
-14.6622	9.99096
-12.8484	12.0712
-13.6001	10.1065
-13.1674	9.96193
-13.7137	12.4106
-14.6476	10.2233
-11.9863	10.0649
-12.0793	11.7317
-14.359	10.1447
-12.06	8.81298
-13.0193	10.0024
-13.892	9.11393
-12.0317	11.8898
-11.9544	10.1165
-12.8999	9.9323
-12.6858	9.74847
-13.1642	11.6613
-14.911	11.9471
-13.3566	11.6461
-11.4816	11.353
-14.1376	9.70769
-11.9952	10.7017
-13.5796	11.929
-13.5723	12.3746
-12.3604	9.78672
-14.4384	10.377
-13.358	11.8677
-13.1901	9.75759
-14.9213	11.7462
-11.9593	11.2218
-12.9493	11.2614
-12.0054	9.9318
-10.3359	10.9855
-14.7187	11.3526
-13.9078	9.28155
-13.4876	10.5755
-11.9679	12.1052
-12.1653	9.74552
-13.2059	11.4354
-14.7138	9.99167
-11.9429	9.0352
-11.3663	11.0901
-14.5867	10.7513
-13.9185	11.3532
-14.249	11.9697
-14.0275	10.7414
-14.5928	10.6217
-14.8187	9.09206
-13.5654	10.7516
-13.3442	10.9585
-13.126	10.4703
-14.783	11.8994
-12.063	10.5254
-14.6882	9.60031
-11.7183	11.409
-14.0732	9.75736
-14.8491	11.5221
-11.4416	8.46194
-11.9138	9.56147
-12.5562	9.77887
-13.6025	12.2651
-14.3136	12.66
-14.9923	9.91982
-12.8206	11.6452
-13.4911	12.6228
-13.825	9.64455
-13.9967	10.1188
-14.6189	10.1862
-13.1567	11.956
-10.9118	11.444
-12.3374	11.4325
-12.8683	14.3219
-14.1917	8.93256
-12.1216	9.83404
-12.3813	11.2077
-14.0255	10.3299
-12.6222	11.5709
-13.2747	11.7339
-12.7467	10.5886
-14.1344	11.3142
-13.2163	11.8006
-14.4486	11.8475
-14.7088	12.0888
-10.4369	9.27354
-13.4617	11.3829
-13.161	10.6602
-13.9195	11.7182
-13.1347	9.30679
-12.3111	12.8164
-14.8133	12.1707
-13.5445	9.8542
-13.183	9.83393
-12.3179	10.3687
-13.3427	9.63916
-14.0586	10.7872
-13.5212	13.1055
-11.6679	11.2673
-10.5924	11.0128
-14.5378	9.84619
-12.4011	9.32353
-10.6762	9.408
-13.3611	10.9776
-12.7554	11.3145
-13.9751	13.5889
-12.9673	10.812
-13.1849	10.4257
-13.2731	10.5458
-13.9827	12.2031
-12.8882	11.3602
-12.5912	11.785
-12.3713	10.9683
-14.5254	10.0871
-13.8264	11.8482
-12.5478	11.2402
-12.3485	10.0789
-14.5102	10.0198
-12.3596	10.2049
-13.365	9.31483
-13.1685	12.8415
-13.196	11.4176
-14.8103	9.70191
-12.998	9.7269
-14.9882	9.32859
-10.7232	7.84646
-10.4111	13.2644
-12.9852	10.7982
-13.3634	9.88946
-11.9803	11.8603
-13.0239	12.7031
-12.8799	11.0573
-11.2053	9.87138
-13.2563	9.10587
-13.2051	9.79925
-12.245	9.00763
-14.084	13.1908
-12.7718	11.3841
-12.4899	10.175
-12.9226	10.0106
-14.9867	9.29625
-14.7404	9.49324
-12.3126	11.8231
-10.7753	11.7159
-12.0611	9.10847
-10.5079	11.0914
-13.0821	9.57578
-13.3585	11.6161
-13.99	11.1846
-13.5875	11.8084
-13.5103	9.95624
-14.1418	9.29295
-12.3711	9.84326
-14.2267	8.91413
-12.5988	10.9745
-14.3288	11.1446
-13.0979	9.95487
-13.7193	9.88748
-13.0547	9.57629
-12.6822	10.3051
-13.594	10.2226
-13.9691	10.8368
-12.5653	10.2084
-12.9038	9.32949
-14.9697	10.2924
-13.6976	9.29958
-12.5459	11.3222
-13.0897	10.8143
-13.8775	10.0032
-12.8255	10.8033
-13.5731	10.9739
-13.363	12.0998
-12.8947	10.4655
-13.1454	9.75281
-13.6286	10.0627
-12.6779	9.97709
-13.3338	11.4192
-10.3501	10.5044
-12.034	11.9149
-13.0957	11.6808
-14.4827	9.6979
-12.5847	10.5725
-13.6978	9.04729
-11.9965	10.5865
-12.8818	11.7487
-10.9433	10.5055
-13.1541	11.3456
-12.6413	10.9968
-12.7719	10.6685
-14.5317	10.3057
-10.1456	12.6912
-14.1038	12.7148
-12.0839	8.90713
-14.5106	11.7095
-13.0073	11.3014
-11.9245	9.8841
-12.3503	10.76
-14.3362	10.1919
-13.6537	10.4631
-11.6384	10.1498
-14.2784	9.66789
-14.1475	11.5259
-14.6677	10.4422
-12.2328	11.4896
-12.6492	9.11192
-12.1744	9.92743
-13.2544	10.0825
-12.5398	9.71316
-11.0239	11.4129
-10.5542	9.2952
-12.7618	9.69593
-13.1784	9.55787
-12.5839	9.98109
-11.5389	10.2374
-11.3132	12.277
-13.2285	9.98686
-13.1189	11.98
-11.1956	10.2328
-14.4093	11.8825
-12.159	9.6821
-12.8266	11.0411
-13.7944	12.0597
-11.9022	12.9673
-14.4094	10.5212
-13.226	10.5686
-12.6798	10.6802
-13.8883	12.9293
-13.0047	10.9029
-10.5778	9.51761
-11.5346	11.4309
-13.3635	11.5344
-12.3851	10.7316
-11.5657	11.5748
-13.7975	10.7133
-13.9253	10.1172
-11.3977	9.71516
-13.7082	9.94572
-12.0252	9.66091
-12.6883	11.0789
-10.8705	9.53021
-14.822	11.9118
-11.9056	9.76377
-11.2811	10.5634
-12.5022	11.7091
-14.4427	11.6852
-14.341	9.8702
-12.8131	9.93245
-12.3479	9.81635
-12.6212	9.74556
-13.8958	11.9553
-14.0967	12.2507
-12.278	11.466
-13.6966	10.577
-14.8399	10.9058
-12.0216	11.2945
-14.5049	12.0132
-12.6873	12.4863
-13.6983	9.69509
-13.4527	10.6624
-13.4667	12.2157
-14.0817	10.0674
-13.5859	12.8853
-14.5796	10.7135
-12.7118	10.8133
-13.637	11.7164
-12.493	11.0633
-12.9283	11.3097
-14.4911	11.725
-11.8695	10.8272
-14.0135	11.051
-11.2187	12.3734
-13.4017	10.6216
-11.3413	9.57091
-12.7927	10.5643
-12.7566	10.2702
-11.4546	10.5547
-13.8336	12.219
-13.5006	9.33972
-12.8532	8.97186
-11.962	13.5151
-14.2498	11.024
-13.8705	11.0918
-14.9764	10.3215
-13.3844	11.1119
-13.3577	10.586
-13.8341	9.99952
-10.7238	11.8612
-11.9873	11.5737
-11.338	9.87005
-12.8682	11.1134
-13.4011	10.2493
-13.4445	11.4991
-13.2286	11.2674
-11.0221	9.68467
-13.9439	11.5959
-14.3289	10.7731
-13.4447	10.3448
-12.5133	10.7702
-13.8948	11.0007
-11.9188	10.3367
-12.8001	11.5766
-13.6396	11.4053
-13.0739	11.9394
-11.7493	10.0285
-13.6066	10.4361
-12.6574	10.8124
-13.2617	10.7481
-9.91444	12.7735
-14.8744	11.7311
-14.7357	11.4671
-14.9923	12.5064
-13.5636	12.352
-12.5629	11.5171
-13.3465	9.56304
-11.3564	10.9002
-13.0081	9.67282
-12.8875	10.7185
-13.9	12.2101
-12.0171	11.9915
-14.2024	10.2783
-14.3609	11.1752
-14.3043	9.14713
-13.6401	11.2538
-12.2251	11.0641
-12.7988	10.6067
-9.97357	9.2985
-13.8361	12.7337
-14.3658	12.919
-11.761	10.6907
-12.6037	9.33613
-8.11936	10.6296
-14.0662	8.90387
-11.7335	11.0743
-13.7553	10.3553
-13.9707	10.9657
-10.8709	11.3682
-14.2166	11.2521
-11.3585	11.1172
-13.0493	12.1319
-13.2914	11.7811
-13.0014	10.2728
-14.2207	10.3661
-10.4432	11.2949
-13.3127	10.9678
-11.9035	10.1201
-13.9164	11.3715
-13.2531	11.8673
-12.8447	10.6386
-10.4428	13.5079
-13.0175	10.3616
-11.5262	10.2936
-11.1371	11.5574
-13.0285	11.5775
-14.6512	10.7829
-14.0474	9.27109
-14.0664	11.7198
-14.0015	12.5959
-12.4601	11.3898
-12.9819	12.658
-13.6199	9.92759
-14.237	11.7229
-8.15487	1.58364
-14.24	10.4804
-10.7017	10.4872
-12.9761	11.472
-11.5115	9.72031
-12.8765	11.506
-11.0863	9.50629
-12.9038	11.8531
-14.5204	11.6782
-12.3884	10.8354
-12.9266	9.69451
-11.6329	11.661
-12.2616	9.87796
-12.1911	8.99152
-14.8007	12.0535
-12.5333	11.3974
-12.8852	10.3172
-13.4556	9.78694
-12.7028	9.626
-13.1861	9.98219
-12.1641	10.1193
-13.9106	9.47499
-13.7926	12.3592
-11.4482	9.76082
-11.656	9.64661
-12.5888	11.4456
-13.6726	12.9023
-14.2439	9.70082
-11.528	10.823
-13.1469	11.0606
-13.9222	12.6039
-14.3826	11.0177
-13.9561	11.6174
-13.9926	9.64092
-13.7635	11.0805
-13.1694	11.691
-11.5155	12.2693
-11.7105	10.0738
-14.7602	12.3551
-13.1167	10.9661
-12.6893	12.2547
-13.8249	11.1473
-14.6742	9.80324
-14.691	9.64009
-11.7586	9.61044
-13.1045	10.8979
-13.0343	10.6278
-13.2259	10.4954
-14.6067	10.8617
-12.1949	12.1966
-12.5938	9.59339
-12.3655	10.3844
-11.4943	9.7559
-13.7814	10.137
-11.3103	7.30181
-13.2034	9.96048
-12.3364	10.6393
-13.3516	11.403
-11.3575	11.4408
-11.4322	10.2754
-14.2074	11.5995
-11.933	9.88178
-14.3377	11.6088
-11.8431	11.7369
-14.9031	11.7712
-12.9343	12.3303
-12.5556	9.27708
-13.5169	11.4796
-12.4055	11.3724
-13.7798	9.30674
-13.3965	12.007
-13.7637	11.2217
-12.6384	12.1264
-12.5355	9.74997
-14.892	10.7968
-12.6332	10.987
-12.75	10.1757
-12.0994	9.59452
-14.592	10.7176
-11.1237	12.5586
-12.2223	10.0118
-10.9423	11.0001
-14.1167	10.3088
-13.6452	10.2977
-13.2588	10.1867
-13.9448	13.2836
-14.3263	12.2417
-13.2471	10.5925
-9.8416	6.82005
-11.6608	11.4059
-11.4821	12.9422
-13.7872	12.0528
-12.413	11.2289
-14.0801	9.64232
-14.581	11.9921
-13.7216	9.76779
-12.5278	10.8447
-14.5633	12.6808
-13.3946	10.9629
-14.0906	10.8889
-12.0441	10.4747
-11.7783	11.8976
-12.2241	10.3537
-12.7019	9.9012
-11.2003	10.7886
-12.4427	11.9709
-14.7423	8.96326
-12.8265	11.6488
-14.2009	11.6069
-12.314	10.1172
-11.1324	9.72568
-13.5553	11.9619
-13.4554	12.3863
-12.3504	10.3706
-12.6598	11.3994
-13.4529	12.7553
-8.89703	10.9927
-12.0305	11.7078
-10.8682	10.8775
-14.1986	11.0702
-11.864	5.84463
-12.2468	12.7565
-13.0582	10.8343
-14.6513	9.62187
-13.8777	10.2848
-12.5269	11.3636
-13.1201	11.6762
-13.8484	11.6736
-12.7975	12.7669
-14.9473	9.95884
-12.1969	11.0307
-8.9332	12.4072
-13.4099	10.7795
-14.054	11.1864
-13.3678	11.1822
-12.6937	11.1619
-12.0146	10.1099
-12.7771	9.78848
-13.0909	10.7352
-12.2681	9.83921
-14.2642	11.9225
-12.4136	11.4438
-11.579	11.2086
-14.0382	8.92626
-12.4625	12.2435
-14.2041	10.5339
-14.4703	10.58
-12.9772	10.3434
-12.4322	10.4594
-11.3131	12.4998
-13.9977	10.9879
-13.3576	9.77747
-11.8658	10.5626
-12.3904	10.3505
-14.121	10.6857
-12.5245	12.0103
-11.8553	10.3162
-12.6128	8.88191
-14.4719	10.5811
-14.2166	10.0222
-10.377	9.92702
-12.0024	11.0927
-13.2494	11.3773
-12.1237	11.5242
-13.0773	11.7391
-13.6296	9.67697
-13.9292	12.5882
-12.913	10.3812
-12.2885	11.0086
-11.7653	10.7034
-13.5658	13.1335
-14.3454	10.9144
-13.0075	13.596
-13.7778	10.0759
-13.3298	10.8516
-14.7925	12.1105
-13.7179	9.89467
-13.8501	12.563
-13.1217	10.5833
-12.9586	11.5321
-12.2674	11.3008
-14.8782	11.0216
-12.4158	10.128
-14.0735	11.8633
-12.9215	11.5252
-11.2533	11.4327
-13.5594	9.24167
-14.7232	11.7165
-13.3915	11.2323
-13.8536	11.5291
-13.2329	9.59237
-14.4039	11.1093
-13.5187	11.5818
-12.2744	11.7259
-14.2793	9.49965
-11.7493	9.21163
-14.8391	10.2061
-14.3497	10.2771
-13.2059	9.8041
-14.4639	11.7603
-12.6282	10.5512
-14.5361	11.1222
-13.3713	11.5912
-11.0497	11.2958
-13.9466	12.0142
-13.9362	12.2201
-10.0283	9.10988
-11.2856	10.2411
-11.8856	9.27979
-11.975	11.8336
-12.1204	11.5316
-12.8737	10.4464
-11.6822	10.3074
-14.244	10.0105
-12.0097	11.4269
-12.3818	10.2599
-14.1407	9.71072
-13.9427	9.15443
-12.0357	8.87798
-13.8471	11.3769
-14.264	9.83507
-13.1964	10.8194
-10.3054	11.5312
-13.4093	11.7985
-12.3835	9.12872
-13.2449	10.8018
-8.30778	8.46284
-13.1521	10.9784
-13.0448	10.7124
-14.5907	11.7943
-11.0778	8.88959
-13.5181	9.33007
-12.2374	12.0262
-14.5458	10.1148
-14.2795	9.85971
-12.617	11.6543
-14.2014	10.4171
-12.6425	9.41891
-11.2771	8.60623
-12.5023	9.4914
-12.8212	10.2457
-12.596	12.9751
-13.5715	11.717
-12.4893	10.2215
-11.6561	11.0577
-11.4921	10.2838
-13.3333	9.67304
-13.4724	11.7615
-14.7527	10.7736
-13.6121	10.1232
-13.0811	12.0984
-12.644	11.9496
-14.2883	12.1037
-13.6035	10.2726
-11.8447	12.8464
-11.0703	9.5834
-14.5912	11.4865
-13.0503	9.74781
-14.7036	11.6217
-11.9481	11.6047
-12.2139	11.5709
-12.9941	11.8327
-12.2919	11.6704
-12.1508	12.0302
-14.485	12.1518
-12.2575	10.6027
-13.1282	11.7776
-11.9485	11.5243
-13.2223	10.551
-10.8368	10.1877
-13.9711	11.2011
-12.35	9.97717
-12.782	13.0197
-12.5993	10.2905
-12.9547	10.2214
-13.755	11.9244
-12.3126	10.1192
-11.5318	9.17199
-12.3236	10.1977
-14.6448	11.3946
-13.0373	10.4874
-14.4137	11.1389
-14.6586	11.8004
-13.9495	12.5609
-14.397	14.3649
-13.8273	11.5446
-12.072	9.328
-13.5145	10.9019
-12.1294	10.3089
-12.1965	10.6455
-14.4083	9.26266
-12.2514	10.5271
-14.4048	11.445
-12.9562	11.9238
-12.594	9.20475
-13.5735	11.3567
-12.8068	11.2224
-13.3321	9.88129
-12.2059	10.9275
-11.6079	8.37904
-12.2663	11.5298
-12.3936	10.2023
-14.9091	11.0185
-12.5547	9.15625
-13.2702	12.1867
-13.4849	12.0706
-11.4429	8.25487
-14.1387	10.2457
-13.4555	11.7366
-12.1737	13.0644
-14.0098	11.7147
-14.6426	11.9445
-13.2962	11.7224
-12.4272	12.1947
-11.9239	9.74517
-13.6895	8.9546
-12.6364	10.9927
-14.9051	12.4279
-14.4976	12.4949
-12.019	11.8011
-11.2859	11.1142
-13.2934	13.8975
-12.4392	11.8795
-11.7586	10.5275
-14.6144	11.4445
-13.9198	11.2133
-12.7021	11.7964
-13.5782	9.33329
-13.3554	10.4266
-13.1567	11.0792
-12.766	11.8326
-14.4634	11.2106
-2.14376	11.2495
-11.3151	10.8121
-13.5247	11.9799
-11.6973	11.7539
-13.9989	10.0323
-13.0846	12.9883
-14.1789	11.6978
-12.1624	10.795
-12.8604	11.0303
-12.6612	11.2774
-14.134	11.1426
-13.5165	8.96704
-11.8015	9.52713
-12.5011	9.30275
-11.905	9.09985
-13.3188	11.1227
-13.7268	12.8955
-13.8182	12.6246
-12.8741	12.3556
-13.1284	12.5219
-12.3689	11.0333
-11.3369	13.0276
-12.2743	9.73126
-11.8054	12.0225
-14.1473	12.698
-12.1029	11.3066
-12.5001	10.8578
-14.4999	11.5909
-13.1566	9.2623
-13.7357	12.0212
-13.64	12.2791
-12.5512	12.0082
-11.9984	9.90821
-10.2598	12.7129
-14.7645	11.2633
-13.6546	11.6499
-12.4442	8.84697
-13.7634	12.1825
-12.3591	10.5242
-13.3539	10.3761
-14.0844	9.33124
-12.4727	10.675
-11.6868	10.3397
-14.5987	9.98671
-13.0454	10.7537
-11.586	11.775
-12.7415	12.5473
-12.8196	9.35699
-12.1538	12.0561
-12.8162	12.9051
-11.2297	9.88614
-12.6467	11.4923
-14.5458	14.2946
-12.0851	11.6525
-13.2281	11.2646
-14.0791	9.3716
-11.7582	11.2963
-12.2398	12.4053
-11.3555	10.0866
-13.1239	11.6417
-12.4246	12.0581
-13.3243	11.3388
-11.964	10.6636
-13.6154	11.7186
-11.5029	10.8524
-12.1767	10.7191
-14.0431	11.5618
-12.4402	10.6419
-14.2154	10.9054
-12.1458	12.364
-11.7492	10.3719
-12.2671	10.1043
-12.6282	9.78967
-12.2119	11.0612
-13.5957	9.51807
-14.7376	10.6628
-11.7001	11.7424
-13.4844	10.2651
-14.2474	11.9242
-13.6034	11.3784
-11.6041	12.002
-14.0174	11.5943
-14.2362	12.021
-12.456	9.37568
-12.1012	10.9656
-14.4247	10.7994
-13.1905	10.2841
-12.0275	9.74895
-13.1384	10.0851
-12.9394	10.07
-14.1337	10.4593
-10.9954	9.99736
-12.5369	10.2163
-12.5282	10.2829
-11.7357	12.1823
-14.7973	11.2582
-13.14	10.1925
-13.1784	12.5597
-12.6604	11.3413
-12.7857	10.1178
-11.0472	11.5828
-13.4429	8.8893
-12.9401	11.7925
-14.0089	11.0722
-12.8075	12.0863
-12.6553	10.7774
-11.6	11.7876
-13.8361	12.0374
-12.5704	13.1726
-14.9858	10.8055
-13.9832	11.2812
-13.6034	10.9589
-12.388	9.60999
-12.0012	12.167
-14.0302	11.9168
-12.2402	10.8584
-13.8265	10.3178
-13.127	10.7448
-13.9525	13.2327
-13.6777	10.3871
-13.9176	9.5457
-13.7817	11.5247
-11.4777	10.6367
-13.0459	10.0069
-11.8342	12.5303
-13.4832	11.4147
-13.332	10.4772
-12.8646	11.7181
-14.1122	10.4915
-12.5051	11.2794
-13.2926	11.0774
-11.428	11.7871
-12.9502	11.9826
-10.1989	10.9706
-13.5175	11.2321
-12.7603	10.3805
-13.1272	11.8101
-14.2549	9.35643
-13.6642	8.99565
-11.443	12.992
-11.8122	10.6574
-14.5474	11.5098
-12.4038	12.6558
-14.4338	10.5247
-14.1083	11.319
-11.5223	9.85508
-12.5438	11.7551
-14.2395	11.7517
-12.2629	11.8006
-13.736	12.3827
-12.2658	12.7337
-12.9121	12.6192
-12.6003	10.5585
-12.2879	10.883
-12.9607	10.5881
-13.4732	12.9846
-12.6993	9.29828
-13.5437	8.89283
-12.9707	11.0725
-14.0028	10.7136
-12.2069	10.5248
-12.1447	9.19109
-13.4408	11.3094
-13.6318	12.8704
-13.7097	11.1206
-12.2881	11.5848
-14.15	11.6013
-13.2637	9.47691
-14.9466	12.6385
-12.9721	10.607
-14.4794	10.4416
-13.0343	11.7276
-13.2274	12.0972
-12.0754	12.1246
-13.8386	10.6999
-10.7764	13.2319
-12.5013	9.2971
-12.42	10.1859
-14.8425	11.498
-14.234	10.5237
-12.3836	9.8566
-13.1657	11.7255
-13.3591	9.33164
-13.6487	10.449
-13.2449	9.17258
-14.3166	10.3575
-13.1842	10.3719
-13.2229	9.56874
-13.8447	9.9091
-13.5632	11.6645
-13.5098	11.3549
-13.9741	9.5501
-13.3137	11.8405
-13.0215	10.7659
-13.3877	12.1413
-14.2752	9.27304
-13.3567	9.29783
-12.6168	9.65567
-13.3741	9.52853
-13.5821	10.9289
-11.2276	11.6641
-12.1165	10.2471
-14.3262	10.6939
-13.9153	11.6374
-12.6905	11.2455
-12.0539	10.5379
-14.3044	10.4618
-12.5849	10.1757
-12.7887	10.7759
-13.525	11.4283
-12.6876	9.77955
-14.3303	11.1676
-12.6312	10.0086
-14.3711	9.91332
-12.2165	11.6969
-12.933	11.2277
-12.5077	11.8432
-14.1891	11.5699
-14.0657	11.0397
-14.8032	9.38892
-14.1649	10.1314
-12.6309	12.5185
-14.0877	11.7038
-11.5016	11.5601
-11.9094	10.331
-12.865	10.7627
-14.8002	11.7962
-13.7143	11.6466
-11.9493	9.65258
-13.9621	12.0941
-13.1676	10.0631
-13.1518	11.2198
-13.0752	10.8374
-10.8627	7.54597
-11.6401	11.6184
-13.7372	13.0207
-14.6921	11.1078
-12.4127	11.9533
-12.1236	11.9292
-13.1714	9.75993
-13.196	11.8653
-13.9043	10.0877
-14.926	14.1796
-13.3101	10.3208
-12.7324	11.7126
-14.6693	10.8303
-13.4065	10.2669
-12.6233	11.4032
-13.1312	10.3014
-12.9253	11.7604
-13.7528	11.1848
-14.5449	10.0677
-12.7006	10.268
-13.4864	14.5253
-12.4355	10.9417
-11.9224	10.1666
-14.8507	9.927
-13.5954	9.15364
-13.8532	11.2693
-11.5176	11.53
-14.093	10.9094
-12.9846	12.5581
-12.1975	11.2389
-12.208	11.5777
-11.8308	9.32427
-13.5516	12.3072
-11.4398	10.1491
-12.7032	11.5219
-14.7992	10.7261
-14.4476	11.1858
-9.24027	7.90668
-14.1597	11.3047
-12.9172	11.2777
-13.2554	12.4411
-10.9512	10.7732
-13.6393	12.8946
-14.569	9.63267
-13.0331	12.4838
-11.533	9.83248
-14.0911	10.5039
-12.117	9.66883
-14.8855	9.47365
-12.5787	11.9814
-13.9586	11.2786
-14.4704	12.3503
-13.2671	10.0015
-13.8734	10.9845
-13.9054	12.1594
-11.8085	10.2689
-12.6996	9.43643
-11.1391	10.243
-14.4399	10.5676
-12.1215	12.7268
-12.4394	10.8795
-8.33419	14.344
-13.7104	11.3446
-12.1103	9.42722
-12.5081	11.895
-12.701	10.0188
-12.7079	11.6487
-11.3699	10.934
-13.1594	9.20813
-13.6758	10.9441
-12.2025	12.5707
-14.4634	11.2676
-12.1688	10.0789
-14.2325	10.7338
-13.3963	11.77
-12.2764	11.0357
-14.6279	10.5254
-12.808	9.91121
-12.1259	11.1891
-13.925	10.1307
-13.8	12.0267
-14.4464	11.9102
-14.3706	11.2264
-12.3597	11.1663
-11.4028	8.81106
-14.4294	12.1309
-12.4893	11.7111
-14.9158	9.50413
-8.2957	8.76081
-11.4578	12.9247
-12.2292	9.45547
-12.1373	12.4453
-12.8287	10.769
-11.2698	9.38806
-12.3263	11.5943
-13.506	10.6476
-6.404	4.86594
-14.3412	8.90127
-14.6834	9.78556
-13.2421	10.5798
-12.5919	10.3497
-13.1606	10.1165
-13.9941	9.29424
-12.5736	10.7676
-12.279	11.247
-13.7665	10.7531
-13.7126	10.2986
-13.5059	9.22457
-12.1243	12.398
-12.1127	10.006
-13.2604	11.5044
-12.6161	11.4968
-13.3301	9.0262
-10.4437	11.7232
-13.3674	12.7386
-13.5976	9.04495
-13.0749	10.0255
-13.624	11.6446
-11.0927	9.83485
-11.7139	11.6657
-12.6458	12.6729
-14.7196	9.83657
-14.0178	9.6152
-13.3626	10.042
-11.9353	11.9825
-12.5463	9.3887
-12.3036	10.1507
-13.6932	12.3769
-11.7512	13.882
-14.7245	9.7091
-11.0703	13.0088
-12.2055	11.8577
-13.3006	11.5569
-13.5268	13.482
-13.2082	11.8142
-14.8718	11.4358
-14.012	12.5177
-11.345	9.89523
-14.88	9.2382
-14.3323	10.2392
-12.4191	10.2539
-12.6091	10.1616
-12.5236	11.2674
-12.5197	9.39592
-12.252	12.6758
-13.2761	11.8054
-12.7755	11.0676
-12.456	10.5034
-12.6484	11.9518
-11.3851	11.248
-14.0006	9.38948
-10.8024	11.5137
-11.5988	10.8096
-13.8375	11.6773
-11.4669	11.4332
-14.4492	10.135
-12.3388	9.67449
-12.7172	12.2636
-13.7518	9.03573
-11.2364	12.3527
-14.0896	12.7964
-11.4186	11.0326
-12.2819	10.3712
-11.2459	10.2784
-12.9386	11.672
-12.2623	12.0008
-13.2132	11.4739
-12.7031	11.9006
-12.9624	11.382
-11.5912	12.2319
-12.1914	11.6988
-10.7135	11.1639
-10.8201	11.1297
-13.7421	10.6435
-13.7782	11.4842
-13.8533	11.6254
-13.3878	10.3663
-14.6384	10.3794
-13.6364	11.963
-13.7771	11.0333
-13.5077	10.0322
-14.0999	11.2113
-11.0935	9.0715
-13.204	9.86488
-12.0425	11.7109
-13.9125	14.5931
-12.6981	9.92265
-11.9171	11.9123
-13.2677	11.0673
-11.6708	9.88094
-14.2407	10.8942
-14.3661	10.5019
-13.8367	12.2621
-14.0141	9.67168
-13.1233	12.8789
-11.9087	9.95198
-14.5096	10.6735
-12.6667	11.3937
-13.3771	10.8454
-12.0005	9.85579
-14.1698	9.91202
-11.4354	11.405
-14.3839	10.6867
-13.0442	11.3562
-11.7728	10.4163
-13.7596	10.6394
-14.3354	10.4456
-14.2379	10.7855
-14.1426	10.2695
-12.6879	9.98925
-13.5153	10.5211
-14.2326	11.1889
-12.8381	10.7333
-14.1241	10.0758
-13.2705	9.72446
-13.858	8.95264
-12.4459	10.0903
-13.6446	11.3309
-13.0124	11.7141
-13.2489	12.8144
-11.3709	10.2245
-13.6448	9.70787
-14.6789	12.9081
-14.5757	10.8795
-9.55071	13.5624
4.98931	14.2613
-13.5899	9.2923
-12.0012	11.0957
-13.6131	12.477
-12.7348	11.5784
-11.3142	10.6378
-13.176	11.7415
-14.4879	11.6369
-11.3238	9.69962
-14.119	11.1558
-11.2447	10.2925
-13.5811	12.0419
-12.6086	14.3305
-14.7346	10.67
-13.128	11.5534
-14.0382	11.5117
-13.1182	10.2416
-14.1081	11.0646
-14.782	10.5431
-12.0716	11.291
-14.0369	12.3645
-13.3089	11.5076
-10.9203	10.801
-12.8883	10.5792
-13.8911	10.5904
-12.1894	10.3903
-12.1095	11.1884
-11.8237	10.2526
-13.1839	8.97079
-13.86	12.5922
-13.8103	11.5243
-12.5014	9.94085
-13.566	10.1103
-14.7115	11.8147
-13.2457	9.98214
-13.5342	10.9201
-14.4609	12.2948
-14.2419	10.7807
-14.1725	12.6013
-13.288	11.0172
-12.875	10.968
-14.0617	11.59
-12.7484	8.94423
-13.3431	9.58857
-13.0969	13.2672
-13.8991	11.1057
-12.7875	10.4761
-14.387	11.768
-12.6496	10.5905
-11.3717	9.03185
-11.1572	10.0367
-12.9251	11.7205
-13.9038	9.27413
-12.7504	11.1267
-13.4239	11.3648
-12.604	11.913
-13.5894	9.606
-14.2519	11.5551
-12.7611	10.8967
-13.35	10.897
-13.9072	11.1945
-11.18	9.42022
-13.8607	9.18046
-12.9479	10.3322
-14.7466	10.2067
-13.9814	11.6154
-14.2754	9.74896
-12.7619	11.0324
-12.4131	11.9435
-14.7446	9.05258
-12.7497	12.8754
-13.695	11.3966
-11.5536	10.5903
-12.402	13.0549
-10.5526	8.92974
-13.179	11.509
-13.6246	10.9003
-13.855	9.91814
-14.1541	12.574
-12.2059	11.3851
-13.4016	10.9059
-12.1635	11.6299
-14.4319	11.9157
-12.7637	12.0674
-11.6015	8.45508
-12.9288	11.3751
-12.1217	10.848
-12.2751	10.7544
-12.4482	10.6659
-13.5012	13.3653
-14.3044	11.4602
-14.7148	9.81068
-12.7393	10.9855
-12.1186	9.87494
-14.1449	11.9803
-13.5005	9.53811
-14.6776	11.8777
-14.2918	9.07532
-14.8187	12.046
-12.0654	9.83125
-14.9661	11.2947
-14.2433	12.3366
-12.5314	10.9538
-12.3732	11.8076
-10.3162	8.60757
-11.8426	11.4971
-12.0408	10.0686
-14.4666	10.1782
-14.0435	10.8058
-10.9736	10.8331
-12.4941	11.9438
-12.3717	11.6706
-13.8451	12.8957
-13.7827	10.7196
-13.9551	11.8393
-12.5574	10.1774
-12.856	12.8451
-11.9103	9.82294
-13.4158	11.4518
-14.0483	9.78791
-12.2329	10.8957
-14.398	12.1864
-12.9937	9.02349
-12.643	11.0817
-12.9605	11.7915
-13.2123	12.16
-12.4209	11.7497
-12.7042	12.972
-13.5222	11.2534
-14.3719	11.5532
-14.091	9.88087
4.38771	-0.0110068
-11.2009	9.73894
-11.5996	11.1352
-12.5676	11.3115
-11.9048	12.3952
-14.2563	10.244
-12.8048	10.1343
-12.6602	9.30986
-13.8185	11.6406
-13.1787	10.6386
-11.5646	12.7435
-11.9675	10.2331
-11.5681	12.1529
-13.1654	11.1221
-13.7812	13.3193
-13.4748	10.3319
-12.9973	9.56351
-13.8547	9.87154
-12.5797	9.55163
-13.8128	10.3287
-14.6117	11.7218
-14.137	11.1769
-13.6844	10.4539
-13.6683	12.0722
-13.0195	12.2613
-13.0771	10.5209
-13.8814	10.6038
-13.1002	9.36759
-12.298	10.619
-14.3601	10.8643
-12.3053	11.0237
-11.5741	9.07366
-12.3133	11.7433
-12.5297	11.184
-12.1939	11.7046
-12.9314	11.2478
-12.7948	9.26454
-13.0992	11.8049
-14.9767	10.2623
-11.4128	11.4075
-12.8376	10.777
-13.1763	10.5345
-12.5022	10.8469
-13.6458	10.7389
-12.121	10.189
-12.0214	10.8289
-13.1293	9.57609
-12.4168	9.66099
-12.47	11.8386
-14.1318	11.5545
-13.5862	9.55682
-12.0322	11.8492
-14.8244	12.1053
-13.8463	9.73055
-13.2167	10.4934
-12.431	9.62833
-12.2759	10.6126
-13.3977	11.7059
-13.2962	11.8512
-14.064	12.7198
-14.701	10.46
-13.7925	10.8676
-12.988	10.3718
-10.5846	9.79323
-12.8806	10.7308
-11.6794	11.1416
-13.3168	11.5609
-8.6429	13.7675
-14.971	8.95657
-12.5869	10.8256
-13.5431	10.9664
-12.1784	11.6974
-12.3755	11.9192
-12.9283	8.99259
-13.4921	11.8008
-13.2993	12.2041
-12.6549	9.30554
-14.5416	11.8577
-12.6725	10.0177
-14.132	10.9519
-12.8755	11.2329
-12.5037	9.43349
-14.5532	9.62937
-13.1976	11.1914
-13.9862	12.7483
-14.5315	9.74292
-14.2204	10.7752
-12.4463	10.4039
-12.9452	9.76704
-14.6093	10.2035
-14.2846	11.9521
-10.7815	9.48391
-12.5249	10.0297
-13.4075	9.85948
-14.1723	10.4282
-13.0681	9.75569
-11.8467	9.73758
-12.6922	11.0518
-11.8267	12.057
-13.593	10.7989
-13.7001	10.0755
-14.1128	11.6124
-11.5517	10.115
-13.6787	11.3963
-14.2692	11.2588
-14.0054	10.1303
-12.6335	11.4416
-9.70093	7.97086
-12.5898	9.4943
-9.45864	8.85506
-12.5075	12.6624
-12.3917	11.7359
-12.667	10.993
-11.7338	11.5186
-13.9587	11.2151
-13.2198	10.4213
-13.0435	12.2229
-13.8952	9.69623
-13.3667	10.2278
-14.7995	10.7635
-14.0187	11.172
-12.1681	11.2047
-12.3711	9.68391
-13.7734	9.4221
-14.5033	11.6707
-12.117	9.55188
-13.7968	11.0732
-14.8903	11.0254
-14.0048	11.1076
-12.6182	9.28929
-12.5619	12.0824
-13.6305	10.3291
-11.4624	10.9857
-12.9801	11.3257
-12.318	11.3698
-14.575	9.42726
-13.2703	10.8468
-13.9413	9.7454
-13.4307	13.0369
-13.9472	12.2265
-13.9996	9.66967
-13.8604	11.2911
-13.7313	10.4544
-12.3759	9.27447
-12.9259	9.55785
-14.1771	11.2795
-13.1652	9.06577
-14.5876	11.7854
-14.9433	11.733
-11.1215	12.3592
-12.3225	10.9497
-12.7804	10.9881
-12.1653	9.74779
-11.3715	11.5223
-14.3722	11.4515
-14.8081	9.37956
-13.3209	9.74476
-9.8728	9.34311
-12.8819	11.8888
-9.92197	13.2473
-14.1681	10.9736
-10.6124	8.56879
-13.7434	10.9952
-14.3527	11.4705
-8.41424	9.01626
-11.4481	8.6321
-12.1021	10.2701
-12.7479	10.0974
-12.0274	10.5165
-12.3054	11.206
-13.4427	9.88379
-13.1406	11.1645
-14.1201	10.9105
-13.8646	11.3031
-13.6091	11.212
-13.2793	10.8135
-14.5889	11.1217
-13.4064	10.7166
-13.7264	8.97224
-13.0792	11.5253
-12.1678	10.2276
-14.7613	10.7584
-14.4764	11.2415
-13.6336	9.69289
-14.1439	9.33086
-13.8885	11.8915
-13.6235	10.0598
-10.6246	10.2968
-14.5871	10.7387
-11.5209	11.0317
-13.2986	12.0266
-13.2956	12.5582
-7.87914	6.70151
-13.7424	10.4907
-13.6658	9.99449
-11.5465	11.24
-12.2167	11.3801
-12.3443	11.5484
-14.1097	12.7675
-12.1823	9.10316
-12.1645	9.11801
-13.2733	10.7461
-11.5231	13.8034
-11.9409	11.7373
-14.4366	12.963
-12.0976	9.64883
-13.5259	10.9841
-11.2835	11.0554
-12.331	10.8009
-12.0907	9.38769
-11.7783	13.4517
-12.2272	12.1629
-12.5162	11.0252
-14.2357	10.5093
-13.3023	10.5436
-14.4696	10.0763
-13.1385	9.75813
-12.9221	9.61132
-13.5382	9.29355
-12.9494	9.51818
-13.6605	11.5969
-12.9079	11.9694
-12.4293	9.2638
-12.1696	9.57734
-12.2638	9.82218
-12.9151	11.6749
-11.9666	10.6344
-11.8467	10.5215
-13.6046	9.63973
-14.8691	10.5374
-13.8498	11.664
-12.5288	11.85
-11.508	11.2502
-11.6291	9.50002
-13.3821	12.539
-12.6546	10.6861
-13.5422	10.3158
-12.0445	8.88203
-12.9673	11.9465
-14.0973	9.21928
-13.1723	11.6537
-14.4931	12.2809
-13.7664	11.5725
-13.5058	11.5769
-12.3981	10.3397
-14.3944	11.3893
-14.402	10.2374
-13.9088	11.7794
-11.285	13.956
-14.2422	11.2714
-14.878	9.58116
-12.732	9.41593
-14.0644	10.7631
-11.787	11.5522
-13.94	10.8633
-12.7494	9.54776
-13.7129	11.552
-11.0731	11.4698
-11.777	11.9655
-14.1941	10.689
-12.5798	9.45931
-12.9784	11.3833
-13.4511	10.9592
-12.8562	9.77868
-11.993	9.68923
-11.8963	11.6644
-13.0355	9.6166
-13.0481	11.7956
-12.9314	11.2309
-12.1396	11.5092
-13.506	9.59081
-14.4848	12.3614
-12.8437	8.95612
-14.4031	9.31107
-13.0863	11.2003
-14.2759	11.3051
-13.048	12.1498
-11.0432	11.0786
-13.5877	10.8276
-13.1158	11.7044
-14.124	10.1638
-13.0794	10.6054
-11.9447	10.8868
-12.0447	10.9835
-13.009	10.8254
-13.7613	12.5989
-12.3275	12.9726
-13.8012	12.0975
-13.4901	9.75907
-14.1228	14.7663
-14.8396	11.0006
-13.0911	11.2976
-12.681	9.46179
-13.8343	8.91991
-12.9168	11.9118
-13.4962	10.9463
-12.2184	10.5236
-12.1357	11.6149
-12.1754	10.7938
-13.0321	9.75649
-13.6367	10.9329
-12.2682	12.7738
-13.8985	10.8894
-13.4618	9.88432
-13.3417	11.6377
-13.8883	11.8179
-13.7011	11.2836
-13.0209	12.429
-12.6132	9.17269
-13.2403	11.0371
-11.2389	12.0318
-13.1616	11.2364
-10.2204	10.358
-12.3061	11.635
-11.1897	11.3952
-13.1479	10.3217
-14.0602	9.74488
-12.6032	10.9714
-13.3796	11.8651
-13.8595	10.2676
-12.2998	11.7333
-11.9824	8.98959
-13.8185	8.78949
-13.8504	9.89897
-12.8236	9.65967
-12.4415	10.3653
-10.39	7.50182
-11.104	10.9489
-12.2026	11.2558
-12.9055	9.65603
-12.546	9.96643
-13.3099	11.0334
-12.44	10.9071
-11.5291	12.4724
-14.1618	11.3791
-13.4488	11.4462
-13.2387	10.3803
-12.334	10.3416
-10.5844	12.2716
-12.2402	9.15103
-12.5116	11.9737
-12.6641	11.1474
-12.9755	13.0097
-14.1916	11.2011
1.49916	0.686689
-13.7687	12.3051
-14.1395	10.0462
-13.8605	11.917
-13.7506	12.07
-12.909	11.3876
-12.2383	12.4731
-12.1373	9.0438
-12.7931	10.2761
-3.68867	10.0646
-13.5126	9.99139
-12.9672	11.7528
-14.944	9.50898
-13.1518	9.84922
-11.589	10.4046
-8.88473	10.3291
-12.9717	10.9978
-12.8406	10.9835
-13.6736	8.94902
-12.4469	9.22396
-11.9224	10.0489
-13.7142	11.4487
-13.1904	10.3123
-12.5525	13.509
-12.8039	12.0176
-14.7192	11.9092
-11.8867	11.2214
-13.1212	10.3763
-7.37827	9.26104
-12.3234	10.8762
-14.1972	9.94273
-12.646	11.5107
-13.9179	10.6223
-13.2802	10.5762
-14.4048	14.6268
-12.2505	10.042
-12.5555	11.9032
-14.576	10.1095
-13.034	10.6636
-13.9344	9.2734
-12.7273	10.3071
-12.1274	12.1813
-13.6444	10.6551
-11.6622	11.2142
-13.3158	9.83558
-12.0308	9.36836
-13.8658	10.313
-11.9959	10.6034
-11.9579	9.41288
-13.7854	10.0674
-14.1934	11.6329
-13.3042	10.9382
-12.3189	12.7095
-12.2646	12.5072
-13.812	9.19591
-12.7591	9.08011
-12.3676	10.4797
-10.2985	11.5789
-14.3564	10.218
-12.4894	11.7901
-13.1549	10.5253
-12.9372	12.7462
-10.6519	8.22604
-11.252	12.3522
-12.4897	10.4229
-10.9674	11.3158
-13.3474	12.0968
-14.4501	11.7218
-12.3	13.8116
-10.9458	12.7874
-12.6091	10.4392
-13.2176	10.202
-10.4899	9.39859
-11.619	11.2052
-14.1513	10.538
-13.5753	12.4786
-11.1824	10.8023
-12.0598	11.1453
-14.0479	10.1467
-9.88569	6.60301
-10.7755	10.5958
-11.6799	10.5086
-11.3167	11.8542
-13.7324	11.2769
-12.0962	12.1164
-14.2604	11.1632
-11.7221	9.73547
-14.7056	10.6029
-11.4342	10.9781
-13.046	10.1145
-12.3736	9.61885
-11.5887	12.8143
-12.9292	11.2858
-12.6724	9.43405
-12.5417	10.2353
-10.957	9.46931
-14.9315	10.4003
-13.009	11.5153
-12.6868	12.1959
-12.3428	10.4653
-12.7199	11.2548
-12.6599	11.0233
-13.437	9.92199
-14.3365	11.3971
-11.0854	10.5842
-13.9164	9.59549
-11.8102	10.5564
-14.2616	9.94056
-13.2485	9.84419
-12.5274	11.6839
-10.3643	11.2157
-12.3551	10.1158
-13.3379	9.88504
-13.2797	11.37
-13.3254	9.5708
-11.6208	7.7012
-11.4975	10.3429
-14.2613	10.202
-13.8234	9.67952
-11.5806	9.0666
-12.4833	9.55438
-13.1401	11.6064
-11.9098	11.7696
-11.158	12.8566
-13.4596	10.1071
-12.1524	12.7501
-12.5155	11.1137
-13.4637	10.7358
-13.6503	11.4283
-12.2526	10.4121
-13.5377	11.3428
-13.4204	12.5537
-12.9765	11.6049
-13.1778	9.75785
-12.0495	12.0177
-14.0271	9.22252
-10.6581	13.6244
-13.6012	11.6437
-14.2011	10.2343
-12.2531	11.804
-12.2691	9.18382
-12.5243	11.9131
-12.6099	9.23782
-12.2929	11.3909
-12.5719	12.6907
-10.9752	10.7012
-13.6754	10.3146
-12.2025	9.15292
-14.1925	9.28941
-13.3789	9.02127
-11.5951	11.6468
-12.851	11.1621
-11.6097	10.0316
-12.4124	9.9555
-12.4611	10.7145
-12.5061	10.9563
-13.2138	11.1546
-13.417	12.9747
-14.953	10.6078
-12.9038	12.1917
-12.2703	12.8927
-11.6544	11.658
-12.714	11.5535
-11.6196	9.14971
-11.1973	9.94401
-12.9883	10.3649
-12.458	10.4146
-11.7786	11.2066
-13.9245	13.9867
-11.6885	9.27846
-10.3072	9.85418
-12.3348	10.8207
-12.5348	12.3564
-13.2176	10.0124
-13.1715	9.73832
-11.6693	8.62866
-14.6889	14.5628
-12.1242	9.88831
-11.833	10.5866
-12.0059	11.2647
-13.8141	11.525
-13.3172	10.1248
-12.3574	11.9295
-14.318	12.6092
-13.7479	12.3192
-11.5813	10.8645
-14.8469	10.2684
-14.1421	12.8541
-14.2183	11.8357
-14.5317	11.3007
-12.8678	10.0532
-12.5913	10.2054
-14.1034	11.6753
-13.3712	9.8014
-11.5881	11.0145
-13.0348	10.76
-14.6607	10.131
-14.5148	10.5113
-4.42502	13.3919
-13.7925	12.793
-12.7375	12.0897
-13.6994	10.5354
-10.8163	11.5171
-12.7912	11.6085
-12.7399	10.4102
-12.2227	11.8834
-12.9341	9.80062
-13.8577	11.6794
-14.2728	11.0467
-12.7921	10.0174
-12.9197	11.83
-11.834	14.3463
-13.1881	10.0368
-12.817	11.366
-14.257	11.3042
-14.3194	9.97254
-12.8406	9.8736
-12.5422	10.9609
-12.8423	11.0904
-14.1766	12.4787
-12.6896	9.53104
-11.4677	12.693
-11.9241	10.8728
-11.8641	11.3723
-14.2927	9.33188
-10.7667	10.4414
-11.8423	10.5461
-13.0098	11.5544
-11.4407	11.035
-11.9318	11.4124
-14.7018	12.5715
-11.9622	10.1747
-14.5606	9.98772
-12.9448	12.8962
-12.883	10.7118
-12.5959	9.19615
-12.3646	11.373
-12.6276	12.9093
-14.1678	9.9476
-12.1048	10.9301
-12.4501	11.5696
-12.7457	9.58061
-13.2243	10.8535
-13.7395	11.7557
-14.8763	10.5925
-14.5545	10.1894
-13.5567	12.3043
-11.3767	13.2594
-12.2505	10.068
-11.6933	12.3868
-13.5193	11.5621
-10.1721	12.1718
-13.9007	10.8045
-13.4713	9.65678
-11.9891	10.5933
-14.8838	11.3795
-13.7957	12.2932
-14.567	11.6132
-12.2892	11.4884
-14.6044	9.82761
-12.0232	9.67669
-12.1994	9.10294
-11.8768	10.7872
-13.9171	12.1061
-12.8241	11.5348
-12.4356	9.19443
-11.9185	10.3951
-12.3678	11.8044
-11.9374	9.85067
-12.5867	9.72637
-12.4691	11.5408
-13.5602	11.4006
-10.9409	9.3255
-12.9303	10.2844
-11.6585	10.1407
-13.925	9.71234
-11.7112	10.5281
-11.4179	9.77546
-12.6454	10.2913
-13.6893	11.7264
-11.5929	11.2022
-11.8649	10.1292
-13.9047	12.1387
-12.9989	10.7988
-11.0998	10.459
-13.6791	9.94584
-13.2074	11.8112
-13.6736	10.4136
-13.22	11.8441
-12.0859	10.1825
-10.6861	10.1716
-14.418	9.66631
-14.1538	12.6896
-13.1435	12.108
-11.2782	9.90457
-13.0133	10.6621
-12.4841	10.591
-12.1647	10.9998
-13.8264	9.0567
-11.1743	10.5335
-13.6156	11.9095
-13.8907	12.1239
-12.3171	9.7254
-14.022	9.77904
-12.8315	11.4852
-14.2685	10.4709
-14.0224	11.0682
-13.6968	11.6791
-13.4437	12.2768
-12.0563	11.0201
-11.7711	9.97132
-12.8835	11.3332
-14.7044	10.6537
-11.1995	9.81372
-12.8165	9.17807
-12.4171	11.5588
-12.9236	9.53672
-14.695	10.1878
-11.7441	7.92758
-12.0819	12.998
-13.0946	10.0348
-12.8728	10.8772
-14.3229	12.5705
-14.2675	9.44214
-12.1109	12.117
-14.7109	9.91979
-13.1357	10.0318
-11.8392	10.6489
-13.7798	8.96106
-13.4663	10.5483
-14.4373	11.3754
-12.4873	10.6167
-14.6692	9.19801
-14.2717	9.72196
-14.1429	11.3993
-14.7119	11.8616
-13.163	10.6942
-13.5613	9.93999
-12.5388	10.3788
-11.5476	11.547
-12.1195	11.8035
-12.4856	9.23492
-11.8235	11.274
-14.2833	9.21868
-13.4145	11.3786
-11.1399	8.18491
-11.7145	11.0683
-13.2384	12.6816
-12.4867	10.6789
-13.1962	11.1953
-13.924	10.1776
-10.8533	11.2427
-13.8057	10.9829
-12.5509	11.3802
-10.7897	8.75057
-14.2202	11.5618
-13.3959	11.6181
-14.126	9.12005
-13.2576	9.88401
-13.0926	10.6911
-12.5808	11.6809
-12.5932	10.1264
-13.8406	10.013
-12.2791	11.1244
-13.4806	10.646
-14.5869	12.8909
-12.0358	9.51461
-14.2412	11.1853
-13.197	9.95905
-14.0916	10.2692
-13.0971	9.48846
-13.9559	10.8431
-14.735	12.1148
-13.2216	11.3993
-14.0926	9.67189
-13.2219	11.1874
-12.0962	11.9145
-13.0772	11.8111
-11.3099	12.0017
-12.9643	11.2839
-11.9152	12.7677
-13.4933	11.8278
-11.9863	9.66345
-13.9736	9.34247
-12.2565	9.13746
-13.7802	9.28772
-13.3407	10.3616
-13.8449	11.4639
-11.3753	10.3229
-11.8303	11.9149
-12.7497	10.3501
-11.9667	9.52955
-14.2981	11.5316
-13.2434	9.46704
-11.6176	12.791
-13.6212	10.0124
-13.6142	11.3905
-11.1852	11.551
-14.6728	12.5391
-13.5602	10.3576
-12.85	10.6585
-12.5837	11.6405
-11.1433	9.82727
-12.219	10.7037
-14.801	11.7717
-14.2665	10.387
-12.7302	10.8945
-13.4746	10.1781
-6.40011	12.7076
-14.9784	11.4529
-11.865	13.4058
-13.2726	10.4722
-12.5508	10.1183
-13.1438	11.1361
-11.99	11.1133
-12.8725	10.9938
-11.7858	9.93773
-12.4198	9.65151
-11.613	9.02125
-12.6111	9.11674
-14.7436	12.345
-12.5514	11.1785
-12.8175	12.0129
-13.9705	11.6922
-12.1908	11.3743
-11.6413	9.44027
-13.2762	11.2047
-13.048	11.5027
-13.3008	12.9827
-11.8793	10.461
-12.3822	11.6701
-11.8802	10.6777
-12.5975	12.4845
-13.4069	9.58145
-11.1106	12.3831
-14.7045	11.5287
-13.307	11.3915
-13.8761	12.2854
-12.0764	10.9641
-13.3565	14.102
-11.9453	9.1758
-12.0341	9.30113
-12.996	12.5524
-12.1435	9.85335
-13.4264	10.4679
-11.8852	9.43863
-14.4944	10.1114
-12.5049	11.8422
-12.3026	10.0322
-10.2902	8.83556
-11.1936	8.58959
-13.9032	11.088
-13.8343	10.5672
-12.6841	10.4584
-11.8876	12.3546
-13.9677	10.5878
-13.9719	9.11825
-12.8451	11.7215
-14.0287	12.0939
-12.5067	8.78702
-12.4404	9.87142
-13.4378	10.4663
-13.0976	13.5112
-14.2246	9.75418
-12.7888	8.9973
-13.8209	11.7427
-13.3865	10.5525
-12.2338	9.9593
-14.8132	10.8092
-11.5223	11.1996
-12.572	11.3772
-13.2301	9.46278
-13.653	10.421
-14.6356	10.53
-13.8309	11.1978
-12.3295	11.9082
-12.6681	13.2796
-11.2715	6.64975
-13.6413	10.2813
-13.9338	9.81789
-12.8244	11.522
-13.2068	14.2021
-12.7071	11.7326
-14.8135	10.4417
-13.5027	10.3448
-12.4513	10.6742
-14.3094	9.32649
-13.5308	10.4918
-13.3599	12.1525
-12.5387	12.8859
-13.9148	12.2579
-13.5408	11.4134
-13.4823	11.0941
-10.2517	9.02818
-13.3251	10.741
-12.7047	9.99626
-12.0256	9.49356
-14.9938	12.2603
-12.457	10.7767
-12.9253	11.6778
-13.405	9.47447
-13.7797	9.35311
-13.2471	10.7814
-12.1599	10.0759
-12.2395	9.67424
-12.558	9.40744
-14.9016	11.5611
-13.4959	10.024
-14.5918	10.7882
-13.842	12.1369
-13.1746	8.86768
-14.3438	10.1473
-13.6815	9.59531
-13.4141	9.81257
-12.6865	11.3856
-14.4434	9.66834
-13.5737	9.75665
-12.0766	11.6484
-13.6218	9.5263
-11.1318	10.843
-13.095	10.7835
-13.0603	12.1273
-12.2614	10.1294
-11.9431	11.0407
-12.6504	10.9356
-11.8657	12.641
-12.8374	12.4121
-14.651	10.6262
-13.3158	11.3446
-11.8941	10.2187
-11.4925	9.20038
-13.0247	11.7378
-13.113	11.6122
-11.5495	9.66114
-13.8477	12.1336
-13.1354	11.9724
-14.9761	10.1291
-12.1839	12.516
-14.8497	9.22041
-13.3387	10.0766
-14.3954	10.9192
-14.1737	11.0387
-13.6955	10.3884
-12.6092	12.1504
-14.9244	12.3825
-12.5165	11.8064
-13.5642	13.3477
-13.9036	10.0403
-12.9116	10.1879
-12.6713	9.96374
-12.489	9.88497
-10.4183	10.6328
-12.556	12.1964
-14.7658	12.4024
-11.9363	10.2725
-12.1216	10.649
-14.3505	11.3007
-13.9634	8.72571
-12.3688	10.2607
-14.0978	12.8339
-12.3598	11.5528
-13.1862	11.3757
-14.5016	9.4401
-13.1923	11.6552
-11.0358	9.74131
-13.4763	12.1325
-12.3463	9.07825
-14.3517	9.48388
-14.9328	13.0813
-14.0195	11.3897
-14.9106	11.4655
-12.9256	10.2809
-12.4089	10.2709
-12.817	9.37465
-14.7456	9.11387
-14.8502	13.4594
-11.5349	10.7836
-13.0801	10.5992
-12.7062	12.0065
-13.1094	10.113
-11.7852	10.6649
-12.9726	10.7449
-10.5088	10.289
-13.6512	9.99617
-11.834	10.5959
-14.3242	10.3158
-13.0078	9.47423
-12.7953	11.5821
-14.9896	10.7096
-14.3672	11.1661
-14.53	10.7427
-13.9749	9.85568
-14.4036	9.64751
-11.207	9.94318
-12.9382	10.9825
-11.2286	10.0982
-13.5881	13.3916
-12.0896	11.8257
-11.5194	9.09723
-13.7601	11.0924
-12.3441	10.6572
-14.6074	10.8618
-12.6773	11.2335
-11.4478	10.2612
-13.4159	9.1678
-14.4822	10.179
-12.1607	10.6913
-13.5391	9.24233
-11.4105	11.2852
-12.0152	9.69271
-12.3672	10.714
-14.2658	11.2452
-13.0426	10.8852
-11.2874	9.82427
-13.6206	11.5043
-13.5037	12.8861
-13.7778	12.2965
-13.1448	11.4688
-11.4605	10.0377
-11.7273	10.7052
-11.4857	11.4545
-13.2545	11.5083
-14.7413	9.44953
-14.5383	11.2559
-13.9349	9.11717
-12.109	11.6099
-12.4632	9.2682
-14.0421	9.35657
-13.0912	11.5834
-13.5184	9.89855
-12.9431	11.6497
-12.5681	10.8796
-11.5544	11.5346
-12.4914	12.3921
-11.5516	11.3348
-14.0298	10.0764
-12.0426	9.18807
-13.2755	10.5032
-14.0318	9.53532
-13.1018	10.7697
-14.6271	10.3247
-12.7188	11.2249
-13.5529	11.4037
-13.9132	9.13089
-13.6157	9.0414
-12.2418	11.5951
-14.6887	10.9507
-14.0379	9.78704
-13.6649	10.3434
-14.0565	10.9644
-12.0881	12.1966
-12.654	10.8507
-14.0889	9.3361
-12.8276	10.7776
-11.4274	11.1736
-13.4199	9.1957
-12.7159	9.80546
-13.5092	10.9102
-11.8519	9.95349
-14.3907	11.383
-11.9821	10.6771
-13.7224	13.3791
-12.6822	12.3955
-11.749	11.3295
-14.1478	11.5883
-12.5625	11.4342
-10.5254	10.457
-13.4292	11.1006
-11.7639	9.89687
-12.2601	10.2319
-12.6326	10.429
-12.5823	10.1364
-13.2279	10.33
-11.5294	9.49448
-12.0587	9.92108
-12.1922	10.3132
-14.5778	9.25749
-13.3074	9.46925
-13.3811	10.6828
-11.9014	10.43
-12.0599	10.5865
-14.6484	9.16264
-12.4129	11.1958
-10.867	11.5122
-12.6631	9.68898
-12.1816	11.1904
-13.2373	12.799
-11.8416	9.36684
-14.2909	9.68264
-13.2982	11.0069
-13.564	11.5193
-12.4592	8.96628
-12.5242	10.2293
-13.8631	12.5499
-11.9337	11.7318
-14.1155	9.66022
-12.4654	12.136
-13.4653	9.32394
-12.293	10.0809
-13.3782	11.0176
-12.4247	10.8102
-14.2494	13.0776
-14.7677	10.9373
-9.88886	12.2316
-13.5996	10.4985
-13.4954	10.7929
-6.03957	6.69965
-11.8328	9.60502
-14.4866	12.6822
-14.0137	11.8471
-14.4371	10.9525
-14.143	8.98538
-14.0107	10.6898
-11.2323	12.0345
-13.2255	10.263
-13.8159	12.0606
-13.1946	11.4512
-10.7228	8.86012
-13.7424	10.69
-12.7972	11.6383
-13.3754	14.6565
-12.384	9.04871
-11.1568	10.2136
-14.7143	9.39909
-12.5977	10.3767
-12.0402	12.1021
-14.6614	12.3334
-12.2039	11.7404
-12.7851	10.4308
-13.5322	10.0111
-12.9501	13.2354
-14.0431	10.5558
-10.9489	9.79274
-14.0821	12.262
-14.8513	8.88489
-14.2718	12.5282
-12.8777	10.3327
-14.0519	10.6744
-11.7809	10.3418
-10.5881	10.211
-13.6603	12.4611
-13.9515	9.01043
-13.4139	9.23812
-14.0339	11.0513
-12.4597	12.1993
-12.621	11.4686
-14.3504	9.08508
-12.2579	8.95579
-13.4071	11.7295
-11.0403	11.7375
-14.4092	10.5537
-13.3681	10.6882
-14.194	9.2133
-13.6824	11.6856
-14.0524	9.99225
-14.779	11.4282
-11.9772	11.9568
-13.5318	11.0781
-13.6714	10.2593
-10.0298	8.85733
-13.2108	11.609
-13.2157	12.7037
-13.0485	11.8392
-13.7445	13.649
-13.4323	13.2653
-14.6544	12.4944
-12.204	12.1216
-14.5459	11.921
-12.1956	10.4619
-13.1776	12.38
-12.1006	9.01877
-12.6348	12.1124
-13.1178	10.9858
-14.0874	9.64252
-11.62	11.4744
-12.9002	10.012
-12.169	11.0991
-12.198	10.269
-13.974	12.3346
-12.262	8.90885
-13.6554	10.4962
-12.547	12.7032
-12.6735	12.0077
-13.1416	12.4639
-14.6871	10.0886
-14.3084	11.0523
-12.9856	10.9891
-12.6106	11.5949
-13.2474	12.3139
-14.2917	9.40006
-14.1514	9.57469
-13.3204	11.7841
-11.4787	10.7749
-11.8515	10.9138
-12.8456	12.2406
-13.3185	11.9931
-13.4766	9.45469
-13.1877	9.57924
-13.004	9.91345
-13.6776	8.82151
-12.3747	11.2119
-12.5545	10.8168
-10.7998	12.0938
-12.9146	10.0559
-12.7639	10.6876
-14.5527	12.8021
-12.4648	10.2619
-14.1654	13.3376
-13.0289	10.0601
-14.688	12.9561
-10.3154	10.9685
-12.2542	10.7162
-12.2379	9.66921
-11.9388	8.83819
-12.4185	9.74754
-12.5108	11.9073
-12.9752	11.5417
-12.7709	10.8574
-12.4825	12.0883
-13.5457	12.1313
-13.8359	11.9373
-13.0569	9.80668
-10.8388	9.53754
-13.1181	9.33926
-12.3966	10.0385
-14.6265	9.07914
-12.5795	11.3557
-13.4894	12.0331
-13.6328	9.74316
-13.6626	11.2342
-13.0321	11.9492
-13.4584	9.99676
-13.067	11.7952
-12.9335	11.7924
-12.5053	10.2763
-11.5254	11.0111
-14.7104	10.2394
-12.9966	9.4476
-13.534	9.56526
-10.9652	11.4682
-13.2326	9.41064
-14.0578	11.3813
-13.664	9.5748
-12.7113	12.3452
-14.3195	9.99841
-14.478	11.0373
-13.4539	10.0167
-14.2155	10.5407
-13.4928	12.8217
-14.2527	11.4649
-12.2581	10.585
-12.9818	11.9495
-12.0873	12.5734
-12.2559	10.4253
-12.5236	12.0169
-12.3445	10.8018
-13.8554	10.0538
-12.8946	10.2477
-12.7657	11.1764
-13.3264	11.6859
-14.5933	9.4676
-12.1887	9.18489
-12.6896	10.9648
-12.4523	10.2539
-14.75	9.14216
-12.0534	10.2096
-11.2954	11.414
-12.827	10.8944
-14.0109	11.6789
-12.3998	10.0852
-11.5388	12.1034
-13.6643	11.5837
-4.53546	3.27703
-11.9841	10.5847
-12.3055	12.4318
-13.2354	12.167
-14.0217	10.2775
-14.1793	11.8135
-12.1342	9.68683
-13.0536	11.6869
-13.342	10.0497
-12.4581	10.367
-14.3932	12.0581
-12.115	11.5895
-12.7117	10.6574
-13.4844	9.17347
-12.1502	11.8324
-13.1385	11.7411
-13.2003	10.7972
-12.1986	10.9076
-14.2527	11.6426
-13.625	11.3034
-12.3243	10.6288
-14.1653	12.2987
-14.6871	11.5281
-14.8442	10.8956
-12.9445	11.5777
-14.309	9.466
-12.7673	11.6911
-14.8194	9.69971
-13.8227	12.2763
-13.2157	9.72836
-14.5424	11.0897
-14.3348	11.6465
-13.1438	11.0391
-12.3762	9.48193
-14.7076	12.5849
-13.3411	10.884
-14.6027	9.8789
-13.0671	12.7753
-12.8618	10.2443
-12.4683	9.60522
-12.1852	9.65151
-12.405	9.91635
-13.8715	9.49363
-12.0116	11.5385
-13.3603	9.74823
-14.1471	10.116
-12.5598	10.6295
-14.2683	12.898
-12.87	12.8241
-13.9164	11.8554
-14.5038	11.4915
-11.7017	11.1166
-13.8324	11.9212
-13.0732	10.0044
-12.6987	10.7196
-13.3393	11.7415
-12.4513	9.63292
-12.7627	9.22139
-12.7431	12.8678
-12.1579	11.8975
-12.5601	11.2709
-14.2102	9.59047
-14.9886	11.4814
-12.0745	12.0229
-10.8471	11.1877
-12.7485	10.0041
-13.2598	10.2151
-12.402	12.0124
-14.5444	8.9933
-14.7159	9.36975
-14.2801	9.35495
-13.8304	11.2886
-13.9553	12.8966
-13.3631	11.3932
-12.927	11.4163
-5.8602	14.285
-13.5208	11.3509
-13.1909	11.752
-14.7815	9.68512
-13.955	13.4686
-14.7759	10.4648
-13.345	11.3206
-14.3124	11.7737
-11.5155	9.09322
-12.2322	10.7668
-14.1253	13.0669
-12.3843	10.063
-10.9125	9.58949
-12.086	9.43024
-13.6003	10.8795
-12.3988	10.8553
-11.5015	10.7473
-11.8493	9.99378
-14.7803	13.1974
-14.4927	12.3643
-14.1928	8.97203
-12.8058	12.1137
-14.632	9.51513
-14.3765	11.3449
-12.5937	12.4218
-12.2833	11.5823
-13.7487	10.9044
-14.8905	9.67654
-13.0528	9.76042
-13.4137	10.7161
-13.7321	9.2005
-14.767	9.04148
-14.2983	12.0701
-12.8745	11.831
-14.031	12.8674
-13.2091	9.71918
-12.1366	9.48003
-13.7279	12.4514
-12.1941	9.7702
-12.4617	9.85652
-13.6029	9.87516
-12.7524	11.5264
-12.5536	10.7817
-13.6266	11.4291
-10.9568	11.0178
-13.2743	12.5774
-12.1044	11.2404
-13.3097	9.57967
-13.1588	12.5731
-11.6483	10.074
-12.653	10.9578
-12.0004	10.403
-13.974	11.5531
-12.3374	11.1048
-11.2186	12.0895
-13.8779	12.2361
-12.3754	11.1021
-11.2546	11.1256
-13.0015	12.7487
-12.803	10.9308
-11.9235	11.0444
-12.669	11.118
-13.1592	12.3613
-14.132	9.75206
-13.9113	12.1406
-13.6835	11.5485
-10.873	11.6359
-13.6862	13.109
-13.7981	9.50139
-13.8787	10.3007
-12.3658	10.9014
-12.255	10.8117
-12.4809	10.8113
-12.074	9.75649
-12.9236	11.5446
-13.4883	12.565
-14.7469	11.6446
-11.116	10.6043
-12.9343	11.3485
-14.2563	10.699
-12.4097	12.4395
-12.9821	10.7501
-14.5979	10.6357
-11.996	11.05
-12.4689	12.2888
-13.3991	9.37334
-14.4584	11.719
-12.4757	10.5464
-13.3614	11.818
-14.7317	10.6804
-13.3355	11.3767
-13.1586	10.202
-14.1032	11.9648
-13.8131	11.0354
-12.0849	11.2102
-14.3283	11.4878
-14.8198	12.1363
-13.6739	10.2429
-11.8965	13.1095
-13.9439	9.05315
-14.1908	11.6125
-12.1694	11.5366
-12.5287	10.2043
-10.9303	12.8727
-14.4443	10.7044
-11.9881	10.1909
-13.9367	10.4016
-13.5795	11.2711
-12.9816	9.54425
-14.5031	11.1769
-12.6646	11.2419
-12.574	11.1754
-12.5148	10.2542
-13.5858	10.0118
-11.8228	10.0374
-13.5063	10.3578
-12.0709	10.8083
-11.7328	10.5585
-12.0662	9.96147
-13.832	10.5643
-13.4659	9.91725
-14.3208	11.738
-12.5676	10.8699
-12.8448	11.4489
-12.3223	9.2411
-12.1917	11.1534
-12.7829	9.35662
-13.3985	9.64749
-14.3075	12.0285
-13.7864	10.6068
-13.0105	12.8694
-12.5818	11.9028
-13.7802	11.016
-12.6872	11.4608
-13.6452	12.8321
-14.461	10.5907
-13.4937	10.6889
-11.914	10.9394
-13.1904	11.5254
-14.0464	8.96298
-13.5986	10.2308
-13.671	10.4414
-12.6989	9.0855
-12.3097	9.76128
-9.42655	9.95411
-11.6247	13.3391
-13.4715	12.4091
-11.6398	9.65315
-13.7247	10.8144
-13.5944	11.8612
-13.0927	10.659
-12.9454	10.9639
-13.5038	11.3416
-14.2636	10.8505
-7.05745	9.44559
-13.5731	10.1964
-13.753	11.3573
-9.48241	-0.102873
-12.9259	10.3918
-13.6063	8.8136
-12.4955	10.3653
-12.0628	12.3259
-13.566	10.0955
-12.8862	11.045
-13.7612	10.3847
-12.7095	11.6761
-12.2651	10.568
-11.2453	9.67573
-14.8847	10.8804
-9.63374	11.6448
-12.7341	10.4291
-12.0879	9.07738
-13.6646	12.0687
-13.2768	10.5384
-12.178	11.5392
-13.2723	12.6459
-11.4651	9.4938
-14.5501	12.3006
-11.9452	9.3251
-12.9632	10.0093
-11.737	10.0481
-14.4585	12.97
-13.9	11.0495
-12.2455	9.56
-12.482	12.0004
-10.7596	3.98817
-12.2352	14.4305
-14.8339	11.7873
-14.0931	10.5776
-11.0025	10.4704
-14.8119	11.4869
-14.4659	9.56264
-14.7698	9.1114
-12.7095	11.4936
-14.1184	11.9049
-13.629	9.3131
-12.4239	9.52113
-14.2887	11.1043
-12.6676	10.0462
-14.5282	9.3856
-13.9018	10.6154
-12.7814	10.4808
-12.9045	12.377
-13.2207	11.8882
-12.5438	11.2073
-11.0425	8.76895
-13.2092	9.44277
-13.004	12.1256
-13.266	12.993
-12.7743	10.5551
-13.9865	10.3472
-12.7692	10.4501
-14.3004	10.2548
-12.3414	12.6107
-14.034	14.4532
-13.4366	10.9332
-12.006	9.39137
-14.7588	11.8446
-12.8151	11.1458
-13.5319	11.5067
-12.5741	10.3062
-13.3331	11.9181
-13.4809	11.5973
-11.5916	11.2061
-11.78	11.3643
-14.7037	11.4736
-11.2089	8.22032
-14.0345	10.7835
-13.602	10.6504
-10.9369	9.57332
-11.8462	11.9609
-14.4115	9.36488
-14.2024	12.7287
-14.0302	11.1081
-13.2761	11.2239
-13.2104	11.5915
-14.9255	10.1002
-13.9605	10.3426
-12.3209	11.2536
-13.7952	10.3998
-13.0242	13.1191
-13.6171	9.13594
-10.5329	9.49794
-12.7839	10.0088
-13.8273	9.27513
-11.8153	11.8932
-12.1515	9.3371
-11.6751	11.2084
-13.0855	9.86607
-13.2025	11.9744
-13.0345	11.1718
-11.8977	11.4685
-13.072	12.2249
-13.2775	11.9481
-14.635	9.87913
-14.2432	9.82015
-10.3543	12.1655
-14.0899	10.4329
-14.4836	13.0061
-14.1427	9.11305
-14.011	10.1835
-13.3284	10.4035
-11.8215	13.0101
-14.9615	11.1771
-13.423	10.9726
-13.7728	10.4979
-14.1372	11.5291
-12.502	12.9457
-12.9298	9.88428
-14.8204	11.8678
-12.6103	12.7832
-13.9379	9.60608
-12.2222	9.76967
-12.9745	11.7125
-12.2703	9.70855
-12.1057	10.9302
-12.3945	10.8418
-14.8175	10.9785
-12.2903	11.18
-13.8179	10.7264
-12.7595	10.8933
-12.68	11.8358
-14.988	11.1899
-14.3675	9.32913
-11.6575	12.4232
-11.0736	9.95251
-12.2013	11.0587
-12.8161	10.807
-13.1576	11.1927
-13.1245	10.7797
-11.3272	10.1687
-10.1621	11.3749
-11.2003	10.5008
-14.8826	10.7511
-12.1388	11.173
-11.2366	10.5237
-11.1271	9.80366
-12.7423	10.6269
-12.9095	11.7998
-13.9883	9.05444
-12.3389	11.1288
-12.3871	11.7687
-14.9103	13.1827
-11.9479	10.1423
-12.1939	13.1026
-13.7117	11.2703
-12.6073	11.5067
-13.9064	10.6195
-13.1307	10.2287
-5.03174	5.20691
-14.0875	10.4459
-11.2293	10.1142
-14.2736	11.5008
-11.8219	11.9704
-13.2089	9.01741
-13.3323	9.57816
-11.9604	9.01321
-13.4482	9.87351
-12.2953	12.1201
-13.8387	11.0325
-12.4939	10.48
-13.9303	10.2462
-14.9659	10.4945
-12.5953	10.6899
-12.1297	9.55023
-13.7847	11.4015
-14.7634	9.9723
-13.3531	11.7074
-12.2479	11.8142
-12.1868	10.6424
-13.4505	10.8664
-11.953	11.8834
-12.5941	10.4101
-13.2215	10.3883
-12.6049	10.2372
-11.8991	9.25883
-14.0636	9.43213
-12.5409	9.10113
-11.2121	11.3658
-12.2664	9.09099
-13.1136	10.0997
-13.6212	10.9208
-14.2815	9.84736
-13.7284	12.0746
-12.3298	11.0366
-12.2533	10.5203
-14.154	12.8523
-13.5407	9.6207
-12.8652	9.02063
-14.015	9.53063
-11.3936	9.5827
-14.2332	11.6513
-12.2952	11.5581
-13.1926	9.56845
-13.8343	9.22464
-12.1301	10.7907
-11.9398	13.1308
-13.5463	9.86537
-12.3586	9.20599
-12.6682	10.9862
-13.5568	11.2952
-13.7292	12.1395
-14.8275	12.3656
-14.0586	11.6366
-12.8279	10.4444
-13.0976	11.8186
-13.5793	11.0281
-14.0184	11.421
-12.8659	11.3722
-11.7034	10.5466
-11.5967	8.97984
-12.4501	8.88275
-12.3896	10.1997
-12.4266	9.06209
-12.3783	10.8668
-11.7411	9.21746
-14.5932	12.2078
-13.7998	12.6551
-12.2791	10.6458
-12.4633	8.95464
-13.3134	11.2655
-12.1565	11.4732
-13.632	9.83079
-14.5495	11.5694
-11.592	9.99993
-13.6502	10.3203
-12.8927	11.2924
-12.5089	10.999
-14.401	10.2078
-13.6333	10.9547
-14.9651	11.2264
-12.2176	12.6517
-12.7526	13.2024
-12.4811	10.703
-12.6297	10.3808
-13.8085	10.9604
-14.8254	10.4608
-12.535	12.3084
-14.2534	13.4856
-12.9278	11.3434
-13.4924	9.98685
-12.0889	9.667
-12.419	11.8157
-12.6714	11.0515
-12.3954	9.15841
-14.2874	10.9465
-13.4244	12.9971
-13.8153	10.274
-12.3649	10.1794
-14.7102	10.176
-14.2815	10.1923
-11.972	10.3148
-12.0577	12.3132
-12.9943	11.806
-13.5066	11.416
-10.5026	11.1915
-13.9186	10.4207
-13.4319	10.5697
-13.8855	9.82983
-12.7049	9.44262
-13.948	11.379
-13.8628	9.73888
-10.6309	11.5056
-14.245	12.2374
-13.6022	9.64864
-12.5613	11.7949
-14.0028	9.20154
2.24546	13.1406
-12.6784	9.20228
-13.0442	10.3393
-14.7319	12.6786
-12.402	10.4856
-12.8404	8.86106
-13.9229	11.7343
-13.2314	12.0729
-13.8224	12.2256
-12.9388	10.7603
-13.406	12.1011
-12.3094	9.28987
-13.8176	11.7259
-12.7394	9.49992
-10.9256	10.2632
-14.678	9.42165
-12.4005	9.69073
-13.2349	14.2954
-12.3876	9.30355
-13.2631	11.2084
-14.4856	8.86597
-13.2557	11.9437
-12.6599	12.278
-14.7474	11.2124
-13.7036	10.0853
-13.4867	10.7729
-12.4389	10.3921
-11.9412	10.4077
-13.0188	11.4165
-14.3082	13.1934
-13.8128	9.78954
-14.4628	10.7256
-14.197	10.4695
-12.8679	9.79416
-12.2646	11.8156
-11.7545	11.7393
-13.3197	9.22132
-12.6249	10.7043
-13.2392	9.09153
-14.5434	12.0338
-14.306	10.4705
-13.126	11.3324
-12.1814	8.86387
-12.2941	11.1265
-9.71207	12.1756
-11.7061	9.54047
-13.8995	9.46743
-12.6484	11.8898
-13.7997	13.2467
-11.1853	12.0738
-12.5693	12.2281
-13.3521	9.85191
-13.1667	12.6431
-13.2027	11.4036
-12.5336	10.887
-11.9506	9.06549
-12.9549	12.214
-14.5506	9.04524
-13.0533	11.1125
-13.2701	10.5435
-12.0142	11.2185
-13.9599	9.39785
-10.9568	9.92591
-12.9053	12.0546
-13.9427	12.3818
-13.6431	10.5998
-14.7319	9.54203
-11.9065	10.5604
-10.8676	9.41509
-12.2651	9.6821
-12.2946	10.9031
-14.7094	11.8382
-14.2467	10.8881
-14.9649	10.3702
-13.1747	11.7311
-13.022	9.38491
-13.7004	9.44369
-13.0987	10.0779
-13.7274	12.6066
-11.1582	11.2724
-13.4521	9.98653
-11.7708	12.15
-12.0441	12.0444
-14.5172	10.7363
-11.691	11.2245
-12.5276	9.62395
-10.4312	11.6382
-13.5527	10.1137
-12.0743	11.3401
-12.2856	11.6201
-14.5863	11.5716
-13.298	10.2362
-11.296	9.33394
-14.613	10.6059
-12.5312	10.2992
-13.4499	13.1994
-14.8945	11.8509
-12.4576	10.1753
-14.6553	10.4038
-13.0057	11.0646
-12.6152	11.6056
-14.8122	10.0794
-11.1208	10.4018
-13.6161	9.88884
-13.6396	9.79441
-11.6982	11.6058
-12.8339	12.9517
-11.1217	10.1652
-11.0018	11.7924
-12.7226	11.1829
-12.7854	10.9723
-12.0213	9.67874
-12.618	10.4044
-14.5913	9.88925
-13.886	12.096
-12.439	8.90139
-12.9358	10.7023
-14.747	11.993
-13.1497	9.28603
-13.161	10.488
-14.4083	12.7382
-12.8227	13.4401
-13.4733	9.06505
-13.7584	10.222
-12.682	10.9746
-14.688	10.007
-13.0576	10.8915
-14.1671	12.6362
-10.9807	12.7703
-12.1803	9.73239
-13.3353	12.0003
-13.4017	10.6645
-14.1493	12.6831
-11.9478	12.9128
-13.9963	12.3511
-12.8058	10.5879
-14.1655	10.3922
-12.313	11.4923
-11.6589	9.02816
-11.9831	9.66895
-14.6253	9.79677
-14.2731	10.541
-12.053	9.36225
-12.1128	11.4871
-13.2705	11.6352
-13.4646	10.038
-12.467	9.21823
-12.5935	11.295
-12.5536	9.52576
-13.0564	12.5815
-13.6817	11.0286
-14.3656	9.39144
-14.6272	12.7388
-11.8713	11.063
-12.926	11.6973
-13.5914	11.2975
-14.9754	12.1482
-14.9064	10.2945
-13.6911	11.8777
-13.1509	9.89729
-12.3645	11.5801
-11.236	9.56031
-13.6159	10.1317
-11.9507	11.1787
-14.0278	12.3316
-10.4106	11.6029
-12.696	10.4369
-12.2912	9.66143
-12.2847	11.3496
-9.99124	12.0087
-13.4765	10.3381
-14.9023	10.9871
-13.9921	10.8079
-13.2025	11.2806
-12.7839	12.5472
-12.5961	10.8851
-14.8707	10.7644
-13.2325	9.37377
-11.1623	10.847
-13.2153	13.2439
-12.2003	12.6898
-14.4748	12.0963
-12.686	12.9841
-12.8397	9.08128
-12.8644	9.96377
-13.5298	10.1718
-11.5979	11.3717
-13.8648	9.87794
-13.3753	12.5094
-12.9774	9.90908
-12.5395	10.9763
-14.1869	11.5445
-13.0962	10.254
-14.1607	9.51581
-13.9376	9.75699
-13.0732	10.1238
-10.9013	11.7152
-14.076	10.6115
-12.7865	12.977
-13.5692	11.5916
-11.2613	12.2742
-12.6141	8.86266
-14.2956	10.0743
-14.9171	11.5051
-14.0096	10.5786
-12.3546	9.91936
-13.6306	10.9685
-13.5823	11.6061
-12.0647	9.76284
10.7716	3.87232
-14.6787	10.5179
-12.732	8.86531
-12.1425	12.289
-13.2688	11.7647
-11.5627	10.4696
-12.7408	10.8547
-13.3279	10.5352
-8.0882	9.7289
-12.3044	10.0645
-13.0225	9.73827
-14.199	10.8951
-11.6949	11.6046
-12.7422	10.4647
-12.7159	11.286
-12.6247	9.19835
-9.68829	7.60759
-10.758	9.91134
-13.8223	9.41748
-13.4864	9.02655
-12.7872	11.5231
-13.0462	9.95831
-14.8477	11.0559
-13.0218	9.81568
-14.088	11.0997
-13.5714	11.3576
-12.4407	9.07056
-13.9423	11.2642
-12.5934	8.97049
-10.9243	9.3772
-14.6484	10.4099
-12.2812	10.0991
-14.6906	9.77653
-13.622	12.7335
-13.3796	9.9284
-8.72157	10.7124
-12.9482	9.77212
-14.8516	10.9107
-12.2338	10.2656
-12.0604	13.0435
-9.75769	14.4638
-14.3547	9.90339
-13.1564	10.2764
-14.0311	10.7552
-12.4669	9.97193
-14.1416	10.599
-13.3092	11.1528
-14.636	9.19603
-14.3593	10.2151
-11.5299	10.889
-13.2885	10.3718
-12.5036	10.5081
-12.9947	9.46079
-13.3543	9.89187
-11.2337	12.9241
-12.8529	13.016
-14.8479	12.8176
-13.5035	10.13
-14.8991	10.9036
-10.7882	12.3435
-12.9317	11.2594
-13.5837	9.39203
-12.9942	10.0893
-13.9748	11.8408
-13.6666	12.0464
-14.9919	11.854
-11.9137	12.1273
-11.5779	10.071
-14.1771	9.95318
-12.0532	11.4179
-13.4674	10.3776
-10.2551	9.37618
-13.8043	11.851
-10.6357	9.35355
-10.5316	10.3742
-13.7502	10.2624
-12.7145	10.3689
-14.9945	10.0162
-13.7565	11.3385
-11.2965	12.483
-12.892	11.7457
-11.9408	12.6673
-14.415	11.566
-11.4133	9.39338
-13.8067	10.6043
-14.7101	10.9636
-13.3858	10.2345
-14.6848	10.8947
-13.8282	11.2568
-11.9142	10.1141
-13.9529	9.89178
-13.6567	10.0054
-13.9299	10.135
-14.8633	10.0002
-13.7871	13.7235
-12.2682	10.2223
-13.3005	11.2966
-14.5393	13.5994
-13.9913	12.2833
-14.2184	12.4736
-13.6706	10.2741
-12.877	10.3814
-11.3498	10.003
-14.1774	10.2345
-11.5632	12.428
-13.9458	10.7085
-10.9542	10.5936
-14.4241	11.3753
-12.7276	10.0529
-12.7836	13.2002
-14.2786	9.82238
-13.7749	10.0986
-12.5259	12.0536
-12.2741	11.9901
-13.7506	8.9858
-10.4261	12.7604
-13.5997	11.8491
-11.3641	8.74492
-12.9309	11.3794
-12.4345	11.3887
-13.783	9.38829
-13.9714	12.4186
-12.238	11.9809
-13.799	10.6942
-11.5239	12.5012
-11.8918	12.1683
-12.1689	10.9085
-11.5044	12.0756
-14.7444	11.4236
-13.4837	10.4186
-11.5884	11.3818
-13.586	11.477
-12.2981	10.1031
-14.9722	9.5716
-11.9646	11.8698
-11.7611	9.01155
-13.0891	9.1786
-13.2608	10.4555
-12.3346	12.4521
-13.8038	11.9047
-14.2571	9.91402
-12.7933	9.15572
-13.9792	9.27493
-12.9432	13.1236
-11.061	10.5934
-13.5609	10.3314
-13.4377	9.42433
-11.7736	11.038
-13.6869	12.0419
-12.9351	10.1989
-13.57	11.7389
-13.4209	12.5128
-12.3237	9.88081
-12.6805	10.4004
-13.252	12.5992
-14.0325	9.62445
-12.8046	13.1986
-14.3936	11.6907
-12.3343	12.908
-12.8749	13.4234
-14.0344	12.6892
-9.79881	13.1
-11.4536	11.0381
-12.4897	12.2768
-11.7377	9.78035
-13.7154	11.1295
-13.5483	10.6875
-13.8279	11.9663
-13.7814	12.1908
-12.7635	12.8427
-13.3197	12.0947
-10.8894	9.57219
-12.9717	10.7482
-12.4187	12.5957
-12.3247	11.5184
-14.5796	9.38341
-13.1512	9.87411
-13.5383	11.5619
-13.3762	11.1462
-11.0097	11.0159
-12.1854	9.65161
-12.9162	9.20974
-11.163	10.4697
-11.658	11.6767
-14.3079	12.2571
-11.144	13.7353
-12.9174	10.9885
-12.4731	11.7277
-11.3785	9.75246
-13.3263	10.7604
-12.6725	11.0106
-14.7647	12.0334
-13.7001	11.552
-11.2975	10.6561
-14.2357	9.05379
-13.2643	10.5026
-10.7584	12.3285
-12.788	10.1371
-11.8506	12.2591
-13.5783	10.4478
-12.7426	12.1502
-14.2186	13.9709
-13.7936	11.2997
-13.0107	10.1221
-12.7978	11.5389
-14.9859	12.5835
-14.0587	9.93627
-11.3313	11.0022
-13.079	10.7843
-13.0782	11.0902
-13.6001	11.4003
-13.3843	11.2826
-13.4151	11.2233
-12.7872	10.8576
-13.201	11.2445
-12.161	12.4141
-10.0312	9.47978
-13.5599	11.4786
-14.7712	10.5048
-12.6083	11.7982
-14.7639	10.7547
-12.8218	9.25518
-12.6883	11.6574
-13.6904	13.0005
-12.289	10.5817
-13.6239	9.6399
-14.6282	11.2498
-13.5192	11.0236
-12.1022	11.6281
-10.7107	12.6484
-12.639	11.0385
-12.1383	10.2976
-13.5926	10.8787
-14.8303	9.30954
-14.8966	12.6415
-14.4693	11.1673
-13.5509	11.6786
-14.2612	11.7819
-13.9978	10.7231
-14.1295	13.7597
-13.4534	10.6076
-12.2909	9.66504
-12.3472	11.8517
-14.6385	10.5713
-10.3016	10.2889
-13.7022	10.2945
-13.6431	10.827
-12.7088	12.609
-12.5357	9.92382
-14.8349	11.0827
-12.4164	9.4662
-13.7264	10.2613
-13.2458	10.6305
-10.9932	10.3408
-14.539	11.6339
-10.627	12.5556
-12.345	12.6851
-4.89138	11.1069
-11.5079	10.0388
-14.8892	8.82358
-13.8201	10.7465
-12.8208	9.30503
-14.436	10.6122
-13.3361	9.85157
-13.2392	9.24937
-13.2267	10.9022
-11.9934	9.68654
-13.1634	12.1082
-13.7404	13.0949
-13.1041	11.3935
-14.9828	11.6341
-13.9025	9.1239
-12.7784	12.2663
-12.4625	10.1336
-10.3814	10.1279
-13.6332	10.2053
-14.4877	11.1276
-13.5538	12.3782
-13.3654	10.0993
-13.1624	9.01471
-12.0926	10.5757
-12.2796	12.6569
-10.3247	8.68903
-13.2581	10.402
-13.9391	12.5424
-14.0739	9.3446
-13.0843	9.93412
-12.4961	9.2815
-14.0576	11.3347
-13.4478	11.3516
-12.1603	12.2993
-13.5888	10.6918
-14.0342	10.8227
-13.7186	10.5762
-13.9666	11.2157
-3.3733	-11.0978
-13.4091	10.0276
-11.3262	12.706
-12.7208	11.8677
-13.4798	9.91188
-11.6855	11.2406
-13.0519	10.2677
-13.0744	9.54573
-13.4658	11.2983
-12.632	12.439
-14.3703	12.0201
-12.8672	12.2202
-13.366	10.7972
-13.0877	10.5152
-13.7097	12.9778
-13.0042	10.5198
-8.96884	14.6864
-13.5696	10.5906
-12.7366	9.65971
-14.1389	11.3348
-13.6374	10.5206
-11.78	12.0356
-13.8462	11.3728
-14.0171	12.2424
-12.941	11.8501
-8.52401	9.18524
-13.5061	12.7846
-12.7381	10.5792
-13.701	10.4882
-11.8742	10.6085
-13.2495	10.5771
-12.1597	11.8384
-13.4323	9.61744
-13.7481	10.8046
-12.0138	10.9564
-12.1599	11.9352
-12.0869	8.88434
-14.2261	10.4345
-13.516	9.30991
-12.2275	10.5159
-13.6268	10.5793
-13.0312	11.8915
-7.5603	11.4015
-12.4465	9.19199
-14.1056	12.1726
-12.9269	9.09041
-13.4733	10.5428
-14.9963	10.4594
-13.5505	10.0578
-11.2113	9.68317
-9.59468	9.66641
-14.4478	10.7658
-14.5814	11.5852
-13.0068	12.4796
-12.2514	10.3898
-14.8623	9.09973
-11.2143	11.9492
-13.4999	10.6312
-11.7221	10.1189
-12.5825	10.9757
-13.0277	11.2949
-12.5875	12.1248
-13.3669	11.1063
-12.9231	11.0923
-13.6921	12.2476
-14.4751	9.42744
-12.3077	11.4946
-12.6547	12.8696
-12.9855	11.7392
-12.3913	10.9851
-12.695	11.0225
-13.9291	10.6943
-13.5144	10.2787
-13.1262	9.57872
-13.7237	11.4263
-12.2194	13.8094
-12.5509	9.46625
-14.151	9.81861
-11.52	10.7481
-14.9623	11.0583
-11.6633	10.7075
-7.87398	10.2384
-12.9941	9.19459
-12.9816	11.0158
-12.2365	10.5436
-12.4056	9.42459
-13.2984	10.1192
-13.3446	9.6392
-14.5027	10.047
-13.5729	10.1443
-13.9319	11.6044
-11.5075	8.89712
-13.6168	10.5718
-13.4501	11.1282
-13.1818	10.6506
-11.9042	11.7555
-12.2105	10.6581
-14.1027	9.37793
-10.9913	9.45026
-13.8227	9.44803
-12.2583	11.4203
-14.1702	10.3927
-12.1759	10.9799
-12.6484	11.8799
-13.8973	11.7238
-13.3736	13.1933
-12.5279	10.9972
-11.5533	9.17702
-13.7977	9.53204
-14.1015	10.2003
-12.5627	11.9162
-12.7703	13.4044
-12.6648	11.083
-14.0177	10.7889
-13.1889	12.1144
-13.6537	11.3192
-13.4363	11.3928
-13.2821	11.7609
-12.8838	9.10669
-12.9566	10.8648
-11.4226	10.0785
-13.905	10.9576
-12.8398	12.5206
-13.4905	11.5638
-11.9406	11.1003
-12.3197	10.1009
-11.8917	11.0475
-13.3691	11.6933
-11.9308	10.4683
-12.1331	12.944
-12.6449	11.0996
-10.768	11.4116
-12.1442	12.3749
-14.9375	12.5577
-11.4986	10.5451
-12.177	9.67522
-14.5158	11.8222
-12.7873	11.2699
-11.5692	11.3408
-12.2986	10.1643
-12.4506	12.4238
-14.4651	10.6168
-13.7453	11.858
-11.9501	10.9001
-12.0419	13.1318
-12.9781	12.2552
-12.7303	11.9871
-13.3201	9.98173
-12.6225	10.9695
-14.3804	11.7907
-12.4313	10.709
-11.3058	14.6938
-12.8095	9.6588
-12.9411	8.94635
-14.6066	10.9073
-14.8485	10.3782
-14.6132	10.1917
-12.1543	10.9523
-10.4242	7.4777
-12.2702	10.7147
-10.9064	14.072
-12.5057	11.5127
-13.1236	11.2712
-12.5056	11.4431
-13.545	11.8278
-11.9149	10.3047
-14.8136	9.6667
-14.5296	10.3001
-12.1341	9.95747
-14.6304	11.6318
-12.5632	12.8879
-13.8504	11.1587
-14.5517	11.0475
-13.1282	12.1337
-13.2732	12.5068
-14.3425	11.5438
-13.2222	9.03254
-11.9122	10.1405
-14.4955	9.40763
-12.104	9.86138
-12.8352	9.41935
-13.9937	12.5851
-12.2439	10.6841
-12.841	11.7505
-14.2153	10.4474
-12.7317	10.8036
-13.1852	9.5512
-10.5582	11.4156
-11.0563	10.0232
-12.9567	9.26292
-11.4903	13.4903
-14.6087	11.19
-13.083	10.9886
-12.6	10.3314
-14.6819	11.976
-14.567	11.2356
-12.8517	9.90622
-13.904	9.15821
-13.1076	11.0036
-12.8575	10.1608
-12.8384	11.3778
-14.0896	11.1749
-11.5114	9.24244
-13.8528	11.4711
-14.0842	9.26673
-12.5452	10.3421
-11.9853	12.238
-13.1826	9.11029
-13.8793	10.5407
-13.9332	9.73187
-14.7433	9.98072
-13.3611	9.80272
-14.5237	10.0186
-13.8017	10.7324
-9.83562	13.2613
-14.5905	11.3321
-11.5148	10.8263
-12.3564	10.5924
-12.4307	12.6981
-14.0676	11.5652
-14.6652	9.71469
-12.0547	11.055
-14.0572	10.6288
-10.494	9.89066
-14.9309	9.58379
-11.9194	11.7829
-12.5647	9.32827
-14.5759	11.2623
-13.6709	12.9861
-10.1608	11.3678
-12.2593	11.4022
-12.5811	9.64873
-12.4605	11.9381
-13.2908	12.5953
-11.0779	10.4299
-11.6334	8.93776
-12.4399	10.1621
-12.7105	9.70564
-12.7215	13.6464
-11.422	9.10339
-13.4749	11.4431
-14.1262	9.65457
-13.8876	13.6214
-14.8395	11.7563
-11.3188	10.9704
-14.2561	10.3479
-11.6639	8.30203
-11.9719	10.699
-12.7805	12.6808
-11.6129	10.7676
-12.8954	11.8536
-12.2462	9.44208
-12.0388	12.3651
-12.6807	11.6016
-13.7894	10.0918
-12.4551	9.78018
-12.6016	11.5018
-12.4564	9.8512
-13.2084	10.3664
-14.3829	10.4984
-13.7543	10.8802
-13.5632	12.9941
-13.4989	12.8848
-13.3947	11.2364
-11.0618	9.19633
-13.1477	9.70998
-13.0203	10.3577
-12.4295	9.18965
-14.572	9.78692
-12.9241	13.6036
-13.6993	11.7219
-12.3669	9.87342
-14.0876	12.0462
-13.1632	11.6865
-13.954	10.9931
-12.7339	12.3601
-13.0175	9.16353
-12.0022	7.69212
-13.8157	13.276
-12.9847	12.0814
-12.8057	10.8975
-12.5637	9.58523
-12.2272	11.3995
-13.1545	9.13386
-11.0574	9.66292
-12.7242	10.8241
-12.3622	10.4719
-11.4807	11.8822
-13.6002	11.4006
-10.3047	6.72523
-14.1934	11.4167
-14.3592	10.3382
-10.6544	10.4128
-13.49	12.5678
-13.9309	11.1469
-14.3149	12.0837
-12.8747	11.2529
-13.5686	10.8029
-12.0477	8.81145
-12.0909	12.3202
-13.9114	10.7968
-12.9646	10.661
-12.9557	10.6125
-12.0582	10.177
-12.489	11.4491
-14.6514	9.59937
-13.2798	9.64425
-12.9708	12.2689
-14.4577	10.9316
-13.953	11.8958
-13.7471	10.1324
-14.7989	9.46394
-13.1114	10.1196
-13.2838	12.0209
-12.9591	13.069
-12.2157	11.2398
-13.3422	12.1019
-11.6139	11.29
-12.4903	10.4046
-12.4535	10.4277
-14.2459	9.93311
-12.0522	9.76426
-12.5226	10.5046
-12.1995	11.8884
-12.7312	10.8877
-10.257	9.11192
-12.3072	9.62294
-14.6458	12.9486
-11.4633	9.59716
-14.7062	10.6991
-11.9471	11.3094
-12.508	11.6257
-13.348	9.94876
-11.896	12.0683
-11.852	13.1422
-13.9502	10.5942
-12.9528	10.1834
-14.5921	10.6433
-14.563	10.8019
-12.9665	11.3393
-12.0876	10.8322
-14.697	11.9671
-11.9591	9.80464
-13.5979	11.3626
-14.4203	11.5456
-14.8214	12.9688
-12.7145	11.2656
-11.295	12.0673
-13.4157	11.203
-12.7675	10.3147
-12.7937	11.9595
-13.1359	11.0898
-10.7656	11.2543
-12.5626	12.5866
-13.7313	9.19546
-14.9746	11.7023
-12.4802	11.1741
-14.4046	11.4756
-11.8124	9.8317
-11.9994	11.6794
-14.1229	9.33416
-13.3515	10.5198
-14.8798	9.41572
-11.8949	9.62033
-13.4498	11.2916
-10.3435	10.4463
-12.3309	9.48349
-13.5139	10.2067
-14.6141	11.7154
-12.9446	10.4288
-12.7165	11.4049
-12.6243	11.7541
-12.4487	11.7742
-12.3781	11.0452
-12.5687	13.1072
-13.5682	9.76619
-13.4398	11.163
-11.8775	9.34682
-12.5741	9.83706
-14.7134	11.5824
-13.0998	11.5272
-13.3561	10.7598
-14.2895	9.57954
-12.8475	10.7888
-12.0881	10.2034
-11.9194	10.8488
-12.9355	11.7773
-12.5565	14.4055
-12.1328	9.73868
-13.9871	11.327
-14.1209	11.2479
-12.0472	11.9949
-12.5035	11.0429
-10.4043	11.4734
-13.11	12.0388
-13.4732	10.4747
-13.1516	9.29972
-11.1645	13.0908
-12.9007	9.6432
-12.257	11.0045
-13.5292	10.9791
-13.0456	10.14
-11.4939	9.78015
-14.0737	9.78253
-13.3311	9.65441
-11.5332	11.8909
-13.0447	11.3862
-12.7401	11.3377
-13.6311	9.48427
-13.9141	10.1924
-13.1958	10.7469
-12.762	10.0499
-14.1922	11.1359
-10.7214	8.90533
-12.3787	11.2012
-13.1036	10.5263
-12.6764	11.3172
-12.1408	9.46169
-12.5433	11.3216
-12.1687	11.3668
-12.739	12.8005
-12.4132	11.537
-12.9238	11.2365
-14.2947	9.28925
-14.0994	11.5978
-12.2866	10.5904
-13.242	12.0571
-12.2725	11.0349
-10.149	11.7042
-11.2276	10.2776
-12.0669	10.3895
-13.9699	10.2887
-14.5939	11.8256
-13.1276	9.54172
-12.9787	12.3754
-12.3218	10.316
-13.9425	11.1438
-6.56382	11.3946
-13.0533	12.6509
-10.7544	11.9476
-13.915	10.6655
-14.6419	12.1285
-13.593	9.84339
-11.344	9.87024
-12.0523	11.6048
-14.1213	10.2729
-14.8518	12.2287
-14.2756	10.3574
-11.8491	10.9316
-13.0669	9.75331
-13.846	10.2276
-14.6755	10.9029
-11.6416	11.1055
-11.8027	10.2979
-13.9588	10.6074
-14.4774	12.2575
-12.6436	11.3033
-12.6793	10.4523
-12.9854	11.6261
-12.2902	11.2893
-11.9989	10.096
-12.2899	11.1881
-12.2078	9.73565
-14.6044	11.8227
-13.3299	11.4296
-14.5922	11.4576
-14.1193	12.3335
-12.827	13.2963
-11.9744	10.2392
-14.7046	10.3402
-12.8908	11.7947
-14.0761	10.7421
-14.0461	11.4983
-14.4387	9.43849
-11.5715	11.5731
-13.4731	11.3377
-12.8709	10.46
-14.6336	11.0492
-14.8121	11.0408
-9.84945	11.2515
-10.7091	10.049
-14.1888	11.7156
-13.2609	10.4028
-13.4574	10.5786
-11.7055	9.51871
-13.9647	10.5972
-12.031	13.1153
-11.4323	9.30644
-12.9469	9.28368
-11.5411	10.3215
-12.235	9.34936
-11.5002	10.5154
-12.2193	10.748
-12.1548	11.6777
-11.387	8.63965
-12.3931	11.4112
-14.4036	10.0358
-11.5173	11.856
-14.5067	9.24396
-12.9665	10.5884
-13.5855	10.7107
-12.0909	9.87521
-13.4446	12.7878
-11.4117	10.2663
-11.9339	9.17285
-13.4032	11.3875
-13.6358	9.27922
-13.8835	10.9084
-13.6075	12.0369
-12.0167	10.8687
-13.8714	11.0592
-12.3946	9.17082
-12.5457	9.53343
-12.5215	11.7612
-12.9384	11.3572
-10.8366	12.5757
-14.3402	11.1271
-14.4391	9.65609
-14.3658	10.8495
-13.6721	9.33644
-11.4043	13.008
-11.2479	10.5666
-14.1929	10.5997
-12.01	12.445
-13.3635	9.33643
-12.5022	8.96918
-13.0162	9.54538
-14.4111	11.6197
-12.6493	11.6654
-11.8354	11.7552
-14.3238	11.6964
-12.5243	10.9671
-13.9435	10.3332
-12.5539	9.95081
-12.225	11.4651
-14.75	9.70839
-14.2007	11.5892
-12.4702	11.0264
-12.0006	12.1044
-13.1657	9.24625
-13.7087	11.4198
-13.3215	11.555
-11.3444	9.97438
-12.9346	12.0283
-12.3894	9.61573
-11.0564	10.3659
-10.97	9.88674
-13.6726	9.12667
-12.1578	9.41486
-12.653	9.71928
-13.5569	11.0053
-14.0576	11.6442
-12.368	9.58126
-13.048	12.6995
-12.2855	9.53453
-10.7729	10.4376
-12.4769	10.017
-12.4076	11.6203
-13.5759	11.7897
-10.1016	10.6884
-14.3429	10.6036
-14.6158	11.1749
-13.7992	10.4773
-14.4165	12.0167
-12.775	9.49489
-12.4002	13.5864
-12.0275	11.7934
-13.4489	11.0114
-11.8124	8.86874
-13.8247	12.978
-13.5528	9.09056
-13.6471	12.0102
-13.3012	9.44955
-8.33196	10.0096
8.70925	13.1071
-12.7451	11.3831
-12.872	9.74407
-13.4817	11.3221
-12.5393	9.12735
-12.2884	10.3344
-13.1368	11.9301
-13.6793	11.6754
-12.6404	9.4064
-10.5928	9.82743
-13.6858	10.8246
-13.6827	11.8736
-12.5927	10.648
-12.672	11.262
-11.1606	9.06503
-12.6866	10.3674
-14.9287	13.5472
-12.4069	11.3332
-14.4868	12.4684
-13.036	11.0243
-12.099	10.4472
-10.9285	11.22
-14.4111	11.4121
-11.96	10.9142
-11.5029	11.2703
-12.1218	11.7267
-13.5097	12.8353
-13.1408	11.6612
-11.9303	10.2753
-12.3884	11.8661
-14.9054	11.44
-11.5719	9.37201
-14.3538	11.4888
-11.4518	11.1676
-11.4746	11.4764
-13.3012	11.3593
-13.1948	10.4866
-12.3742	9.78871
-13.9172	9.222
-12.4092	9.37461
-12.4254	10.6587
-13.3843	12.4673
-13.0309	11.1098
-14.5485	8.87552
-12.9321	9.60448
-11.9867	10.8249
10.8353	-12.5099
-12.5762	11.3827
-13.5033	12.1383
-13.2756	11.6668
-11.5013	7.60065
-14.4061	10.4488
-13.8619	11.1726
-10.7229	9.45603
-13.5306	9.85928
-12.6196	12.6627
-13.9459	11.5979
-12.4512	12.3985
-12.9714	10.7004
-10.8792	10.8451
-2.20909	3.21531
-11.8321	10.8259
-11.2463	10.2701
-13.8455	10.84
-12.7577	9.13173
-11.5797	10.965
-14.8013	11.4015
-13.2212	13.0009
-13.1702	10.2745
-11.9301	12.4546
-12.5088	9.83491
-13.1695	10.5849
-12.1357	10.7806
-12.412	9.34117
-12.8018	12.0777
-11.1937	10.0052
-11.6312	10.6823
-11.5963	10.9828
-13.2512	10.5428
-12.415	11.5719
-11.4136	11.7621
-13.9122	11.5269
-12.4064	9.85005
-12.4971	11.2489
-12.3094	11.3836
-11.6762	10.3715
-9.68537	10.8738
-12.0128	10.8241
-13.875	12.0004
-13.7699	11.0333
-12.8881	9.50626
-12.4221	10.4809
-14.444	11.1006
-11.552	12.6182
-14.3	10.5318
-12.3244	11.0444
-13.2538	10.4506
-12.427	10.5577
-14.7356	11.8495
-12.8199	11.4202
-14.5475	9.48802
-12.5247	9.37416
-13.2059	11.7224
-12.7544	9.97515
-13.1688	10.8893
-13.1395	11.3875
-14.7571	11.4533
-14.0487	13.0972
-11.8439	11.4129
-12.7424	10.0774
-12.6837	10.4446
-10.7817	10.451
-13.8079	11.0835
-12.8463	11.5363
-13.0143	9.78606
-12.2208	11.0314
-14.4118	9.16911
-13.8038	9.56661
-13.8573	11.2796
-10.3001	12.2146
-12.1907	11.6547
-12.0984	11.0065
-12.7575	11.6842
-13.1308	12.1611
-13.9185	10.1549
-12.4907	10.4387
-14.6457	10.2933
-11.6078	9.84687
-12.54	9.51138
-12.6665	11.779
-14.1946	9.99968
-13.5848	10.6049
-4.01667	8.78446
-13.2832	11.4269
-11.185	10.558
-14.0131	11.1983
-13.7921	11.0684
-12.2449	9.19564
-13.1544	11.9092
-14.2238	9.38865
-12.357	11.1539
-13.3407	10.5524
-13.4119	11.4483
-12.7676	12.3462
-14.6113	10.8345
-13.505	9.16678
-11.7739	10.8415
-12.4324	10.0152
-12.6588	10.6101
-13.5722	10.9806
-12.5972	10.9333
-14.736	11.5153
-13.0287	12.6352
-12.1652	8.92227
-13.8487	10.5924
-13.8395	12.4465
-13.3196	10.8116
-12.1559	11.4561
-13.2084	10.4235
-14.276	10.7234
-13.5415	12.3882
-13.2141	11.174
-13.6616	10.1438
-12.6941	10.956
-13.2167	10.1705
-11.651	12.3365
-13.6814	9.28062
-12.3708	10.9084
-13.3048	9.30696
-13.8472	10.0008
-12.984	10.5099
-14.2288	12.1159
-12.913	10.6864
-13.3553	11.4605
-11.7799	11.9999
-13.7096	11.7206
-13.7098	10.9262
-11.9192	11.2754
-14.5936	11.0387
-14.698	12.0566
-13.3153	9.80095
-13.1821	10.2243
-13.0891	10.079
-13.1835	11.8214
-13.5206	11.1162
-14.1274	11.1268
-14.0537	11.1575
-12.5681	12.2347
-13.2746	11.7495
-12.2389	11.3015
-13.0902	11.7604
-13.441	10.4828
-11.884	10.5696
-11.8797	10.1146
-14.6748	10.3926
-14.4111	10.7783
-12.1346	11.4383
-13.1475	10.0475
-12.1249	11.8915
-12.5378	12.7074
-13.3595	10.781
-10.7851	11.8132
-12.289	10.595
-14.9904	9.88252
-12.0713	11.8373
-13.3924	11.1932
-11.7495	10.435
-13.8114	11.4989
-10.9311	10.8074
-14.5086	11.5179
-13.7709	11.1432
-13.3625	10.3965
-11.1988	8.20005
-11.3611	11.2994
-12.604	10.1296
-11.2256	11.5248
-13.7562	11.7749
-12.5667	11.9502
-13.6046	12.3442
-13.8634	11.0553
-14.3407	11.0012
-12.4305	13.2394
-10.0658	12.8333
-10.5729	8.83437
-13.286	9.95223
-10.6565	12.424
-11.1839	12.2058
-13.6844	9.85621
-13.2142	10.5586
-12.8684	11.3676
-14.1147	12.6616
-14.6713	11.694
-10.9457	11.1552
-13.1856	12.8666
-14.2594	9.91798
-13.4027	12.6921
-12.0092	9.69254
-13.7597	11.5118
-10.9849	8.93267
-14.8465	9.59752
-11.6852	12.0537
-13.0265	10.6451
-13.6387	12.9131
-12.1508	10.9484
-12.0401	12.3528
-13.5668	10.9731
-13.6488	11.2317
-11.7195	9.72418
-12.2374	11.9644
-12.5631	11.3289
-12.3897	11.6642
-12.3028	10.6945
-13.0644	11.3351
-12.5489	9.61385
-10.7235	11.0173
-12.3973	9.55172
-14.1559	10.4716
-14.1783	9.11168
-12.4187	11.7614
-13.2167	12.6419
-11.1596	10.9806
-14.9334	10.0097
-12.4368	10.4005
-12.6247	10.0578
-13.8922	10.0296
-14.2623	11.5845
-13.9597	10.6204
-12.8708	10.9126
-13.464	10.5112
-14.1783	10.4317
-12.5126	12.2458
-12.0178	12.7047
-14.625	11.4805
-13.76	8.78188
-13.3743	11.4424
-14.2014	12.0395
-10.8005	8.25192
-12.3126	9.60834
-13.8901	11.1122
-11.1996	9.40099
-14.5082	9.25887
-11.9735	12.855
-12.8542	10.4576
-13.4428	10.2771
-12.134	9.07421
-13.9517	10.0154
-12.327	11.5842
-14.1064	11.4077
-12.5476	11.9471
-12.6073	10.6891
-12.957	10.0983
-12.5766	11.457
-12.2451	12.4804
-12.774	12.009
-12.8878	11.4923
-14.0446	12.6076
-12.586	11.6037
-12.9477	11.7033
-13.4618	9.73572
-11.8156	12.5745
-12.7654	9.37216
-13.927	13.0098
-12.355	11.6823
-12.8662	9.84218
-13.6694	9.92101
-13.123	12.2644
-13.2502	11.5225
-14.0855	10.8628
-12.4861	11.643
-13.5118	9.9367
-14.4335	10.5447
-11.8817	12.0222
-12.7505	11.2103
-9.56792	11.9058
-14.5593	12.0322
-11.9704	11.0369
-14.1192	10.7328
-11.5832	10.5797
-13.979	10.8745
-13.8342	12.073
-13.0798	11.9909
-14.396	9.64898
-13.9873	9.05041
-14.5768	10.4804
-10.9152	12.0737
-14.6088	11.2302
-14.0451	9.82191
-12.0081	10.1807
-13.4256	10.9715
-11.6592	12.3157
-7.64155	9.01606
-12.2815	11.5838
-14.2963	11.7213
-13.5648	10.5882
-12.7217	11.5089
-11.4623	10.1886
-12.573	10.1137
-13.2488	11.0353
-12.1681	9.73724
-12.5619	10.72
-13.1999	9.08877
-14.4006	11.6965
-14.0857	11.5345
-13.0711	12.4925
-12.2342	12.2751
-12.4617	10.6078
-13.6219	11.554
-12.4306	10.1506
-12.2484	11.3499
-13.6139	10.6985
-11.9575	8.78231
-14.5416	11.0184
-13.0665	10.0886
-12.4621	10.4637
-10.8338	10.4189
-14.8213	12.5425
-12.3969	11.6892
-12.9371	12.5157
-12.1998	9.49604
-12.3309	11.8071
-13.391	12.4098
-11.5001	11.5504
-14.944	9.77344
-14.4569	12.7183
-13.5088	12.7591
-12.5928	11.4137
-12.0929	9.98306
-13.2696	12.5228
-12.6616	12.208
-14.3269	11.1604
-13.4027	10.0328
-14.184	11.2441
-12.1864	11.2152
-14.3563	9.38509
-11.2986	9.63282
-13.5433	13.4952
-14.9913	10.6864
-12.0654	10.5274
-14.5934	9.19142
-11.9255	10.7234
-11.1526	11.3674
-13.1167	11.414
-13.853	10.8397
-13.217	12.7025
-13.5172	10.0778
-13.5393	10.6734
-14.378	10.1287
-12.9221	13.3679
-12.8429	10.2663
-11.5534	12.654
-14.6022	10.5551
-12.2496	11.4969
-11.7527	12.7641
-13.9202	10.3929
-12.5644	9.61187
-12.1072	9.055
-13.2785	13.5681
-14.1635	12.1871
-14.5617	9.8947
-13.8663	11.0524
-13.0407	13.2016
-12.7507	9.41276
-13.1891	12.5604
-13.6236	9.86975
-13.4134	11.1327
-14.6026	12.3895
-11.0239	11.7644
-12.2282	11.3065
-12.3667	11.3528
-14.1815	10.3622
-14.2147	11.2709
-13.6112	11.5749
-13.1826	13.0209
-12.8989	9.53554
-14.3887	9.14233
-14.4702	10.1612
-14.5287	11.607
-12.7374	11.2641
-14.5988	11.454
-13.5041	10.1673
-13.7107	12.7486
-11.746	10.7587
-9.70019	9.83322
-12.5824	11.9149
-12.449	11.3756
-12.0422	9.01075
-12.5882	11.0523
-12.081	9.93
-12.21	11.4264
-13.7374	10.6233
-13.6354	10.9174
-12.6083	10.4204
-13.0832	11.5426
-12.5662	10.9466
-13.6118	10.7425
-12.4204	10.7691
-14.9782	11.5841
-11.8189	10.7838
-13.7605	11.4386
-12.2819	11.391
-13.4687	10.7049
-14.3408	11.1783
-13.8607	9.30117
-12.2594	11.6776
-14.1524	9.41391
-14.3986	10.8259
-12.4092	11.568
-12.7895	8.89963
