-10.2308	-1.38133
-9.57569	-0.141058
-8.59992	-2.37029
-8.00794	-0.131224
-9.07082	-0.856399
-11.323	-2.80831
-10.3943	-0.406277
-11.6648	-1.15032
-11.7917	-0.275169
-8.98414	-2.17171
-10.1748	-0.816957
-9.9482	-1.98105
-9.34623	-0.887481
-8.44244	-1.61656
-11.5187	-1.36064
-10.9793	0.583373
-10.4156	-0.205987
-10.1221	-0.263874
-9.45512	-1.60364
-10.2463	-1.45548
-10.2615	0.477337
-10.8747	-0.437547
-11.9816	-0.346432
-11.0103	-1.81627
-9.52898	0.337878
-9.33816	-2.2261
-10.2211	-0.691915
-5.15083	2.45137
-8.29567	-0.645655
-8.87396	-1.12523
-11.3339	-2.55357
-11.9071	0.0182237
-9.0951	-1.67057
-8.83261	-1.8784
-10.9517	-0.328288
-9.76896	-1.70959
-11.0449	-1.51948
-10.5507	0.0654378
-9.61894	-0.209322
-11.6418	-0.191279
-9.46019	-0.571467
-9.22288	-1.16843
-11.898	-0.328846
-9.78882	-2.56136
-8.99432	-0.519365
-10.3114	-1.94633
-11.8586	-0.555113
-9.11138	-1.19109
-10.0076	-1.28772
-10.4245	-1.44721
-9.54536	-0.236241
-11.5551	-1.27244
-11.7611	-1.78179
-9.7276	-1.87417
-9.32698	-0.198436
-9.86523	-0.486458
-9.22151	-0.179298
-8.79103	-4.08401
-10.2981	-0.398672
-10.6707	-0.610217
-9.56494	0.115531
-11.6758	-2.33633
-10.7902	-0.334631
-11.9699	-1.68039
-9.83147	-1.45499
-9.2558	-0.609299
-9.05797	-1.35469
-9.56468	-0.668979
-11.0821	-1.08361
-9.53224	-1.7235
-10.5507	-0.0586855
-10.14	-1.29717
-9.12986	-0.772903
-9.11681	-0.692813
-11.6411	-0.721338
-12.0434	-0.564139
-10.0594	-1.95825
-10.8405	0.719897
-9.45172	-0.523115
-7.64808	-1.39997
-8.73843	-0.450403
-11.484	-1.98555
-7.79576	-0.100043
-9.03845	-2.14972
-9.46451	-2.92828
-10.6566	-2.90197
-10.2438	-3.1087
-9.9332	-0.654896
-10.2893	-1.85323
-11.0654	0.642413
-9.19143	-1.06501
-10.0697	-1.50379
-9.32253	-0.522212
-11.1061	-1.2227
-10.0619	1.36714
-11.6876	-2.63257
-10.9777	-1.4311
-8.21356	-1.51409
-8.86403	-1.40488
-9.23491	-0.573745
-11.8566	-1.6132
-11.3868	-2.60666
-9.73974	-0.433208
-9.25562	-0.569378
-11.2421	0.548616
-11.4103	-1.42615
-9.78556	-2.25807
-8.55567	1.33047
-11.3438	0.544819
-9.80239	-1.7246
-11.1659	0.663629
-9.96603	-2.02083
-11.3608	-0.856115
-10.067	-1.26798
-9.23168	-2.62282
-11.0358	-1.81831
-9.26586	-0.845345
-9.3513	-0.628976
-9.49912	2.1831
-10.1011	0.465163
-9.5	-2.89159
-8.83181	0.40735
-9.10006	-0.284274
-11.9804	1.16263
-10.3333	-0.33182
-10.5467	-0.508116
-11.2563	-0.227644
-9.86381	-1.74849
-9.20126	0.587674
-9.62668	-1.66311
-10.907	-0.780812
-9.99117	-2.11039
-11.2935	-0.716596
-11.7696	-0.722054
-10.9702	-1.07238
-7.54991	-0.775311
-9.909	-0.021331
-11.7986	0.196066
-3.14878	-5.10563
-10.5528	-2.89169
-9.17434	-1.12952
-9.13479	-2.52297
-11.0381	-0.648413
-10.443	-1.33507
-9.04032	-1.47712
-10.8608	-0.385265
-9.41118	0.00482347
-9.36737	-2.34041
-10.985	-0.165552
-11.534	0.686073
-10.092	-1.80681
-12.1689	-2.65486
-10.8792	-1.46519
-8.24105	-1.57402
-11.5299	-1.97967
-10.7593	-0.795467
-10.2643	-0.599172
-10.6227	-3.20293
-10.2876	-1.18546
-8.5538	-2.83544
-8.54859	0.42954
-9.50747	-2.05446
-10.4249	-0.414868
-10.6684	-2.18504
-10.7132	-1.51547
-10.4005	-0.244489
-10.6824	-0.797757
-9.83584	-2.96609
-11.3444	-1.3096
-9.37585	-1.51748
-9.49399	-1.0236
-10.3805	-0.359452
-8.89446	-0.70441
-9.41516	-1.03574
-9.83915	-2.63289
-10.8227	-0.790916
-10.0961	-0.886288
-10.1466	-0.545034
-9.38952	-2.87302
-8.62379	-1.39875
-10.0489	-0.0238748
-9.37354	-2.11601
-9.93	-1.32197
-11.7245	-0.991516
-10.626	-2.12114
-10.1479	-2.57762
-8.39005	-1.02798
-10.0468	0.749435
-10.9566	-1.41811
-10.5652	-0.667062
-11.1514	-0.377361
-10.5801	-2.24371
-10.9175	0.0581629
-9.73598	-0.869501
-10.267	0.310109
-9.15404	0.865832
-6.44162	-2.0112
-10.3863	-0.889063
-9.09646	-2.81206
-10.7239	-1.68603
-10.1036	-0.657423
-8.92293	-1.28921
-10.5042	-0.994959
-8.93297	-1.44236
-8.20408	-0.542475
-10.7195	-2.36308
-0.565942	-1.25262
-11.0867	-1.51273
-9.89875	-1.91882
-10.744	-0.813717
-11.3346	-1.3812
-11.5669	-2.69827
-9.52143	-1.50859
-10.5873	-1.24645
-9.29419	-0.471639
-8.91446	0.913176
-9.69411	-0.187489
-11.3186	-1.55225
-11.2752	0.00464446
-11.4622	-0.964236
-9.84728	-1.01793
-9.61256	0.487872
-11.0719	-2.88993
-9.72991	-1.79772
-9.10295	-0.339463
-10.404	-2.87658
-10.4239	-2.94896
-10.8422	0.226897
-8.83124	-0.691707
-10.3076	-1.38826
-10.967	-3.05684
-9.19566	0.241724
-8.9844	-2.89312
-10.719	-2.85453
-11.0296	-2.43953
-9.36965	-0.266517
-9.40215	-2.31871
-11.823	-0.667286
-10.3673	0.415194
-9.84609	-0.229271
-10.8764	0.602673
-9.46699	-3.03818
-11.8737	-1.38604
-9.91936	-0.990086
-11.4538	0.0802711
-10.7725	-1.15222
-11.2826	-0.611035
-8.37561	-3.09143
-8.79029	-3.21231
-10.169	-2.86384
-9.03349	-1.7841
-9.21025	-1.41066
-10.607	-1.13993
-8.05218	-0.583739
-12.0426	-2.45231
-11.1325	-1.42634
-8.83046	-2.65193
-9.13051	-2.24281
-9.30454	-1.01208
-9.601	-1.02794
-7.81099	-2.78343
-12.0895	-0.1939
-9.49682	0.355774
-8.99658	0.57125
-9.66756	-0.0925482
-9.69864	-0.696139
-11.7451	-2.70188
-12.1604	-3.04346
-9.09341	-2.20749
-11.7524	-2.69813
-11.8783	0.924397
-10.9129	-0.173879
-9.06339	-0.017984
-11.085	-1.98879
-9.28157	-0.719235
-9.41129	-0.00357175
-8.52187	-0.634739
-11.4092	-1.77821
-9.27534	0.884381
-10.5319	-0.119645
-8.83948	1.3428
-10.6834	-1.09
-11.8794	-3.16823
-10.1066	-0.636302
-9.57531	-1.36047
-9.60294	0.0238848
-11.654	0.914285
-7.38063	-0.50063
-8.46191	0.0603799
-8.98143	0.360665
-7.39048	-1.05719
-8.2703	-2.48298
-10.9021	-0.994665
-9.55835	-1.03477
-8.59149	-2.58268
-11.8097	-1.92346
-7.66554	-4.37633
-9.87361	-2.62944
-9.13073	-0.163613
-9.8664	-2.78714
-10.7172	-3.12629
-8.64299	-0.610907
-10.8024	-1.24495
-9.34566	-1.73661
-11.2875	0.248551
-11.1206	-0.514368
-11.1612	-0.584999
-9.27991	-0.420578
-7.69364	-1.38209
-9.40912	-1.49445
-11.7278	0.670054
-7.23611	-2.59138
-9.94637	0.271555
-9.14443	0.77162
-10.9051	-0.54355
-10.0405	-0.126552
-9.43882	-1.13074
-9.87488	-0.157788
-11.126	-1.04943
-11.7813	-1.68241
-9.41914	-0.579112
-10.1611	-0.87319
-10.8396	-0.79269
-10.5386	-2.15892
-8.92656	-0.411544
-11.6317	-0.176822
-10.5481	-1.83754
-10.5848	-1.27883
-8.82806	-1.08317
-11.4487	-1.90889
-9.33494	-2.71871
-9.02085	-1.38757
-8.95975	0.198274
-9.20403	-0.499149
-11.3195	-1.36668
-9.07656	-0.908375
-10.4528	-0.10353
-11.0737	-1.86513
-9.99497	-1.37499
-9.63544	0.873916
-10.4509	-1.95808
-10.2836	-0.65617
-7.56782	-2.56803
-10.1442	-2.04238
-10.9154	-1.53179
-10.4789	0.6422
-9.78106	-2.42218
-9.48669	0.548776
-10.7883	-1.04546
-10.2387	-1.34855
-9.53963	-0.66505
-8.75364	-0.0979459
-9.7461	-0.475311
-11.1338	-1.24614
-11.7765	-0.597419
-10.5541	-1.61168
-11.2401	-0.00439041
-10.0281	0.713117
-10.3038	-1.0552
-9.87243	-0.360928
-10.0907	-0.935456
-11.3823	-1.37665
-10.206	-0.0337754
-9.61753	-1.11387
-9.54267	-0.098768
-11.5389	-1.37295
-10.947	-0.778222
-9.72898	-2.94541
-11.7973	-0.898961
-10.8452	-1.52453
-11.3477	-0.855176
-10.1534	0.101327
-9.23695	-0.684316
-9.59061	-0.057044
-10.5192	-0.197682
-10.5895	-1.29039
-10.354	-0.13768
-5.67233	6.05216
-9.18132	-2.88617
-10.4162	3.64986
-9.80672	-0.744751
-9.59274	-0.714495
-10.581	-0.478247
-9.8344	-0.557686
-11.9183	-1.37236
-9.95306	-2.04557
-9.36593	-0.743867
-10.7275	-0.468273
-11.8983	-0.93349
-9.77498	-1.17868
-10.7487	2.52476
-9.72527	-2.8344
-8.61248	0.121507
-10.2167	-2.79567
-9.92823	-1.48062
-9.91938	-0.888789
-9.98259	-1.98813
-10.3461	-2.55418
-9.88903	-2.44546
-10.1392	-1.87567
-10.3895	-2.05007
-12.1901	0.0581938
-9.46351	0.0934291
-9.40806	-0.0961938
-11.5781	-1.577
-7.75771	-0.534697
-9.80777	0.0271035
-11.3775	-0.750532
-9.79771	-2.40794
-10.0341	-2.40837
-10.4103	0.260896
-8.72632	-2.56424
-11.0904	-1.59536
-10.3057	0.584416
-8.39274	-1.36151
-7.98062	0.913996
-9.3195	-0.337639
-11.7653	-0.0382287
-8.15333	-0.548638
-11.0439	-0.511694
-10.3488	-1.62244
-9.57307	-0.461677
-11.1084	-0.48842
-9.96825	-2.31503
-10.0469	-0.634517
-11.4291	-0.997711
-9.88911	-1.40591
-9.30481	-1.27643
-9.67341	-0.285551
-11.2436	-0.575021
-10.6073	-1.36711
-11.4565	-0.345251
-10.4337	-1.25769
-8.66653	-0.545897
-11.6692	-1.32048
-10.8095	-1.24766
-10.2452	0.310991
-1.74888	-4.58512
-8.68944	-0.617961
-8.45153	-1.76226
-10.9737	-3.04883
-10.2517	-0.294592
-10.404	-1.05213
-9.82623	-2.97776
-8.74238	-0.348042
-7.50167	-0.761925
-10.8329	-0.588271
-11.3761	-0.926983
-10.2984	-1.23232
-10.186	-0.909783
-11.0958	-0.629005
-9.42617	-1.28818
-7.61329	0.781055
-10.3461	0.161332
-11.5052	-2.35055
-10.1242	-0.226735
-11.7768	-1.29466
-10.8095	-1.49708
-9.67265	-0.471735
-11.3625	-0.182722
-11.3627	-0.033369
-11.8373	-0.589859
-10.2171	-1.46095
-9.81978	-1.53694
-10.4433	-2.36138
-10.4158	-1.19456
-8.59197	-1.05791
-9.23757	0.372203
-11.0715	0.321938
-11.5475	-0.410333
-9.76496	-2.2761
-10.6008	-1.23356
-10.0017	-2.62128
-8.21495	-2.31896
-8.53401	-0.541801
-10.5019	-2.52594
-8.9977	-0.252555
-8.14553	1.64102
-10.6604	-1.27775
-10.6044	-0.587898
-8.71064	-2.1447
-9.9524	-1.1851
-9.21327	-2.85441
-9.28057	-0.406744
-8.00052	-1.37209
-10.3816	-2.22957
-9.29088	-0.850357
-8.51227	-2.47787
-11.4012	-0.258795
-9.35998	-0.731758
-9.53992	-2.23658
-9.16481	-0.455481
-11.6652	-1.46782
-7.93269	-1.84346
-11.5379	-1.97102
-7.91534	-8.11994
-10.2946	-2.26093
-9.33867	0.313303
-10.3364	-0.33331
-11.5978	-1.5462
-9.60069	-2.56667
-10.4926	-2.75166
-9.84838	-2.00685
-10.9593	-0.573532
-8.99701	-1.87876
-8.77978	-1.02013
-11.8099	-2.27834
-8.20514	-1.28
-9.79629	-0.244273
-8.50348	-2.58052
-10.5329	-0.813528
-9.26958	-2.4235
-9.22023	-0.376255
-10.5533	1.45227
-10.511	-0.417634
-8.85947	-1.26521
-10.2022	-0.175352
-11.1826	-0.816936
-8.28392	-3.17867
-10.4519	-0.642904
-9.51011	-0.509025
-10.8213	-2.47231
-10.0877	-2.93317
-11.8495	0.286082
-10.1281	-0.447281
-11.3954	-1.5069
-9.7478	-1.93656
-9.89645	0.42954
-9.62835	-2.625
-10.7563	-2.64165
-9.92204	-0.57698
-8.49391	-2.97025
-9.92788	-1.77841
-11.1052	-2.95335
-11.1171	-1.49287
-10.9938	0.681587
-10.3519	-2.34426
-9.06202	-0.0112814
-10.6217	-1.06925
-11.3017	-1.70447
-9.12938	-2.30702
-8.45444	-1.50508
-8.9624	1.71005
-9.09007	1.09292
-11.5312	-0.0961184
-10.6147	-2.83543
-9.08049	-2.7402
-10.006	-2.42951
-10.6207	-2.85926
-8.42276	-1.89711
-11.4897	-0.7321
-8.68559	-0.783864
-9.34513	-0.564238
-12.1389	-0.18962
-9.86407	-2.23248
-10.5243	1.69419
-9.32702	-0.437073
-9.81667	-2.45876
-10.4551	-1.22906
-10.4534	-0.376998
-12.0531	-1.25783
-9.16459	-0.880945
-9.17853	-1.66577
-9.74476	-0.350976
-11.9585	-3.02983
-10.9226	-0.208134
-8.57764	0.097613
-10.7293	-0.481358
-9.16097	-2.71863
-10.7781	-1.57695
-9.4243	-0.569488
-9.3809	-1.41639
-9.05504	-1.9694
-11.5859	-1.15884
-9.49796	-1.16331
-9.71846	-2.57492
-8.64759	-0.217715
-10.4528	-1.39168
-11.3279	-0.341744
-7.94888	-1.51235
-8.58992	-1.18879
-11.1872	-0.261244
-9.82254	-2.48029
-11.0624	-0.423283
-11.1255	-1.07789
-9.95143	-0.540366
-10.9131	0.106785
-11.208	-2.06022
-11.1864	-0.717391
-10.2383	-1.3207
-11.8224	0.29151
-8.87183	-2.05861
-10.5818	-0.971805
-10.649	-1.67376
-8.32257	0.545253
-11.122	-2.50064
-11.7513	-0.611059
-11.5787	-1.14286
-10.7939	-0.398846
-9.65924	-3.08832
-10.7411	-0.610011
-9.11303	-2.56151
-11.1948	-0.766721
-10.5954	-1.22269
-9.59914	-2.60691
-11.5844	-0.0140767
-10.4776	-1.2125
-11.2936	-1.42307
-8.43711	0.328708
-10.3218	-1.15535
-9.84484	-2.41812
-10.7055	-2.55577
-11.1715	-1.37932
-11.6585	-2.50445
-10.749	-2.5039
-11.1521	-1.72683
-10.9688	-1.36328
-10.2021	0.137621
-8.16816	-1.97679
-11.7456	-0.0518954
-11.1075	-0.486282
-11.5072	-1.77555
-10.0422	-3.26127
-10.3123	-2.64704
-10.6959	-0.81934
-11.2471	0.37984
-8.47148	-3.24606
-7.79596	0.910936
-7.59392	-0.397914
-11.6075	-0.430255
-11.9475	-0.363483
-10.7436	-1.92375
-11.2849	-2.0825
-9.68824	-0.866539
-11.4817	0.0351894
-10.3835	-1.91222
-8.13218	-1.07229
-8.05496	1.14256
-10.0795	-2.82663
-9.96797	-2.7446
-8.38731	-2.92527
-10.3457	-1.99696
-9.68113	0.584636
-11.4752	-1.95211
-9.28107	-2.19092
-8.88116	-1.06335
-10.1911	-1.16842
-11.2923	-0.245014
-9.68483	-0.295648
-10.1924	-0.28538
-10.4156	-1.49348
-11.4761	-0.605445
-10.7648	-1.18742
-10.0003	-1.15614
-11.5087	-0.609401
-9.33086	-0.657912
-9.96809	-1.77205
-8.8935	0.08573
-9.95227	-0.908739
-10.0243	-2.64695
-10.9978	-0.292661
-10.071	-0.481773
-8.85785	-0.216606
-10.5552	-1.43399
-11.0192	0.532628
-9.18652	-2.73827
-11.2369	-1.8969
-11.4672	-2.52063
-10.6067	-1.33725
-11.5133	-0.238666
-10.4456	-1.05154
-8.02889	0.222918
-8.97557	-2.62342
-9.28886	-0.523484
-7.70542	-0.545137
-9.4015	-2.58635
-9.10605	-0.0617745
-8.28842	2.28657
-9.53091	0.651058
-8.93204	-0.31901
-11.6744	-1.39803
-10.4048	-0.660352
-10.7266	-2.21409
-10.2781	0.656964
-11.4841	-2.41467
-10.5412	0.291864
-10.3624	-0.689632
-8.88059	-2.72942
-10.8959	-0.12238
-9.48623	-0.276393
-9.59417	-1.57549
-10.495	0.299777
-10.5159	-2.05478
-11.6343	-0.482284
-8.18702	-0.21735
-9.28553	-1.0176
-9.44732	-1.86452
-11.8196	-1.1772
-11.0685	-1.54989
-11.5157	-0.474221
-9.85463	1.10953
-9.80131	-0.0720283
-11.1211	1.07606
-11.191	-1.407
-9.82555	0.441425
-8.96612	-1.592
-10.1734	1.52709
-7.41594	-0.46439
-11.7949	-0.846809
-10.1126	-1.00643
-10.2005	-2.62367
-9.22034	-0.929802
-11.6075	-0.1032
-9.16633	-1.2811
-10.6391	-1.29583
-9.06759	-1.65118
-8.89044	0.177275
-10.7051	-1.00625
-9.80056	-1.65389
-11.4776	0.987451
-12.005	-1.85663
-11.7591	-1.28193
-10.5981	-0.78829
-10.6862	-0.84491
-11.4696	-2.61869
-9.65717	1.42934
-10.0163	-1.67826
-9.2345	-1.18017
-8.81672	-2.18445
-9.21776	-1.50456
-9.07102	-1.95425
-8.78832	-1.78028
-10.7354	-2.29894
-11.3383	-2.38211
-9.98098	-1.10207
-11.113	-1.18313
-9.51853	1.32962
-9.92505	-1.46333
-9.27584	-2.96574
-11.0896	-0.925447
-10.7148	-0.896909
-9.36983	0.512438
-9.41437	-1.44278
-9.47516	-1.93438
-3.55173	-4.50499
-10.1248	1.90257
-11.2735	-0.785378
-9.66739	0.0721141
-10.5626	1.56597
-11.2733	-2.64395
-11.2276	-0.351694
-11.2972	-1.46598
-9.42288	1.77151
-9.89745	0.146036
-10.1387	-1.92132
-11.0053	-1.78671
-9.37064	-0.809698
-8.47843	-2.09171
-11.077	-0.018446
-8.20833	-0.911167
-8.17585	-0.714257
-6.80036	0.865743
-8.56898	-1.6388
-9.81606	-1.69001
-11.0445	-2.60162
-8.96678	-2.25046
-8.93151	-0.217383
-8.70008	-0.550535
-8.8122	-0.0382371
-9.1414	-2.00621
-11.6102	-1.92178
-10.8977	-2.66819
-11.393	-0.212278
-11.0571	0.592706
-10.6922	-0.942128
-8.86421	-1.61193
-10.0402	-1.96354
-11.9243	-0.378507
-8.98142	-0.688793
-9.3554	-1.21815
-11.296	-1.11497
-11.9155	0.352216
-9.93353	-0.210934
-10.2651	-1.76277
-8.8244	-1.73857
-11.2726	-0.389084
-11.1825	-1.01835
-10.6026	0.677832
-9.99789	-2.27665
-10.0882	-2.16643
-8.371	-2.05793
-10.9452	-0.391865
-9.98358	-2.32413
-10.9726	-1.80709
-8.92732	-1.92835
-10.2577	-2.12941
-11.3498	0.110284
-11.4301	-0.08911
-9.6793	-0.656055
-9.24636	-0.783441
-9.28682	-2.4893
-11.0232	-1.68677
-11.0848	-0.834692
-12.0151	-2.04842
-11.6824	-1.96736
-9.6999	-0.358402
-10.1616	-2.12352
-9.87144	0.735132
-10.9027	-0.359286
-10.0375	-2.00936
-9.879	-0.995369
-9.98515	0.725461
-11.5583	-1.47943
-10.9623	-1.81824
-9.25905	-0.461664
-9.80133	-1.42123
-10.0957	-1.2681
-10.1965	-1.6166
-9.36789	-1.26442
-9.82672	-2.99081
-10.1956	-0.178684
-9.55703	0.187921
-10.1474	-0.6927
-11.2327	-1.87714
-11.153	-1.53921
-10.5558	-2.86826
-9.04572	-2.63819
-10.7479	-0.423013
-9.98331	-1.47481
-9.54385	-0.53429
-10.0201	0.516703
-7.84911	-2.4042
-11.4199	-0.349455
-3.9813	6.05861
-9.17264	-2.25745
-9.42977	-0.638957
-11.5222	-2.55373
-11.5647	-2.06191
-8.89962	-1.35109
-10.2496	-1.133
-8.85069	-1.34835
-10.6308	-0.280477
-8.60234	-1.06557
-10.1376	-0.787428
-8.7243	-2.41469
-9.35306	-2.14914
-11.0145	-0.71788
-9.73446	-1.54325
-9.73143	-1.44009
-8.58644	0.850967
-9.26728	-2.39122
-7.35708	-1.23289
-9.26888	-0.4989
-10.9157	-1.66278
-10.7891	-1.24648
-9.99019	-3.17879
-9.96572	-0.413775
-9.91651	-0.980704
-9.26489	-2.69236
-9.47779	-0.13833
-10.8516	0.0614672
-10.9144	-2.99819
-9.80779	-0.709396
-8.70066	-2.53038
-9.52082	-2.7907
-9.31784	-1.89051
-9.96774	-2.50583
-11.2755	0.594572
-10.0394	-3.03654
-9.97785	-0.572259
-9.77675	-1.8446
-10.8542	-1.95637
-9.23878	-2.96845
-10.1224	-1.00804
-10.9848	-0.372564
-8.68772	-0.952903
-11.7664	-1.99861
-9.02983	-0.59083
-10.503	-2.63884
-9.69345	-2.10456
-8.44987	0.193143
-9.60482	-2.44351
-9.78091	-0.845382
-10.7982	-1.67284
-9.31115	0.872617
-9.67674	-0.459221
-10.2265	-2.1011
-9.27786	-0.0989478
-9.11194	-0.609145
-8.69981	0.413919
-8.23894	-1.62387
-9.44641	-1.04092
-10.7299	-1.19314
-8.34149	-1.84369
-10.0873	-1.73442
-11.1038	1.76113
-11.1033	-3.07537
-9.24395	-0.407128
-9.51183	-0.558712
-7.88227	-0.567635
-7.03807	-1.05853
-11.037	-0.617165
-11.3884	-1.26916
-10.0393	1.21383
-9.06966	-2.20414
-10.5182	-1.35591
-11.6964	-1.76659
-10.4225	-0.784109
-7.6357	-0.757803
-10.1713	-0.685448
-11.2866	-1.514
-11.0739	-1.85817
-8.88769	-0.182393
-11.9193	-1.02733
-8.90253	-1.20375
-10.4116	-0.178038
-8.78324	-2.53356
-9.71151	-1.46224
-8.81408	-1.6329
-10.9702	-0.296857
-8.00779	-0.531484
-7.63625	-1.18978
-10.4132	1.0607
-7.4368	-0.474245
-11.8319	-1.06758
-10.9275	0.242435
-10.5701	-2.79042
-11.5959	-0.890141
-12.2703	-1.27122
-10.4048	-0.147739
-10.3	-0.756024
-9.83183	0.420488
-7.82045	-2.05183
-10.4214	-0.850921
-8.50106	-2.08063
-9.70436	-0.326102
-8.84364	-2.29413
-9.34994	-1.91326
-10.24	-2.65681
-9.95007	-2.01265
-8.61625	0.236152
-10.93	-1.67112
-10.2054	-2.07343
-9.71251	-0.0254485
-8.71576	-1.92212
-11.222	-0.761942
-10.7438	-2.89816
-8.90289	-2.36257
-9.72031	-1.61925
-9.55631	-2.09976
-11.5324	-1.46749
-8.11653	-1.86865
-9.67573	0.204412
-9.25537	-0.415123
-10.5221	-1.04757
-9.59292	0.154457
-10.3527	-2.37235
-11.5196	-0.313469
-7.77256	-1.10544
-8.83461	-1.64976
-9.77459	-0.48178
-9.5733	-1.97969
-8.23479	0.0407159
-11.6181	1.35237
-11.3625	-2.81296
-9.01654	-0.449456
-11.6603	0.331269
-11.8216	-1.15368
-9.56572	-0.486215
-10.4826	-2.27977
-10.3316	0.205435
-9.6541	-0.352463
-9.7447	-0.939115
-11.9393	-0.169326
-11.0968	-1.69373
-7.09942	-4.19253
-8.24331	-3.63517
-10.6674	-0.637786
-9.01281	-1.85815
-7.51705	-0.530751
-9.82545	-0.790207
-9.53824	-1.04828
-10.7704	-1.9673
-9.67876	-1.33055
-7.7886	-3.38602
-8.28253	-0.666348
-10.6491	-1.04876
-11.1234	-1.74415
-10.0941	-1.13864
-9.84611	-0.628458
-9.46773	-1.34353
-9.98324	-0.188994
-9.21608	0.0779201
-7.87135	-1.40543
-9.10734	-0.624874
-9.0756	-0.793165
-9.74479	-2.01223
-9.48954	-0.496098
-9.95052	-2.84457
-10.2766	-1.00835
-9.46749	-0.0450233
-8.20652	-1.41882
-9.8993	-2.20617
-10.27	-0.70833
-7.85865	-0.981663
-11.8074	-2.55813
-9.31151	-1.13373
-11.8967	-0.90303
-6.34041	3.2631
-11.1465	-0.376402
-10.3945	0.415905
-9.5809	-1.89635
-10.4761	-2.74378
-10.0685	0.0462203
-9.24897	-2.86564
-10.326	-0.855796
-11.6618	0.852689
-10.5785	0.088386
-10.3062	0.210056
-11.0121	0.00364413
-8.51625	-1.52769
-10.5661	0.0211371
-9.60528	-0.698534
-7.22806	-0.555606
-9.76337	-1.11471
-9.22189	-2.28564
-11.279	-0.700049
-8.19422	-1.1079
-11.1401	-2.40977
-10.2223	-0.705029
-8.79042	-1.18075
-11.48	-2.91033
-11.6782	-1.51075
-9.08107	-0.828172
-9.27025	-2.16003
-10.0431	0.425403
-11.2625	-1.35417
-8.89447	-2.69859
-8.1334	-2.09427
-11.1833	-0.828342
-10.9797	0.461302
-7.90842	-0.805434
-11.9306	-1.08875
-8.49077	0.589474
-10.0011	-2.61245
-10.2528	-2.54019
-7.35651	-3.83358
-11.0032	1.06542
-11.2044	-1.01273
-9.61754	-0.0243712
-7.63572	-2.95242
-9.52919	-1.09382
-11.3157	-2.48893
-9.89098	-1.76889
-11.3092	0.147355
-9.47771	-0.358216
-12.0203	-2.92146
-11.8407	-1.37389
-8.96339	0.805675
-9.85072	-1.29827
-8.5618	-2.15616
-10.9856	-1.78196
-11.3217	-0.584641
-11.8238	-2.46385
-8.28559	-2.19156
-9.94863	-1.16461
-8.60402	-0.666132
-8.79153	-0.700013
-11.9077	-2.38839
-11.1829	-0.82272
-8.63173	0.65373
-9.96153	0.616601
-8.76707	-0.700126
-10.7532	0.012213
-9.88314	0.647541
-9.25933	-0.00777534
-8.33362	-1.5214
-10.5724	-0.982823
-11.6879	0.531126
-11.6447	-2.14877
-10.561	-0.807273
-9.24421	-0.985872
-9.59158	-1.48649
-11.1326	-0.864844
-9.24294	-2.73588
-9.86566	-1.24508
-10.5178	-2.44068
-9.1014	-0.0461893
-11.8517	-0.764986
-11.3391	-0.0719361
-8.045	-0.611875
-10.9806	-2.01791
-11.6344	-0.190384
-9.04722	0.337049
-9.25273	-0.948851
-10.3804	0.259935
-11.458	-2.55679
-11.2902	-1.51095
-9.13106	-0.90086
-9.46398	-1.80089
-10.1762	0.0444764
-10.9741	-1.2489
-9.31646	-1.46896
-10.8378	-1.11587
-9.52522	-1.56644
-8.28526	-0.947709
-11.3464	-0.861034
-9.52093	-2.56493
-11.3483	-0.772767
-8.56651	1.0361
-11.681	-0.292066
-7.96635	-2.17572
-8.18394	-1.45385
-11.5448	-1.40126
-9.88001	-2.75795
-10.9054	-2.11971
-11.2263	-1.23724
-10.8662	-1.5745
-11.7448	-1.08474
-11.7025	-2.1625
-9.07923	-1.53175
-8.17758	-1.91234
-10.0123	-0.557944
-11.6347	-1.45703
-10.7022	-0.687619
-9.89484	-0.283739
-10.2746	-1.6961
-8.57224	-2.68635
-7.9585	0.0414914
-10.5584	-0.679263
-8.73211	0.631449
-10.4598	-0.646949
-10.3202	-1.57262
-10.266	-0.203209
-9.84365	-1.8026
-10.3596	-0.675443
-9.57509	-1.19362
-9.35773	-0.19892
-9.09103	-0.802729
-11.173	-0.803211
-10.1774	0.082387
-9.32275	-0.0248135
-10.542	-0.490446
-9.34397	-2.85287
-10.0404	-0.987662
-9.10409	-1.63848
-11.6661	-0.408237
-11.1954	0.0384304
-9.60534	-1.04391
-11.1226	0.704707
-11.1118	-0.356248
-9.85757	-2.2625
-10.1423	-0.848831
-10.3262	-0.472439
-8.94797	-1.39717
-9.88907	0.728321
-10.9953	-0.37261
-9.05216	-1.53043
-11.1674	-0.976954
-10.611	-0.380347
-8.98314	-0.997938
-8.71917	-2.39426
-12.0918	-1.59069
-9.69715	-0.160215
-10.488	-1.54007
-11.3298	-0.353763
-8.90615	-2.51371
-9.63823	0.750571
-9.37028	-1.44687
-10.5085	-0.466763
-8.80858	-1.91518
-9.64091	-0.476597
-9.94711	-0.505325
-11.5801	-2.42532
-8.62726	0.120953
-8.446	-1.50623
-11.0431	-1.56695
-4.98946	0.580718
-9.7496	0.14927
-8.1637	-2.91265
-10.5194	0.074991
-11.2907	-1.37838
-11.1523	-1.47245
-11.9233	-2.23282
-9.16611	-1.16056
-9.24387	-2.33332
-10.9475	-0.289333
-10.092	-2.64666
-8.58947	-2.19138
-10.8907	-1.25279
-11.2196	-1.61744
-9.17786	-1.05049
-9.46854	-0.220186
-10.2688	-0.00951085
-10.6351	-2.84491
-9.40527	-1.16742
-11.0312	0.964974
-11.7469	-1.80533
-9.52283	-2.03523
-12.0113	-2.14485
-7.99078	-2.78108
-9.68342	-0.367189
-11.3593	-0.68445
-7.07234	-1.26375
-9.58319	-1.49696
-9.67494	-1.87
-11.3476	-2.78317
-10.0929	-2.9904
-9.87657	-0.629717
-9.54212	-2.4322
-10.5194	-1.25024
-10.6945	-1.32557
-11.6582	0.0533587
-8.97049	0.052775
-11.5787	-0.134318
-11.7401	-1.34609
-10.7849	-1.54498
-7.66991	-1.88433
-10.4179	-2.6306
-10.3434	-1.13358
-8.24441	-1.76615
-10.0624	-1.50365
-8.69167	-4.01432
-8.96634	-4.42944
-11.2663	-0.196858
-11.5581	0.579372
-9.26231	-0.981807
-8.97202	-2.82495
-10.4159	0.338209
-11.8412	-1.88904
-10.8164	-1.68394
-12.1048	-1.36913
-9.9332	-1.32363
-10.3788	-2.78243
-9.30917	-2.62659
-12.0047	-2.66065
-9.40735	-1.81352
-11.6654	-0.989563
-10.3691	-2.3104
-8.65113	-1.66978
-9.63656	-1.838
-8.32056	-1.3091
11.0563	-4.77305
-11.1865	0.510374
-10.6598	-2.47361
-11.5527	-0.873074
-8.10732	-0.72272
-11.9729	-1.59073
-9.40558	-1.82678
-8.49501	-0.406159
-9.88179	-2.33308
-10.7027	0.43227
-9.61795	-2.73185
-10.0986	-0.567813
-7.70463	0.543919
-9.28099	-2.20199
-8.22838	1.60221
-10.0038	-1.0681
-8.98111	-2.76533
-10.9072	-2.78015
-9.04159	0.849301
-11.4137	-0.904593
-10.6917	-1.09708
-11.9358	-2.66148
-9.50152	-0.435252
-10.7218	-0.645982
-10.4303	-1.08363
-11.3238	-1.43675
-11.3925	-0.0904614
-10.9986	-1.07528
-11.1214	-0.756177
-9.04066	-1.48524
-9.5807	-0.612542
-9.29617	-0.937708
-9.39265	-0.794771
-10.8304	-0.518934
-8.7079	-2.71716
-9.4973	-0.889259
-11.8565	-1.71687
-9.91385	-1.92976
-9.82848	-1.25823
-10.0505	0.784286
-11.2227	-0.987482
-8.18526	-1.30752
-9.71252	-0.949376
-11.9581	1.02895
-9.20111	-0.621122
-10.0348	-1.79832
-10.1813	-2.44991
-10.7037	-1.90766
-9.61945	-1.47997
-7.09389	-3.14356
-11.5559	0.0712209
-11.5399	-0.816103
-9.55539	-1.32919
-8.31502	-1.37299
-10.1113	-1.90623
-9.3576	-2.69513
-10.6751	-1.26689
-11.0794	-0.204532
-9.94851	-0.918533
-8.26267	-0.561908
-12.261	-0.771505
-10.8579	-0.6824
-9.4154	-2.55301
-9.90153	-1.7976
-8.51471	-0.724873
-9.47796	-1.94873
-10.237	-1.32571
-10.8516	-1.82615
-10.7339	0.0270742
-10.5513	0.20433
-10.823	3.52208
-11.3461	-2.06381
-10.1507	-1.0412
-10.6681	-1.21483
-10.7461	-1.62865
-8.74161	-0.189796
-9.77631	-0.725112
-9.99061	-1.54758
-10.0621	-2.42883
-9.55896	-0.966441
-9.30395	-2.15365
-10.4635	-0.13561
-11.8396	-2.22453
-11.5878	0.421766
-10.8202	-0.0332808
-11.5485	0.105123
-10.7119	-1.80432
-9.02894	-1.73509
-9.64245	-0.0637157
-7.44507	-1.59813
-9.14381	-1.39013
-9.66666	-2.06605
-9.57306	-0.910499
-9.006	-0.572975
-9.10077	-3.02597
2.49975	14.3953
-8.93423	1.29842
-7.52581	-3.16036
-11.0944	-2.73272
-12.0357	-1.78525
-10.3262	-0.106709
-11.9884	0.266809
-9.75249	-0.275821
-10.8213	-1.49229
-10.1642	-2.92199
-9.2887	-2.15877
-11.8613	-1.55053
-11.0982	-0.0283736
-8.42926	-1.96264
-10.4803	-0.875622
-11.0007	-0.358586
-10.1493	-1.75823
-10.2865	0.0933488
-10.5628	0.288941
-9.93291	0.653024
-7.36987	-1.6835
-11.5847	0.570666
-11.8143	-1.05802
-10.0106	-2.12614
-8.96672	0.43551
-9.72616	-2.20295
-10.5041	-2.60321
-9.29164	-2.40354
-11.0242	-0.660335
-9.76617	-0.497553
-9.50935	-2.83163
-9.28488	-1.48075
-6.85809	-1.68399
-11.933	0.205106
-8.6387	-0.979568
-10.8397	-0.0515633
-7.11607	-0.479505
-9.41199	-1.50066
-8.64587	0.52714
-10.9085	-0.666715
-11.2142	-0.707463
-7.69934	-0.890945
-9.76122	-1.92905
-11.3955	-0.474211
-10.0082	-0.656847
-8.91559	-2.96246
-10.5105	-1.12484
-11.0288	1.51343
-10.3982	-2.80061
-10.6378	-1.80029
-9.29683	-2.45761
-11.833	-0.162567
-12.028	-0.0719543
-9.67263	-2.41485
-10.6221	-0.778266
-10.4012	1.50469
-10.5718	0.125422
-8.94441	-2.98028
-10.1141	-1.34933
-9.21925	0.0042873
-10.4141	0.431127
-12.0586	-0.525623
-8.61979	-1.68931
-10.4062	-1.5314
-9.62913	0.463868
-10.3692	-0.175537
-8.96137	-0.357325
-11.4972	0.437615
-9.11261	0.718701
-10.4535	-2.84336
-7.77297	-2.05831
-9.62497	-1.55402
-11.2107	-1.31918
-11.7024	-2.3347
-10.1261	-2.67143
-11.7822	-1.46357
-9.12485	0.0370789
-9.58606	-3.0719
-10.9505	-0.395083
-11.7146	-2.38378
-9.4198	-0.486805
-10.2137	-1.43469
-8.81125	-0.800024
-9.85888	-0.416908
-10.3831	-1.52385
-9.00133	-0.44091
-11.7532	-1.12841
-9.5021	-0.521536
-9.89981	0.616779
-10.0191	0.107607
-11.8273	-0.04312
-8.09151	-0.791116
-10.9883	-1.38173
-8.33824	-4.32288
-9.19094	-0.0909506
-11.1945	-1.63547
-7.39408	-0.192198
-9.48963	-0.289395
-9.92935	0.474419
-10.8261	-3.00033
-10.29	-0.507193
-10.0185	-1.07008
-9.82626	-0.493655
-11.8271	-1.65269
-8.98827	1.84559
-9.97848	0.948002
-9.28803	-1.71101
-10.6609	0.0758235
-9.02691	-1.00519
-12.127	-0.63392
-10.873	-0.993774
-11.135	0.0910109
-9.76053	-2.66639
-9.23377	-0.256352
-9.85012	0.207146
-8.93252	0.0328009
-8.10952	-0.0620861
-9.06657	-1.92711
-10.2478	-0.0455982
-9.63109	-0.214235
-10.5345	-1.67736
-11.8881	-2.04975
-9.59181	-1.13002
-8.27494	-0.345857
-9.72877	-0.738109
-8.48474	-1.71561
-9.51196	0.65779
-11.989	0.0232131
-10.5005	-1.93385
0.825736	4.51492
-11.4572	-1.25143
-9.75008	-0.522593
-9.93883	0.377981
-9.88138	-0.166294
-10.047	-0.51977
-8.23607	-0.391937
-10.2023	-1.65689
-11.1024	-2.32859
-7.88427	-1.64205
-7.57273	-1.8398
-9.82717	-2.95856
-8.65046	-0.656722
-9.75243	-2.16129
-10.7771	-0.670973
-9.70948	-1.42405
-8.97151	1.09452
-11.5334	2.37433
-10.1888	-1.69668
-9.48882	-1.11169
-11.4664	-1.11235
-9.41708	-1.33383
-11.123	0.914001
-11.722	-2.22955
-11.825	-1.89502
-10.1273	-2.11089
-10.3742	-1.21611
-9.933	-0.344306
-9.18245	-0.175408
-9.25033	-0.733564
-11.9822	-0.448802
-10.8619	-1.31911
-9.46218	-1.32972
-9.59221	-1.98303
-9.90444	0.28493
-10.5207	0.770756
-11.4177	-0.638011
-8.17452	-2.05427
-10.4005	-0.0491287
-9.66574	-0.866421
-9.39425	-1.44398
-9.87561	-1.00678
-10.612	0.140844
-10.0038	-2.6457
-9.81098	-2.44051
-12.1301	-1.48685
-11.0877	-0.507246
-8.45994	-3.58111
-9.93329	-1.61655
-9.64755	-1.45568
-11.1265	0.283965
-9.61333	-2.59221
-11.6238	0.737938
-8.13715	-1.78287
-9.75413	-1.08598
-10.3546	-1.64712
-9.63874	-0.311908
-10.1725	-0.165738
-9.58507	0.15189
-10.8872	-1.89515
-10.9011	-1.14677
-10.4396	-2.88972
-9.76102	-1.53293
-10.3077	-1.95025
-9.78066	-0.9846
-10.6387	-2.95689
-9.8837	-1.14359
-10.611	-2.50157
-10.0529	-2.16125
-9.57801	-1.39866
-10.6628	-0.747918
-11.4123	0.0865137
-9.09209	-1.67932
-9.29152	-1.58077
-9.67228	-1.09846
-9.30745	1.19451
-9.71068	-0.365973
-11.9812	-1.66253
-9.53881	-1.56402
-10.6104	1.08794
-8.70197	-3.15554
-9.92691	0.744769
-9.28025	-0.47589
-10.6248	-1.215
-10.6478	-2.15476
-9.36329	-1.10021
-9.10744	-0.697099
-9.44874	0.742291
-10.6089	-1.03657
-10.019	0.0223601
-7.25781	-0.751255
-11.0991	-0.308411
-7.53854	-5.99267
-8.24719	-2.26783
-11.4695	-1.01942
-7.97098	-1.98255
-8.61446	-2.50805
-9.62208	-1.35156
-7.77396	-3.41095
-11.3719	-1.79546
-11.6545	-1.34537
-11.2739	-0.283252
-9.84579	-1.46798
-11.7452	0.713188
-9.68197	-1.05203
-10.0431	-1.81096
-10.4577	-2.18313
-10.4602	-2.39201
-8.67664	-2.41054
-9.8719	0.196803
-9.32819	-0.419971
-9.69683	-0.493733
-10.1443	0.405041
-11.5703	-0.244308
-11.0371	2.14603
-9.19786	-1.25843
-10.7726	-2.46818
-9.47567	-1.52065
-9.82316	-1.0181
-11.7616	-1.44771
-8.28758	0.966309
-10.0123	-1.7419
-10.7948	-1.72491
-10.4799	-2.16397
-12.0784	1.02948
-10.8474	-0.803442
-11.0424	0.504529
-4.23764	-6.5012
-8.77588	-2.44436
-11.0922	-1.46954
-11.5419	-2.59944
-7.18814	-3.31755
-11.3272	-0.692326
-10.507	0.459555
-9.16123	0.521033
-11.1139	0.623264
-11.399	0.780301
-10.3145	-0.84613
-10.248	-0.363939
-9.73111	-0.33584
-11.272	-1.49483
-10.8793	-1.50293
-11.9919	-2.13676
-8.87543	-1.5223
-10.3939	0.0453726
-11.1948	-1.44726
-9.00015	-2.51858
-8.12578	-0.0980285
-11.1554	0.259909
-9.28383	-2.71902
-9.24002	-1.83259
-8.45352	-0.767542
-11.4986	2.13312
-11.6961	-2.08105
-10.9136	-1.6801
-9.31251	-0.623334
-8.58007	-1.18547
-10.32	-2.77182
-8.92885	0.023649
-9.61262	-1.50485
-9.69363	-1.17834
-10.6735	0.796206
-7.46624	-0.0577399
-11.4373	-1.43635
-11.7936	0.230225
-8.01737	-2.40898
-9.34257	-1.81731
-8.70461	-2.33668
-11.4369	0.335338
-9.37378	-1.07969
-11.9494	-1.11017
-11.9145	-2.13106
-9.89407	-3.20038
-10.0474	-1.01608
-10.036	-0.811762
-9.69829	-0.0629627
-11.31	-0.738053
-10.6948	-0.31585
-9.16361	-0.0523928
-11.9077	-1.7442
-9.59827	-2.43103
-9.52613	-1.83711
-10.0638	-2.4222
5.3623	6.12258
-11.526	-0.310476
-10.8647	-1.80665
-8.73307	-0.455008
-11.704	-1.00475
-9.93935	-0.919845
-8.67471	-0.484194
-11.7694	-2.59622
-9.34478	-1.19191
-10.0399	-3.13167
5.33945	6.59725
-9.31471	-0.972018
-10.5806	-1.22177
-10.002	-1.89122
-10.1276	-1.16618
-7.8189	-1.08653
-12.0968	-1.59511
-10.66	-0.519701
-10.9764	0.0561853
-10.2909	-0.182674
-9.75193	-1.2366
-9.91559	-0.171706
-10.2721	-2.28199
-10.2962	-2.25594
-8.49537	0.92391
-10.0998	-1.14146
-9.8614	-0.834939
-11.0305	-0.244803
-9.25913	-1.75812
-11.5469	-0.316379
-9.26672	-2.174
-10.0999	-0.0358211
-8.37019	-2.90967
-9.68095	-0.71552
-9.62898	-3.16492
-11.0134	-2.86571
-11.1716	-0.717047
-10.75	0.270524
-11.6616	-0.551968
-10.5567	1.67335
-10.5591	-2.07976
-11.4977	-0.773127
-10.7511	-0.560438
-11.1636	-0.810092
-8.60835	-2.94214
-9.94303	-0.169576
-10.0586	-0.899312
-7.47539	-2.4845
-9.90019	-0.779478
-11.2455	-2.75326
-8.27833	-0.984435
-9.13428	-1.18932
-10.7735	-2.71909
-8.61826	-1.98946
-9.95299	-1.36278
-8.49234	-1.53021
-8.53634	-1.08878
-4.15702	5.7735
-9.47982	0.075649
-10.1575	-2.9734
-11.3507	-0.56627
-10.68	-2.0731
-11.3426	-0.982474
-8.36886	-0.30088
-10.212	-1.25114
-8.40887	-3.7096
-8.6005	-1.39658
-10.94	0.723538
-8.51951	0.353594
-10.535	-1.55099
-9.09698	-0.299945
-9.78543	-1.136
-9.49739	-1.24737
-8.78395	-1.09955
-10.1481	-3.05608
-9.4936	-2.75222
-7.16859	0.813645
-9.52483	-0.0206346
-7.22717	-0.720337
-9.22505	-0.666657
-10.3495	0.159915
-11.019	-1.32865
-10.989	-0.474594
-10.7068	-1.73043
-11.8129	-2.14952
-9.21778	-0.0964691
-10.0336	-0.785072
-10.5967	-2.38008
-9.85153	-2.23523
-10.0764	-1.77171
-11.8626	-2.33975
-10.3668	-1.87773
-8.20243	-1.20706
-9.58075	-0.373282
-11.8254	-0.404517
-7.33788	-5.07879
-9.44811	-0.0535166
-10.4678	-2.16984
-10.6358	-3.04389
-8.41291	-1.91847
-11.6004	-0.720787
-11.4494	-2.00911
-6.89483	-9.00727
-8.76799	-2.67596
-9.54127	-1.64802
-11.003	-0.619694
-10.7411	0.406519
-9.72079	-2.00138
-10.6775	-0.260187
-9.0335	-0.360492
-11.7838	-1.58775
-10.4581	0.123704
-9.79298	-1.43582
-10.9864	-0.289815
-10.8468	-1.62696
-8.79044	0.077421
-10.5573	-1.02569
-9.88716	-1.38486
-9.25606	-1.28864
-5.05611	-8.2003
-10.012	1.20676
-8.01439	-0.361444
-8.91193	-1.21978
-9.20686	-0.298546
-10.821	-2.21999
-10.876	-0.835155
-10.1378	-0.409342
-9.74982	-1.15275
-10.7643	-0.655642
-9.84703	0.446048
-10.2018	0.790677
-9.65293	-0.310036
-9.83607	-0.269769
-9.84092	0.42491
-9.33596	-0.605656
-9.08865	-0.557075
-10.8333	-2.03454
-8.3526	-1.71879
-11.0721	0.274415
-10.63	-2.07354
-9.96355	1.7471
-10.4498	-2.31548
-11.691	-0.604166
-9.55432	-0.916203
-11.6475	-0.520044
-9.23483	-1.65935
-11.2523	-1.6539
-11.6212	-2.5358
-10.6747	0.352686
-9.05735	-2.67847
-9.54491	-2.42162
-10.6808	-1.08698
-10.9806	-1.31375
-10.1325	-1.42727
-11.2787	-0.835126
-9.14321	-2.46872
-10.1336	-1.0634
-11.5227	-1.40709
-10.6419	-1.18456
-11.6397	-0.850254
-9.97422	-1.66077
-10.8645	-1.3615
-7.37054	-0.891992
-10.37	0.361497
-7.94248	-0.241859
-9.30226	-0.611258
-7.79265	-2.45536
-10.0514	-1.98561
-11.5504	-2.3204
-10.123	-0.946711
-9.3059	-0.53761
-9.45713	-1.18338
-10.3767	-1.96841
-9.97375	-0.745597
-9.78491	-1.33419
-9.83131	0.146281
-10.3783	-2.66793
-11.7377	-0.59276
-10.8779	-2.28541
-9.77112	-1.71985
-11.5238	0.0723464
-8.52511	-0.839755
-9.40612	0.428297
-9.50996	-1.45059
-10.2657	-1.77609
-11.412	1.29403
-10.1111	-1.82732
-9.25157	-1.73203
-11.5034	-0.515765
-9.16249	-2.17998
-9.05819	1.81091
-9.91561	0.859391
-8.17545	-2.19672
-8.46764	-2.95524
-10.7747	-2.15442
-11.5118	-2.35282
-9.92756	-0.175313
-8.99023	-1.47886
-11.9343	-1.95346
-10.386	-0.196081
-9.44585	-1.92445
-10.0668	-0.372894
-9.07813	-0.058449
-9.70066	-1.3385
-9.82506	-0.307881
-11.5974	-0.537313
-11.9078	-1.97127
-9.71461	0.80958
-11.4808	-0.242595
-9.26897	-2.1629
-8.52299	0.206601
-8.03952	-2.67206
-11.4966	-1.60332
-11.6668	-1.51564
-8.79552	-1.46991
-9.391	-1.95937
-8.8466	-1.57904
-11.8284	-2.48436
-10.1495	-0.579513
-10.3918	-2.83537
-8.35329	-1.33643
-9.96479	-1.20524
-9.41275	-0.149291
-11.0703	1.92529
-9.50266	0.502477
-8.83487	-2.61608
-8.92374	-0.335989
-9.66189	-1.81574
-10.005	-1.28689
-11.5038	0.349327
-9.60625	-3.03222
-9.70142	-0.748435
-10.3105	-1.31215
-9.81498	-1.53388
-9.89669	-1.56268
-9.55739	-2.15295
-7.33542	0.364352
-8.83989	-2.75762
-9.83364	-0.383873
-10.9338	-2.58776
-11.1103	-0.555413
-10.2644	-2.80688
-10.7061	-1.48322
-10.1827	-2.19544
-11.2998	-0.221082
-10.3025	-2.09852
-11.8032	1.17279
-9.57277	-2.4407
-8.28906	-0.0628714
-9.36847	-1.17532
-10.6399	-0.475665
-11.4534	-0.757491
-11.1051	-1.33127
-10.1231	0.37776
-7.09384	-2.53323
-8.86827	-0.169183
-11.4045	0.0863472
-10.2792	0.809738
-11.946	-2.10789
-11.1431	-1.48605
-11.3753	0.52961
-11.6095	-0.392452
-9.01152	-1.97811
-10.1049	1.61343
-9.13782	0.0423551
-10.665	-2.96284
-8.81076	-0.498907
-11.7238	-1.8596
-9.66176	-1.73762
-10.9881	-2.16047
-9.96726	-0.968338
-10.2539	1.7645
-9.77245	1.24741
-9.89575	-0.629921
-9.99767	-1.80268
-8.0568	-2.85239
-8.10014	-0.487164
-7.98614	-0.238548
-10.7674	-1.15188
-10.0547	-0.759595
-9.66878	-2.43999
-10.9054	-2.72852
-8.88652	1.47336
-9.15698	-2.78369
-11.1862	0.459333
-11.636	-1.55091
-10.7044	-1.58702
-8.0289	2.05286
-9.57862	-1.97731
-11.8068	-0.261626
-11.079	-1.67616
-9.10128	-2.61812
-11.5506	-0.629051
-9.31185	-0.508485
-9.90788	-0.0066868
-10.4032	-2.76122
-10.3367	-0.0966532
-9.03154	-1.13986
-10.3064	-2.79383
-10.4176	-2.91425
-11.1928	-0.879876
-9.53982	-0.555674
-10.023	-0.345498
-10.0274	0.0625725
-9.46529	-1.36595
-11.2691	-1.13083
-11.0863	-1.04599
-11.4688	-2.70367
-8.7377	-0.274165
-10.5501	-0.5906
-10.9987	-0.262633
-10.3015	-1.19381
-10.0465	-1.4069
-9.35098	0.654939
-10.7179	-0.0247975
-11.1455	-1.06484
-9.37147	-1.20353
-11.5256	0.894459
-12.0854	-2.90422
-9.82086	0.151233
-10.2793	-2.35198
-10.9797	-1.71651
-10.6398	-1.02992
-10.3946	-1.98442
-10.7327	-2.00243
-11.5322	-0.503514
-11.2786	-0.802407
-12.0179	-1.95457
-9.85656	-1.02279
-10.5972	-1.18547
-8.67209	-1.83175
-11.9076	-2.10598
-9.00167	-0.864223
4.22629	2.61656
-7.73575	4.02052
-8.83011	-1.6629
-9.83103	-1.40635
-10.9076	-2.03624
-8.99315	-0.286643
-10.068	-2.40559
-9.84192	-0.498349
-11.4348	-0.355346
-8.12029	-1.54434
-8.54111	1.19
-9.14317	0.541366
-11.4548	-0.459593
-11.5769	-0.801716
-9.46964	-0.861184
-11.0353	-0.304905
-11.9037	-1.4415
-12.0749	-2.17045
-11.8782	-0.709447
-11.6897	-2.37549
-10.8527	-0.635131
-11.9699	-1.40713
-9.82764	-1.75879
-11.231	2.38404
-10.3232	-1.51045
-9.53697	-1.61377
-11.9631	-0.98978
-10.0735	-2.19092
-10.5624	-0.00366105
-10.5104	-2.95335
-8.54501	-3.16486
-8.45875	0.578636
-11.1142	-0.935654
-10.1025	-0.992487
-11.6705	-2.51224
-11.483	-0.365478
-10.0869	-0.619496
-8.82258	-1.18137
-9.53946	-1.28134
-12.0167	-1.19564
-8.53048	-2.21695
-8.7819	0.60155
-11.4419	-0.0539185
-9.98565	-2.30434
-8.41521	-0.771909
-1.34263	1.04201
-11.0088	-1.59206
-11.5832	-0.820024
-9.31232	-1.85499
-8.9663	-0.256741
-9.9855	-1.40148
-9.85375	-2.53403
-9.4394	-0.885138
-9.9023	0.764462
-9.5959	0.0334692
-9.04539	-2.11841
-10.0191	0.42446
-9.62967	-1.02409
-7.57602	0.692237
-7.88707	-1.80598
-10.0012	-1.03934
-11.7813	0.373547
-9.91885	-0.555353
-10.9314	-2.96254
-11.8341	-1.35932
-9.14425	-0.645963
-9.59446	-0.646267
-10.8905	-0.536069
-9.8619	-1.61958
-10.2943	-1.76348
-10.023	-2.42241
-10.7835	-1.27567
-9.67269	-1.2986
-9.549	-0.359693
-9.10872	0.166711
-9.36234	-0.929606
-7.50497	-2.89555
-11.7019	-1.05534
-9.49545	-0.137248
-10.759	-1.10237
-8.78397	-0.475587
-9.77122	-0.382469
-10.4115	-1.16427
-9.05495	-2.20409
-12.015	-0.359604
-9.93255	-0.294606
-9.09589	-2.17767
-9.26667	-0.803539
-10.5929	0.172763
-8.60278	-0.256069
-10.0149	-2.50463
-11.4091	-0.747745
-8.78882	-0.0220664
-9.5943	-0.818434
-10.1183	0.940112
-11.0987	-0.926358
-9.57286	0.679824
-7.62084	0.804254
-10.8024	-0.886471
-10.997	0.394871
-3.9356	-1.77775
-8.00016	-7.59329
-9.6017	-1.87509
-11.4467	1.11398
-10.4741	0.139724
-9.47413	-1.4888
-11.6956	-0.532374
-11.0618	-1.27174
-9.96824	-2.5788
-10.0891	-1.99701
-8.70596	-0.890341
-6.69241	-1.20948
-10.632	-1.73823
-10.4655	-0.417637
-10.3799	0.305181
-9.83138	-0.682135
-11.8802	0.0778267
-9.57962	-2.64303
-9.33744	-1.00549
-10.2799	-1.66637
-7.05069	0.853226
-9.96681	-0.150137
-10.4649	-0.0512175
-11.4788	-0.595071
-9.70796	-0.341786
-10.3076	1.40827
-11.1241	-1.78049
-9.22035	-1.31039
-11.7964	-1.49637
-11.4245	-0.743904
-9.6443	-0.326136
-10.3803	-1.21164
-10.0194	0.0322384
-10.9135	-1.51731
-8.0577	-2.01525
-10.5208	-1.52545
-10.3775	-2.31659
-9.04319	-2.02609
-10.0186	-0.275657
-7.54302	-0.490622
-8.39694	-2.10809
-8.53977	-3.5907
-11.3663	-3.0417
-10.5315	1.12447
-11.7192	-0.446024
-10.0608	-1.95577
-10.6466	-2.41245
-5.33245	-5.03933
-10.0212	-0.339333
-9.76302	-0.65614
-9.96397	-1.30741
-10.4551	-0.61504
-9.92157	0.397008
-9.95608	-1.8085
-9.89	-1.11333
-11.0845	-2.38321
-11.5095	0.863486
-9.04877	-1.64616
-10.5547	0.806449
-12.0467	-0.59446
-10.1721	-2.91473
-10.3605	0.187468
-10.094	-0.939821
-9.22792	-1.03373
-11.7088	-0.953615
-9.0968	-1.49304
-8.58551	-2.62441
-10.1859	0.58462
-10.9275	-1.04682
-9.64626	-0.260298
-9.65848	-2.79823
-11.0261	-0.406662
-10.2242	-1.89154
-8.29322	-1.97106
-9.32536	-0.126532
-9.79018	-0.170403
-11.8229	-0.376664
-9.07405	-2.03034
-9.67945	0.463347
-8.24885	0.0654695
-11.7488	-1.71118
-7.51938	-1.67843
-11.5781	-2.11414
-10.0543	-1.87389
-10.1767	-0.900986
-9.54373	-2.60782
-9.02662	-2.07211
-10.7335	-0.548847
-10.7421	1.25031
-9.45198	-2.54106
-11.1969	0.275818
-9.65545	-0.250371
-10.4554	-1.03058
-11.6019	-0.262631
-9.21928	-0.701595
-7.94886	-0.687037
-8.93897	-1.47729
-7.60787	0.142625
-10.9045	-0.566423
-9.83461	-1.50866
-10.3566	-0.502831
-11.5861	-3.00003
-9.2667	0.247864
-9.29576	0.0127506
-11.6714	0.104955
-9.29463	1.41958
-11.2992	-1.54117
-11.8819	-2.86919
-9.16888	-1.85647
-8.46185	0.0905692
-10.6491	-0.559927
-8.43542	-2.17473
-10.7522	-2.24864
-9.72642	-1.02434
-10.251	0.604363
-7.72391	0.176378
-10.6092	1.04947
-9.3515	-2.27744
-9.8165	0.540667
-10.5478	-1.52475
-9.13884	-1.77679
-9.59675	-1.76229
-3.65815	-3.2523
-10.813	-0.774242
-11.5289	-1.25006
-12.1004	-1.36805
-9.77848	-1.29777
-9.07934	-1.64919
-7.56374	-2.08749
-10.6605	0.34584
-11.9522	-1.59778
-9.70924	-2.21802
-10.1872	-1.16087
-9.24137	-3.02379
-9.83523	-0.797058
-8.5802	-2.21839
-11.6798	-0.0537519
-11.3871	0.694841
-11.2531	0.334023
-11.3763	0.278626
-10.8569	-1.44306
-10.356	0.472639
-9.38675	-2.59004
-11.984	-1.65065
-10.4879	-1.32679
-9.81059	-0.219232
-9.98097	-0.167483
-9.73776	-2.53332
-9.3063	-1.45546
-9.10987	-2.31653
-9.747	-0.675341
-9.39701	-0.276621
-12.1246	-1.29929
-8.66984	-1.71957
-10.6761	-1.5355
-11.4983	-1.27069
-11.6149	-0.117674
-10.1153	-1.03489
-9.33877	-1.86792
-9.17445	0.474039
-12.0145	-2.25067
-9.18298	-2.64683
-9.9098	-1.34082
-9.6599	-2.2204
-11.5262	-1.7476
-10.7032	-0.313639
-11.2754	-2.36828
-8.65136	-2.25959
-10.3974	-0.219895
-9.20058	-2.5476
-8.6786	-5.56796
-8.35645	0.161594
-10.7865	-2.41299
-7.7685	-0.377428
-8.72271	0.517541
-10.2339	-1.98584
-11.3926	-1.89386
-9.19375	-0.44002
-10.3875	0.336427
-11.1984	-1.76382
-9.18254	-1.67261
-8.88969	-1.50914
-11.1273	-0.591496
-11.6081	-0.776908
-12.1192	-0.0127142
-8.88348	-0.919821
-10.1543	-0.431754
-8.36431	-0.122184
-11.0435	-2.25599
-8.95234	0.347098
-9.15884	0.135021
-11.6908	-0.577261
-11.7045	-0.0359267
-11.78	-1.60698
-8.95456	-2.38936
-11.4693	-0.61695
-1.74006	-9.58029
-10.8336	-0.75192
-10.4542	-0.733945
-8.30205	-2.30578
-11.8336	-0.437684
-11.1891	-1.28338
-11.5893	-0.468368
-9.43175	-0.241005
-6.8289	-2.75589
-8.91594	-1.5569
-11.1804	-2.99032
-11.088	-0.135624
-11.5625	0.0551924
-8.17968	0.091918
-9.9079	-1.6867
-10.5609	-1.07521
-11.866	-3.29287
-10.9105	-0.679912
-10.2106	0.440689
-8.84953	-0.532469
-11.7275	-0.906948
-8.89908	-2.02205
-10.4591	-0.36929
-8.84668	-0.976041
-11.4186	-3.09736
-10.4635	-2.17268
-9.21401	-1.62019
-11.7022	-1.70587
-8.25668	-0.673918
-9.47108	-0.484879
-9.27349	-2.29557
-8.01158	-3.25586
-9.4408	-1.05671
-9.04162	-2.28479
-11.4721	-1.75889
-10.9246	-0.67836
-8.1455	0.104743
-8.66373	-0.616746
-11.9465	-0.313155
-9.97902	-0.65054
-10.3257	0.836744
-11.9423	-2.26345
-11.5405	-0.183046
-9.65689	-2.94742
-9.5568	-2.11963
-10.3473	-2.86326
-7.27269	-3.07739
-11.7114	-2.15948
-10.8747	-1.68113
-10.1748	-1.54819
-10.6535	-0.250389
-11.7902	-2.69691
-9.75422	0.631199
-11.9172	-0.0721408
-9.69938	-1.18958
-10.6774	-2.19625
-7.31406	-1.9518
-10.3415	-0.553985
-10.7821	0.464063
-11.1017	-0.404163
-9.72175	-1.47754
-11.2747	-1.85512
-10.0735	-0.138329
-9.68356	-2.74747
-11.8897	-0.628036
-11.8303	-1.98114
-9.95462	-2.83499
-10.9284	-1.66689
-9.02741	-1.22685
-11.9721	0.461941
-10.1091	1.06328
-9.33588	-0.88901
-10.5986	-1.21549
-9.86451	-0.970871
-10.3756	0.160225
-11.6446	-0.442541
-11.6675	-1.84826
-9.05954	-0.32368
-9.92885	-2.44372
-9.47368	-0.799852
-8.86236	0.319799
-11.4739	-1.03342
-10.6465	-2.77505
-9.71217	-2.25661
-10.3808	-1.44892
-11.0833	-2.26438
-11.378	-0.690624
-9.87943	-2.48962
-9.97614	-2.78976
-8.65125	-2.23665
-10.6464	-3.07609
-10.9955	1.93986
-9.46667	-1.57134
-10.1147	-1.97334
-10.523	-0.449889
-9.92874	1.02324
-10.5703	-2.54668
-9.97669	-0.11422
-7.44596	-1.11116
-10.5356	-1.09323
-9.25988	-0.321393
-8.47918	-0.85112
-11.4012	-0.829328
-11.8599	-1.44043
-9.82505	-0.564661
-7.80404	-1.44782
-10.2621	-0.288948
-10.9685	0.0964279
-9.89	-2.88069
-9.38825	-0.758661
-9.33509	-0.507139
-9.31969	0.675792
-11.447	-2.30072
-5.05277	0.600363
-12.1168	-1.624
-11.6122	-0.258278
-9.36453	-1.06182
-10.3591	-1.1837
-8.96143	-2.49682
-10.0835	1.01285
-10.6129	-0.452168
-10.4841	-1.89729
-11.3243	-0.467625
-11.3598	-0.350063
-11.1368	-2.33198
-8.24274	-2.64109
-10.4681	-1.64119
-11.3327	-3.07241
-9.74543	-0.732606
-11.8731	-2.41933
-10.468	-0.523832
-10.4719	-0.202227
-9.48386	-2.01924
-9.76372	-0.576974
-10.6628	-1.36386
-11.8637	1.13644
-8.59757	-1.40467
-7.02465	-3.03517
-10.4996	-0.0258447
-11.7271	0.554213
-9.74818	-2.86962
-11.8215	-0.223068
-10.0194	-0.995476
-10.2186	1.14006
-9.96547	-1.12751
-7.85491	-2.01892
-10.1582	-0.079485
-9.69444	-0.4421
-9.73322	-2.38594
-7.81323	0.887639
-11.1695	-1.53105
-10.9915	1.36597
-10.9075	-0.551682
-11.9939	-1.41101
-11.1691	-0.0705882
-9.58575	-1.29724
-8.94546	-1.67379
-9.61986	-2.66476
-8.84675	-0.161937
-8.9462	-0.229155
-7.76849	-2.20376
-9.19735	-1.72093
-10.0924	-2.89456
-10.935	-1.20031
-10.2545	-2.12495
-11.0404	-1.81037
-6.5072	-1.6126
-10.5622	-2.77045
-8.03968	-1.28709
-10.2878	-2.12662
-10.7841	-0.424983
-10.8322	-1.05749
-10.4005	-2.0122
-9.9491	-0.344885
-8.03826	-2.62961
-9.39152	-1.08609
-7.0895	-0.952051
-11.4708	-0.0472042
-10.5366	-2.99162
-10.8087	0.0903008
-11.7796	-1.27243
-9.89496	-2.75478
-10.0246	-2.32275
-11.8324	-1.56165
-10.5307	-0.808105
-10.6907	0.126842
-6.41287	4.42592
-9.90689	-0.547608
-9.89955	-2.00874
-10.5129	-3.18537
-11.0097	-1.4714
-8.68144	-0.799356
-9.63878	-1.13626
-11.9541	-0.650097
-9.98513	-1.53152
-11.0144	-3.20922
-9.26602	-1.50317
-10.572	-2.5082
-9.1049	-2.61321
-9.50772	-1.22248
-10.9134	-2.2665
-9.38671	-0.403879
-9.85581	-1.81977
-10.2803	-1.02207
-11.7992	-0.31673
-10.9959	0.205473
-10.7884	-0.468443
-9.97362	-1.12078
-9.41206	-1.40096
-9.07554	-0.841368
-10.4328	-2.74737
-8.76057	-1.54924
-9.43231	0.182701
-10.6975	-2.00564
-11.2637	-0.876567
-11.0725	-0.659131
-11.2539	0.650787
-11.8654	-1.18362
-9.34271	-0.40046
-9.16932	-1.24383
-8.72376	-1.81237
-10.7903	-1.73369
-11.3921	-1.20536
-10.8158	-1.69894
-10.7729	-0.248207
-7.99037	-1.26313
-11.3787	-1.01039
-11.0452	-1.73107
-11.3582	-3.03317
-11.0963	-2.1776
-9.74625	-0.923849
-10.971	-0.541725
-9.90971	-1.89559
-10.3397	-1.21798
-10.5425	-1.00063
-10.0623	2.26735
-11.8455	-1.79647
-8.67987	-2.20201
-9.22603	-2.07439
-9.23232	-0.83647
-10.1914	-0.791463
-9.53487	-0.670485
-10.494	-0.129772
-9.95449	-1.10785
-8.09333	-1.41648
-8.71308	-0.411857
-8.26995	-2.74615
-11.6442	-0.116365
-8.95337	-1.62931
-9.25348	-2.16727
-4.15644	-3.00066
-10.0555	1.31873
-10.1506	-2.3745
-8.33265	0.774411
-10.0917	-0.92586
-10.2957	-1.94063
-10.5608	-2.67688
-9.7125	-0.90675
-10.1238	-0.532238
-9.74184	-1.43445
-11.2267	-1.53241
-11.6603	-2.62148
-9.78865	-1.29856
-8.95639	0.308101
-9.1886	-0.813493
-9.64114	-0.435864
-11.4319	-1.36435
-11.3642	0.0254754
-10.3469	0.470849
-10.3593	1.63731
-9.46217	-1.02367
-9.64423	-1.70222
-9.91384	0.057272
-10.8606	-1.03191
-12.0487	-1.82178
-10.8821	-2.84899
-11.8881	-0.326603
-11.1222	-1.02049
-11.9006	-1.07418
-10.0006	0.345755
-10.0989	-1.27743
-9.43934	-2.11277
-11.4243	-1.07755
-11.0927	-2.74145
-8.47916	0.71412
-11.5057	0.736123
-8.3649	0.238112
-11.0746	-0.490866
-10.2341	2.2126
-8.73296	-0.740662
-4.91064	1.82359
-8.15193	-1.80512
-11.4922	-0.397443
-8.84189	-1.64402
-11.9961	-1.10823
-9.13323	-1.71728
-10.6324	-1.20929
-10.4118	-1.38613
-10.0054	-0.54342
-8.33697	-1.07049
-12.2028	-2.72876
-8.33895	-0.610613
-11.4736	-1.2682
-11.0187	-1.46272
-10.0247	0.247264
-11.4299	-1.38377
-9.59205	-2.74394
-9.58035	-1.54112
-10.448	-2.19854
-8.2465	-3.18146
-9.46085	-2.98409
-10.1493	-1.83141
-8.86428	-0.941891
-9.36523	-2.46904
-10.5891	0.622684
-10.5201	-0.507348
-7.47033	-0.143329
-11.0973	-2.47247
-9.3555	0.175821
-9.38099	-2.28649
-9.23138	-1.29922
-9.0326	-0.387107
-10.6168	-3.12608
-10.7953	0.0823875
-8.81642	-1.4182
-9.43491	-2.67085
-9.75129	-0.428862
-10.8067	-2.66454
-7.68208	-1.32011
-10.1958	-2.63496
-11.8991	-2.797
-9.82631	-1.76943
-9.74764	-1.92626
-9.78555	0.945403
-9.9305	-1.00301
-10.913	-1.54584
-11.779	-0.558642
-9.25303	1.86322
-9.99701	-2.9739
-8.80141	-0.074299
-9.84993	-0.0901355
-9.03315	-0.541731
-9.17611	-1.85442
-7.84922	-3.53664
-11.344	-2.39461
-8.55211	-0.747149
-10.9135	-0.273604
-11.536	-0.353515
-9.57749	-0.516565
-10.6946	-2.02842
-10.2809	-2.97784
-10.6712	-1.84047
-11.4803	-0.791436
-9.07066	-2.67264
-8.94125	-2.0264
-11.6325	-0.156545
-11.4459	-1.57788
-10.7172	0.0418368
-10.631	-1.72048
-10.7801	-0.262314
-10.1861	-1.54371
-11.5449	-1.20228
-11.2277	-0.371866
-10.9244	-0.406257
-10.5697	-0.492054
-11.4474	-2.34528
-11.5075	-1.76985
-9.34117	-1.26316
-11.5098	-0.821197
-8.21211	-2.30422
-10.8482	-0.0376154
-9.46244	-1.40168
-10.2841	-1.98406
-10.5999	0.849708
-11.2527	-1.17359
-11.5107	-0.611077
-9.35914	-0.646502
-10.9436	-2.64848
-8.31525	-0.29602
-11.4428	0.286395
-11.8727	-2.40583
-10.2245	-2.99545
-11.5473	-1.83092
-10.1125	4.21875
-10.5253	-0.867797
-9.91879	-1.27951
-9.77765	-1.42089
-8.50223	1.20473
-8.70328	-2.08201
-9.76869	-0.726699
-11.1194	-0.367988
-11.0946	-1.66693
-12.0595	5.69924
-8.63419	-1.17509
-11.3763	-2.22023
-7.70716	-2.48827
-9.23865	-2.55588
-10.7709	-1.185
-8.82678	-2.63804
-10.1044	-0.509161
-11.082	1.76947
-10.8975	0.185762
-8.98749	-0.0171817
-8.80724	-1.35692
-10.335	-1.41658
-11.0878	0.0244708
-9.68515	-0.410885
-11.0282	-0.837775
-10.8011	-0.801025
-7.88251	-0.810934
-9.48836	-0.323178
-11.5979	-1.60422
-11.27	-2.90485
-9.68789	-0.896577
-11.2166	-2.97749
-9.80924	-0.969689
-10.819	-1.34723
-11.517	-2.96449
-11.2801	-1.55679
-8.4467	0.694383
-8.82061	4.17499
-8.77811	-1.07058
-8.1028	-1.03488
-9.71215	0.198645
-9.09459	-0.571793
-9.00924	-2.55048
-11.8461	-3.17257
-10.2646	-0.994406
-12.0143	-1.50685
-10.2964	-0.606982
-9.531	-2.05646
-11.7601	-0.422025
-10.9295	-2.53518
-9.33169	-0.119754
-9.43833	-2.18496
-5.505	0.152959
-10.7126	-0.229007
-8.69498	-1.86494
-11.8716	-1.54337
-9.84138	-1.7046
-10.2565	-2.38198
-11.8255	-2.14398
-9.75325	-1.94276
-10.2055	-0.030086
-10.8803	-2.36628
-10.8239	-2.81457
-11.6057	-0.232985
-8.42981	-1.53228
-9.68406	-2.97787
-10.8753	-0.759267
-11.1409	0.191309
-10.2821	-2.20613
-11.1302	-0.155671
-8.43952	-0.933078
-10.4854	-2.44812
-9.18024	-2.36684
-11.1928	-0.990623
-11.6496	-0.0739795
-10.6998	-1.89719
-10.6099	-0.978235
-10.8904	-3.05578
-10.2116	-0.603717
-9.37741	-2.73862
-9.8363	0.149987
-10.9168	-2.94892
-10.21	-2.7485
-9.64427	0.462493
-9.29951	-0.781534
-9.36654	-1.50762
-11.4304	-0.999907
-11.1265	-0.368448
-8.60562	-4.52297
-10.0472	0.940264
-9.67088	-0.366398
-11.6037	0.870065
-11.1606	-0.317774
-8.71525	-1.26803
-10.8464	-1.56526
-9.7874	6.77501
-10.529	-0.912434
-11.8112	1.04876
-10.2437	-0.933142
-10.1505	-1.20823
-11.1676	-0.945605
-10.729	0.563162
-10.1652	-2.23168
-9.73948	0.222352
-11.8458	-0.908764
-12.1266	0.252577
-8.9245	-1.82541
-10.8792	-1.23356
-8.25983	-0.0290814
-11.9369	-1.16529
-9.48192	1.53489
-8.52765	-2.5764
-10.2477	0.14575
-9.79172	-1.24577
-10.4119	-1.50548
-10.7288	-1.77645
-9.8815	-1.61913
-9.42374	-2.18245
-9.58556	-1.46586
-11.252	-3.07475
-10.1603	-0.481134
-9.27923	-1.43028
-10.0453	-0.0570749
-10.3708	-2.70628
-9.70008	-1.92398
-9.92952	-0.138525
-9.7931	-2.68099
-9.9606	-1.44937
-10.0564	-1.21767
-9.59797	-2.31846
-10.2601	-1.85983
-9.79158	-2.70156
-10.4446	-1.36928
-8.91514	-1.53996
-9.55795	-1.41379
-9.29117	-1.22137
-10.1867	-1.12367
-12.1767	0.0535019
-11.3728	-1.40235
-12.186	-2.5193
-10.6546	-1.38974
-10.9454	-0.976808
-9.22329	-0.524218
-5.81648	1.27877
-8.91072	-1.60037
-8.05993	-0.525579
-11.1607	0.482728
-9.13735	-2.10002
-10.861	0.373386
-11.0852	0.306375
-9.03719	-1.79195
-8.46704	-0.960443
-11.6403	-2.70395
-9.97876	-1.64316
-8.6213	-0.778914
-10.6908	-0.0821576
-9.37273	-0.161035
-5.99557	-4.88779
-9.5383	-0.82124
-9.02573	-0.119769
-9.43309	-0.490001
-11.3637	-2.71762
-9.2441	-1.26684
-11.9568	-0.89384
-11.312	-2.23007
-10.2974	-0.341998
-10.4886	-2.23502
-9.54038	0.966418
-11.8787	-1.11823
-7.48893	0.652219
-7.42789	-3.09964
-10.4975	0.863689
-9.97002	-0.8582
-7.73184	0.555342
-9.27852	0.238813
-10.1464	-2.10423
-10.4524	1.0592
-9.93831	-0.936975
-9.72519	-2.73792
-10.5743	-1.83895
-10.2006	-1.24973
-11.5361	-1.39815
-10.3801	-3.09634
-9.30679	-1.1731
-10.2065	-0.914323
-11.3476	-2.28061
-9.84813	-0.409465
-8.86738	-0.719573
-10.5808	-2.06824
-8.5291	-2.25431
-12.147	-2.77325
-11.5962	-2.09732
-10.9375	-0.244485
-10.6072	1.42298
-11.0061	-2.45953
-9.19999	-1.16873
-9.67063	-0.452397
-10.6083	-1.729
-9.47266	-0.545265
-11.4086	-2.0977
-9.35006	-0.493015
-10.095	-1.81826
-11.0998	-0.38772
-10.7724	-1.83205
-6.21343	0.662443
-8.62048	-1.4404
-9.29918	-0.981651
-9.45009	1.72558
-10.1008	-0.277176
-9.056	-2.61494
-10.2793	-2.15506
-9.58454	-1.26606
-10.1103	-0.0508942
-9.70839	-0.637244
-9.02266	0.665908
-7.04966	-6.14076
-11.3483	-1.39276
-7.83367	-2.75566
-8.30561	-0.397138
-11.7118	-1.7664
-11.6886	-1.30452
-9.6954	0.927773
-11.5232	-0.274671
-10.8835	-0.62855
-9.71935	0.0250619
-8.12978	-2.07808
-9.76572	-0.264382
-10.979	-0.000148623
-8.01889	0.314908
-10.0239	-1.67734
-10.7653	0.536809
-9.59232	-0.947029
-8.99909	0.0410309
-10.9545	-2.95387
-9.32131	-2.28656
-10.7473	-1.56854
-9.82824	0.804333
-9.01444	-1.75918
-9.47869	-2.03991
-10.0666	-1.13465
-9.5607	0.664006
-9.36062	-2.17367
-8.70858	-2.40149
-8.97598	0.371286
-10.3546	-0.711596
-9.42321	-0.235759
-11.7327	-0.852041
-10.7643	-0.932844
-5.83309	1.3506
-9.58295	-0.901224
-9.3084	-0.968592
-10.7235	-1.2007
-11.4589	-1.08045
-9.6974	-2.18729
-10.186	-2.47024
-10.8943	-2.52108
-7.78963	-0.23791
-11.8703	0.379349
-11.0527	0.22778
-11.9796	-0.592695
-9.95367	0.503192
-10.2068	-1.25432
-10.7152	-1.97494
-10.8972	-0.940628
-9.78893	-0.426154
-8.17376	-1.56901
-8.54403	-1.32716
-9.66371	-1.70364
-10.0919	-1.55884
-6.48246	1.24047
-8.99032	0.446073
-9.48273	-2.02298
-9.27496	-2.46733
-8.32933	-2.63026
-9.76674	-1.99845
-9.14169	2.15459
-9.6575	-0.988064
-10.7636	-1.21133
-10.5932	-0.131255
-9.53375	0.000192772
-10.228	-1.24564
-10.072	-0.947996
-9.80846	-1.61993
-11.3015	-1.53363
-9.9143	-1.98697
-10.7844	-2.99634
-9.74894	-1.62544
-8.59115	-1.00939
-7.60883	-1.66253
-10.1994	-0.459279
-9.59233	-2.49323
-11.7139	-0.568481
-10.9025	-0.765323
-8.7853	-1.81896
-9.28668	-1.09065
-11.7134	-0.187539
-9.43332	-1.81434
-10.7892	-2.18141
-10.6651	-0.797043
-10.9718	-2.74516
-3.09777	-9.92884
-9.90522	-2.43666
-11.2692	-1.58256
-9.68244	-1.91938
-9.45896	-1.13389
-9.48309	-0.893201
-8.5832	1.20914
-8.60159	-1.74302
-10.3518	-0.992564
-9.35535	-1.67662
-9.06988	-2.26092
-10.471	-1.65083
-9.60648	-0.663726
-10.5115	-1.61474
-8.57955	-1.6202
-9.17179	-0.443188
-9.44852	-2.48772
-10.8817	0.160794
-8.72174	0.048731
-10.1344	1.29972
-8.08743	-1.37999
-10.0377	0.362305
-11.6144	-0.56423
-11.2204	-0.647725
-11.1142	-1.229
-7.50614	-1.46858
-11.0993	-2.19536
-11.3699	-0.704252
-10.1124	-1.06795
-7.20261	-5.09037
-8.81582	-1.32981
-9.45583	0.163084
-9.09617	-0.198397
-9.24214	-0.544484
-11.1376	-2.60738
-11.7567	-0.995888
-10.494	-0.494711
-8.90367	-2.27107
-11.9619	1.29013
-11.3195	-1.46069
-8.65626	0.478059
-8.97554	-2.60704
-10.495	-1.89313
-12.0442	-0.541578
-10.1846	-0.746474
-9.7459	-1.61717
-8.37788	-0.124714
-9.5832	-1.39177
-10.3855	-1.37871
-10.2849	-0.77055
-11.5599	-0.0649404
-11.3738	-0.812294
-10.5399	-0.389934
-11.1173	-2.44193
-10.3379	-1.12232
-11.3157	-0.825017
-10.3441	-0.6389
-11.392	2.33838
-10.8729	-0.205982
-11.2941	-0.0418239
-11.2071	-0.913748
-8.60393	-0.0131754
-11.6439	-1.59225
-8.67498	-0.407246
-11.3243	-1.16928
-10.4357	-0.18396
-9.92836	-0.676974
-11.2517	-0.857219
-9.09841	-0.511787
-10.7728	-2.08801
-11.9952	0.547438
-9.93447	-0.731155
-10.5942	-2.28254
-10.1517	-1.75758
-10.6833	-2.15657
-8.93805	-2.78591
-11.916	-1.51486
-9.17915	-1.95502
-8.00925	-2.19865
-9.26577	-0.618286
-10.8311	-0.551141
-8.89281	-2.39179
-8.91491	-2.94362
-10.7899	-1.60252
-9.51043	-1.91512
-11.9722	-0.146108
-9.48503	-2.4696
-10.7573	-1.01601
-8.46056	-1.43441
-9.96053	-0.144007
-10.5965	-0.142272
-10.5996	-0.515142
-11.5864	-0.425175
-8.73369	-2.41324
-9.56643	-1.06416
-8.55919	-1.79238
-9.85477	-3.00836
-10.7497	-2.17944
-10.938	-2.14388
-9.35734	-1.74492
-8.84251	-0.621228
-10.0083	1.86525
-9.99789	0.328247
-8.85655	-1.38493
-9.93704	-2.69937
-11.1306	-2.26225
-9.22259	-0.91644
-9.34308	0.69948
-9.24559	-2.21784
-9.22356	-0.468099
-9.35548	0.737596
-7.3607	-2.6533
-11.5222	-1.22859
-7.68775	-2.18904
-11.8565	-1.6857
-11.6477	-2.10131
-10.1877	-1.27388
-9.4975	-1.29319
-11.6601	-2.42461
-9.88884	-1.71724
-12.014	-1.32561
-6.70019	-1.47213
-9.69919	-1.9725
-11.1787	-0.198339
-9.24945	-2.47792
-11.4374	0.104884
-9.22253	-0.821692
-8.12561	-1.62296
-10.0132	-1.19709
-9.78341	-2.26007
-9.55067	-0.579025
-10.478	-1.367
-10.6017	-1.29147
-11.3158	-0.266093
-10.6545	-1.69175
-9.05114	-1.40263
-9.72403	0.724808
-8.86889	-1.46989
-9.73033	-0.0969476
-11.6622	-1.87687
-11.7744	-2.09108
-9.9976	-1.55544
-7.38293	-3.86301
-11.0419	-0.890576
-9.85901	-2.18043
-8.74428	-0.742077
-10.9772	-3.05163
-9.87056	-1.39251
-7.408	-1.44356
-9.21912	0.95099
-11.3172	-1.46778
-9.16292	0.742783
-9.5341	-1.2123
-8.40836	-1.24377
-9.21095	-0.74444
-10.8121	-2.83259
-5.88836	-0.269356
-9.19957	0.292689
-11.5968	0.402617
-10.5035	-2.3093
-9.55929	-0.125436
-10.7745	0.544153
-8.37675	-1.86491
-12.1811	1.41741
-9.9168	-0.606257
-10.3853	0.459111
-10.7225	-0.376232
-11.0064	-1.39866
-9.72441	-0.939315
-10.4544	-2.23424
-11.7445	-0.823573
-10.4262	-0.749408
-11.3565	-1.89548
-10.1157	-1.04563
-9.66237	-0.77088
-10.5995	-0.831916
-11.8099	-1.31429
-10.7709	-0.469225
-11.24	-2.37938
-10.7164	0.516046
-11.6598	-0.385156
-9.35501	0.752753
-8.61066	-2.84872
-9.16844	-2.36585
-11.9653	0.902396
-9.79205	-0.48481
-11.3079	0.993753
-10.0281	-1.59452
-8.76051	-0.0531508
-10.5509	-1.5904
-9.5503	-1.49366
-10.7444	-2.22795
-9.81039	-0.940732
-9.38256	-1.57036
-9.96016	-1.99147
-11.4855	-1.79956
-8.73718	-1.25116
-11.3517	-2.5108
-11.3854	-0.646254
-9.64712	-0.209185
-11.2845	-0.388759
-11.5179	6.31058
-8.92363	-0.852129
-9.38393	-2.37445
-9.74146	-1.5686
-9.46129	-1.62674
-10.8532	-0.255812
-9.61174	-1.90788
-12.0863	-2.58593
-11.9644	0.320496
-10.136	-2.59326
-11.4577	-0.424002
-9.45031	-0.376225
-11.4078	0.00956744
-10.5819	-2.30843
-11.1103	-2.08953
-10.6396	-0.74399
-8.96294	0.680792
-9.33899	-0.567257
-9.90238	-2.94901
-11.2397	-1.99976
-7.67361	-1.15767
-11.965	0.352576
-7.86513	-0.855853
-8.60287	-1.26036
-11.3741	-0.64348
-6.3657	-2.43585
-8.8813	-0.71089
-10.3595	-1.65525
-9.27953	-1.17066
-10.6344	-0.818634
-9.36384	-1.06905
-10.3341	-2.10883
-9.6301	-2.55043
-10.942	-0.268706
-10.4677	-3.11833
-9.61022	-1.01944
-11.9171	-1.51243
-9.76707	-2.31758
-8.28564	-0.88111
-9.44293	-2.67261
-10.4981	0.15085
-10.2392	-0.90901
-9.12861	-2.19506
-7.21324	-1.60587
-10.5141	-2.86888
-10.0721	-1.17417
-11.032	-2.71321
-8.55383	-1.89395
-8.86012	-3.12445
-9.38312	-1.70564
-9.45609	0.356171
-10.0263	-2.68666
-10.2428	-1.9321
-9.44286	-0.0170955
-11.0073	-2.62135
-10.8237	-3.18069
-8.09775	-4.83135
-11.8061	-1.07625
-11.3447	-2.70101
-10.2199	-3.04028
-9.22247	0.0281599
-11.4004	-1.31057
-10.4525	-2.77144
-9.65137	-2.59032
-10.3158	-1.33211
-9.03507	0.48959
-11.7714	-0.944452
-9.22136	-0.858166
-10.015	-2.81596
-11.4988	-1.01842
-8.95138	-2.22079
-9.45318	-2.12338
-8.97686	-3.38298
-8.6896	-1.65536
-11.4527	-0.653225
-10.4694	-1.29457
-10.0279	-1.47115
-9.81949	-0.288772
-8.74697	-0.433211
-10.6664	-2.49448
-10.665	-2.41549
-11.1556	-0.10599
-11.7352	-1.80753
-11.1384	-2.35332
-10.3969	0.183547
-10.2452	-1.71192
-9.41667	-1.86128
-9.6547	-0.706837
-11.7787	-2.60759
-10.1208	-1.42661
-11.3523	-0.46643
-9.7667	-1.31176
-10.2246	-1.57451
-10.2359	-0.455864
-8.5318	-3.67968
-9.68899	-1.602
-8.36038	0.23298
-7.07629	-1.92933
-9.69412	-0.713714
-8.35947	-1.90814
-10.1725	-1.2034
-9.44218	-0.628433
-11.0169	-0.118229
-10.5077	-0.665185
-8.52649	-0.362361
-9.97656	-0.786758
-9.46442	-0.785031
-11.1331	-1.52972
-8.9821	-0.597704
-5.05273	-1.94669
-9.48557	-1.18049
-10.6607	0.445726
-11.7038	-1.34722
-11.2564	-3.1536
-11.4386	-0.323276
-9.05343	-0.819711
-9.87046	-0.272024
-10.156	-1.09087
-11.5124	-1.42128
-11.0566	-2.59699
-11.1316	-1.38036
-10.1917	-0.569166
-9.38526	-1.45339
-10.8914	-1.19374
-10.598	-2.72441
-8.93252	-2.20936
-9.93333	-1.69846
-9.01897	-1.96036
-10.3094	-0.674158
-7.68726	-3.2428
-9.13063	-1.95705
-9.5641	0.308656
-8.745	-2.11498
-11.0431	0.438461
-11.8555	-1.57784
-7.94169	-2.07468
-10.3786	-0.765683
-9.69129	-1.38931
-9.34407	-2.01219
-10.8209	0.270196
-11.7647	-2.79354
-10.597	-0.844698
-10.0703	-2.04124
-11.1665	0.455047
-2.8372	7.60276
-9.02114	-1.3344
-10.2933	0.150826
-9.86538	0.466133
-9.18718	-2.19969
-11.156	0.826501
-8.93825	-1.66669
-9.43208	-1.3294
-9.80518	-0.551187
-9.47029	-0.0511514
-11.1462	-0.549238
-9.0524	-2.89628
-10.4037	-1.19583
-10.356	-1.64939
-3.71342	-3.9336
-8.86805	-0.535269
-11.1932	-1.30442
-8.11643	-0.34368
-9.59834	-2.39659
-9.42082	-2.39898
-11.4876	-1.53027
-10.641	-2.00479
-11.3008	-0.17219
-10.0669	-1.74837
-8.67101	-0.593095
-10.7414	-1.30906
-10.6654	-0.208099
-7.88985	0.34944
-10.2682	-1.56834
-10.8128	-0.0826712
-9.23936	-0.404127
-9.46489	-1.08485
-11.9519	1.23666
-6.69031	-0.869836
-11.6491	-0.939775
-10.9919	-2.83153
-9.31363	-1.26418
-9.29292	-0.831078
-10.9183	-0.506669
-9.98068	-0.202619
-7.12783	-2.43235
-10.1244	-1.41121
-10.0992	-1.03012
-9.47458	1.09826
-11.5013	0.449638
-11.9347	1.5569
-10.2717	-0.619924
-9.97588	-0.554635
-8.80763	-3.32006
-11.028	-0.751636
-10.0476	0.403551
-10.7213	-2.25622
-9.47099	-1.44594
-8.86953	-1.73046
-9.90806	-0.847228
-8.9581	-0.226271
-8.40423	-1.27048
-8.81091	-0.0890849
-9.79089	-1.62144
-10.9463	-0.541239
-11.7311	1.69034
-9.27669	-2.54615
-8.39291	-1.79834
-10.4613	-0.243095
-9.44854	-3.08371
-9.03216	0.611936
-9.52743	-2.7696
-10.4307	-1.665
-9.05575	-0.976226
-8.40019	-1.60721
-9.46761	-2.93524
-9.38131	-0.784816
-11.7087	-1.217
-10.8617	-1.43825
-7.88867	-0.705691
-9.22234	-0.613322
-11.8465	-1.94832
-10.0995	-0.735957
-9.48966	-2.54406
-11.2607	-2.38702
-9.34399	-0.399198
-10.4506	-1.15793
-10.7337	0.418855
-6.83987	-2.72453
-10.1647	0.832443
-9.31906	-0.160592
-11.5531	-2.7856
-10.2638	0.746164
-9.13063	-0.839985
-11.3186	-2.66373
-11.2836	-2.61769
-11.2729	0.268969
-10.896	-0.146395
-9.98936	-1.01362
-9.33184	-1.15318
-9.18525	-0.370925
-8.0749	-0.0538319
-11.1164	-2.90838
-11.591	-2.55506
-9.38503	-1.75229
-10.6457	2.0979
-8.32701	0.233019
-11.3195	0.853379
-10.7475	-1.6013
-10.8181	-0.615845
-8.64782	-1.48611
-8.30463	0.0241654
-11.5179	-2.18999
-11.0178	0.479079
-9.90474	0.0948887
-5.51792	-13.2687
-10.789	1.33275
-5.29108	5.87556
-11.6854	-0.150956
-8.94287	-0.666614
-11.9152	-1.65406
-10.778	-1.81494
-9.25081	0.0559945
-10.6661	-2.19697
-8.82167	0.422513
-11.9205	-1.13024
-9.98832	1.0062
-10.7206	0.154198
-8.74138	-1.56003
-10.3154	-0.790854
-9.14381	-2.45576
-9.08506	-2.30487
-8.80329	-3.6647
-9.833	0.235807
-9.94061	-2.20992
-5.6389	-6.16227
-7.38224	0.144676
-8.50655	-0.763072
-10.9103	0.0823478
-11.7716	-2.32378
-11.646	1.28036
-12.0107	-0.995
-8.95755	-1.10318
-9.99384	1.39527
-10.0427	0.565909
-11.084	-2.49012
-10.8323	0.700768
-8.69731	-1.30012
-11.5934	-2.19091
-8.56827	1.03804
-8.53257	-2.26967
-9.42581	-0.880703
-7.81973	-0.688949
-8.82466	-0.211008
-8.40803	-2.67311
-9.1538	0.0183114
-7.53944	-2.77779
-10.2437	-0.351392
-9.69641	-1.91751
-10.8504	-2.11484
-9.5157	-1.54581
-9.02621	-2.40982
-10.12	-2.55919
-9.87278	-2.27634
-10.5871	0.0145849
-8.45774	-1.62286
-9.69371	-1.07555
-9.07261	-1.80591
-9.25166	-1.02055
-8.96557	-2.88132
-11.3004	-2.96957
-10.3884	-1.00401
-10.376	-0.699526
-9.43908	-0.0619001
-10.2392	-2.09697
-9.03259	1.27813
-12.0586	-2.80708
-9.64946	-2.80382
-10.8022	-1.98823
-9.38834	-0.628395
-7.01136	-1.91135
-6.67533	1.31332
-10.1127	-1.13524
-11.1052	-0.867138
-8.47077	0.924576
-8.81541	-2.63325
-10.8319	-2.18132
-11.9291	-1.57531
-10.9549	-0.480369
-9.633	-0.976126
-9.31001	-1.36005
-8.84822	-0.0864651
-10.1009	-0.661792
-10.1921	-1.40816
-9.90148	-2.38989
-10.443	-2.07024
-11.4701	-2.21542
-11.6619	0.308975
-8.92126	1.27411
-10.0648	-0.256609
-10.1443	0.861473
-7.843	-0.718385
-9.30916	-0.41598
-8.67275	-1.58817
-6.17269	-3.3973
-9.91419	-0.675735
-9.95276	-1.56663
-11.2033	-0.499213
-9.4201	-1.05108
-11.4019	1.04856
-8.6812	-0.242389
-9.63475	-1.98706
-11.5549	-2.85529
-9.18334	-1.65814
-10.8864	-1.17664
-10.7246	-1.41263
-7.51358	-1.60359
-10.261	-1.94498
-10.2744	-2.59169
-10.9585	-1.18955
-9.82867	-1.15084
-8.95526	-1.98554
-9.91793	-1.57887
-9.40632	0.301587
-8.02852	-0.495999
-8.01329	-2.90347
-9.4878	0.41954
-10.1726	-0.627068
-9.84009	0.0793083
-10.0063	0.899493
-9.19557	-0.612986
-8.34104	-1.32819
-11.7688	-1.20496
-10.9053	-0.999753
-9.8852	-1.34157
-10.6832	-2.40897
-10.0171	-1.3775
-7.8817	-0.0935269
-10.058	-1.45727
-10.0813	-0.0976159
-9.24951	-0.206138
-11.0518	0.502689
-10.6638	0.204779
-5.10853	-1.6492
-9.80441	1.36384
-9.62997	-1.47869
-10.9298	-1.47149
-9.55019	0.707323
-12.2144	-0.0793836
-6.62293	1.84933
-9.32604	-1.34456
-10.3279	0.743808
-9.99808	-1.84732
-8.75323	-1.48611
-8.43733	2.38494
-8.83998	-3.11806
-7.37429	-1.35913
-9.43935	-1.50337
-9.88134	-1.47862
-9.19274	-0.888909
-9.19795	-2.92738
-10.907	2.2434
-11.6836	-0.27968
-9.658	-0.366833
-10.4138	-1.32732
-8.49887	-1.25717
-9.91965	-0.495793
-11.6775	-0.614951
-8.10268	-2.80843
-9.64904	-1.64673
-10.5475	-0.17037
-5.97648	-0.150075
-9.41812	-1.41861
-8.75958	-1.64953
-7.50223	2.06717
-8.32927	-2.68023
-9.19201	0.000696007
-10.3138	0.210775
-8.9047	-1.64886
-8.98556	-0.348607
-10.4266	-0.521898
-11.3797	-1.78838
-10.3261	-0.403652
-11.1484	-1.19812
-9.81894	-2.30041
-11.4878	-1.76547
-9.33226	0.858644
-9.72124	0.505571
-10.3853	-0.728826
-10.4039	-1.44967
-10.1435	-2.32764
-9.66968	-0.0560327
-9.52412	-0.143582
-9.5638	-2.50445
-9.77129	-1.70509
-10.496	-0.962804
-7.97791	-1.47017
-10.5833	-0.791274
-9.93021	-0.686354
-10.5172	-2.73411
-12.1954	-0.0643112
-10.6611	0.700947
-8.82895	-0.961323
-11.0836	-2.66861
-9.27565	-2.80375
-9.02495	-0.0470047
-11.4458	-1.9748
-8.49735	-0.172227
-9.66045	-2.93265
-11.7533	-0.78839
-10.389	-2.24148
-10.1106	0.507445
-10.8088	-0.944183
-10.3469	0.704149
-10.4386	-1.33446
-8.97565	-1.90617
-10.5101	-1.90785
-9.59671	-3.11562
-10.7806	-0.640997
-10.1691	-0.550112
-10.7361	0.306436
-11.3254	-1.74928
-11.2938	1.36375
-11.35	7.77022
-12.0325	0.721535
-8.8861	-1.80346
-8.75078	-1.58069
-10.2417	-0.633359
-9.10263	-2.11448
-9.57514	-1.8068
-9.08569	-1.41138
-9.18731	-1.59398
-8.79323	-1.90715
-10.6077	-0.708547
-10.0541	-0.0690335
-8.94389	-2.82346
-10.8083	-1.38765
-12.1795	-0.556499
-9.51628	-0.809329
-9.95251	-1.59282
-11.0412	-0.765871
-11.1882	-0.0513141
-9.38677	-1.26065
-10.5034	-2.72557
-9.97241	-0.671604
-11.2616	-1.51152
-4.77848	-0.495765
-11.1359	-1.28442
-9.38267	-1.57166
-10.159	-2.85241
-9.52378	-1.02946
-9.19504	9.58713
-9.64004	-1.37486
-9.66878	-0.769616
-9.7412	-1.5525
-9.02458	-1.45532
-7.99331	-1.89331
-9.25964	-0.23668
-9.55223	-0.316255
-11.0353	-1.7298
-10.9939	-1.38563
-11.0327	-1.68091
-10.8262	-0.553714
-10.1202	-2.39369
-7.88528	-0.511612
-11.873	1.46439
-9.37119	0.0517153
-9.88537	-1.1891
-7.82888	-0.11202
-10.3739	-1.20697
-9.0509	-3.02675
-9.70202	-0.612348
-10.6717	-2.7426
-12.0016	-1.47816
-10.2314	-1.68342
-11.6148	-1.83613
-8.66617	-2.17174
-12.3413	-0.255224
-10.4942	-3.17095
-10.6181	-0.628564
-11.6605	-0.385507
-8.94013	-1.11732
-10.797	-1.20157
-8.86926	-0.729815
-9.25362	-2.2236
-9.71142	-1.00198
-11.186	-2.40714
-9.82454	-1.49535
-10.2199	-1.01356
-9.30981	-1.35399
-8.85988	-1.33919
-9.78848	-0.267508
-11.3064	-1.48099
-11.5473	-2.56938
-9.77573	-0.362883
-11.0848	-0.428501
-9.8879	-0.155491
-9.05003	0.252626
-9.06713	0.840587
-11.9453	-0.534205
-7.73331	-1.57926
-9.67659	-1.36503
-8.25775	-2.4571
-9.2832	1.21676
-9.28495	-2.85322
-9.41046	-2.19453
-9.74849	-0.37856
-10.2432	-1.62455
-10.4799	-1.62672
-10.4468	-2.05065
-11.5181	-1.55349
-8.44708	-0.823347
-8.58688	-2.09486
-10.6847	-1.31444
-10.3346	-1.62913
-10.065	-0.247457
-9.23842	-0.351744
-11.1154	0.23582
-8.45377	-4.6716
-11.9417	-2.73877
-8.0059	0.32026
-8.98331	-1.50738
-10.4458	0.0399873
-10.5959	0.65315
-9.19482	-1.96278
-11.3031	-2.36196
-11.3418	-2.40548
-9.3443	-0.275277
-10.177	-0.85787
-10.1342	-1.14677
-11.1986	-0.852322
-12.0487	-0.552851
-9.99563	-0.785085
-9.27388	0.169582
-9.90493	-0.194856
-9.32591	-0.703846
-10.0136	-1.58145
-7.41064	-1.21875
-9.17563	-0.926258
-11.2134	-1.75575
-11.7885	-1.75561
-10.8359	-2.06952
-10.5746	-0.783447
-11.7424	-1.94528
-8.58605	-0.488333
-10.0298	-1.14294
-11.3367	-1.0713
-9.44015	-0.80471
-7.92058	-2.0874
-10.6406	0.0366976
-10.3768	-0.549933
-9.90753	-0.442167
-10.4717	-3.04586
-9.17205	-0.999534
-11.7318	-2.31818
-9.94778	-1.70913
-9.0295	-1.17996
-9.3266	-2.35989
-11.3283	0.306904
-9.20465	0.521154
-11.1447	0.0529039
-10.6319	-0.665941
-8.94262	-0.717875
-9.42109	-0.30981
-9.21887	-0.620641
-9.45956	-0.637998
-11.8273	0.226493
-10.7152	-0.112369
-11.5585	-1.40141
-10.8518	0.441366
-8.22301	0.891719
-9.4113	0.260354
-10.224	-2.99397
-10.3255	-1.40962
-9.95812	-0.240469
-9.34549	-2.22894
-9.84377	-0.61929
-10.9597	-2.89742
-10.098	-1.42285
-11.5275	-0.469616
-9.36526	-0.157725
-9.02964	-2.57431
-11.1708	-0.168622
-11.3821	0.687154
-10.7069	-0.528389
-8.51005	-2.33944
-10.4655	-2.0249
-8.96825	-2.76509
-11.2993	-0.543297
-9.82103	-0.685149
-7.85454	-0.208725
-10.3306	-0.453745
-9.34605	0.635407
-9.71897	-0.3543
-10.0449	0.147962
-9.42251	-0.62456
-9.62855	-0.276992
-9.57329	-1.13043
-8.80698	-2.51433
-8.71687	-3.34258
-11.0496	-0.344541
-12.0985	-2.27536
-11.5041	-2.59362
-8.91829	-2.89455
-10.3779	-0.810728
-7.908	0.990179
-10.0026	-2.37668
-9.2071	-0.762901
-9.26198	-1.16857
-9.02561	-1.42761
-10.6762	-2.01821
-10.5807	-2.20899
-11.2216	-0.188187
-11.9334	-0.958899
-8.7013	-0.136474
-10.9301	-1.28619
-11.7971	-0.0761884
-7.09988	-5.06343
-9.10549	-1.15777
-10.5234	-2.68975
-8.16607	-0.498945
-8.86984	-1.36818
-8.76288	-0.685475
-10.5677	-2.03766
-9.60848	0.109303
-11.5688	-0.487062
-10.1058	-2.04225
-8.82985	-0.952331
-11.6475	0.371377
-9.11954	-2.61111
-10.9207	-0.178512
-11.8194	-2.31675
-9.56418	-1.38682
-10.2086	-0.655011
-11.1203	-0.977045
-12.1658	-0.676733
-11.9428	-2.4997
-8.86798	-0.378199
-9.54354	-0.575968
-9.35453	-1.62523
-9.5567	1.31485
-11.3254	-2.02997
-11.2151	-1.15267
-9.45353	-0.873589
-10.1442	-1.98107
-11.3267	-1.07678
-10.5046	0.303845
-11.1559	-1.14944
-10.604	0.0609214
-9.61338	-2.27544
-9.50049	0.143533
-11.5458	-0.0138848
-9.4717	0.775023
-9.87168	-1.70227
-9.52904	-0.79557
-9.78246	-0.588695
-9.58411	-1.98271
-10.9146	-2.30503
-11.5274	-0.0924469
-8.68506	-1.74319
-10.4672	0.160759
-9.09202	-2.21986
-9.40947	-1.41187
-11.2212	-2.85194
-10.8562	-0.28438
-10.5013	0.349465
-11.0579	-2.55031
-9.82116	-1.06368
-10.2322	-0.166138
-8.87927	0.747708
-9.89179	0.114337
-10.9841	-1.75759
-9.12768	1.59764
-9.27595	-1.71597
-10.1629	-1.16873
-9.5276	-2.63929
-10.0667	-0.334297
-8.60024	-0.823275
-10.8165	-0.0187407
-11.1354	-2.62418
-12.0862	-0.921411
-9.83707	-2.07597
-10.0184	-1.29897
-10.849	-1.05993
-8.97409	-2.98834
-9.11292	-0.0779257
-10.4493	-0.824034
-11.3162	-0.72709
-11.8526	-0.513793
-9.06187	-2.066
-8.70912	-0.452721
-11.4123	-2.72738
-10.4869	-0.0981383
-9.48552	-1.3613
-9.64579	-2.91576
-9.92255	-0.478849
-10.4993	-2.43528
-8.74536	0.126726
-10.1442	-1.96378
-9.64755	0.540452
-9.67435	-1.14709
-11.4227	-0.26682
-11.6851	-0.634191
-10.238	-0.799006
-10.3419	-1.48732
-9.31201	-1.45878
-12.0111	-0.513508
-11.0502	-1.17162
-11.1616	0.874614
-11.9924	-0.628996
-10.4804	-0.972139
-12.0685	-0.69684
-8.7201	-2.99226
-10.0827	-2.04753
-10.312	-1.53489
-8.03055	0.656969
-11.5811	-1.14626
-11.2617	0.155349
-10.8041	-0.969179
-10.4487	-2.88424
-10.5749	0.0271932
-8.6086	1.00833
-10.9565	-0.2645
-10.24	0.555011
-6.37576	-1.22212
-11.1912	-2.87256
-10.1541	-1.70581
-8.20421	-0.242576
-10.2319	-1.97416
-10.1704	-1.09634
-10.6115	-0.849226
-9.71466	-0.925525
-9.41381	-0.316467
-9.11928	0.316342
-9.58341	-2.61877
-11.6711	-0.295718
-10.795	-0.678891
-10.5813	1.13068
-9.40499	-1.62483
-11.2364	-2.3195
-9.8598	-2.31295
-8.88652	-0.565078
-9.31684	-0.166484
-9.34146	-0.167025
-10.1095	-1.17159
-9.13542	-1.35971
-8.11542	-0.80419
-10.9215	-2.76452
-11.9777	-1.7459
-11.7653	-1.67406
-9.75985	-2.54565
-9.5091	-2.65451
-11.5936	-2.13258
-11.8901	-0.168962
-9.08179	-2.98159
-9.575	-1.05499
-9.58936	-0.580674
-10.2077	-0.235681
-9.03066	-2.14206
-9.47799	-1.2144
-11.1849	0.457787
-11.8645	-1.34166
-9.04437	-1.86988
-9.72889	-1.57752
-9.21599	0.717711
-10.9941	-2.83507
-9.12377	-1.31326
-8.92831	-1.66612
-10.0702	-0.924182
-8.36879	-1.03076
-8.67177	-2.57536
-12.1872	-1.91896
-9.70968	0.588615
-9.40406	-1.67472
-7.80573	-0.565927
-10.2084	-1.7179
-11.3178	-0.430718
-8.9003	-2.72232
-11.6299	-0.49297
-7.80566	-1.38234
-9.45836	-0.475128
-10.7246	1.06406
-10.1469	-0.650569
-11.1119	-2.01953
-9.35552	-1.79312
-9.98419	-1.62622
-9.58387	0.0858899
-9.40724	-1.02202
-10.5986	-0.384121
-10.3819	-1.90561
-10.235	-1.8567
-8.90965	0.342947
-11.1618	-2.44866
-10.1452	-1.8548
-9.45791	-2.60932
-10.73	-0.371625
-10.4118	-0.589224
-10.343	13.7954
-11.9916	-1.8778
-9.47229	0.383776
-11.5344	-1.38692
-9.80007	-0.928858
-10.4285	-0.882849
-8.98868	-2.05641
-8.81322	0.468636
-11.0489	0.335017
-11.2214	-0.0021655
-10.4725	-0.561496
-9.14092	-0.999335
-11.2474	-0.505492
-10.6556	-1.09006
-10.6291	-1.94122
-10.0486	-0.736189
-11.956	0.0357547
-10.6025	-0.548687
-10.2985	-1.44662
-10.9581	-1.93347
-9.03766	-1.15655
-10.5669	-1.515
-9.18095	-2.7939
-8.74102	-1.00046
-9.21632	-1.6888
-11.0166	-2.87361
-9.75805	1.37526
-11.0624	-2.33889
-8.58767	-1.00093
-10.7413	-2.08856
-11.0918	-0.305141
-10.381	-0.135389
-8.8631	-0.396784
-10.1974	-1.76256
-11.5274	-0.52873
-8.23463	-0.455421
-11.6248	-0.920114
-9.64872	-0.441203
-10.096	-0.176069
-11.0263	-1.16998
-10.2199	0.178304
-9.1342	-1.98187
-9.02251	-0.242724
-10.924	1.70864
-9.85272	-2.36753
-9.11048	2.66095
-9.19361	-2.66804
-10.7379	-0.268322
-11.7663	-1.03421
-10.2837	-1.02173
-8.76912	-1.15007
-8.99378	-1.33224
-11.3252	-1.52447
-7.85646	-0.939513
-10.9359	-2.22363
-9.83139	-1.13927
-10.8131	0.702613
-9.51501	-1.17932
-11.6584	-1.92403
-10.2503	-1.68819
-10.9725	-2.03337
-9.99608	-1.18727
-8.03082	-0.200856
-9.49638	0.365595
-7.73519	-4.20147
-10.8427	-1.75363
-8.64751	0.277415
-9.76152	-2.91853
-9.83568	-0.628673
-7.35908	-2.15196
-10.7087	0.1099
-9.6889	0.968204
-11.0296	-1.26908
-11.5495	-1.25322
-10.7618	-1.33209
-11.1035	-0.0329187
-9.46536	-2.14004
-11.5574	-2.90936
-11.0149	-1.09864
-10.011	-0.460911
-10.9003	-0.335639
-8.48651	-1.81164
-7.20913	0.348577
-10.7893	0.0510747
-10.4516	-1.0715
-8.64516	-3.27091
-10.8481	-0.132876
-7.96714	-0.721378
-10.0952	-2.71791
-11.6365	-0.290568
-10.3767	-0.433555
-11.4119	-2.62895
-9.23765	-2.84433
-11.1703	-2.98534
-9.91629	-1.80332
-10.8028	-2.46258
-11.8851	-0.663184
-7.50093	-1.30797
-10.691	-0.595487
-8.93737	-0.814349
-9.27102	-1.6348
-9.85668	-0.727407
-9.47088	-2.85696
-10.9983	0.213656
-10.0351	-0.218246
-12.0883	-2.12756
-10.1761	-0.802019
-10.2331	-2.14821
-8.65213	-0.161297
-10.1654	-1.27343
-10.2058	-2.38752
-9.93357	0.916707
-9.94294	-2.33177
-8.98002	-0.895871
-9.99289	-0.468036
-1.70134	8.9951
-10.4659	-1.59399
-11.4563	-1.29919
-10.1983	-0.901246
-10.777	-1.83645
-8.98915	-0.64776
-8.38891	-0.123161
-9.9198	-1.8063
-9.78589	-0.498695
-8.99598	-0.744973
-10.457	-1.91687
-9.45632	-0.964854
-11.1955	-1.76661
-9.22806	0.311877
-9.96244	-2.70498
-10.0368	-2.1156
-11.0081	-0.711346
-11.4098	0.193748
-11.6509	-0.640908
-8.94375	-0.715169
-9.76149	-1.1359
-10.1568	-2.09162
-9.78915	-0.794046
-11.6351	-0.682456
-11.6838	-0.732259
-10.1856	-2.44969
-11.587	-1.58505
-10.3735	-1.14222
-11.4432	-0.979752
-10.5387	-2.12369
-10.4391	-1.81624
-9.85882	0.0100571
-9.13995	-0.151956
-11.4047	-0.269398
-11.2756	-2.34097
-10.9098	2.10642
-9.75884	-0.599601
-8.05441	0.0680773
-11.7434	-1.14946
-9.84223	-0.0771623
-8.59462	-1.80611
-9.1911	-0.198511
-10.5	0.564137
-10.7804	-1.67259
-8.40625	-0.868289
-10.2807	-0.946297
-11.0222	-0.879602
-11.5387	-1.69282
-8.52489	-0.602601
-10.6393	-0.0554872
-11.1901	-0.343327
-9.39708	-3.05915
11.0351	12.9561
-10.3319	0.697036
-10.838	-2.63398
-11.4921	-2.48844
-9.69693	-1.19684
-11.0333	0.642268
-11.859	-1.44696
-10.1007	-0.831724
-10.9699	-2.44433
-10.6306	-0.890176
-9.50981	-0.865361
-8.59993	-2.71791
-8.12277	0.379813
-10.0586	-2.32841
-10.2565	-1.87812
-11.0688	-0.558198
-9.99287	-0.743675
-9.00664	-1.74165
-11.2205	-1.66007
-8.86641	-1.6754
-8.06663	-2.91947
-11.0013	-1.82155
-9.43755	-2.39161
-8.03775	-3.12603
-11.9202	0.139426
-11.1635	0.0872645
-8.75662	0.379054
-11.15	-1.23325
-10.8902	1.55096
-8.97063	-0.0685218
-8.81511	-2.04649
-9.22511	-2.2369
-9.00099	-2.4094
-11.5132	-1.46348
-8.63969	-0.438924
-9.69698	1.1859
-11.6522	-3.00158
-9.77101	-0.750621
-10.95	-1.61394
-10.4142	-1.46007
-9.54364	-0.821352
-9.96135	0.398268
-9.59571	-0.60113
-9.31713	-0.408847
-11.0539	-1.18502
-9.36523	-1.233
-6.59293	3.08162
-8.01703	-1.81477
-8.95022	-2.62612
-11.3963	-0.521249
-9.29965	-2.4326
-8.8496	-0.465943
-11.2476	0.751816
-10.6793	0.0196333
-3.9402	7.82764
-9.49509	-1.11585
-9.66812	-1.6972
-9.41527	-0.572507
-8.46336	-1.24282
-9.3576	2.05591
-8.04046	-0.764145
-9.73607	-0.0725037
-10.174	1.56323
-10.3235	-1.54193
-8.61865	-0.0865375
-10.1041	-1.58823
-7.40353	-1.45705
-9.06625	-1.76988
-9.39209	-1.51211
-10.5093	-2.08216
-11.2321	-1.58831
-9.47645	-0.617213
-11.9683	0.124913
-8.85271	-1.65397
-10.3887	0.820999
-7.06179	-2.46889
-10.339	-1.01425
-11.4755	-2.41805
-10.6453	-1.03239
-11.8922	-0.000100776
-9.48721	-1.92177
-9.61315	-0.812652
-8.68475	-1.69637
-9.92085	-1.38466
-11.1493	-0.943554
-10.3274	-2.19584
-10.3527	-1.86304
-10.7111	-1.7559
-10.8042	-1.83576
-11.3031	-1.71384
-11.3698	0.0609582
-11.0543	-2.50147
-11.5521	0.644144
-9.59924	-2.54844
-8.75429	-1.42357
-11.337	-2.93554
-11.2883	-0.379035
-11.5076	-0.465061
-11.5998	-2.21562
-8.70919	-3.09739
-11.2381	-2.62185
-9.60006	-2.30105
-11.5693	0.865844
-9.49481	-2.51781
-9.80166	0.112614
-10.3453	-0.977877
-10.1054	-1.55527
-10.1814	0.291195
-9.22789	-0.89619
-10.0348	-1.93583
-9.29377	-1.84303
-9.69258	-2.45041
-9.73101	-2.03324
-9.01709	-2.23757
-11.585	-1.23344
-8.96853	-0.641284
-8.91016	-2.08387
-10.6331	-0.278001
-9.21545	0.147773
-8.97788	-1.04295
-7.90763	-0.535694
-8.1441	0.569036
-10.1826	-2.79597
-12.0647	-0.0166455
-10.2271	-2.5048
-11.7238	-0.897705
-6.0733	-4.30405
-7.50467	-2.2132
-10.5209	-1.4887
-11.0643	-3.0002
-9.92578	-1.56369
-9.40873	-2.81583
-9.44913	-0.535349
-9.76269	-3.02186
-8.47549	-2.55078
-9.28983	-0.84472
-9.4008	-1.989
-9.74056	-1.28527
-8.88508	0.534677
-11.4724	-1.2129
-11.2341	0.226965
-10.2663	-2.62102
-11.2845	-0.371583
-9.39848	-2.58019
-10.4866	-1.61752
-11.2423	-0.890268
-9.38097	-1.49634
-7.7756	-2.26189
-11.0835	-2.06519
-9.4635	-1.32166
-8.64649	-2.68948
-10.7172	-0.774306
-12.1272	0.694763
-10.739	-0.972395
-10.0447	-1.68679
-9.7361	-0.939139
-9.08104	-1.00432
-9.34569	-0.414598
-10.7778	-0.187875
-11.1021	-0.452764
-9.75189	-0.876848
-11.9235	-1.33191
-9.55404	-2.13182
-9.88773	-1.34171
-8.05894	-5.08444
-8.81475	-0.638614
-11.2063	-0.571747
-9.62859	-2.64132
-12.1596	-2.20766
-8.77641	-1.42852
-7.36314	-3.23872
-10.9215	0.599737
-9.94645	-1.0295
-10.8093	-1.73649
-8.37886	-2.53453
-11.2986	-2.75266
-10.9763	-1.22774
-11.4438	-0.959925
-7.85551	-0.952819
-9.55027	-0.867097
-8.97139	-1.85027
-11.0334	-0.753848
-10.883	-2.84805
-9.37331	-0.496303
-11.3724	-0.51799
-10.5712	-0.512225
-11.6317	-2.02961
-8.56137	-3.56225
-11.5445	-1.34604
-10.3413	-3.05637
-10.6164	-1.49452
-10.0829	-1.96307
-11.4738	0.659092
-8.24757	-2.57448
-8.77974	-2.71217
-9.70076	-2.38447
-10.7538	0.372479
-9.77157	-0.449839
-9.49308	-2.47089
-9.70299	-0.847348
-9.22157	-2.44474
-10.1828	-0.192681
-11.4962	-2.02641
-10.0532	-0.0255869
-11.0095	0.35932
-10.0568	0.116952
-9.6143	-2.88785
-9.54641	-1.79886
-11.7389	-0.979265
-8.37799	0.528801
-9.93483	-2.57222
-9.4469	-1.10533
-10.0603	-1.87645
-10.8916	-1.67956
-11.5011	-1.67143
-9.91815	-1.73179
-10.6556	-2.74396
-7.59932	-2.93349
-9.75096	-0.718663
-10.0315	-1.05015
-5.88519	-5.75676
-10.5163	-2.46512
-11.865	0.96946
-10.9314	-1.21969
-9.49313	-0.989867
-9.86588	-1.92073
-9.18699	-2.41706
-8.88981	-1.18376
-9.94545	-0.525869
-10.4425	0.650817
-9.5884	-1.36049
-9.38151	-2.61517
-11.0156	-1.34201
-10.9564	1.66661
-9.42391	-1.97955
-10.85	-1.80252
-10.4029	-0.015936
-4.58193	-1.61742
-7.89773	-2.20987
-10.8522	-2.1298
-10.6498	-2.67433
-8.75843	-1.00333
-9.9493	0.625896
-9.65001	-1.04332
-10.3849	0.245781
-9.18621	-1.72461
-8.68488	-2.51672
-11.1028	0.431288
-12.0206	-2.8882
-11.5294	-2.81354
-8.71935	3.61143
-10.844	-2.41268
-10.3837	-0.681696
-9.26236	-1.06015
-9.77219	-1.12253
-11.8442	-1.20732
-10.6593	-1.2952
-10.3792	-2.46819
-9.72564	-2.90922
-9.56209	-0.0418406
-11.0199	-1.95092
-11.6154	-1.42123
-9.14315	-0.0934224
-9.06925	-0.119588
-11.3815	1.34402
-8.25818	-1.07499
-11.0519	2.09587
-8.75775	-0.0435982
-10.8913	-0.583385
-10.3606	-0.833152
-10.456	-2.47103
-10.7246	-0.4415
-11.4099	-1.06548
-10.812	-1.01281
-9.48	-0.654278
-8.94893	1.68619
-8.67392	-2.26432
-10.2154	-0.736237
-10.4144	-0.782437
-9.16875	-1.08222
-10.0367	2.05514
-11.9965	-0.404026
-8.61133	-1.57687
-9.84468	-1.73473
-11.8225	-1.37688
-8.52786	-3.16311
-11.3862	-1.54384
-10.2207	-2.39976
-8.66325	-0.0337602
-7.68287	0.0328465
-11.7017	-0.261797
-11.7374	-2.91372
-10.8435	-0.0244457
-9.02282	-0.522915
-10.6817	0.0886535
-9.12378	-0.355137
-10.7335	0.133662
-10.5878	-2.65175
-9.63935	-2.64722
-10.1295	0.116994
-10.7574	-1.50043
-11.4572	-1.15735
-8.5719	-1.26664
-10.5956	-2.85122
-11.194	1.12687
-9.39777	-2.82369
-9.86425	-1.66819
-11.9823	-2.19434
-11.4512	-0.522883
-10.9552	-0.793231
-11.4156	-1.6057
-9.14303	0.0961835
-9.11763	1.20415
-10.7922	-0.0610111
-10.2063	-2.76005
-11.6097	-1.23609
-3.30208	8.17235
-11.6928	0.620675
-10.6954	0.0201855
-12.0107	-2.68693
-9.5916	-1.18188
-11.323	-1.08322
-10.5177	-1.35572
-10.401	-2.30897
-8.56995	-2.95712
-10.53	-2.88546
-8.04376	-2.34397
-10.1799	-1.40147
-9.81157	-2.94271
-9.25038	-1.66806
-9.29007	0.0924775
-10.1302	-1.17207
-11.996	-2.56934
-9.78123	0.351861
-9.16779	-1.64787
-9.84964	-0.97096
-9.95156	-0.126241
-10.5836	-2.17583
-10.8267	-1.66145
-7.85148	0.998537
-10.0353	0.376055
-11.5351	-1.60527
-10.5633	-0.629221
-11.3298	-2.88189
-10.0332	-2.6647
-9.46882	-1.72763
-11.027	-2.62519
-11.723	-1.20057
-8.67634	1.60641
-10.4268	0.0905063
-6.66025	-0.0725757
-10.6531	-1.7563
-10.4365	-1.38881
-11.216	-1.61868
-10.9871	-0.502575
-8.99505	-0.239963
-9.18859	-2.04735
-9.92364	-1.74253
-10.177	-2.03935
-9.67225	0.822656
-8.09145	0.114897
-9.82424	-2.15709
-8.81205	-0.1986
-11.5019	-2.99362
-9.87927	-1.54926
-10.7136	-1.88243
-11.4639	-0.733016
-9.16316	-2.66008
-9.66907	-2.51201
-10.5165	0.635172
-10.6536	-0.0656101
-10.691	-0.81903
-7.59968	0.99535
-10.7597	-2.0586
-10.9565	-2.06097
-11.6565	0.209244
-11.3412	-2.22122
-11.5232	-2.59126
-10.5029	-1.60519
-8.87315	-2.60476
-9.44385	-0.519314
-11.4422	-2.15685
-9.37742	-1.38476
-9.07193	-1.78158
-6.07085	-6.4907
-12.0202	-2.85842
-9.08582	-1.36168
-9.45602	-0.71851
-10.7584	-2.40262
-9.27355	-2.29704
-9.22604	-1.57304
-8.80585	-1.29381
-10.6747	-2.84527
-8.88476	-0.191862
-10.9587	-2.89181
-9.8426	0.0828187
-11.8702	-1.32274
-9.83438	-0.129901
-8.66709	-0.985004
-10.2103	-0.64518
-10.9656	-0.191226
-9.73604	-0.246058
-11.6269	-0.822502
-10.876	-0.535555
-11.3995	-3.06064
-9.7958	-0.681752
-9.91437	0.0585087
-10.6481	-0.945204
-8.62565	0.876236
-10.9244	-2.30506
-10.395	-2.78265
-9.71652	0.197278
-10.2847	-0.42714
-8.7687	-2.20469
-11.2323	-0.390401
-9.06023	-0.296256
-9.24175	-1.3616
-9.23996	0.631879
-6.67746	-0.848092
-10.1056	-2.02963
-10.9558	-0.648371
-11.9253	-1.69285
-9.27991	-0.363898
-7.74826	-2.65266
-9.7495	-0.826427
-9.10577	-0.574184
-10.7765	-0.206084
-9.79566	0.607933
-8.43478	-0.909002
-11.1088	-1.78787
-6.12643	-3.55466
-8.87597	-1.14409
-11.9665	-0.070434
-10.3316	-0.324123
-11.1601	-0.626965
-10.9338	-1.16394
-11.0001	-0.626391
-10.9711	-0.403362
-11.3005	-0.588225
-9.91067	-2.40647
-11.9675	0.25551
-5.5152	-1.11724
-10.89	-1.36285
-9.29503	-2.09642
-10.5606	0.0455587
-9.13725	-1.56822
-10.546	-2.38052
-10.7944	-2.61291
-10.876	-1.25227
-9.69976	-1.92826
-11.4841	-2.39699
-10.996	-3.07901
-9.5669	-2.68343
-9.10307	-0.612309
-11.0665	-1.72078
-10.5375	-1.96307
-10.8552	-1.43613
-8.94091	0.787571
-9.52628	-0.777549
-9.01053	-1.9297
-10.2142	-1.94061
-10.203	-0.966565
-10.6456	-2.84683
-8.50602	-1.9351
-10.3168	-0.567881
-9.13911	-1.29513
-11.8807	-2.3851
-10.7891	-0.883515
-9.5027	-0.417679
-8.91421	-0.397964
-9.39791	-2.18331
-10.1699	-0.375351
-10.014	-2.27194
-10.4165	0.501521
-9.74203	-1.7162
-8.93093	-0.796422
-9.75165	-0.761767
-10.9209	0.467554
-9.45913	-1.61064
-9.01695	-1.63038
-9.42242	-2.18423
-9.64579	-2.10985
-11.549	-0.277935
-11.1644	-0.710914
-10.2342	-2.96597
-9.83856	-0.319363
-10.5433	-2.61751
-9.25501	0.405182
-8.63832	-2.20586
-10.1872	-0.607942
-10.6156	-1.3167
-10.5106	-0.488388
-11.335	-1.36067
-9.65177	-2.13064
-9.32959	0.276925
-8.68217	-0.0789204
-8.60116	-1.94465
-10.1251	-2.89595
-9.32046	-2.33776
-11.0823	-1.82122
-10.5436	-1.38232
-10.5709	-1.07152
-9.30925	2.61589
-10.9589	0.449153
-10.3487	-2.10745
-10.9606	-1.26887
-11.2422	-1.88194
-10.2126	-0.855253
-9.71348	-1.42367
-8.98028	-0.340726
-10.2219	-1.82791
-9.95119	-1.94133
-10.3247	-1.29449
-9.87401	0.415231
-7.83457	-1.7123
-9.4061	-0.313095
-11.7317	-0.871067
-11.1217	-0.121156
-10.4607	-2.66428
-9.06389	-1.70691
-10.2936	0.649671
-8.85087	-2.6897
-9.59892	-1.04146
-9.61562	-0.223294
-10.4688	0.0657998
-10.4631	-0.92914
-7.55186	-1.26418
-7.78257	-3.45953
-10.1906	-0.428957
-9.86698	-0.882243
-11.7385	-1.60168
-9.43825	-1.91614
-11.844	-1.39682
-10.176	-2.12712
-10.5906	-1.77315
-10.5092	-0.697224
-9.76332	0.133683
-9.29503	-2.34528
-8.48619	-2.09954
-9.73719	-0.425509
-7.91994	-0.041001
-9.63634	-0.0640825
-11.842	-1.338
-7.85207	-0.560792
-11.7905	0.477092
-12.0183	-0.495435
-8.38257	1.69942
-9.07987	-0.070729
-9.93331	-1.80567
-11.2308	-1.96424
-9.63763	-1.1554
-8.79709	-1.00342
-10.9579	-1.22068
-8.72253	-0.815283
-8.61702	-0.746054
1.89578	-3.75859
-11.9348	0.800452
-9.85758	-0.537894
-11.2186	-1.73938
-10.2215	0.647781
-10.7608	-2.41757
-10.4093	-0.655255
-11.2799	-0.798257
-10.0017	-0.576593
-10.7696	1.40084
-7.58239	-1.52271
11.9225	-4.46202
-9.88093	0.489263
-9.78397	-0.87859
-11.1122	-0.422273
-7.46604	-1.40894
-8.95432	-0.601856
-9.119	1.29855
-9.26426	2.62387
-9.94214	-1.26638
-10.5737	-2.11878
-8.58362	-0.774927
-9.41564	-2.53066
-10.9647	-2.2677
-10.0559	-0.39871
-11.2729	1.2972
-11.0736	-2.17615
-11.8352	-1.91614
-11.1956	-2.65498
-10.7487	-0.88958
-9.51492	-1.52416
-11.4631	-0.966552
-9.28796	1.18475
-8.56794	0.478961
-9.39542	-1.28681
-8.6081	-2.38505
-11.1486	-1.22513
-9.38654	0.296111
-10.5016	0.338223
-10.3725	-2.34355
-9.93187	-0.9794
-8.79533	-1.51135
-8.74204	-2.81812
-9.70097	-1.44163
-10.2502	0.387621
-10.7811	-0.526514
-9.70615	-1.09365
-10.7804	-1.4545
-8.66511	-3.64118
-11.1407	-2.21247
-10.9426	-2.05281
-9.15186	-1.76556
-9.3801	-0.0931365
-11.2142	-1.69333
-10.7733	0.447529
-11.3746	-1.6471
-10.3216	-1.11351
-9.67648	-1.90331
-10.3419	-1.62305
-10.5471	-2.12649
-11.356	-0.761271
-11.8921	-2.04468
-8.09206	-1.71493
-7.97408	-0.101337
-10.3035	-1.7598
-9.39718	0.152325
-10.902	-1.40426
-9.59462	-1.49072
-11.4789	-0.35425
-8.89635	-1.43215
-8.30086	-0.516611
-11.9031	-0.288156
-11.1022	-0.918929
-9.28952	-2.02982
-10.3677	-0.108857
-7.78548	-1.30014
-10.4362	-1.25117
-11.3538	0.160943
-10.9614	-0.118188
-10.5325	0.304365
-10.267	-2.22198
-10.5617	0.489125
-9.84729	-2.26802
-10.9937	-2.10657
-10.426	-0.0774414
-11.252	-0.149342
-11.7382	-0.508357
5.68163	-6.23696
-9.03123	-2.19258
-10.1237	-1.80174
-9.13553	-1.0473
-9.67581	-1.68313
-11.9756	-1.43349
-9.49957	-0.83988
-8.97027	-2.23608
-11.4949	-2.3647
-8.19298	-2.56817
-8.77287	-1.65971
-11.7553	1.12372
-9.7488	-2.33555
-10.9854	-1.89398
-9.96354	-0.328522
-10.3711	-0.980738
-9.58264	-1.09548
-9.89925	-1.12908
-10.5695	-1.39508
-10.2222	-1.64555
-11.2388	0.462949
-7.82209	-2.18659
-8.95588	-0.370874
-10.0647	-1.30912
-9.06785	-1.84446
-10.2191	-0.37267
-11.6152	-0.907939
-9.01396	-2.19498
-10.5243	-1.37317
-10.4954	-0.368898
-9.5334	-1.9377
-11.8569	-0.372219
-10.3485	-1.59686
-11.4617	-0.928006
-8.87832	0.402847
-8.27307	-1.38468
-10.0122	0.613617
-11.1023	-1.86945
-9.7546	1.15465
-11.7758	0.495962
-9.39837	-2.33078
-10.1974	-0.795381
-9.57957	-1.61802
-10.0138	-0.932792
-7.21502	-1.99967
-10.9966	-1.26836
-11.61	-1.19335
-8.95628	-2.54735
-11.7226	-1.84491
-10.9713	-2.60875
-11.9371	-2.77913
-9.37083	-0.601929
-9.31595	-1.79065
-9.16365	-0.549166
-11.1958	-1.83717
-11.3218	-2.14946
-11.1559	0.340015
-11.8484	-2.26331
-8.62551	-1.13924
-7.81594	0.606192
-10.3346	-1.44496
-10.2543	-1.71964
-11.1633	-1.13846
-10.7594	-2.14724
-8.92252	-1.72009
-11.626	0.290873
-10.5349	-1.08136
-10.8195	1.67242
-10.7235	-0.442613
-10.1067	-0.779706
-11.9311	-1.09822
-9.75679	-0.308138
-11.9777	0.0281001
-10.145	-0.558194
-11.042	-2.42931
-8.68285	-0.912089
-11.031	-2.25976
-9.36911	-1.09644
-9.30003	-1.92383
-9.0332	0.0889158
-8.63109	-1.37821
-11.3244	-2.45783
-8.17397	-1.16337
-11.2153	-1.27779
-11.9038	-1.06434
-10.275	-2.04013
-10.267	-1.07305
-10.5355	-1.47977
-10.2673	-2.36254
-9.40141	-1.32581
-11.0092	-1.94554
-10.8419	-1.23854
-7.51253	-2.36926
-10.906	-2.07975
-8.43434	1.67961
-8.87383	-2.93387
-11.8449	-2.01291
-9.14454	-1.23524
-9.3684	-0.43104
-9.87991	-2.20718
-10.9851	0.669181
-9.99131	-1.35184
-10.1577	-1.52639
-9.14288	-2.10918
-11.7796	-0.0588619
-10.5754	-0.447192
-8.34399	-2.85964
-10.3209	-1.18311
-11.0462	-0.430604
-9.028	-0.271402
-10.5809	-0.928279
-9.8768	-0.237373
-11.3836	-2.80431
-10.6769	-0.617022
-11.1138	-1.25498
-10.184	0.117659
-9.17709	-1.77177
-8.79132	-1.39658
-8.84683	1.3018
-8.22288	-1.72199
-9.39073	-0.120801
-11.1187	-0.365277
-8.37964	0.507137
-9.76916	-1.46153
-10.2435	0.120658
-9.29635	-0.377478
-10.4432	0.314932
-9.88125	-2.37553
-9.32062	-0.700571
-9.13566	0.69556
-10.3572	-0.981163
-9.67449	-0.221353
-10.7637	0.442567
-10.7954	-0.348066
-9.8519	-0.514657
-10.4324	-2.44233
-8.54577	-0.203083
-3.00489	1.69595
-9.81891	-1.34754
-11.1471	-1.80346
-11.5033	-0.0360167
-9.63088	-1.16896
-10.8182	-1.66737
-11.5972	-2.6004
-10.6367	-2.73727
-10.4143	-0.890422
-11.4433	-1.94141
-9.76275	-0.71128
-11.237	-0.576435
-9.72353	-1.64266
-10.0293	-0.240507
-10.21	0.0788492
-10.5561	1.00753
-9.7946	-0.819244
-8.89999	-0.198467
-10.0912	-1.81193
-9.45794	-2.41223
-10.0471	0.608918
-10.9627	-2.45753
-8.89926	-0.752229
-11.5497	-2.52505
-10.3758	-0.948391
-11.6949	0.415876
-7.97707	1.18035
-9.28213	0.915191
-10.5816	0.0601081
-9.50054	-1.87668
-11.7154	-2.41682
-10.2421	-2.15992
-9.1002	-2.53083
-11.3494	-0.746212
-11.4861	-1.02476
-10.6199	1.22482
-10.0781	-0.081781
-11.0204	-0.782688
-11.2691	-2.47674
-9.80819	0.572274
-11.6509	-0.0239907
-9.0907	-0.941351
-11.4805	-2.30349
-10.3888	-2.75235
-7.14106	-1.77235
-9.75923	-2.58412
-8.70325	-2.69389
-10.6279	-2.33761
-8.97355	0.967286
-10.8106	0.409162
-10.6271	1.23557
-9.84868	2.61047
-7.29674	1.05852
-10.2688	-1.3767
-7.87102	-2.88913
-10.4495	-0.300538
-9.50252	-1.15172
-7.77948	-1.57721
-11.2093	-0.327861
-11.0204	-1.18712
-10.788	-0.949155
-11.0489	-0.367394
-9.26119	-1.5468
-11.3152	-1.27979
-10.7138	0.0336708
-10.6735	-0.28088
-7.71518	-0.952351
-11.3259	-0.94693
-9.67135	-2.13759
-10.1243	-0.0629965
-9.02006	-2.12214
-10.0251	-0.538847
-8.87089	-1.12441
-11.1054	-0.523772
-10.2001	-0.627497
-9.41036	-1.53173
-8.73366	-4.74208
-10.8005	-0.42371
-11.5663	-0.665427
-12.0071	-2.04234
-8.6876	-2.66566
-7.71109	-3.05807
-8.66909	-0.102194
-9.3049	0.112629
-11.7506	-0.513683
-9.14523	-2.30615
-10.9506	-0.372579
-10.5111	-2.18886
-9.10425	-0.0496663
