-12.0548	-9.74733
-12.6298	-10.0538
-14.905	-9.78427
-14.9541	-10.4289
-12.3781	-11.64
-12.2583	-8.51202
-12.5576	-9.27824
-12.741	-11.0855
-11.8653	-9.26671
-12.0974	-11.116
-12.5863	-11.4656
-13.9823	-9.84257
-14.4257	-9.85057
-13.1769	-11.5007
-14.4663	-8.86474
-14.1143	-10.6397
-11.7914	-11.5917
-12.6105	-8.53057
-13.6738	-9.38645
-14.6866	-10.8633
-14.1474	-9.03363
-13.8737	-8.17631
-13.165	-10.286
-14.2304	-9.96134
-13.2138	-9.88811
-14.3646	-10.9408
-13.6443	-7.81022
-13.9192	-9.35214
-12.9785	-10.9356
-12.3235	-9.23347
-12.2312	-10.8132
-12.1433	-11.599
-12.9892	-7.89398
-13.3436	-9.71777
-14.1981	-9.63165
-11.5791	-9.37298
-13.8742	-11.3518
-13.7018	-10.1407
-12.7018	-9.01321
-13.603	-8.0943
-14.7387	-8.58746
-14.5351	-10.4593
-14.8245	-9.69289
-14.3308	-10.9596
-12.1066	-8.02105
-12.1641	-9.75534
-12.3791	-12.0664
-14.6585	-9.33452
-14.6807	-10.2313
-13.7133	-10.0378
-13.0327	-10.8883
-13.2595	-7.96296
-12.7933	-11.4633
-13.2623	-9.95065
-14.8907	-8.88543
-13.8398	-11.8821
-13.8055	-9.06602
-13.3799	-10.2477
-13.3415	-10.4252
-14.713	-11.5592
-13.3386	-9.37639
-14.1998	-11.064
-13.7948	-7.98443
-12.3387	-10.8745
-13.3493	-11.275
-12.4287	-8.56251
-10.9855	-12.6342
-12.521	-11.6124
-9.92762	-7.87546
-12.0457	-9.22615
-12.5388	-9.10391
-13.4682	-11.1603
-12.2736	-10.2584
-14.1459	-11.2096
-13.4127	-11.1395
-11.867	-10.248
-13.8858	-10.6882
-9.4539	-9.34521
-11.0038	-9.16423
-14.2103	-11.52
-12.3209	-11.7985
-13.0899	-8.81173
-12.7772	-10.0474
-12.2237	-11.3539
-13.4571	-10.8396
-14.9476	-9.96093
-13.141	-8.46721
-13.911	-7.45917
-13.0312	-10.4262
-14.4197	-10.0806
-11.6688	-10.459
-13.8108	-10.1694
-14.1821	-10.5808
-11.2966	-8.77668
-12.1551	-11.0053
-13.7806	-10.6231
-10.6911	-10.771
-12.4434	-10.1798
-13.9169	-11.6069
-13.878	-10.4863
-12.3369	-9.14225
-14.1267	-11.3248
-12.6728	-8.22378
-14.0307	-10.6784
-14.1214	-10.2418
-13.2566	-11.0369
-13.3094	-9.64094
-13.9642	-8.25672
-14.151	-9.90466
-13.6689	-11.0074
-12.2998	-9.0493
-11.6083	-9.71978
-13.4858	-11.4023
-13.6124	-10.0274
-13.1785	-10.2111
-14.5612	-9.25402
-13.8168	-11.2647
-13.0305	-9.47811
-12.8605	-8.59933
-11.7386	-11.6708
-14.4449	-10.6297
-14.1874	-9.68501
-11.7348	-8.61647
-12.2721	-8.61425
-12.4229	-9.88197
-11.7352	-9.08963
-12.7153	-11.4797
-13.7136	-8.45242
-13.5999	-10.5771
-13.6071	-9.35258
-12.4476	-11.5592
-14.6174	-9.86584
-11.8191	-12.6158
-14.4637	-11.6491
-13.2604	-10.5572
-10.7725	-10.3509
-11.5393	-12.1554
-14.5065	-10.2998
-12.4066	-10.5134
-11.1638	-11.2114
-13.7816	-8.23368
-13.4758	-10.1905
-12.5897	-11.379
-13.3548	-10.5613
-14.8496	-10.7379
-11.7704	-10.1896
-12.7649	-8.92754
-12.7578	-9.97731
-12.1116	-9.8669
-12.5907	-11.3415
-12.8596	-10.1766
-13.7433	-11.0111
-13.7153	-11.7219
-14.0259	-8.80222
-9.70101	-13.3015
-13.8912	-8.83129
-12.6669	-9.46994
-13.7156	-10.3584
-13.7331	-11.1915
-12.7067	-9.96478
-13.8117	-8.27975
-12.9008	-9.68384
-12.8542	-8.92901
-10.743	-9.38564
-14.4744	-9.83444
-10.6514	-10.1011
-13.1631	-9.70898
-10.3124	-12.8517
-13.3373	-9.94637
-13.9552	-11.2157
-11.3885	-10.4912
-12.8664	-9.18169
-12.4091	-10.3503
-14.5401	-9.84386
-10.9663	-7.22838
-12.439	-11.1474
-12.8275	-8.3746
-12.4245	-9.71005
-13.6164	-8.78068
-13.0999	-10.2487
-12.2483	-10.9679
-12.1542	-10.2588
-14.76	-11.6089
-12.1637	-11.6377
-12.638	-11.8315
-12.6189	-11.8882
-8.83403	-2.24659
-14.3262	-11.359
-13.7522	-10.4093
-14.7625	-8.64473
-11.7765	-9.29355
-13.4757	-9.10495
-12.878	-11.0114
-13.3039	-8.15387
-12.7666	-11.3029
-13.1135	-9.3842
-14.1742	-10.4591
-12.98	-11.9464
-14.8961	-10.7104
-12.4968	-10.69
-12.3909	-9.20177
-11.7525	-10.1867
-13.4193	-9.13646
-14.0904	-10.8119
-11.6024	-10.9824
-12.0956	-10.6188
-13.5476	-10.2662
-12.481	-10.9695
-14.6598	-10.5114
-12.963	-11.4698
-12.7355	-10.7476
-12.7224	-9.85929
-12.5915	-10.077
-14.4728	-9.35627
-14.2828	-9.39807
-12.8706	-9.90915
-14.4832	-10.0672
-14.2375	-8.40759
-12.8269	-10.4964
-13.4631	-11.3156
-12.3961	-11.6568
-11.9658	-10.5124
-11.1409	-11.0348
-13.2534	-10.8411
-12.9908	-10.8765
-12.1313	-9.79998
-13.1162	-11.6198
-12.8605	-8.17284
-12.0373	-9.05286
-12.5164	-10.1075
-12.686	-11.4231
-11.1154	-10.2355
-12.5234	-9.30952
-13.8194	-8.12134
-11.0985	-11.7734
-12.3173	-10.0861
-12.4788	-9.64467
-12.4336	-9.27961
-14.1902	-11.5286
-12.2233	-9.77808
-14.5084	-11.7416
-12.6897	-10.6609
-13.7315	-9.07322
-11.5975	-12.0808
-13.2212	-11.4582
-13.9271	-11.3064
-12.9407	-12.0546
-12.7128	-9.02136
-12.0415	-9.57182
-12.8592	-10.9761
-14.1385	-8.88562
-13.5907	-7.37255
-12.9243	-10.1096
-13.3233	-9.72717
-13.5119	-12.0025
-13.4471	-11.3641
-13.8377	-11.057
-13.787	-11.1041
-14.2993	-10.0439
-13.5502	-10.6473
-11.5422	-9.91497
-12.7055	-10.2964
-12.1669	-9.47447
-12.3766	-11.363
-14.885	-11.4134
-13.7448	-8.47387
-14.8639	-11.2859
-11.8866	-9.19308
-12.9168	-9.54467
-12.6456	-11.0474
-13.5121	-11.6723
-11.2558	-9.20503
-13.6263	-9.0917
-13.185	-9.23613
-10.5008	-11.6464
-12.307	-11.0357
-13.1195	-10.3529
-13.0314	-8.56015
-12.38	-11.5187
-14.5683	-11.8325
-12.593	-10.7325
-12.9843	-7.50227
-10.3877	-11.781
-14.3321	-10.2155
-11.7378	-10.1654
-13.1623	-10.8557
-14.7347	-10.3758
-12.5802	-9.63549
-12.6339	-8.8136
-14.6534	-11.1453
-14.0968	-10.7977
-12.7504	-9.67704
-13.776	-7.76662
-13.4154	-10.5742
-12.7364	-9.11443
-13.3048	-11.3826
-12.8864	-11.9304
-14.25	-10.1741
-14.074	-10.0373
-14.3277	-9.42469
-14.414	-9.82009
-11.4274	-12.1621
-13.0848	-11.1823
-10.0988	-9.03619
-12.4553	-10.2334
-11.507	-14.2074
-14.451	-8.15279
-12.1048	-8.9794
-13.8216	-8.37367
-11.4698	-10.6434
-12.1985	-11.8865
-10.8333	-11.3256
-12.5911	-9.94057
-13.7575	-10.2466
-12.7404	-11.6926
-12.3075	-11.1201
-12.3727	-10.7362
-13.2182	-11.8112
-13.6421	-9.62189
-12.9134	-11.4803
-12.9044	-9.06898
-14.4981	-11.4571
-13.2589	-10.5265
-12.6872	-11.5252
-11.4905	-10.9518
-11.9811	-10.614
-12.9653	-9.95773
-12.8033	-8.46613
-12.185	-8.06472
-13.936	-8.75
-12.7869	-8.22566
-10.9825	-9.29345
-0.706944	-6.6677
-12.951	-7.81748
-13.7199	-7.92595
-13.5335	-9.37019
-12.2615	-11.4674
-11.4883	-10.8053
-12.3257	-12.0816
-13.3091	-9.17458
-11.8776	-9.15767
-14.5347	-11.496
-12.9564	-8.73882
-13.3711	-10.5675
-13.9007	-8.5838
-14.3151	-9.66007
-13.0446	-10.1589
-13.2881	-9.69191
-14.3046	-11.3112
-10.2917	-8.87775
-13.8133	-9.73353
-14.4183	-10.724
-14.5704	-11.0198
-12.4821	-10.6249
-12.9573	-9.84886
-11.5805	-9.79281
-12.9412	-11.8687
-13.0456	-11.5351
-14.0922	-10.2624
-13.2534	-10.5108
-13.4975	-11.0977
-10.7457	-10.1677
-13.9858	-9.09612
-14.3174	-11.1937
-11.1073	-10.5359
-14.6025	-11.3971
-12.9909	-9.85656
-13.4287	-9.13412
-11.8101	-11.0448
-13.4347	-9.8503
-14.1614	-10.4501
-12.6873	-11.423
-12.4045	-11.0687
-14.2282	-9.12102
-14.0912	-11.0659
-13.8462	-8.97671
-14.6651	-10.5913
-12.4147	-9.13279
-13.8413	-9.65189
-13.8505	-9.61643
-13.5562	-11.1855
-12.1494	-9.4571
-11.0422	-11.3745
-11.977	-9.66191
-14.7751	-9.43009
-12.5954	-10.1211
-13.6584	-9.24571
-11.4726	-10.2699
-11.55	-9.83677
-12.4286	-9.19116
-14.6898	-10.1226
-12.1627	-10.095
-14.351	-10.6105
-13.0209	-8.12549
-14.5356	-9.55733
-14.6402	-9.8305
-12.575	-11.7722
-12.7994	-11.2195
-14.3	-10.273
-12.1843	-9.65981
-13.7421	-9.39836
-14.5454	-11.6539
-14.8858	-9.87286
-13.0631	-9.97775
-13.284	-10.7617
-11.6995	-11.3083
-14.4679	-9.12666
-12.2307	-12.0158
-13.0326	-10.535
-11.9254	-11.2712
-11.9841	-7.60697
-13.8023	-9.10038
-14.2959	-8.5765
-13.179	-10.9285
-12.0443	-10.633
-13.4456	-12.168
-8.81189	7.31094
-10.3507	-8.29609
-13.5243	-9.78369
-13.9606	-9.67194
-11.1576	-8.70652
-14.083	-10.2652
-12.1918	-10.7141
-12.4846	-10.6822
-12.3759	-11.8037
-13.4776	-8.5717
-13.1879	-10.8874
-11.325	-10.8292
-13.0173	-9.05626
-10.6952	-12.2148
-14.5864	-10.4049
-14.9186	-8.18306
-13.7369	-10.9858
-13.787	-10.3718
-9.81848	-8.60645
-12.7424	-9.4944
-14.3321	-9.98793
-13.0689	-9.30353
-12.844	-10.7845
-13.9336	-10.1208
-13.5088	-10.2053
-13.036	-10.3545
-12.7787	-11.2449
-11.7496	-10.4636
-13.0467	-8.785
-14.5139	-8.58264
-13.953	-10.3232
-14.5373	-8.90443
-12.2567	-9.01084
-14.5153	-9.88545
-13.7576	-10.5957
-12.6446	-9.68757
-14.2897	-9.91766
-13.6959	-11.3428
-14.3644	-10.7492
-11.9499	-11.471
-9.45938	-9.28741
-12.1751	-11.278
-12.8945	-9.48758
-13.1515	-9.39145
-14.0426	-11.0617
-10.8103	-11.183
-12.7647	-10.8189
-4.98233	-8.06073
-14.0056	-11.7316
-13.6583	-8.30866
-13.3754	-10.6128
-12.8361	-10.6951
-12.0243	-11.0985
-14.7721	-11.5602
-12.3965	-9.22864
-14.2114	-9.29989
-13.2598	-11.2343
-12.1324	-10.2099
-12.7695	-8.94121
-12.4471	-8.71097
-14.4739	-10.1129
-12.7108	-11.1423
-11.2683	-11.1494
-13.7799	-9.35204
-13.1853	-9.98625
-11.7535	-9.07938
-12.6135	-9.70067
-13.8455	-9.2697
-12.3892	-8.30471
-12.8046	-10.1514
-12.6424	-9.51153
-11.7612	-10.5097
-13.6341	-10.2576
-12.1942	-9.54323
-12.3588	-10.208
-13.2691	-8.27157
-13.523	-10.2442
-13.6083	-12.0171
-12.6955	-10.6703
-13.2336	-7.59528
-11.5502	-8.62614
-12.5182	-10.3158
-14.6533	-10.6464
-11.2117	-9.84972
-14.1395	-8.21261
-11.8498	-8.35178
-10.1983	-10.1362
-12.5326	-10.2011
-11.3273	-8.67174
-13.4502	-11.0474
-13.1788	-9.26424
-11.9254	-9.87576
-14.2011	-11.275
-14.7165	-11.1469
-14.0972	-11.4969
-13.2349	-11.0627
-13.4918	-9.3975
-12.8349	-9.6404
-11.9075	-10.8729
-12.035	-10.8542
-13.5216	-10.6282
-13.6288	-10.3246
-12.8601	-10.3984
-14.7923	-7.71059
-13.1945	-8.63268
-11.5132	-9.90902
-12.8528	-8.87564
-14.6314	-11.6753
-12.4409	-7.95372
-13.6831	-10.2492
-11.6782	-9.56172
-12.3448	-12.1249
-13.7208	-11.4702
-12.0838	-8.99876
-13.5632	-8.48685
-13.7521	-11.1181
-12.0829	-10.357
-13.8882	-10.7073
-14.4509	-9.23434
-12.8018	-9.63346
-13.7262	-10.2967
-12.6428	-10.664
-13.9143	-11.1642
-11.9571	-8.84337
-14.6748	-11.4513
-14.7239	-10.1686
-11.7206	-9.87375
-9.95169	-10.1956
-14.2282	-11.3003
-14.7786	-9.99799
-14.0838	-8.58295
-12.8347	-10.4597
-14.0606	-12.2753
-10.1525	-12.677
-12.5799	-9.85114
-12.8196	-10.1647
-13.8431	-10.5243
-12.535	-9.08929
-12.6514	-9.5977
-13.4772	-10.1059
-14.3749	-10.8921
-14.4892	-10.4164
-13.8203	-9.0708
-14.2694	-9.31037
-13.9926	-9.88094
-12.9476	-10.8087
-14.0661	-8.24252
-12.8637	-10.4045
-14.8114	-10.0839
-12.6427	-9.54176
-11.8869	-10.0489
-14.1273	-10.8091
-12.4579	-8.27031
-11.387	-9.13248
-12.8582	-12.0431
-12.0409	-9.62319
-12.722	-10.8362
-11.4746	-9.37518
-13.5126	-11.023
-13.6735	-10.377
-13.747	-9.8103
-13.64	-9.73442
-12.0961	-10.995
-12.3919	-10.0896
-12.5444	-11.6977
-12.4019	-11.0808
-11.8962	-9.64154
-13.3235	-10.2714
-12.6103	-7.7842
-11.6368	-11.4359
-12.2555	-9.32697
-13.2408	-12.2148
-12.7531	-10.7099
-14.9999	-9.85083
-12.7585	-10.3325
-13.2806	-9.03769
-12.7677	-10.5682
-13.0215	-10.7651
-14.3127	-9.56186
-13.3814	-10.2464
-13.5887	-0.126298
-14.5853	-10.196
-13.1726	-10.624
-13.8071	-10.0878
-12.9454	-11.6271
-13.2424	-11.464
-13.2178	-9.28144
-12.6514	-11.7525
-14.4713	-11.6867
-12.9015	-9.2755
-12.9993	-10.3773
-12.1911	-10.2887
-12.9059	-11.5148
-13.7573	-10.6065
-12.592	-10.3245
-10.9214	-9.49765
-12.2195	-9.95376
-13.0102	-11.513
-13.1236	-10.961
-13.7384	-8.03201
-13.2425	-10.2769
-13.7566	-11.8145
-13.4129	-9.59177
-11.5603	-9.02383
-13.689	-9.27153
-14.627	-8.90625
-14.4387	-10.4205
-14.9385	-8.39442
-13.8626	-9.91552
-13.7749	-9.94706
-12.354	-10.632
-13.9782	-11.9219
-10.5083	-11.5021
-13.3785	-9.39365
-13.0655	-11.7122
-14.8412	-10.2077
-12.4931	-11.7777
-12.8756	-9.68525
-13.308	-7.93878
-12.3619	-8.55867
-11.6533	-11.0131
-12.4191	-9.48057
-13.617	-9.09611
-13.7674	-9.99367
-12.7422	-9.95578
-11.854	-11.7717
-13.1084	-11.254
-12.0585	-11.0373
-12.5368	-9.64474
-13.7296	-9.33779
-12.716	-7.61666
-12.5966	-10.503
-13.1912	-11.7219
-14.5838	-9.46234
-13.7848	-10.1192
-13.2257	-10.1917
-13.2159	-11.415
-11.8663	-12.3508
-11.5247	-9.42955
-11.1104	-8.09613
-13.1375	-9.58024
-13.5467	-10.8118
-11.8579	-8.82257
-12.6238	-9.63099
-13.0253	-10.7372
-14.5509	-11.0248
-11.1213	-8.94885
-13.5051	-9.86221
-11.2801	-11.1012
-11.9247	-10.1893
-14.8436	-9.88051
-14.0992	-9.3639
-13.8206	-8.97706
-12.4774	-11.8704
-14.0823	-8.40815
-14.9654	-9.79928
-9.99245	-8.34189
-12.1021	-10.9367
-13.566	-10.9992
-14.4086	-9.7551
-12.6928	-10.976
-11.0227	-11.8502
-12.7509	-9.24959
-14.5301	-11.3914
-13.3768	-9.61101
-14.4365	-9.52444
-12.7407	-10.9905
-11.3221	-10.7275
-13.8436	-10.7772
-13.844	-11.1485
-14.6488	-11.3009
-13.025	-11.0093
-12.6028	-8.12102
-11.9488	-7.58713
-14.0705	-11.1826
-14.3486	-9.62522
-13.0927	-10.7865
-12.8552	-8.75449
-12.8371	-9.33901
-11.5893	-10.4244
-11.9574	-9.64584
-14.9129	-9.32455
-13.0432	-9.33225
-14.4129	-11.2
-13.1125	-10.8181
-14.2601	-10.0297
-12.8587	-10.696
-13.7732	-11.3063
-13.0774	-6.57312
-14.2796	-10.4831
-13.5971	-9.97269
-13.2057	-10.4789
-14.416	-9.92645
-14.285	-9.71292
-11.8397	-8.79219
-11.9476	-7.83015
-12.6447	-10.1715
-12.2058	-9.26725
-13.2921	-10.7301
-12.105	-11.5315
-11.2648	-10.0558
8.26606	-6.6867
-11.8084	-10.8491
-12.5793	-10.0878
-13.143	-10.3985
-14.0794	-11.1991
-11.8256	-12.1256
-14.595	-11.4989
-13.4297	-10.6989
-12.1057	-11.46
-11.7053	-10.5286
-13.6117	-10.2721
-13.5052	-1.18307
-11.6293	-3.94888
-14.0852	-9.55809
-11.7579	-9.3867
-13.1786	-10.3211
-11.3553	-8.89309
-14.1351	-10.9398
-13.4588	-10.3251
-13.659	-7.70656
-11.462	-12.357
-12.3068	-11.419
-13.3551	-9.95311
-13.5773	-9.37931
-12.5118	-10.9354
-12.5793	-11.2757
-13.7899	-11.4424
-14.2528	-10.9985
-12.1991	-11.4526
-14.8956	-8.84692
-12.9765	-11.8082
-12.9155	-8.84494
-12.0146	-11.6991
-12.6728	-11.2043
-14.1265	-11.7854
-13.5845	-11.115
-12.514	-10.6752
-11.4737	-11.0731
-11.6607	-9.96939
-12.4913	-9.23062
-13.4099	-10.8551
-13.509	-7.8279
-13.2196	-11.647
-13.2603	-11.6336
-11.4359	-10.4567
-12.3504	-9.88086
-12.8253	-9.99469
-13.0081	-9.41964
-13.6159	-11.8576
-14.0432	-11.9249
-13.4687	-11.0491
-14.7834	-11.9463
-11.2795	-8.74539
-13.6543	-9.34399
-11.5133	-11.8328
-11.4168	-10.1399
-11.1985	-11.7055
-11.1748	-12.2245
-14.8218	-10.0526
-9.19609	-11.4235
-13.8319	-9.08982
-12.6475	-11.6498
-13.9027	-10.7127
-12.5628	-11.4887
-14.7525	-8.83135
-13.6437	-9.49154
-13.5491	-10.8147
-14.2229	-10.4165
-13.2648	-11.7571
-12.2737	-10.7876
-11.8969	-10.8589
-14.3504	-12.0492
-12.5515	-10.7876
-13.249	-9.8783
-6.85898	-13.0257
-13.3522	-9.1229
-12.5169	-10.8347
-10.4241	-9.70462
-13.2881	-10.5191
-13.0728	-11.075
-11.4189	-10.6829
-14.4034	-10.4039
-10.4867	-8.59915
-11.6145	-11.1325
-14.1283	-7.9984
-12.4689	-10.4926
-13.3476	-10.0997
-13.1558	-9.00012
-12.796	-9.61136
-11.8258	-10.891
-12.4248	-9.42427
-13.3367	-10.9041
-12.2213	-8.98673
-13.0822	-10.8159
-13.2631	-9.87317
-13.0843	-11.106
-12.8614	-10.5219
-12.1137	-8.43477
-14.2861	-9.29352
-12.582	-10.4346
-14.1125	-10.2301
-11.6202	-10.7329
-12.7077	-9.63652
-14.2355	-11.4898
-13.7848	-9.73138
-14.8829	-10.538
-12.873	-10.6161
-11.5747	-10.6151
-11.6572	-10.1984
-13.5597	-11.0274
-13.5248	-8.90846
-12.9371	-9.29887
-12.6414	-9.89413
-13.1232	-10.8357
-13.0248	-8.90513
-13.947	-9.64862
-13.4611	-9.77459
-12.6443	-11.9274
-12.9924	-9.13059
-13.429	-10.1428
-11.9261	-8.9976
-14.1325	-11.5612
-12.3987	-10.2259
-12.8545	-11.5025
-10.1665	-10.6821
-13.2901	-9.15633
-11.307	-10.209
-14.0257	-9.49122
-13.8064	-10.2497
-11.4721	-8.18063
-10.3186	-8.87409
-12.5297	-9.52555
-14.5353	-11.0424
-12.6817	-10.9
-14.9355	-8.3621
-12.8123	-9.29842
-13.542	-8.1462
-12.1579	-11.6364
-12.2998	-11.9886
-10.8427	-10.4305
-5.64203	-5.7489
-12.918	-10.047
-12.4066	-10.6142
-12.4881	-12.136
-12.9325	-10.2946
-13.3146	-8.83036
-14.506	-9.60472
-14.4405	-9.33744
-14.6353	-10.7056
-11.963	-11.6012
-10.7195	-11.6216
-12.7302	-10.0374
-13.2832	-9.89916
-14.2226	-11.0797
-11.2603	-9.79763
-13.5621	-9.7987
-11.2604	-7.95341
-14.4653	-10.6133
-10.2901	-11.8439
-12.3968	-11.7101
-13.4698	-10.5105
-13.2838	-9.62529
-14.7126	-9.36134
-12.5751	-9.16994
-14.8215	-10.1673
-12.6284	-8.92598
-11.8547	-9.35261
-13.2898	-8.85134
-12.3445	-9.28531
-12.8548	-10.5996
-11.2273	-10.2173
-12.3883	-9.17896
-12.5882	-11.6427
-14.5612	-10.5307
-11.5986	-11.1444
-13.5879	-7.54803
-12.3451	-10.7611
-12.2921	-9.53942
-9.7818	-12.4183
-12.3306	-10.5987
-13.9334	-10.4508
-13.7453	-8.25487
-11.7743	-8.43553
-13.7219	-10.7622
-12.8642	-10.8098
-11.6215	-8.67503
-11.4997	-10.0701
-12.1573	-9.2006
-14.0723	-9.82336
-12.465	-9.72212
-11.9742	-9.09323
-12.8141	-10.5333
-10.7777	-11.5205
-13.9356	-11.6598
-11.9488	2.05249
-12.3933	-11.3161
-12.9256	-10.8667
-12.3118	-10.5662
-12.3623	-9.97307
-14.0697	-9.95378
-13.2452	-11.2428
-13.7214	-11.4539
-13.735	-9.34925
-13.9452	-11.9844
-12.3594	-8.10566
-12.3724	-10.7629
-13.2765	-11.4661
-13.8529	-10.986
-12.1838	-12.0494
-14.68	-9.5464
-14.1562	-9.11363
-12.5375	-9.77903
-10.9606	-11.2597
-12.0677	-11.87
-13.0184	-11.4778
-14.7654	-10.5208
-12.3161	-10.9102
-13.3834	-10.1903
-12.3853	-11.4652
-12.6392	-9.49862
-12.7833	-10.9415
-13.3341	-9.58812
-14.7674	-9.5143
-14.3344	-11.0322
-11.8637	-11.7947
-11.8479	-8.56598
-14.6323	-9.67732
-14.3324	-10.4981
-14.1995	-9.63931
-11.9017	-8.67863
-13.7126	-8.07327
-11.3572	-10.8926
-14.1331	-9.63501
-14.155	-10.3021
-11.6988	-9.84276
-12.1915	-11.3679
-13.1028	-10.4239
-14.6016	-11.5237
-14.0066	-8.34632
-12.8899	-11.2396
-12.3981	-7.62577
-13.9724	-9.08886
-14.3511	-11.3522
-13.5609	-11.815
-9.29708	-11.5951
-12.9332	-8.99258
-13.845	-10.8778
-11.5153	-8.51028
-12.0752	-9.97498
-12.3542	-12.0274
-10.3149	-6.57799
-11.25	-11.4473
-9.65324	-9.45106
-12.1573	-10.1583
-13.6406	-9.57425
-11.6525	-8.81689
-13.3017	-11.3993
-14.0905	-10.1931
-14.2439	-10.9716
-11.9717	-7.79433
-12.4891	-10.1067
-11.8758	-9.30279
-11.3269	-7.41692
-12.1176	-11.4996
-13.0318	-9.92397
-14.5688	-8.65639
-13.5146	-9.22279
-12.939	-11.3978
-12.6088	-9.77187
-14.7617	-11.6621
-13.7901	-10.6717
-8.03434	-14.5129
-12.9821	-10.6965
-12.3986	-8.88864
-14.2459	-8.25707
-12.4016	-10.2913
-14.1808	-11.1978
-14.243	-9.75952
-13.2032	-9.1479
-13.5272	-10.2759
-12.3344	-8.52748
-13.246	-9.82298
-13.0512	-8.00653
-13.8601	-10.4395
-12.7892	-11.1306
-14.6795	-10.9789
-12.9157	-10.2366
-13.7391	-8.68763
-12.1834	-10.539
-10.0209	-10.394
-13.5607	-10.125
-10.6546	-9.31202
-11.7192	-10.9004
-13.6491	-10.0524
-11.4315	-9.0051
-13.6851	-10.4814
-14.3424	-10.0101
-13.8165	-10.3352
-14.0404	-9.72371
-13.0152	-12.0809
-13.8187	-8.6294
-12.4115	-10.424
-12.5354	-8.85668
-12.0983	-7.44939
-14.3502	-9.18744
-10.5545	-8.97463
-10.8233	-10.3441
-11.9419	-11.8728
-10.7243	-9.09128
-13.3919	-11.4812
-14.3073	-11.6137
-13.1545	-11.9314
-13.4978	-9.75193
-12.8764	-11.242
-14.0849	-10.4789
-13.3323	-8.79923
-13.2296	-12.0426
-12.1888	-11.3615
-13.5018	-11.3212
-12.3153	-10.2412
-14.3452	-9.21269
-14.7885	-11.071
-14.8935	-10.004
-13.8817	-7.73791
-12.4424	-10.4372
-14.6936	-9.97377
-10.9972	-9.79646
-11.9985	-11.6511
-13.0925	-10.284
-11.8476	-10.0152
-11.1807	-12.3174
-11.8431	-9.19692
-13.8027	-10.8078
-11.2992	-9.77137
-13.7207	-11.2418
-12.0538	-11.7935
-11.6946	-11.8334
-12.6427	-10.4367
-14.4217	-11.0132
-12.6876	-9.21352
-12.9632	-11.5218
-13.9832	-7.665
-12.7503	-11.9236
-11.9737	-9.97336
-7.94259	-14.1396
-14.3486	-9.25655
-14.1143	-11.2293
-12.6457	-10.2341
-12.9179	-11.6121
-13.1438	-11.3503
-13.4949	-8.68358
-10.4459	-11.3935
-12.6985	-9.25713
-13.9934	-11.14
-13.2516	-11.0467
-12.1779	-10.4964
-13.3983	-9.20111
-12.8454	-9.02624
-12.6582	-9.08729
-12.9466	-8.56128
-14.3829	-10.8874
-14.3053	-9.96777
-12.409	-10.3676
-14.1724	-10.1851
-12.5624	-10.6371
-12.6386	-11.5674
-12.8445	-9.2046
-12.7866	-9.27894
-13.8642	-10.7645
-14.2314	-9.04765
-13.1348	-9.10094
-12.6175	-11.5688
-13.3332	-10.1501
-10.3008	-9.86291
-12.4959	-10.8771
-13.2629	-10.5653
-14.859	-9.55389
-12.6307	-9.20607
-12.8941	-11.1459
-12.7057	-10.592
-13.0069	-11.6265
-13.5161	-10.898
-12.9579	-9.4971
-11.8346	-9.47463
-14.4883	-11.9596
-12.2121	-6.26729
-12.5467	-10.4057
-12.3787	-9.21001
-12.1635	-9.56178
-13.316	-10.3568
-10.0269	-9.71085
-13.4424	-9.08639
-12.3974	-10.9433
-13.0829	-10.3722
-12.2222	-9.99959
-13.563	-11.4122
-11.8583	-11.34
-13.5494	-11.4132
-12.5879	-12.0815
-13.5273	-11.6405
-14.2247	-9.01381
-14.2718	-11.1112
-12.904	-9.6921
-13.3856	-9.15652
-11.5277	-9.56967
-13.1087	-9.37625
-12.8058	-9.92743
-12.5591	-11.9038
-12.322	-8.40542
-12.451	-9.68475
-12.8409	-10.1808
-12.3105	-8.90496
-13.7896	-8.74563
-12.0683	-8.01094
-14.473	-10.9561
-12.6146	-10.4997
-11.1662	-10.7714
-12.7461	-8.81079
-12.8404	-9.67882
-11.9686	-10.104
-11.1891	-10.7754
-12.8334	-9.54117
-11.8619	-12.5432
-12.9905	-9.86036
-11.096	-10.0317
-12.6161	-9.9387
-13.9555	-10.8269
-11.9411	-8.99313
-14.7302	-9.99115
-12.6449	-9.9028
-13.4196	-10.6672
-11.2677	-14.0314
-12.3668	-11.0374
-14.0965	-9.48858
-12.2934	-10.1997
-12.6121	-10.4353
-14.206	-10.4648
-12.8359	-10.6051
-11.9952	-9.31916
-11.9676	-9.82385
-14.8511	-11.2079
-13.4351	-8.65079
-12.5116	-10.3094
-12.9947	-8.11915
-13.187	-10.4229
-14.3539	-10.3341
-12.7058	-11.454
-11.7753	-9.10652
-11.8152	-10.6416
-13.3236	-8.69373
-14.6066	-10.0761
-14.3241	-8.73095
-13.4606	-9.53436
-12.924	-9.89596
-13.8529	-11.2849
-12.5746	-9.62149
-14.2951	-9.63859
-12.1254	-11.6317
-12.7893	-11.3938
-14.2177	-10.9695
-12.6328	-8.76382
-14.0879	-10.9421
-13.8116	-10.6231
-12.0002	-10.9196
-12.4638	-11.2923
-12.0427	-8.65439
-14.864	-9.31823
-11.7376	-10.8817
-11.8572	-10.8226
-11.9798	-8.84028
-11.4139	-11.3581
-12.1747	-9.59933
-14.5373	-10.4607
-14.5063	-11.5868
-13.1403	-8.94081
-13.5311	-8.62436
-12.3207	-11.7343
-13.1447	-11.0072
-14.8584	-10.8987
-10.5372	-11.6696
-13.4282	-7.6552
-13.6571	-10.6199
-12.9325	-9.0937
-14.1817	-7.4112
-14.869	-10.7056
-13.3017	-9.49792
-12.2949	-10.5746
-11.53	-11.99
-13.2605	-11.0135
-12.8697	-9.93114
-10.8871	-9.97583
-9.48529	-11.2678
-14.7866	-10.6245
-12.3942	-9.80064
-14.4731	-11.3812
-13.0544	-11.6833
-13.9694	-11.0456
-11.4564	-11.1936
-12.9443	-11.2063
-13.5507	-9.51249
-12.9911	-9.3786
-11.9341	-11.5135
-11.5093	-9.7798
-13.2527	-10.3574
-11.6459	-6.30002
-12.4171	-7.15712
-14.2486	-12.2471
-12.4082	-10.9355
-13.4078	-9.87429
-12.2852	-10.3184
-12.8238	-10.8828
-11.4552	-10.086
-12.575	-9.14313
-13.7911	-9.48212
-12.7498	-8.36691
-12.6981	-9.52838
-13.6884	-11.5882
-13.0277	-10.3622
-4.19209	-8.17071
-14.8604	-8.47761
-13.5014	-11.1337
-12.3952	-10.1519
-12.0494	-10.9574
-10.5953	-9.55103
-11.5577	-11.0258
-12.6449	-10.3455
-13.6624	-11.9191
-11.8534	-9.61057
-14.3449	-9.40969
-12.5718	-9.28242
-13.5205	-11.2775
-12.7733	-9.77807
-13.0079	-10.8593
-12.3763	-9.01947
-12.7196	-9.99634
-14.7622	-10.602
-12.4586	-9.26851
-14.7763	-9.17808
-14.4646	-9.56605
-14.8569	-8.72247
-11.7141	-10.0545
-13.7937	-10.1526
-13.8152	-8.65674
-14.1467	-10.2878
-11.5851	-9.41788
-14.3216	-9.04485
-13.3223	-10.8289
-13.2235	-9.73914
-13.2131	-8.75391
-14.3462	-10.7811
-12.2491	-11.4509
-12.4422	-9.13407
-14.9324	-9.0035
-12.3922	-10.6999
-14.0107	-10.0309
-14.4773	-10.6659
-12.1465	-8.27801
-11.4758	-8.64653
-13.5479	-11.0248
-13.6699	-9.21368
-11.477	-11.5318
-11.0836	-12.0147
-13.5391	-10.367
-13.7362	-8.75711
-14.4289	-9.84096
-14.5141	-11.0861
-13.8076	-9.80153
-13.9316	-9.07922
-13.304	-11.125
-8.54586	-9.31587
-12.7052	-9.88328
-10.4815	-11.6068
-13.9344	-9.95055
-12.0783	-9.31691
-11.8893	-13.5912
-12.5745	-11.2095
-11.6982	-10.6144
-12.4053	-9.75906
-10.7498	-10.1569
-14.6201	-9.95105
-13.902	-11.6933
-13.4947	-11.5919
-11.1297	-7.4337
-11.2889	-9.47876
-14.3808	-9.7805
-13.6104	-10.0049
-13.0699	-8.88726
-14.3941	-9.01312
-14.2198	-9.43647
-11.407	-11.4504
-13.8461	-9.85579
-12.995	-8.00611
-13.4974	-9.30686
-13.9647	-8.73446
-12.7631	-9.48986
-13.538	-9.49994
-12.151	-9.71866
-11.0958	-9.63398
-13.3888	-8.48335
-13.3479	-11.9837
-11.6301	-9.07871
-11.6107	-13.5472
-12.1604	-7.72808
-13.308	-11.343
-14.1944	-9.9064
-13.6743	-9.25506
-11.8047	-10.1963
-13.2386	-11.1083
-10.9944	-11.9223
-14.2099	-11.3773
-11.6449	-9.70568
-12.4833	-10.4446
-10.8125	-11.503
-11.2128	-8.34696
-14.8411	-8.90585
-12.4654	-10.216
-13.9293	-10.0089
-12.5479	-9.84272
-11.2437	-8.58873
-13.8157	-7.5165
-10.4408	-10.9554
-11.458	-10.5714
-12.0773	-10.146
-12.2895	-11.4407
-13.491	-11.0095
-13.2206	-10.5292
-14.2115	-11.1447
-12.3576	-10.5864
-14.7049	-9.35498
-13.0331	-11.7136
-14.6409	-11.6731
-12.8513	-9.73544
-14.4001	-8.74836
-12.4334	-9.83039
-10.6923	-9.50223
-14.5906	-11.3021
-14.212	-10.6194
-13.1075	-9.3772
-13.3365	-8.01509
-13.1047	-9.28928
-11.4189	-8.98997
-13.1132	-11.2419
-12.5492	-9.1791
-12.1104	-10.2951
-11.87	-11.3657
-14.1797	-10.137
-13.165	-10.8877
-13.1977	-7.73756
-13.9291	-9.42536
-12.5778	-10.8142
-12.6928	-8.02436
-11.1672	-10.4212
-13.1287	-9.39542
-12.4243	-9.44464
-14.4635	-10.1183
-12.5545	-10.1916
-13.7051	-10.2054
-12.3936	-10.0099
-13.688	-11.0642
-14.7731	-11.9282
-12.7199	-10.5066
-12.7801	-10.0094
-12.2549	-10.1244
-12.7571	-9.27407
-11.095	-9.92767
-14.2496	-9.11015
-12.8397	-10.565
-12.5038	-11.0065
-14.3137	-10.7734
-12.4387	-11.7765
-13.6337	-10.7579
-11.592	-10.7045
-13.1351	-10.0879
-14.939	-8.34422
-14.3933	-11.5994
-13.6739	-10.9932
-14.5342	-11.7921
-12.743	-11.6642
-10.9064	-10.4982
-14.1472	-11.0529
-11.6874	-10.2932
-13.1943	-10.431
-14.0127	-8.19194
-13.7172	-10.9769
-11.8657	-11.0833
-11.8889	-9.3506
-13.134	-8.09597
-12.1045	-11.0364
-12.7308	-9.70663
-11.3846	-12.9674
-11.5887	-10.8555
-12.6816	-9.7682
-13.4799	-9.98096
-13.3119	-9.64468
-13.4883	-10.0623
-12.641	-11.8195
-12.1586	-10.5982
-13.6543	-10.4169
-14.349	-9.66441
-14.1692	-9.82112
-10.5844	-10.4193
-13.6066	-10.2942
-12.5188	-11.312
-12.9408	-11.4079
-14.3915	-8.83643
-14.7386	-10.923
-13.8277	-10.0198
-13.8746	-10.2042
-10.122	-9.12073
-13.8147	-8.01963
-12.7575	-10.0485
-13.0517	-11.1474
-14.6599	-11.4203
-10.5044	-7.88599
-12.6429	-10.6361
-12.1899	-8.76069
-13.5097	-11.8128
-14.2039	-9.11879
-13.7159	-9.30439
-12.9137	-10.1904
-13.5217	-11.4994
-12.3559	-11.6943
-12.5266	-12.0219
-12.9026	-10.0452
-14.5429	-11.6007
-11.1661	-10.6053
-11.5364	-9.47144
-11.803	-10.089
-14.3435	-10.6006
-14.4914	-6.59463
-12.7318	-9.00676
-14.3249	-7.63937
-12.497	-9.87116
-14.0877	-11.4631
-12.1674	-10.1088
-12.6802	-11.3356
-12.8565	-10.072
-12.8254	-8.81361
-13.8828	-9.90373
-13.808	-7.68092
-12.1163	-8.89038
-14.8541	-9.43161
-13.9328	-11.0954
-12.4771	-10.6002
-12.1081	-12.1263
-12.2846	-9.2289
-14.157	-11.108
-12.6975	-8.19921
-12.774	-10.7995
-12.8383	-11.617
-13.7227	-10.2302
-11.8964	-11.6292
-14.6906	-9.63297
-12.5839	-11.6273
-13.7725	-9.27191
-12.5203	-8.67251
-14.0187	-10.6603
-13.6259	-7.93525
-13.2048	-9.45575
-11.5689	-10.1692
-12.4834	-9.64153
-10.6853	-9.21033
-13.2057	-10.4878
-12.0781	-11.9335
-13.9261	-10.4765
-12.7541	-11.9743
-14.9411	-11.2348
-12.7022	-9.7605
-12.2951	-10.8782
-11.3793	-9.50131
-13.6493	-10.2019
-12.3512	-9.97917
-10.8427	-10.245
-13.4928	-8.75076
-14.3773	-10.6188
-13.4717	-9.02923
-13.4334	-9.56423
-14.3089	-7.21529
-14.8656	-9.25289
-12.6456	-11.2148
-13.8452	-9.14924
-12.3093	-11.9081
-10.8647	-12.5331
-11.6772	-10.1966
-13.3344	-10.7963
-14.9004	-9.62894
-12.5977	-10.2126
-13.0857	-9.27904
-12.2661	-10.7003
-12.8044	-11.6235
-11.8419	-10.8892
-12.9994	-9.85694
-12.1142	-9.05911
-14.8195	-9.72747
-12.6977	-9.55505
-12.1907	-10.4883
-13.6259	-10.1764
-13.4786	-9.64433
-12.5831	-10.2305
-12.522	-10.9745
-12.6996	-11.0592
-11.7008	-10.1579
-12.9392	-10.9907
-14.5635	-9.28828
-13.8372	-9.4697
-12.6399	-10.5287
-12.6809	-8.51563
-14.7871	-10.3877
-14.5232	-8.86011
-12.3739	-11.9765
-14.6481	-10.3157
-13.1136	-10.5008
-12.7644	-9.58747
-11.6619	-9.64409
-14.1787	-8.86944
-11.1055	-10.0013
-12.441	-8.8337
-14.7123	-11.1199
-14.1602	-9.20534
-12.9322	-11.7427
-13.4448	-11.217
-11.2899	-9.98647
-14.908	-10.8156
-13.8399	-11.3271
-13.9619	-9.7381
-14.8313	-9.86488
-14.4557	-8.68268
-13.1425	-10.3889
-13.1054	-6.80182
-12.1248	-9.32285
-13.3723	-10.8952
-13.7455	-9.64866
-13.0359	-9.06831
-12.0013	-9.46199
-13.5238	-11.5966
-14.1964	-11.8809
-14.073	-9.88117
-12.5827	-10.7825
-14.4075	-8.92305
-13.599	-11.4658
-12.3209	-9.67831
-12.7787	-9.00454
-13.6853	-9.76273
-12.9804	-10.0958
-13.6888	-9.50557
-14.4922	-9.65154
-12.408	-9.13862
-11.0925	-9.05369
-13.1041	-11.6299
-12.1624	-10.8842
-12.9295	-8.95533
-14.1047	-11.1042
-14.277	-10.6014
-13.4476	-10.3563
-13.5148	-7.81739
-13.9098	-10.7588
-12.9065	-10.426
-13.108	-10.0501
-12.0193	-7.65953
-12.0602	-8.20122
-14.6963	-11.3109
-14.856	-8.77451
-12.5813	-10.9547
-13.8515	-8.61172
-12.4934	-9.65441
-12.7297	-10.0724
-12.1234	-9.98884
-8.38516	-12.795
-13.9157	-10.3013
-13.4715	-8.51056
-12.834	-11.0191
-14.8152	-11.9571
-12.5169	-11.4177
-13.4455	-10.3721
-12.3435	-11.2325
-12.9985	-9.29038
-13.191	-9.51085
-13.6277	-8.44125
-11.6747	-11.1292
-12.0643	-9.02424
-14.3422	-11.013
-11.9904	-10.3487
-11.4232	-9.47235
-13.3058	-9.08097
-12.9688	-10.3723
-13.8134	-10.7115
-13.7577	-10.2959
-13.1732	-10.7474
-14.6846	-11.2386
-14.4883	-9.50656
-14.584	-10.8275
-13.4035	-10.9116
-12.7271	-9.34001
-11.5711	-10.3177
-14.0188	-10.436
-13.656	-9.62936
-11.7279	-7.75115
-12.9225	-10.3022
-13.6943	-8.09527
-12.1497	-9.987
-13.5662	-8.951
-13.0084	-11.3942
-13.5977	-9.53166
-13.6551	-11.7791
-13.0487	-11.3914
-14.4975	-11.8498
-12.9446	-10.5147
-12.9963	-9.65415
-11.2946	-9.62794
-12.9889	-9.62689
-12.8698	-9.62952
-11.676	-9.84316
-13.4147	-10.1154
-13.1917	-10.93
-11.284	-11.7701
-7.5414	-9.40133
-14.6619	-8.06314
-14.0833	-9.68103
-12.2629	-10.0017
-14.6062	-10.7488
-13.2015	-11.1968
-12.0602	-10.0202
-10.937	-11.1027
-12.9073	-11.6119
-12.9961	-10.3098
-13.1773	-10.5134
-12.4993	-9.69363
-14.2855	-9.55366
-14.9831	-10.8573
-12.8455	-9.31611
-13.0664	-10.6479
-13.2083	-10.5337
-12.7492	-8.47836
-10.6817	-10.6017
-12.0985	-10.0582
-13.9787	-11.4602
-13.9733	-9.56331
-14.604	-11.992
-11.681	-10.3419
-12.2524	-9.78283
-11.8218	-9.25121
-1.50157	-2.93387
-12.6107	-11.7036
-11.5929	-10.1693
-14.9816	-9.01744
-13.3698	-7.80833
-12.7726	-10.0883
-10.7392	-9.0325
-12.5336	-9.63815
-14.4233	-10.5193
-13.1085	-11.483
-13.6407	-9.73355
-12.8372	-10.1432
-12.4864	-10.9863
-13.5672	-10.8079
-11.7726	-11.1054
-11.1854	-9.48521
-11.9517	-11.9759
-12.4523	-11.7642
-11.7076	-10.2329
-13.8218	-10.9499
-12.4686	-8.83081
-13.5745	-11.8912
-12.0863	-9.44634
-14.1574	-9.28356
-12.5504	-9.16213
-14.3814	-8.88293
-11.6609	-8.91262
-13.3427	-10.9687
-14.1783	-11.8733
-12.4159	-11.4486
-12.8357	-10.2742
-11.4136	-12.7283
-13.866	-11.7825
-14.8388	-11.0842
-12.3978	-7.99374
-13.0076	-11.2268
-13.4066	-8.76512
-14.6318	-7.95617
-14.2707	-9.99351
-14.1814	-10.8816
-14.0894	-9.78519
-8.86218	-8.25697
-14.2405	-10.4616
-13.1227	-11.2357
-14.6374	-10.0445
-11.4548	-11.5131
-12.7504	-10.1801
-13.7407	-8.52863
-13.7337	-10.0304
-12.5065	-10.4637
-13.3939	-11.5003
-11.2301	-9.88018
-12.4918	-8.96946
-13.9088	-10.5629
-13.2414	-9.89162
-12.8035	-10.4293
-14.0412	-10.9374
-13.5315	-8.82593
-13.3736	-9.77675
-10.9358	-10.0243
-12.9609	-10.091
-13.9879	-10.0059
-13.6591	-8.38781
-14.3415	-9.93767
-14.2149	-10.8377
-11.6614	-10.4339
-12.2052	-9.73482
-13.7389	-10.0705
-10.5458	-8.64337
-13.4808	-9.6242
-13.8912	-7.63132
-14.757	-10.4974
-11.8435	-9.97294
-11.7179	-9.67676
-12.9739	-10.272
-14.3217	-9.72648
-12.3416	-9.46066
-14.9058	-11.5156
-12.2078	-10.5217
-14.7641	-10.0007
-13.4592	-11.3478
-12.2831	-10.64
-12.0457	-11.1414
-13.2457	-9.70706
-14.6006	-11.4613
-14.8988	-7.30841
-14.606	-10.7013
-11.4008	-8.50559
-13.9607	-9.30376
-12.4857	-11.2958
-12.8392	-10.8633
-12.0251	-8.89116
-14.5037	-9.15389
-14.9198	-11.2694
-12.9634	-9.56435
-12.9743	-11.9537
-14.2761	-10.3638
-12.6623	-8.19057
-12.2221	-11.1059
-12.9742	-9.8239
-13.1474	-11.2686
-14.0872	-9.35169
-13.1416	-9.94082
-12.9759	-9.91681
-12.152	-10.3325
-14.6966	-11.201
-11.3971	-8.82972
-13.0292	-9.3099
-14.5506	-11.5606
-13.3301	-11.3319
-13.7167	-9.3167
-13.5021	-8.75234
-14.2345	-9.58934
-14.5901	-10.5551
-14.1681	-7.52011
-12.8254	-10.711
-13.1444	-10.8354
-14.364	-11.8665
-12.398	-9.70845
-14.3472	-9.75262
-12.173	-9.36196
-12.1934	-10.7152
-12.8001	-10.2432
-13.4698	-8.85866
-14.9616	-9.18415
-12.6027	-11.0224
-14.0057	-9.61753
-13.1778	-9.38144
-13.9389	-10.2986
-12.8084	-9.16853
-10.5489	-9.07979
-12.8012	-10.4339
-12.934	-8.9186
-11.5202	-10.2982
-12.1385	-10.4762
-11.8766	-9.68482
-12.4819	-10.8117
-13.9942	-10.171
-12.8254	-11.4855
-13.7024	-10.0459
-12.5297	-11.1782
-7.23171	-7.63194
-14.6999	-8.4304
-11.705	-9.37401
-12.5877	-8.20781
-12.8356	-11.4211
-14.3643	-11.2647
-13.1739	-9.29486
-13.5126	-8.34663
-12.9003	-11.7613
-14.0872	-11.7505
-13.3216	-10.8508
-14.5018	-10.0806
-12.026	-10.0228
-12.6722	-10.8744
-12.1855	-9.90875
-12.598	-8.71072
-14.4465	-8.46227
-13.9689	-11.4384
-13.8486	-8.97753
-13.9195	-11.8207
-13.9873	-9.71805
-12.7721	-9.72653
-11.9109	-8.38269
-11.6778	-11.6272
-10.7142	-11.4943
-9.66142	-6.79835
-11.9494	-10.0745
-14.4348	-10.8205
-11.8474	-11.7866
-14.2746	-10.2464
-10.1652	-12.9833
-11.8093	-11.7142
-14.2663	-11.9969
-14.4828	-11.0425
-14.6584	-9.8546
-13.4826	-9.54226
-13.2954	-10.3475
-11.0026	-11.7947
-13.0944	-10.5503
-11.3643	-9.82139
-13.6948	-10.599
-12.1991	-9.39068
-13.9574	-9.15645
-12.839	-7.72992
-13.3112	-11.0969
-14.6396	-9.34671
-13.3594	-11.0656
-12.5184	-9.35152
-12.153	-11.2757
-13.0162	-10.1788
-12.7783	-9.80688
-11.5852	-8.2574
-14.0004	-8.57717
-14.0989	-11.8464
-12.444	-11.0454
-11.8267	-8.82697
-13.5251	-9.05147
-11.7828	-9.40665
-12.5671	-10.8666
-12.784	-9.8123
-11.7857	-11.8288
-11.3241	-10.2516
-13.2781	-10.6899
-13.2978	-9.59602
-10.4393	-10.7281
-12.1749	-9.4856
-14.0813	-11.4345
-14.2197	-9.56624
-14.8888	-10.4618
-13.0569	-10.8486
-12.7885	-11.8169
-12.9969	-11.6631
-13.1293	-9.68268
-13.5348	-9.62655
-12.6232	-11.6153
-13.2186	-9.30035
-13.9671	-9.73365
-14.2327	-7.59958
-12.3388	-11.46
-13.6902	-9.82907
-11.2905	-10.3699
-12.8076	-11.1843
-12.2087	-11.7829
-12.8916	-9.77685
-10.9066	-7.74873
-12.5829	-10.6493
-13.9644	-11.2035
-14.7662	-11.7349
-12.2774	-9.28467
-14.2244	-10.1403
-14.055	-10.6709
-12.564	-8.12396
-11.4588	-10.6487
-12.3423	-10.0163
-14.8392	-10.7282
-13.8176	-9.81794
-13.8131	-8.75723
-14.3953	-9.58698
-12.4964	-7.53
-13.9186	-8.8095
-12.0691	-10.1221
-14.0689	-9.28796
-12.1318	-10.9136
-14.7875	-11.131
-13.6577	-11.8307
-12.8478	-9.30323
-11.1393	-10.1051
-14.2628	-9.64933
-13.3672	-9.91624
-12.6505	-10.0119
-11.7354	-8.90419
-12.8494	-9.59931
-13.1294	-10.466
-13.9972	-8.82051
-14.6249	-10.4304
-13.6952	-10.6602
-14.6036	-9.41678
-13.1277	-9.42152
-12.0467	-10.0742
-14.0242	-9.82011
-13.4106	-9.26651
-12.9061	-9.93684
-11.8238	-9.09419
-13.0957	-9.40169
-12.9693	-8.71235
-12.3701	-11.5567
-13.1738	-10.2215
-9.95881	-11.3928
-13.3268	-11.3647
-14.049	-9.34372
-13.7806	-8.98037
-12.7124	-11.5786
-11.7782	-10.0008
-12.8004	-9.21238
-13.2809	-9.56752
-13.0201	-9.35974
-14.1095	-11.5199
-12.0167	-10.7013
-14.0146	-10.9536
-11.6328	-8.19609
-14.3764	-8.82238
-9.73946	-13.656
-12.5975	-9.12126
-11.795	-12.2287
-11.582	-7.31253
-13.605	-7.90811
-11.7523	-12.3933
-13.2595	-11.0435
-11.8523	-8.96828
-13.1515	-10.0387
-13.7882	-9.02297
-13.8255	-11.009
-13.4005	-8.22757
-12.4327	-11.2129
-13.4825	-11.6946
-13.3685	-8.77985
-12.724	-9.61246
-13.4202	-8.46489
-13.3992	-9.38683
-11.9134	-10.4219
-12.7603	-10.5192
-12.6642	-10.0889
-14.9285	-11.0474
-11.6295	-8.75224
-13.4068	-9.81909
-14.1365	-9.63519
-6.5454	-5.78141
-11.6041	-10.1859
-14.4322	-11.8432
-13.8864	-11.3592
-11.1839	-9.75218
-14.5482	-8.41421
-12.511	-11.4346
-12.9335	-9.97442
-12.6275	-7.80312
-13.599	-9.56498
-12.1401	-10.4307
-13.8145	-9.08395
-13.6006	-9.32971
-13.286	-11.1126
-11.327	-11.3185
-14.0008	-9.64453
-13.1717	-8.94685
-12.8199	-9.92761
-14.5443	-11.7493
-12.5999	-9.36497
-11.5956	-12.2928
-11.2824	-8.44368
-9.76885	-7.64941
-14.1617	-8.12448
-14.0155	-9.19193
-11.705	-9.66126
-14.9984	-11.1803
-12.4411	-10.6995
-14.3608	-9.90054
-12.6374	-11.3488
-13.7474	-9.42211
-13.6326	-11.0335
-12.3782	-9.16316
-12.163	-9.92731
-12.7386	-10.5891
-13.5515	-7.9649
-12.9786	-9.18669
-11.1545	-8.24052
-12.372	-10.9597
-12.9369	-9.87458
-12.8779	-10.1906
-14.3077	-9.56798
-12.1389	-9.43209
-13.1711	-10.0674
-14.2848	-10.7778
-13.5935	-8.86284
-12.1077	-10.143
-14.7013	-11.0557
-12.9601	-9.39728
-13.1639	-9.47679
-9.5903	-9.81672
-13.8828	-9.77278
-12.1546	-9.80913
-11.9725	-8.42767
-12.0375	-11.1369
-13.7496	-9.90981
-12.7391	-10.3719
-9.83854	-11.9918
-13.8894	-7.74351
-14.539	-9.78098
-13.6675	-10.4163
-13.3621	-11.8782
-11.1147	-8.78929
-14.5002	-10.7302
-13.2645	-9.37199
-13.7744	-9.17819
-11.6545	-9.69112
-13.9209	-9.04406
-10.625	-9.34332
-12.4191	-10.5011
-12.9791	-9.50995
-12.4567	-9.22035
-12.5264	-8.16841
-12.7531	-11.2924
-13.9562	-11.4906
-11.0137	-10.5913
-11.7307	-9.64804
-12.8459	-10.6457
-13.1956	-10.326
-13.9212	-10.602
-12.5518	-11.7616
-10.9922	-8.20024
-14.7896	-9.83484
-14.5874	-10.7435
-11.5382	-8.9203
-14.8755	-9.35614
-12.3243	-8.60937
-13.6612	-8.89941
-12.4676	-11.9788
-11.2779	-10.6513
-12.5501	-11.7182
-12.4028	-9.75997
-11.5105	-8.14541
-11.6435	-8.60712
-10.9395	-12.3528
-9.70804	-10.8609
-13.9787	-11.2182
-12.2132	-9.66976
-11.7549	-10.2955
-11.476	-11.1004
-13.0116	-9.38179
-13.6233	-11.3624
-11.5686	-10.8899
-12.2946	-10.844
-12.8025	-11.0679
-13.3283	-9.68139
-12.853	-9.57326
-12.604	-9.82655
-12.3813	-10.8258
-12.4802	-9.98433
-10.8831	-13.1965
-14.1897	-10.1763
-13.9945	-11.8128
-12.5648	-9.83146
-12.3006	-9.13269
-13.175	-9.27768
-13.2668	-9.33535
-13.5797	-7.95223
-12.6547	-10.53
-12.4971	-10.1642
-12.2066	-10.4127
-13.8415	-11.5964
-14.4166	-10.625
-14.1571	-11.0419
-12.4668	-11.2141
-12.1014	-8.70248
-14.6115	-9.02617
-14.7823	-10.4329
-10.9793	-8.75476
-11.6406	-9.30439
-11.4879	-10.244
-12.3754	-11.0736
-13.5299	-10.5146
-12.2225	-11.0015
-11.589	-11.8159
-11.4263	-12.5138
-14.154	-10.0469
-14.2733	-9.39387
-14.7282	-10.0802
-12.4671	-9.621
-12.7519	-10.8552
-12.1244	-10.2953
-12.5947	-7.86828
-14.622	-9.79589
-12.6561	-11.8977
-14.7748	-11.4589
-14.4194	-12.0509
-13.0455	-10.8397
-12.5986	-11.0179
-13.0439	-9.6725
-14.8647	-10.5414
-13.1524	-10.5892
-12.3092	-11.6368
-10.8497	-11.2426
-12.2159	-8.999
-12.8937	-8.17384
-13.9209	-9.09564
-14.5568	-10.5761
-12.9766	-10.0847
-13.5447	-10.9983
-14.5623	-9.56772
-14.4166	-11.1097
-10.6056	-12.0753
-12.8115	-8.15685
-11.6259	-11.0029
-14.2249	-10.1739
-13.7274	-10.2726
-12.6389	-10.1985
-13.4479	-9.38079
-13.5033	-8.96288
-11.6184	-10.242
-12.9163	-10.428
-10.3836	-11.7374
-13.0034	-10.5208
-13.5105	-9.99762
-14.6836	-9.33483
-14.3635	-10.0354
-14.9017	-10.547
-13.6149	-9.7664
-14.307	-11.5029
-12.5484	-10.8918
-12.9365	-11.6807
-11.9817	-9.33547
-12.2418	-9.35269
-11.705	-9.65605
-12.4702	-11.0419
-12.2288	-11.0884
-13.1529	-10.9987
-14.0132	-11.0503
-13.7976	-8.73465
-12.9211	-10.8653
-11.956	-11.0053
-12.4528	-8.15013
-14.6929	-10.394
-13.6372	-10.8344
-14.3623	-11.47
-13.4965	-9.17243
-12.7555	-7.15246
-13.636	-9.58752
-12.8871	-9.26758
-14.4166	-9.92679
-12.3997	-11.2947
-11.3409	-9.58898
-11.9022	-9.11447
-11.9264	-10.2733
-13.676	-10.5541
-13.5865	-9.12877
6.13398	-11.4512
-14.9356	-9.19234
-13.8642	-9.84849
-13.7439	-10.5351
-12.6901	-10.6472
-13.0227	-10.351
-7.03049	-9.86994
-12.472	-10.8934
-12.8141	-10.3021
-13.8519	-11.6209
-14.1849	-10.7962
-12.7984	-11.0111
-12.6382	-10.8616
-13.7712	-9.47607
-12.9015	-11.6475
-12.9497	-9.20086
-12.2846	-10.0524
-13.4043	-10.1706
-12.2438	-9.85917
-12.4611	-9.18804
-14.0687	-10.3711
-11.9926	-9.66571
-13.6141	-9.69162
-12.7658	-9.97501
-13.3933	-8.66359
-10.698	-10.1279
-12.8732	-10.2354
-14.982	-10.3028
-14.082	-9.14041
-12.9489	-10.4723
-14.0538	-9.10964
-14.4563	-10.6075
-12.8036	-10.7321
-14.387	-11.4437
-11.7144	-10.5183
-13.6891	-9.22004
-13.1731	-11.2829
-14.3589	-10.8772
-14.8686	-10.1567
-12.2065	-10.5525
-13.2718	-10.7536
-12.6732	-9.42839
-11.0005	-10.6486
-10.6901	-9.34199
-14.3858	-10.6743
-11.3136	-9.27988
-13.0913	-9.70577
-12.6807	-10.2626
-12.2551	-9.44838
-12.5901	-10.2053
-13.2548	-9.99149
-12.1076	-10.0961
-14.6663	-9.56272
-14.5536	-10.9299
-14.5135	-10.6677
-13.1065	-9.18561
-12.2382	-9.91174
-12.6676	-7.76241
-12.251	-11.2468
-13.837	-9.40396
-12.1603	-11.7649
-14.562	-8.36068
-12.3444	-9.10363
-12.2895	-11.7812
-13.179	-9.58857
-13.8132	-9.84793
-12.5444	-7.94945
-12.6583	-10.1127
-14.1079	-9.56275
-13.4097	-8.79897
-12.0267	-9.89593
-14.1589	-11.5866
-14.3704	-9.69308
-13.9406	-8.64433
-14.5274	-10.1465
-13.9053	-9.21036
-14.9871	-11.2818
-12.3375	-11.3741
-14.7256	-8.59893
-11.1345	-11.0004
-12.5808	-8.08452
-13.9945	-11.637
-11.68	-10.9676
-13.8308	-10.561
-12.3083	-9.43037
-13.7061	-10.2053
-12.7907	-9.60028
-12.5674	-10.911
-11.5531	-10.5476
-12.1795	-9.13922
-12.5161	-11.3601
-13.0981	-9.60918
-13.3676	-11.8812
-11.3282	-9.69144
-12.5077	-9.75882
-13.3281	-8.28808
-13.0608	-10.6701
-13.7137	-11.495
-14.0316	-8.17058
-11.7611	-7.97471
-13.1826	-11.0785
-12.0337	-10.6982
-14.0971	-10.4952
-14.488	-11.409
-14.1537	-11.8908
-12.0092	-9.28124
-12.4663	-12.0551
-14.3321	-11.2391
-14.9465	-7.77101
-11.9794	-9.04722
-14.1844	-10.2205
-12.4257	-11.6559
-13.4724	-10.0325
-13.4533	-11.1258
-11.4716	-8.72261
-13.5881	-10.4009
-12.2885	-11.7938
-13.64	-9.05762
-13.8007	-9.10006
-12.5183	-6.71502
-14.0347	-9.47319
-14.1038	-10.2451
-10.9291	-8.81413
-12.5333	-10.4231
-9.03444	-10.3464
-12.1937	-10.8702
-12.3806	-10.1069
-11.6176	-11.3776
-13.1367	-12.0572
-12.2207	-11.6712
-13.5358	-11.9546
-13.4422	-8.05229
-14.7235	-8.40093
-11.7238	-9.7088
-12.2631	-11.2172
-12.5147	-10.0847
-9.07848	-8.11083
-12.8743	-10.8856
-13.3146	-11.995
-14.2297	-11.6164
-11.4021	-10.0848
-12.9309	-11.2105
-13.7525	-10.9712
-13.5434	-11.0758
-10.9353	-9.93771
-12.7128	-10.2009
-13.5572	-11.1644
-11.9446	-8.66135
-11.979	-10.3768
-12.3621	-9.92969
-12.6926	-10.4343
-11.5878	-11.3228
-13.7129	-9.01028
-14.7269	-9.40006
-14.6134	-11.9534
-14.4522	-10.1495
-14.7667	-8.76906
-12.1213	-11.7196
-14.1105	-10.0576
-14.3226	-10.3018
-12.7998	-11.5221
-12.5974	-10.0999
-11.5004	-8.76278
-11.4891	-10.0323
-13.0257	-10.6427
-13.6404	-10.5073
-11.7756	-10
-13.6044	-11.757
-13.0711	-8.96469
-11.7235	-9.3719
-11.9312	-9.29747
-13.4225	-7.86176
-13.8382	-10.6172
-10.6964	-9.56966
-11.9632	-11.0328
-11.1314	-10.6658
-12.9253	-8.78563
-12.797	-9.2288
-12.7556	-8.1367
-13.9636	-9.41492
-11.3081	-11.3525
-11.753	-8.07558
-12.2487	-8.79362
-13.804	-10.0236
-13.6146	-10.9085
-13.8883	-10.5744
-10.3369	-9.83205
-14.9357	-10.0202
-14.1535	-9.5272
-13.9192	-9.92213
-14.3317	-9.3038
-12.3631	-9.75488
-14.0206	-10.3083
-12.9203	-9.00097
-13.6	-10.2788
-11.7592	-10.588
-13.019	-9.59162
-12.3838	-11.285
-12.364	-10.8076
-12.3473	-10.5714
-14.1221	-10.0449
-11.7606	-11.1124
-11.6947	-9.73447
-13.2731	-11.7278
-14.8234	-9.01397
-13.1254	-10.8442
-12.703	-9.30741
-10.3519	-9.78759
-11.8382	-9.42199
-13.272	-9.48864
-12.5839	-8.95691
-12.4823	-8.26012
-13.1221	-9.49283
-13.6384	-11.1064
-14.6714	-11.3225
-12.788	-10.8941
-12.1538	-8.43253
-12.9234	-9.80983
-11.0676	-12.8847
-14.4818	-8.46016
-14.9754	-9.30167
-12.7497	-8.60416
-14.8609	-9.67356
-12.7663	-10.5683
-14.5628	-8.96143
-11.9486	-10.362
-12.9132	-11.7732
-11.9333	-11.9517
-12.7538	-10.1425
-12.5221	-9.90493
-12.8919	-11.4096
-10.7829	-8.48413
-13.4177	-10.1015
-13.3229	-9.51748
-14.8478	-8.08823
-12.8189	-10.388
-13.4584	-11.6898
-12.5462	-9.77171
-11.7818	-9.23735
-11.5532	-11.1204
-11.769	-9.7749
-13.1605	-9.4721
-11.834	-10.3362
-13.4129	-9.61724
-13.1913	-11.689
-14.2314	-10.1579
-12.2222	-8.91148
-11.9447	-10.6333
-12.6816	-9.56638
-13.4111	-8.82803
-12.346	-8.44592
-12.9502	-9.67458
-12.5687	-10.2461
-14.099	-11.4728
-13.9667	-10.369
-13.4285	-9.19522
-14.3138	-9.37068
-14.021	-9.20568
-12.4383	-8.94456
-14.7387	-9.8936
-11.7978	-11.3703
-14.5462	-11.1652
-12.9409	-9.23797
-13.7407	-5.99833
-14.3818	-10.9433
-11.6702	-10.6942
-13.1664	-9.25816
-11.844	-12.0203
-12.7014	-10.2225
-12.943	-9.56671
-14.6486	-9.81658
-10.8809	-9.99582
-14.8561	-9.8552
-12.1622	-10.2267
-11.0884	-9.3402
-13.8704	-8.61728
-13.2297	-9.69136
-13.8365	-9.68649
-13.4326	-11.6596
-12.4986	-10.5503
-14.049	-9.26217
-13.96	-9.05981
-11.0927	-10.5242
-10.1506	-8.00255
-12.8449	-7.90278
-12.6125	-10.9128
-11.5316	-8.86088
-11.5412	-10.6891
-12.0154	-8.70748
-13.1579	-11.0771
-14.7585	-9.10597
-12.6936	-11.3916
-13.1166	-9.76571
-12.1419	-10.6943
-11.1052	-10.3278
-13.4481	-10.5599
-14.4196	-9.22716
-13.0936	-10.4275
-13.6366	-9.78282
-11.8106	-11.4671
-12.5676	-9.69112
-13.6404	-8.91039
-10.2498	-9.47447
-11.1456	-8.11823
-13.1087	-9.45752
-13.7692	-8.46961
-11.8759	-10.1282
-12.8352	-8.09113
-14.2047	-7.56739
-14.7735	-11.0398
-13.1785	-8.88974
-13.2349	-10.7168
-12.278	-8.47639
-12.9481	-9.87214
-12.1142	-9.18777
-13.1273	-10.0091
-14.0894	-9.77474
-12.6025	-11.7259
-12.6539	-10.4583
-10.856	-11.1211
-12.0857	-10.2138
-14.1904	-9.54968
-12.8747	-9.46353
-12.6122	-9.38496
-13.3228	-9.93977
-10.0234	-10.6692
-14.856	-10.3449
-9.34114	-11.0121
-12.9032	-10.1749
-12.7849	-10.8977
-10.6658	-11.7265
-14.218	-9.83938
-13.4251	-11.4786
-14.851	-10.0937
-13.8305	-10.4369
-12.0852	-8.2575
-13.85	-11.861
-12.8546	-9.80221
-12.3661	-11.391
-11.6623	-12.6532
-12.7293	-9.77551
-14.0409	-9.58494
-12.2616	-9.16697
-11.1618	-10.3503
-12.0545	-9.78651
-11.8401	-9.63833
-14.8486	-9.57322
-13.074	-9.95408
-13.2623	-10.0284
-13.4833	-8.0166
-13.1736	-10.8899
-13.2415	-11.6163
-13.431	-11.3878
-13.211	-10.0104
-14.1222	-9.98445
-11.9826	-10.5351
-14.6611	-10.5176
-14.3636	-9.37066
-10.3056	-10.185
-11.8471	-9.66175
-13.5912	-10.7654
-12.2442	-8.48044
-14.3588	-10.1804
-12.3747	-7.62658
-13.1162	-10.4492
-12.6134	-9.29762
-14.2268	-11.3028
-13.4582	-9.87815
-12.3199	-9.10641
-12.0585	-10.0135
-12.3758	-9.48033
-12.5379	-10.3173
-13.5841	-11.0929
-13.8758	-10.7275
-14.2806	-7.28465
-12.5845	-10.6468
-13.2466	-10.5279
-14.5414	-11.0604
-11.0682	-9.70659
-14.1212	-11.5671
-12.1556	-10.5825
-11.3715	-10.6666
-12.8203	-7.86388
-12.9052	-11.0308
-13.8822	-9.65857
-12.8251	-10.2057
-12.1463	-10.2635
-8.23166	-0.663596
-14.1738	-11.2091
-14.0195	-6.90314
-12.4012	-8.9523
-13.4063	-11.1441
-14.2044	-10.4199
-14.2286	-11.4121
-12.1448	-11.1185
-14.2527	-9.31669
-12.2122	-10.2358
-12.0748	-11.188
-13.7816	-9.43542
-14.6473	-11.4153
-14.4929	-10.0434
-13.995	-9.37292
-14.4395	-11.836
-14.6892	-9.74735
-13.0629	-8.09616
-14.1171	-9.56603
-14.9219	-9.39433
-11.875	-11.8574
-13.1506	-11.2621
-12.5245	-10.5001
-13.7861	-11.5572
-13.6522	-11.7868
-13.0068	-9.4629
-14.8809	-8.3727
-11.9257	-9.32322
-11.8437	-9.28806
-12.4861	-9.35935
-13.5501	-11.067
-14.1666	-9.79921
-14.5058	-10.4196
-10.5736	-12.4317
-13.475	-11.147
-13.2787	-11.6354
-11.4689	-8.83752
-12.7749	-11.4945
-10.0203	-10.1737
-13.0211	-9.14158
-11.9576	-8.88048
-12.8123	-9.8783
-14.4327	-10.1859
-14.5946	-11.143
-14.6539	-10.1573
-13.606	-10.2682
-14.2038	-11.637
-8.97972	-8.75743
-13.3038	-8.49298
-11.5934	-7.43732
-11.0111	-11.0866
-14.5295	-11.6384
-12.2259	-9.22676
-12.1612	-10.0123
-14.8951	-10.7497
-14.5046	-10.6574
-14.7305	-10.8494
-11.4332	-10.7056
-11.3302	-9.98076
-13.0614	-10.4019
-14.1517	-9.84754
-12.9981	-10.2605
-14.0443	-8.24229
-12.9178	-10.7032
-13.4821	-10.3839
-10.9561	-8.69134
-13.62	-9.17003
-12.0259	-11.1288
-14.6397	-10.8088
-14.0231	-11.2604
-13.3224	-11.7105
-13.2723	-10.4624
-14.7695	-10.0458
-12.4936	-9.66525
-12.185	-9.9734
-12.1866	-10.8018
-12.1046	-10.8307
-13.6434	-10.3267
-13.7337	-11.0772
-11.4697	-12.1615
-13.4989	-9.33729
-12.9861	-10.5501
-14.6711	-10.1656
-14.1711	-8.72729
-12.7924	-9.39427
-13.5247	-9.74356
-13.6918	-11.8681
-14.9503	-10.9567
-13.7918	-10.1077
-13.1751	-9.51807
-11.5139	-8.91046
-13.3118	-9.39792
-12.0463	-8.68501
-7.87404	-9.52501
-12.6697	-10.4105
-13.4038	-10.9309
-14.6808	-9.65543
-13.2958	-8.51924
-13.7937	-9.44091
-12.9982	-11.6919
-13.4206	-8.97994
-12.3743	-10.7809
-12.1848	-7.87679
-13.3777	-9.25261
-14.5658	-11.7899
-8.43364	-5.88978
-12.9381	-10.7809
-14.5606	-8.8665
-14.2671	-10.2029
-14.0511	-9.95034
-13.8157	-9.15046
-13.7087	-8.18654
-13.4572	-8.99634
-10.2469	-11.4752
-11.0176	-10.948
-14.2229	-10.2018
-14.1687	-10.751
-12.6534	-10.6864
-13.5927	-11.0207
-12.014	-10.6555
-11.1273	-10.0934
-14.8444	-11.6282
-13.4489	-8.32339
-13.415	-9.69639
-12.0149	-8.51934
-13.2586	-10.7954
-13.2323	-9.55783
-14.7723	-10.5575
-13.5339	-9.15687
-12.6835	-9.89286
-10.6086	-11.0285
-11.251	-9.50358
-12.8168	-9.31666
-14.9868	-10.7161
-12.3891	-11.3865
-13.497	-9.7025
-10.9201	-11.4259
-14.9174	-10.8117
-13.4199	-7.77433
-13.0886	-10.0306
-12.4213	-8.44175
-12.2102	-11.365
-11.306	-9.23913
-13.9091	-6.93273
-13.4584	-10.0412
-11.917	-9.45988
-12.4066	-9.23598
-13.0019	-10.0853
-14.0808	-8.0436
-11.1246	-10.6241
-13.0384	-11.9241
-12.0747	-11.7412
-10.7806	-10.6305
-13.6254	-10.0901
-11.1067	-0.813258
-11.7002	-12.0714
-12.5657	-10.0947
-14.7756	-11.1338
-14.111	-8.20291
-13.2178	-9.30236
-14.4277	-10.713
-9.81697	-10.4069
-13.6194	-9.17654
-11.9646	-7.65073
-14.503	-11.9785
-13.0302	-9.66869
-12.1924	-8.95597
-14.6563	-8.78782
-13.11	-9.75947
-13.2477	-11.6969
-13.5979	-10.3946
-12.5728	-8.77743
-8.98783	-13.9165
-13.8038	-9.38016
-12.0603	-11.9493
-12.5696	-11.6393
-12.3706	-10.4543
-12.9634	-9.41307
-12.3206	-9.6985
-11.7173	-9.92797
-13.3826	-10.3959
-13.9064	-10.6944
-13.7407	-9.73573
-14.6688	-11.6763
-12.4551	-9.18461
-13.5832	-9.24207
-14.9739	-9.18657
-14.1526	-9.19637
-11.9257	-9.35382
-14.9806	-10.3845
-14.2901	-8.00996
-12.7549	-9.25205
-12.8304	-7.79031
-12.9373	-8.04854
-14.9986	-10.0481
-11.4962	-10.9598
-12.3179	-8.51364
-13.8731	-10.4377
-14.2783	-10.5504
-14.3697	-11.8078
-11.3774	-9.47013
-12.7628	-9.46141
-12.3377	-11.3132
-12.5004	-11.432
-12.6244	-10.5553
-13.5776	-9.87767
-13.051	-9.51198
-14.1696	-10.2105
-13.3331	-8.94774
-12.5653	-10.2972
-13.0424	-10.5375
-13.1597	-11.2915
-13.4444	-10.2699
-13.5297	-11.1751
-11.0339	-11.5602
-12.0017	-10.8559
-7.27902	-11.0641
-14.7581	-10.452
-12.2657	-10.8417
-12.9165	-9.30353
-13.515	-11.8764
-11.944	-8.16862
-11.6762	-9.43105
-13.2033	-10.6755
-12.947	-8.93553
-13.1508	-11.1415
-12.4403	-9.87535
-13.3093	-11.4441
-11.0974	-10.7299
-13.2287	-9.93841
-11.593	-11.6862
-13.389	-8.02645
-12.8346	-9.05327
-12.8751	-9.33527
-12.6476	-10.2891
-12.2019	-8.34547
-14.5144	-9.92795
-11.8874	-9.38326
-12.956	-9.12665
-13.9586	-8.98773
-13.0269	-7.66275
-12.2572	-7.96145
-14.6687	-9.94382
-11.6175	-10.3138
-11.0944	-10.0378
-12.6066	-9.62699
-12.8924	-9.64148
-13.085	-7.68099
-13.8724	-9.636
-13.0228	-10.4852
-13.6229	-10.9522
-13.5474	-8.891
-13.8499	-10.6739
-13.4093	-10.7414
-12.1906	-9.94587
-5.24074	-10.9566
-12.7357	-10.0395
-13.55	-11.4983
-10.9094	-9.52865
-12.2583	-10.4925
-14.5741	-10.6109
-14.4776	-11.7144
-12.4887	-9.71947
-11.5701	-9.41066
-14.4473	-8.61568
-14.1379	-11.0834
-14.9121	-9.29116
-12.357	-7.21203
-14.0588	-10.37
-13.493	-11.4105
-12.5138	-10.2403
-12.1948	-11.5692
-12.0091	-9.65723
-11.5117	-9.43133
-13.7491	-12.0492
-14.3498	-11.5106
-12.571	-10.7248
-12.0836	-10.9722
-14.4305	-10.0815
-14.2234	-11.0371
-10.2331	-10.4644
-12.4804	-9.12005
-13.3834	-10.5325
-12.1785	-9.22846
-12.9634	-10.627
-13.4627	-8.72359
-14.6605	-11.0944
-13.0996	-8.82647
-12.2743	-9.93124
-13.5692	-8.73999
-12.596	-10.9281
-13.6931	-11.3605
-14.1168	-10.2988
-13.7114	-10.4717
-14.0058	-10.7315
-13.3063	-9.67549
-13.3896	-10.3119
-11.4436	-11.8839
-11.3609	-10.9413
-12.0787	-10.607
-12.8636	-8.81333
-12.1792	-9.87878
-12.8945	-11.3373
-13.6875	-8.42626
-13.7719	-9.81716
-14.0342	-9.80032
-12.3976	-7.25916
-12.6206	-11.3428
-12.5801	-11.9438
-12.2262	-10.0961
-11.4622	-10.7108
-12.9233	-9.96847
-14.2744	-9.66941
-10.8854	-9.22303
-12.3896	-8.40123
-14.4176	-9.28632
-12.5976	-9.25892
-12.5234	-10.3336
-11.7223	-9.23841
-13.7716	-9.91283
-13.3675	-8.99946
-14.0419	-11.8352
-12.8417	-9.79263
-14.6199	-11.3243
-13.9748	-8.86337
-13.3821	-9.24173
-13.0566	-7.63394
-10.5327	-9.00949
-14.159	-11.9914
-11.6659	-8.78842
-12.8917	-9.1015
-13.4869	-10.0025
-13.4761	-11.7719
-11.9121	-10.8664
-14.4104	-9.71574
-14.1234	-9.97899
-13.2889	-9.20163
-13.3455	-9.63867
-12.1481	-8.12299
-12.3207	-8.53886
-12.9728	-11.4902
-13.123	-10.4981
-11.5157	-9.24065
-12.9193	-9.84955
-11.9786	-9.13942
-11.5225	-8.2027
-12.3893	-9.7612
-12.3575	-9.58718
-12.2102	-10.2662
-12.5747	-9.44259
-10.9597	-8.54828
-12.3759	-11.7009
-14.6222	-10.0112
-14.0959	-11.8623
-13.0804	-8.46803
-13.4554	-8.81256
-12.2042	-7.29476
-12.3056	-11.8758
-14.5295	-7.40475
-13.6235	-9.25751
-13.8168	-10.7449
-11.6538	-12.4647
-13.3402	-8.41363
-12.0159	-11.0112
-12.7423	-10.536
-12.5949	-8.4357
-14.0434	-9.48171
-14.9036	-10.5093
-12.8262	-10.5883
-13.0402	-9.85027
-13.9443	-10.2884
-11.9179	-9.85122
-14.321	-10.6059
-12.5684	-10.6903
-13.966	-11.0104
-11.7767	-9.97424
-11.6191	-11.2024
-14.8612	-10.1751
-13.5913	-10.2374
-13.5176	-9.42499
-14.5939	-9.96792
-12.5544	-9.98346
-14.9448	-11.714
-12.3769	-9.2727
-12.3031	-8.10359
-12.263	-10.8322
-12.3385	-10.8424
-12.9252	-9.23105
-13.3247	-12.0294
-14.832	-10.7819
-12.6384	-11.6922
-11.4142	-10.4628
-13.5857	-10.8493
-13.1293	-11.6629
-12.0828	-9.66062
-12.0353	-10.7702
-11.8956	-10.6713
-12.6662	-9.03002
-12.1521	-9.72544
-10.3583	-10.2163
-12.1608	-11.7925
-13.3467	-9.86839
-13.1733	-8.86127
-14.4442	-9.94191
-12.0185	-11.9231
-13.9618	-9.79663
-13.2522	-9.96009
-13.3322	-8.8664
-12.802	-11.9685
-12.0499	-7.06578
-14.6375	-11.1773
-11.2229	-9.98248
-13.1866	-10.4153
-14.4572	-11.1395
-14.2243	-11.6934
-14.7863	-8.69511
-14.0256	-7.67989
-11.7272	-10.9425
-12.3446	-9.31183
-13.9175	-10.1646
-14.4275	-10.3721
-12.8813	-9.28054
-11.3947	-9.54663
-14.4064	-11.541
-13.3822	-9.87398
-13.9028	-9.33176
-12.6628	-10.6303
-12.4567	-11.5439
-14.2961	-10.3711
-13.7445	-8.12023
-12.4057	-9.56621
-11.7769	-11.8975
-14.518	-10.6563
-13.7289	-8.62517
-13.1704	-7.51066
-13.61	-7.36338
0.261186	-13.3327
-12.8293	-11.2277
-13.2468	-11.4633
-14.4467	-9.91519
-12.7283	-9.26772
-11.3442	-9.5723
-13.7249	-9.96594
-12.3092	-9.50839
-12.7371	-9.32141
-14.1757	-10.0801
-13.9721	-8.99625
-13.4535	-9.12945
-10.0708	-8.92198
-14.4075	-8.97156
-13.0524	-9.20903
-12.0228	-10.1648
-13.349	-9.55218
-7.6104	-6.71125
-14.1351	-9.89328
-13.8018	-9.22627
-14.7368	-10.4087
-12.6186	-10.1078
-12.8954	-10.1662
-12.4353	-11.233
-13.5085	-11.8953
-11.2402	-10.8192
-12.999	-8.83391
-12.951	-9.26493
-14.3602	-8.2003
-10.3563	-9.86868
-12.0687	-10.6829
-12.7215	-9.85186
-13.1395	-10.3666
-14.1698	-9.02301
-13.1037	-10.8173
-11.7366	-9.03037
-13.2843	-10.274
-12.3826	-10.5264
-12.8125	-9.92179
-12.2283	-7.69883
-13.9233	-10.0729
-12.4669	-9.14951
-11.5612	-10.3623
-12.3677	-11.3854
-12.3679	-10.1741
-12.3693	-8.71806
-12.7428	-9.01706
-12.8331	-10.6069
-12.2005	-10.1078
-13.7792	-10.2726
-11.3971	-10.7827
-10.8757	-9.83081
-14.5726	-10.6379
-13.5867	-9.53105
-12.3419	-11.5162
-12.6056	-8.67394
-11.6831	-9.99906
-12.8897	-10.1175
-12.7534	-10.2955
-14.2619	-11.3892
-12.4498	-9.37158
-13.2406	-9.60281
-14.3434	-10.9683
-14.3792	-9.38673
-12.8802	-10.5151
-13.6724	-8.32363
-12.1152	-10.4782
-12.6105	-11.4676
-13.8932	-10.9147
-10.68	-10.7805
-12.8162	-11.8305
-13.2018	-8.6968
-11.9983	-10.4165
-11.3197	-11.0138
-12.3681	-9.39809
-10.8208	-9.94261
-12.7317	-8.94501
-14.1533	-9.16528
-12.4412	-11.1024
-13.3654	-9.78856
-12.9046	-9.49818
-13.5959	-11.0467
-12.9759	-10.5974
-12.3318	-10.5956
-13.2421	-10.6813
-11.8296	-9.90499
-14.5564	-11.9656
-14.9521	-9.30553
-14.1035	-8.79931
-14.7839	-9.65129
-14.652	-8.9094
-14.6726	-10.7455
-11.5794	-11.088
-9.2124	-10.0438
-11.0891	-10.5137
-14.5419	-9.7145
-13.0028	-7.47892
-14.7104	-10.7457
-14.2219	-8.56924
-14.4807	-12.0486
-12.1659	-10.3658
-12.9405	-9.47937
-14.3757	-9.22197
-12.2846	-11.7812
-10.761	-11.7525
-13.3913	-9.77906
-13.5361	-10.7872
-11.8302	-12.4422
-13.8558	-4.16234
-12.7143	-10.2431
-13.5539	-9.71249
-11.3077	-11.2585
-13.0037	-10.7761
-13.6016	-10.2431
-11.5088	-11.034
-13.8965	-11.4479
-13.3189	-11.1339
-13.1222	-9.74875
-13.3731	-10.1332
-13.0328	-9.58816
-13.3016	-11.2248
-14.2492	-10.6928
-12.9455	-10.6725
-12.2435	-9.9657
-12.5918	-10.2298
-14.6002	-10.605
-14.0798	-10.2778
-11.226	-12.071
-13.8409	-11.6267
-12.4301	-10.1826
-13.8311	-9.64694
-13.4533	-11.1268
-14.8672	-7.79868
-11.4464	-10.955
-12.1768	-10.7985
-12.0417	-9.60107
-13.9771	-7.95834
-13.5217	-10.0201
-12.3247	-11.8509
-12.2428	-10.3763
-14.3689	-9.65075
-11.4305	-10.0791
-14.8088	-11.0858
-12.3299	-11.3835
-13.3203	-9.09041
-11.266	-9.13699
-12.9401	-11.1963
-12.1504	-8.04777
-12.4361	-10.8488
-12.6103	-12.0551
-13.365	-10.1892
-13.9711	-11.9079
-11.3766	-11.9043
-14.5052	-9.02271
-14.1905	-11.0809
-13.2381	-10.8261
-14.1745	-9.28604
-11.4568	-10.1385
-12.532	-11.9348
-12.6917	-9.29782
-12.004	-11.481
-12.8205	-9.04713
-12.2688	-9.71791
-14.0839	-11.2864
-10.8306	-9.23982
-14.0727	-9.90645
-12.776	-9.87451
-11.9824	-9.38555
-12.5035	-11.76
-13.6268	-11.0188
-13.2912	-10.716
-13.3279	-11.4522
-13.9057	-10.911
-12.9518	-10.2257
-14.5384	-10.2211
-12.3549	-9.8374
-12.2947	-10.0504
-14.0325	-9.51754
-13.6772	-8.22221
-12.4238	-9.41017
-14.8157	-9.23031
-12.2768	-10.9291
-14.481	-9.31411
-14.6602	-11.4694
-13.9975	-9.63987
-12.1231	-10.9833
-13.4758	-12.2162
-10.6981	-9.68764
-13.2821	-9.83725
-12.7329	-10.409
-12.9252	-9.89205
-12.6198	-9.32056
-12.2583	-10.3082
-11.6738	-11.6833
-13.7072	-9.23827
-14.512	-7.35862
-14.2855	-9.75231
-13.0404	-11.8703
-12.7675	-11.3291
-12.2451	-10.9119
-12.017	-10.3616
-13.6017	-9.27756
-14.2483	-12.0035
-11.3336	-7.9459
-13.1371	-10.3209
-12.9737	-10.664
-12.8546	-11.5918
-13.1245	-10.204
-12.5257	-9.50546
-14.4591	-9.66002
-14.3045	-10.8681
-13.6032	-11.8592
-13.0593	-10.8496
-14.1543	-11.8571
-10.5816	-11.6059
-12.9348	-9.34531
-10.4541	-10.2952
-13.9804	-10.0219
-14.0834	-9.92449
-12.3687	-9.3962
-14.2408	-11.3466
-13.5944	-7.34928
-14.2062	-9.82829
-14.7032	-9.50882
-14.1861	-10.9965
-13.7802	-10.0431
-12.897	-11.1103
-8.89168	-9.0452
-12.1973	-11.7523
-11.9996	-9.67175
-12.79	-11.3818
-12.4834	-8.369
-12.8909	-9.7432
-12.8809	-10.2571
-14.9014	-10.6628
-10.4462	-10.8787
-14.0272	-9.80373
-13.9524	-9.69811
-13.1219	-11.4787
-13.0676	-9.6258
-12.2317	-11.4235
-13.9338	-8.48557
-11.8719	-11.8313
-11.9638	-10.9091
-13.4371	-9.53328
-13.2519	-10.2665
-12.7324	-11.4715
-14.4066	-8.50767
-13.6761	-8.71276
-14.7133	-11.2076
-13.7362	-11.4172
-14.108	-10.173
-13.7772	-10.5834
-12.2109	-9.06927
-10.5123	-10.0954
-13.9373	-10.0555
-13.4359	-9.21932
-13.2056	-9.96899
-14.0088	-9.94756
-12.0239	-11.7977
-13.6069	-11.317
-14.3103	-10.7452
-12.8568	-9.07232
-12.6583	-9.65476
-14.568	-9.8278
-13.0168	-11.2848
-12.8944	-10.5468
-14.4126	-9.32085
-13.2264	-11.394
-12.7561	-10.084
-11.5105	-8.75918
-12.7215	-10.0916
-13.0455	-10.8322
-12.4425	-9.34726
-12.5916	-11.0613
-14.4406	-11.379
-12.0011	-9.90507
-13.5146	-10.1313
-11.4693	-9.61573
-14.6714	-8.48921
-13.3676	-9.59079
-12.2476	-10.2531
-12.1354	-9.23617
-12.0607	-10.3932
-12.1701	-9.36983
-11.4284	-9.45698
-12.6302	-8.57099
-12.9466	-9.39194
-14.2858	-3.44081
-13.7017	-10.2552
-14.1288	-9.4526
-11.5745	-10.2898
-13.917	-10.9126
-12.9624	-10.0413
-10.2658	-9.67973
-11.7948	-9.60646
-12.5716	-8.35698
-12.7233	-10.828
-14.2561	-10.0537
-12.4432	-10.9376
-12.5817	-10.9563
-11.58	-9.24301
-14.2918	-9.73678
-10.7879	-10.3628
-12.2231	-10.9539
-12.1805	-9.7093
-12.1838	-11.4435
-14.7109	-9.2543
-12.384	-10.6361
-12.1408	-11.8999
-13.4852	-9.59295
-13.2881	-7.39766
-14.6047	-10.1816
-12.8977	-5.82167
-13.9728	-10.1625
-12.6741	-11.9919
-11.8484	-9.5037
-13.5625	-9.2091
-13.0943	-11.5187
-12.4725	-10.9669
-11.8728	-9.41775
-14.8655	-10.9307
-13.6424	-9.93856
-11.777	-11.5978
-12.8919	-10.845
-14.3154	-8.96047
-12.8116	-8.23405
-14.2705	-9.19633
-12.3659	-9.47687
-12.5186	-9.22217
-12.8895	-12.0118
-12.2816	-10.3901
-11.3986	-10.3411
-12.9094	-10.8126
-13.4618	-10.0932
-14.7421	-9.68284
-13.1004	-10.4249
-11.9074	-8.85303
-12.0043	-9.58461
-12.9371	-9.50676
-12.202	-9.25087
-12.5131	-8.72683
-14.2337	-11.2279
-12.2914	-11.2592
-13.6911	-10.1217
-13.5738	-11.2564
-11.0452	-11.2691
-13.201	-10.6414
-13.0491	-8.65869
-13.4055	-8.6122
-13.8822	-9.53078
-11.1185	-11.4035
-13.3251	-11.3232
-14.4132	-11.6709
-12.557	-11.1357
-12.1631	-9.53986
-13.4538	-11.1878
-13.0128	-10.7371
-12.3575	-9.85043
-14.961	-10.6202
-11.6907	-8.21619
-14.293	-10.1011
-14.2388	-11.0307
-12.1544	-11.1957
-12.7127	-9.52763
-14.0374	-9.63775
-13.5885	-11.2844
-12.0627	-9.08046
-12.3713	-11.2262
-12.4976	-9.51747
-14.7353	-11.6602
-13.4884	-11.1455
-11.4508	-10.957
-14.0469	-11.1778
-12.4452	-9.7153
-14.7261	-9.87526
-13.8168	-9.63833
-13.8722	-10.4784
-14.0352	-8.48308
-13.4334	-9.8606
-14.8602	-7.72478
-13.5658	-9.37113
-14.4269	-10.9277
-13.5317	-8.78147
-13.4719	-10.0287
-12.329	-10.1222
-13.5954	-8.23823
-14.118	-10.3421
-11.8802	-11.1874
-12.3853	-10.6173
-12.7705	-8.70968
-14.8299	-11.4229
-12.643	-9.69789
-12.7466	-9.74127
-14.5748	-8.90297
-12.6832	-9.091
-12.1932	-9.52422
-12.723	-11.2686
-10.9417	-8.31784
-14.0665	-10.8791
-14.6571	-8.81222
-13.7688	-9.4696
-12.7787	-11.7146
-13.9948	-9.10383
-12.6883	-11.7648
-14.0428	-9.73091
-12.2164	-10.9149
-4.13374	-7.06577
-12.6489	-10.5004
-13.5656	-9.8035
-12.3587	-9.97989
-14.0901	-9.29574
-13.6608	-9.57354
-11.6293	-7.92206
-12.3528	-11.2287
-12.0224	-9.70646
-12.4581	-10.2167
-14.1937	-9.17495
-12.0572	-9.62965
-13.8629	-10.013
-14.281	-7.97341
-10.952	-10.8442
-13.3068	-10.2201
-12.2035	-8.86321
-13.862	-9.33919
-13.4902	-9.26966
-12.2743	-11.0511
-10.8053	-11.1116
-13.5992	-9.92447
-12.5432	-8.14497
-12.1528	-10.7396
-13.7944	-9.32488
-13.7644	-8.23776
-11.9488	-9.10952
-13.6691	-11.5445
-14.0538	-12.1192
-14.8703	-9.31949
-12.0459	-13.2226
-13.6025	-9.09431
-13.284	-10.1516
-12.4537	-9.37076
-13.9212	-9.39954
-13.3575	-11.3251
-12.5734	-10.7214
-11.417	-12.0254
-14.382	-8.92418
-12.2991	-9.63036
-13.4241	-9.2249
-11.8858	-8.53716
-13.2186	-10.5931
-13.1423	-10.0726
-11.3106	-9.78761
-13.4423	-10.7318
-12.7068	-8.60118
-14.4474	-10.5705
-13.6228	-9.03748
-12.5154	-10.2073
-13.3304	-9.48202
-14.0695	-10.2921
-13.3081	-9.17826
-13.4944	-11.0696
-12.7705	-10.5626
-14.306	-11.4508
-14.1016	-11.6119
-12.7515	-11.9539
-13.3262	-10.4577
-13.7533	-10.7646
-14.0795	-11.2145
-13.0172	-7.5031
-13.7902	-10.8563
-12.139	-11.5749
-14.1151	-9.36185
-14.3732	-10.2207
-12.831	-10.7067
-12.2364	-10.2299
-13.4582	-8.80785
-11.701	-9.99741
-12.1618	-10.4371
-12.6241	-11.9045
-12.2296	-11.4297
-13.2928	-9.75943
-12.1395	-9.53299
-12.3642	-8.80772
-11.6844	-10.1881
-12.0428	-9.49139
-12.7493	-10.9242
-11.1311	-11.6403
-14.0458	-9.08654
-13.22	-10.0766
-13.8603	-10.3888
-8.05613	-6.02576
-14.7884	-8.83952
-14.3246	-10.4546
-13.232	-11.8597
-12.1548	-9.21128
-14.0392	-9.3747
-13.8324	-8.7715
-14.3011	-10.3137
-12.3884	-9.62218
-13.9754	-11.5708
-12.9948	-11.3494
-14.7185	-11.3592
-13.0248	-11.3207
-11.8462	-10.9468
-14.8257	-10.6794
-13.029	-9.40798
-10.2491	-11.5728
-13.0917	-10.6647
-13.1005	-8.25124
-11.3988	-10.4807
-14.2415	-9.41901
-14.5861	-9.19989
-13.3988	-8.67915
-14.0814	-8.93181
-14.49	-9.9871
-12.4791	-9.51751
-12.9196	-8.89996
-13.7407	-9.41546
-12.7508	-10.6936
-13.5176	-10.747
-12.563	-11.9515
-13.0052	-10.2579
-13.8505	-8.6809
-14.894	-10.763
-12.9588	-9.34422
-13.3977	-10.4057
-12.8109	-9.48433
-13.4249	-8.98867
-12.5912	-10.1737
-12.0647	-11.0194
-12.0992	-10.6912
-13.2737	-11.4865
-13.8929	-8.00961
-10.6844	-10.2028
-12.7508	-8.65945
-13.8224	-9.30176
-12.496	-8.26065
-11.6709	-9.554
-11.9666	-10.9801
-10.8885	-11.7497
-12.0233	-11.0933
-12.8291	-8.90948
-11.4646	-11.7442
-13.8508	-9.74665
-14.0091	-11.5743
-12.1507	-10.8163
-12.3955	-9.6921
-14.0081	-9.95817
-13.2447	-9.29479
-14.8759	-9.77038
-12.6745	-9.69597
-12.3793	-9.8383
-13.351	-9.1238
-14.7917	-8.80198
-14.3376	-9.78276
-12.3078	-9.55597
-10.3784	-9.15033
-13.5114	-11.0077
-13.4772	-9.71874
-12.7399	-8.56437
-13.0762	-6.35158
-14.8028	-9.10105
-13.364	-10.6095
-12.4898	-9.73561
-14.8104	-11.5398
-10.5185	-9.99237
-13.0513	-8.73457
-13.0456	-8.30796
-12.4416	-10.4602
-12.3548	-10.8977
-12.914	-11.8053
-14.3791	-10.7957
-13.1514	-10.9482
-12.3855	-9.2645
-12.0834	-10.966
-14.1669	-8.6755
-13.6724	-7.74583
-11.9566	-8.17065
-11.9589	-10.332
-13.7057	-9.27119
-12.4087	-11.9061
-13.4542	-10.9607
-14.4216	-7.27603
-13.152	-11.3878
-11.8048	-11.0095
-13.2746	-9.71661
-12.19	-9.32189
-13.927	-9.65226
-13.7012	-10.7563
-11.51	-10.0249
-12.0739	-9.85022
-12.99	-10.6704
-12.536	-10.8442
-13.7451	-10.8309
-12.0416	-10.6413
-10.9397	-10.9193
-13.2512	-9.40266
-14.0967	-7.75607
-12.7289	-9.9967
-11.3434	-11.6309
-13.6657	-11.1199
-12.9041	-11.1133
-13.0741	-10.3102
-13.8114	-11.4968
-12.2769	-10.8735
-13.1318	-10.9735
-13.5269	-9.42556
-12.9362	-10.9511
-11.8888	-10.8116
-9.8958	-9.07747
-14.3053	-8.94842
-12.6376	-9.15527
-13.0769	-11.3335
-12.327	-11.3724
-14.1136	-10.8129
-14.6087	-11.076
-12.2201	-9.92355
-12.9311	-8.27265
-13.0555	-9.93728
-14.2022	-9.623
-10.9713	-11.0293
-13.5138	-8.55807
-13.3348	-9.06528
-12.096	-10.7996
-12.5431	-9.71039
-13.4127	-8.99938
-13.8507	-10.7694
-13.3389	-11.1694
-13.6244	-11.5546
-13.3127	-8.8778
-12.8479	-10.832
-13.5131	-9.19496
-11.3496	-9.56874
-12.9939	-10.8562
-12.147	-10.067
-13.731	-10.5637
-12.2516	-9.47733
-11.8307	-9.09446
-12.1438	-11.8813
-13.2545	-10.1546
-14.0379	-10.8413
-14.3866	-10.858
-14.7544	-11.0406
-14.5491	-10.3543
-12.3478	-11.4464
-12.8021	-11.2944
-14.6435	-12.0349
-12.0164	-9.5541
-12.3497	-10.7255
-10.1243	-10.7367
-13.4113	-10.3888
-11.762	-8.58786
-11.885	-10.1131
-10.3329	-7.95695
-12.7153	-10.1382
-13.4209	-9.30862
-12.2436	-11.3176
-12.7259	-11.3455
-14.733	-7.88914
-14.1165	-11.1536
-11.6606	-11.2778
-14.0417	-10.0626
-12.7615	-11.3162
-12.4151	-9.23308
-13.8103	-10.4669
-12.6922	-10.6562
-13.3684	-10.5481
-14.6591	-11.9213
-13.4036	-8.42238
-13.3945	-8.28637
-12.9132	-9.75756
-11.9578	-11.412
-12.7742	-7.86689
-14.3379	-11.8758
-13.591	-8.43494
-13.4184	-9.30817
-12.3304	-9.93535
-12.8211	-9.07497
-14.4458	-10.7345
-14.8821	-8.54943
-14.7555	-10.1283
-12.2448	-8.90642
-13.0794	-11.243
-12.6885	-10.5928
-14.7547	-10.1795
-12.6555	-8.3316
-12.7835	-10.224
-13.5148	-9.25088
-13.3007	-10.6002
-14.1195	-9.4238
-11.2562	-8.99696
-14.7933	-9.38228
-13.6163	-9.23362
-12.3655	-9.6369
-12.4614	-11.7152
-12.8838	-10.4739
-13.1936	-11.5786
-14.0384	-11.0146
-11.4838	-11.2531
-12.5331	-11.06
-11.5429	-11.3136
-12.7091	-10.1737
-12.5647	-8.15974
-14.3606	-10.521
-13.4426	-11.6229
-14.7929	-9.0896
-13.4725	-11.0501
-12.9387	-10.2467
-12.514	-8.55629
-12.604	-11.4919
-14.1944	-10.7996
-13.0212	-9.27014
-13.2952	-11.1963
-14.7273	-8.64391
-13.9951	-8.61664
-13.3495	-10.4678
-13.2561	-8.92174
-13.8593	-10.7336
-12.4341	-11.8125
-12.9052	-8.71661
-13.3077	-9.56959
-13.6445	-10.814
-12.0733	-10.7174
-10.4084	-9.59841
-14.9618	-8.01321
-11.0951	-12.2194
-10.8409	-12.0793
-13.4208	-10.955
-11.366	-9.6611
-13.924	-9.19034
-14.1948	-9.77358
-14.4158	-11.3282
-13.8361	-9.58239
-13.3525	-9.57216
-13.0307	-9.42505
-11.8747	-9.00947
-13.7364	-10.2994
-13.6949	-8.77111
-13.5143	-8.30915
-12.1589	-10.3306
-11.6373	-9.60188
-12.2033	-10.9478
-12.4383	-11.6681
-14.9064	-7.48415
-13.3149	-8.96427
-12.3275	-9.85057
-12.8453	-10.35
-12.4347	-10.2732
-12.5195	-8.47054
-13.536	-10.3842
-13.2461	-9.36471
-13.9914	-8.53991
-12.8679	-8.01093
-12.9913	-10.5933
-11.9219	-11.8916
-12.071	-9.15177
-14.3412	-8.59884
-14.6523	-11.2766
-12.5482	-11.4105
-12.8459	-9.60562
-12.2219	-10.3823
-12.0875	-9.76863
-12.3294	-8.34323
-12.7657	-10.0803
-14.4733	-10.9522
-12.7982	-10.3991
-13.1272	-9.29299
-12.3325	-9.02806
-14.965	-10.6674
-14.3603	-10.2702
-14.0617	-8.37545
-13.9469	-7.25897
-12.3466	-10.9111
-12.741	-7.79692
-12.9082	-9.87641
-12.8474	-9.63171
-12.178	-9.81001
-11.1261	-10.3883
-12.6292	-11.6336
-13.9361	-12.1274
-13.8359	-9.57686
-12.2467	-9.67027
-14.3395	-11.0637
-12.4173	-11.5819
5.1553	-12.2058
-12.8637	-10.4566
-13.3403	-10.48
-12.8736	-11.3102
1.91564	-10.6672
-11.5821	-7.87432
-11.2052	-11.3745
-13.3645	-10.4745
-11.7009	-12.3266
-11.9426	-10.4048
-13.5946	-10.761
-11.4621	-9.31245
-13.8474	-9.73377
-13.155	-11.6185
-11.3195	-9.30239
-14.6776	-8.67813
-13.9552	-10.6818
-14.3648	-10.4014
-12.736	-10.0341
-13.1737	-9.83573
-1.29329	-12.4545
-11.2673	-10.6815
-10.5877	-9.34942
-14.9279	-9.6531
-13.3341	-9.58072
-13.0061	-9.99475
-14.5902	-10.9585
-14.5901	-9.90822
-14.1679	-10.0031
-13.8282	-9.65954
-12.0043	-8.57557
-14.7173	-11.2858
0.960967	-6.99103
-11.4071	-10.018
-13.424	-11.2306
-12.0862	-11.4463
-14.2059	-9.6351
-12.4194	-10.9694
-12.4031	-6.91514
-12.5252	-9.7818
-14.1294	-10.5112
-14.4046	-8.94106
-12.165	-9.57542
-13.2471	-9.61209
-10.845	-10.2906
-13.3051	-9.61632
-11.5338	-10.0182
-13.1245	-11.3666
-14.1204	-11.9431
-12.9426	-11.4016
-13.8251	-9.02998
-12.6239	-10.4677
-14.2384	-10.5083
-14.021	-10.3287
-13.5084	-9.05976
-13.2306	-10.6438
-14.998	-10.004
-13.7295	-11.2517
-12.6188	-9.51136
-12.9867	-10.5725
-13.0024	-9.83509
-13.207	-10.6114
-12.9505	-10.5296
-13.4546	-10.4475
-12.9419	-11.2069
-13.0757	-9.48024
-13.642	-8.90879
-12.1656	-10.9001
-14.137	-10.928
-12.6722	-10.3406
-12.2578	-8.94237
-10.9037	-10.4204
-13.276	-9.13447
-13.7522	-9.44496
-12.025	-12.0258
-13.0512	-7.96974
-12.9444	-8.80291
-13.6887	-10.9957
-14.1837	-10.9409
-11.6699	-10.8683
-14.4599	-9.05512
-11.7088	-9.13594
-13.3433	-8.56855
-13.7295	-9.81242
-12.6034	-11.7877
-14.8638	-9.79736
-13.0799	-9.97591
-10.0621	-9.99594
-13.3975	-9.21058
-14.2043	-11.1975
-12.6872	-9.49817
-13.0579	-9.9056
-12.445	-9.59992
-13.8412	-9.57362
-12.3139	-9.27226
-14.8753	-10.481
-12.5784	-9.26688
-14.4698	-8.96553
-12.9064	-9.62133
-12.9717	-9.21666
-12.1722	-10.4082
-12.0519	-10.141
-13.031	-7.79785
-12.6997	-9.76072
-12.9079	-11.4421
-14.0558	-9.69005
-14.3902	-10.3455
-14.6299	-8.9078
-13.3017	-8.17866
-13.2697	-9.94457
-13.9108	-10.5401
-12.5514	-11.0179
-12.0372	-11.5036
-12.303	-10.8961
-13.0685	-10.8655
-10.3662	-9.9672
-14.5084	-9.01229
-12.5997	-10.3084
-12.4199	-11.5848
-13.2838	-10.6768
-14.7034	-7.68077
-12.0745	-10.3454
-13.1722	-10.0119
-13.4211	-9.28534
-13.2233	-8.99731
-12.3204	-11.186
-14.38	-8.70581
-11.8227	-10.0897
-13.7627	-9.74072
-11.9789	-9.05931
-14.5949	-11.2494
-12.7574	-8.28784
-12.3314	-9.79974
-13.1952	-10.8329
-11.2967	-9.48063
-13.892	-9.52533
-13.7656	-9.37499
-14.2223	-9.07157
-13.0432	-8.52834
-12.5689	-10.2202
-12.7032	-11.1543
-12.6511	-8.52888
-13.995	-10.1275
-14.4031	-10.8822
-12.1498	-8.63157
-14.4503	-9.84222
-11.8287	-11.1205
-12.7036	-8.44799
-12.6521	-8.84144
-13.1362	-10.5912
-14.4059	-10.4402
-11.4056	-9.96838
-14.2254	-10.7784
-11.3651	-8.83721
-14.7284	-10.1429
-11.6969	-11.3207
-14.637	-9.06014
-14.1484	-10.0465
-14.1671	-9.7062
-10.7978	-13.4184
-11.9518	-10.7986
-14.3127	-10.6964
-12.2291	-8.89513
-12.0645	-10.7793
-13.2228	-9.32277
-14.738	-9.41904
-14.1418	-9.53585
-13.2212	-11.3424
-13.25	-8.6662
-14.0214	-8.10334
-13.4203	-9.19501
-13.833	-11.6055
-14.159	-10.2609
-13.2277	-11.0483
-12.8765	-10.2485
-12.5484	-10.4408
-12.8033	-10.5277
-12.3784	-10.3379
-11.9782	-10.7946
-12.5345	-8.3001
-11.655	-10.9431
-14.0154	-10.7336
-14.4593	-10.465
-7.77615	-12.3474
-13.4466	-10.9198
-12.2912	-11.0043
-12.7068	-9.23683
-12.1402	-11.747
-11.6098	-11.521
-13.1763	-9.44416
-14.2073	-11.1811
-13.9244	-9.3176
-12.5692	-9.89666
-12.4748	-8.23523
-14.9484	-11.291
-12.2741	-9.68475
-14.1445	-10.3336
-14.1721	-9.40908
-14.2154	-8.33087
-12.314	-9.94712
-14.923	-12.1303
-14.5471	-9.6973
-10.3584	-10.1882
-13.5572	-10.7834
-14.1858	-11.9849
-13.3692	-10.1091
-11.8662	-12.2003
-12.9157	-11.1697
-12.3942	-11.546
-13.8753	-9.62313
-14.6917	-9.21156
-12.5704	-11.1822
-13.6825	-11.4643
-12.8541	-8.85432
-13.4478	-11.4223
-10.7539	-8.71284
-14.101	-9.60104
-12.7268	-9.48319
-14.2182	-9.41533
-13.9026	-9.46123
-13.345	-9.76952
-12.3167	-11.0064
-13.0474	-10.2975
-12.2918	-10.415
-13.688	-10.2699
-13.0478	-11.7654
-14.1349	-10.6041
-14.0786	-11.0985
-11.3945	-9.78896
-14.8705	-11.3426
-12.9693	-8.78282
-13.1895	-9.15297
-12.7494	-9.65478
-12.394	-10.0163
-12.6361	-10.0279
-12.2802	-10.5728
-14.6721	-10.1493
-12.7655	-10.2566
-12.7274	-11.0958
-13.2971	-11.0563
-12.9648	-9.09643
-14.2729	-10.1321
-12.6365	-11.2169
-12.7717	-10.5116
-14.2611	-9.61386
-14.7259	-11.1771
-12.0411	-11.6439
-13.8712	-8.92209
-12.4846	-9.31609
-13.9381	-12.058
-11.097	-10.3683
-14.0348	-8.69612
-12.36	-9.97018
-14.2397	-10.341
-12.37	-10.279
-12.9418	-9.18777
-11.3086	-9.74757
-12.8501	-9.8588
-14.2884	-9.28704
-13.8216	-12.1648
-13.3477	-9.79821
-13.4145	-9.4744
-13.649	-10.5681
-11.3551	-9.40988
-12.6896	-8.71153
-13.8858	-8.8833
-14.6178	-9.75259
-13.0921	-10.0556
-14.5468	-6.63873
-12.8009	-9.7951
-12.8347	-10.1142
-11.5705	-9.64245
-13.1696	-11.8177
-11.8487	-9.98988
-13.4331	-10.742
-12.1978	-7.75387
-13.9276	-9.46074
-14.0793	-11.4659
-14.2737	-11.5701
-13.405	-11.1307
-14.2799	-10.4088
-12.4944	-10.9454
-12.0829	-9.05703
-13.5514	-8.84264
-11.9996	-10.4344
-14.0333	-9.32157
-13.2352	-10.2146
-11.8599	-9.50165
-14.1171	-11.018
-12.1124	-10.2321
-12.2455	-9.22769
-13.2231	-10.1435
-12.4698	-9.72029
-14.8512	-10.4432
-12.8641	-11.41
-12.0701	-9.96729
-14.6935	-10.623
-12.2154	-11.3792
-14.8484	-11.8198
-11.4628	-11.2448
-13.0638	-10.9674
-12.1582	-9.64341
-14.9196	-10.0407
-14.02	-10.1088
-14.2932	-11.9799
-12.4583	-10.3969
-13.1664	-11.433
-12.0971	-10.6096
-14.9281	-11.3943
-13.2699	-11.2573
-12.1649	-11.4861
-14.503	-9.3616
-13.2172	-11.1072
-14.5115	-8.69977
-14.1213	-9.50291
-13.2726	-10.6313
-12.3212	-11.2119
-13.7931	-7.90404
-13.1337	-9.49439
-14.4013	-11.6193
-12.4015	-9.45281
-13.201	-9.89166
-13.8357	-9.56231
-13.2352	-11.645
-11.9951	-9.81052
-12.1965	-9.07843
-12.412	-8.18834
-11.0548	-11.0918
-13.9202	-10.1823
-14.7099	-11.8895
-12.7208	-11.7836
-13.4186	-11.0989
-13.9532	-11.4533
-12.4514	-9.97601
-12.7746	-11.8773
-14.1657	-9.82565
-12.2708	-8.8889
-12.2127	-10.1843
-13.694	-11.1457
-9.96015	-10.2975
-12.1009	-10.6477
-13.4239	-8.57527
-11.943	-10.115
-13.1342	-9.24444
-13.2454	-10.6712
-12.5577	-9.28259
-12.7483	-12.0744
-13.7741	-10.6137
-11.4404	-12.0157
-12.582	-11.0294
-13.6659	-9.36159
-13.2723	-9.48554
-11.3385	-8.59555
-13.7944	-9.60635
-11.6591	-8.79015
-14.1742	-7.70042
-12.3412	-11.0448
-13.08	-6.45491
-13.5644	-9.95707
-12.8951	-9.92655
-14.7073	-10.7193
-13.4288	-9.06062
-13.59	-11.0851
-14.3766	-10.597
-12.3441	-11.0102
-11.8229	-9.13312
-13.4327	-12.1001
-13.1184	-8.46594
-12.9292	-9.60716
-12.4131	-9.90754
-14.8815	-11.4754
-12.9464	-8.15841
-12.0658	-9.03896
-3.96249	-2.41416
-11.7595	-9.77714
-12.8452	-10.922
-12.1226	-9.16025
-12.0442	-12.6679
-13.0098	-9.2848
-14.4706	-11.6865
-13.7237	-11.4479
-14.0704	-11.2163
-12.972	-10.3578
-13.0475	-11.0836
-13.8261	-10.8173
-13.5183	-9.53626
-14.7068	-9.86683
-13.1003	-10.8934
-12.0062	-10.8787
-13.8884	-10.6801
-13.2918	-11.3811
-13.3288	-11.5915
-14.4395	-9.46933
-12.876	-10.4937
-14.5489	-11.0812
-12.0166	-9.18183
-13.6839	-6.97657
-11.7115	-11.2089
-13.0664	-9.93252
-14.7892	-10.5867
-12.4244	-7.86003
-13.4982	-10.8951
-14.3532	-11.4209
-13.0338	-9.79658
-11.1776	-10.2697
-13.1673	-9.35475
-12.5683	-9.5612
-13.1992	-8.08754
-14.9358	-9.92195
-12.4818	-11.4736
-12.1761	-11.3741
-14.4094	-11.7997
-11.1357	-9.86058
-14.8883	-9.06477
-11.3676	-9.43945
-14.1855	-8.61269
-12.4183	-9.78108
-13.0248	-11.2804
-13.9268	-9.78712
-14.9179	-10.4155
-12.6383	-10.4853
-12.979	-11.9114
-12.5875	-10.989
-11.5209	-10.1425
-14.3545	-11.3687
-12.6205	-8.50805
-12.1817	-10.0457
-12.0335	-8.91331
-13.4282	-10.0461
-14.2888	-9.35383
-11.4873	-11.4243
-12.5162	-8.86286
-14.6442	-8.77121
-10.8519	-9.68431
-13.1966	-11.0599
-14.2961	-10.1101
-12.2242	-10.9242
-13.8143	-10.5762
-10.6656	-10.8944
-12.99	-8.85614
-11.97	-8.60067
-11.8685	-9.64977
-12.063	-11.043
-13.8307	-10.474
-12.0791	-9.63147
-14.8502	-8.64691
-10.6919	-11.0213
-14.178	-9.71332
-9.09415	-10.2136
-11.6752	-12.0458
-12.5232	-10.1299
-13.6876	-9.45087
-12.06	-9.85874
-14.7214	-10.8098
-12.5953	-10.4471
-13.9906	-9.25614
-12.7645	-8.79947
-13.1254	-8.18007
-13.786	-10.4178
-10.1704	-11.11
-13.4499	-10.5881
-12.3516	-8.76182
-12.8356	-9.95149
-14.6562	-10.9247
-14.0872	-8.98948
-14.6445	-9.01683
-12.83	-10.7567
-14.2266	-11.3313
-14.8918	-8.4179
-14.2012	-10.926
-12.7303	-9.89573
-12.6826	-10.2669
-14.5503	-10.5183
-12.0311	-9.24937
-12.8342	-10.1679
-14.111	-11.3051
-13.6126	-10.6886
-13.9271	-10.8492
-14.4326	-8.97901
-14.8166	-9.65032
-13.187	-8.31258
-13.0507	-9.94066
-13.3392	-8.79625
-1.63605	-6.78889
-14.4209	-10.8162
-11.9374	-9.07584
-12.4108	-9.92447
-11.4271	-9.60537
-12.2909	-11.0967
-12.5686	-9.51141
-13.3651	-7.93211
-12.4578	-11.2866
-13.6732	-10.2922
-12.9967	-11.8819
-13.7517	-10.7832
-12.5776	-10.1269
-12.7769	-10.7518
-12.3628	-9.88455
-12.7822	-10.704
-10.5234	-9.93889
-12.3292	-8.70807
-14.0269	-11.5274
-12.7157	-11.8527
-14.9155	-10.4826
-13.4846	-9.74439
-13.3486	-7.39504
-11.8065	-10.8295
-13.1303	-10.8681
-12.8608	-11.5126
-12.7147	-11.1262
-13.2049	-9.85925
-11.1859	-2.3959
-12.5283	-10.0657
-14.0337	-8.63241
-10.1808	-12.2658
-13.0704	-9.87814
-13.0266	-9.3108
-11.3526	-11.8959
-12.0257	-9.72525
-13.4753	-9.52214
-12.6263	-9.457
-9.93302	-11.8127
-12.2263	-9.36482
-12.7174	-9.7723
-13.0873	-11.2089
-13.0774	-10.1254
-14.6755	-11.3813
-12.4663	-9.50825
-13.5137	-9.39966
-14.4779	-8.42779
-13.2598	-9.9642
-13.703	-9.48173
-12.9815	-10.1489
-14.4241	-7.39422
-13.3818	-8.89848
-13.6681	-9.70889
-13.1149	-9.43881
-14.5709	-9.74043
-12.0488	-10.4043
-12.6529	-10.7844
-12.8411	-9.17165
-14.9763	-7.73444
-14.7135	-9.72453
-13.3827	-9.65849
-13.106	-9.26888
-12.9555	-9.86844
-10.9636	-9.61772
-12.8004	-10.9942
-12.8714	-7.91463
-13.9447	-9.29585
-13.25	-9.82076
-14.1382	-9.83307
-13.0037	-11.5964
-12.2645	-8.92866
-14.8078	-9.48928
-11.828	-10.564
-14.3669	-9.39974
-12.6097	-10.5196
-13.17	-8.24272
-13.0241	-8.74898
-13.5198	-11.5546
-14.4092	-9.01858
-12.6765	-11.3794
-12.8858	-8.65332
-11.8225	-9.2862
-14.494	-10.3421
-14.0676	-10.7908
-13.1542	-9.02312
-13.5187	-9.1296
-12.5778	-9.48853
-14.233	-10.8232
-13.9735	-7.31421
-11.9181	-11.8171
-10.9794	-9.09903
-12.7917	-9.74465
-11.4052	-11.2608
-12.0912	-10.3714
-14.2588	-11.4663
-14.786	-11.8581
-10.3223	-9.96692
-13.3118	-10.2561
-14.1978	-10.3583
-12.4123	-10.3693
-13.8897	-10.357
-11.2578	-10.2508
-12.2017	-10.4349
-12.7731	-9.51773
-12.2674	-9.34496
-7.48794	-10.0312
-13.6551	-9.53892
-13.2273	-10.6568
-14.9628	-7.87236
-11.7661	-10.3731
-12.3295	-10.3517
-12.7638	-10.2603
-12.5121	-10.5728
-12.5842	-9.12123
-12.0774	-10.8
-13.6413	-9.37502
-12.9137	-12.1485
-10.7515	-10.4612
-13.9574	-10.4389
-12.4589	-7.70759
-12.0822	-9.91921
-14.9503	-10.1352
-13.9098	-8.87158
-11.2842	-5.8978
-14.0539	-11.7568
-12.0186	-10.6575
-13.7455	-9.04682
-14.7026	-11.1259
-13.2167	-8.00271
-14.1174	-9.17937
-12.2393	-10.2858
-14.5578	-9.73576
-12.4187	-10.0397
-14.4598	-11.1756
-14.5998	-9.11313
-13.1544	-10.679
-12.2565	-9.44029
-13.1874	-10.9736
-14.4624	-7.74148
-14.2563	-10.7648
-13.5451	-9.43846
-12.284	-11.6306
-14.621	-9.85754
-9.3698	-9.38621
-13.1207	-9.43069
-12.0538	-9.78802
-11.5364	-10.9053
-13.4854	-10.3028
-12.9713	-10.7275
-14.5788	-9.25336
-11.5993	-10.275
-12.6337	-8.00235
-12.6946	-9.14371
-12.6866	-8.61693
-11.3124	-10.1604
-13.446	-10.1983
-14.5313	-9.43937
-14.384	-10.9282
-14.2552	-9.58673
-11.4912	-10.1244
-11.0709	-10.7453
-14.5811	-8.32759
-13.3933	-11.077
-12.174	-9.81912
-11.9554	-8.72036
-13.6001	-7.95551
-13.9918	-10.9846
-12.6771	-9.27844
-9.88704	-11.7951
-13.4366	-11.5746
-13.3476	-11.9954
-12.9912	-10.9359
-13.3496	-9.23961
-13.9724	-9.18088
-10.9025	-12.2278
-13.4747	-8.44965
-10.6796	-10.1968
-11.4049	-9.94453
-14.1909	-8.59398
-14.7261	-12.0252
-12.9956	-8.59999
-12.4858	-11.5682
-12.5507	-10.2718
-12.5329	-11.6134
-12.5047	-9.0806
-12.8283	-9.69157
-14.4835	-8.15462
-14.8276	-10.223
-11.128	-12.3656
-12.8257	-9.20979
-14.7228	-11.5886
-13.4971	-9.24444
-14.2077	-9.60162
-11.5548	-8.29309
-12.8227	-9.91741
-12.0054	-8.92884
-13.1724	-10.8922
-10.2523	-9.74099
-13.2025	-9.2545
-11.4416	-11.0233
-14.3851	-9.17927
-9.60875	-11.0238
-12.7925	-9.00779
-13.2698	-9.58253
-13.4485	-10.1923
-10.9286	-9.53161
-11.8884	-7.77281
-12.4518	-10.6097
-14.0496	-11.8589
-13.414	-10.5128
-14.6212	-9.01416
-13.8834	-9.53539
-12.7249	-10.2798
-14.88	-10.9115
-13.2397	-8.46781
-13.1008	-9.32884
-12.0092	-9.21878
-14.4242	-9.18216
-14.4952	-9.42799
-11.4724	-11.1529
-14.6094	-9.48894
-12.6778	-8.77905
-13.1746	-11.9684
-13.9325	-10.0869
-11.555	-9.06519
-13.0906	-10.1907
-11.7907	-10.016
-12.0125	-9.29815
-12.9258	-11.7127
-14.6521	-9.38652
-9.85097	-8.44048
-12.1138	-9.27615
-12.2276	-11.1102
-13.3787	-9.60763
-12.7241	-9.91453
-11.9186	-11.6601
-14.2326	-11.4031
-14.5901	-10.1168
-9.72187	-11.3997
-14.764	-10.3264
-11.4858	-9.21947
-13.208	-10.1601
-14.1619	-10.352
-12.9556	-11.2941
-13.601	-9.96319
-14.6656	-8.54482
-13.0119	-10.5256
-14.367	-8.33827
-13.811	-11.7938
-14.6164	-9.15136
-12.2214	-11.4092
-11.0925	-9.50131
-13.7266	-10.2206
-14.3165	-9.52093
-11.8041	-13.788
-14.8137	-9.35007
-12.2487	-10.8035
-11.4707	-8.55494
-14.1749	-9.99601
-14.7647	-9.79749
-13.4725	-9.83282
-12.8662	-10.9763
-14.0005	-11.3407
-14.3149	-9.2228
-12.5213	-9.30262
-13.8781	-10.4012
-13.5771	-10.8545
-12.3985	-10.7055
-11.9253	-9.47726
-13.4355	-10.1779
-14.6023	-11.9163
-11.3488	-9.07935
-13.5	-10.0818
-12.2037	-11.6059
-13.013	-9.25857
-13.3376	-12.219
-14.9243	-9.56859
-13.0383	-11.2181
-12.116	-11.2565
-10.8405	-10.5612
-13.6666	-10.518
-12.6511	-11.8034
-14.367	-11.4166
-11.742	-9.98586
-11.7361	-8.27723
-12.8823	-9.20754
-12.9506	-10.3024
-9.86971	-9.12054
-13.0084	-10.9385
-11.2024	-8.5502
-14.7969	-9.71037
-14.8186	-11.3387
-11.2067	-10.6136
-11.7061	-9.05965
-12.5132	-9.69948
-12.9396	-11.2728
-14.2862	-9.95404
-11.8533	-10.6309
-13.5172	-10.0727
-14.8171	-10.6316
-12.681	-11.1811
-13.3269	-9.78525
-12.4321	-9.60357
-11.2489	-11.8551
-10.266	-12.0225
-14.5468	-10.2771
-12.4987	-10.5013
-12.83	-8.66098
-12.7067	-8.33951
-12.1079	-8.89564
-14.0895	-9.75705
-14.4488	-8.632
-12.4672	-8.04691
-13.0918	-12.3496
-14.0734	-10.1803
-14.9097	-10.8213
-12.9017	-9.40562
-13.3772	-9.91145
-14.1735	-8.5648
-12.9503	-11.0566
-13.1151	-9.86083
-13.7819	-11.6359
-11.4872	-9.95775
-12.443	-9.70391
-14.9569	-10.4024
-12.5621	-11.8193
-12.5057	-9.18848
-12.0442	-10.1691
-10.4544	-7.54458
-14.3849	-8.35267
-13.9557	-10.5242
-13.4657	-9.8546
-12.5157	-11.7429
-13.5186	-9.37454
-13.0215	-10.1871
-13.4673	-9.3467
-12.2583	-9.60821
-14.7602	-8.82809
-12.7398	-10.0299
0.11295	-11.338
-14.0868	-9.35614
-13.2915	-10.9548
-13.3844	-10.0987
-11.8028	-9.87319
-11.3759	-9.363
-12.1827	-10.4487
-13.6772	-10.2564
-12.4844	-10.2432
-14.2871	-11.5031
-13.9282	-10.5192
-14.0437	-10.7241
-12.3108	-10.8712
-12.6566	-11.8697
-12.0883	-11.1993
-12.3202	-11.9683
-12.6889	-10.7123
-13.6476	-10.2002
-14.2863	-8.3843
-11.6683	-9.41738
-14.3051	-10.6243
-10.4409	-11.3489
-11.8794	-11.1345
-10.0962	-11.0498
-12.9683	-9.82517
-14.0345	-9.39713
-12.7499	-9.53813
-13.322	-11.5176
-13.4429	-8.60412
-14.0864	-9.91782
-14.3539	-11.3072
-12.182	-9.33662
-11.9511	-11.2326
-13.9132	-11.7724
-13.8985	-11.3016
-13.1695	-9.80527
-14.2316	-9.25405
-11.2877	-8.56686
-13.5524	-9.58235
-12.7432	-9.6162
-13.1581	-11.3978
-13.3083	-9.12165
-12.8408	-10.922
-12.1811	-9.83126
-14.7279	-10.4418
-11.9182	-7.55888
-12.4439	-8.69699
-12.1629	-8.99099
-13.3861	-11.3152
-13.6958	-8.66893
-13.7698	-10.803
-14.2214	-11.1944
-12.9256	-11.3208
-12.0888	-12.1024
-12.5725	-9.26568
-12.2089	-9.29439
-10.7776	-10.525
-13.7543	-11.1115
-14.4523	-9.02698
-12.0486	-8.98087
-12.8815	-10.898
-13.5814	-10.8285
-12.8412	-8.6793
-13.0886	-10.8469
-12.1753	-9.04573
-12.3493	-9.94286
-11.8311	-10.908
-13.7328	-11.6204
-12.227	-10.1787
-13.5207	-9.94525
-12.7931	-10.2536
-13.6733	-11.8152
-11.7672	-9.18896
-11.7415	-9.11153
-13.6572	-11.1427
-14.3032	-8.6997
-11.761	-9.4055
-10.9098	-11.0518
-13.5702	-11.5038
-12.7286	-8.7764
-12.1896	-6.7343
-13.8397	-11.1724
-11.6202	-11.4861
-12.4998	-9.86751
-13.0825	-9.55477
-12.0506	-11.3111
-13.3872	-9.23153
-11.4887	-8.64953
-14.3747	-9.96318
-13.3154	-9.44722
-12.8078	-10.3192
-13.2775	-10.5898
-11.8956	-11.314
-14.0993	-10.9282
-14.2383	-10.0826
-14.5573	-9.78626
-13.4811	-10.1117
-12.7421	-9.70617
-14.5816	-9.14635
-11.2856	-9.86615
-13.0577	-8.43016
-13.6535	-12.1411
-14.2554	-11.3058
-13.7902	-9.42909
-11.6154	-10.3983
-14.2884	-9.74554
-14.2999	-11.7705
-13.4814	-9.60892
-13.9518	-10.5407
-13.5659	-11.1968
-14.3274	-10.7932
-11.7327	-8.99011
-14.3812	-9.44712
-13.0768	-8.74791
-13.2963	-11.1725
-14.3468	-9.61188
-13.7235	-9.47242
-14.3821	-10.4391
-11.1537	-10.0711
-11.7332	-11.7164
-12.0903	-8.94593
-13.8638	-11.3717
-13.3516	-11.6284
-12.5372	-10.4642
-14.3274	-10.7567
-13.5255	-10.6642
-12.5523	-9.5761
-12.929	-9.85236
-12.9881	-10.73
-12.4345	-10.5717
-11.318	-10.6992
-11.093	-11.1809
-11.6582	-11.8953
-11.179	-10.5784
-12.3268	-10.6763
-13.509	-10.7804
-12.101	-9.25359
-12.608	-9.69637
-13.5903	-10.5809
-13.2262	-10.8663
-11.7924	-12.1143
-14.024	-9.16369
-12.1677	-8.67952
-14.236	-10.8355
-12.2826	-10.933
-10.7233	-9.17407
-13.0831	-10.2375
-14.0129	-9.1443
-12.0821	-9.06056
-11.5554	-10.4285
-14.7442	-11.3391
-13.6093	-7.44232
-12.8379	-9.05674
-13.5892	-11.7536
-13.8504	-9.50486
-11.1899	-11.7434
-13.6722	-10.6171
-14.6793	-11.5175
-13.3859	-10.2778
-14.0514	-11.9948
-14.5779	-9.34341
-12.0613	-11.9382
-14.4306	-8.13099
-13.1809	-11.0418
-14.3146	-10.4167
-13.4782	-9.81636
-14.7138	-9.48288
-14.3786	-10.0424
-13.7159	-10.3899
-13.9789	-10.0998
-14.7935	-11.3722
-13.2069	-11.7578
-12.521	-10.1255
-13.3997	-10.7934
-14.6558	-10.0981
-14.7496	-9.46051
-12.2012	-9.14941
-12.7259	-8.28046
-12.2862	-7.60962
-13.1255	-9.87902
-12.198	-11.7332
-14.7257	-8.61727
-10.1814	-10.5149
-13.0952	-9.51479
-14.7866	-6.37984
-12.6668	-9.27531
-12.6561	-9.14878
-13.5454	-9.93269
-14.6255	-9.17898
-11.1025	-12.4319
-13.356	-11.6797
-10.7899	-10.0015
-12.7151	-7.94459
-12.7158	-11.3278
-14.9135	-10.1358
-12.1125	-9.49312
-12.8018	-11.9426
-12.517	-8.48495
-14.8677	-10.0929
-14.9668	-9.35616
-12.5212	-7.82702
-10.93	-9.27342
-12.269	-10.3623
-11.0148	-9.66739
-13.3977	-9.4991
-14.7699	-8.99161
-12.4747	-10.0549
-12.9553	-10.1453
-14.701	-9.35755
-14.0777	-9.53999
-11.4624	-9.67905
-11.6794	-8.13847
-14.8211	-9.59495
-13.1271	-10.1262
-12.8369	-9.75559
-8.1953	-8.63745
-14.9318	-10.1618
-12.7901	-10.6428
-12.4396	-9.7777
-12.6614	-9.21118
-12.1841	-9.0536
-12.6096	-8.03229
-11.1475	-10.549
-13.9171	-11.9841
-13.1536	-10.3101
-12.8516	-10.0838
-12.7049	-7.71198
-13.8244	-9.12076
-12.1056	-9.57321
-11.9369	-9.91292
-14.0309	-11.8684
-10.7225	-10.0931
-10.9586	-10.1227
-12.4099	-9.31521
-12.029	-11.3196
-7.85669	-6.81934
-12.4742	-10.0692
-14.68	-8.47218
-13.6184	-10.0752
-14.9207	-11.7359
-13.363	-11.0169
-11.9768	-10.7353
-11.8849	-10.0088
-13.1155	-10.629
-12.2379	-10.0644
-13.1077	-10.5603
-13.0138	-10.5444
-13.2987	-10.1717
-14.7311	-8.77777
-7.20803	-6.3946
-12.7998	-11.0171
-11.0499	-10.7642
-13.4906	-10.3019
-13.0393	-8.9695
-14.4926	-11.8086
-12.7579	-9.9366
-13.2793	-6.70161
-14.9504	-9.98257
-13.1719	-11.197
-13.1104	-10.6305
-13.0967	-9.91201
-13.4452	-12.1806
-11.9268	-9.99772
-8.99731	-9.39731
-14.2038	-11.3243
-14.6359	-10.363
-10.9706	-10.6246
-12.0769	-8.73515
-14.5357	-10.3377
-11.2924	-11.2597
-13.7323	-10.8805
-12.3587	-8.94411
-13.899	-9.12474
-12.6357	-10.9562
-11.9422	-11.8962
-2.09577	2.54993
-13.0034	-11.5007
-10.3655	-11.5987
-13.827	-11.0329
-11.8289	-7.75303
-11.8119	-10.3915
-11.8981	-9.45203
-13.709	-10.8643
-14.031	-10.0039
-12.7551	-10.2462
-14.6274	-9.38272
-13.3327	-8.78609
-12.2281	-10.7513
-13.7257	-10.975
-13.4431	-11.1388
-13.0717	-11.2419
-10.6288	-10.2838
-10.6819	-10.8612
-13.4702	-11.1637
-13.4726	-9.49653
-14.2517	-11.1318
-13.556	-10.6298
-13.529	-10.1327
-12.4521	-9.28008
-9.16244	-10.4072
-14.4988	-9.37593
-13.3524	-10.6114
-12.4961	-11.7477
-13.8424	-10.8345
-14.148	-4.24138
-14.021	-9.86126
-13.701	-10.9718
-13.5721	-11.294
-12.5365	-10.1279
-9.99095	-11.1027
-13.486	-9.48956
-13.8376	-9.96575
-12.8533	-11.382
-14.5563	-10.1679
-12.6909	-8.49182
-12.6661	-10.033
-11.2988	-11.2712
-12.1569	-10.9003
-13.7325	-11.947
-12.6083	-11.5242
-13.6213	-10.4792
-13.5113	-10.1825
-11.0271	-10.3795
-11.3384	-10.3947
-14.4198	-10.7104
-12.6145	-10.6296
-13.9244	-9.99219
-12.4709	-10.8341
-12.4589	-10.0735
-13.7702	-8.98688
-11.8616	-8.35388
-13.5221	-9.16662
-13.9788	-9.32687
-13.4571	-11.4167
-11.8878	-8.2545
-12.513	-10.3298
-12.7611	-10.2932
-12.0384	-10.0216
-14.0059	-9.56557
-11.8885	-9.41492
-11.973	-11.3329
-12.4127	-10.3747
-13.9987	-7.65552
-12.9857	-9.03598
-13.0007	-10.7944
-13.4812	-10.1613
-14.203	-8.38358
-12.313	-9.65831
-12.2179	-9.12606
-12.1591	-10.8694
-13.7589	-10.9593
