1.77489	-7.5379
14.8721	-11.449
14.4953	-11.4835
14.155	-11.9573
14.0955	-12.4979
13.7415	-10.099
14.9531	-10.3564
14.9688	-13.2759
14.4447	-9.37905
14.172	-9.84965
14.971	-9.96768
14.6582	-11.7908
14.5271	-9.56868
14.4906	-8.23501
12.4982	-8.99282
14.7671	-11.7472
14.0105	-10.4292
11.978	-6.69415
13.8439	-9.46747
13.4183	-10.2188
14.9031	-10.3263
14.6469	-11.53
14.7746	-10.8199
14.6282	-10.7918
14.5174	-10.2496
14.8172	-10.9576
14.9197	-12.1895
13.2001	-10.6162
14.5288	-10.6708
14.2501	-10.3499
14.1153	-9.18077
14.6951	-8.72322
14.4644	-10.2565
14.841	-9.61022
14.4822	-10.5296
14.5813	-10.2033
13.7506	-10.5781
14.927	-10.1471
14.8868	-10.9929
14.7721	-10.4939
14.9165	-9.63373
14.893	-10.9253
14.6168	-9.78533
14.9048	-9.9532
14.256	-12.5224
13.608	-10.7348
14.7135	-9.19488
14.2897	-10.131
14.1127	-10.6842
14.7474	-9.85825
13.2154	-8.75665
13.7495	-11.3681
14.1791	-11.5622
14.5732	-8.65891
14.9285	-11.1566
14.2628	-11.3455
14.7041	-10.6734
13.4928	-11.1129
14.426	-9.65231
6.62337	0.523951
14.725	-11.1003
14.9631	-10.2274
13.7201	-10.4555
12.6752	-10.6933
14.5275	-9.98362
13.2989	-9.402
14.3788	-10.7082
13.7339	-8.51385
13.3122	-8.59484
14.7817	-9.09253
14.917	-9.12793
13.7169	-12.0841
13.7026	-13.6273
13.461	-11.618
13.7759	-7.81501
10.4716	-10.0934
14.4944	-9.90995
14.3717	-7.55806
13.3489	-9.8008
14.8995	-7.48207
14.7458	-11.2667
14.5251	-10.6864
14.6333	-13.5775
14.9427	-9.36666
13.6719	-11.2631
14.6265	-10.7458
14.2666	-10.6529
14.2674	-11.302
14.3125	-9.03032
14.9338	-10.1838
14.569	-10.8578
14.6534	-14.0594
14.8278	-9.14539
14.1843	-11.4305
12.3874	-11.6115
12.841	-6.59265
13.9911	-8.9662
14.5752	-8.58246
14.422	-12.2442
14.8207	-9.75451
14.8805	-11.0224
14.8986	-9.5645
13.8711	-10.5972
14.8914	-11.9649
14.6329	-10.0793
13.2293	-10.184
14.9	-11.9928
14.8853	-5.67504
14.5281	-9.86489
14.3364	-9.21152
14.7462	-11.8383
12.8159	-10.0258
14.9408	-10.7068
14.2529	-10.9688
-4.10907	-3.56823
14.446	-13.1375
14.5113	-7.12947
14.4879	-11.1007
14.7196	-13.1984
14.6964	-8.66047
14.1165	-9.63974
14.4029	-9.25852
14.9921	-11.863
13.516	-11.1999
13.8489	-10.0599
12.8602	-9.05307
14.4136	-10.0709
14.888	-10.1751
13.5562	-10.407
14.8106	-9.50102
14.9625	-11.4704
14.0724	-8.35909
14.4974	-12.1095
13.9909	-10.2598
13.7768	-11.1036
14.0162	-9.7263
14.613	-9.19544
13.7542	-13.4622
14.7106	-8.05918
14.2879	-7.98818
13.9958	-10.6128
14.4625	-11.0988
14.9106	-11.3576
14.9044	-9.03207
14.7461	-9.37514
14.5968	-11.5525
14.9982	-11.6588
14.7577	-9.67756
13.7545	-9.68149
12.5171	-9.50668
13.8191	-11.0437
14.7214	-9.31339
14.4294	-13.297
14.9753	-12.2359
14.6036	-9.61161
14.6089	-10.0466
14.9556	-10.857
14.6697	-11.5785
14.4685	-10.9553
14.8734	-12.476
13.1595	-9.15043
14.1767	-11.0801
14.9099	-11.703
14.884	-10.9109
14.2922	-9.65344
14.8169	-10.6445
13.9831	-11.3852
14.9921	-12.1033
14.6175	-11.1989
13.8085	-10.9673
12.7462	-9.37947
14.852	-8.39489
14.4368	-12.6958
14.3407	-10.0637
14.6994	-12.5351
14.3472	-9.08477
14.677	-9.03374
14.6791	-9.74894
14.8859	-11.9934
5.7774	-11.6691
14.9583	-8.34052
-6.71538	9.87349
13.9727	-9.54679
14.7786	-9.49981
8.02928	-10.3869
14.7856	-8.16549
14.4009	-9.6
13.3935	-8.74876
13.9245	-9.71212
13.6501	-9.43529
14.805	-9.47138
14.6742	-12.4752
13.9361	-11.2263
14.4554	-10.9162
-2.12416	-13.1681
12.3776	-12.625
14.3906	-10.0688
14.1203	-8.94787
14.8135	-10.2222
14.4061	-9.51631
13.9812	-12.47
14.5343	-9.29019
14.3071	-7.61465
13.7915	-10.6136
13.2149	-7.86186
14.2487	-11.0572
14.2212	-9.67609
14.2727	-10.3623
14.9515	-13.2086
14.6376	-10.1323
14.3151	-9.78555
13.883	-10.8001
14.9668	-9.88545
14.7713	-11.4009
14.4418	-11.87
14.9624	-12.4639
13.1665	-11.6421
13.9038	-9.56027
14.5968	-9.90942
12.521	-7.43044
14.3688	-13.359
14.3471	-11.7737
13.0547	-9.66232
14.332	-9.8751
14.7324	-12.2842
14.1251	-10.6229
13.9052	-10.8769
14.1374	-10.5476
14.8613	-12.1424
14.3662	-10.3817
14.9946	-8.54018
14.3579	-9.68334
13.195	-10.7712
14.6804	-9.33204
13.7545	-11.9398
13.8062	-10.8731
14.9243	-9.84015
14.5772	-11.9596
14.6507	-11.5452
14.6486	-7.89307
14.9478	-10.6472
14.8716	-10.8044
14.5423	-11.5891
12.6192	-9.75574
14.0548	-9.53282
14.8523	-14.0145
14.5009	-11.2235
14.7375	-9.72724
13.5069	-10.977
13.6565	-11.3362
13.7006	-13.2172
14.189	-7.22022
14.5563	-9.45607
13.8835	-10.6228
14.5692	-8.7803
14.5856	-10.3111
14.1906	-10.1846
14.7352	-9.83607
13.5701	-9.80678
13.8033	-8.91899
14.2679	-12.0441
14.3279	-12.4301
13.249	-10.8251
14.2081	-12.015
14.9394	-10.5057
14.8346	-9.65947
14.1315	-9.73273
14.2873	-11.12
14.8672	-10.3526
13.1823	-11.9761
14.4437	-8.70386
14.4793	-10.2798
14.9111	-8.68452
14.8835	-10.2718
14.4119	-10.2697
13.4019	-10.5602
13.3367	-10.8269
13.4112	-10.574
14.3137	-10.6561
14.9298	-9.50874
13.3411	-10.3893
12.9585	-9.45236
14.9627	-7.7911
14.0003	-11.1686
14.236	-8.82808
14.058	-11.9083
14.7904	-8.53863
14.7688	-12.1748
14.573	-9.60286
14.1833	-10.3182
14.9	-9.37131
14.8925	-9.25519
14.4162	-10.9702
14.814	-11.0389
14.7096	-12.3813
13.1181	-11.5472
13.9229	-8.63497
14.1717	-10.0595
14.162	-9.07678
13.5084	-11.0225
14.4806	-9.24746
14.6734	-10.7833
14.9168	-9.42358
14.0058	-10.9052
14.1262	-10.1823
14.4495	-9.47075
14.8986	-11.4575
14.3913	-9.4421
14.1626	-10.7742
14.2459	-10.3742
14.6735	-12.3145
14.6168	-8.32762
14.8283	-10.7593
14.2381	-9.3849
14.4098	-11.4226
14.9119	-11.2088
13.8221	-12.1308
14.983	-11.7397
14.4701	-7.80021
14.6472	-8.62551
14.153	-12.0789
14.9158	-9.27337
14.6086	-9.67924
14.932	-10.764
14.9876	-9.2941
14.9099	-10.4577
14.1132	-8.6727
14.1161	-10.0503
11.9053	-9.22315
14.3732	-9.82049
14.4386	-9.59362
13.849	-12.3332
14.5112	-11.2336
12.8063	-12.1273
10.2922	-10.2819
14.9532	-12.1638
14.9137	-8.87359
14.2538	-7.47196
14.9036	-12.1013
14.4574	-11.7383
14.8865	-10.4478
14.8038	-8.86197
14.6595	-10.6644
14.657	-7.70819
14.4608	-11.4682
14.9697	-10.5172
14.4719	-11.6719
2.65115	-4.90752
14.2107	-10.5045
14.8938	-9.23734
13.8427	-12.6901
14.8689	-9.54722
13.2494	-9.21596
14.4586	-10.1515
14.8091	-9.73026
14.4582	-10.3799
14.064	-12.7493
13.5201	-5.84915
13.2305	-5.32009
13.2962	-12.3364
13.9403	-9.29122
14.5503	-12.7944
3.58175	-5.19499
14.92	-10.0487
14.8888	-9.46141
14.6212	-7.25607
14.5878	-11.4272
14.9519	-11.8286
14.8663	-8.14072
14.8686	-12.3742
13.3606	-9.71767
13.6124	-14.3883
14.6538	-11.836
14.4352	-11.4422
13.7864	-9.91257
14.9876	-10.5398
14.1761	-11.8983
14.9282	-10.2166
14.2571	-7.93795
14.7743	-11.2318
14.7203	-8.83806
14.9916	-10.726
13.2121	-10.5283
13.9525	-12.0891
12.3909	-14.203
14.8363	-12.4844
14.8225	-9.93801
14.8649	-9.99802
14.231	-8.00894
14.945	-11.0065
14.7177	-10.3224
14.8575	-9.73673
-4.30931	0.021389
14.1382	-10.66
14.4102	-9.96831
14.4671	-9.73902
14.8679	-11.7823
14.6415	-11.6853
12.9379	-11.9433
14.8224	-6.83641
13.2176	-6.59225
14.774	-10.6461
14.8157	-10.9028
14.4056	-10.157
13.6625	-12.7126
14.6478	-11.6794
14.8886	-11.9019
14.2265	-11.5539
14.2908	-11.6764
14.8653	-13.6326
14.6788	-10.9413
14.9159	-11.044
14.7473	-9.64052
14.9546	-10.8787
14.07	-11.7332
14.352	-10.1305
14.8173	-11.2699
14.8764	-7.99692
13.5244	-10.7827
13.866	-10.3804
14.4667	-10.7353
14.6117	-10.7783
14.9934	-12.1546
14.6363	-8.26278
14.7336	-11.3928
14.7414	-12.5296
14.5252	-11.2682
14.6975	-11.4654
14.9436	-12.8908
14.2857	-10.7615
13.199	-10.96
14.494	-9.64757
14.0812	-10.8556
14.6153	-12.4034
14.4855	-7.76057
14.4643	-7.77349
13.8821	-11.5264
13.4548	-9.7154
13.1996	-10.1445
14.9771	-11.5909
13.93	-10.5206
14.3092	-12.0829
14.4764	-12.6233
14.6567	-9.38205
13.8389	-12.6539
13.828	-11.5422
14.4596	-10.8303
14.5371	-9.49096
14.0595	-9.08229
14.7963	-11.7867
14.9454	-11.4406
14.6785	-9.37195
14.9805	-10.9294
14.3394	-8.06023
14.8784	-12.3861
14.336	-8.75645
14.4163	-9.18458
12.8383	-10.3928
13.5558	-8.31538
13.8893	-10.3359
14.6562	-8.99012
14.8915	-9.88818
14.0309	-8.27558
14.3591	-8.04306
13.4346	-9.45896
14.513	-10.8744
14.659	-10.4913
13.4922	-9.8854
14.339	-11.3553
14.5664	-11.9076
14.3998	-11.0492
14.7409	-5.21403
14.49	-10.4251
14.7738	-9.55814
13.0538	-10.1043
12.8665	-10.1433
13.5464	-10.903
13.9147	-11.5864
14.5903	-10.4631
13.2207	-10.1294
14.7371	-7.90171
14.7106	-10.0138
14.7444	-11.5451
14.8523	-11.7891
14.9645	-13.219
14.5163	-11.0712
14.5007	-11.0193
14.6594	-13.3104
13.7572	-9.32164
14.3067	-9.91245
14.4667	-11.2476
13.8873	-9.75801
14.1289	-10.7861
14.3164	-11.68
14.8692	-10.2404
13.8867	-12.4679
14.2372	-10.8198
10.2151	-9.44639
5.11683	-2.09558
10.4407	0.920786
14.8097	-12.6667
14.3168	-10.241
14.3957	-9.43069
14.75	-13.0833
14.5421	-8.6856
14.4908	-10.5845
14.957	-10.2734
14.6116	-13.0262
14.9156	-12.3711
14.0049	-10.5112
14.9637	-11.0516
14.1282	-11.2314
14.3848	-9.43799
14.2861	-11.6115
14.7013	-11.225
14.7299	-8.86257
14.5042	-11.4543
8.2442	-13.9454
14.045	-12.6437
14.714	-13.178
13.6763	-10.238
14.8546	-8.8238
13.2793	-12.1481
13.7307	-13.1357
14.6273	-12.0758
14.8776	-10.6927
14.1763	-9.96771
12.6173	-8.29888
13.7988	-11.6996
14.4216	-9.44909
14.646	-8.72693
14.8068	-11.374
13.3239	-12.9485
14.0489	-11.8836
14.5654	-13.8602
13.5558	-11.0882
14.8037	-12.0526
14.7536	-11.5537
14.9107	-11.3138
14.1558	-9.63467
13.9	-9.71152
14.7139	-12.2997
14.3988	-11.0148
11.9688	-2.82769
13.4541	-13.8027
14.8924	-11.0734
14.7491	-12.2537
14.3931	-11.02
14.8458	-9.93762
14.4497	-8.87687
14.0129	-10.2604
14.2177	-8.82049
14.3409	-11.4306
14.9515	-10.8079
14.9035	-11.8952
14.2888	-8.75962
14.979	-11.9183
14.9182	-11.4283
14.9785	-11.2827
14.5133	-9.3278
14.806	-9.5986
14.0624	-9.49679
14.1781	-9.88039
14.66	-11.6411
14.4312	-7.85883
14.6009	-13.6407
13.8524	-8.90549
14.8893	-8.00981
14.9921	-10.0502
14.5075	-10.0957
14.3102	-11.1246
14.4417	-9.36069
14.2182	-9.30083
13.8093	-8.03771
14.5673	-10.9219
14.1753	-11.3087
14.0181	-9.40135
14.8009	-12.4909
13.9329	-11.9298
14.99	-10.1914
14.6848	-11.5656
13.7458	-12.7218
13.636	-11.0868
14.3573	-11.2655
14.6691	-11.1228
14.1733	-9.9579
14.5373	-11.2632
13.9273	-12.5955
14.7786	-11.0831
14.1373	-10.6403
14.2096	-10.0851
14.5001	-11.1146
14.8389	-8.66815
13.9201	-11.4532
14.3238	-8.79797
14.3814	-11.1114
14.8825	-9.52922
11.6269	6.22957
14.68	-9.95079
13.798	-10.273
14.9141	-11.8036
14.2945	-10.2306
14.6235	-10.7814
14.3016	-11.3508
14.9896	-11.0812
13.8814	-9.28909
14.2624	-11.6738
12.6094	-9.92529
12.2962	-9.22367
12.8625	-9.59761
13.6893	-12.6766
13.5436	-10.2553
14.5888	-12.1951
14.5358	-12.2265
13.8419	-11.7553
13.3384	-7.80131
13.9718	-11.5995
14.2675	-10.3832
10.8996	-10.8662
14.9865	-11.3024
14.8632	-13.535
14.7008	-9.98296
14.4826	-9.36181
14.7502	-9.49683
13.2571	-11.6057
14.4194	-11.4408
14.9976	-8.21677
14.4873	-9.77752
14.4046	-9.36075
14.4667	-9.65426
14.9112	-12.3366
14.981	-9.70907
14.6425	-12.3821
14.2237	-10.7977
14.2118	-12.7002
14.0414	-10.339
14.9753	-11.9407
12.9246	-12.2727
13.1963	-10.5503
14.3631	-12.9106
14.7654	-11.2422
14.2991	-9.82471
14.7846	-10.6407
5.57653	-10.9516
13.1628	-12.0932
14.6843	-12.723
14.4043	-9.07945
14.2412	-12.9869
13.6549	-9.13802
13.9353	-13.9693
14.3917	-10.8884
14.3541	-9.48771
12.1802	-12.3277
14.2733	-11.6292
14.1498	-9.89388
13.8186	-8.66941
14.9347	-10.3283
14.3448	-9.45967
14.4544	-11.4868
14.0303	-7.70812
14.4405	-13.5132
14.8578	-10.2361
14.9639	-10.3315
14.6098	-8.33811
12.9803	-12.464
14.2885	-10.216
14.3464	-9.73508
14.8807	-10.2683
14.2033	-10.5284
14.6134	-8.3078
14.6173	-11.2801
13.6445	-10.8922
14.7892	-9.74502
14.056	-8.10535
13.6988	-10.7705
14.9853	-11.3086
14.1493	-11.3561
14.9931	-8.35141
13.8979	-12.3918
14.5594	-9.06607
13.83	-12.7254
13.9719	-9.42375
14.6769	-11.6048
14.9436	-12.2352
14.6698	-10.9116
14.5615	-11.4857
14.9253	-11.2194
13.7048	-11.7712
14.9032	-12.0231
14.5702	-9.28997
14.1984	-12.3804
14.9205	-10.6822
14.544	-11.3461
13.6978	-13.3119
12.7912	-7.99841
14.9876	-10.8918
14.4956	-10.5313
14.1961	-13.348
13.5896	-9.85303
14.6142	-10.1174
14.5721	-11.8735
14.4931	-10.5472
13.3579	-11.6567
13.7582	-8.03981
14.8644	-10.3717
14.99	-11.1981
14.5602	-9.72235
14.4723	-10.2489
14.2863	-11.1313
14.871	-11.635
13.7921	-6.2487
14.8949	-11.9522
14.8533	-7.40487
14.2123	-8.12624
14.2805	-13.1753
13.4784	-12.9212
14.9228	-9.91874
13.7137	-11.6813
14.3926	-11.369
13.304	-11.2523
14.1853	-10.7558
13.6752	-10.4605
14.0433	-10.0632
14.8372	-11.535
14.9009	-11.5238
14.5552	-10.9324
14.6681	-10.4811
14.9118	-9.9506
12.0667	-12.0792
14.6369	-10.9062
14.7247	-12.005
14.7703	-7.24922
14.873	-9.53588
13.1252	-9.61
14.9161	-8.99248
13.9576	-10.2407
13.1121	-11.2793
12.4325	-12.309
13.6804	-10.6274
14.7202	-8.33378
13.9296	-12.3193
14.6398	-8.46725
14.976	-13.9916
14.5321	-10.4684
12.819	-9.55183
14.5634	-10.4777
14.031	-9.32995
13.4503	-11.457
13.5703	-11.5678
14.4133	-10.984
14.0069	-11.8922
14.9388	-9.22563
14.1693	-9.12388
14.9208	-11.3435
11.3702	-7.11958
13.904	-12.4954
14.2901	-11.1041
14.8172	-10.8939
14.7395	-10.9221
13.8972	-10.4556
14.8466	-10.6281
14.66	-8.12361
14.3841	-10.14
14.4257	-8.78327
14.1899	-8.06975
14.9158	-10.3875
13.7854	-11.6208
14.7948	-9.86632
13.9998	-11.4444
14.5248	-10.109
13.6981	-8.41283
14.6083	-11.2308
11.7709	-12.4403
14.0475	-11.8898
14.8317	-8.22928
14.4655	-11.7149
14.5809	-10.7702
14.6952	-11.2006
12.5693	-11.0077
14.9995	-11.0482
14.6481	-10.5589
13.5203	-9.05354
14.5456	-9.55965
13.8106	-12.4245
14.1373	-9.66636
14.0366	-11.5307
13.7317	-9.67058
13.5561	-10.9446
14.7561	-8.46543
13.7459	-6.05338
14.0597	-9.04932
12.121	-12.6167
14.5811	-10.0796
14.8244	-10.8909
13.7936	-10.4658
14.5336	-11.8806
14.8422	-11.3115
14.8286	-10.2851
14.2471	-10.4184
14.8058	-9.65918
13.8373	-14.1337
14.8487	-11.7838
13.6626	-11.8375
13.8371	-9.88675
14.3758	-11.3975
14.6883	-10.6209
14.5554	-10.8391
10.8207	-8.03609
13.7995	-10.5911
14.8351	-10.6589
14.6169	-11.3537
14.5557	-9.2734
14.7733	-13.3623
14.7684	-11.8385
14.6428	-9.22591
14.7204	-9.46962
14.561	-12.2075
14.9669	-11.2052
14.9779	-11.2935
14.892	-12.0983
14.041	-11.0922
14.0686	-3.50244
14.9864	-9.45951
14.8299	-12.4227
14.3265	-12.2036
14.7245	-10.5457
14.0821	-12.08
13.4418	-9.98785
14.307	-10.3541
14.9245	-10.829
13.7991	-12.4012
14.477	-8.39502
14.9231	-9.64432
14.4134	-8.9852
14.3921	-11.018
14.8809	-12.9271
12.8769	-14.4587
14.9669	-9.11706
12.9051	-10.4499
14.7198	-9.10418
13.6469	-8.81305
14.7133	-12.9027
13.4356	-9.65025
14.1962	-9.61298
14.8721	-10.6013
14.6672	-10.8003
14.6179	-12.562
14.3905	-10.5983
13.7919	-8.677
13.9895	-12.5612
14.9676	-10.3112
13.5041	-11.366
13.8884	-8.49727
14.2462	-11.922
9.78009	-6.48632
13.659	-11.2505
14.9974	-11.3644
14.5201	-10.5194
14.1647	-11.6769
14.786	-12.1932
14.1701	-10.3889
14.4802	-11.2144
14.7461	-12.2898
14.8231	-9.666
14.9098	-9.73638
14.8876	-12.1918
13.5683	-7.67715
14.8424	-10.8806
14.6989	-9.41954
12.7599	-10.2096
14.7613	-7.93613
11.9718	4.38338
14.381	-9.97013
13.1167	-10.8572
14.4457	-11.3669
13.7685	-11.7042
14.7537	-9.00027
14.431	-9.55198
14.0637	-10.595
14.9821	-10.7151
13.9791	-10.496
14.4766	-9.01597
14.327	-10.7721
11.4772	-4.39452
14.6251	-11.6518
14.3495	-8.95933
14.9367	-10.3711
14.9668	-10.2464
14.9994	-10.3724
12.8767	-8.2491
14.976	-9.63881
14.7599	-13.037
-9.37964	-6.50973
14.2885	-8.89333
12.2485	-12.602
14.9222	-10.1959
14.7837	-8.54103
14.1664	-10.3202
14.8063	-10.0578
14.2319	-11.9282
14.4683	-10.3088
13.7965	-10.3054
-3.9395	-3.93324
14.7729	-11.5027
14.8863	-10.7606
14.3687	-8.75319
14.6405	-8.84254
14.6859	-13.1905
14.9677	-10.4278
14.4699	-11.5724
13.8976	-9.75874
14.8183	-10.7856
14.9921	-8.99808
14.7294	-10.6542
13.8616	-10.0909
14.6774	-8.04933
14.7107	-9.03733
14.9622	-11.9429
14.4057	-9.73917
13.4353	-11.5888
14.7478	-11.4805
14.4734	-9.00983
14.5468	-11.6666
14.1018	-9.35942
14.8774	-11.7311
14.811	-10.8378
14.2574	-11.8506
14.0256	-8.03766
12.8829	-6.58753
14.7402	-10.0007
13.7643	-12.4529
13.793	-11.0683
14.3405	-11.7445
14.4419	-11.6918
14.4978	-12.0513
3.91036	-7.04483
14.7756	-13.1032
12.1712	-2.8286
13.0448	-12.1231
14.7621	-11.5773
14.8524	-10.6365
14.363	-9.91077
14.5443	-10.61
14.0626	-12.4291
14.9674	-8.83972
13.3826	-11.3439
14.3738	-11.9215
14.9774	-12.0636
14.9304	-8.77862
13.3726	-11.5835
14.9985	-8.29228
13.149	-11.0122
13.3158	-12.4215
14.6692	-11.3344
14.9779	-11.0137
14.9995	-12.111
13.1112	-10.711
14.9568	-11.56
11.9238	-12.208
14.6429	-8.86214
14.4407	-8.78103
14.7714	-12.5747
13.6886	-11.083
14.9338	-11.9609
14.0617	-9.01098
14.5711	-10.3506
14.8326	-9.80766
14.6624	-11.5683
14.9512	-10.5061
14.7899	-11.6621
14.4084	-12.3252
13.9999	-11.9962
14.9935	-10.9068
14.5919	-9.56903
12.7209	-2.69688
14.8772	-9.31215
14.4094	-9.6407
14.4791	-8.96732
14.926	-11.3905
14.9199	-11.2823
14.7921	-11.4223
14.9775	-8.79965
11.9582	-9.18412
-2.74119	-12.7165
14.4861	-11.7174
14.5692	-11.6043
14.9055	-10.0295
13.4514	-12.861
14.6139	-9.36688
14.4856	-9.71828
14.9667	-9.73825
14.3535	-11.1981
14.3269	-10.8178
14.9078	-8.5778
14.1103	-10.4456
14.9139	-9.49481
7.27919	-6.38753
14.9748	-10.4019
14.6001	-11.9638
14.7364	-8.22231
14.5279	-13.3821
11.68	-13.2644
14.3335	-10.8413
13.5285	-8.69615
14.7771	-11.0482
14.0649	-9.46018
14.769	-10.4435
14.6956	-11.5991
14.9498	-11.5073
14.6446	-9.91094
14.6475	-7.69654
14.842	-8.71052
14.4161	-10.9053
14.7476	-8.8446
13.9032	-12.5174
14.8832	-11.3944
14.8716	-9.93474
14.661	-8.90748
13.8866	-10.4641
14.9641	-12.0886
14.7403	-10.1196
14.9531	-10.707
14.6658	-9.66884
14.4453	-12.3476
14.8953	-9.42254
14.9186	-10.6148
14.7664	-10.9926
13.9067	-12.495
13.981	-10.7926
14.3881	-12.1617
14.0333	-11.6823
14.8843	-11.9012
14.8191	-10.4017
14.3112	-8.86238
13.9661	-11.2322
14.1129	-9.69635
14.526	-10.7984
14.8667	-9.85833
14.5906	-7.36579
13.1135	-3.63253
14.4543	-7.83627
14.5858	-9.08945
11.7814	-9.82899
14.8373	-11.1174
14.5885	-11.3412
14.6684	-9.97212
13.4823	-12.2327
13.9823	-11.2572
13.7227	-11.8264
14.8934	-8.44145
14.6737	-12.6561
13.9134	-13.0616
14.1392	-12.4555
14.2884	-11.2366
14.436	-11.5596
14.4506	-9.71239
14.4526	-13.2665
13.8974	-9.04775
14.2701	-9.00427
14.1405	-8.82356
13.891	-10.2181
14.9254	-8.62732
14.5001	-8.61046
14.1775	-9.32799
14.4257	-10.7096
13.2886	-12.6314
14.7415	-11.1608
14.1486	-12.9786
13.5673	-10.8259
14.531	-9.89733
14.6943	-9.54001
14.9446	-9.92588
12.2523	-2.66992
9.92171	-12.4722
14.3908	-9.06955
14.2169	-10.3658
14.8797	-11.9809
14.8671	-10.6193
