4.95629	9.14807
4.53566	6.83409
6.05302	5.6753
4.06097	9.2786
4.86711	7.28169
5.06492	8.6916
4.25057	9.72344
4.85168	8.23952
3.83745	8.90361
4.58414	7.64439
5.63432	6.41644
5.20037	6.16848
4.90033	6.85067
5.93874	7.90092
3.27438	7.17333
3.09439	7.69575
4.23625	8.15523
5.1266	8.98196
5.04015	5.85185
4.4029	7.15793
5.45632	9.18706
7.41168	7.81104
4.58785	6.9027
5.19136	6.80701
4.12869	9.96761
3.17846	7.41229
5.30774	7.95853
5.16008	7.9571
3.12657	8.80788
3.83569	9.55104
4.65081	7.85879
5.73432	8.92876
3.93177	6.61847
5.29314	6.46404
5.54012	8.34849
5.62086	8.21914
4.60896	6.74636
3.57145	9.11773
4.63702	9.05977
4.61125	8.35646
5.28714	7.7348
5.13376	9.42289
3.41574	6.85605
7.13008	6.27992
4.38282	7.92068
5.243	9.05622
5.52514	6.42567
5.3741	7.06075
5.31558	6.80041
5.29073	8.04662
4.54213	7.75799
5.26601	8.5539
3.69577	7.55381
4.48007	6.36407
5.5592	8.72203
5.1948	7.25869
4.983	9.83983
5.5572	8.5239
4.13049	6.08412
4.64172	6.16875
8.2334	8.10574
6.14239	8.78392
5.91829	9.75751
4.28264	9.58809
4.48778	6.81671
4.32503	10.6723
3.66461	7.32216
4.4826	8.34782
5.19013	8.61013
4.59388	8.5642
3.10675	6.67014
4.33423	7.66983
5.72769	7.50926
6.13314	6.45788
4.77209	7.1264
6.14718	7.84209
6.27638	9.53273
4.09812	9.77576
3.98663	9.50165
5.76307	8.46184
5.31027	8.57788
5.02875	8.77465
3.81563	9.22729
6.54326	5.89009
4.75806	7.70314
5.66378	6.93399
3.55496	8.73139
3.88807	7.49405
3.35676	10.3115
5.04585	7.59816
6.27011	13.2013
5.35462	8.63806
5.32773	6.71755
3.6755	7.48385
3.45552	7.38666
6.33112	6.97522
3.24816	8.45257
5.94777	8.4003
6.70981	7.39253
5.70363	7.32837
5.89844	7.13009
3.22727	7.93614
5.86243	7.75365
4.24189	7.81568
3.06879	8.47589
3.09746	6.24593
5.55025	6.0821
4.75874	7.70948
3.37696	8.78448
5.77632	6.24692
7.13158	8.51512
5.64593	7.50485
4.85705	8.73784
7.53978	8.51618
5.92774	6.57674
3.56739	8.76962
5.8012	7.27373
2.86763	7.53579
5.58151	8.55971
7.28534	8.21065
4.64092	6.58383
6.18786	10.6569
5.738	8.73219
5.3249	8.65357
5.12539	9.30988
5.01495	7.40884
4.09393	8.55495
4.75294	8.70708
4.05743	8.50884
3.49089	6.81395
5.4631	8.39264
4.67946	7.12529
3.60169	7.56536
5.99452	7.81925
4.0831	8.56967
4.40468	6.73084
4.9611	7.19919
4.01397	8.10409
3.66602	7.74407
7.02021	9.11935
4.40213	9.54638
4.93265	8.45414
4.90438	6.15195
6.2436	8.9891
3.66217	8.68587
5.38031	8.2317
7.83312	6.76984
4.04622	7.64257
5.55184	6.09359
4.60756	7.71836
5.24726	7.27324
5.59549	6.97074
6.24326	7.30708
6.13481	8.35383
5.1673	6.14893
4.29564	7.64373
5.00198	6.26318
5.09112	8.21906
3.20573	6.87691
5.26199	8.18218
3.22718	6.97003
4.0714	7.92327
4.64738	8.45365
4.18841	8.71931
5.79073	8.22677
3.68079	6.12304
3.99483	11.649
5.51802	6.40545
5.10949	7.6427
5.43566	7.60541
5.36631	8.39005
5.65699	7.12122
4.22232	7.23893
5.38525	8.14296
4.20151	7.97923
5.13799	6.42987
3.77102	9.3619
5.04466	6.99312
3.57447	5.7729
5.40776	7.67703
5.85895	8.92831
6.52257	6.6945
6.12767	6.35732
4.20587	8.64806
8.57998	9.40133
4.37823	9.83592
3.3848	9.07387
3.57189	6.05902
5.9196	9.81275
5.55979	7.44022
3.87114	8.50992
6.29724	9.26272
4.78273	7.07151
4.75592	7.89164
5.49482	6.26204
3.20369	9.02735
5.64347	7.41458
3.1406	10.5044
4.37954	9.67909
3.54303	9.09729
6.12042	7.211
5.51631	7.71041
3.81647	7.80464
5.40099	6.58777
6.43591	9.23892
5.37925	6.16041
4.0916	9.64883
4.69493	8.44386
5.70166	7.47435
3.94218	6.21031
4.4429	8.34508
6.28421	8.06386
4.75615	5.98987
7.0824	9.99165
4.27047	8.1962
3.20441	6.85056
3.76639	6.9912
4.21484	9.26698
3.94461	8.17104
5.37568	6.27346
5.26538	6.08638
5.0345	8.52796
4.13871	8.31449
4.29786	9.26431
5.35959	8.88354
5.93607	7.19279
4.98273	8.35113
3.63333	9.36249
7.47573	7.85665
4.46408	7.26581
7.20065	9.95631
4.84056	8.24658
5.16252	7.34976
5.1705	9.09908
4.45935	8.37615
5.41989	7.49699
5.29252	8.81747
3.99047	7.47399
3.78715	8.98438
4.21266	6.09715
4.87404	5.77266
3.70836	9.06835
6.23126	6.60698
4.20522	7.28711
6.94744	7.21066
3.22282	7.25587
2.99637	7.54451
3.60919	7.94661
3.6421	10.4619
3.79554	7.14219
6.0372	9.19166
3.83295	6.11983
4.39587	8.90524
6.65681	7.26593
5.51961	6.90259
8.67346	8.43519
6.46501	8.51051
5.05656	9.0423
4.97307	6.58464
5.82978	8.44054
5.333	8.09573
6.93612	7.56597
3.79372	6.96797
4.25307	7.44749
4.54677	8.88522
6.20286	8.22658
4.51665	8.63341
4.99393	8.05479
3.93036	7.68214
5.16756	7.28871
6.73773	7.33197
6.72321	8.18494
5.35332	8.75035
6.10025	9.58888
5.35745	8.38
5.46136	9.0773
7.01213	5.87582
5.58961	7.7816
3.71192	9.23814
6.18501	8.31843
5.70928	6.29326
5.89785	8.88386
7.01544	9.93398
5.20278	8.32419
4.73114	10.4569
3.13181	8.2038
4.35711	7.76175
4.9266	6.19841
3.90298	7.30533
5.51923	6.34917
3.40974	8.59377
3.52439	6.3408
3.78084	8.06668
6.08364	7.10592
4.04526	7.06246
5.01137	8.3517
4.9729	7.25846
6.27239	5.43409
3.36234	7.7532
3.96712	6.65126
4.61935	8.753
4.01998	8.22611
3.93723	6.42157
5.63625	8.33322
4.87923	7.69676
4.81209	9.16268
6.39699	7.22221
5.62566	6.42255
6.02052	6.41189
4.68089	7.45365
4.17706	8.92785
5.27854	7.75301
5.32569	9.40139
5.61698	10.6001
3.67593	7.22181
5.11197	7.12994
4.76965	6.24327
3.89435	9.23051
5.01688	7.65705
3.35565	6.82656
4.53949	7.97829
4.69294	7.99683
4.64108	7.47729
4.021	6.48047
6.27309	9.95923
5.24904	7.70855
5.24936	9.66118
5.76844	6.26655
6.44269	7.64051
6.63042	7.97795
14.8924	-5.25984
3.8558	7.4508
4.6775	9.59045
5.35531	8.14269
3.52412	6.80847
5.2416	8.46612
5.32702	8.0876
4.96495	8.66795
8.8856	5.76584
6.8567	7.2621
3.95521	7.33692
4.04201	7.85462
3.94736	8.39252
5.1401	6.32805
4.08331	7.16219
3.45542	6.84325
4.99108	10.6232
3.50438	7.22239
4.08424	7.71975
3.67927	8.89488
6.9679	8.51102
7.25436	6.91832
3.97534	8.15396
3.48429	8.26111
5.92623	8.80648
3.28016	8.16629
4.69847	8.21032
5.65882	7.31032
3.87519	8.07244
5.50772	8.28796
3.46212	6.9811
6.25208	8.36478
4.59727	7.17595
4.77103	8.67842
3.65947	7.09871
3.71311	7.95514
4.62722	9.30592
4.71182	6.51527
6.49434	7.70014
4.58161	8.58219
5.73091	9.74475
5.23388	7.59928
7.2636	8.05528
3.61274	6.86943
6.70389	10.0379
4.05721	8.53992
5.08212	10.0042
5.89506	8.25512
4.35927	8.77903
5.2537	8.19172
4.03454	9.491
4.62243	9.64362
4.74554	5.88674
5.58356	6.12058
4.76943	8.32592
5.69277	7.99229
4.55517	8.61369
3.09382	10.039
4.58987	8.88768
5.01773	8.93685
5.17038	9.00233
3.80279	8.19308
5.06072	6.8621
6.25464	8.26597
5.71603	7.52378
5.12889	6.62771
5.78103	7.43903
5.65055	9.58682
6.24628	7.25286
5.14405	6.30403
7.50976	8.28035
5.37256	8.29043
4.22625	6.54448
5.52114	8.21493
2.91977	6.34321
4.94545	7.60132
3.42295	6.18248
5.49542	7.85359
4.26473	7.2412
5.7836	5.94193
4.33422	7.54603
6.83472	7.51053
7.32503	7.64976
4.18008	8.29698
6.38119	9.20227
5.29035	7.96206
4.41618	7.14193
5.80888	9.74971
4.84437	7.58547
3.99081	9.99416
4.27675	8.88614
2.80218	10.5162
3.66085	6.41948
5.89261	7.05936
3.78167	8.74598
4.87219	9.2669
3.93883	7.82544
6.70405	9.84057
4.63595	8.81919
5.55337	8.42066
3.58776	8.02187
4.70502	7.46812
6.49142	9.96442
5.04065	7.90551
7.17887	8.66119
5.25604	6.49692
4.9305	7.0725
3.95437	8.32411
6.24143	7.76528
4.53867	8.42712
5.45994	8.51449
4.93549	7.24216
5.05173	8.75344
4.91916	6.18492
4.95842	9.59552
3.74734	6.80512
5.48062	8.69469
3.99554	7.52275
4.44873	8.821
3.75971	8.20188
4.10971	7.99986
5.41475	8.19735
3.99234	8.6504
4.13862	8.56902
3.38439	6.86396
5.38466	8.86405
5.17282	6.36469
5.0344	8.9948
5.01032	6.07394
5.12867	6.10147
5.28386	7.17169
5.58603	6.90586
5.04037	6.4544
5.28934	8.5485
3.14082	7.57292
3.65737	9.97129
5.30608	8.441
4.33704	8.80772
3.27158	7.08204
5.22241	8.70458
3.42304	9.05688
6.11321	8.04311
4.21791	8.107
4.73917	7.30502
3.46142	10.268
3.88629	8.35111
4.72044	9.86284
6.26042	9.68622
5.70038	10.8074
3.74077	8.73356
5.13004	8.24752
5.62181	7.587
3.69547	6.76688
5.29978	7.63354
3.497	6.95749
4.90409	7.61874
6.56058	9.9302
4.49186	9.22874
6.87957	6.58321
5.09833	8.8759
5.14108	7.92109
6.6958	9.48174
4.85485	8.66062
3.47183	9.76194
2.99578	8.90956
5.92688	6.47292
5.23634	7.67703
6.69635	8.08659
4.95925	8.89501
4.18137	9.04233
5.16202	6.49695
4.54339	8.57145
3.77293	8.65133
3.67542	7.35451
4.84128	10.1324
5.97098	7.96698
5.00031	8.60506
4.40852	8.97379
5.74568	9.6863
5.37868	7.62267
10.0367	7.25399
4.90347	9.18188
4.05288	10.2459
7.18968	7.39699
4.82603	7.50598
5.75557	6.86518
3.2085	8.25669
6.50222	6.86925
5.9819	7.17069
5.83204	7.89716
5.05135	8.5705
3.2123	9.92513
4.075	7.84222
5.84045	6.8025
4.61226	7.60663
3.82915	8.94502
3.65539	7.26003
4.701	7.62053
3.53661	6.45487
4.30692	8.98995
3.2394	8.44247
4.02584	8.9793
6.22427	6.94209
5.9532	6.53044
3.53006	7.24323
3.76121	8.35396
5.8447	7.52294
5.90674	14.3979
3.63925	7.11474
3.46449	8.61888
5.06901	7.06474
5.54306	9.74094
4.98982	8.4706
5.93033	6.60246
5.44549	7.89282
6.07759	8.09026
3.98386	6.77719
5.85755	7.16087
4.66939	8.57357
6.10191	6.36298
5.44212	7.1098
3.16916	7.20878
4.4597	7.26924
4.84212	10.1803
5.28492	7.55443
5.26198	6.07479
3.54281	9.97515
4.33055	7.63442
3.87777	6.87722
4.8454	6.15876
3.68793	6.64718
5.00015	8.89985
5.32603	7.90404
4.46672	6.62839
4.08251	8.14201
5.32754	7.66223
4.06787	6.12519
6.64243	8.02796
3.20942	6.58387
3.23556	7.9608
3.76941	7.33088
5.9142	9.71985
4.3235	9.02567
4.16014	6.81134
4.75575	7.05237
6.22951	8.97498
4.40386	6.99697
4.4347	9.01734
3.06722	7.68061
5.95267	8.47698
4.78279	6.04575
5.98869	8.71538
4.11956	11.719
5.66302	6.65669
7.08456	8.49396
6.87699	7.37231
5.15574	6.86936
4.06002	6.42904
6.09854	8.4346
6.05205	8.716
5.55591	9.79228
5.20116	8.56197
4.91168	8.44327
3.29151	7.94607
4.96574	9.50874
7.23485	6.3326
7.07118	7.97965
4.87556	6.45639
4.63481	7.14504
4.6234	6.76426
5.93605	8.76513
6.76195	8.04474
3.227	8.28246
3.46387	8.14758
9.05347	9.83953
3.61677	8.05699
5.32581	7.97528
5.01101	6.26119
5.55348	9.32753
5.45931	7.08632
3.85423	9.08197
4.0546	8.98736
6.33549	7.23058
4.12027	9.46282
3.27066	7.86395
3.19005	7.22305
3.69982	7.65938
4.70141	8.40581
5.09065	7.32255
6.2344	7.89995
7.20891	8.56505
3.45239	7.61259
5.37616	5.98409
5.39718	8.78889
4.64105	7.88555
4.16746	8.4708
5.51925	8.32023
5.19642	7.21566
3.33037	8.95791
5.52589	8.56128
6.22733	7.30693
5.26965	6.76184
4.89457	9.0213
3.36062	6.83397
13.0447	9.16914
3.49994	9.29372
4.68286	9.7176
3.28759	6.99674
4.73391	7.73212
3.77554	9.08127
4.87847	8.71781
4.95789	7.90246
3.35779	7.58581
8.10157	8.05522
5.03884	7.30752
4.95078	8.05925
5.40349	7.39879
5.66362	8.81638
3.03886	7.84652
4.11836	8.50956
4.12136	9.34702
4.03546	7.84057
4.21492	8.25577
5.14741	8.80279
4.46664	7.27496
4.5973	6.65344
5.45357	9.15921
3.81491	9.00627
6.25691	6.72533
5.52939	6.99608
4.20199	9.41565
4.66327	8.48199
4.11135	9.03297
5.93647	8.72718
4.76267	8.453
6.4197	8.82984
5.34469	7.22709
4.40126	7.7937
3.81929	8.64697
5.60017	6.73233
6.29044	5.3672
6.44124	7.64213
6.88279	8.13563
6.25277	8.97038
5.52011	5.81312
4.91392	8.26517
3.98929	6.43496
5.97655	6.13844
5.10704	7.94862
5.43138	8.84414
6.63814	7.96516
5.07052	7.7896
6.20877	7.92374
4.35912	6.27012
5.37695	7.96835
4.67378	8.18159
4.66667	11.2404
4.04711	8.59517
6.24326	6.46639
4.99947	6.05283
4.25824	10.021
6.64766	7.47024
5.61694	6.63418
6.65683	8.76623
3.92988	7.93409
5.36599	9.55207
4.63048	7.96926
5.03586	8.67988
4.57539	5.94669
5.94136	6.23131
3.48544	7.32845
4.94377	7.24061
3.8715	8.95811
3.9224	7.54434
6.60186	7.89855
5.13783	6.79129
3.28566	7.28531
3.62274	6.32588
5.14543	10.0888
3.748	7.37394
3.22684	8.58146
6.57798	8.1687
5.69447	7.49238
6.14556	8.99831
4.70419	7.29645
3.39227	7.88024
3.9092	6.77198
4.90474	8.04331
4.88921	9.78739
4.91965	7.20117
6.10848	7.27315
5.34489	8.61937
3.27305	8.5003
5.53983	7.01379
6.26894	8.58186
7.93115	8.34864
6.19946	8.7334
3.94191	8.8501
3.72959	9.55706
5.87211	7.78505
7.19531	7.70072
3.19183	8.65999
3.65621	7.15045
6.7569	6.68227
5.16765	6.07234
3.56193	8.10148
3.78614	6.80501
6.5018	11.572
5.12104	9.60394
5.70427	8.57871
4.75394	8.02981
5.51425	7.28192
3.85015	8.67945
5.28373	8.82028
3.87422	8.91685
4.56706	7.08249
5.94378	8.98521
4.89111	8.09593
5.0283	8.53504
4.29791	8.09694
3.3735	9.35524
6.92779	9.56982
4.15081	8.05071
5.61096	6.7077
5.98974	8.28215
4.73449	9.00659
3.66404	6.68806
3.95829	8.38867
7.19116	8.16311
3.36496	7.72105
4.1348	6.32568
4.28767	6.81216
4.35825	7.94942
5.40737	8.8552
4.96274	6.14788
5.02507	6.57589
5.46247	7.60616
4.17313	7.30537
4.37237	7.84432
4.53795	6.47516
5.5788	6.50565
6.88947	8.78619
6.78939	6.4203
3.39604	6.97025
5.86077	8.82519
5.99265	8.45303
5.27091	6.7045
5.74909	6.92276
3.90609	10.4422
3.45036	8.93443
4.42972	7.67694
4.71473	8.47972
5.54437	7.35111
4.55593	8.95419
3.49519	6.23256
5.02692	7.30833
5.28604	6.80078
6.07192	10.0181
2.95868	9.08831
5.28857	8.09192
6.42104	7.82302
5.65508	7.92153
5.06288	8.32115
5.9502	6.54685
6.33623	6.75717
6.52704	6.78288
3.9124	7.63467
4.69464	7.57033
4.87857	5.87821
6.43791	6.26248
3.43792	8.30293
5.36587	6.55135
5.57524	8.11475
5.5831	9.21344
5.74003	8.45893
5.81446	9.09306
3.68194	6.4774
4.64442	7.23151
5.62912	7.25495
5.53829	8.35578
5.8608	8.42847
3.43637	9.00528
5.26401	7.22431
4.88865	7.57872
4.12807	6.62895
5.94696	6.76592
7.31317	8.2691
5.25576	7.43537
4.80378	6.0683
6.13419	6.46829
3.72585	10.2227
6.9253	6.41401
3.78652	8.37716
5.86641	8.18976
4.75287	8.03042
3.64824	7.60286
4.48248	9.17326
5.0424	8.62555
5.00078	6.24286
6.63488	8.08539
4.62343	9.49161
5.56749	6.88
5.37149	7.52287
6.2013	6.88876
4.87346	8.9797
6.22573	8.78218
3.51523	6.63032
4.64594	8.53862
3.07447	5.98368
3.79132	8.3874
4.11922	6.44608
5.48994	7.79899
2.84314	7.22705
4.40605	6.77275
4.99684	8.9168
3.76175	6.84333
4.73646	8.86203
4.42629	8.82167
4.48806	7.53741
5.22635	7.49654
5.43198	8.76409
4.01451	10.299
4.90694	9.57615
5.43208	6.71737
6.07212	7.86438
6.35878	5.93014
4.06238	7.99382
4.19249	8.40029
6.39158	9.5747
3.47285	8.45046
4.40617	8.45846
4.10557	6.6836
5.47549	7.0771
4.12636	7.29888
4.21403	9.15826
5.46539	7.79325
4.53819	5.92156
4.90313	7.51779
5.55801	7.90694
5.8582	7.74154
2.99513	8.20159
6.10434	8.29445
4.66548	7.51536
14.562	8.30652
6.80969	10.3696
3.3714	9.46044
4.99996	8.47529
4.84325	8.54794
3.23139	8.40663
3.7461	6.96623
4.66862	6.66135
4.60435	7.05033
4.85466	9.8053
5.25006	8.07605
7.74177	8.73769
4.71766	8.98541
8.27239	3.97732
5.26403	7.63252
4.59293	9.15473
3.77782	10.1885
5.10274	7.1792
3.27634	8.82575
3.23699	7.62317
4.48406	7.40185
5.8628	8.52394
4.35488	8.53581
4.66592	8.05549
3.45027	6.33378
6.59971	10.6622
4.77793	7.99975
5.09042	8.78705
5.26187	8.75841
6.02144	7.12167
3.63654	6.88625
5.45779	6.25696
4.1599	6.00596
4.43425	7.94058
5.45572	6.21277
6.06879	6.89236
3.34794	8.6053
4.40288	9.48695
3.76033	6.46421
2.99268	7.72954
3.88134	7.0099
6.02131	6.22513
4.18952	6.25049
4.94722	7.50565
4.24792	7.23564
6.07434	7.00699
5.68861	10.4192
5.3088	7.81608
3.66524	8.65057
3.82393	6.83033
3.8799	9.56416
4.99628	6.22624
5.84518	6.65082
4.50163	7.01396
4.43897	7.31225
3.9004	7.995
5.68465	7.83202
6.42927	8.26877
3.66139	5.9981
4.80798	5.67889
4.02694	10.3018
5.81093	7.40544
4.58257	7.9585
6.02948	6.87199
6.24275	8.55307
5.48965	8.52255
4.96757	8.61859
5.53513	8.52748
5.56528	9.01219
5.09683	6.53872
5.74764	5.44611
4.50848	9.02002
3.96467	8.80498
5.30139	8.71592
4.36208	7.10556
3.40622	6.88692
4.51764	7.33204
4.1025	6.15444
5.90076	8.05711
4.74519	7.22845
4.27453	8.96726
4.98943	9.10462
5.91992	8.43768
5.1541	7.27765
4.63994	7.47482
3.50578	8.68921
5.09182	7.04839
5.53809	7.76701
4.81019	9.48692
3.21381	9.89948
6.55161	7.68094
5.73559	9.15239
4.66064	7.49912
4.19155	7.00479
2.97058	7.74523
3.94137	7.30216
5.52436	8.66485
5.16494	7.18231
4.35844	9.67687
3.67157	8.58774
3.75092	9.46435
5.487	7.42404
5.07263	7.38667
5.46401	7.55845
4.34668	8.83184
6.72387	9.89361
5.87315	10.551
6.99825	9.42085
4.28731	9.00749
6.10094	7.44932
3.25658	8.119
5.37026	6.80104
3.84617	7.72326
5.31262	7.7592
3.99433	8.61336
4.30509	6.25763
4.12887	7.86623
5.37613	9.21881
6.59547	9.41514
5.04747	8.86294
4.22912	7.42914
5.86759	6.37287
3.58575	7.92293
5.21945	6.0954
5.60478	7.32476
3.03515	8.30616
6.19824	5.32696
3.38883	7.90294
4.55757	6.40079
5.68272	8.08424
9.86231	13.3506
4.74867	7.69627
5.46684	8.85435
4.93953	6.98548
7.46596	6.53666
3.20715	6.42571
3.72578	10.8267
3.44843	7.69745
4.92159	10.3047
6.24758	8.69995
4.40099	8.03335
3.32716	6.32781
5.113	7.36815
6.13176	9.08157
6.09352	5.74729
3.4623	8.83676
5.84847	9.56054
5.91722	10.0707
5.43868	6.05151
5.81944	7.48205
6.24539	7.39811
5.25953	6.93047
4.2416	7.27937
5.60579	7.58539
4.60512	7.95499
6.13645	5.98703
4.71331	6.7919
4.68349	9.78202
3.60762	9.58689
5.00383	7.38164
6.16354	8.78981
4.72487	6.391
3.80783	7.67241
5.66185	7.19337
3.22064	8.33661
6.41252	9.27551
5.15417	8.60959
4.30098	6.94703
6.46096	7.13982
5.27679	10.2446
3.53773	7.46198
4.18247	8.82978
3.77928	8.48867
5.386	7.05425
4.0228	6.3131
3.39955	6.88932
4.6846	6.46407
5.72474	7.1191
4.21199	8.39256
4.6097	8.46371
5.26645	6.29174
5.58493	6.0466
7.48721	6.90306
5.77426	7.97428
5.73355	6.13955
5.85706	6.63701
6.93832	8.98478
4.73608	6.33514
5.05093	8.4809
5.88291	6.67003
4.55227	8.86969
6.11945	9.30858
4.64832	8.28469
6.18911	6.74674
4.4958	8.46686
4.95419	8.33579
5.23108	8.32317
5.91455	7.97015
3.85678	8.30891
3.92024	8.69184
3.72876	6.87537
5.44781	7.7273
5.22837	7.34212
4.88041	7.12258
3.24635	9.55332
3.9883	9.17337
4.58894	7.52457
4.41389	8.25491
3.98158	7.74034
3.88639	6.61219
3.43156	7.15436
3.94503	6.86226
3.83941	7.62788
4.05945	6.8868
3.96991	9.87538
3.75353	8.31023
5.65604	6.98992
5.07433	8.71343
4.87703	9.23052
4.94745	7.68272
3.94304	6.92723
5.76862	7.85524
4.06661	8.01657
3.09253	6.60918
5.14919	6.86043
4.55878	6.53022
5.34012	8.66722
4.83383	7.79494
4.47689	6.11118
5.39576	9.1044
5.12855	6.4973
4.82609	8.98796
6.1701	6.48049
5.25211	7.56538
5.01166	9.22933
2.91416	8.7605
4.32372	9.54907
5.58075	9.71867
4.00358	6.6055
4.99794	9.24581
4.07026	9.30181
5.35499	8.9424
5.26741	7.4683
3.87153	9.14239
5.14948	6.67316
3.54769	9.45768
3.52512	6.89163
5.48463	8.7496
6.6955	8.82004
3.06644	8.7322
4.4539	8.25464
5.49526	6.69536
5.30401	9.53165
5.47533	6.88628
4.46675	8.24203
5.18178	6.81387
6.16949	10.2496
3.63354	6.75881
5.31453	8.59721
5.16485	7.45109
5.15688	9.46989
5.70966	9.24343
5.90054	7.43419
5.82111	6.87847
4.15949	7.53901
4.74785	7.89638
6.38467	9.80993
6.26385	8.28149
5.84764	6.81985
3.82397	9.22135
4.64704	8.02205
4.02391	6.2982
5.58544	8.72653
5.3722	8.76181
4.57956	6.44676
4.31068	7.97853
7.12084	8.9443
4.58566	8.69911
4.20416	9.64175
5.24587	9.35364
3.59187	6.75198
3.4014	6.71004
5.50566	7.47743
5.56481	7.7198
4.56535	8.12177
5.0803	7.30197
4.62631	6.97613
4.39811	9.88496
4.59418	7.16681
3.65566	8.6255
5.34445	6.1654
4.97875	8.02011
4.93535	11.7866
4.78451	7.28391
5.34156	7.80006
5.53481	7.7808
3.80182	8.31067
7.23271	8.03179
5.38153	7.92304
7.16735	7.57508
6.4099	9.71909
6.43631	7.13878
4.73423	6.88041
5.08688	7.30473
4.09602	7.55983
5.53417	7.42465
5.6802	9.86505
3.92989	7.43246
4.62596	8.8028
5.71209	8.34615
3.45704	7.74767
4.35403	8.45923
7.38336	6.49841
6.00624	8.94889
3.72754	6.97746
4.57167	7.84032
3.62242	7.69399
5.5382	8.6299
6.35973	6.1206
3.50834	8.37466
3.47277	7.59584
4.12706	7.82515
5.26592	9.41344
4.45866	9.5009
4.05292	7.30495
5.28055	8.72815
5.04401	9.0008
3.34046	6.21132
6.54167	7.6837
3.1346	6.27142
7.0227	7.73238
3.13871	7.13494
3.41307	9.62581
6.03649	6.98011
3.29049	6.49892
3.01866	9.00037
3.50932	9.34566
3.40268	6.00041
5.50281	6.3979
3.48406	9.09965
6.1119	6.05792
5.69209	8.75887
3.76248	8.3284
5.15471	6.40948
3.30529	6.79803
5.31943	5.94406
4.36283	7.40768
3.62794	7.24422
4.4021	7.90207
4.97451	8.54905
4.94291	7.89756
4.43658	7.86628
5.11705	7.51287
3.82792	7.3542
4.85582	8.47627
4.25737	7.4697
3.8427	9.24463
4.23488	6.95451
6.83448	4.34037
5.88346	9.05998
5.92713	7.32273
2.79742	6.42301
7.87923	7.35012
4.31176	7.65866
5.21926	7.27517
4.70003	7.45818
5.71113	6.52788
5.65714	8.08316
4.72888	8.74008
4.00572	6.71138
6.26259	7.17675
5.22622	9.12384
5.6635	9.00229
5.50564	8.4249
4.66365	7.16709
4.88806	7.36152
5.93776	8.49839
5.03484	7.01725
5.46993	7.70801
4.53436	6.73439
5.43312	6.46108
4.22723	7.80973
4.69543	8.46295
5.20864	7.20175
4.0474	10.9499
3.87051	8.53027
6.68337	6.79467
4.30797	6.60424
5.44245	9.90623
5.26521	9.24568
4.50428	7.33049
5.53267	7.37279
6.45764	7.40609
6.40995	9.05236
5.38963	9.68918
6.61973	8.80904
4.16821	7.54014
4.67717	6.25699
6.2275	8.388
5.63408	6.68895
4.21934	8.22656
6.06022	9.48715
4.13429	8.14387
5.78506	8.39775
6.55163	8.90215
3.63407	8.59459
6.35989	8.0699
6.29227	6.06744
4.19144	9.8631
3.96918	7.43414
6.49397	12.6377
4.92643	6.18166
3.86671	9.36583
3.86283	9.05958
3.77666	8.6801
5.09648	7.76838
6.44034	10.4686
6.49918	10.0418
5.08407	8.0484
3.87223	6.96328
3.2199	8.46502
5.52243	8.18796
3.8195	7.36777
6.52363	8.48226
3.74664	11.888
5.07112	8.00192
4.06865	7.20118
4.40534	7.39755
3.49294	7.37843
5.57228	7.24672
5.92675	6.49831
5.64475	7.84193
4.6899	7.35754
3.42301	9.52355
4.63694	9.22717
5.21648	8.66096
6.1775	9.43283
3.31365	7.60843
5.75295	9.24071
3.6237	7.43255
7.34646	7.6143
5.69651	6.28528
6.01895	6.29816
5.46011	8.86079
3.91618	8.19035
3.32106	6.38124
4.2821	8.93246
3.47489	9.25408
5.22225	7.55693
3.94565	6.73365
5.17987	9.55437
5.10335	9.01148
3.58468	9.0241
5.27681	9.64875
5.49214	9.71688
6.2238	7.23235
5.72132	6.94898
6.37934	9.05779
4.54668	8.6945
5.76831	7.51912
6.14308	8.61408
3.24427	8.71255
3.72201	6.65284
5.74528	8.36961
3.38069	7.5777
4.62326	6.30578
5.68532	8.07717
3.46531	6.10456
4.54224	7.72451
5.73924	7.1336
5.11775	6.17261
4.27243	7.61877
5.98076	9.66608
4.20364	8.7893
5.15764	10.2883
3.14703	6.75738
2.88144	9.65583
3.16485	8.62534
3.84836	8.43281
4.05556	6.39728
6.14619	6.14261
3.37587	7.28862
8.27552	8.59962
6.39568	6.47362
5.8788	8.41371
5.52342	8.65137
5.478	7.17952
6.16902	7.7583
4.32441	6.63396
3.84956	6.48479
4.47732	6.55891
3.83499	7.47881
7.01906	6.79309
4.26979	9.92898
4.08486	8.77124
5.78991	7.27162
3.60277	7.34058
5.51291	9.55962
6.02888	9.20598
6.75257	8.4506
5.27565	8.18917
5.34159	7.62173
4.85434	7.52575
3.97465	6.82655
5.45502	6.52152
5.44562	8.13475
6.24193	5.8274
4.70025	7.15438
4.4991	7.49471
4.29185	7.43664
4.78463	8.0922
5.68793	6.92533
7.27139	9.69593
4.39981	8.23722
6.24784	8.62964
3.57875	7.51012
3.08176	8.69504
4.65829	7.41068
4.13815	5.83082
6.13051	8.18093
4.08721	8.20878
5.51103	6.77702
5.03594	8.45004
4.80578	10.1017
5.65314	7.18778
5.84467	6.89169
4.21158	6.51536
5.11339	8.82647
4.88881	6.98283
5.02552	7.07077
4.96194	8.46205
3.66647	8.26313
4.96918	8.64782
5.30942	7.60765
5.38355	7.36224
4.57424	8.177
4.81159	7.33592
6.37493	8.1008
6.04556	8.45936
5.89554	8.3092
4.43983	6.91815
6.27754	9.99062
5.59093	6.65519
7.37659	5.56827
4.66132	9.58566
6.3822	8.7
5.4955	8.8131
6.74349	8.45716
5.05109	9.04839
5.0463	8.37286
5.84552	7.65225
3.9245	9.21231
4.93293	8.58464
3.67102	7.00385
4.5259	7.91139
4.99819	10.2999
5.75976	7.33065
4.44197	8.14931
5.54885	8.49666
7.39428	6.88746
6.17319	7.53565
4.24026	7.86167
5.95075	8.41071
4.80696	7.15566
5.60914	6.40387
3.33514	9.17438
4.79242	8.51075
3.48542	7.46592
4.37563	8.66869
5.93738	7.98366
5.20986	6.44107
4.77459	8.25219
5.6819	6.29433
4.85736	8.12115
5.83443	8.70632
3.30429	7.06032
4.1574	7.5432
3.23598	10.2603
5.85455	7.21117
6.20262	5.48658
3.63421	8.11507
3.31919	7.82883
5.02425	8.74571
4.8269	7.28564
5.7807	6.46157
5.93801	9.17568
6.99878	10.0178
4.62234	9.23217
3.49334	7.48605
3.72595	7.82846
4.45279	6.67078
4.16311	8.42607
4.28423	7.69277
4.84346	6.8098
5.77284	10.9182
4.96319	9.88523
5.47742	5.9879
4.43644	8.25162
3.20514	8.61493
6.16918	10.4459
4.96216	6.57735
5.61999	8.73909
6.1408	8.19588
3.96642	10.0995
4.07605	7.73678
5.82452	8.33215
5.74805	6.58812
5.59815	8.78907
4.47814	9.93435
6.44035	7.53796
5.21798	7.99742
6.03268	7.16914
4.74681	8.43618
5.58209	6.33862
4.30562	7.2545
3.53998	8.59783
3.77286	7.20084
3.45664	10.4929
4.46079	7.16867
6.5437	8.53996
5.45649	9.01016
6.79332	6.34592
6.12188	7.64675
5.20567	7.21732
4.42997	12.3895
5.05419	8.51618
5.46826	6.6426
5.95915	7.20328
5.06407	6.56
7.13586	5.31681
3.09474	7.51331
7.64863	10.1336
4.5745	7.92944
6.21547	6.54507
4.00524	8.28594
5.31963	7.27565
3.56323	8.40959
3.18958	7.76159
4.59255	5.96657
4.86818	9.516
4.94356	8.14151
3.83864	8.60572
5.50093	6.87827
4.01254	7.1887
6.29973	7.49063
5.72264	6.18178
3.75272	8.5808
3.40425	7.65272
3.38634	8.55889
4.15407	7.92554
4.31274	9.30979
6.88016	6.90947
3.81651	7.00236
3.8591	7.6715
5.10945	8.07973
6.78778	9.17421
4.57746	7.47248
5.95686	9.70637
5.56542	6.10877
4.38545	6.47399
3.77701	7.12693
4.0732	9.00229
4.73653	8.60745
4.35421	6.79807
7.13628	8.78302
5.49818	8.56456
4.56639	8.40499
4.89369	7.31007
12.5757	4.01447
4.79568	8.34743
3.95853	8.4523
5.15221	6.46061
3.20493	8.30658
4.60197	8.24255
6.09017	9.67185
3.26453	9.44682
5.545	6.18568
4.22397	7.81868
3.15097	8.84196
5.03045	7.50861
3.99535	8.09477
4.69383	7.8013
6.03588	10.7895
5.45922	8.36719
5.07003	8.77078
5.7086	8.52545
6.10679	7.43677
4.90341	9.60484
5.91097	6.50916
4.8494	9.05237
5.58193	6.05781
4.59941	8.02488
5.84363	7.06282
3.43247	10.4897
5.33915	7.62348
3.22865	8.01414
3.51537	8.1601
5.224	7.58954
4.15952	8.53611
4.1225	7.78744
4.60249	9.00666
4.44884	8.50024
4.20151	7.34783
2.84359	6.66005
3.77703	7.57487
4.14211	6.85786
4.54774	8.11789
5.43375	6.30186
4.62616	6.9406
5.79435	5.89127
3.5262	10.1508
6.52196	7.58559
5.25657	7.65286
3.26738	7.43079
4.66477	7.36592
5.65034	7.56994
3.50529	8.49048
6.519	7.77372
7.03552	8.16007
3.97017	6.85963
5.15149	8.86125
3.88808	8.11367
5.08626	8.93745
5.7879	8.7235
4.90947	8.83352
3.94476	5.96966
3.24659	6.96245
5.68375	8.51021
4.60331	6.52388
3.81018	7.1011
5.76479	6.61755
3.42243	8.0819
3.04919	7.57885
5.88449	7.78141
7.33607	5.63249
3.37493	7.68325
4.36157	9.19735
4.00197	7.35428
5.80953	8.97106
4.04111	8.43794
8.68424	9.01585
5.88664	7.15378
5.57854	8.08802
6.52735	10.3355
4.68356	7.59576
4.21529	8.61112
5.11054	6.35711
4.74561	9.49197
4.2298	6.90833
4.88225	7.42051
4.2083	8.43054
5.8172	7.98574
5.96389	8.33047
4.24696	7.97107
5.29128	6.26932
5.21639	8.24254
4.576	9.5288
5.97723	7.66888
3.66808	7.44709
6.54031	6.67796
5.67035	6.13676
5.88576	5.46732
5.05163	8.25235
4.30074	7.38414
4.62648	8.91468
3.59511	7.68382
4.88868	6.10863
5.10955	8.44712
4.57528	7.0121
5.14163	6.5828
8.56365	10.3055
5.54217	6.60593
3.67672	6.6122
5.08221	8.23603
6.80615	5.9247
3.62739	8.91063
3.62308	7.18415
6.38573	7.15136
4.37304	6.11794
5.85399	7.1676
5.05455	10.058
5.29286	8.42249
3.46213	9.15457
3.9731	7.67766
9.64132	3.0788
5.67777	7.89166
5.85081	8.88159
5.01533	9.3354
3.04742	8.00846
4.4926	8.30641
7.04527	8.48765
4.71762	7.92882
5.64998	7.83406
6.66383	8.77316
6.36585	6.32609
5.70301	7.68086
5.27679	6.80133
3.48771	7.76558
3.50457	8.061
4.66291	8.57586
4.39405	6.75107
4.03254	6.26387
6.34854	8.29318
3.30007	7.92175
4.40039	5.8025
3.95609	7.20692
3.18518	8.09474
4.7308	6.40891
5.72742	7.65249
5.69049	7.33025
5.0913	7.15024
5.65839	9.38154
5.68629	6.45909
3.36046	6.25813
4.47937	6.82931
4.81256	9.6134
4.07821	7.1742
4.83088	7.6938
4.23634	7.79144
6.28664	8.33094
4.35014	7.90042
4.22847	7.9049
4.82307	8.12251
3.76131	6.80253
3.62489	9.53172
5.79356	7.07573
4.88134	8.86102
5.70272	7.97493
3.23325	7.54123
4.26566	9.93697
4.48738	7.30644
3.96357	6.87974
4.80229	7.64682
4.40955	6.75943
6.1646	7.01645
4.2206	7.43317
4.13898	6.82293
7.39529	5.72732
5.30049	8.03604
4.21388	9.56537
4.89587	7.81403
5.65521	6.95521
8.10208	-6.52687
5.57944	10.8547
5.48391	6.60422
5.20446	7.42677
5.37542	8.87088
3.30486	8.11898
5.51823	7.91292
7.13062	7.78866
6.72244	7.63184
3.96368	8.86571
3.66111	7.3631
5.14959	8.72686
5.14053	9.36534
7.06704	8.13367
5.28317	8.65286
4.34219	8.444
3.60369	7.45395
3.57621	6.98477
4.96281	9.09757
4.71336	9.85935
6.0496	7.80331
5.27664	8.30903
5.24196	8.19479
6.13329	8.41578
4.90655	7.37562
4.80802	7.71136
3.88736	6.05769
3.61601	9.37459
3.94079	8.13242
4.25898	10.4175
6.03642	7.71463
3.49443	7.30206
2.93717	8.54588
5.21646	7.25732
5.82408	11.6546
3.83707	8.65857
7.39451	9.34242
4.6255	9.37152
3.92728	9.11037
4.9627	9.5951
4.10598	6.77491
3.79708	9.32581
3.65603	10.3188
6.3221	7.24968
4.35517	8.69289
4.77435	7.34704
4.98082	8.4183
5.09677	6.52424
6.77582	6.58588
5.28331	7.5867
6.29911	8.71807
4.94326	9.96696
5.38706	6.70268
5.89942	7.07074
4.8439	7.15228
5.30652	9.72875
5.12711	7.37191
3.86563	9.96805
5.04403	7.68991
3.60512	5.89814
4.41699	9.87939
4.75376	7.60936
3.01818	8.21333
4.46442	7.92201
5.31494	8.32007
3.06434	10.3187
2.97764	8.36972
4.50866	8.28771
4.79425	7.55616
4.21189	7.74399
3.13316	9.65149
5.06293	8.57626
5.28933	9.11008
5.38614	8.37966
4.41612	7.55962
3.54102	7.15378
4.2901	7.45526
5.25195	8.73598
6.93361	5.832
5.28748	8.85312
5.03443	8.13344
4.12173	7.64445
7.66166	6.79138
3.26444	6.15193
4.13142	8.77161
5.11935	7.63796
4.44281	8.00112
3.76152	7.16611
4.205	7.533
3.32935	7.67168
4.56408	9.05215
3.21342	8.38117
5.65206	7.20131
5.06361	9.27041
6.00708	7.53432
6.83194	8.99004
3.77626	8.14045
5.16095	6.83354
6.17542	8.32314
4.30853	10.4295
5.38276	8.26558
5.9221	8.22256
4.27749	6.28336
3.33153	7.45198
3.69958	8.20848
4.23162	7.90566
7.85145	11.9461
5.79382	8.48457
3.66562	9.25448
4.12957	8.71291
5.07095	6.20358
3.81878	6.23352
6.60145	8.93552
5.06671	7.08978
4.79709	9.09969
5.51177	6.39447
3.89686	7.32934
3.79588	10.5201
3.77488	8.39437
3.39423	5.91871
3.06565	8.48556
5.41636	6.04722
6.76236	6.66072
4.61962	8.30345
5.75295	8.41009
5.23612	8.81437
4.68513	8.59433
3.4464	6.46849
3.74137	8.30658
5.46619	8.42201
3.33441	8.16827
5.02051	7.37644
5.29711	6.53681
4.5032	8.59237
5.1166	7.69319
4.1394	8.33687
4.97593	8.05584
6.40325	5.97976
4.94711	8.02196
3.99352	7.19195
5.20125	8.10899
6.42298	10.3729
4.96396	8.65845
4.22571	7.17112
4.11918	6.01516
4.99799	7.97107
6.0373	7.27141
4.49623	5.96798
6.50659	8.36553
4.55288	6.66777
3.72971	8.76126
6.60893	6.8341
6.04099	10.5555
4.88759	9.22007
5.12554	8.50256
6.40423	8.50295
4.10329	7.9656
4.44233	9.00802
3.47742	5.93322
4.26126	7.13187
5.74266	9.08518
7.97252	8.61985
3.99065	8.46061
3.44331	6.92217
6.6181	9.61635
3.7371	9.95415
4.20808	7.44444
6.54198	7.29003
5.2594	7.98686
6.31961	6.31607
4.98263	7.76343
3.83054	9.07623
5.78396	6.1941
4.05369	8.62539
6.24948	7.21671
7.00213	9.59112
6.53492	8.76445
3.45326	7.02319
5.58199	8.34974
4.20777	7.21533
5.47041	7.34244
2.90123	7.56551
3.3964	9.16789
5.75749	6.5698
2.94528	9.0208
5.18299	7.28556
4.83064	8.93589
5.26599	8.76472
8.31724	6.99545
5.83805	8.79053
4.13635	9.00688
6.18991	8.40444
3.08564	7.56035
3.98071	7.27912
3.3729	8.23178
5.68106	9.54454
4.95004	8.27296
8.12267	7.63967
4.8502	7.07868
7.1293	10.875
4.53541	8.64764
5.24449	8.77057
5.26222	6.6131
4.04688	6.23513
3.62772	7.26343
4.15396	7.81201
3.65749	7.49602
5.6751	6.02867
3.60829	8.15339
5.10626	7.24435
2.9737	9.05732
4.95896	9.83088
3.82556	6.68763
5.91625	6.91482
4.5752	6.01091
3.02817	7.4399
3.69761	8.06894
5.34926	8.98626
3.89692	8.36896
7.20009	8.31291
6.10279	6.87729
4.85926	6.53313
3.72958	6.79875
4.46366	7.02021
4.94175	6.3756
4.35402	8.75603
5.51451	8.12648
11.535	13.7186
3.34694	8.11014
5.40615	8.29261
6.27153	8.22645
4.74917	8.38986
5.19886	6.1251
5.66538	6.05443
6.16932	8.82176
6.22311	7.17895
5.3906	7.94165
4.64016	8.46139
5.16507	6.55619
5.78157	6.47362
5.81247	7.51457
6.44719	6.17941
5.33882	7.5345
4.21358	9.70144
5.21674	6.39029
5.62684	6.48698
5.75987	6.68725
3.65525	9.36199
5.42293	8.29381
7.91282	6.63676
4.56222	8.06464
4.81116	8.97071
3.27034	7.74311
4.64693	6.50554
3.55783	6.54958
5.38674	8.12891
4.10311	8.67928
6.3449	7.40696
5.64938	7.67858
4.93063	8.52386
5.16681	5.84785
8.94705	8.56488
4.95209	6.44217
6.0821	6.88607
7.57194	6.89264
7.13657	8.60343
5.93563	6.92736
6.92432	7.47283
6.96052	6.54305
4.99048	7.21279
5.91893	8.63086
3.50967	9.44288
3.75097	7.71822
3.88046	8.05377
5.76379	8.2325
3.62826	9.16766
5.90879	8.76449
5.00664	7.10827
5.93278	7.79141
5.75233	8.02967
3.50288	8.57941
5.05726	8.91416
4.59613	7.91581
5.70932	9.7779
4.48465	9.34525
5.44339	6.56756
5.42242	8.91767
5.27479	10.1505
5.85373	7.77515
6.42831	6.69684
4.91673	8.0413
5.41881	8.61249
5.07024	6.54216
6.46647	7.09263
5.30095	8.43076
7.32904	8.83875
3.98304	9.227
4.34833	8.08966
4.10742	7.10869
6.00261	5.89491
6.1893	8.75923
5.31437	9.50192
4.85233	7.46075
5.82548	6.8205
6.50536	8.25532
5.38294	11.6615
6.24642	5.16382
5.39489	9.58004
3.62234	7.04318
5.77155	8.14455
3.94972	8.48553
4.42524	7.42877
3.19478	8.64905
4.11231	6.41821
5.27633	9.22454
4.42904	9.21842
4.94265	6.66956
6.18022	9.39564
2.82217	8.80953
3.70728	7.59552
3.97311	8.94804
5.648	6.95201
7.05508	6.71928
3.60768	6.03838
5.63145	8.9899
5.3323	8.06882
5.39113	8.90998
6.31196	6.04925
3.71001	6.56606
4.92575	7.14946
5.40536	6.78216
4.50676	7.54454
3.84765	6.51057
4.80764	8.86777
6.05508	8.50829
5.99613	9.95881
5.24092	9.5459
6.71379	7.45741
5.54896	6.53566
4.85392	6.02231
5.47913	8.54456
6.01395	7.97361
4.52043	8.26197
5.40962	8.35275
4.6514	6.18591
5.53634	6.89236
4.56717	6.59072
5.63334	8.49029
4.02383	9.47249
5.62704	7.73633
4.01339	8.64562
5.16802	8.46705
3.14348	9.47007
5.69244	7.36637
4.82008	6.74359
6.37502	8.32414
4.94	7.80402
3.82947	8.50814
5.42018	9.61191
4.24597	6.26847
5.80995	7.93673
5.03465	7.21886
5.76822	7.68107
3.18171	6.76695
5.67668	8.32742
7.11346	8.91469
5.00446	8.68666
5.509	10.0861
3.34964	6.40617
2.89535	6.03481
6.29662	8.78401
3.91346	6.85221
5.56143	8.25669
3.78415	8.07316
6.58248	9.00342
4.25504	7.71877
3.67975	8.56259
4.41582	6.19487
4.8977	7.61434
3.88211	6.35538
5.05862	6.06083
5.28858	6.93687
5.61812	9.43197
7.36959	7.24312
6.14257	5.3767
6.72401	9.1964
5.20832	8.6989
5.78597	8.88534
5.11069	8.39037
5.0404	9.09109
5.39478	8.19406
3.51719	7.85482
6.39547	5.43404
4.93395	6.35742
3.83819	7.87497
3.74524	7.97535
2.95815	6.47535
4.68962	7.88686
3.73862	7.95814
3.35465	8.07608
3.42966	8.38691
4.92143	8.16303
5.88873	6.66611
5.16738	8.734
4.37922	6.51577
3.4622	7.38127
4.52703	7.00825
4.68367	6.37829
5.825	8.84394
6.18039	8.08834
6.77713	6.29236
5.79197	7.05686
4.55375	7.48339
3.84303	6.59767
6.37938	7.38449
3.47798	7.95292
5.1711	8.67756
4.83965	7.76768
5.83982	9.71968
4.04658	7.47708
4.28166	7.74176
5.39311	9.74248
4.91284	6.03409
4.60169	6.97076
5.37948	8.83542
5.31405	8.65123
6.24302	9.7562
4.12868	8.97381
3.30078	6.21825
7.37318	9.49764
3.76495	6.48051
5.6194	7.67838
4.47045	7.62964
6.57355	5.93335
5.55749	8.87959
6.07668	8.19886
4.54275	7.15056
3.42271	6.61506
3.98802	10.371
6.42387	5.88166
7.0512	10.5539
7.11927	4.59665
4.10253	6.64891
3.82984	6.56749
5.64352	6.89011
5.28321	8.0894
3.51537	7.06372
4.83902	10.3725
3.22368	7.84789
4.28759	8.08643
5.12505	7.75792
4.39079	9.29289
4.66554	8.30076
5.2177	6.15961
3.40474	6.7546
4.9226	8.05141
5.72459	6.04845
5.68465	8.6516
4.27178	8.79597
5.20109	7.88304
4.54977	9.74076
6.31033	7.22469
5.88156	8.69712
4.84661	6.89699
5.23936	7.42276
4.73975	9.31666
5.35569	7.46897
5.23137	6.14625
4.95435	7.7864
5.52544	8.67052
3.0331	8.85084
3.77073	7.5083
4.05508	7.70461
5.5581	8.67602
4.39269	7.76092
5.40265	6.9889
4.32658	7.32142
7.84132	6.67503
3.49194	6.69867
4.09797	8.16993
6.48476	7.65293
4.86048	9.4447
6.01396	8.29262
5.95754	7.24556
5.32354	7.42971
3.76525	9.66036
4.56417	6.12567
4.02209	9.49021
4.35664	7.62963
6.04572	7.38573
2.98457	7.58943
4.33082	7.74966
3.82904	6.59577
4.83293	7.86962
6.09934	9.68501
5.76499	8.57554
3.02995	9.63696
6.9785	9.12991
3.91768	7.35297
3.09002	7.72622
7.41307	6.52141
5.24561	7.40254
4.98107	7.80625
5.32112	8.97242
6.53486	7.04297
4.71324	6.56418
5.54445	8.46647
3.85821	9.57929
4.30408	6.85134
5.81323	6.55823
4.77188	7.59161
4.03291	6.71949
4.38917	7.56262
4.05162	9.54551
5.84771	7.83841
6.16174	9.83826
3.8656	8.53971
5.54552	6.89326
5.71967	6.89725
4.87802	7.56494
5.30139	6.46627
7.11723	7.5117
5.68148	8.88646
4.51451	8.61349
7.06677	7.78579
3.35911	6.54606
4.82176	9.33968
3.21675	7.38011
5.39064	6.45059
3.40438	7.87551
3.21912	7.93708
7.13756	8.72583
5.46356	5.96446
3.69502	9.30649
4.24736	8.4545
3.68616	7.08945
5.88271	8.5918
5.826	8.7862
4.58226	8.34989
6.87119	8.71849
3.67929	7.3706
6.72795	8.1011
3.93718	8.02303
4.29442	7.09361
4.34399	7.07562
5.667	10.0025
7.62692	7.80296
4.58684	10.0388
4.98258	8.4001
5.34768	6.8886
4.90016	8.68993
4.57859	8.57631
8.27826	8.14899
6.87948	7.48521
3.32706	8.52641
4.43661	8.04027
4.96994	7.82192
4.23256	6.70309
3.1515	6.91292
4.19763	8.13433
6.22906	7.20136
3.84256	6.64528
7.20141	8.14697
3.53033	8.58109
3.93572	8.07646
5.10204	7.55185
3.8358	9.58557
3.44026	6.75534
5.29434	7.15508
6.56326	6.92356
7.67594	9.64101
4.93853	9.97282
3.57438	8.09442
4.54147	7.40307
7.02535	7.77549
4.92269	7.20548
4.94978	7.81269
5.68697	8.47997
5.58095	6.76269
5.66664	8.85691
4.37218	8.18084
4.8442	6.41164
3.07976	7.77287
6.45212	5.74829
5.58427	9.08168
5.2021	7.42314
5.59007	6.89279
5.24607	8.23238
4.41334	7.46927
5.79404	9.1624
4.90775	6.39198
5.89205	7.15043
4.63683	8.19274
6.35208	7.86699
6.4078	8.75328
4.02844	6.13966
5.86029	8.95808
6.3588	8.33986
5.3135	8.12756
4.42317	8.07424
5.92698	6.23571
4.60913	8.21845
5.37137	8.17605
4.98425	7.51669
5.5105	7.58213
14.1332	6.40226
3.68514	7.54873
4.86618	7.87171
3.09681	7.23156
5.91948	6.16609
5.6047	7.01006
5.55728	7.25319
4.8504	8.29838
3.32541	8.61086
3.98448	7.4453
4.58977	7.74429
4.74291	7.28632
4.61406	5.98101
3.33214	5.8411
4.6617	9.08162
5.5719	8.19269
4.33829	7.01121
5.59902	8.69756
8.38524	7.42627
4.58008	9.14562
6.90067	5.6492
6.29607	7.03392
4.85332	8.89231
4.05536	6.43807
6.58978	8.6537
3.10902	11.4592
9.31053	9.38823
5.02089	8.42982
4.8684	6.91729
5.7822	8.29368
4.56671	7.45753
4.92808	7.53036
4.62672	7.93856
5.35066	8.41596
6.18828	7.89169
4.14823	10.7822
6.72459	7.47008
3.49164	9.01411
3.1555	7.94989
5.8914	7.60363
6.58522	5.85287
5.35747	5.79305
3.95532	7.10703
4.70589	7.68257
4.22087	7.26822
6.07286	9.5273
3.41531	6.71599
4.71852	8.16892
5.26327	7.75304
4.35092	6.63577
4.72109	8.22157
3.36692	6.92156
7.54462	5.14254
5.42556	7.8472
5.44656	7.96891
9.28333	11.8789
6.39681	7.68776
4.6021	6.38933
3.99356	9.01442
3.66878	8.84181
3.64709	6.83017
3.55287	8.6441
5.92444	8.15829
5.41576	5.89818
4.81649	6.99369
4.93197	9.77685
4.22636	8.03298
5.15153	6.2349
6.48887	7.49048
5.93561	9.83928
4.43478	6.38705
5.20474	7.19624
4.7803	7.80201
4.6332	8.38996
3.24483	6.58257
4.30371	7.71623
4.25823	8.27913
5.14939	7.3687
4.47489	9.5937
5.21142	7.02219
5.6644	5.7449
13.4056	-6.8993
3.53883	8.92595
5.40161	7.06294
5.36473	7.7521
4.86154	8.86228
5.72958	6.79592
4.01032	7.53491
4.85859	9.49009
4.33963	9.35926
6.47085	8.24925
5.83723	7.34229
4.42156	8.01375
3.67791	7.50434
3.57069	8.24364
10.4794	5.95452
5.43905	7.50658
5.91975	7.57525
6.49921	8.50291
4.17476	8.34981
6.30694	7.11247
5.28683	6.35317
4.9254	6.66385
3.51453	8.43967
7.05225	7.45324
5.1435	8.14829
2.60901	7.68447
5.43194	8.7032
5.12309	7.45178
6.18552	5.66654
4.57502	7.19463
4.136	7.13185
5.09177	8.08552
3.85787	7.97726
8.0427	9.43006
4.60952	9.8359
4.46899	7.633
3.76334	6.76319
6.07773	7.57399
5.7058	6.14936
5.2316	7.45367
5.92929	6.63878
4.06147	8.1968
6.03018	7.58957
5.14419	8.89914
4.50255	6.91932
6.72724	6.98022
4.5231	9.42745
6.07489	6.88828
5.20645	6.67166
5.201	10.3724
7.34487	5.91199
3.73136	7.70677
4.53719	7.61937
5.08212	8.6018
3.39644	7.36727
4.89998	8.49618
4.88754	7.83375
5.39026	7.47419
8.2422	7.02231
6.14998	5.81227
4.06083	8.08116
5.9124	6.43076
4.17409	6.93285
6.45438	7.10901
6.60425	7.05698
5.66655	8.34542
4.44964	7.63796
3.42293	7.67374
4.69734	7.4792
5.20164	6.07564
5.19588	6.12186
3.98303	9.52726
5.78407	8.67056
5.32266	10.5081
4.17973	6.86619
5.79006	7.06319
5.16419	7.61895
5.28765	8.39646
3.97737	7.38242
4.59632	8.43852
5.64035	8.42496
3.42963	7.31158
6.73718	7.30381
5.53058	8.73835
4.94321	7.85026
5.51543	9.82539
6.35449	8.28917
7.11663	7.92499
6.89129	4.46041
6.45438	9.70745
5.82927	9.02299
5.69699	6.98457
4.16407	9.43975
3.88386	7.318
3.9679	6.45552
7.11674	9.07599
5.3367	8.08093
4.14277	6.64248
4.98187	6.3234
4.48453	7.0087
4.79513	7.57789
4.48544	6.61176
3.99121	8.8105
6.20162	7.35687
5.20456	7.70725
4.64139	8.42489
6.28791	9.84189
6.62063	7.30131
4.57223	6.72362
5.41898	8.70975
4.0065	8.20451
5.93063	7.53369
5.12154	6.91467
5.70912	8.73404
4.55238	9.64263
4.35199	9.34612
3.98583	6.51938
4.45718	6.94579
4.99892	6.41211
7.84659	6.18653
5.52794	8.38904
3.81804	7.20464
4.87646	6.86305
5.35204	8.36009
4.67125	6.99681
6.10439	8.37904
5.58498	7.66184
4.6146	8.33393
5.13694	10.0612
3.21822	9.5406
3.91514	7.96244
3.83699	7.60747
5.40286	8.01363
5.49729	9.68163
5.60372	6.74993
4.45481	9.77545
5.31805	7.46839
5.85152	8.43729
6.25857	7.90218
4.35707	6.08087
3.52291	8.41434
7.81739	7.38831
4.8444	8.67776
5.54512	5.81039
3.56504	8.39165
3.98219	8.60558
3.87681	7.35615
5.97741	6.61254
4.28732	7.85614
11.1387	7.69842
5.52878	6.34792
3.21168	7.78232
4.85006	7.34226
4.35874	8.33916
5.38804	7.4416
5.68193	6.67581
5.14794	8.69627
5.1394	7.7573
6.73573	8.87165
5.40699	6.54924
3.97716	6.16963
5.71953	6.92342
5.52225	5.89902
5.35123	7.90396
3.9873	10.3806
4.58163	8.47487
5.52818	8.61224
4.30056	8.5608
5.11247	8.67713
4.82967	9.39931
4.63338	8.16772
6.50512	6.71895
5.80078	8.79201
4.85501	9.41453
5.52908	7.92982
5.78742	8.12632
3.10603	9.57434
6.21782	8.13921
4.59403	8.31546
3.54232	9.84891
5.18314	8.01259
5.32787	7.58883
4.95868	7.32365
4.47845	7.40797
5.74298	7.34088
5.43774	8.19971
7.46739	8.51974
4.07556	6.11469
3.26401	8.79211
4.36943	7.21251
4.61197	7.58216
3.59516	7.56519
3.19245	6.26537
5.86451	6.12804
5.06432	9.29032
4.39854	9.70423
4.72125	7.90545
2.97417	7.49047
4.4058	9.57689
5.64013	6.4906
6.27477	9.66289
5.58623	8.04987
3.13416	8.50574
5.43944	8.50951
3.88068	7.98577
4.42678	7.85184
5.56036	6.2902
3.33758	8.28237
6.94297	11.0622
5.37809	7.06712
6.23518	7.58821
5.35554	8.34516
3.69414	6.54608
3.78479	8.95203
5.49558	7.3594
4.4541	7.72937
4.24471	7.85404
4.35567	6.48465
4.8865	6.62767
4.24376	8.33786
5.21414	6.80516
4.60259	7.34186
4.06674	7.27263
3.42521	8.85591
6.81427	8.25927
3.98663	6.19788
4.48516	8.01387
6.40547	8.45504
4.71119	7.02307
4.90342	9.65948
5.34811	7.05213
2.79378	6.949
11.3406	7.70975
5.85869	9.33797
4.75688	6.54593
5.99098	7.15087
2.94109	7.68
3.22996	8.02798
5.18386	6.76932
4.73382	9.72356
4.82305	9.82918
5.62201	7.30976
4.29019	6.65176
5.41883	8.20856
5.41992	6.57809
4.15396	9.66717
7.46942	1.52658
5.4688	7.92375
6.01503	8.85294
5.55794	6.22728
6.97179	7.49868
3.51133	7.81134
4.83459	8.36743
5.09471	9.05489
3.52295	6.94511
3.28782	7.00014
4.34109	9.7523
4.57021	6.44931
3.44041	9.09451
4.95572	9.13111
5.01582	6.17156
2.93287	6.71082
2.87985	8.7549
6.7698	7.56297
12.1532	11.376
3.66407	7.81638
4.46914	9.07571
5.38787	6.81589
3.39123	6.34787
5.66802	6.79753
5.98842	8.77092
5.85326	9.70932
4.43699	8.59349
5.45029	7.55418
5.35279	6.76867
4.18778	8.61091
5.94974	7.45052
4.04486	7.25801
5.12863	8.37574
6.09335	6.31823
5.74612	7.34909
5.06589	7.3859
5.9171	7.17032
4.30228	7.82338
8.75104	6.27669
4.25765	7.76595
4.24843	8.30755
5.63485	8.33321
3.97189	6.7224
5.69931	9.63272
5.52443	6.77104
4.18595	6.72841
3.84921	8.51179
4.42499	6.42195
4.91897	8.04771
6.03708	8.75129
5.64377	7.85125
4.21467	8.07204
5.55188	9.62897
4.84291	7.67617
7.22536	8.87982
3.27062	9.74219
7.52082	5.49298
5.9239	6.44738
4.06106	10.0469
4.89346	6.45253
4.80052	7.51121
5.36521	11.3557
5.51669	6.78466
5.53796	7.2268
6.6644	10.2184
4.77713	6.09781
7.23809	10.1693
4.18131	8.82794
5.92441	7.21177
5.01319	6.85793
3.6881	10.0769
3.27876	8.42988
4.78755	7.51825
4.86169	10.1803
3.83819	9.92282
4.14788	6.54946
4.40131	6.72565
5.38874	6.10461
4.95961	8.97729
4.56787	7.87223
6.37592	9.95482
4.56918	8.95319
5.15986	8.67667
4.83544	7.10847
6.14893	7.51402
4.86692	7.35151
5.71579	5.85794
2.94946	7.52993
3.33971	6.92798
5.72205	9.53078
3.96424	6.37966
6.42149	8.58419
6.25707	6.35211
5.57832	7.4414
5.81084	7.8256
3.63719	6.69701
5.55395	9.39142
5.4946	9.20275
3.02763	6.08469
5.84813	6.24632
4.99644	6.26576
4.32096	7.59666
3.24267	6.15277
4.81064	7.92799
7.53823	8.96818
5.57964	6.3592
5.48172	8.79005
5.77782	8.29022
6.50088	9.26885
3.57645	8.20792
3.2271	7.0885
5.4323	8.81396
5.16283	7.54798
4.94743	7.02129
6.41395	8.45498
4.62469	6.29415
4.12358	9.55913
4.17492	8.24311
3.37031	7.1456
3.54765	8.81558
3.95993	8.73267
6.37817	7.56822
5.28912	8.80132
6.05421	8.86782
5.71975	7.58324
3.54438	8.39151
4.46272	7.5471
3.15821	8.64286
6.6785	8.24901
3.13042	7.25652
4.48829	6.93502
2.96436	8.82072
3.78743	7.42851
5.36677	6.20683
3.91789	7.32082
6.55835	7.53028
4.85506	7.95923
4.90534	8.78632
3.59363	8.1429
4.40694	7.97215
5.2185	8.49799
4.73344	7.97208
5.30579	14.846
5.27197	7.69206
5.33299	11.0373
5.5845	8.63649
4.75955	14.5092
4.44652	7.15094
5.3327	8.0548
3.33895	7.36456
3.61328	6.46703
4.91469	10.3745
6.86244	5.76668
3.98684	8.5463
5.70223	8.66808
4.67563	7.32475
5.97298	8.42808
4.07274	7.96832
3.90561	6.84635
5.17858	6.27147
5.39712	8.94657
3.29473	9.36099
7.47399	8.55817
4.44183	6.76517
4.56024	8.73171
4.07599	7.78217
3.9217	8.63088
3.17289	8.71301
5.05276	8.75946
6.26267	9.28913
5.32211	6.04907
14.551	6.572
5.26624	8.19277
3.11627	6.65085
5.81307	7.47159
5.96553	7.56435
6.19341	10.4844
5.75674	6.23433
4.28594	7.6802
3.4001	8.15676
5.60441	10.1404
4.60984	8.73879
4.65748	8.03257
5.35019	9.16103
4.05426	6.92215
3.32373	6.79426
3.79437	8.23276
6.19511	8.76687
3.19523	7.65639
5.02884	10.0047
5.17425	7.7291
6.40648	7.42664
4.40473	6.81841
2.8542	8.46606
3.69432	6.80525
5.37275	6.83002
5.46388	6.70435
3.93957	7.79722
5.20305	7.81956
5.49895	8.04818
5.68059	9.23196
6.36898	9.56554
4.98249	8.71691
4.11468	8.72561
5.17814	8.31172
4.33784	9.63747
4.30631	8.84606
4.31804	7.43968
4.1252	10.4611
4.89452	7.50065
6.89615	6.76271
3.6339	7.88079
6.62257	7.96315
4.61939	7.66249
6.42406	6.16692
9.60639	9.25385
3.16273	7.5918
5.08297	9.13129
6.38472	8.43949
5.74516	6.34554
2.84594	6.70917
4.78632	8.72965
4.43704	8.22247
4.22492	9.89116
3.20927	7.43076
4.83297	7.37974
5.00221	6.36321
5.33525	7.08154
5.27712	7.30342
7.02302	8.76571
4.43318	6.46149
5.36243	7.64064
3.13933	8.97962
5.72242	8.8709
4.96396	6.91407
5.61501	8.11303
5.59593	7.52461
5.57306	8.78475
5.73289	7.79933
3.91653	6.36293
2.98706	9.19684
3.47103	8.63595
4.65806	7.02499
4.80819	8.42484
5.8536	6.40312
5.37281	8.51282
5.51336	8.31205
6.96958	8.35409
5.9789	9.02739
6.22966	8.75638
4.23976	8.3925
5.42222	8.66065
6.04211	6.19802
3.8959	9.36716
5.62615	7.1947
5.30131	7.84512
4.25745	9.60775
7.35385	9.11055
4.78312	8.47845
6.2005	6.71418
6.49755	6.47821
4.13026	8.31939
3.8953	8.53072
3.42105	6.69551
5.09321	7.80787
3.17543	8.27296
6.20199	8.0661
3.24952	10.2018
3.13508	7.67766
5.05754	8.15419
4.50299	8.7311
6.24064	10.2659
6.02383	7.92863
3.17613	6.77241
4.06979	7.04997
5.76248	8.01889
3.88873	9.88862
5.11185	6.15438
5.72386	8.04238
6.31324	9.15476
5.26824	6.39941
8.43359	8.34616
5.90592	6.88469
5.56049	5.94946
3.23128	7.21547
5.09198	6.60199
4.36543	8.5003
5.17673	7.50298
6.2642	10.6453
7.0369	9.01295
3.41187	7.9576
5.56241	7.14699
4.60524	7.30197
3.4974	7.39146
4.09579	8.13481
6.71121	5.1061
4.68228	6.96404
5.75897	6.09324
6.77909	9.44011
4.0662	8.21039
5.36493	8.70238
3.79988	9.62787
3.30363	7.972
4.14471	9.08473
4.56942	8.8241
5.50566	6.7403
9.1226	7.62213
5.65651	8.43589
3.99127	9.98393
3.37107	7.27904
5.58775	8.66832
3.94249	6.15946
4.21032	8.92785
6.81097	5.88061
4.26715	7.90046
9.64531	8.0406
5.91267	6.5848
7.018	6.74278
3.57102	7.63216
3.11764	8.79483
6.47619	5.06346
6.53	7.1801
4.91062	6.08832
5.95441	9.08804
4.03594	8.79127
6.02022	6.10328
5.18093	7.0312
5.09573	6.38443
4.93119	6.83139
3.55445	6.35372
4.13148	7.59988
4.44376	7.71108
4.26978	6.65447
5.81492	8.16586
4.40342	8.41827
5.84866	6.2951
7.37505	4.29117
5.37919	7.47966
5.63973	6.14179
5.85064	6.03104
5.86872	7.19485
5.07506	8.65548
3.83473	7.72143
3.25231	7.13135
6.3963	7.71025
5.4573	7.41993
5.02385	6.83156
3.77484	9.96237
3.43282	6.86704
3.7669	9.19876
6.78701	5.85864
6.32389	7.34
4.51907	7.12002
4.70883	6.29759
3.78924	8.78592
5.65532	6.46628
6.71816	5.92326
5.33067	7.79393
5.92404	8.15636
6.80817	9.30846
7.05458	8.8091
4.45894	10.2306
4.90598	6.21106
3.73119	7.47583
4.86649	8.15274
3.61979	6.39901
5.39187	6.9461
4.75035	8.87998
6.18484	9.81451
5.69093	6.22104
4.45396	8.35557
4.21449	8.38363
4.00962	8.54953
4.74627	9.00432
5.3009	8.60395
5.98929	5.60216
3.77268	8.78424
6.0471	8.39035
5.52506	6.1491
7.44738	7.4044
5.62673	8.6706
3.89653	8.49563
4.74988	8.92627
4.28269	10.5721
5.76598	8.68735
4.81365	8.49952
5.78561	7.04962
6.03807	9.06647
3.7018	8.34645
5.67415	8.24765
4.0535	6.40511
5.09913	6.54647
4.18922	6.4765
4.11757	8.81328
8.50906	5.7568
8.10208	7.39842
6.86097	9.5857
3.07691	8.83008
4.02349	5.94756
4.76933	9.24912
4.84999	6.05078
5.81453	7.6275
5.25175	6.97913
3.04383	7.88858
5.5751	7.61794
5.58027	6.00577
5.47178	6.86556
5.82092	8.01787
7.04182	7.56464
4.01662	7.30384
5.54235	7.44453
5.4945	7.24064
3.29914	6.57874
4.3654	7.54988
4.94691	8.37714
3.84998	8.90874
3.53243	7.32699
5.80651	6.27036
6.50021	6.25871
3.30775	7.22497
4.04538	8.11542
6.42582	6.78352
4.71135	7.36525
3.82219	8.93098
4.36936	8.66392
5.46085	8.51934
5.6779	9.75979
3.90107	6.12372
3.15028	6.98185
5.95026	6.54158
5.09159	8.55335
4.06994	8.18878
4.41276	7.93907
5.72429	9.37717
5.30788	9.19641
5.39084	7.75034
4.2308	7.67889
6.82428	6.90852
8.53816	8.36607
2.95917	8.71792
4.93152	8.9727
4.83023	6.48508
4.8974	8.78729
5.35809	6.85919
5.3532	9.31608
6.37619	6.20249
5.20786	6.89068
2.99105	7.70615
5.66609	7.15526
5.06849	6.40371
4.62152	8.12954
5.12588	9.58973
5.57083	9.44009
5.23046	9.27693
5.28687	8.10226
4.85524	7.72816
5.20285	8.56739
4.90864	7.44075
4.34966	10.218
4.00114	7.97049
5.26771	6.70848
3.78788	12.6472
4.98005	9.61743
3.77892	8.80833
5.46453	7.41034
4.89918	7.54592
6.5028	9.541
4.01402	6.75448
5.19482	9.03928
6.55846	7.81545
4.32907	9.319
5.16374	7.81529
3.55591	8.29647
6.36027	8.83657
5.26387	8.18049
4.84569	8.35335
5.72544	6.39714
6.56983	6.2851
4.75423	6.42391
4.88566	9.06136
3.4986	7.13821
4.23627	7.90659
3.88752	8.49705
5.2441	8.72609
5.5785	8.74995
3.63121	7.63665
5.20856	7.63778
4.693	8.11199
5.8332	8.44103
4.71246	6.80543
7.01522	8.73953
6.81835	11.4117
5.50354	6.38377
3.51174	7.98405
4.01713	7.87648
4.63903	8.33116
5.37496	7.82066
4.9279	9.99915
4.21028	6.00653
4.43785	6.42893
4.69824	8.19582
5.7969	9.29399
5.82602	8.30142
6.98558	9.59441
3.30012	6.72415
4.37527	8.48906
3.01703	8.2027
4.163	8.89303
5.55165	7.26775
6.1273	7.64023
5.90976	8.92283
5.36192	9.89769
6.93245	7.51815
5.55754	7.20754
5.94208	8.46506
3.62156	7.05593
3.91519	8.97787
5.87742	6.87207
6.30826	9.38135
4.31822	8.66536
3.33831	6.98937
4.11492	6.62434
4.64669	6.76656
6.0701	9.98377
5.70978	9.12126
7.09365	9.69867
4.29284	7.28639
5.92201	7.36588
5.07581	8.62139
3.36749	7.47422
3.68551	7.08206
6.09287	7.85326
6.8285	9.20733
5.64637	7.58676
5.15184	8.92665
5.29889	6.54723
5.88933	8.00887
6.5429	6.02341
5.82399	6.57104
5.57506	8.2788
5.4741	7.49437
5.42414	7.65242
6.11651	8.55938
3.81861	9.35998
3.45513	7.55425
5.41833	6.2008
3.84381	8.84328
5.40005	9.57285
4.76906	6.7769
5.41299	8.66876
5.08187	8.70268
4.83889	10.249
6.72683	7.34063
3.89994	8.6569
5.30395	7.31146
4.62947	8.64213
5.1573	7.6099
4.3378	8.19264
5.34898	8.08078
5.69298	7.42705
5.50942	7.0266
3.87674	9.08139
5.02876	8.43265
4.75039	6.05622
3.90164	9.282
4.29801	7.02429
6.50926	6.95669
8.98162	-13.8315
6.45984	8.90883
7.27932	7.07507
4.31785	6.26051
9.37777	11.2738
3.73611	8.7031
4.64576	7.88778
5.89572	6.63398
4.96973	8.3722
4.08913	8.20555
3.3945	7.53894
4.69857	9.2957
4.25711	8.14558
3.68894	7.36489
3.85652	6.40468
4.3725	7.80994
2.9647	9.78824
6.68139	8.04924
2.99374	9.1334
5.30784	8.03896
5.77307	7.81358
4.10375	8.80969
5.63215	6.93569
4.46139	6.88237
5.13519	10.8734
4.21379	7.54842
4.19984	9.46633
5.7622	8.52145
4.19509	8.1414
5.56618	6.20671
8.15337	8.47299
5.35468	7.59447
4.87738	6.84035
4.65547	6.45585
3.3277	9.68972
3.90859	8.35174
5.44346	7.73831
5.64079	9.92598
3.65755	5.92862
5.41709	6.63476
7.00457	6.27694
4.411	7.61842
5.21271	7.58044
6.23574	9.06628
4.23564	8.20055
6.03254	7.90948
4.30345	7.00092
5.0883	6.22723
5.68471	9.50373
3.96449	8.53456
4.63999	8.57478
5.9659	7.01955
3.85261	7.84998
7.35115	6.74221
5.30025	9.03424
5.02474	7.50312
10.2219	11.3507
5.95207	4.30702
3.32222	8.77256
4.99753	6.70138
6.09248	7.33505
8.39373	3.86478
3.77082	9.2479
5.3447	6.19498
5.69261	7.3674
6.24636	9.07958
4.25111	7.56658
4.45787	8.70733
4.47379	8.76689
6.00853	8.32511
5.67873	6.57417
3.87856	7.28342
4.14454	6.43599
4.93079	6.91153
3.51422	7.22432
5.29647	6.71313
5.91867	7.18472
6.00461	8.77239
6.65545	7.65794
6.91191	6.66809
5.17648	7.6351
3.32658	8.49701
4.82774	7.38183
5.47925	7.38244
4.63477	6.53047
4.87969	6.34806
5.39243	8.43844
6.90039	7.24049
4.11492	8.65538
5.8495	10.7709
3.62696	8.29329
6.36166	9.43994
5.99312	10.5385
8.22358	7.63966
3.02784	6.86168
3.71817	6.82348
5.10976	8.87195
6.53598	8.93677
4.30151	6.77655
3.88273	8.88977
5.07116	7.80286
5.25074	8.09997
7.30138	5.55081
3.84208	8.04095
5.34699	8.71516
5.26707	7.52342
3.60585	8.3168
5.83711	6.15141
7.06509	9.11804
5.00038	7.44141
7.52335	7.55244
5.25811	9.11093
7.76404	9.56489
4.5662	6.26534
3.58761	7.63543
5.07567	8.57627
5.03926	6.56775
3.92704	7.3718
5.81863	8.04738
3.78127	9.17158
5.75556	6.18531
4.20414	8.52176
5.21325	9.6602
5.27776	7.98325
5.6275	9.20173
4.34008	7.61123
5.29979	7.73935
3.01898	8.06213
5.03732	5.99294
4.72791	6.18274
3.88472	7.9457
3.2046	10.4693
4.12381	8.01828
4.48674	10.0751
3.77151	8.69363
4.71705	6.86671
3.58832	7.74412
4.62733	7.59887
8.23954	8.88262
5.12296	7.1198
5.60607	8.96165
3.66835	6.99659
4.2631	8.2561
3.13375	7.12801
4.67828	6.70324
5.79827	8.6218
3.88689	8.72856
5.44756	7.82654
4.83187	5.98451
3.88664	6.5072
3.74614	8.2277
4.3196	8.68403
5.50267	7.54746
4.06792	6.70961
3.18481	12.8608
6.48577	6.57019
6.20296	7.74539
4.71271	7.19396
7.23921	8.53756
2.92439	8.8029
6.60034	7.03392
3.93262	8.27072
4.88204	7.1809
5.66733	8.10648
4.26179	7.30271
3.97761	7.42871
4.17582	8.90557
6.20339	7.51045
5.81496	7.88199
4.73869	6.90358
5.21164	9.6976
3.87581	10.171
4.97936	6.44426
4.55276	8.78906
7.48595	5.91667
5.48822	5.91677
5.82978	8.39105
5.82957	7.30826
6.87098	9.19617
3.04867	8.06344
5.12758	8.31284
3.17153	13.5811
4.71203	7.1053
4.36352	8.20033
6.16164	8.91705
5.88679	8.24182
3.18205	8.66868
4.5799	8.03786
5.32199	7.35713
4.30542	6.93021
6.06577	7.45711
6.23169	7.62624
5.69478	8.33049
5.88635	7.33559
4.37865	6.85982
6.47392	9.16205
4.01972	7.39831
5.89725	10.4329
4.69119	8.19391
5.32018	7.74219
3.46537	6.28178
6.33579	8.17122
5.56078	6.32596
2.93004	7.31433
4.6223	10.8127
7.21701	6.81931
5.84447	6.90623
6.01039	7.0558
5.69078	6.67638
6.30474	9.77268
5.09217	8.72329
6.70823	7.0124
5.18371	9.39069
3.62973	6.44399
5.95739	5.94331
3.57492	6.9433
5.94816	7.69661
3.64534	7.45095
6.44846	7.87981
4.119	9.51177
3.84081	7.58221
6.80915	9.64867
3.20605	8.70264
3.69036	8.77415
4.51164	7.06182
5.00125	6.49097
5.77915	9.55778
5.77723	7.1598
5.38206	8.20495
5.29523	8.27232
7.0548	8.79939
4.74751	8.78045
5.7864	8.42175
3.02271	7.43619
5.10939	7.51004
6.48315	7.47422
6.0611	7.79008
4.55631	9.53118
6.96194	10.6481
6.32415	6.42981
5.95317	10.1304
3.51714	7.38064
5.26742	8.90075
5.47709	7.93382
3.65455	6.53509
4.42028	7.09553
3.3248	7.6475
3.26691	8.04764
2.9968	6.69573
5.58032	8.12151
4.16988	8.11348
5.4539	8.11704
4.16721	7.51336
5.91051	9.12485
5.35851	8.22916
6.72103	7.20943
5.73541	6.85517
5.83026	9.80906
5.83107	6.91557
5.6548	6.86779
6.63869	6.92134
5.24632	7.29582
5.19334	6.88995
5.45475	6.26876
3.59939	6.75786
4.68279	9.22806
4.38059	10.2829
3.25633	7.52876
5.00511	7.32327
6.31251	7.88003
5.18662	7.45648
3.3633	7.01611
7.07057	8.86199
4.97366	6.91127
4.0124	5.82067
3.91612	6.66573
7.5112	9.34224
3.55719	8.23069
4.48306	8.94674
4.14617	8.65131
4.65955	9.15931
2.98986	8.34943
3.53039	8.47023
6.39737	7.07914
7.06567	7.35287
5.21344	6.21542
5.56517	8.93568
4.7285	9.58647
5.78842	7.80134
4.85881	8.58705
5.24883	6.58227
4.94366	7.24886
3.10703	8.30671
4.09769	6.88952
6.05672	9.0138
5.70803	8.64779
6.10872	9.3522
3.28332	10.3723
5.79573	9.39464
6.14694	6.41438
5.34685	8.3305
6.99391	5.98866
5.44951	8.59382
9.66301	9.82882
5.04863	8.76405
3.8165	6.16236
4.16777	8.20884
3.05826	6.51997
5.66352	8.74267
6.3146	8.39403
11.018	4.21376
4.59515	8.46994
6.975	5.63993
5.79196	9.55617
4.59723	8.39678
7.22076	5.17532
5.38634	8.029
5.1277	9.1592
4.92777	8.29527
4.33178	6.71813
4.86286	6.04147
5.07874	9.42632
4.56131	8.7725
6.88789	6.47214
4.99174	7.59368
5.86852	9.8731
4.88335	11.2653
6.02395	8.19052
6.03508	9.25889
4.32541	7.66519
4.3806	8.48151
5.83546	7.64882
6.1123	9.4754
5.96812	7.89042
3.1659	6.34666
7.72724	8.81277
6.42084	6.83124
5.4533	7.54281
3.17429	8.36733
5.84162	10.1155
4.51479	8.6459
4.19191	9.44242
3.60773	8.55171
5.42273	9.23184
7.48852	7.93471
3.40421	8.3442
6.19073	7.54683
4.90303	6.24325
6.06179	7.79961
6.74715	8.69013
3.65964	7.88272
4.69604	9.13225
3.12345	8.51158
6.00622	7.08551
5.11917	8.88931
6.35378	7.45686
3.23107	7.17107
3.55847	5.94842
4.48904	6.69363
4.07691	10.0178
2.96382	8.0184
5.8446	8.42609
3.36755	7.91483
5.6991	9.09476
3.67539	7.60085
4.40731	9.22905
6.96391	9.79875
5.67497	7.07026
5.13881	8.01254
6.47079	8.79279
5.77131	7.34353
7.89344	8.67138
3.7327	6.54848
4.49822	9.59215
3.08356	8.0164
5.6528	8.09358
4.67277	7.66057
3.46078	6.15599
7.055	8.04205
5.02295	7.29934
7.04353	8.13311
5.67111	6.97573
5.58013	8.455
4.30358	9.08786
5.68677	8.6738
4.92005	10.0479
6.11317	8.02531
4.45291	9.12635
3.92955	8.19251
4.5253	7.52053
4.03358	7.59639
5.53378	8.5516
3.46998	8.7851
4.67093	6.16568
5.64826	7.84575
3.98329	8.43162
3.03342	6.92854
6.6938	9.22222
4.02125	8.42452
3.41318	9.57998
7.09786	6.01578
4.65634	9.01757
5.23997	8.92815
5.21495	8.77583
4.2709	9.22908
5.30618	6.66822
5.79252	7.6157
6.7047	6.54564
3.98601	7.82574
3.81043	7.24267
3.94449	7.54871
4.3354	8.6189
5.68431	7.98165
4.25605	8.35286
4.01998	7.21242
6.43244	8.23603
5.97825	7.08185
3.86019	7.7841
6.0396	8.42063
4.32706	7.60132
3.87678	6.31481
4.61651	7.37409
7.50724	6.71273
4.38462	6.86472
4.14674	8.8104
4.25275	9.41624
4.58144	8.23944
3.20801	11.3208
6.55149	8.46449
3.74442	6.24721
3.84998	8.16334
4.21229	6.56413
5.16223	6.33709
5.56738	8.55119
5.36155	7.97058
4.93737	7.60862
5.70093	6.93411
5.33366	8.17495
6.35791	6.73408
3.71504	9.72813
4.93819	7.56383
4.20273	7.95174
7.39943	9.58219
7.65488	-5.62826
5.20453	8.46568
5.76385	7.03016
4.29314	8.26134
3.60503	9.02516
5.76358	7.04005
3.41147	8.76057
3.35954	8.79979
5.99783	8.37593
5.49427	7.9493
3.87006	9.00897
3.99595	8.55318
5.21477	7.95925
5.40293	6.47104
5.26226	7.36792
4.31614	6.30794
4.93656	9.16893
3.52103	6.99139
4.54763	6.25634
7.11571	6.82826
3.56088	8.61138
6.16937	7.50707
3.61034	6.44695
5.31485	8.30185
5.85002	6.23665
4.55813	7.48651
5.69225	6.17384
6.75589	4.71733
5.41953	6.39173
3.83822	7.28436
4.0204	11.1843
3.74912	6.40139
5.49354	8.34944
4.16711	6.22524
3.936	7.1942
3.90867	6.92346
4.96252	8.77281
4.02526	8.10903
6.75213	7.5603
6.13632	5.8358
5.30079	7.85111
3.13905	7.2286
4.64635	7.44709
5.42081	6.21582
3.26298	6.58177
5.51793	7.01964
3.68526	9.72412
4.37094	7.68953
6.44126	9.77775
3.65495	7.89487
6.00075	6.78571
3.74216	8.59065
4.82219	6.58938
4.66533	8.60152
3.35486	7.24228
4.17763	8.55083
5.58796	9.11969
3.79894	7.07063
4.1194	8.72092
3.14721	7.70904
4.10051	7.99441
5.91308	6.33061
3.77034	6.89005
3.23741	6.56963
5.14228	6.77782
6.61423	6.38254
4.78719	9.33379
3.7081	8.60081
6.34476	8.17011
3.65709	8.18938
5.55394	8.06618
6.6045	8.26866
5.43843	9.46667
4.64344	8.0425
4.85861	8.14401
6.19486	8.43454
3.48189	8.58197
4.10032	6.81296
4.9211	8.21357
6.54758	6.91746
4.87781	6.67266
3.06244	6.71772
5.08111	9.2671
3.35769	6.75735
4.32969	7.83002
7.40916	7.74374
4.69237	9.31993
10.5983	10.0624
3.09819	8.47872
5.04329	9.37765
7.1516	5.94861
5.86807	7.44172
5.66822	6.28846
3.71212	6.66101
5.20082	8.6381
5.38604	8.52933
5.99291	7.01272
6.49467	6.31236
5.9747	7.60999
3.42648	8.52445
4.25344	6.8713
4.22013	7.73754
5.50018	8.2116
5.66561	8.7107
4.45564	9.08355
3.94273	8.48917
4.62963	7.99497
4.93184	7.52426
6.81648	6.31911
11.9504	6.50288
3.9867	6.25667
5.10901	7.59381
5.65494	7.27442
5.11558	8.08488
5.1378	8.53922
8.03047	6.838
5.31637	9.23818
3.54976	8.77228
4.52044	8.09963
4.72088	6.41943
6.00624	9.8753
3.81249	8.48322
7.08105	7.20749
5.37188	8.39873
6.49428	7.16971
3.67891	6.61188
4.78012	7.60479
3.95012	9.55502
3.24653	8.47113
3.79674	6.1287
3.85736	8.81685
5.76705	6.77369
6.05995	9.34666
3.62108	7.86102
6.38774	8.08795
3.54557	6.30269
4.72129	7.11172
6.12565	6.3915
4.4044	8.69086
6.33804	7.55418
5.17599	8.06304
3.95137	7.29875
4.86218	7.85487
5.12066	6.76028
4.67081	6.12107
5.34608	7.38201
7.09099	9.03059
3.39863	6.67975
5.47691	10.3824
6.21156	7.02876
7.44758	8.99007
4.0338	7.80822
2.89714	8.03083
4.45657	7.00763
5.13925	6.06493
4.22967	7.07576
6.09748	7.32204
3.77705	8.21869
4.38392	8.86911
4.18068	8.20941
6.86493	6.83597
5.67636	6.53091
5.11226	7.01967
5.92977	6.19864
5.83593	6.15891
4.09508	7.74068
3.14895	7.60708
5.94906	6.07072
5.711	6.83975
7.43574	6.26426
4.94001	7.20504
3.62137	7.45795
4.03535	9.51999
5.29268	8.93234
4.91989	9.80222
5.72904	7.00244
5.411	7.47122
5.23025	9.0192
5.06895	6.87836
2.93173	7.70638
3.65424	8.96799
4.10146	7.84909
5.71877	8.34098
5.85592	7.77
3.30962	7.91645
3.79038	8.69465
6.70353	7.05819
4.42371	7.9522
4.92804	8.60523
3.51129	6.88677
4.87858	8.43666
4.63172	6.05807
4.98491	8.21587
5.19865	8.45124
6.59469	9.31716
3.5306	6.16138
6.49303	6.69754
5.10354	7.11761
3.99655	7.70441
4.61505	9.03986
4.96526	9.12519
3.50574	8.87428
4.7806	8.84778
6.14669	7.39156
4.6756	8.13422
5.51989	7.53943
5.78039	6.34013
6.59074	6.86687
5.55441	7.88632
5.41307	7.85283
5.85362	7.41623
5.70917	7.1855
5.10302	8.62656
6.06393	7.83211
4.93427	7.07682
4.5178	9.0301
6.31768	6.58977
5.19009	8.99814
3.30212	8.47007
5.53397	8.87136
3.84067	8.20096
3.60952	7.73323
4.36961	7.49826
4.22399	7.90977
5.40776	8.29392
3.96588	7.87236
6.15658	10.339
5.55869	7.76244
6.44237	6.04678
5.52725	9.78798
5.80042	7.47343
5.3116	8.60675
3.45758	8.39092
6.6462	9.6998
5.43817	7.03474
4.46102	8.48535
4.0186	6.98265
3.90546	8.05395
4.86398	6.74074
3.5892	9.43117
4.5275	8.7318
5.15634	6.79376
4.91055	8.19931
5.69484	7.51959
4.5728	7.73927
2.96656	7.24594
4.80433	7.41231
5.28009	8.03979
3.72662	6.8328
4.76101	8.44149
5.74854	6.48455
4.65458	6.76918
5.37495	7.94015
4.93933	9.65971
4.19474	10.7397
4.66357	8.55013
5.83628	8.70745
5.85861	9.06775
7.64017	4.7143
4.86136	8.1524
6.67111	8.38496
7.60308	6.87638
6.08962	8.85354
4.04068	7.39302
5.59919	8.65997
4.87286	10.329
3.55763	9.76733
6.2422	9.11744
3.31222	8.67794
3.82364	6.32208
4.74125	6.24283
4.64075	6.86949
5.81115	8.84847
7.27306	6.24919
4.08038	8.29264
2.91268	8.42677
5.99202	7.99732
4.95398	8.84251
2.88675	8.53809
4.62945	6.6838
5.45577	8.07739
4.7577	8.4644
3.9662	7.14402
3.60016	9.40256
5.55863	8.57348
3.52837	7.24613
7.0006	7.08867
5.15195	7.8353
5.06856	8.74076
3.64283	7.61096
4.00878	9.55112
4.79514	7.19776
6.34592	8.52356
6.35999	8.208
5.68385	8.61039
5.03918	8.75989
4.8984	8.47054
4.14261	7.47553
6.61915	9.29005
6.01746	7.56468
7.15307	6.40807
4.87839	8.53707
4.85176	6.53258
4.42823	8.07526
5.87833	8.16932
4.51254	8.18691
5.52343	7.36499
4.55744	6.16366
4.82473	7.28871
6.01523	6.90158
6.25854	7.62391
4.41579	8.74289
3.25805	8.86651
4.08781	8.62261
3.739	6.63609
2.73305	8.37547
5.00112	10.2989
5.24062	8.45522
4.99379	8.65449
6.86223	5.67146
5.97438	7.0562
3.15018	6.89122
4.49856	8.08912
5.31395	9.06141
4.13172	9.44173
4.73668	7.29383
5.7086	6.33258
4.39318	8.58793
7.92939	3.56494
5.24641	9.29099
3.25801	10.3317
4.93859	7.61988
6.18932	6.86631
5.71638	8.4962
4.95958	8.44562
4.4285	6.97695
5.8052	7.08859
6.44376	8.08577
5.05889	6.53083
5.27915	7.8962
3.74922	8.14522
4.43068	8.7637
5.43209	6.99787
4.96439	6.99299
4.08645	8.30699
5.79192	8.58017
4.36037	7.01352
3.73833	8.84367
7.0311	9.30788
4.19547	7.59014
4.17907	8.33478
4.66361	8.38535
5.28764	7.19867
6.06551	7.97316
3.7072	6.8675
5.78504	7.60008
5.61754	8.62151
6.45217	8.88522
4.86117	9.53704
5.62835	6.4257
5.67163	8.4185
3.96442	7.93077
5.70471	10.0516
3.65052	6.95591
4.14923	7.15513
3.57439	7.83207
4.6368	7.12201
5.81268	7.43213
7.43523	7.9196
4.24742	6.65311
5.83681	8.06924
5.54299	7.12474
3.47252	7.4833
5.33475	8.14737
4.41155	8.48673
3.9228	8.7528
3.28479	8.01341
5.42478	6.34592
5.36261	6.6349
4.98813	7.62918
5.64761	8.00163
5.58888	7.81028
6.49291	5.31673
5.86836	7.67009
3.93296	7.91203
7.14162	7.43389
4.73349	8.16016
5.75738	7.78678
3.64702	6.3115
5.59944	8.08047
4.13417	11.5011
6.99792	7.00037
5.04959	6.74037
7.02836	8.30979
7.52911	8.1262
4.23863	6.77732
4.75583	7.69791
3.17577	6.07094
3.91612	8.5624
5.28128	8.5525
5.6672	8.49486
4.53393	9.07242
5.40032	7.638
4.98664	8.86627
5.77268	5.91444
5.15095	6.2363
4.88211	8.90153
5.41135	6.97709
4.86682	6.30838
4.20738	6.85299
6.38786	8.76464
5.6757	8.27439
4.2565	9.00482
5.10476	7.76676
5.24663	8.62587
4.95095	8.81791
3.40131	7.09405
5.69918	5.95202
3.49466	6.92309
3.96211	6.61045
6.26413	6.17045
4.48409	8.84319
3.5638	6.86149
4.30237	8.42657
3.69468	6.95872
3.75137	8.82209
7.26168	7.38105
5.41883	6.76084
5.7353	6.74628
3.37517	7.7072
8.15204	0.732947
3.44409	9.02112
4.32175	11.5202
3.49678	8.65107
4.25313	7.64651
4.48079	9.24192
5.7866	9.71197
4.81379	8.46496
4.02533	8.19683
5.43274	6.42612
3.39724	8.01881
5.0493	9.11365
4.15576	8.93658
4.45418	10.2573
5.40955	6.96863
4.74032	7.30619
3.87941	6.50645
4.01493	8.03231
5.16997	8.33557
5.09116	9.26438
5.59405	8.42769
6.14791	10.3593
5.97258	8.53997
3.42258	6.64732
6.16455	7.77358
4.21445	10.4505
4.72578	9.66924
6.59548	7.09932
3.56579	8.75137
4.40198	8.12068
3.29655	8.50839
6.74968	7.35099
2.86015	9.16564
3.9747	6.38035
5.60714	6.95369
3.42111	7.50538
5.42175	8.78978
6.00943	6.35938
5.49516	7.89682
5.73543	7.92717
4.03093	8.91918
4.23433	8.12877
4.73291	6.77545
5.7131	7.45741
4.11099	9.80178
3.40813	8.70048
6.31213	7.11581
4.62508	8.90855
4.57602	8.54209
4.15347	8.75353
3.20859	8.49224
6.74279	8.37072
3.69656	6.28342
5.59987	7.84503
6.04239	10.8234
3.7103	6.9122
4.77564	7.78141
4.66973	8.60841
7.25541	7.49984
4.62805	8.8314
3.49531	6.93994
5.65303	7.3028
4.61854	7.53137
4.05682	9.82641
5.97673	7.42002
4.41861	8.03596
4.86253	6.27609
4.45815	9.03498
5.35365	7.88544
4.47214	7.74585
3.11664	6.66572
4.72304	6.16293
3.8884	9.693
6.60734	8.40698
3.76545	7.23997
8.33384	7.51244
4.85369	6.59415
6.64996	8.48251
3.41496	8.50632
4.16524	7.14669
4.43983	6.99122
5.60297	7.08046
4.62987	7.60277
3.31752	7.75705
4.23225	7.98545
6.14637	8.69311
5.28322	9.48274
5.56655	7.89286
6.81955	8.26612
5.23215	8.33528
3.36906	8.52679
4.98816	6.57294
5.20749	7.3863
5.79256	6.95164
5.4619	6.88286
5.12243	8.32554
4.7555	8.20861
4.11459	6.31069
5.88259	7.673
3.35797	8.05634
5.39106	6.42474
5.27698	7.49978
5.19083	6.74514
6.68078	7.56969
4.01785	7.02843
4.77293	9.10984
5.74875	6.65262
5.72042	8.13392
3.97657	8.33507
5.47022	9.17615
5.31077	8.20088
6.72825	8.30899
4.41956	6.92453
6.4996	6.66016
6.83718	9.51762
3.4462	7.11108
4.13909	8.10682
3.78598	6.90582
6.01264	8.6509
5.48447	7.30337
5.14256	6.23826
3.95306	7.18396
6.05472	7.2324
3.37552	9.63223
4.92653	7.52484
3.63187	10.1426
3.43074	7.53949
5.26432	9.92671
5.00325	6.27283
2.87782	8.6895
5.95145	6.63054
4.988	9.90517
3.30503	8.87515
5.40272	7.90418
4.8171	10.2091
5.55092	7.77863
6.08384	7.53459
5.07962	6.16485
5.95924	6.64309
5.11927	6.23712
7.06094	8.00996
4.29145	7.66518
6.06776	7.63271
3.85433	8.20652
5.40764	8.79468
4.8096	8.91313
7.52691	9.19496
3.26925	6.78228
4.2206	9.93706
3.45581	8.11672
4.25405	9.39277
5.38989	7.33795
3.61122	6.74022
5.44555	8.48943
4.91233	7.60129
4.01657	8.57468
7.37167	7.58109
5.16368	8.89036
4.48108	8.8064
5.56617	6.47474
5.13226	7.67411
5.17338	9.21609
4.90679	7.61075
5.45781	8.4803
5.77352	7.44245
6.78456	7.28559
5.10063	9.66012
5.6818	7.46224
5.02888	9.85985
8.6314	5.46493
4.01946	8.87318
7.03403	6.74201
6.78762	7.7021
3.26924	6.41572
5.68358	6.64062
4.07774	9.39441
5.21087	6.54086
4.70721	6.79617
8.09875	-2.71155
4.01435	5.92067
4.72126	6.28299
4.23479	8.0467
5.8773	7.57517
5.38455	10.0104
4.46368	7.93931
3.1683	8.63274
4.9103	10.3844
4.51661	7.11616
5.55497	9.78668
5.32455	7.44857
5.9436	5.87353
3.77312	5.98636
4.86406	8.50155
3.65708	8.44497
5.11104	8.61153
5.85517	8.42433
5.78072	6.94109
5.99536	7.76228
5.34736	6.22132
3.81767	8.33787
2.95392	8.15069
3.84638	6.5532
4.21932	8.90168
3.38186	7.43535
5.2063	9.53263
4.20118	7.99429
6.30553	5.3893
5.39186	7.50847
6.33218	6.34273
5.86427	9.46584
5.40258	7.46916
3.75938	6.91175
5.38995	6.42499
4.31732	9.00008
5.01161	7.72879
5.63056	9.5789
6.61372	8.24992
6.20393	6.85064
8.10282	2.52799
3.48573	6.76465
5.20008	6.0781
6.82222	8.79462
3.77445	7.53703
3.97391	7.15893
6.34532	7.88396
4.08842	8.94145
4.21537	7.45346
7.01173	6.59554
5.56745	6.5635
3.59997	8.68746
4.93274	6.41879
6.11883	8.38607
4.56672	6.46012
5.19602	8.5645
5.19601	6.97813
6.15225	8.04981
3.83629	7.36361
4.62471	9.70741
5.65671	7.46375
5.13327	8.84526
6.75267	6.88382
5.19393	6.9692
6.76476	6.08393
6.31462	7.68404
5.02542	7.61029
5.2127	6.66468
5.37392	6.87631
4.38867	6.61401
5.01383	6.4993
6.95739	8.8915
6.00748	6.00069
4.38967	7.62134
4.36552	7.9992
5.67508	8.4921
5.01113	7.15659
4.7428	8.64879
3.34175	7.24957
4.87449	9.73792
5.1522	8.85835
5.13658	7.27175
5.65171	7.44
4.8639	8.25712
4.32813	10.4702
3.91185	8.51159
3.14386	8.4196
6.30487	9.03358
6.21264	7.41943
3.66307	7.2265
5.65181	7.53427
3.65097	7.02627
5.06828	6.19119
6.10105	7.21649
4.47264	6.25639
3.28994	7.98152
5.7627	9.53865
5.47395	8.91847
5.44271	8.2184
5.41459	6.58583
5.46408	6.71501
5.41844	7.51938
4.41106	8.84919
6.15253	8.61836
4.03612	6.2083
4.06862	8.53951
3.45082	7.39188
4.43687	7.93779
5.90424	8.06119
5.63515	6.17638
4.16686	7.93192
3.43432	7.4388
5.70633	7.8421
3.15627	8.78091
4.54843	9.56564
4.21827	9.36054
4.45674	6.87817
4.13582	8.76533
4.16602	7.91636
2.87405	7.88393
10.0304	7.16819
4.32722	10.481
6.24378	6.82663
4.9377	7.84317
5.03326	7.3055
5.89791	8.31404
5.18251	9.20629
3.54344	7.70996
5.74698	8.66869
4.65249	6.38176
3.53761	6.44566
5.04926	8.77423
4.56344	6.86899
4.43511	6.43432
7.72976	9.89009
4.12236	7.60814
5.48543	9.13032
5.67676	8.50767
6.8517	8.35714
6.79188	5.1606
5.56163	8.6243
5.26183	7.80841
6.55522	6.52446
7.66702	7.13603
7.30124	5.08926
3.65263	8.21894
4.94749	9.58441
6.22958	8.44616
4.79568	8.55561
5.86808	7.25626
4.48821	8.95633
5.61027	7.99943
8.19673	8.03428
4.96469	6.68308
4.99401	7.92375
3.49927	9.21447
3.46094	7.64513
4.6893	8.97378
5.7245	7.2199
6.58049	6.29655
5.32013	9.00639
4.27926	8.69969
6.84673	7.29027
4.92504	8.96376
4.44908	7.80289
5.76401	11.5964
4.03588	8.11141
6.54692	9.02733
6.13555	9.33596
6.94696	6.94915
5.23472	5.95341
5.92018	8.98522
5.57424	6.99682
2.83747	7.40159
4.56684	8.0693
3.33697	8.65759
6.54286	9.18717
4.01925	7.2634
6.18533	10.4674
3.54235	8.49906
3.63727	8.83872
5.03401	6.29207
3.68893	10.0063
5.68905	11.1443
5.43975	7.99111
5.81229	8.22482
6.27254	8.56697
3.65029	7.30079
3.99148	7.87831
4.75495	6.48299
4.22921	7.93316
4.95317	10.2745
2.90573	7.4298
5.7953	9.68831
4.38486	6.46719
6.11504	7.87645
5.21752	7.62641
3.71187	8.89819
7.25884	6.45442
5.40129	9.23348
5.83408	8.53313
3.84626	8.50409
4.96417	7.50617
7.01887	8.04545
4.93412	5.81018
5.0986	7.59757
3.47238	10.0449
4.79019	8.72357
6.58241	7.90834
3.94606	8.4274
4.07039	8.26293
6.17624	8.1374
4.43947	5.87449
2.95454	8.31778
3.72507	10.299
3.50651	7.5529
4.08084	7.13442
6.03239	7.28141
7.61816	7.67665
3.41921	9.46174
3.23324	8.03597
4.48025	6.35345
3.7025	8.3607
3.97798	6.67556
6.15119	7.2356
3.94366	8.5108
3.51506	6.5609
5.19223	7.51541
3.50892	6.20557
4.33848	7.28833
6.15259	8.48839
5.46713	9.26617
4.57201	8.57844
4.37199	8.08124
6.88887	9.08179
3.58181	8.93065
3.66359	6.84443
5.76157	7.18251
4.59151	7.02749
4.99166	7.07997
4.30931	8.78583
4.7109	9.31995
5.89961	7.37684
3.85909	7.30279
5.69669	7.72589
3.7915	6.96582
6.57253	7.41916
5.77965	7.00818
4.47757	7.85475
6.55506	6.48331
4.69501	6.6583
4.59472	8.64104
5.97989	6.53995
5.73734	6.12293
5.931	7.64608
6.69947	8.02252
6.16643	7.83925
5.19075	8.90232
3.18961	7.9034
4.44738	7.71541
5.57509	6.9057
5.8007	7.96578
5.70868	6.80119
4.71909	8.77811
5.60216	8.36594
5.72728	8.7813
9.96321	14.4623
6.01497	9.5914
5.97816	8.61004
5.56783	8.26377
3.20493	7.08746
5.1049	7.07749
5.54774	6.97592
6.90056	6.697
5.52062	7.61897
7.44704	6.4076
3.04139	7.14528
5.62733	7.47748
9.56739	4.75347
6.10458	7.53126
3.5117	8.54476
4.23585	7.64993
4.14727	9.53855
5.82917	7.62798
3.17029	8.50907
5.48401	7.16306
5.82379	8.71282
3.78004	8.76165
3.67151	7.71136
3.75879	9.41035
6.3674	8.33178
6.4147	8.80755
5.63773	7.74095
5.72474	8.53924
5.46938	8.03124
3.91093	9.02104
3.43224	6.67761
5.55655	8.6653
5.11788	7.33886
3.90023	8.199
4.49807	6.81084
6.55293	5.45957
5.68424	7.51451
6.55609	6.81238
3.38398	7.70969
2.93657	7.08174
4.72018	8.35433
5.18697	7.34541
4.00384	7.44713
3.8629	8.63303
5.30381	6.58523
4.48231	7.88127
5.06169	9.24722
5.45243	6.94511
6.21367	8.72261
3.10334	9.21276
4.15054	8.29705
3.52437	7.17437
4.64801	6.53173
2.96715	7.69432
5.80708	7.99612
4.28231	8.08475
3.50103	7.97584
3.648	9.37559
4.63052	7.15228
3.18639	7.00253
3.12542	9.48514
6.27668	6.20862
5.65736	7.01519
5.13842	8.50254
3.13709	6.2612
4.94653	6.24146
4.28269	7.25947
4.35507	6.23353
4.64517	6.76846
5.23323	6.31434
3.98967	7.45048
6.86474	6.54432
3.76075	8.63229
5.31136	8.15643
5.21062	8.27667
5.33802	7.91642
3.51503	8.79018
8.14254	8.81408
3.43244	8.57067
5.77571	6.9932
5.70345	6.64085
5.51958	7.02332
5.39184	6.26414
4.70708	9.2979
4.39162	7.92699
4.86313	6.77444
4.99147	6.07513
4.64461	7.48179
3.94441	7.74851
4.61618	6.92547
3.78905	8.05505
5.11749	8.22923
6.55089	6.743
6.13559	7.03571
3.84109	7.30897
5.5989	9.14017
5.14844	8.26705
3.43645	9.50199
4.47794	8.86347
3.52885	6.98825
5.29121	7.91862
2.96408	9.07923
4.5405	9.5362
4.85077	8.85593
6.20607	7.99264
6.19873	7.86617
7.44835	8.87387
5.43855	8.74623
3.85766	8.64189
3.01706	7.4415
4.1149	8.90039
3.47949	8.30119
4.79175	9.19146
14.4222	11.2052
4.40052	7.96188
3.43406	9.0119
4.89391	7.13368
4.24117	7.40176
4.74468	8.61727
4.84405	8.3153
4.02856	6.20841
5.69363	6.15078
5.95778	8.24298
4.74146	8.58903
3.61833	7.47768
4.61494	8.3974
2.98026	7.24058
5.2052	6.6691
3.83379	7.73143
4.77172	6.23302
5.58328	6.79621
8.23102	11.0692
5.69146	10.442
4.92309	6.37498
5.6055	7.5048
5.56078	7.02672
3.96803	7.08996
5.60117	9.00203
4.51025	9.34861
3.85784	6.94337
4.0929	7.84523
5.80373	6.21754
4.24957	7.30517
5.3446	6.00377
5.03635	6.26946
4.20518	6.83064
5.24814	9.27098
8.25809	7.01702
3.59624	7.64702
4.66555	6.59826
4.29704	8.68281
4.70264	7.52908
4.59129	7.96605
5.3923	5.82828
4.97141	8.56063
5.86668	6.05186
6.45518	7.59213
3.50624	6.60576
6.48624	8.15591
4.69378	7.87142
6.90582	8.44112
5.87832	6.27076
3.17032	6.99384
5.17311	7.14762
4.7627	8.86145
6.1771	5.88323
4.09336	6.97937
5.17715	7.34824
7.27428	6.9771
5.15032	8.63367
3.19317	8.03045
5.087	6.9237
3.25776	6.24932
3.4611	7.89845
5.96311	8.97198
4.50591	9.10662
5.8798	6.96331
4.60619	7.40884
4.80968	8.48868
7.16601	7.85634
3.40068	6.52625
3.88289	6.65528
6.787	8.502
5.4186	8.16129
3.79124	7.90381
4.56283	8.13763
3.59577	8.61204
5.51429	7.73134
4.20005	10.3085
5.23283	8.15359
3.98256	7.57627
5.48213	8.38772
4.92987	7.759
3.50028	8.08447
4.95067	7.19338
5.64334	7.63339
4.75485	7.69378
5.12425	8.49499
5.69803	5.80373
3.58545	8.43628
5.16928	7.21011
3.90771	8.83065
3.40837	6.65379
3.63449	8.08085
5.8788	9.43521
4.16567	6.47999
5.71778	7.03421
3.76416	9.56599
4.01085	7.40954
4.21061	6.94195
4.99821	8.84109
3.93646	7.3931
5.53657	9.07903
3.9856	8.12902
4.37601	8.61769
3.25788	8.00389
5.01359	7.21074
9.47894	9.79147
5.65103	6.71919
5.15621	6.70418
4.01526	8.77386
5.34385	7.90892
7.00235	9.67796
3.89151	6.2256
5.33982	8.21479
4.93002	8.70054
3.84815	8.43807
3.69864	10.0524
5.40758	7.17939
3.34854	8.80966
4.97466	6.88133
2.99304	7.32601
3.72635	7.67322
4.97775	7.19254
5.3884	8.73421
3.88205	7.60345
7.49438	9.83798
5.8135	8.70792
5.61992	8.18113
7.2417	8.78562
3.61365	7.2616
6.21944	7.24364
4.73984	8.51483
5.9442	6.30071
3.6118	7.6893
4.69937	7.62422
6.00519	8.81277
4.62897	6.21555
5.74101	8.40005
5.66633	8.07124
4.45932	8.54078
4.80927	6.463
5.75246	8.50965
3.22555	7.71395
4.09572	7.26457
6.02188	7.68185
4.21949	7.02272
4.57681	6.97037
3.27198	7.29159
5.64393	8.69199
5.48422	6.78089
7.09199	7.25929
3.87294	9.05025
3.42642	7.99904
3.42688	8.83783
5.72091	6.1373
4.13574	8.56708
3.92345	8.84307
4.29789	6.86343
4.45704	8.6818
3.91066	8.50085
3.84147	8.78059
5.2249	9.1
4.3908	8.48419
4.83934	8.4117
6.09164	6.68783
5.50256	9.76435
3.86558	8.03869
5.83818	9.1331
6.15843	6.87144
6.6413	9.10042
3.00364	6.99324
4.60803	7.42176
6.64511	8.09286
3.69954	6.74446
5.19169	9.01875
4.98914	7.26106
5.36491	8.62612
4.84054	8.95133
5.4733	7.89627
5.52638	7.59677
6.76339	9.70625
