10.0348	-2.5868
9.91549	-1.89728
10.6614	-0.887936
11.6496	0.257261
10.1105	-1.04054
9.03267	1.0594
9.93602	-3.01825
10.5396	-1.30628
11.768	-2.46168
10.0904	-0.316709
11.8979	0.342278
10.6974	-1.53014
9.31212	-2.50659
11.0079	-1.88681
10.6191	-0.785
11.4013	-0.0201758
10.735	-1.80331
10.9964	-1.35221
10.8505	1.64659
10.5709	-0.812216
9.16384	-1.18818
10.8589	1.2602
11.5956	-0.470067
11.1507	-0.212084
9.7425	-1.31858
11.0042	-2.7376
9.03549	-0.865529
12.2357	-2.46047
12.4689	-2.54838
11.8361	-2.20084
10.7004	-2.04554
10.5876	0.0284446
12.8409	0.0952949
9.98557	-2.85357
11.5137	0.0600795
8.82672	-1.55279
9.80588	-1.2646
9.41941	-1.65984
11.0804	-2.19452
10.1531	-2.27715
11.8076	0.19704
9.0272	-0.407231
10.8961	-1.17075
10.4541	-1.69778
10.7089	-1.59162
9.79789	-2.43836
13.0381	-2.04645
9.83464	-0.147517
11.158	-0.752146
11.0267	-0.915294
9.84849	-0.797539
11.399	-2.75152
10.0635	-2.04464
11.5397	-0.994962
10.7608	-2.7214
10.9822	-0.268504
8.78705	-0.73549
9.81375	-0.22175
11.4774	-0.981565
12.0579	-2.58704
10.1749	-2.77044
10.4258	-1.52275
9.3855	-1.07646
12.58	1.02082
11.2314	0.217984
9.97279	-0.592175
11.6424	-1.78656
12.5937	-2.63628
12.3587	-1.82574
11.7365	-2.84672
10.605	0.486345
10.8661	0.110474
10.2706	-0.957037
11.8036	-2.17767
12.5072	-2.3081
11.1378	-1.86838
9.15737	-1.61496
11.5459	-2.69885
10.4065	-2.77305
10.8955	-0.868643
8.92391	-2.31841
9.26742	-2.53993
9.02673	-0.516867
11.4117	-2.25037
11.1936	-0.702591
9.6038	-1.16421
9.50139	-0.488795
12.2407	-1.44511
9.82435	-1.38872
10.1333	-1.12403
10.7228	-1.53798
10.1789	-1.94434
9.88025	-2.7672
10.1645	-0.958641
10.8884	-1.22504
9.76709	-1.77275
11.2637	-1.64688
10.6195	-1.29605
11.2564	-0.677488
11.4384	-2.37176
9.06493	-1.48824
9.32253	-0.707108
11.9241	-2.15639
9.96386	-0.561077
9.92143	-2.73137
10.1295	-0.164928
9.31466	0.411803
9.1284	0.308685
9.98918	-2.11363
9.79999	-1.56122
10.0893	-1.82652
13.7262	1.20926
12.1938	-3.44528
10.6582	-1.18949
11.5281	-1.41367
9.88437	0.273758
9.46693	-0.169531
10.9498	-0.339322
11.7708	-1.96794
10.0495	-2.33577
10.692	1.87974
12.4398	-0.504389
11.8524	-0.486531
9.51764	-1.90195
11.7856	-1.38743
9.8165	-2.03922
9.94339	-0.730305
11.4806	-1.29949
11.7739	-3.14318
12.3476	0.236976
9.38595	-0.536933
10.6691	-1.13381
12.9328	-1.81429
10.4685	-1.92967
10.9549	0.638755
9.21891	-0.305844
9.9832	-0.912581
9.28483	-0.337198
11.5438	0.844157
12.0511	-2.85862
11.8105	-2.12411
12.2166	-0.150298
9.84552	-1.04165
11.6586	-1.90653
11.5948	-2.29972
11.427	-2.25744
9.92818	-1.07569
9.47209	-1.5869
11.49	-1.34026
9.31957	-2.00972
12.1041	-0.287367
9.75821	-0.300427
9.71416	0.748534
10.4538	-2.15902
14.0791	-1.52753
11.169	-0.973095
11.052	-0.771744
9.9014	-1.05849
10.2775	-2.82712
11.8414	-1.88576
11.5435	-0.0776044
11.8904	-1.18927
10.9644	-0.631228
9.55282	1.07802
10.8563	0.216991
12.9106	-3.07949
11.7117	-1.31559
9.83829	-1.71495
9.91098	-1.60428
12.0157	-0.204779
9.09604	-0.84799
12.4679	1.10232
10.6572	-2.19202
12.2173	-0.481252
10.0069	-0.76177
10.5642	-2.42423
8.85197	-0.248763
10.0443	-1.82879
10.4169	-0.524183
12.4917	-2.10559
10.3914	-0.609095
9.17504	-0.0117548
12.7276	-0.0157863
10.9376	-0.508357
10.8091	-0.390911
10.3873	0.992518
9.57874	1.55011
11.2436	-1.30805
11.5595	-2.67449
12.0796	-0.817509
9.16919	-0.643049
9.94717	1.01548
9.7286	-0.385786
12.6798	-1.38411
9.00441	-0.956282
10.9954	0.469899
9.52336	-1.55484
10.1503	-2.52822
11.526	-1.26275
11.3293	1.05004
10.6044	-1.81423
9.53567	-0.767002
11.9205	-1.48795
11.8199	0.987951
10.1937	-1.62627
9.1817	-1.40379
13.209	-1.59174
11.0726	0.676999
11.6391	-0.971909
10.7984	-0.388437
9.73689	-0.793886
11.4881	-0.91216
11.3517	-1.67784
13.1285	-1.89317
11.0095	-0.465732
9.20723	-0.796345
11.5497	-2.20252
10.0168	-1.50884
9.0401	-2.73382
9.68685	-0.100395
8.86784	-1.18491
9.15837	-2.58917
9.70479	-1.30969
11.0641	-2.16594
9.86123	-2.58051
10.1923	-0.967866
11.7413	-2.49457
11.7678	-2.4631
11.2362	-0.146381
11.6733	-1.04247
8.96166	-1.46551
13.4277	-1.45211
10.5506	-1.2529
12.2297	-1.47344
10.6977	1.06565
11.5665	-1.06004
9.4695	-2.77384
8.99453	0.188179
9.79102	-1.24935
9.11332	-0.286648
9.27536	0.0615398
10.0708	-1.86404
9.5981	-2.56548
9.97967	-1.70611
11.4959	-0.312335
9.09209	1.09146
11.7884	-2.47621
11.0653	-1.3496
11.1827	-2.14333
11.085	-0.768631
12.9999	-2.73233
10.7862	-1.8809
10.0675	-2.45198
11.4499	0.167343
8.87933	-0.427487
10.9118	1.61835
11.9772	-0.49863
13.8357	-2.77878
11.0684	-0.303902
11.36	0.635439
11.5489	-1.72571
12.2441	-0.697649
11.1721	-2.96275
10.6804	-0.794833
10.3374	-2.54536
12.1162	-0.882515
11.8138	-2.0526
9.17963	-0.77798
11.1931	-1.41908
12.393	2.42829
9.65202	-0.785595
12.5937	1.64211
12.5616	-2.20793
10.5531	0.292239
11.9048	-0.213927
10.7474	0.124086
11.0279	-0.346896
12.1616	-1.1681
10.29	-1.07907
11.5994	-0.0182697
11.7278	-2.51525
9.57443	-1.15889
11.6671	-0.813607
11.1794	-2.08368
10.4634	-2.115
9.12688	-0.97775
11.6964	0.566059
12.1417	-0.405039
11.3608	-2.48094
12.7398	-1.43042
11.4216	-1.39903
9.63808	-0.719772
10.4034	-2.20067
10.4252	-1.38789
10.3536	-0.68055
11.5018	0.554568
10.203	-0.96652
8.88659	-0.104588
12.2243	0.20648
10.3142	-0.337022
10.4389	-0.334045
11.9957	-2.69478
11.5367	-1.26736
10.1514	-1.39828
11.1904	-1.36998
10.7517	-0.65048
10.8929	-1.24211
11.4672	-0.167359
11.1844	-0.967054
13.2824	1.79399
10.1043	0.272777
11.751	-1.15735
12.0137	-1.53927
10.3189	-2.0244
11.0637	-2.7642
10.6687	-0.226111
10.0994	-1.2049
12.2656	-1.6403
12.6368	1.89833
10.2676	-0.58943
10.889	-1.85344
12.5997	-1.20562
10.7883	-2.12934
11.416	-0.134224
12.5903	-1.46008
9.53063	-1.32088
11.5062	-1.74545
11.8405	-2.09915
9.71334	0.555625
10.0624	-1.88233
12.0602	-1.82135
10.2984	1.6039
13.1186	-1.38161
9.41981	-0.0441482
10.1526	0.313807
9.97497	-0.15894
11.1782	-0.398942
11.4041	-2.64982
9.58852	-1.04522
11.1675	-2.21519
12.2823	0.784521
11.3138	-1.12873
10.6207	-0.519457
11.9208	-1.6393
12.7287	-2.10787
11.6341	-1.63204
10.6968	1.04008
10.6579	-0.0430088
11.951	-1.69574
9.84953	-1.04891
9.75291	-1.24995
9.09447	-0.344523
11.5151	-1.44222
10.9106	-1.30625
10.1938	-0.463634
10.3917	-1.75906
10.6816	-1.93439
11.8845	1.85948
13.1186	-3.33712
9.55843	-0.397463
10.9535	-1.16757
11.9859	-1.47333
10.9404	-1.4998
10.3332	-2.37903
11.7874	-0.72932
10.0908	-2.52096
11.2105	-1.52662
10.9582	-0.988882
10.0666	1.08198
10.7731	-1.22046
10.3687	-0.795604
12.2425	-1.31505
10.1175	-0.0971933
9.86395	-2.13843
9.12149	-0.443774
8.90142	-0.546468
10.9596	-0.729258
11.8473	-2.20606
11.8601	-0.321422
10.6107	-2.44557
9.64801	-2.18693
10.8396	-1.07043
9.51784	-0.195317
9.52001	0.268309
13.0971	-14.5771
10.8517	0.975914
9.94781	-1.08205
9.52834	0.577268
12.9079	-1.01686
10.9902	-2.70113
10.5993	1.92903
12.1589	-0.821527
10.5094	-2.74944
10.4467	-1.97955
11.0371	-1.29438
10.1166	1.17276
10.8518	-2.3309
10.1727	-1.26321
11.0362	-2.85686
10.8305	0.257933
9.98912	-2.76374
10.5716	-0.027906
10.9338	-2.39543
10.8506	-1.80722
11.0114	-0.0094838
9.4789	0.456072
11.2875	-2.93352
9.63139	-2.685
12.7424	-1.71465
12.7431	-1.64053
11.269	-1.35112
11.8803	-2.85203
11.8791	-0.852484
11.4404	-3.02263
10.1102	-2.29838
10.1892	-1.05802
11.7017	-2.73992
9.21601	-0.881094
9.44715	-1.41939
12.5444	-0.464572
11.0644	-1.74488
10.6376	0.317575
10.858	1.84398
10.8994	-1.32287
11.1327	-0.286834
10.4301	-1.47014
10.3032	-0.967851
10.7615	-0.499337
10.3376	-0.25064
10.9744	-2.53577
11.2632	-0.223462
10.3707	-2.87456
11.5386	-0.479873
10.2961	-2.10073
10.9479	-0.501388
11.2161	1.83896
10.4297	-0.836106
9.7991	-0.935937
12.2457	-2.14035
12.2107	0.928436
10.0341	-2.19887
13.5507	-5.36643
10.5413	-0.765707
11.7831	0.0446382
11.5823	-1.70834
12.2943	-1.12772
9.23671	0.358291
10.6069	-2.37622
10.7087	-2.10022
9.6295	-0.751279
11.4425	-0.537197
11.666	-2.36341
9.80739	-1.62741
13.3464	-2.68803
9.66447	-1.91438
11.594	-0.717019
9.63302	-3.01277
10.1761	-2.57376
9.3221	-1.75775
10.1268	-2.23425
13.8019	-1.04406
9.89103	-0.259096
10.0886	-1.2449
11.5574	-1.30424
12.6188	-2.25263
10.3628	-0.995698
10.8123	-2.43479
11.8175	-1.79527
13.9039	-13.5263
10.4758	-0.0947786
12.7938	1.14421
11.4904	-1.99305
9.99232	-0.263849
10.4733	0.191852
10.4258	-1.47724
11.1349	-0.385921
10.2411	0.960787
12.0863	-3.19744
9.17874	-1.94441
11.1262	-2.02374
9.65412	-1.64274
10.9808	0.358855
11.5508	-1.24893
9.92165	-1.69843
10.2234	-2.57433
10.7102	-2.14259
10.5447	-1.21371
10.5836	-2.27596
9.1908	-0.79873
10.7063	-0.543502
9.40225	-1.39199
11.1832	-0.487637
8.95953	1.20689
11.2975	-2.81886
11.4804	-1.71258
10.4294	-1.33062
9.83462	-0.73341
9.56067	-0.0661049
9.47045	-1.06204
11.1518	0.678936
10.4419	-2.76109
12.6128	0.787163
12.2103	-1.2197
10.6656	0.789136
12.1796	-1.48896
9.9633	-0.637448
10.0374	-2.15377
11.6384	-0.358205
11.057	-1.21429
10.8654	-1.25404
10.6023	-2.26391
10.9772	-1.269
9.89372	-0.377576
11.9785	-0.856179
9.68806	-1.18729
10.7046	0.862706
10.4794	-0.557985
10.3198	-2.40926
9.84437	-0.345165
11.2697	-1.24984
12.6057	-0.635659
11.0224	-0.0573663
10.5107	-1.62412
11.6396	-1.36938
12.7486	-0.829769
11.8356	-1.07716
8.98252	-1.50796
10.6815	1.25902
12.5986	-1.09639
12.5141	-1.06158
12.6897	-3.66232
11.9843	-1.24725
9.92054	-1.90104
10.0289	0.567718
10.3939	-1.90886
11.6236	-2.73653
11.8615	-1.15764
12.2353	-1.05399
9.81287	-1.88108
9.39819	-2.45478
9.90392	-2.60161
10.9315	-0.577808
11.0988	-0.582157
10.1255	-1.02275
9.72821	-2.99329
13.1163	-0.207547
10.5037	-2.99433
12.871	0.26128
11.2302	-0.075394
10.6523	-0.524168
12.4476	-0.657874
9.32807	-0.633123
13.2497	-2.85698
10.0891	-1.25205
11.7501	-2.03005
12.4076	-2.2033
11.3631	-1.87898
12.7392	-4.42638
11.9044	-1.78364
12.1553	-0.969514
9.89917	-1.23526
11.1602	-2.07996
12.5976	0.567074
10.8132	-1.99685
12.2522	1.07674
11.0457	-2.89361
9.93227	-0.424299
10.3511	0.66421
10.626	-0.522336
10.8247	0.364104
11.7589	-2.01878
11.3157	-1.82159
11.2641	-1.78939
11.4647	0.447866
10.1783	-0.741398
10.9231	0.326872
12.8292	-1.38286
11.3432	-1.10952
13.202	-1.60546
10.236	-0.66432
10.2633	1.90317
10.4727	-0.232661
11.7996	-2.0027
11.7452	-2.94535
10.763	-1.06636
11.0531	-1.92833
9.90385	-0.416821
11.1403	0.255158
13.2719	-2.74902
9.71798	0.712358
8.84461	-2.42757
11.907	-2.16893
11.3801	-1.24271
10.0271	-2.5135
10.7425	-0.114699
9.07995	-0.916353
10.0889	-0.356063
10.2769	-2.87696
9.11996	-1.70344
11.163	-1.87163
9.3181	-0.989215
12.2335	-2.6968
9.34941	0.0320066
11.0749	-0.575468
9.98289	-0.195312
12.6769	-2.20309
12.3262	-2.45055
9.46154	-2.32191
13.1056	1.80844
9.34043	-2.55552
9.36804	0.0252937
11.4722	-1.07
11.0463	-1.67367
9.15509	-1.29576
13.0091	-0.829363
11.1635	-2.8253
11.5314	-1.48464
9.5224	-0.211144
12.877	-1.84903
10.8812	0.614025
10.4778	-0.542328
10.4525	-1.76136
11.6082	-0.812621
11.3619	-1.67871
9.4566	-1.73588
9.93755	0.177679
9.93126	-1.33183
12.2651	-0.616261
9.58827	0.896978
11.0809	-1.71852
11.6278	-2.17103
11.4666	-0.0422403
11.8018	-0.0697273
10.9007	-2.04244
10.6478	-1.10072
9.98951	-1.69247
10.7244	-1.51871
11.7046	-1.24489
9.48634	0.435769
9.72564	-1.22868
11.212	-0.53691
10.9557	-2.13374
11.1832	-2.18277
9.78821	-0.632139
11.0166	-0.921532
10.2874	-1.44495
12.5003	-1.87003
9.55369	-0.519153
10.4431	-0.503697
11.2585	-1.003
10.3775	-0.460018
12.7382	-2.18193
11.1836	-2.32305
9.92053	-1.53843
9.68537	-0.387901
10.1192	0.0634775
11.5797	-2.52952
10.8412	-2.27232
10.7031	-1.37075
9.74376	-0.967186
11.4223	-1.68418
10.2429	-0.267348
10.1633	0.0861018
11.0519	-1.04582
10.3965	-0.479108
9.83039	1.15408
10.0207	-1.5512
9.46741	-0.367043
10.9353	-0.396031
9.04656	1.14313
8.96335	-0.398339
11.2259	-0.180014
9.70927	-3.11312
11.3559	1.09846
11.6293	-0.913613
12.3333	-1.87659
10.2104	-1.98085
12.29	-1.56376
10.7348	-1.62669
10.5778	-2.03339
12.3309	-2.70364
11.2772	0.623724
12.3354	0.937142
10.3763	-0.964548
10.6629	-0.786943
13.3829	-1.62743
12.3101	0.65679
11.4414	-2.70329
11.4682	-2.28435
10.4615	-0.481618
9.71633	-2.37594
11.7832	0.44079
9.88219	-0.375603
10.8731	-2.36158
11.6876	-1.98206
10.3356	0.751682
9.22607	-0.836446
11.0985	-1.56618
10.8767	-3.15275
10.2673	-0.693798
11.0249	-0.175847
10.2874	-0.411823
9.79691	-2.01288
9.17777	-0.839038
11.4362	-0.0605907
11.9385	0.236737
11.8096	-2.65442
10.4273	-0.73466
9.13226	-2.16268
8.98693	-2.18576
10.3763	-1.75227
11.5091	-0.658419
9.22796	-0.633873
11.3335	-2.16342
10.5169	-0.661598
10.2798	-0.265596
11.8389	-1.7866
11.0294	-0.150533
12.9487	-4.2146
10.8527	-1.93075
12.4649	-2.39368
10.2398	-1.07602
13.1658	-3.69976
12.8224	-0.134588
10.2752	1.02025
11.7427	-1.77482
9.3937	-1.12302
11.3159	-1.11791
13.0335	-3.04541
10.8338	0.29762
12.6854	0.26294
14.5755	-2.93161
12.3213	-0.810915
11.0707	-1.02129
11.4266	0.0825493
11.6982	-0.382209
10.4132	-0.672457
9.23011	-2.6038
9.26756	-1.79509
9.32209	-0.958341
9.68315	-0.806284
9.71831	-1.92763
9.56009	-0.773576
12.6206	-1.49885
12.2403	-1.63781
11.5097	-1.94626
10.1789	-1.44054
10.8618	-1.79522
13.6918	-1.30104
9.47058	-2.90787
10.6653	-0.000807371
10.4468	0.878959
10.5237	-1.23372
11.5351	-2.42512
11.6281	-1.22719
11.4443	-2.4388
11.9981	-2.73163
11.8935	0.19881
11.076	-0.675946
11.6079	-1.98978
9.91021	-0.390961
9.62939	-1.65351
11.3042	-0.481223
9.06515	-1.03954
11.51	-1.88401
11.4194	-0.231393
9.75334	-0.342036
10.8119	-2.78331
9.80389	-1.31919
9.28308	-0.433966
10.8616	-1.19333
11.6921	-2.19405
10.9773	-1.39126
12.4936	-1.23408
10.9745	-1.36084
11.917	-2.21385
10.0493	0.393975
10.6132	0.933136
11.1834	-0.180687
10.1502	-0.767413
14.9162	1.08275
11.914	0.458841
9.94469	0.428484
10.3195	-3.06547
12.2016	-0.065471
10.6761	-0.313882
9.14004	-1.81721
11.5109	-0.476891
11.93	-1.72143
11.3281	-1.4233
10.0873	-1.78057
12.2107	-1.73559
11.5136	-2.45618
11.7988	-1.62057
10.7721	0.341361
13.3985	-5.30387
10.2789	-1.76063
10.9357	-2.51426
11.522	0.106512
9.6298	-1.73023
12.8862	-0.2145
12.0054	-1.79077
11.5876	0.394173
12.7434	-1.2912
11.7668	-1.03696
11.3751	-0.13356
10.4425	-2.26056
11.2958	-1.27876
10.9293	-0.70286
9.65566	-0.503854
11.1616	-0.520457
11.0298	-0.899144
9.29346	0.0331526
8.92083	-0.709005
10.8778	-0.18645
11.4212	0.125744
12.5771	-1.65268
11.9134	-0.346564
12.2284	0.360174
12.2582	0.275332
11.2023	-0.779345
10.5258	-0.782189
9.25977	-0.703574
10.3906	0.392802
10.3143	-2.06317
10.349	0.0445443
10.1654	-1.98369
10.1086	0.407798
11.4831	-2.4388
10.1544	-0.966388
12.9586	-2.08247
10.9444	-0.990895
12.4935	-0.510152
9.52394	-1.15927
10.875	-3.06881
9.86664	-2.2813
11.3271	-0.63855
11.4904	-0.0942656
11.7779	-1.36908
11.3888	0.980585
10.8549	-0.54031
9.93829	0.709151
11.127	-0.391989
11.4777	-1.7968
11.0214	-1.78995
12.416	1.41913
11.8617	-2.73623
10.3008	-1.3817
10.7044	-2.42851
10.8526	-0.112559
11.6169	0.311012
10.0344	0.19876
9.42243	-1.15993
12.2011	-1.6379
11.4418	-1.65477
10.5879	-1.98622
10.2146	-2.27771
10.9257	-1.21856
9.11082	-0.102355
12.0759	-1.50234
11.3754	-0.522694
12.031	-0.941914
9.92728	0.0829752
10.8946	1.03707
10.2281	-2.92564
14.0479	-2.27739
11.6532	-0.454582
9.8125	-1.76979
12.2317	-1.00194
11.2702	-2.33631
10.7583	-0.511593
12.4546	-1.86361
11.258	-2.37113
9.75237	-0.571872
11.8252	-1.94179
10.806	0.214596
11.862	-1.13765
12.5564	-0.531597
11.4016	0.88146
9.65645	-2.12833
9.54159	-1.27703
10.1876	-0.132572
11.3825	-1.24774
10.3479	-1.64576
10.1692	-0.225908
10.568	-2.91359
11.1646	-2.51189
12.1867	-0.498045
9.72818	-1.02385
9.18798	-0.956448
10.828	-0.486623
9.62411	-1.22571
11.3731	-2.71399
10.4373	-0.486765
10.5619	-0.846324
11.0453	-2.65869
11.3198	1.38329
11.2968	0.379762
11.4715	-0.518767
10.0185	-0.909645
11.6238	-2.39032
11.1866	-0.0892784
10.3834	-1.42057
11.0711	-0.888385
11.2269	-1.53844
10.9261	-0.158682
10.3745	0.729025
11.6504	-2.82483
10.4145	-0.984531
10.8759	-1.53962
11.1199	-1.78823
10.9248	-2.73413
9.00188	-1.00381
10.2119	-2.62154
9.10894	-1.92186
9.78613	-0.121182
9.05369	-0.891863
12.4136	-1.99692
10.237	-0.562879
9.43205	-1.52716
11.5606	0.935507
10.797	-1.69093
12.9135	-1.15489
12.8778	0.282293
10.3341	-1.8633
12.4815	-0.560265
10.3076	-0.650646
9.73769	-1.45395
9.05084	-0.241008
11.3116	0.580838
10.1518	-2.55307
9.40665	-1.72668
9.91191	-1.57365
9.85886	-0.365426
11.7152	-0.841245
12.8919	-1.80312
10.1123	0.659327
10.1261	0.0407474
9.93949	-1.47438
12.5042	-2.56453
11.7251	-1.24109
11.2009	-0.382008
11.3854	-2.61654
10.5123	-1.28854
10.672	-1.18991
9.98334	-0.168704
10.3897	0.0373285
11.2446	-2.03013
11.2864	-0.227511
10.8868	-0.318793
11.3078	-2.27294
9.46823	-0.939641
11.5447	-2.81829
11.1265	-1.80709
12.5856	-0.388354
11.0466	-0.705794
11.8604	0.79584
9.49751	-2.98358
11.6837	-1.64989
10.9736	0.145763
11.7367	-0.414316
12.1663	-1.42318
11.3141	-0.57013
10.7403	-0.432892
9.53667	-0.343742
11.5975	-1.69013
12.3933	-0.711956
11.0511	-0.106235
11.1828	-1.16635
12.3756	0.83286
11.9352	-0.319621
10.589	0.488151
10.6614	-2.98496
10.1228	-2.6471
11.5439	0.314921
13.2401	0.143646
9.71909	-2.70235
11.5168	-1.56188
11.0582	-2.38342
11.8599	-0.0245397
9.38924	-0.566738
9.30931	-0.377296
10.5125	-1.63444
11.1918	-2.63638
11.8797	-1.13304
11.0774	0.722182
12.9399	-0.929416
10.6646	-0.0682282
12.4187	-2.13526
9.3335	-1.80707
9.71224	1.83335
10.773	-0.588531
13.0834	-0.899893
11.7599	-0.199941
11.6605	-1.00056
11.6042	-0.0147571
12.7459	0.825278
12.039	-2.63477
11.0789	-0.453468
11.0616	-2.76139
10.6842	-0.187416
10.2455	-1.16581
11.9422	-0.737319
13.8918	1.58174
12.3269	-1.06663
11.4801	-2.77126
13.0149	-2.40522
11.0856	-1.64755
9.19511	-2.32607
9.73882	-1.23296
11.2778	-0.422735
9.81944	-1.60711
9.99806	-0.454248
9.30911	-1.94415
9.23303	0.100029
11.3965	-0.93678
10.1604	-1.24449
9.47567	0.938542
12.0624	-1.69792
11.7729	-1.26486
11.4297	-2.53482
9.80886	-0.115758
9.37576	-1.45341
11.6048	-1.4196
11.2854	-0.274274
11.5526	-1.82836
12.729	0.689409
10.3903	-2.17269
9.95547	-0.033722
9.43852	-2.65411
11.123	-2.46982
10.8994	-2.27615
9.5464	-2.7708
11.2726	-2.15301
11.7986	0.568578
11.1253	-0.711027
8.96749	-1.10855
9.79411	-1.56624
11.1477	-1.73363
10.5995	-0.20851
9.56739	-2.89823
12.0737	-0.836845
9.60043	-0.45317
11.0405	-2.32923
13.2915	-1.69565
11.7802	-1.51854
11.9441	-1.16977
9.44676	-0.197755
9.22993	1.2117
10.6722	-0.847269
11.4221	-2.03794
9.49684	-0.826386
12.595	-1.59959
11.1519	-2.30728
12.0385	0.462443
10.7068	-0.337902
11.0645	-0.39366
11.1525	-1.27328
10.6786	-0.995689
11.2632	-1.40086
11.1685	-1.07713
10.3994	0.768047
10.2994	-0.276414
12.0854	-0.324812
10.5811	-0.250841
9.64456	-0.207984
10.2328	-1.52138
10.9086	-1.84923
9.09401	0.535704
12.2476	-0.237594
12.0024	-2.76343
11.502	-2.84866
9.73734	-0.907191
12.737	-0.853172
9.181	-0.376183
11.4713	-0.0542021
9.66852	-2.44469
12.0237	-1.7327
9.48464	-0.945701
10.9377	-1.78118
14.6479	2.11016
11.144	-0.663978
10.0245	-1.00704
10.2133	-1.06509
12.1359	-0.185974
11.6277	-2.55561
13.2011	-1.64979
9.57491	-0.228033
10.6001	-2.06621
10.779	-1.77081
11.5144	-1.02306
12.8215	-3.01901
11.4599	-1.93907
12.5746	-2.09219
11.2561	-0.604011
13.5102	-0.245056
9.3524	-0.815121
10.7073	-2.35287
11.4985	-1.25964
10.1341	-2.67301
12.0559	-2.51328
9.94473	-1.89426
8.83597	-1.07845
10.5904	-2.51941
12.5454	-1.08127
10.3414	-1.0496
11.2284	-0.398716
11.0483	-0.0968873
11.3442	-0.354602
10.502	-0.543823
9.65643	-1.85552
11.051	-1.66938
11.6572	-1.68785
10.9391	-1.55551
11.0172	-1.57232
10.0382	0.136507
11.6909	-2.67962
9.83471	0.341149
10.756	-1.34164
10.7209	-2.25302
9.57235	-2.58218
13.9158	1.51612
11.1667	-2.68056
10.1622	-2.97307
9.47152	-1.98567
11.6469	-1.40853
10.7087	-0.205541
11.4298	-0.567786
9.35241	-1.11441
10.5402	1.24544
11.0603	-1.18463
11.8223	-2.80659
13.1358	-1.21935
11.3519	-2.19201
10.8317	-0.226331
11.2303	-2.11297
10.9206	-2.34628
11.5422	-2.34033
11.236	-1.18637
9.45142	-2.60503
11.7667	-0.428479
12.5647	-0.0712114
10.1532	-1.75634
11.5204	-1.57889
12.2762	-0.654717
10.7401	-2.37014
11.0829	-2.20573
11.4666	-2.29138
10.2908	-1.68765
9.21139	-1.11092
12.0013	-1.82902
10.9895	-1.01369
9.37075	-0.0683184
9.87554	-0.306491
9.6786	0.26984
11.0346	-1.33463
13.9455	0.319085
12.4626	0.0820533
11.6396	-1.71618
12.0202	-0.656433
10.8614	-1.44608
11.1249	-2.67018
11.3655	0.7316
10.3771	-1.54265
12.8207	-1.29953
10.3601	-0.769983
10.9668	-1.41241
11.3175	-0.732098
10.3331	-2.8213
10.3929	-0.840616
10.0871	-0.336996
12.0194	-1.99479
10.7455	-2.56985
10.1702	-1.11307
11.8902	-1.10944
11.3153	-2.02069
11.5335	-1.18151
10.7648	-1.07398
11.8478	-1.76923
10.4177	-0.66581
10.4314	-0.976484
10.2099	-2.34366
10.8439	1.02114
12.0726	-2.24553
11.1257	-0.918696
10.1111	0.845282
10.7247	-1.11504
10.6752	1.39828
12.8651	-1.38488
12.6297	-2.77623
11.0469	-0.317698
11.8731	-0.976368
11.5904	-0.934536
10.6087	-1.28556
9.93497	0.838257
11.3165	-1.39865
9.48565	-0.983246
10.042	-0.653936
11.4275	-1.01263
10.7043	-2.07359
12.1612	-1.64845
10.9293	-1.95066
11.0708	-0.114136
10.2923	-0.00288044
11.1988	-0.332768
10.6331	-1.05466
10.8488	0.0289887
11.91	-2.06648
11.2668	0.806304
10.9046	-2.83274
11.8556	-2.01414
11.4176	-2.56918
11.7593	-0.508258
13.5454	-2.46903
11.2668	-0.777217
9.78216	0.948846
10.1588	-0.788819
9.87163	1.92027
10.6563	-1.93999
10.917	-0.927255
11.8153	-1.43822
9.21165	-0.471799
11.1577	0.342504
12.6179	1.21687
11.0714	-0.893542
9.40732	-0.945531
11.3389	-1.37493
11.5857	-0.579525
11.1932	0.235811
11.6633	-1.74806
11.7471	0.130672
11.47	-0.84825
10.4507	-1.66176
11.1858	0.188892
11.3292	-1.23559
9.22168	-2.03935
11.9648	0.372853
11.7493	0.290597
11.066	-2.29434
9.59797	-2.36801
11.0803	-2.23717
10.007	-2.91053
10.6805	-0.308074
10.4577	-2.06254
12.2852	-0.954161
9.89103	-0.0683771
9.3478	-2.50793
9.41053	-0.926051
11.5634	-0.51702
9.6823	-1.93923
12.7558	-1.86225
10.6724	1.94346
12.5991	0.143147
12.0385	-1.64731
10.9293	-1.61339
11.2313	0.315075
11.685	0.257839
10.3284	-1.95866
12.2452	-0.657041
10.0029	-0.209141
10.3659	-0.601685
11.3241	-0.265368
9.34326	-0.641076
12.3304	-0.313323
9.56904	0.746047
9.61354	-0.281508
10.532	-2.43098
11.6699	-2.25261
12.1078	-1.41552
11.5047	-1.30935
10.2138	-1.02737
11.5382	-1.3505
9.15899	-2.84758
11.5875	-2.92328
10.8876	-1.61248
9.38095	-1.56086
12.1768	-1.688
10.2852	-1.77361
10.8951	-1.23066
11.9473	-1.95716
11.4637	0.0222255
12.4468	-0.472121
12.1472	-2.47837
11.2237	-0.589677
11.4492	-1.59025
11.3578	1.22902
10.3801	0.892871
12.2016	0.776188
10.0838	0.342428
10.2083	-2.71343
10.3187	-2.30444
10.6917	-1.46416
11.3841	-1.37178
11.1862	-2.34263
10.6898	0.251743
11.4461	-1.84935
10.9539	-1.20278
11.619	-0.42616
9.19808	-0.00308679
10.8354	-1.70003
11.5505	-0.327894
11.884	-0.326201
10.4788	-0.409779
9.85782	0.230848
10.715	-0.347278
14.0213	-2.59032
9.81714	-2.60382
11.6048	-0.435744
10.8257	0.418949
11.7978	-1.38792
10.8379	-1.56074
11.8159	-2.23273
10.9319	-0.484763
10.9925	-2.04366
12.7898	0.174318
10.2616	-2.68727
9.8819	-0.346061
14.852	-6.82265
10.1656	-1.51631
10.3228	-1.23528
10.5604	0.0940779
11.7672	-1.76161
10.1055	-0.495509
10.714	-1.31122
9.89272	-0.377612
10.8059	-0.846681
11.4041	-2.55651
12.9429	-2.13743
9.6741	-2.30397
11.1029	-0.966738
10.9958	-0.250377
9.70459	-1.01305
11.882	-0.564588
11.2767	-2.21558
10.6964	-0.544902
9.14981	-2.7147
11.3338	-0.888373
10.5922	-1.25779
10.6669	-1.31977
9.64089	-1.83236
10.383	-0.349792
10.3475	-1.891
11.4736	-1.22007
12.0258	0.0356226
10.0792	-2.85365
9.74645	-0.460807
9.31864	-0.12556
9.73749	-1.48156
9.42568	-2.07439
12.6997	0.0227293
9.09775	-1.89021
12.09	-0.537992
9.51796	0.0479215
9.454	-0.949191
9.92485	-1.93177
12.8233	-1.22178
10.7489	-2.92819
12.2477	-0.0173904
11.5358	-1.5874
12.7154	-1.83278
11.7015	-1.3845
10.2797	-0.609634
11.4805	-1.9101
10.6406	-2.14556
10.0155	-2.45043
9.14635	0.122078
12.1423	0.137308
12.5463	7.99563
11.6136	-2.00368
10.6708	1.16409
10.1882	-1.20022
10.2073	-2.12199
11.3452	-1.4562
11.3894	-2.7904
10.892	0.173926
10.32	-1.42878
11.4945	-1.78677
11.1158	-0.0679164
11.459	-0.815313
9.16955	-2.05189
9.30136	-3.02472
9.26658	-1.72751
9.18003	-0.554471
11.7641	-0.0808403
10.3193	0.00279013
9.84544	-1.35758
11.588	-2.14453
10.1608	-1.36281
10.2537	0.843027
11.6356	-0.926757
12.9528	-0.881544
12.0799	0.755986
10.3283	-2.09992
9.94703	-1.96385
11.9777	-2.19418
11.8521	-1.75118
10.1952	-1.07152
10.3812	-0.411985
12.3022	0.320704
10.2733	-0.256517
11.6379	-2.45375
12.8749	-0.554369
10.4072	-2.45309
11.8555	-2.53262
9.76212	-1.60946
12.4274	-1.10984
11.8894	-2.62488
12.8897	-1.41838
11.3013	-1.77323
11.8683	-1.05994
9.02391	-1.82381
14.4594	-0.561851
11.2339	-1.61182
10.2513	-1.07888
12.595	-2.25512
9.76378	-1.10923
11.3649	-0.179632
10.7609	-2.17191
9.84362	0.0464197
10.3113	0.124789
9.87362	-2.82079
9.07383	-1.07367
11.8307	-0.237658
9.15016	-0.594692
13.2172	-2.3243
9.54053	-0.0602311
12.0446	-2.10458
12.0869	-0.376024
10.3378	-1.23529
11.392	-0.367582
11.8973	1.39867
12.5166	-0.614712
9.48864	0.16208
9.05753	-2.53606
10.6786	-2.25192
9.42095	-1.56323
9.68302	-0.918201
11.4326	-2.47354
12.3028	-1.9659
12.0775	-0.353862
12.4238	-1.67269
9.36474	-0.907927
11.2412	-2.19179
11.0738	4.10633
12.507	0.741783
9.04703	-1.15551
9.73643	-1.70042
9.68913	-2.06602
9.27477	-0.351736
11.5899	-2.68956
10.907	-2.25553
10.4135	-1.89395
11.24	-0.556348
9.42722	0.376833
10.4489	-1.35562
12.0192	-1.72963
11.355	-2.59784
9.75201	-2.00122
10.8025	-0.954772
9.95202	0.280491
9.38043	-1.52412
12.5208	-0.590261
10.2167	-1.12764
11.462	-0.658843
10.0986	-1.36439
9.79639	-1.61507
11.1438	-0.869129
11.1932	-1.7781
11.3239	-1.40195
10.8516	-0.535942
9.03332	-2.01514
11.1099	-1.1968
11.1933	-0.626064
11.1398	-1.42279
11.3974	-0.248348
11.2262	-0.591933
11.8804	-1.31938
9.55343	-0.415413
10.5531	-0.131816
10.6349	-1.8116
13.8675	0.106383
10.5386	-1.89429
9.41829	-0.531073
11.5997	-0.230002
9.80884	-0.974529
10.7031	-1.14613
12.0762	-0.989528
11.9943	-1.23298
11.2136	-1.34143
11.9261	0.128069
9.54319	0.395806
10.8815	0.435168
11.8399	-0.216724
11.153	-0.640017
12.1644	-1.77794
9.42092	-1.55547
13.9585	-0.951325
12.7113	-11.5237
9.09174	-2.59075
9.61121	-1.51319
10.5502	-0.094113
10.3172	0.773162
11.8658	-2.57078
10.1152	-2.7415
11.7793	-1.38376
10.2627	-2.40468
9.80877	-1.10442
9.69016	-2.74323
11.9745	-1.61515
10.9109	-1.10597
10.6449	-0.921281
11.4582	-1.41845
13.2145	1.34025
11.5432	0.0839371
11.2174	-1.69566
12.0909	-2.09189
10.995	-0.351474
9.18544	-0.105869
13.013	-1.44362
10.4023	-0.90579
11.0819	-1.19243
11.539	-2.23175
10.7798	-0.714597
11.5501	-1.4037
11.8262	-1.8189
10.3678	-1.663
11.1003	-1.51168
9.24352	1.31364
12.3603	-0.864583
10.1556	0.43556
10.6997	-2.08048
10.4587	0.688316
10.4133	-0.459822
9.43534	-2.94416
11.6343	-0.555431
8.92855	-1.90165
10.2314	-0.801195
9.50202	0.899282
10.2714	-0.860456
11.4933	-1.85754
10.1422	-0.922784
10.5296	0.326778
10.5865	-2.60338
10.2868	-0.581981
9.79593	0.316203
10.8735	-2.95088
9.12947	-1.8348
11.8584	-0.616824
10.9395	-1.10139
10.2815	-0.785988
9.76078	-1.6659
10.646	-2.21869
11.6941	1.22304
10.4863	-1.03574
13.017	-0.653531
9.58886	-1.93057
10.9124	-0.475203
13.7347	-2.57433
10.6354	-2.18877
9.8749	-2.104
10.0909	-0.685922
9.45128	-2.22108
9.92157	-2.2296
11.7461	-4.37191
9.2911	-1.85669
10.4364	-1.39331
10.9421	4.25527
12.7142	-2.54523
11.4873	0.0157868
12.013	0.749041
11.6825	-0.267305
11.6123	-0.660753
11.8749	-0.417873
9.86139	-2.24956
10.2214	-0.437625
10.7324	-0.399381
10.5758	-0.582065
14.0779	1.07552
13.3984	-3.55963
13.3714	-0.58691
10.7559	0.127499
11.487	-0.021528
11.2538	-1.31472
12.3452	-2.14068
10.2554	-0.439764
10.8248	0.845446
9.94018	0.281366
10.2226	-0.253787
10.2414	-0.876941
9.5786	-2.91425
9.87411	-0.981584
10.9886	-0.014117
9.71473	-0.0113725
11.7612	-2.25405
11.681	-1.17445
13.426	-1.92829
10.1742	0.436978
12.1723	-2.79642
11.2797	-1.93526
11.4132	-1.56197
10.3415	-0.741887
9.26078	0.545202
11.8381	-0.977701
12.225	-2.67212
10.9382	0.830346
11.6663	-1.61568
10.6516	-0.758998
10.8653	0.325067
14.8532	-3.1283
11.3864	-0.378569
10.7704	-0.286339
9.14265	-1.6393
13.155	0.276784
11.122	0.679759
10.4426	-0.519278
9.99205	-0.347911
10.3832	-2.61825
11.022	-0.450073
11.741	6.1186
10.3823	-0.170202
9.75351	-1.85781
12.095	-2.01058
11.0128	-0.557252
11.0122	-1.97603
10.2059	-0.800086
12.6643	-2.17186
12.5159	-1.28561
9.4527	0.224519
9.95988	-2.83412
11.0983	-0.563152
10.8814	-2.21191
10.1108	0.315053
10.032	-2.0025
12.7892	0.307444
11.1599	-1.75928
10.1674	0.0980158
11.5426	-0.896405
11.4543	0.451778
12.1065	-0.390153
10.1844	-1.22982
11.6247	-2.03691
10.9046	-1.0359
11.5353	-1.68305
9.8374	-0.336958
11.4596	-0.279243
10.407	-0.178501
9.26266	-2.08588
11.189	-1.57226
10.1942	-1.29597
10.5092	-2.40002
10.6753	0.660956
11.3655	0.752025
10.0943	-1.15993
11.1699	-0.184977
9.17042	-1.92288
10.2913	-0.682321
11.5744	-1.80071
11.3414	-1.26483
12.2075	-2.88261
9.55386	-1.13164
9.64968	0.155834
9.79942	-2.31253
10.5435	-1.14252
12.0787	-2.97483
9.34426	-0.208323
10.975	0.0394838
11.7685	-0.0251216
9.22351	-0.740392
10.0583	-2.84918
12.5163	-1.21273
9.70646	-1.47736
9.85292	0.811276
9.96232	0.496051
11.6501	-0.716131
10.1521	-1.72971
11.0824	-0.797686
10.744	0.452163
9.51466	-1.05113
10.7358	-2.47214
10.2379	-0.804607
10.8503	-1.5138
10.1002	0.22634
11.5626	-1.27394
9.40521	-1.72214
9.70163	-2.15033
12.9226	-1.25859
11.7352	-0.394209
10.9943	-2.5526
10.8054	-0.300803
9.39668	0.00661775
9.6892	-0.000422111
9.11291	1.9712
11.9031	-2.0063
10.9737	-1.48066
13.4333	-2.04279
11.9021	-0.198772
12.7733	-2.35363
10.3372	-1.91959
9.33798	-0.509245
14.5045	-2.67967
10.3013	-1.53024
9.96688	-0.604209
10.7767	0.776487
11.3283	0.0993462
11.8579	-2.10373
11.1225	-1.47927
11.8254	-1.40508
10.5932	-2.35434
12.2548	0.04598
10.461	-0.492312
11.6962	-1.38713
9.7502	-0.754466
14.0493	-1.0439
9.71503	-0.0191113
11.3172	-0.361222
10.3874	-3.12186
11.3352	-1.86248
9.98123	-1.63056
9.97873	-0.0032802
9.83054	-0.605595
11.6644	0.474583
9.9259	-2.76149
10.3613	-2.41028
10.9793	-0.573314
10.6733	-0.378733
8.85882	-2.22656
10.1096	-0.820787
11.0666	-0.598176
10.6431	-2.20103
10.7972	-1.94801
10.6085	0.513193
11.2868	-0.638
11.1116	-1.84469
9.48908	0.247162
11.9276	-2.40747
10.9865	-1.32464
10.6205	-0.122188
10.8518	-1.79784
12.0185	-3.51841
9.06962	0.343994
9.44009	-0.575337
11.3482	-0.951195
9.26135	-0.518953
10.8036	-2.61801
10.8662	-0.229961
11.7843	-2.50341
10.0324	1.60994
9.19448	-0.852637
10.3044	-2.27347
9.77211	-2.02184
11.6534	-1.88654
11.4209	-0.896873
10.4636	-0.484858
9.11371	-0.498821
10.6316	-1.67263
10.1332	0.409637
11.4815	-1.33617
9.52953	-2.69217
9.43234	-1.32906
11.1877	-0.827856
9.00085	0.0611732
11.9355	-2.66169
10.3096	-0.714926
11.2174	-2.76515
9.51603	-0.637774
9.38418	-0.217546
12.2567	0.0983153
9.36161	-1.04395
9.83823	-1.94329
10.7494	-1.0892
11.8628	-0.387889
9.20272	-2.98994
11.9873	0.117484
10.0088	-2.02526
11.1641	-0.477377
11.4671	-0.712121
11.6594	0.00877178
11.2405	0.0410391
9.15319	0.863616
10.4006	-1.54124
10.6216	-1.73961
11.2341	2.02209
11.0987	0.102685
10.2433	-2.81986
12.0287	-0.0836276
11.6964	-1.68025
11.7733	-1.03044
10.3891	1.14572
10.5212	1.2461
9.58964	1.17592
9.37251	-2.3587
11.7242	-0.277391
11.1447	-2.27217
10.7589	-0.778084
11.4906	-0.692417
9.03271	-0.531582
11.6574	-2.26059
9.32048	-3.01584
9.31851	1.13355
11.5432	-0.552533
11.0132	-1.15694
9.11988	-1.28492
11.0364	-0.572655
11.1907	-0.382174
9.24638	-0.287773
12.9512	-0.887762
13.463	0.888156
10.7855	-0.945268
11.794	-2.10366
9.11809	-2.14536
10.7768	-0.877909
11.4831	-1.56423
10.1126	-2.71011
12.1382	-0.895936
11.4039	-0.856479
11.6755	-1.69791
9.83679	-1.45936
10.6052	-2.91288
9.48695	0.408254
10.8201	-1.62808
10.4673	-0.699834
10.8493	-1.5079
11.4384	-2.23899
12.0945	1.40454
9.20162	-0.420951
10.5736	0.56713
12.1269	-0.215738
9.6639	-1.8927
10.5912	-1.26754
10.3535	-0.626789
12.1321	-0.596183
11.7058	-2.91369
9.61719	-0.812577
12.3142	0.098261
11.7077	-2.8794
9.32214	-0.496483
12.7499	-1.29138
11.7448	-1.97656
11.8661	-2.40165
12.0052	-2.61301
9.71696	-0.11512
9.98764	-2.01956
11.5195	-1.48477
11.3624	-2.22204
12.6268	0.675009
11.86	-2.28002
11.5825	-1.53096
10.2234	-2.1411
10.9756	-0.637068
11.8952	-3.18576
10.4781	-2.67683
9.49829	-0.222145
12.4693	-0.520617
10.4953	-2.2149
13.7524	4.70708
11.6992	-1.04621
9.78272	-1.4162
9.77573	0.238909
12.444	-1.7148
10.0637	-1.41622
10.7873	-0.951219
9.79836	0.829003
12.3889	0.272017
11.8238	-1.13781
10.9165	-1.29291
10.2348	-0.751089
10.4306	0.0125798
11.3644	-0.61412
9.59169	-0.616794
10.1948	-1.86615
11.246	-2.23777
11.5211	-1.41658
9.16343	-1.98026
12.1998	-2.83751
10.7416	-2.37267
9.38872	0.227094
9.9083	-0.54423
12.2009	0.145439
10.139	-0.49289
10.118	-2.27701
11.901	-2.27754
9.4875	0.853159
10.4068	0.31028
13.0529	-1.46093
10.5726	-0.842402
10.4024	-1.40501
10.6476	-1.4447
13.1806	1.01135
9.13132	-0.300552
12.0617	-2.01453
9.79465	-1.8987
10.2941	-1.48189
11.0624	0.810143
11.9645	-3.0042
9.99515	-0.91027
10.0617	-0.566204
10.0952	-0.430771
12.0078	-3.08402
14.3214	-0.973176
11.0225	-0.335167
11.4182	-0.697162
10.8604	0.291051
9.90318	-0.215735
11.372	-1.33732
11.7659	-0.125028
8.899	-2.35404
10.5499	0.423006
11.1328	0.309302
9.23333	0.75342
11.4171	-0.185142
12.3365	-1.0893
10.9031	-0.0383389
10.1163	-0.445997
9.61736	-2.32186
11.5769	1.68479
10.1193	-1.86229
14.5978	9.30901
10.2083	-1.77553
11.8083	-1.5039
8.91442	-0.134378
9.6836	-0.973244
13.5237	3.77603
13.0839	-0.0766473
11.3805	-0.0233788
9.56209	-2.32791
11.3864	-2.61021
9.09505	-1.3243
12.8096	-1.20233
10.6444	0.299309
9.53647	-0.102928
11.759	-1.93134
10.2784	-1.03582
11.1644	-1.34168
9.39619	0.780283
11.9247	-2.42626
10.141	-2.58644
10.9018	-2.77509
11.4728	-0.828557
10.3973	-1.04402
10.035	-1.97063
10.9566	-2.10134
13.0864	-1.54477
10.5039	-0.0830208
11.4435	-0.879473
11.4207	-1.70909
11.088	-1.54717
10.6249	-2.33916
9.43449	-1.01211
9.6493	-2.48475
12.3325	-0.736943
9.03729	-1.68396
10.5968	-0.433457
9.62243	-0.11478
12.9254	-0.116715
10.1581	0.742984
11.8262	-1.68651
11.4027	-1.32909
9.78328	-2.81645
11.0892	-0.552817
10.8487	0.433633
11.4171	0.564957
10.6706	-1.04399
10.7269	-1.4803
10.3783	-0.271269
9.46625	-1.37923
10.5555	-0.813002
12.123	-0.855972
13.0079	0.1929
10.8318	-2.76387
10.929	-1.29421
9.34924	-2.57348
10.8934	-2.03556
9.53616	0.392848
11.9153	-1.0538
10.1465	-0.0248361
12.9254	0.870528
12.8496	-1.22186
10.5687	-0.364848
10.0409	0.452088
9.20199	-0.854281
10.3605	-0.966528
10.7603	-0.793196
11.3455	-1.77929
11.2529	-2.68148
9.79946	-2.4521
10.8279	0.845935
11.7202	-0.0932376
11.4908	-2.70547
10.4583	-0.400928
9.46402	-1.52949
10.718	-0.716649
9.4531	0.568442
9.78846	-0.983827
9.43106	-1.69706
11.7987	-2.66104
11.5858	-2.28223
11.1946	-2.79063
11.8404	-1.41708
11.0987	-1.25507
12.4919	-2.23609
9.62923	-0.138239
11.3141	-1.8754
11.1198	-0.52555
9.72197	-1.40404
11.8752	-1.46613
11.8005	-0.842456
12.43	-2.31401
8.98077	0.584125
11.5591	-0.837708
10.3008	-1.79159
9.91403	-2.11997
9.75563	-1.33409
11.0966	0.106247
13.1329	-1.5257
11.9213	0.0264757
13.1392	-1.23524
11.9358	-0.657304
11.7676	-0.00364044
10.7614	-1.89674
11.5988	-2.43133
12.5829	0.433871
10.7627	1.16164
9.85994	-0.755423
12.2779	-0.367958
11.9601	0.203212
10.7324	0.0881093
10.527	0.723066
10.634	-2.42435
12.6545	-2.25232
11.8686	-0.377283
12.8546	-3.13664
10.4012	0.942561
11.2108	0.193944
11.6906	-0.273128
10.0035	-1.32157
9.24652	-0.553971
9.64451	-0.0405583
10.5029	-1.33303
10.919	0.965169
11.3758	-1.1039
11.8093	-2.42217
11.0718	-3.02741
11.0327	0.938794
12.9142	-2.03017
11.6555	-0.663233
13.1876	-2.90505
10.1952	-1.94098
13.1177	0.434894
10.8387	-0.803137
12.4572	-2.49324
12.8438	-4.20966
10.6097	0.497935
10.1952	-0.374644
10.7466	-1.40046
9.33232	-1.56126
11.8413	-1.7549
11.4235	-0.609126
11.9738	-0.575024
10.3738	-1.73918
11.0568	-1.0209
10.7427	-1.28408
10.4469	-2.37076
9.08786	1.28178
10.5809	0.539966
12.3675	0.456434
11.6564	-2.56368
10.8256	-1.64158
11.3093	0.287643
11.5234	-2.97575
11.9331	-1.14841
11.6232	-0.0792193
9.7288	-1.24742
12.5218	-0.571619
11.3081	1.23126
10.0714	-2.41017
10.6871	0.191575
11.0501	0.733076
11.7161	-1.17784
10.3287	-2.71063
10.0011	-2.05202
9.5593	-0.387248
9.26766	-0.907182
9.17264	-0.313005
11.3479	-1.76057
12.0541	-2.37696
11.1218	0.0967601
10.4476	-0.140487
11.1494	-0.50437
9.93923	0.744034
11.0537	-1.41458
9.60669	-1.00696
11.0415	-2.72588
10.9904	-0.440941
11.7757	0.751183
11.9176	-1.85126
11.5451	-3.05131
11.3996	0.0834002
12.3919	-1.50457
10.0797	-2.38164
12.8558	-2.97786
10.5866	0.834945
11.1983	1.00733
11.3644	-2.00266
9.82658	-1.94787
9.69217	-0.7329
11.0718	-0.0495794
11.968	-2.7496
10.6255	-1.91618
11.114	-1.29624
11.2768	-2.83361
11.4808	-2.82232
9.94177	-0.275111
12.2312	-3.90694
13.0399	-1.69745
10.303	-0.956184
9.55324	-0.385948
10.0144	-0.506902
10.6356	-1.17102
11.8489	-3.15968
9.98217	-0.350717
10.6355	-0.843383
11.0138	0.285578
11.876	-2.28175
11.1234	-2.53882
10.2084	-1.36328
10.6303	-1.00593
10.9645	-0.267732
11.2595	-0.258172
10.8902	-1.40415
11.762	-2.08594
11.9534	-0.217943
11.1573	-0.555571
9.5985	-1.90552
10.8813	-1.26496
10.8119	0.22015
10.5421	-2.33875
12.495	-2.476
11.2028	-0.351115
12.3623	1.50958
11.3996	-1.17313
11.516	-1.7504
12.5111	0.527797
11.6443	-0.168885
9.82907	-0.156288
10.3208	-1.69926
10.1718	-2.61884
10.8672	-1.09626
11.5744	0.877214
12.5149	-2.18466
12.2233	0.157551
9.00525	-2.00049
9.52371	-1.12111
10.2795	-2.90091
11.8749	0.224845
9.14959	-1.66983
11.9202	-0.0148773
11.8757	0.560537
9.48203	-1.99453
9.84936	-2.13533
11.3813	-2.85399
11.351	-2.71152
11.4803	-1.36901
10.6241	-3.00981
10.9737	-0.464548
9.73385	-0.344408
10.7048	-0.845472
11.8481	-2.71099
9.86353	-2.74833
11.0901	0.0750998
10.4979	-0.478629
10.4222	0.0580371
10.0782	-2.1724
11.9067	-0.247215
11.0645	-1.53375
10.2909	-1.65916
12.3449	-3.13896
10.7755	0.768062
11.9052	-0.51063
10.265	-1.06601
11.8802	-1.40434
12.6648	0.680854
13.0626	-2.36005
10.104	-1.52978
10.6183	-1.70274
12.1284	-1.22268
11.1337	1.03147
13.0483	-2.19896
11.7102	1.54935
10.443	-2.00849
10.4949	-1.60535
11.2471	-2.82196
11.3335	-0.721526
9.64281	-0.68721
10.2392	-0.386343
10.9403	-1.91051
11.3332	-2.49643
11.4473	0.00712561
11.0279	-0.0744243
9.94471	-0.334817
11.4864	0.0759024
10.0079	-0.378657
10.5621	-0.828881
12.4605	-0.973144
12.4153	0.496095
11.4393	0.0796378
11.9595	-1.04167
11.2466	-0.0296154
11.5981	-0.980516
10.4667	-0.914541
11.464	-1.38143
9.76526	-0.31041
11.4151	-2.19786
13.0532	-1.50923
11.5291	-2.48415
12.1634	-1.75872
9.57804	-0.0527075
9.43378	-1.90257
11.6681	-2.04954
10.3238	-0.77131
12.4046	-1.08886
11.834	-1.00974
10.4325	-2.09739
8.88716	-1.73853
9.67408	-0.350154
11.1743	-1.05261
10.1354	-0.275128
11.2253	-1.87416
11.3313	-1.52892
10.0533	-0.199475
10.3964	-1.04704
10.2055	-1.81405
9.66493	-0.657786
9.89867	-1.50137
9.3105	-0.198165
11.0443	-1.16909
11.7397	1.43402
10.9284	-1.15488
9.99882	-1.973
11.8175	-1.70333
11.9331	-0.865987
10.1762	-1.77899
10.0127	-1.53689
9.79623	-0.82508
8.86159	-0.599229
11.068	-2.41022
9.78097	-1.62258
11.2031	-1.67184
10.4449	-0.992369
10.6713	-0.933362
12.0607	-0.511248
9.99487	-0.747843
10.7741	-1.27919
8.87804	-1.35251
12.1044	-2.60754
10.384	-2.5993
12.6921	-2.55226
11.6181	-1.53116
10.4112	-2.22858
10.3636	-2.057
10.3702	-2.69423
11.3154	-0.405048
11.229	0.678119
11.2914	-0.187651
14.5268	-2.27537
10.5108	-1.72197
11.209	-1.06902
9.51922	-0.120365
12.4282	-2.77127
9.84344	0.169413
10.4486	-0.335425
11.6173	-0.397947
11.5494	-2.31003
13.4529	-2.92399
11.7034	-0.55022
11.2884	-2.64815
13.7424	-1.22378
10.5634	-2.92745
11.3814	-0.824694
10.6575	0.310839
11.675	-1.61728
11.5297	-0.934984
11.1406	-0.849501
10.1889	-0.251895
11.0483	-1.35023
10.7303	-0.935658
9.10165	-1.46576
11.7634	-2.29725
10.5922	-2.63722
12.7041	-1.11678
10.7073	0.25813
9.52337	-0.493778
11.8405	-0.03002
10.4901	-2.3201
11.1006	-0.29594
10.5141	-0.896157
10.4861	-1.16588
10.4901	-0.878844
12.49	0.332445
11.1944	-2.78321
9.17996	-0.76313
10.2587	-1.1613
10.7494	0.128038
9.77164	-1.13342
10.1331	0.27688
11.5775	-0.502256
10.5301	-1.97041
11.2517	-1.84493
11.7708	-0.54647
11.9005	0.0988226
11.9217	-2.26152
12.1146	-1.97473
11.601	-2.76292
10.3385	-1.15178
12.7409	-1.52486
11.4169	-2.11537
9.9602	-0.939036
9.88111	0.506024
12.0894	-2.07206
11.6447	-2.55908
8.95894	-0.92999
11.3499	-1.40607
11.8993	-0.738297
11.5376	-0.531837
9.99963	-1.42632
11.2649	-0.502388
10.4407	0.920786
12.2797	0.426887
9.39947	-2.81239
12.6781	-2.20447
9.99857	-1.17346
9.64913	-2.57443
10.8883	-1.38533
11.5147	-0.860178
11.6043	-2.25001
10.2218	-1.32605
10.282	-0.479763
12.0537	-1.33181
11.8339	-2.7779
10.8394	-2.96021
10.4815	-1.06963
9.95211	-2.3394
10.2821	-1.656
9.40318	-2.08447
9.70953	-1.85226
13.2886	-1.44587
11.3316	-0.812251
11.0326	-0.492283
10.0629	-0.324383
10.4318	-0.423599
8.97642	-1.65769
11.6831	-1.52175
11.4174	-0.783695
10.9325	-0.392574
10.6476	-1.97512
10.8315	-1.80731
10.8182	-2.09539
11.2531	-0.567067
10.0481	-1.25378
13.0518	-2.29781
9.7156	-2.04089
11.9154	-2.65695
9.12577	-1.37605
10.8935	-0.181429
10.3761	-1.79689
9.76997	-0.517308
11.5907	-2.56763
10.2443	-0.750006
9.53779	-0.368429
11.0073	-2.22352
13.587	-1.04338
11.194	-1.60766
12.2816	-1.74404
10.8763	-1.21517
10.9847	-2.63217
10.9921	-2.63588
10.2628	-0.41705
10.5493	-0.36095
13.0543	-2.48611
9.15064	-1.45127
9.16641	1.34007
13.1161	-3.11955
12.9522	-0.936427
10.0327	-2.23125
9.53666	-0.0791379
11.3714	-1.70516
9.27018	-2.95829
10.5074	0.844359
9.51886	-3.17365
10.319	-2.50921
11.8294	-0.345486
10.9696	0.486667
10.0901	-2.60919
10.9497	-2.19124
11.7169	-1.62426
10.972	-2.07585
10.8145	-2.03679
10.0735	-0.646542
10.2814	-2.75901
11.8008	-1.67665
10.9276	-0.491298
10.1236	-1.20498
9.39169	-0.714049
11.7926	-1.89511
12.1141	-3.41468
10.9989	-1.64798
9.58357	0.913425
10.6668	0.944879
11.1413	-1.13555
9.93828	-1.70351
11.0126	-2.03778
12.8986	-0.304615
11.9509	0.500031
10.8959	-2.83738
12.3479	-2.98487
10.5049	-0.359425
10.9977	0.514296
11.6156	-1.3038
10.9349	-0.919445
12.1308	-1.91547
11.388	0.391795
9.26601	-0.121901
9.62338	-1.77017
12.6734	-3.36548
10.1022	-1.5509
9.35984	-0.968882
12.1399	-2.35022
9.42098	0.117176
10.6465	-3.13328
11.835	0.341668
11.3296	-0.739032
12.4276	-0.635139
11.6916	-0.386801
10.477	-0.400954
11.3981	-2.03736
10.9161	-2.55684
12.1301	-2.6548
10.8587	0.94876
11.5913	0.483514
9.86719	-0.715919
10.041	-0.68192
11.4981	-0.437425
12.2806	-0.28791
12.438	-2.05389
11.448	-0.367894
9.83915	0.294693
9.20012	-2.38476
10.2855	-0.792938
11.4556	-1.03273
10.4191	-1.79858
9.01427	-0.00921147
10.6753	-0.0435284
9.40564	1.50519
11.9872	-3.28756
11.2087	-2.93535
11.6067	-0.0652453
10.884	-2.46731
12.0145	-1.46949
11.3776	-1.99798
11.4595	-0.89203
9.46393	-0.0420992
12.0304	-0.855607
10.3174	-2.7291
12.6766	-1.29909
9.04695	-1.2552
11.1799	0.537626
9.93141	-2.1345
9.35889	-0.130482
11.94	-1.27451
11.8271	-2.2759
10.7884	-0.274177
12.3511	-1.89843
13.4471	-1.39157
10.483	-0.452635
10.3835	-0.762878
11.4272	0.420077
11.1441	-0.643397
11.5535	-0.350439
12.5001	-1.7057
10.6545	-0.666953
9.56904	-1.97331
10.2794	-0.610527
14.2972	-2.77007
9.74347	-0.183656
9.71483	-0.961259
11.388	-0.519161
10.5233	-2.03536
12.1744	-0.0664147
12.4336	-0.845868
12.2133	-2.00495
8.9979	-1.216
10.0712	-2.705
12.3188	-0.0127416
9.61074	-0.591933
9.62572	-1.82452
10.9042	-1.16251
9.84507	-2.08881
10.8907	-0.702781
10.3074	-2.04066
9.44074	-2.24224
12.3119	0.283979
10.8373	0.287341
10.4947	-1.42995
11.9877	-0.211853
8.98955	2.1001
10.2434	-1.54067
10.1417	-0.530391
10.9797	-0.791192
10.0882	-0.967497
9.64052	-0.147286
11.6659	-2.66393
11.1515	-0.926906
10.0863	-1.1557
9.3886	0.0722592
10.7428	-1.79658
10.7937	-1.22358
10.7743	0.162107
10.6156	-2.01885
9.27107	-2.63573
11.5674	-1.85159
10.1311	-1.9626
10.3292	-0.786478
10.5667	1.19197
9.37686	-0.729788
11.2013	-1.28351
9.30767	-2.22428
11.7145	-0.60487
10.6917	-1.93619
12.1823	-3.1992
10.4168	-1.00898
14.4807	0.602022
10.3999	-0.428733
9.86068	2.11048
12.1018	-0.493603
8.8509	-0.220693
11.0704	-1.22395
11.5012	-2.72752
10.4338	-2.29292
12.6904	2.85718
11.002	-1.65907
9.08275	-2.82083
10.3866	-0.888841
11.079	-0.200502
11.0029	-0.740695
10.1243	-2.98993
13.2228	-1.03069
11.1915	-0.591551
9.57929	0.000790835
10.0029	-1.4374
10.5297	-1.57255
12.0392	-1.96894
9.95202	-0.34419
12.1193	-0.532104
9.97738	-2.31882
10.6664	0.270155
11.5801	-1.30768
12.039	-0.401407
9.36259	0.947941
10.4973	0.291979
12.5683	-2.3056
10.0212	-1.5319
12.0186	-2.28825
11.4569	-2.13495
13.1871	-1.51147
9.81952	-1.00569
11.5809	-0.283123
9.12566	-2.58948
10.3295	-3.21906
12.9141	-4.19658
12.011	0.543134
12.2805	-1.84675
9.59908	1.6513
9.29478	0.471623
10.2321	-0.191292
9.58067	-1.60635
10.6779	-2.99518
8.77466	-0.382255
11.2028	-2.21708
11.7815	-0.391164
11.6369	-2.26944
11.7365	-0.460908
11.3086	-1.98855
9.89938	-2.42296
11.4475	-0.0410645
10.0977	-2.50127
10.5976	-0.101054
12.1986	-1.12699
11.1658	-2.25999
9.13113	-0.209404
9.28761	-1.47693
13.1397	0.0142235
10.2008	-1.57261
9.89329	-0.0604422
10.419	-0.899196
9.68858	-1.63231
10.7722	-1.50408
11.5278	-2.97067
10.6042	-0.0342336
11.9637	-2.35848
9.45696	-1.98559
11.5852	-1.84772
11.2978	-1.30857
9.70633	-1.37839
10.9923	0.296532
10.8688	-2.01938
10.2583	-2.43214
11.77	-0.158478
11.7002	-0.929905
9.72514	-0.345126
12.3148	-1.56882
10.0781	-2.20057
11.888	-0.130052
13.4212	-0.00280191
11.095	-0.361978
9.38199	-1.64208
10.8007	-2.35292
10.5433	0.122702
10.5157	0.696855
10.3254	1.09358
9.81003	-2.51754
12.0696	-1.72284
9.46386	-0.207587
11.3651	-0.908606
11.7084	-2.20018
9.84778	-0.785081
11.2745	-2.79682
10.8938	0.621222
10.2543	0.304788
9.7079	-0.585418
9.98001	0.075132
13.8146	-1.5741
10.2784	-2.64079
11.3419	-1.19196
9.85234	-2.12343
11.4218	0.437368
11.7648	-2.67699
14.1278	-14.5124
11.9887	0.883175
10.2126	-2.86007
11.3493	-1.2764
11.7015	-1.1103
10.9384	-0.710099
9.85803	-1.23797
11.342	-1.27189
11.9346	-0.559363
10.6819	-1.03606
9.21706	-0.720389
9.90779	-2.11575
12.1756	-0.911613
12.5542	-0.531494
12.056	-2.23313
10.7186	-1.17899
11.3808	-1.05998
10.3871	-1.59691
11.1096	-0.428812
10.676	-0.235764
9.95421	-1.28364
10.1662	-2.68253
11.8467	-2.64729
11.6327	-2.42935
12.4053	-2.7778
11.6367	-1.67373
9.80315	-0.484664
11.3563	-1.23084
9.38124	-1.31615
11.7335	1.65744
12.0536	-3.00252
10.0247	-0.142204
12.91	-2.44081
10.6151	1.61708
10.3105	-0.452656
9.58726	-2.23196
10.3799	-1.77642
10.1663	-1.23925
10.0186	-2.96311
11.4932	-1.51576
12.9656	-1.01049
12.4831	-0.659646
9.6712	0.146065
10.5589	-1.53497
11.4101	-2.11986
12.5063	-0.418989
10.4971	-2.16767
10.2267	-1.07294
11.2612	-0.398613
12.4964	-1.61849
11.8681	-1.68238
9.65443	-1.15076
9.40251	-2.0043
11.6554	-1.73085
10.4723	-0.119122
11.4797	-2.17123
8.69668	0.394652
11.8897	2.42414
11.4898	-0.55317
10.5337	-0.783716
10.3657	-0.238326
9.83334	-0.956604
9.73312	-1.52197
11.3042	-0.111835
12.3676	-1.65756
10.8053	0.221109
10.042	-0.988134
10.3481	-2.3194
11.0946	-1.26241
11.4756	-1.35143
9.29125	-2.46116
11.525	-0.744274
11.2524	-1.43254
12.8922	2.2346
10.3878	-1.58557
11.0796	-0.459962
11.1792	-0.225542
12.7153	-0.720848
11.1914	-0.130219
9.95602	0.368865
9.94887	-1.06954
11.6582	0.0598454
11.6756	0.25799
11.4574	-0.463999
10.9007	-2.14064
10.7123	-2.98232
9.0669	-1.73322
11.9934	-1.63742
11.7051	-1.54514
10.3341	-1.24695
9.39552	-1.23169
8.85219	-1.56028
10.8012	-0.464544
10.9235	-2.38594
9.43853	-1.51831
11.3747	-0.177908
12.5315	-1.4331
11.384	-0.226547
9.50637	-1.15003
12.5909	-2.52525
11.4653	-0.528688
10.5254	-0.823056
11.9839	-0.868475
11.599	0.599088
10.8403	-0.614202
10.9244	-1.85689
9.43451	1.95229
10.3681	-0.632461
11.7863	-2.58288
9.8764	-0.667598
11.683	-1.47353
10.7376	-0.283329
11.4255	-2.44719
10.5414	-1.86905
9.12068	-2.15189
11.7013	-0.953641
11.8517	-0.81682
9.06876	-1.40692
9.47891	-0.550462
9.40726	-0.738056
11.0421	-0.189179
10.1625	0.829433
12.022	-0.896337
9.65173	-1.01861
10.3081	0.487633
10.7405	-2.54942
9.67531	-0.151201
10.9916	0.528214
11.0229	-0.747787
10.3071	-0.166456
12.703	-4.27781
9.98896	-1.58516
12.2982	-0.785988
10.5971	-0.662546
10.6815	-1.55205
9.57942	0.238216
10.0662	1.22621
11.963	-1.23614
9.38135	-0.555979
11.1371	-0.943537
12.0506	-1.8841
11.5287	-0.653181
10.3192	-0.543888
11.0922	0.350292
9.10651	-1.66347
9.51091	-0.342816
9.05915	-0.687663
9.38306	-1.30343
11.0617	-1.60288
12.4391	-2.08186
9.40356	-2.03211
13.2605	0.657514
12.0216	-0.335406
11.6646	-3.2967
9.9958	-1.89058
11.5851	-2.52203
11.1188	-0.934545
11.5109	-0.645882
11.0174	-1.62872
9.11004	0.19678
9.6858	-2.89779
10.7854	-1.91327
13.1643	-2.15552
9.8009	-2.75297
11.7033	1.70426
10.4834	0.202017
9.79058	-0.0619117
12.3888	-1.84058
12.8142	-0.931782
12.3653	-0.981262
11.7576	-0.965971
11.1877	-2.13088
11.6264	-1.12823
9.55503	-0.8993
9.84184	-0.850899
10.9543	-2.28239
9.40319	-0.406915
11.5984	-0.831083
12.6428	-0.806495
12.3794	-1.28758
12.0621	-0.93734
10.7648	0.436337
12.0385	-1.26106
11.1518	-0.391204
9.06651	-1.81986
10.5329	-1.12838
9.24575	-1.21931
9.28413	-0.62825
11.0568	-2.42277
12.5375	0.127684
10.7627	-1.94229
9.8561	-0.792792
8.99515	-0.0697455
10.5924	-1.07035
10.0498	-0.230297
12.1246	-0.379301
12.1486	1.1997
11.2873	0.13134
11.8087	0.435526
9.0321	-2.08534
10.0997	-1.76326
12.3863	-2.9459
13.1988	0.676223
11.0554	-0.948819
12.104	0.969401
11.2644	0.601656
10.2813	0.431364
9.42339	-2.09252
11.4877	-1.04244
10.252	-0.268142
9.77284	-2.05439
10.7769	-1.2139
10.6888	-0.33718
11.1466	-2.54881
8.8846	-2.50989
10.137	0.90121
11.749	-0.874961
11.6025	1.74573
11.9954	-3.0557
9.69778	-1.72659
12.347	0.769021
8.9438	-2.01756
11.0212	0.114341
12.4561	-0.692235
11.4205	-0.0328099
11.1498	-1.04576
9.61664	-1.9971
11.0024	-2.25332
12.1268	-0.349103
11.6195	-1.07493
9.85175	0.131241
12.1117	-2.62369
10.396	-2.24502
10.7076	-0.456864
10.6189	-0.276034
12.0527	-1.62457
12.1083	-2.91261
11.6707	-2.45909
12.0816	0.132506
11.7811	-1.18665
11.3633	-2.22576
11.6145	-1.29602
9.26247	-0.464746
11.9489	-2.74028
11.6263	-0.857266
12.4139	0.360479
11.906	-1.02177
9.55417	-0.990697
9.79974	-2.78911
9.92979	-0.407726
11.6324	-2.29506
13.9062	1.57216
14.2067	-2.69257
10.2234	-1.2922
10.3326	-1.48172
11.2201	-0.167175
11.0572	-1.05978
11.201	0.267828
9.78464	-1.38899
9.10542	-1.72936
8.92496	-0.592812
9.58696	-1.46273
11.7361	-1.00282
10.7137	-2.52228
9.68864	-1.07501
10.6751	-1.59187
11.9525	-0.308142
10.8558	-0.964859
10.5691	0.608762
9.06732	-1.14599
9.48782	-2.1113
11.5646	-1.3352
9.56545	-1.08251
12.1704	-1.00193
10.1366	-0.963751
13.4408	-4.93892
10.623	0.451713
12.3525	-1.52912
13.0173	0.133192
11.252	-1.83167
13.7279	-3.2882
11.2303	-1.90432
9.04582	-0.905443
12.8709	-1.86068
12.4138	1.15158
11.7261	-1.08415
9.48063	-1.19247
12.3289	-0.628366
11.9599	-0.473686
10.14	-0.244576
9.55191	-1.67705
10.0096	-1.64913
10.9062	-1.53359
9.81403	-1.66591
11.9391	-0.165368
11.3948	-1.42321
8.788	-2.12839
10.986	-2.22171
10.9503	-2.47001
10.7852	0.984011
9.47666	-1.83428
9.17467	-2.30139
9.07303	0.0478028
10.8374	-1.93738
9.49187	-2.76527
12.1407	-0.906786
11.9223	-1.83613
10.0059	1.99894
10.2927	-2.1498
9.82338	0.109246
11.0118	-2.68858
11.7958	-0.433482
10.8887	1.61517
9.24383	-2.0897
12.6882	-1.61125
11.5703	-1.93709
10.2713	-1.99411
9.19104	-1.36651
9.59116	0.213702
12.6118	-1.67156
10.0851	0.929678
11.3407	-1.07548
9.63059	-2.35867
11.9415	-0.447289
9.86429	-2.93701
9.46092	-0.175016
10.2313	-0.535983
10.8723	-0.0717809
9.46444	-0.112151
11.5913	-1.85433
11.2431	-0.933785
11.8029	-0.428335
11.1856	-1.73081
10.1281	-1.30086
11.4541	-1.00738
11.4812	-1.07279
10.8286	-0.289655
10.5203	-1.03541
12.8025	-1.97764
11.3873	-0.643073
9.78648	-2.75317
10.196	-2.18881
9.56261	-1.77147
10.4219	-2.34103
12.2998	-2.5177
11.6258	-2.68237
9.62481	-0.562091
10.1644	-2.60173
11.5699	-0.0466068
11.0437	0.0907689
11.8888	-1.88668
10.7111	-2.3485
12.5289	-2.06677
10.4676	-2.10286
12.8427	5.84218
12.5996	-1.47048
9.26888	-2.49161
10.269	-0.439105
11.3467	-1.54112
11.8063	-3.06304
11.5863	-1.22043
11.5406	-1.31359
11.3282	-1.5721
9.77063	-1.16225
9.56375	-1.02673
10.7934	-2.18796
13.8215	0.598949
11.9319	-0.128159
13.5154	-1.02068
10.3353	-0.539468
9.67809	-0.412727
11.21	-1.69232
10.4216	-0.806095
10.1558	-1.94494
12.0044	0.148404
9.48539	1.26923
12.1383	-0.668934
11.8909	-1.26389
9.06958	0.142248
11.9712	-2.80351
11.8254	0.156009
12.0378	0.800952
9.13654	-2.96639
11.1871	-0.79226
9.83501	-2.22678
12.4367	-0.242334
12.5687	0.356796
10.0061	-0.124633
10.9106	-1.73723
9.15124	-1.48519
9.51799	-1.37077
11.4066	-2.84008
9.44676	-1.28687
12.5149	-0.661587
10.5858	-2.50414
9.48117	-2.89017
11.5434	-0.86201
12.2222	-0.399779
10.6313	-2.32977
12.4974	0.392243
11.3313	-2.55973
10.9793	-0.863218
13.1861	-2.5912
9.53405	-0.115861
12.5131	-2.16622
11.9292	-2.26824
10.2262	-0.410477
10.8078	-2.90782
11.1507	1.62497
10.729	-0.985951
11.9134	-1.1963
9.0061	-2.04037
12.9245	-2.97376
11.2166	-1.48642
9.15876	0.122032
9.32573	-2.76668
10.5102	-0.495303
9.48067	-1.42933
12.5973	-0.758674
12.0493	-0.60367
10.1036	0.229049
10.5064	-0.911878
13.7474	-1.88839
9.48385	-2.37388
11.9061	-1.87965
11.0035	-1.03315
9.71226	-0.017878
10.4755	-0.786357
12.3728	-2.2158
11.3107	-1.1964
9.62069	-1.67136
10.4712	-2.29178
11.6204	-1.11704
10.9413	-0.876457
11.5005	-1.68965
10.1957	-1.06525
9.14861	-2.24045
11.3092	-0.876064
12.6372	-0.626109
10.5083	-1.416
10.7899	0.619737
13.0755	-1.45745
13.0972	0.0126549
11.5216	-1.16099
9.60761	0.670325
11.9988	0.403338
12.2877	-1.80544
9.82571	-1.95582
12.4257	1.15348
10.4887	-2.45378
11.6846	-2.27705
10.9731	0.0351073
12.2192	0.837318
11.5392	-2.82985
10.0277	-0.426772
11.8646	-1.02653
11.7801	-2.16496
13.4071	-1.0457
10.386	-1.95639
11.3237	-0.668607
11.7245	-2.92559
9.44139	-0.121052
12.0315	-2.42389
9.63167	-0.456834
9.50325	0.892114
9.62503	-2.07465
10.5138	0.0183105
10.6419	-0.458457
9.55205	0.82133
11.9895	-2.48663
11.2488	-2.42468
11.8713	0.607119
11.2053	-1.71371
12.4782	2.10732
13.709	10.4823
11.9535	-1.68268
11.839	-3.42216
11.2689	-0.989175
12.3759	-0.740394
11.4248	-1.0181
11.7512	-2.08516
10.3417	0.0827085
9.51905	-1.26326
9.6312	-2.62139
9.09617	-0.991467
11.1926	-2.44108
12.0272	-2.11916
10.919	0.0968972
10.5046	0.0749194
10.9817	1.8657
10.2112	-2.12146
12.1301	-2.39407
11.3092	0.392728
10.952	0.0924924
10.6714	-3.13487
9.93842	-0.445118
9.79734	-0.247136
9.96734	0.259725
9.33391	-0.934704
9.56956	1.02528
9.55502	-2.51367
12.7598	-1.96445
10.7926	-3.01387
11.7281	-0.400334
12.3188	0.0542429
12.9715	-1.00974
10.0951	-1.58046
11.7057	-1.55851
9.29773	-1.92117
13.8966	-0.316106
12.6587	-0.452556
10.5089	-1.16908
10.1878	-2.04162
11.5376	-0.424832
13.5661	-0.601906
11.8735	-2.29399
10.6656	-1.06913
9.01284	-0.55406
11.0955	-2.71398
10.5203	0.0900653
13.9662	-2.26356
11.991	0.61293
12.5214	0.464131
12.7943	-2.26339
9.42052	-0.359901
10.7824	0.311097
10.4601	-2.58583
10.4041	-1.2923
10.1889	-1.66851
10.2292	-1.48297
12.5871	-1.53097
10.5295	-0.985625
10.2807	-0.00692004
11.3509	-1.6477
12.0768	-1.77894
12.0456	-1.25831
11.0301	-1.272
11.1765	-1.58967
10.1788	-1.53589
10.76	-0.197619
11.6952	-1.48496
10.4828	0.604388
12.6393	-2.60203
12.1297	-0.192699
14.4127	0.216109
12.6252	-1.86279
11.8602	-1.0046
10.476	-2.80673
10.789	-1.56513
11.8198	0.0364994
12.9065	-1.00282
13.0936	-1.33308
11.488	-0.171287
12.2197	-2.89676
9.91068	-0.00542502
11.8772	0.185069
9.07047	-1.42295
11.3352	-2.74138
11.4102	-1.11752
11.4462	-0.425518
9.60917	-0.834703
12.7436	-1.02341
11.5654	-1.76204
11.9267	-2.60365
12.8077	-2.57194
11.6817	-0.126315
9.02513	0.81526
12.5625	-2.54386
11.1938	-1.20758
11.3968	-1.34384
9.03415	1.1075
12.0014	-2.94529
9.70136	-0.227117
11.7296	-1.55029
10.519	-1.3645
13.2155	-2.42589
9.41502	-1.27896
10.4879	0.438269
9.57453	-1.13726
9.63185	-2.13347
11.6965	-0.338469
11.2727	-0.844499
9.86499	-2.13158
11.9613	-1.76084
11.8387	-0.348343
10.4022	-1.13826
12.4656	0.0186711
10.0009	1.02857
13.0758	-2.22323
9.44766	0.682479
11.3435	-1.70461
11.534	-0.0643555
11.1635	-1.99084
10.908	-2.06847
10.9085	-0.507661
10.7785	-3.0008
9.76608	-1.45533
10.8985	-0.606869
11.1322	1.25209
11.8855	-1.99451
10.1403	2.15867
10.9037	-2.64872
10.161	0.597756
9.58156	-1.15074
10.9219	-1.78335
11.8265	-0.287427
10.7529	-2.79078
11.6245	-0.216727
10.1029	-0.18401
10.4993	-0.814451
9.40157	-1.05663
11.2529	-2.15026
11.0877	0.681141
12.0295	1.09892
9.92342	-0.0767081
12.2669	-0.942296
9.47121	-1.53611
10.0773	-1.83716
11.016	-1.27232
9.05415	-2.31077
10.7874	-1.61575
9.36606	-1.70493
12.3835	1.78872
11.6884	-1.37977
9.6724	-0.949043
9.99114	-2.89518
11.349	-0.953802
11.7389	0.0806992
12.5663	0.83965
11.0875	-0.782962
10.1832	-0.54732
12.2269	-1.20988
10.3672	-0.826562
12.6213	-0.620677
11.4416	-0.890389
12.5383	0.257438
10.0076	-1.45924
11.2419	-2.86858
10.8321	0.253351
10.0713	-0.528088
12.7419	-3.57187
11.244	-2.00789
11.0096	-1.88569
10.1844	-2.66135
10.1916	-0.510661
12.6604	-1.03208
10.7827	-1.28561
11.1227	0.202264
9.63188	-1.32627
10.456	-1.14534
10.0979	-0.591851
11.1039	-2.09574
10.4186	-2.68268
9.1978	-1.14224
14.058	-2.74219
11.5116	0.959249
10.9284	-0.0499418
10.0807	-2.66765
10.8806	-0.674719
11.3553	-0.542696
12.3432	-1.57539
9.5783	-0.919701
12.6954	-0.240363
11.2449	0.587995
13.6444	1.81365
10.5793	-1.66144
9.05788	-0.268374
11.683	-0.82979
9.19602	-1.74003
10.0715	-0.327216
12.1979	-2.14506
11.2859	-3.09922
11.0551	-0.366239
9.71246	-1.80803
11.6504	-1.99271
11.151	-3.0847
9.55755	-2.12725
11.0162	-0.574696
11.6853	-1.48049
10.0582	-0.947717
11.9038	-1.22184
9.15244	0.221677
10.3287	0.276808
12.897	-1.263
13.0751	-2.77274
9.21951	-0.880926
11.8643	-1.48973
12.9845	-1.87536
10.8709	-2.63168
12.1026	-0.248698
11.87	-0.911742
9.83447	-2.6988
12.7174	-3.30543
11.7399	-2.33398
9.91259	-2.77439
11.4264	-1.49207
11.6737	-0.00052986
11.6738	-2.5817
9.79217	-1.28355
11.0829	-2.1193
10.9316	0.987488
10.2411	-2.09565
10.6413	-2.22428
9.94345	-1.36284
11.3812	-0.800735
11.8443	0.397308
8.92719	-2.79856
11.6076	-2.26047
12.2026	-0.353283
13.2538	-0.917394
11.1667	0.673533
10.2656	-1.69353
10.7748	-0.961248
11.5841	-1.65805
9.8691	-0.128527
11.2067	-0.294761
9.87606	-2.13014
11.9446	0.258896
10.9008	-0.734266
10.4378	-1.00377
10.5081	-0.16759
11.572	-2.61499
11.0896	1.17726
12.0712	-2.26719
12.1945	-0.840304
11.5916	-1.64728
10.3565	-0.617166
9.75617	-0.890274
10.3427	-0.061869
10.4626	-0.414124
11.4351	-1.26251
11.5926	-0.999478
9.54497	-1.56965
14.0196	-0.113376
9.17003	-2.8937
10.2096	-0.60189
12.4742	-0.944398
12.4462	-1.82649
13.0411	-0.491335
9.61979	-1.77076
11.3078	-0.859706
12.9302	-2.93597
11.6908	-0.752963
9.18849	-0.853784
11.6899	-0.261269
10.8765	0.173884
10.2605	-0.391116
11.6626	-1.42109
11.5301	-0.669239
10.8161	-0.777357
9.537	-1.55634
9.67867	0.288529
9.31757	-0.0429249
10.2769	-2.50328
9.88435	-1.12104
10.8057	-0.0999153
9.70093	-2.6283
9.45379	-1.69603
10.7498	-0.723056
11.4218	-0.606443
9.72405	-0.523936
11.6143	-0.107736
11.9452	-1.04652
12.97	-0.837765
10.5128	-2.59
10.8885	-2.84568
12.0718	-1.57948
10.6753	-0.0403233
12.5079	-0.764358
12.2946	-2.98254
9.93422	-2.11711
11.2031	0.151665
10.1988	1.07088
13.3019	-1.333
9.40686	0.202706
9.96774	-0.554555
12.3158	-1.46724
11.9443	-1.83051
9.22775	-0.919993
12.3371	0.537176
10.9996	-2.25161
11.135	-1.96961
11.0157	-0.934048
9.82169	-1.64854
9.18067	-0.321926
9.93898	-1.1816
11.5313	-1.43534
10.9143	0.0247202
10.4448	-1.02398
9.62774	-0.705005
10.4118	-0.945086
11.056	-0.698307
9.68913	-0.616803
9.77974	-2.14758
12.8256	-1.12229
11.9409	-0.611109
12.3656	-2.07678
10.616	-0.812639
12.5	-3.20052
10.9462	-1.29963
10.4643	0.326407
11.5609	-3.09009
10.9476	-0.747475
10.1723	-2.61999
12.6436	-0.0576625
11.0582	1.12072
10.7602	-1.18948
10.8098	0.0275096
9.44012	0.123623
12.5244	-2.55708
9.91779	-1.31954
11.5015	-1.76385
10.292	-0.723507
10.3777	-0.802715
10.2284	-0.222891
12.4101	0.535298
9.64814	-0.955586
12.7564	-0.465462
12.3736	-0.0480923
11.2041	-1.38753
12.1166	-2.22415
10.8089	-2.09649
11.1836	-0.148029
11.9368	-1.18637
11.9343	-0.274417
9.96988	-1.17634
12.1927	-0.494414
9.54569	-2.93099
11.4881	-1.27277
12.3454	-0.491425
11.6268	-0.961566
12.8255	-0.362583
11.7066	-2.45108
13.306	-0.571423
11.0182	-1.92908
10.9581	-2.63001
9.00193	-1.12882
11.9955	-2.21262
11.9869	-0.706657
12.1421	-1.94516
10.5611	-0.302527
12.9347	-3.67551
10.7901	-0.726988
9.62518	-1.79916
9.58252	-1.84152
13.2064	-1.20267
11.3769	-1.10374
10.5903	-1.86347
11.5653	-2.85679
10.4347	1.24874
9.85338	-1.77961
11.2307	-1.40947
11.8081	0.182544
11.6967	-2.66462
13.3431	0.405946
9.40186	-0.551356
9.98691	-3.08386
9.47551	-0.861518
12.2211	-1.08812
12.206	-0.571727
12.5808	0.569804
11.5788	-0.357817
12.947	-3.3711
10.8421	0.196235
11.6642	-1.73179
10.3186	-0.566823
11.3176	-0.867433
11.5652	-0.97249
12.6687	-3.42222
11.9216	-0.838868
11.774	-1.87645
9.88537	-0.666773
11.7737	-1.79887
9.23974	-0.238841
9.82947	-1.16013
10.8498	0.487343
11.0806	-0.058069
11.383	-0.847165
9.11936	-2.52535
12.1344	-2.65274
10.5083	0.0403791
11.6301	-0.943177
11.4257	-1.65899
10.8335	-1.59861
11.8435	-1.70828
11.4354	-1.92504
12.6997	-0.980395
11.5865	-0.749877
9.06443	-1.48078
12.5425	0.0886618
9.9066	-1.66016
10.6375	-1.73512
10.8287	-0.567903
11.6487	-0.861154
11.7986	-0.108012
10.3124	0.417475
10.6892	-1.65837
11.8547	-1.80748
11.8867	-2.61567
11.398	-0.186083
11.648	-0.902836
11.8982	-1.4599
9.17526	-0.0908533
10.964	-1.0847
10.714	-0.66866
9.88096	-1.62015
8.85361	-0.204794
9.9479	0.00424423
13.1445	-2.82212
12.3154	-0.931701
10.1971	-1.30567
11.4844	-2.43283
10.5367	-2.00767
10.0113	-0.528024
11.2239	-1.86075
10.1437	-2.73586
13.0875	-0.696707
9.41644	-2.38172
9.68063	-2.06926
9.28874	0.044387
9.58957	-1.25569
11.5069	-1.1862
9.30399	-0.104089
11.2902	-1.81488
11.249	-1.99178
10.5219	-1.62072
12.6234	-1.10562
11.4341	-1.19687
9.44795	-0.825931
10.16	-0.3989
9.41747	-2.37533
9.89072	-1.13567
10.5856	-0.380167
9.71038	-0.783483
9.66863	-0.263695
10.3309	-1.03679
11.0305	0.134666
10.0835	0.976359
10.4558	1.23425
12.821	-1.76554
12.1028	-1.66844
12.3696	-1.31467
9.51775	-2.69215
11.3436	-1.88214
10.1862	0.128558
10.1434	0.0999396
11.972	1.20641
12.1854	2.19794
12.0017	-0.787408
11.855	-0.642411
9.89398	-0.341049
10.0318	-1.55468
11.0548	-2.85123
11.49	-2.14231
11.2124	-0.135889
10.9162	-2.13783
13.2746	-0.768318
9.75454	-0.260948
10.3193	-0.983123
11.2917	-0.847218
12.1894	-2.78309
10.734	-2.11172
10.8512	-0.239926
11.007	-2.82672
12.3299	-1.44302
12.4134	-3.18996
11.2795	-0.255449
12.3673	-1.82853
11.4911	2.46214
10.9598	-0.613945
10.8367	-2.30023
10.3232	3.7861
10.9718	0.438507
11.0533	-1.95893
10.5958	0.328686
9.45523	-1.45004
9.75808	-0.433446
9.58585	-2.20156
10.2108	-0.136757
10.4236	-2.0426
12.3586	1.34321
10.7009	-2.42261
11.7398	-0.178343
10.5168	-0.822897
11.4511	0.24926
9.54457	-0.253816
13.5838	-0.189783
12.4211	-1.51594
12.5175	-1.89566
12.4555	-0.771283
11.7131	-2.12072
10.8967	1.0828
10.7242	0.782553
10.5257	1.16224
11.5008	-1.3756
10.7829	-1.88965
12.6821	-1.33595
9.46856	-0.757222
11.3416	-2.09008
11.4626	-0.163006
11.9082	-2.17495
9.09598	0.388672
10.2883	-2.05628
10.9953	-0.223503
10.4941	-1.9605
11.4129	-2.69651
10.1351	-2.02728
9.95515	-0.37972
11.1542	-3.09584
11.6689	-2.26534
12.3215	-0.979532
12.3695	0.12544
12.5668	-2.94044
12.3597	1.0617
11.2524	-0.0831827
12.6561	-2.96463
11.3721	-0.274844
11.7493	-2.8399
10.9877	-0.724659
10.9538	-2.49636
9.35278	-2.55937
10.7828	-0.728137
10.0358	-1.61333
9.741	-1.33444
12.9234	-2.23604
11.5584	-0.0883893
12.8423	-0.318662
10.4005	-1.78902
10.2421	0.0448789
9.61657	-0.876978
12.1303	-2.28096
11.3185	-0.326213
11.6419	1.1031
9.43722	-1.95894
11.3219	0.281334
12.9734	-0.309457
10.8331	-1.12764
11.6208	-1.05695
10.2723	-1.11717
9.62124	-2.35416
10.4062	-0.887793
9.18583	-1.79603
10.0616	-0.953741
10.8929	-0.337357
10.9983	-0.0998184
11.7239	0.959199
10.1691	-0.777738
12.4667	0.470763
11.4408	-0.317664
10.6279	-0.735802
10.863	-1.83902
9.65078	-1.85992
11.7696	0.43295
9.7035	-0.877335
14.2174	-1.30091
9.85851	-1.83191
9.30464	-1.73216
9.88643	-0.278531
10.6825	-1.42809
11.8086	-1.07943
11.4412	-2.45632
9.4984	-2.05103
11.8606	-1.82454
10.1868	-2.19722
10.7847	-0.731011
11.258	-0.815199
11.9762	-1.17065
13.0198	0.0483433
11.345	-2.24987
10.6795	-0.346343
10.6379	-2.12504
14.0948	-3.49806
11.2535	-0.488356
9.78402	-1.2332
9.57783	-1.32545
11.857	-1.91579
10.7902	1.2514
11.9696	-0.267084
11.8787	-1.86957
12.7762	-2.42895
10.0825	-0.947564
10.9611	0.444724
11.6146	-1.55884
10.179	0.0881431
10.3989	0.190933
11.5253	3.16715
9.50197	-2.45538
11.3547	-0.936479
11.977	-0.203018
11.7883	-1.86218
12.0891	-0.419509
10.4862	0.676091
11.1154	-2.36626
10.5593	-0.849904
8.98338	-1.54055
11.4329	0.0555009
11.7176	0.267407
11.5975	-0.912965
10.4972	-2.36064
12.9506	-2.29615
11.2742	-1.23255
11.4578	-0.328605
13.3735	-1.66301
11.2972	-2.48071
11.8484	-1.95235
11.3761	-1.19626
11.2162	-0.854581
9.2871	0.239973
11.7659	-1.82592
11.8412	1.08351
11.2675	-1.68284
9.73309	-1.78123
9.95577	-0.397242
9.86617	-2.32858
12.3805	-0.601504
11.3136	-1.20916
10.0378	-1.27652
10.9273	-0.901311
10.9581	-2.91512
10.6244	-2.55712
10.3377	1.6401
10.5177	0.0336736
9.80887	-1.97249
10.8755	-1.53099
13.0637	-0.957835
8.78163	-0.655178
11.8939	-1.35754
11.362	0.117647
10.0857	-2.05489
13.5742	-2.02446
12.8308	-1.03948
9.59629	-2.89494
11.6521	-3.14395
8.94485	-0.600817
10.7244	-3.01739
11.3468	-1.20113
10.8453	-0.319174
10.9131	-0.858717
12.788	-3.04187
11.5875	-0.829706
10.5776	-0.23602
13.0663	-0.398729
11.1413	-2.3801
11.0859	-2.12569
9.73714	-0.161294
11.2299	-0.49979
10.7325	-1.45704
10.3941	-2.63312
12.1333	-1.69652
10.6765	-1.39908
12.8221	-1.38312
12.2265	-1.48797
11.1557	-1.3868
10.5675	-1.10463
9.91191	-1.36951
10.7271	-1.36999
10.7187	-1.45296
10.2109	-1.98008
12.4626	-1.46238
10.7411	-2.50961
10.7502	7.79284
10.6246	-2.17278
10.4788	-0.608316
9.80777	-0.580005
10.684	-1.72118
11.3277	-1.10196
13.0941	-3.20439
10.1401	-2.07069
11.4726	-1.0764
10.5259	0.13159
10.6646	-0.372585
11.9881	-1.727
12.512	-1.30458
9.70131	-0.697398
11.6201	-0.729019
11.2483	-1.47911
10.204	-0.789724
9.68721	-2.63066
10.231	-0.877402
12.3937	-0.705397
13.4143	-0.0272182
10.8524	0.498598
10.6598	-1.10537
11.3877	-1.03903
13.2446	-1.85273
12.286	-1.97332
11.1297	0.203959
12.2693	-0.79806
11.9909	-1.04706
10.5985	0.253593
11.6266	-0.0683146
10.2531	1.08764
10.0554	-2.0053
11.4399	-0.662468
11.6212	-2.83901
11.6432	-0.434134
9.70822	-0.621678
12.0783	-0.244454
11.7097	-1.05293
8.87069	-0.210567
12.2362	-2.60276
10.6099	-2.34445
12.8873	-2.29005
9.67888	-2.74771
10.6038	-1.00975
10.7791	-1.07498
10.1712	0.00471628
10.1985	-1.64478
10.1021	-2.52856
10.5801	-2.41245
11.6154	-1.91424
11.1215	-0.588954
12.2027	-0.582591
11.0118	-0.323411
11.371	-1.93589
11.7671	-1.09033
10.7896	-1.89373
11.4109	-1.31327
11.2284	-0.496232
10.1649	1.25984
8.98735	-2.42592
10.1881	-1.49609
10.4728	-0.705759
11.0048	-0.310242
10.5686	-0.273403
11.8436	-0.552847
9.64882	-0.798442
11.6449	-1.94855
10.1009	-2.0713
11.3996	0.81072
9.47445	0.990466
10.1105	-0.387739
10.6095	0.448434
9.93349	-0.866641
9.06457	-1.33815
10.625	-1.59967
12.8686	-1.29804
11.2851	-0.563434
9.34962	-1.63415
11.3887	0.285457
10.9124	-0.748218
11.0664	-2.6934
11.0216	-0.846075
9.90801	-0.916597
11.5269	0.260721
12.7835	-2.07591
9.96954	1.17253
9.08595	1.4472
13.0099	-1.26509
11.9784	-2.1304
11.1541	-0.149022
11.0064	-0.273161
9.83502	-0.0974647
10.8921	0.357524
11.0485	-1.64507
11.2236	-2.51147
11.5251	-2.77823
10.3313	-2.32659
9.33602	-0.86366
11.0357	-1.15905
10.346	-0.613504
11.3005	-2.52481
9.62354	-0.25146
11.1367	-2.92532
10.0175	-1.13385
9.47283	-0.0991651
10.4234	-0.28974
11.7619	0.278501
11.3098	-2.26027
9.16359	-1.96611
10.153	-1.90953
11.2662	-0.564412
13.1147	-0.838444
9.2558	-0.950652
10.0718	1.13724
9.41709	-0.663097
10.7259	-0.768457
10.8462	-1.70961
11.5669	-2.21919
9.88091	-1.67996
11.735	-0.224157
10.9414	-0.683508
11.992	-0.349661
9.38964	0.772333
11.3194	-2.32467
10.4082	-0.0740037
11.095	-0.445042
11.9011	-1.21024
10.6126	-2.07783
11.3643	1.13375
10.8033	-0.223155
11.5972	-0.584906
8.94785	0.141994
11.4626	-0.27269
10.4791	-1.11825
11.9354	0.303704
11.8434	-0.391329
8.88921	-2.81412
9.26893	-0.353743
11.3245	-0.130523
9.74488	-1.57261
11.9937	-8.3498
14.2067	-0.502939
13.1908	0.78148
11.0886	-0.411739
10.4265	-1.90016
11.3458	-2.12586
9.17871	-0.139688
11.7607	-1.50782
9.5105	-2.80078
10.8788	1.3612
10.4733	-1.64712
10.2038	-2.24432
11.0149	-1.69965
10.8357	-2.92311
11.2504	-1.34263
10.3888	-0.681365
9.02853	-2.47477
13.433	-3.68202
11.977	-0.223975
11.7535	-0.876166
11.6969	-0.472065
10.9636	-0.166641
11.8935	-2.95013
11.1283	-0.659961
10.9905	-2.81857
10.7361	-2.38709
10.9107	-2.30076
10.7003	0.68265
11.7548	-1.18355
10.6397	0.952623
11.975	-0.312723
10.7011	-1.29716
10.9865	-1.80921
11.7753	-0.67641
9.35513	0.338534
11.9091	-0.883564
9.83627	-0.350148
11.7106	-3.04522
10.0069	1.4469
9.76267	-0.770692
11.5684	-3.05943
10.9881	-1.24
12.1179	-3.25493
10.5993	-0.0318965
9.07525	-1.59142
11.2206	-2.78025
10.7944	-0.824406
11.6272	-1.01376
10.2933	-1.43833
11.927	-1.59006
13.3167	-0.285238
10.4232	-0.735593
10.9952	-1.15251
10.3067	-2.04153
11.5642	-0.55619
11.5306	-0.725794
10.2183	-2.37382
10.8111	-2.71231
9.87192	-0.646809
10.5634	-0.475759
9.92822	0.515319
10.3263	-0.639736
9.6266	-1.64923
11.859	-0.191278
10.3534	0.633059
10.695	-1.08365
9.36427	-0.191382
11.3418	-0.625769
9.50514	-1.12
9.06872	-0.24082
9.5301	-0.322695
10.2104	-0.355054
11.4873	-1.14714
10.7772	-1.16155
10.3611	-0.915607
9.61807	-1.33044
10.0997	-0.172419
11.8511	-1.99416
11.1181	-1.05828
9.91667	0.270189
12.0365	-0.63419
9.32024	-1.12023
11.1756	-1.47922
11.8397	-2.71133
9.92035	-1.627
10.5466	-2.02653
10.9187	-0.731543
9.72918	-0.305726
11.5156	-0.210479
10.2094	-2.67506
11.309	-1.45335
12.1497	-3.57397
11.3152	-1.30942
12.0653	0.300921
10.8843	-3.22754
10.2361	-2.10724
11.1022	0.486764
10.8882	4.16811
10.8356	-0.282255
12.1336	-0.499708
11.4065	-1.77943
12.9011	-4.73057
11.5113	1.06127
11.1955	-2.84624
10.8497	-1.0633
11.7996	-1.51009
11.6579	0.468159
11.2254	-1.31041
11.0645	-1.31224
10.776	-0.430601
8.97301	0.106353
13.8932	0.80975
10.3801	0.396728
11.6524	-2.71442
12.624	-3.98877
13.1779	-0.783898
11.1146	-2.60041
9.64205	-1.89152
11.7985	0.275101
10.5215	-2.02804
9.61078	1.25292
11.4962	1.29847
11.4782	-1.63742
11.1658	-0.709441
10.1621	0.300637
9.8647	-2.35304
10.9212	0.2018
9.46258	-0.785544
11.7273	-0.467427
10.3716	1.70732
11.2104	-0.184014
8.77763	-1.6091
9.84695	0.12174
10.9268	-1.47763
10.4797	-2.11117
9.80758	-2.283
11.6228	0.801606
10.5605	-1.27437
11.2258	0.688193
9.34389	-1.65594
10.4487	-1.50883
13.7751	-4.15157
11.0627	-0.0943965
10.0338	0.70451
9.79535	-0.98118
11.0023	-0.118436
9.87736	0.90819
10.8118	-1.31321
13.9539	0.265807
12.3097	-1.65888
9.92786	-0.424128
11.7941	1.62326
11.0993	-1.04708
10.6516	-1.23395
8.8777	-0.732002
9.54384	-1.64393
11.5557	-1.01439
10.3178	-1.76184
10.3019	-2.72658
11.4082	-0.901014
10.3923	-0.0814077
12.7432	-3.03568
11.4158	-2.59447
9.91163	-1.65191
10.1891	-0.194503
11.8383	-0.19995
11.2565	-1.60323
9.36965	-0.350245
9.91144	-0.481268
11.4316	2.25769
11.9423	-2.82683
10.0048	-0.126925
11.3871	-0.689598
10.7476	-3.11661
9.60758	-0.546163
10.1735	-0.400624
9.33103	-1.42135
10.7554	-1.34373
11.7621	-1.30876
11.2089	-0.165021
10.2198	-1.48399
10.807	-1.90346
14.3626	-2.76261
10.9325	-3.22339
10.6569	-2.05892
10.8929	-1.14292
10.2868	1.15669
10.3054	0.682101
10.789	-2.37747
11.8781	-0.436265
11.396	0.5228
10.6676	-0.0843006
11.5651	-0.759143
11.9928	-1.94925
9.35239	-2.57629
12.1052	-1.64558
9.95276	-1.32378
9.31494	-1.84914
9.62882	-1.72248
9.91954	-2.43207
11.4229	-2.05373
11.9031	-0.514783
10.7727	0.713674
9.86717	-1.12865
10.1643	-0.412579
10.8602	-0.931636
12.4084	0.765765
11.8153	-2.9479
11.107	-2.44498
10.7109	0.401637
11.0484	-2.69209
11.8187	0.121516
11.2286	-0.0124459
10.932	-0.543467
10.1999	0.0980132
11.5999	0.166073
9.19191	-1.89604
13.0292	-0.375108
11.8759	-2.24321
12.4834	-0.749344
14.6934	2.96293
9.60718	0.96061
12.1586	-1.26767
9.86989	-0.90689
9.51708	-0.316759
9.94403	-2.43065
10.4676	-2.75165
9.77876	-0.103827
12.6345	-1.77541
11.7883	-2.31703
10.3888	-0.47745
11.8305	-0.575021
12.0183	-0.21654
10.5624	-2.1459
12.5886	0.194742
12.0355	0.498968
10.0165	-1.54285
11.297	-0.209167
11.7557	-1.12233
11.2493	-0.107003
10.7101	-2.52892
9.98079	-1.02746
9.65593	-2.47888
11.4657	0.989478
12.2644	0.415377
11.2588	-1.84256
11.7174	-2.40224
9.74252	-0.896104
11.6156	2.60114
10.9427	-0.790718
9.59618	-1.51576
11.7286	-2.14267
12.8068	-2.02265
9.14944	-0.37855
10.6907	0.553949
9.76181	-2.78187
9.11196	-1.47677
12.8217	-2.45148
10.3298	-2.10741
10.3778	-0.533293
9.37214	-2.33187
11.8604	-2.59793
10.9411	-1.63471
10.5734	-0.939077
10.9092	-2.92491
9.25959	-2.52153
11.6639	-2.04972
11.9158	1.25693
9.92268	-0.43655
11.9266	-1.90357
9.9428	-1.38859
10.4562	-1.63193
9.72577	-2.6726
11.7842	-0.512301
11.6049	-0.550814
11.5381	-0.595574
11.1598	-1.98198
9.99149	1.00516
10.4818	-0.170724
12.5363	-2.68265
10.2328	-2.8316
9.85791	4.99939
9.63384	-1.86538
9.17264	-1.0595
10.5943	1.17526
12.1217	-1.79593
9.27851	-2.52633
9.29148	-0.553321
10.2899	-1.84567
9.14457	0.06647
10.4767	-1.72291
9.78142	-2.2976
9.8664	-1.11753
11.7119	-1.4039
9.47552	-2.31725
11.2514	-0.597522
12.35	-1.10589
11.1307	0.423348
13.1876	1.46941
11.9061	-2.17981
10.6519	0.389163
12.468	-2.52772
11.7243	-1.63652
11.5227	0.0394489
13.4441	-4.01353
9.44523	-0.525553
11.0417	-0.0467078
10.3468	-1.25968
10.428	-1.37115
10.8352	-1.77267
12.4165	-2.00862
10.3542	0.0984972
9.91199	-0.120439
11.5449	-2.03561
9.70267	1.06232
11.8368	-2.74049
11.5892	-1.66824
11.9737	-1.82717
9.16451	1.2871
9.50494	-0.437244
11.5671	-0.399778
11.5074	-3.00132
10.1528	-2.52236
9.80242	-0.726576
11.5193	-0.0624789
11.497	-2.20732
10.7423	0.520942
11.9318	0.300533
12.4025	-1.16432
11.6368	-2.92993
13.1497	-1.85501
9.04004	-0.255399
11.2692	-0.180784
11.2458	1.4783
10.2881	0.178609
10.3304	-0.163163
10.94	0.505264
10.3626	-2.36531
10.6459	-2.30767
10.152	-2.44434
10.9407	-1.09476
9.93767	-2.39563
11.3646	-1.31854
10.2898	-0.470382
10.1149	-1.19544
13.8084	-2.93599
10.2856	-2.22039
10.8139	-2.30574
9.17637	-0.210031
9.48417	0.795307
10.2163	-1.25755
10.5412	1.54818
9.47418	0.209886
10.6698	-2.21525
10.406	-2.56844
10.1472	-0.972519
9.10864	-0.530524
12.1793	-0.771345
12.5767	-1.36604
13.227	-2.30295
10.668	-1.45934
11.5133	-1.5376
12.096	-1.64179
9.74409	0.433676
11.5547	-0.173255
12.2466	-1.94462
10.4933	-2.97418
11.5797	-2.1433
9.59063	0.138645
11.8324	-1.20726
13.3917	-0.499391
10.4673	-0.324901
9.64774	-1.08741
11.2664	-1.37349
11.4042	-1.59769
11.223	-2.04359
9.42325	-2.52299
10.7014	-0.227006
10.8861	-0.879654
12.3827	-0.73604
10.9927	-0.615355
11.7102	-0.0925979
11.1608	-0.156907
11.3955	-0.31768
11.0321	-0.957909
10.8795	-0.875889
9.39661	-2.16979
10.1271	-1.46789
11.4871	1.21889
10.9231	-2.39017
11.2429	-1.52376
10.0741	-1.91668
11.0171	0.391916
9.98688	-1.14866
12.0949	-0.618555
11.4844	-2.8146
12.3229	-0.891272
11.0417	8.69114
11.6466	-3.01598
11.9469	-1.42855
9.46906	-0.01454
10.8129	-1.23018
10.643	-0.248852
11.0936	-1.57555
9.38925	-3.0366
10.2356	-2.23919
9.77726	-1.07193
11.8919	-2.85643
9.23473	0.553202
11.1494	0.0201851
12.1223	-2.62681
10.5281	-1.69701
11.8333	-1.41951
11.9476	-0.261826
9.78478	0.533362
12.571	-2.08583
11.1334	-1.26508
9.85001	-2.97516
10.7797	-1.42611
11.5658	-2.16526
9.42115	-2.03639
10.0309	-2.04123
11.8154	-0.110363
11.3396	-1.29108
10.0141	-1.09939
9.32108	-2.14112
11.902	-0.393031
11.5696	-2.43179
10.792	-0.605808
11.7854	-1.44667
11.1595	-1.57789
10.8741	-1.82254
9.57728	-2.40514
11.0772	-1.54107
10.2982	-0.701569
11.0413	0.899428
10.4929	-1.86524
9.44741	-2.92105
10.2704	-0.76376
11.503	-2.44718
12.1259	-0.670793
9.77203	-2.13696
9.60208	-1.35158
9.67202	-2.74492
12.4739	-0.233204
9.7793	-1.54398
10.7388	-0.802004
9.66351	-2.42574
12.4477	-0.454477
8.75966	0.152203
14.3082	4.27114
10.0338	4.65432
11.5481	-0.44336
10.6669	1.4962
11.1848	0.0790908
10.2193	-0.875213
11.4029	-1.6931
12.1854	-0.770369
11.4607	1.12628
10.2566	-0.383338
12.9207	1.45219
11.1085	0.621553
11.4981	-0.517732
11.987	-0.477903
12.2713	-0.540136
11.1231	-2.41768
10.3173	-0.490787
10.5477	-2.45281
10.855	-0.808644
10.7286	0.643553
10.719	0.755074
11.096	-0.584322
10.643	-1.63526
10.2537	0.0289418
12.4219	-2.36103
11.5069	-0.663944
9.62638	-0.764091
9.11477	-0.490745
9.45872	-2.82652
10.3147	-1.19494
9.61163	-1.17761
11.6348	-3.05917
11.0631	-1.11715
13.3464	-2.71698
11.7256	-2.08949
11.6459	-0.498713
10.4786	-0.650131
12.9119	-1.00972
10.4483	-1.85633
11.8788	-2.92423
11.8542	-0.821355
11.6873	-0.750249
9.21611	-0.948508
9.85078	-0.561739
12.34	-2.37034
11.389	-1.91466
13.0955	-2.1118
11.1249	-2.48976
10.2199	2.1443
12.0273	-0.451717
10.4049	-2.59901
9.93017	-0.707244
11.0514	-0.426957
12.4522	-0.228908
11.9411	-1.255
10.8597	0.712316
10.7252	-0.984915
10.711	0.334218
9.48337	-1.6314
12.9325	-1.21324
11.8633	-1.30703
10.7156	-1.58377
10.1545	-1.9776
9.3949	-1.33804
9.17574	-2.42714
12.614	-1.86498
12.986	0.926805
10.2335	-0.681892
10.9829	-1.57922
10.293	-1.85667
11.1543	1.37678
10.174	-1.38778
11.4598	-1.86471
11.2079	-0.526181
9.8278	0.452228
11.5545	-2.19086
9.84074	-0.810586
11.4195	-1.9697
11.8868	-2.90478
11.46	-2.2614
10.5906	0.149605
11.8398	0.113568
9.9802	-1.15595
10.109	-2.13801
10.7632	-1.36257
9.87801	-1.92793
11.1261	-2.32165
10.3341	0.588205
11.7572	-2.62562
11.5644	-0.875684
9.5797	0.13205
12.4188	0.362064
10.0716	-0.219434
9.36549	0.236599
12.347	-2.9357
10.8711	-0.683336
13.4745	-0.918038
11.7078	-1.8272
10.032	-2.6606
10.638	-1.75582
11.229	-1.43342
11.3194	0.077839
11.7	-0.809979
11.1589	-2.61734
11.5916	-0.486368
10.7603	-0.895629
10.9882	1.17127
11.2326	-0.771116
10.5362	-1.71273
13.1067	-1.05998
11.018	-0.83665
12.242	-3.5485
10.8049	-0.510498
9.28835	0.0633785
10.7385	0.517664
12.1576	-1.94035
12.137	-1.67237
11.0834	0.194166
9.03755	-1.27195
11.0301	-0.418204
10.7539	-1.68249
11.0404	0.556955
11.6685	-0.48946
9.9488	1.80323
11.1881	-0.687249
9.27237	0.0439268
9.77627	-2.23376
10.5202	-2.4298
11.0165	1.20425
9.09587	-0.433891
10.4437	-0.654007
10.1633	-1.50481
12.4914	-0.844139
12.7462	-0.732333
9.23089	-2.22694
11.5209	-0.431924
9.76525	-0.458198
13.0752	-1.64196
10.0164	-2.15471
9.34253	-2.07064
10.8197	-1.68697
10.087	0.84711
10.6848	1.29202
10.4111	-1.1168
11.8573	-2.83329
9.69012	-1.62444
9.26479	-1.83157
11.6265	-1.46521
10.6982	-0.97976
12.5117	-2.0349
12.8349	0.6708
10.6574	-0.337446
11.7322	-1.51895
9.30153	-0.388382
10.6623	-1.48996
11.1233	-2.52746
10.1366	-0.0808124
10.155	0.549314
12.3503	-1.87275
11.5601	-1.47459
11.8112	0.12818
10.4721	-0.730407
9.20287	0.405287
11.4659	-1.90528
10.7703	-1.57629
11.9705	0.461932
10.0551	-2.88349
11.5717	-1.30911
9.88281	-2.32031
10.0464	-0.637858
11.108	-1.41939
11.2862	-0.4612
11.2727	-2.02084
10.4471	-0.883386
12.4487	1.29065
12.2387	-1.73983
10.7475	-0.0851233
11.1784	1.85983
12.9307	-2.16063
9.99784	-1.09891
10.3743	-2.52671
11.642	-0.810726
10.2459	-1.82302
10.1499	-0.543377
9.79348	-0.100859
10.8396	-1.35246
12.7226	-0.460785
10.2746	-0.00357132
9.13039	-1.69907
10.7271	-0.361574
12.5614	-0.134366
11.0232	-1.81241
9.85066	-0.348289
11.2043	-0.5081
11.1494	-1.64502
12.1218	-3.01787
10.9528	-1.26665
9.83926	-1.1664
11.2724	-2.73347
10.2691	-0.489377
10.539	-1.95083
11.0826	1.27851
12.7959	-1.81329
10.786	-0.321086
11.7479	-0.122708
11.6759	-2.22392
9.75728	-2.08829
10.3716	-2.09219
10.9772	-2.68784
10.0543	0.0802293
11.7387	-0.267122
11.0274	-1.55419
8.88949	-1.97401
10.3602	-0.628648
11.3034	0.273801
10.7865	-1.52352
11.303	-0.254714
11.88	0.703486
12.0012	-1.66333
10.0864	-0.835994
11.1684	-1.51233
10.4536	-1.34334
9.1179	-0.336204
11.3022	-2.91172
11.5545	-2.51826
10.2165	-0.173566
10.852	-1.2308
11.3307	-2.0596
10.3287	-2.3966
11.535	-0.328413
11.6207	-1.57313
9.21847	-2.62047
9.26047	0.441891
10.0443	-0.855859
11.1731	0.919107
9.88078	-0.0266677
10.3002	1.76183
11.0869	-1.37148
10.0423	-1.61667
9.90039	-0.341177
9.20987	-2.73329
13.0207	-0.567152
12.9918	-2.00528
10.0447	-1.99484
13.9491	-3.71438
10.7669	-1.35407
11.488	-0.332171
12.3455	-0.89937
10.3448	-0.00101847
9.23279	0.125705
13.2434	-0.790934
10.2378	-2.35897
10.1704	-0.726341
10.9784	-1.05336
10.3909	-2.01353
10.7411	-0.0714655
9.67362	-2.53174
11.4229	-1.20131
13.4614	-0.783961
12.0901	-1.00588
13.8137	-0.839405
12.1909	-2.41899
11.4915	-2.04582
10.2396	-2.89502
10.4665	-1.2655
11.3361	-0.76559
11.7941	-0.644579
11.5861	-1.53452
11.0093	-1.22083
11.8373	-1.63802
10.8412	-0.861243
9.76614	-0.751838
10.0231	0.301317
10.5589	-1.60086
11.2067	1.02443
11.3657	-2.41324
10.8511	-2.79539
10.4034	-2.06012
9.3465	-0.710705
11.1842	-2.30488
10.4301	-0.735809
9.04147	-0.961007
13.1248	-1.61317
9.76896	0.160745
11.6951	-2.31283
11.4766	-0.61066
10.2113	-0.489328
12.9126	-0.324086
11.4011	-0.155367
11.1596	-0.82517
9.91544	0.091881
10.51	-1.94254
10.6156	-0.999984
12.191	-1.52945
11.6842	-1.66148
12.2102	-2.05075
10.4941	-1.65342
11.7233	0.160523
10.3767	-0.734587
10.5703	-2.58881
10.4697	0.62926
12.8957	-0.463812
12.7915	-2.65777
10.3196	-3.11847
11.366	-0.577817
11.5621	-0.851177
12.2971	-1.63114
10.2347	-0.27647
10.9853	-0.673176
12.4734	-0.662153
9.36298	0.151456
12.723	-0.784661
11.098	0.682975
11.0145	-1.67503
10.1469	-2.6354
10.9425	-2.88195
10.989	-0.0936724
13.7255	-1.22692
13.0079	-2.45031
9.80297	-1.68851
12.5807	-0.659979
11.0553	-1.6822
11.5517	-3.01709
9.51904	-0.858982
11.2947	-1.21926
9.93215	0.444389
12.411	-2.18407
12.5481	-3.57781
11.0422	-1.13237
12.5156	-2.78018
10.3595	-1.30337
10.6077	-1.59025
9.13862	-0.585837
11.0348	-0.603134
11.3133	-1.78585
9.50371	-0.642794
11.8222	-2.0723
10.0415	0.0800759
10.6465	-1.91313
10.4935	-0.352848
10.0642	-1.70807
10.6385	-1.43561
12.9363	-0.587416
11.801	-1.80962
9.8722	0.0734886
10.2731	0.210323
10.7971	1.0201
9.88052	-1.05444
11.7532	-1.68529
9.53439	1.25353
11.6299	-0.682689
12.1367	1.45192
11.7934	-1.14845
9.37304	-1.77102
11.8141	-1.10201
9.35046	-0.378933
9.04895	-2.49398
11.9778	0.152062
11.5736	-1.54393
9.43044	-0.922878
10.5012	0.894934
10.7423	-0.165447
11.9555	-0.362361
11.1609	-0.255581
11.8519	-0.0892334
12.0973	-3.29936
11.9385	-1.78431
10.484	0.392434
10.495	0.102748
11.778	-2.30175
10.2194	-1.62195
11.061	-0.779366
11.7968	-0.697375
11.5963	-2.85489
9.14967	-2.85877
10.3511	-0.800473
10.0118	-1.58632
11.5693	-2.29218
9.96835	1.2032
11.202	-0.0378099
13.3335	-2.68978
11.5161	0.620664
10.2751	-1.9665
11.114	-0.0565799
11.0601	-2.15816
14.5501	0.554197
9.30769	-0.393995
10.9616	-1.69233
9.45349	-2.04976
12.3229	-0.618223
11.4188	-2.2671
11.839	-0.944627
10.3479	-0.528191
10.6793	-0.624474
12.3434	0.811568
11.6212	-1.3714
11.3561	-0.42769
9.44955	-2.51857
9.14651	-1.72602
10.363	-1.27863
10.5389	1.03232
10.0261	-1.21398
12.1055	0.241168
12.6813	-0.220235
12.6152	-0.144741
9.84855	0.286618
9.22476	-1.9534
11.2463	-0.485513
9.50847	-1.85167
10.8421	0.15434
11.2635	-1.42945
10.2562	-2.16383
10.795	-1.54058
10.6689	0.297707
11.4235	-2.58535
10.524	-0.122302
9.83984	-0.176191
10.9194	-0.7982
11.5871	-0.508962
10.8278	-0.451526
12.6252	-1.24262
10.3644	-0.798819
13.0514	-2.64215
11.6422	-0.257167
9.98613	-0.969816
9.57102	-2.09775
13.1833	-1.67187
11.5745	-2.20817
11.0042	-1.37978
11.5045	-2.61165
12.8835	-1.39744
11.5684	-1.08596
10.1366	-2.64964
11.6652	-0.89247
10.2749	-0.328373
11.6134	-1.35018
9.56523	-2.85674
11.5849	-1.61496
13.4767	2.43512
13.4818	-1.44526
9.97197	0.789356
9.8437	-0.716491
9.23745	-0.683127
12.1568	-0.934783
9.90697	1.0853
11.8839	-1.36905
11.3341	-1.08173
11.5026	-0.909471
9.25608	-1.38068
9.34932	-3.00235
13.1035	-2.10084
11.4412	-0.923667
12.4777	0.376818
11.7026	-0.811109
10.4057	-2.32292
9.97139	0.952132
10.2951	-2.27256
12.478	0.495695
10.6583	-0.557917
12.3794	0.570333
11.5217	-2.75895
12.3594	0.182587
9.09079	-1.79431
12.1971	-0.468096
11.9961	-2.78688
10.201	-0.493289
9.9436	-2.98599
11.1282	0.0521809
10.885	-1.13304
12.4995	-0.250872
12.4032	-1.13066
10.2876	-1.08188
10.4901	-2.07104
11.7601	0.487771
9.13234	-2.38325
12.6152	0.481753
10.4637	-0.0854124
11.6782	-1.45406
10.2079	-0.323301
10.7074	-1.28101
11.6695	-1.30744
11.7779	-0.57448
10.7002	-1.28082
11.683	-0.668566
9.78459	-1.94789
8.90398	-2.38412
10.4832	-2.499
9.7217	-1.17536
11.6924	0.195018
10.9402	0.66893
10.1766	0.30641
10.7952	-0.244698
10.7988	-0.292005
11.6212	1.19071
10.9642	1.07447
13.8566	-2.25649
9.13818	-0.538548
11.674	-2.00983
8.98826	-2.47552
12.3869	-0.974792
10.2748	-0.897013
10.7673	-1.39663
12.1154	-2.08396
