0.918128	6.04286
1.96741	4.38001
1.17307	5.29926
3.41518	3.6846
1.5975	3.57247
0.68233	4.51968
5.06141	1.34609
1.58229	6.25578
3.1019	6.69107
2.73441	5.56515
0.706116	4.14418
1.74494	6.03012
1.92056	3.47467
1.66363	5.94213
3.34815	4.76013
1.92184	5.7277
0.786065	3.17355
1.21221	4.64053
2.30258	5.20842
3.90991	4.84521
0.377436	5.64323
1.50921	5.84058
4.21104	2.55547
4.8628	4.51784
1.10004	4.38222
1.2266	4.29441
2.63743	5.18673
2.18277	3.99562
0.945035	4.95758
0.814378	4.50799
0.646834	4.86506
3.97736	4.4927
2.39319	11.3239
5.56395	4.8033
1.0535	3.2092
0.835253	4.45222
2.82788	4.09819
2.87385	5.22333
2.84156	5.03719
1.65866	5.39793
3.13184	6.97704
3.64622	3.86484
3.98871	4.9494
2.77287	3.78412
0.860907	4.70601
2.84046	4.33621
0.760131	3.97036
1.54703	4.43489
0.88342	4.18006
2.38445	4.36432
4.09946	2.09115
1.76975	5.76761
2.58224	4.34542
2.30831	5.59653
2.63766	4.84974
1.28277	4.68843
2.39908	3.32159
1.82507	5.46185
4.51934	5.93984
1.67481	6.3041
0.28265	4.21263
3.74821	12.9535
3.50103	4.57023
1.71808	4.35642
3.17066	4.42299
1.83494	7.39523
2.14005	5.24552
0.906122	4.19979
1.84538	4.63573
1.86543	5.75845
2.57742	3.73968
2.4105	5.30101
2.41666	6.30085
5.13165	5.22952
0.519548	5.14202
3.04568	5.24597
2.37094	5.2439
3.94481	4.18314
3.44938	6.59082
2.64255	4.4794
2.44803	6.42726
1.41613	3.92679
3.98671	1.87142
0.645541	5.97823
2.17724	3.51112
3.57702	6.54893
1.46817	5.76375
2.85726	4.91412
2.55442	5.33575
2.31902	4.62028
0.628215	5.8041
3.25025	5.42429
1.17838	5.36252
0.83692	3.81451
4.81533	5.76222
1.12851	4.56819
2.56114	5.89981
2.63105	4.2359
1.91113	4.08931
3.31297	5.88884
2.0346	4.26121
1.78996	5.52361
0.66693	5.87509
2.46749	6.6274
2.72954	5.56304
1.38993	4.1033
3.1801	4.17039
3.19608	2.93085
1.97007	4.26371
1.63104	5.89988
2.91272	5.45057
2.74009	5.74615
2.39931	3.91999
3.04326	4.0088
2.34884	6.01548
0.247933	5.42622
2.73934	4.93188
2.51229	5.38862
2.82674	6.63571
3.07678	3.53163
0.607638	3.90971
1.93871	5.42999
4.58395	5.60678
2.85957	6.21449
3.03506	4.76882
1.50695	4.01957
3.38149	3.08339
3.35578	5.09253
1.71689	5.21238
2.08966	5.55992
4.48214	3.03032
5.44591	4.83162
2.8173	5.37193
0.527218	4.99047
2.66423	6.3162
0.999331	4.15678
1.62373	3.49251
1.46765	3.86158
2.94258	3.82162
4.29633	5.12867
1.61404	3.45428
0.529763	6.47513
2.0528	3.34803
1.49406	5.53601
2.66805	3.33466
2.66742	4.58955
1.06409	5.65659
0.840955	5.82958
3.83869	5.33731
1.61135	4.23825
3.70231	4.88594
1.95255	3.47177
2.24504	4.33598
0.00678725	7.15149
2.45123	3.25456
0.962531	4.09526
3.51146	4.53822
2.50489	5.59397
0.370175	5.68477
2.41509	6.25499
2.46141	5.56008
1.76536	5.05804
1.71918	4.59156
1.95284	3.3992
4.0774	6.36716
1.66329	4.49611
1.3418	5.18068
0.829714	4.84558
0.160723	6.55743
0.135288	3.25082
-0.0761182	5.63123
1.19682	6.7773
0.739794	6.53376
2.93704	6.36888
1.46659	6.28372
6.32118	7.90987
1.57951	6.23462
2.32944	3.89662
3.13975	5.05001
0.530267	5.94012
3.24139	5.22305
4.04567	3.72442
1.73725	5.61099
2.09966	3.30188
0.160947	4.63386
0.719725	4.7249
1.75956	7.23687
2.05771	5.42898
1.19972	3.74016
2.84942	4.32726
0.473885	3.04114
2.60617	7.33729
0.209746	3.63609
4.55126	5.3944
1.40466	6.93084
4.71886	4.39897
0.00269009	3.7629
2.91561	5.97919
1.65991	4.04947
0.276634	6.01425
4.98103	7.38691
0.428317	3.68817
1.5116	5.74317
1.37709	5.38525
0.317139	4.91824
1.20232	7.25087
1.00186	3.4305
2.14012	4.62916
1.69975	4.78228
0.123311	6.28175
1.40243	6.50773
1.77017	6.23279
1.29719	3.16738
1.86639	7.23604
0.279838	4.26528
3.5201	3.16228
2.24213	4.20711
1.00016	6.77599
0.410724	7.11607
1.61102	5.76629
2.84059	4.05333
1.14415	5.69865
1.57796	5.57752
3.43808	4.67152
1.37646	5.80073
0.00423039	3.32667
0.781201	5.85816
2.93133	4.37671
1.08223	5.62004
3.84989	4.45159
1.49185	5.1771
2.10359	4.69382
0.584731	3.97466
2.6635	5.18239
0.292532	4.5655
3.72641	4.0931
1.38624	4.61847
0.43336	3.57752
2.81439	4.08312
2.3776	6.09505
0.924054	4.74265
2.28331	4.29736
1.18607	4.43419
1.70329	5.56832
2.86856	4.91183
3.15504	6.2249
1.4342	5.24292
2.10669	5.28456
2.64487	4.00194
1.93436	5.66335
2.08487	5.81674
0.570902	5.59671
0.631385	3.538
2.68662	5.82931
2.22472	4.27003
3.49644	5.89812
2.1468	4.29634
0.91961	4.20657
2.66167	7.27609
1.67966	6.05863
2.37483	5.51271
0.375155	3.90352
2.10037	4.85818
1.0221	7.5065
1.28029	4.75797
2.12626	3.80789
1.79047	6.28431
3.00888	3.82482
1.6955	4.05676
2.67339	5.03221
7.30249	11.0129
2.94695	5.28332
2.30514	6.39194
3.32528	4.05109
0.10894	3.72772
3.0432	4.59023
1.67887	5.53975
1.65586	4.83928
1.07483	5.11547
3.61333	3.49259
3.47614	3.76509
3.34135	4.41687
3.34586	2.88762
3.04093	3.43324
2.8555	5.62099
0.127825	3.22315
3.10569	2.30138
4.4923	2.76359
1.45059	3.95057
1.61137	5.24324
3.15815	4.66335
2.42186	4.45823
2.2789	5.32736
3.28863	4.93202
3.80168	5.34747
2.77069	5.38329
1.39764	3.85414
1.75295	4.24238
2.40311	5.50365
3.26411	6.26472
0.0854178	5.87522
3.1278	7.0398
3.63821	4.81891
0.428923	4.2195
2.65467	3.32933
2.87096	5.21654
2.3328	4.73859
5.05745	5.41081
2.09953	4.71981
1.22246	6.12438
1.07199	5.47246
1.24283	3.23899
0.943397	4.79717
2.53684	6.94173
2.02115	6.19105
2.77328	3.57069
1.9036	3.95378
3.85008	6.14226
4.02415	6.41848
2.13879	7.30442
0.643425	6.45049
3.22229	3.8971
2.53371	4.56024
3.39362	1.3184
1.59882	4.78279
0.660786	3.89133
3.26757	6.49256
3.05941	5.29196
2.47325	4.26431
2.42647	5.08476
1.40893	5.67889
2.99197	7.78079
3.14058	6.05625
1.32281	3.42843
2.92241	3.17581
4.2497	5.10912
1.94472	5.42998
2.95	3.77898
1.90308	3.64338
1.96183	3.4065
0.975414	6.33401
2.05007	5.15658
0.755083	5.20082
1.79691	5.86506
1.13613	5.2961
0.892754	3.75594
2.77291	5.43429
0.733751	5.17503
2.31691	4.64203
0.860241	5.82008
2.21141	5.81622
1.35477	3.76731
1.19793	5.87503
4.13316	3.95711
4.21932	5.621
2.01007	4.11215
0.598688	3.88212
1.80408	4.58209
2.40907	4.93634
2.54548	6.91971
4.34115	3.48844
8.94127	12.0625
2.67925	4.2351
0.822051	4.15385
3.01071	4.32948
1.65101	5.9848
0.627208	6.93475
5.66996	5.38366
1.5131	6.42213
2.8854	5.57409
2.47031	3.93614
2.09379	3.07432
1.31327	5.48761
0.652405	3.06875
-0.101592	3.53109
4.1014	6.02989
0.600457	5.03872
1.42111	4.98153
2.39353	6.25044
1.72302	3.8095
4.36505	3.63517
1.52398	3.75253
1.49861	5.41921
2.62486	3.99292
2.61981	4.42208
1.62273	3.03152
-0.221106	4.10565
3.43119	4.44855
7.45353	0.784389
0.338817	6.02323
0.856714	3.00773
1.22766	6.61304
3.04337	2.92033
0.00397645	5.39099
1.54116	6.18812
2.7223	6.06738
0.5732	5.17519
3.43913	3.52238
2.36546	3.7118
-0.000859017	4.24662
0.903016	5.57944
1.8807	5.61342
2.58664	6.05012
2.47998	5.24057
2.46449	4.90012
0.582865	6.74264
3.62464	3.72409
1.67583	5.41504
3.09625	5.09014
2.41416	5.14368
2.76703	4.23974
3.41341	6.88256
1.93432	5.18529
2.62363	5.64969
2.88737	4.62119
2.9954	5.37184
2.47339	5.64761
2.60035	4.30176
2.11879	3.80793
0.782689	3.80035
2.90273	5.85808
0.639649	5.49039
1.54966	5.84896
5.68165	-2.06254
1.61752	5.22084
1.2723	4.09079
2.45882	3.47885
2.31155	4.45419
1.89111	5.92713
4.46974	3.30905
0.80277	4.44166
1.09657	3.79041
2.43037	3.91324
4.16088	5.38559
0.581231	4.51244
2.68872	4.15833
2.90085	4.44124
1.48095	4.12885
2.12952	4.91333
1.27105	4.27333
0.272295	3.62873
2.68534	3.88581
4.2904	3.30237
0.672548	5.6823
2.63506	4.547
0.11976	5.67238
3.64996	5.84588
0.13929	6.35733
2.10923	5.61374
1.63962	5.30016
0.232594	8.30771
1.1243	5.63989
1.78171	3.85824
0.365528	4.45595
1.9084	5.22817
1.45371	4.3414
2.15927	3.89377
1.53197	3.5011
1.95194	6.85987
7.27233	0.696047
0.747107	5.61906
1.25327	6.2329
3.02024	3.69983
2.5419	5.87555
1.97923	3.62468
0.986635	4.01256
2.59982	3.84027
1.45044	4.12043
1.79577	6.38867
1.53511	4.20419
2.87812	4.22049
2.41964	3.24329
1.63455	3.65617
2.25033	4.09386
2.318	4.59932
3.44484	4.08751
1.00797	7.08185
2.86508	4.23122
1.4562	4.57568
2.8623	3.27719
0.394191	5.64017
3.38014	3.76837
2.92991	5.36714
2.45098	5.30066
0.487748	4.29072
2.26896	4.69608
1.73949	7.08049
0.451189	4.61167
1.2314	5.31514
1.5845	4.26144
1.2124	6.60082
1.04245	3.82122
2.54676	5.38381
1.69006	5.28055
3.07222	4.20053
0.14147	4.13246
1.92924	5.39416
2.09369	4.9325
1.95712	5.02713
3.59885	3.95095
0.661562	4.24579
4.90371	4.00758
0.715266	5.35531
1.65071	5.41858
2.43939	3.31669
0.554419	5.04629
1.77401	4.30595
2.59637	4.74026
2.68796	3.90629
1.03172	4.21524
-0.044254	4.07206
1.05872	5.449
1.8581	6.06414
1.80959	4.1077
1.91187	4.98342
1.79386	3.89896
3.22816	4.85555
2.61444	5.58915
0.417653	5.14797
2.26506	6.97129
3.68754	3.81732
0.121869	3.92027
0.794656	3.16953
1.35987	3.46185
1.93383	5.53815
3.5991	2.24941
2.76644	4.34283
0.632762	5.08718
3.01901	3.42203
2.35089	4.79241
3.93884	5.76514
2.08714	5.58683
-0.0928491	4.69943
1.18343	7.15182
4.06205	5.95258
1.38024	4.56719
2.78121	4.08614
0.575932	6.37435
0.463041	4.46318
2.1366	7.93828
2.41702	4.69356
1.95769	5.80115
2.68188	4.96499
2.0021	3.64837
1.01263	3.37774
1.70608	6.04194
3.14953	5.8577
2.18884	5.51392
2.38763	3.2458
1.57143	5.69464
0.55584	6.08471
1.12779	3.40558
2.06309	4.26091
1.13516	4.0487
0.349522	4.28502
1.18084	4.94013
2.81207	4.09986
4.36306	3.19557
0.447634	5.1099
1.813	3.67594
2.23687	5.15328
3.7624	6.40285
1.32156	3.73076
1.13929	5.8845
1.00263	3.84928
1.25005	4.90998
2.84275	6.38842
2.45634	4.99462
3.65441	3.33879
1.63494	3.86214
0.910303	3.0073
2.26009	5.38349
2.23128	5.79222
3.93772	6.97659
1.1652	6.81946
1.57293	4.42329
1.14679	4.80222
0.810857	4.79149
0.78163	5.19389
2.76975	5.28417
2.11648	5.16716
1.73983	3.07819
3.16755	3.96715
2.02426	5.47735
4.00923	4.37237
2.40589	2.98289
0.713251	3.75428
1.81073	6.00269
1.3677	3.77875
1.74157	5.62805
2.3824	3.74509
2.90079	5.53732
4.71378	5.79476
-0.0162266	6.03322
0.531485	3.73324
0.541711	4.0695
0.119862	7.3588
2.20456	3.3635
3.35756	7.61948
1.39775	4.50652
0.572523	4.8196
0.974476	5.9694
1.38495	5.7813
0.700161	4.76081
2.2474	3.02212
0.698537	6.28158
3.86117	4.4932
2.177	6.21964
1.33699	5.02816
3.10441	4.49376
1.99144	4.33563
2.94829	5.8526
2.89649	4.00703
0.298895	3.69489
1.82625	5.32776
0.347424	4.77106
3.06244	4.59283
0.883605	5.70157
0.881232	6.68129
2.77657	5.44488
0.905605	4.08089
1.50822	5.35667
1.34848	2.86988
0.384494	6.57549
2.2104	5.95042
0.579038	5.3448
1.56925	3.08202
0.549975	5.35104
1.49964	5.12036
0.780895	7.44104
3.40146	4.69305
1.78216	4.77642
2.16607	5.75974
1.40855	4.33431
2.56236	6.77592
2.53012	3.26318
1.35429	4.2845
2.76867	4.41169
0.672303	3.65145
3.65937	3.56618
1.92254	4.22289
1.93282	4.17393
1.2286	5.11291
2.39579	3.34186
3.91201	7.85649
0.512838	5.95268
0.602409	3.45447
2.72233	4.1752
1.65285	4.15542
1.09388	3.65154
3.48196	3.23373
2.21884	4.36337
2.18952	4.94706
2.09193	3.58086
2.25193	7.97229
2.85801	4.50734
0.583017	6.31279
0.471257	4.26216
2.78895	5.95443
2.2111	4.88161
1.54755	3.06537
1.71306	5.39378
2.5495	6.1594
2.51411	6.2659
2.15403	3.30781
2.48387	5.27325
1.00044	4.31053
0.675271	4.50506
2.9434	4.16719
5.06164	5.19125
2.3782	7.86035
-0.0706561	5.28974
2.08162	5.14212
0.520514	5.06346
3.08661	3.06631
0.487745	6.12795
1.10336	5.78214
-0.105912	5.28643
2.2042	4.21658
2.925	5.81255
1.97027	5.48849
1.56947	5.56312
1.54481	3.86843
3.47368	3.04374
2.57337	6.5363
0.535914	5.17759
0.748897	3.59137
2.48697	4.82213
1.19684	4.7786
1.91101	5.47719
1.75399	4.22572
2.39375	5.55306
2.2125	3.20157
4.67258	2.79665
2.66307	5.37637
2.59294	4.84144
1.64371	4.87438
1.79642	3.34288
1.51881	5.48663
2.92329	3.92836
2.83607	5.90337
2.4496	4.42861
1.129	7.74027
1.29054	5.65639
0.44566	5.85701
2.14501	5.75475
2.06795	4.19925
7.0962	2.85341
1.70596	3.45725
5.66552	10.8295
4.73197	3.56417
2.02135	6.7109
1.24282	6.22049
2.13958	4.17529
2.21129	5.17721
2.09997	5.57292
0.718008	3.4314
0.885821	3.38348
3.07531	2.39506
3.40503	4.18755
2.64788	5.18802
2.68632	3.31554
1.10596	2.83509
2.83115	6.24777
0.287544	5.43422
0.309254	3.34387
2.417	4.39366
2.60636	4.10531
2.42823	5.15511
1.8137	4.05487
0.754378	4.55085
1.43366	4.22956
2.96182	5.72212
0.892542	4.4848
3.18018	5.2123
0.351721	5.30874
2.30873	9.26054
1.42911	4.53804
3.85685	3.76082
2.16291	5.40142
3.37103	5.2789
2.99106	6.98115
2.7397	5.89888
3.02819	4.57787
3.80447	5.51287
1.09759	5.26028
2.18692	4.89775
-0.126808	5.92361
3.27938	7.25486
1.24417	3.06434
2.82662	3.06871
2.23797	5.11322
4.25984	5.09786
0.890022	4.02467
1.42048	5.39871
2.38129	4.55357
2.34873	4.98796
2.59848	5.78404
2.1144	5.94119
1.21018	5.26098
4.2016	5.90964
1.11298	5.14785
1.69952	3.68776
1.7834	3.60106
1.17727	5.08701
1.42576	5.54317
0.396366	4.67962
2.70667	5.27283
0.76069	6.26951
2.02578	3.45073
2.64374	5.59345
1.63537	5.7991
4.79523	5.00763
0.411651	5.73254
14.8329	-3.99232
1.81852	3.51222
3.90039	4.36049
1.56847	3.17798
0.549838	5.07366
1.90471	5.00389
3.78222	3.08495
1.14011	3.13319
0.491428	4.96252
0.698372	8.24242
1.56241	3.24032
2.68445	6.05323
2.99558	3.66503
1.94683	4.80547
3.20948	2.89466
0.769753	4.68804
1.36135	6.98679
3.59856	5.12445
2.67157	4.51582
1.07484	4.35704
1.70336	5.67056
2.00659	5.40371
0.789635	7.95459
3.38966	4.18718
0.45573	5.12797
1.82008	4.87241
2.92842	5.62597
1.54272	5.77618
1.48539	3.22028
0.858252	5.75058
1.11841	5.27372
1.87393	5.99352
0.212215	5.91329
0.0195584	4.81361
2.73499	4.8535
1.50598	4.74013
2.39329	3.33851
2.7092	3.64032
0.0687206	5.50232
1.56064	5.67967
2.49345	3.07393
3.52635	5.94109
1.8969	3.59142
0.330266	4.95498
4.10582	3.80408
2.29466	3.27634
1.53672	3.61408
3.33542	4.31304
0.165419	4.83658
1.62061	8.87653
3.09746	3.20408
3.28099	3.40052
2.95527	3.66363
4.36452	6.24408
0.998346	5.50238
0.836301	3.93306
2.69818	4.02665
2.17393	3.3264
0.340023	5.50307
2.6547	5.01715
1.86706	3.92556
2.22965	4.65971
2.46628	3.46337
2.51434	6.21245
2.21588	7.07118
1.28687	4.03126
2.17028	3.46566
3.57503	6.3526
3.38036	6.49079
2.36791	5.54928
2.71834	4.38028
1.43056	7.15656
2.1072	5.22387
2.96076	3.59641
0.802905	3.96039
3.93227	3.70141
4.11645	2.26835
1.94946	5.23378
3.08242	3.90539
2.41591	4.13149
1.43781	4.29459
1.23612	3.12208
2.86693	3.15467
3.78943	5.60738
0.636866	5.60351
0.572547	3.49708
0.0350789	4.99319
1.01194	3.89291
2.84277	3.34924
3.02565	2.99823
2.70294	3.60981
2.22429	5.6074
3.06925	4.51754
3.02428	4.22252
0.600751	5.11236
2.88163	3.64315
0.672099	3.82776
2.53704	5.93765
1.55003	3.5397
-0.121271	5.48148
0.306773	2.95743
5.04407	4.41536
2.30505	6.20636
1.92901	4.10332
0.689363	7.0207
2.70244	7.48283
1.84904	5.51708
2.35095	6.97092
3.71368	4.63789
2.64251	5.31724
2.29336	3.68014
3.10646	4.14016
1.51935	6.54802
3.21369	4.43197
3.6921	4.32508
0.43421	6.18962
1.60055	4.22808
1.70197	4.18088
2.71606	6.55345
7.23575	5.50296
1.40614	5.32476
1.89178	3.50907
3.48671	3.60375
0.803227	5.74002
3.26999	3.66991
4.29125	3.94102
2.10666	4.89258
1.50176	3.23775
2.11139	5.76253
0.694545	3.77431
0.234822	4.34271
3.57846	5.71519
3.06508	4.57742
3.06459	5.99062
3.64342	7.29144
2.13145	5.27383
1.92389	3.9038
3.27934	4.06447
0.126303	4.44951
1.35006	6.57382
2.27564	5.60688
2.50289	5.35573
3.04201	5.44707
1.24885	3.44448
4.11962	3.56304
1.77996	5.27132
0.016259	5.24594
1.27961	5.02716
3.31213	5.73767
1.11752	5.12618
1.40428	4.12917
1.1309	3.83963
2.76144	4.54033
0.893536	6.54311
0.976574	5.57588
0.792913	5.25523
2.77047	4.61032
2.45342	4.07678
1.68291	3.8554
2.67556	5.85377
2.2247	5.81176
1.92415	4.65862
0.0994338	4.69471
0.197018	6.46995
2.9439	3.23912
1.13649	7.39091
0.764727	5.96224
1.6649	6.12289
1.70555	4.37171
2.22558	4.59477
1.64574	5.33863
0.990718	5.63224
3.32369	6.25198
0.261113	5.55285
2.1491	3.72664
0.327868	5.89902
2.5405	2.97889
1.68924	5.87849
3.91943	4.91517
3.41126	4.22573
2.44187	7.05703
3.8989	5.53274
2.5374	3.88059
4.32821	3.77216
2.58224	3.43565
1.48015	5.07903
3.21095	4.68568
2.15953	4.25749
0.491983	4.76824
1.83386	6.7841
2.92497	5.14935
3.36502	6.54202
2.63903	6.00049
2.86844	4.65751
2.07905	4.17028
3.92511	3.60276
1.8927	6.51315
3.79161	4.50296
4.54892	5.96688
2.88001	4.19931
3.49205	5.71889
1.8493	7.59198
0.884472	3.89277
-0.169618	4.47852
1.68959	4.17008
2.64463	3.43226
0.204455	4.37936
1.76798	4.48718
3.19938	2.87469
2.13114	2.83603
0.735102	3.58259
2.40013	4.6439
2.84982	3.12665
1.79866	4.79553
2.52804	5.87167
2.92144	2.72314
1.44615	6.56097
1.11606	4.57367
2.09445	4.51546
1.52185	3.47672
2.33071	6.32926
1.95786	4.01507
1.58052	6.50561
2.86931	5.17949
2.63855	4.34977
1.77214	3.04222
1.67377	4.6373
1.32477	4.98056
1.1938	4.97431
1.97038	6.91067
2.05416	5.83448
1.88743	5.42128
1.60454	5.52849
2.1349	5.99086
2.91898	5.61078
1.38226	4.66024
1.49936	3.46805
2.30642	3.41163
2.24131	4.97373
1.6464	3.36356
0.779144	3.22943
3.31948	4.18318
2.77676	5.88936
0.675505	5.52204
0.847259	4.26558
1.33828	3.82343
2.02657	5.19071
2.83401	4.81027
0.985616	5.59032
0.702349	3.58312
1.33959	3.64345
2.83627	5.00436
0.452676	3.73817
2.02752	5.52076
3.01308	3.83185
1.04238	6.10541
2.34985	8.72048
1.57495	8.12559
0.683962	4.71433
3.53654	3.77261
0.802121	6.14122
1.55584	4.87998
1.79977	4.1831
1.36723	6.44191
2.68906	5.31145
1.72048	4.38113
1.81564	3.97424
1.36234	10.3791
0.449984	5.01622
0.485921	3.26484
1.8668	3.82238
4.47796	5.6193
0.237501	3.45822
0.436017	3.45645
1.49092	3.75172
1.53912	3.95139
3.80811	5.49891
2.50153	5.77792
2.98461	7.03044
2.49396	4.25366
1.67417	3.4024
2.4036	5.99655
1.55115	4.19499
0.390387	4.88708
2.31983	5.12286
1.62326	6.71003
5.02249	4.00571
2.40628	4.38291
1.05583	3.96059
1.77131	5.43539
0.911884	6.06402
0.123847	3.07518
0.397447	5.02354
2.89499	5.67873
2.82312	3.89456
2.72063	5.69211
2.07455	5.61593
2.94445	5.77142
1.79303	5.60899
1.43707	6.48614
0.574963	3.84381
0.261658	4.0288
0.901421	5.82016
1.28977	5.80616
0.643557	3.64758
2.20418	5.51341
-0.00341766	6.80367
2.8272	8.39002
2.37261	3.41153
1.5986	5.70535
2.06261	4.14031
1.97869	6.24493
1.72196	3.41594
3.21775	5.05686
2.59774	5.17864
2.2223	3.03022
0.431822	4.01956
0.445111	6.30963
4.58996	6.28494
0.672178	5.31224
3.69927	5.36069
1.15588	5.61731
0.0440377	4.74696
0.253349	3.43254
2.39976	5.74103
1.50419	6.46556
0.617246	4.04865
2.48632	5.54364
1.81184	3.62854
2.85357	3.1703
1.09493	3.53949
0.879117	5.55172
2.18858	3.21083
1.02367	6.47174
1.59073	4.14184
3.03265	6.06663
1.86385	7.02782
2.40101	3.63302
0.235285	3.46004
0.0538599	4.15048
2.06046	4.06639
1.95557	4.30503
1.5594	4.31659
0.392642	5.10316
0.964159	5.76797
2.70795	5.8571
2.83448	5.61345
1.45354	5.82858
1.4781	4.21125
0.775934	5.73833
2.3253	4.66221
2.64779	5.14441
1.68165	3.90342
1.50131	5.5644
2.37097	3.12689
3.92647	6.36905
1.54658	5.44836
0.558047	5.81043
2.27865	3.58057
3.27345	4.15888
4.21202	2.61987
2.13301	4.96592
1.59809	6.49407
1.35457	5.26197
2.13622	4.55745
3.36268	5.25613
1.13523	3.9319
3.47398	7.31212
1.66876	3.59855
4.14409	6.30821
2.19556	3.33557
2.2289	6.11536
1.63913	5.0551
2.44469	3.76115
2.69451	4.64316
2.6017	5.48282
3.19259	5.38935
1.06529	4.11476
3.64754	3.32408
1.06334	6.9302
0.485716	7.18559
0.567731	3.83328
2.8031	5.18565
2.83394	5.59182
2.12687	5.14824
1.59646	5.70453
2.07034	6.42656
3.86318	4.25612
4.24824	5.69135
3.70941	6.89212
3.08227	4.95418
2.71369	6.38246
0.923309	5.43001
0.91865	3.36935
3.94959	7.13601
2.06241	6.23982
2.01375	3.9409
2.99511	5.28672
1.03728	5.93603
0.368266	3.70931
2.87925	4.8167
1.03132	5.04537
2.84147	7.20326
3.21672	6.21261
2.33498	4.90779
2.81538	4.45162
5.95738	5.97507
1.94085	3.36943
2.44291	5.50416
0.956767	5.11107
0.589187	5.66573
3.21405	5.50093
2.6788	4.10323
0.678623	3.98601
0.947373	5.90367
5.18642	4.14396
1.49778	5.16038
0.921897	5.75743
2.70393	5.04077
0.157762	6.52091
-0.00239599	2.80557
1.42612	5.01083
0.415114	4.53907
0.933611	4.63518
8.54053	7.03279
2.86881	5.44647
2.8746	4.42037
2.19511	3.28523
4.11547	5.63871
2.68906	3.51359
1.27713	4.29559
3.83592	5.29011
0.548759	3.53143
1.26809	4.22423
2.88461	5.82269
1.62823	5.29556
3.67098	4.39986
-0.209475	5.05057
2.05125	5.82927
1.17529	3.43075
0.335038	2.9373
0.878843	3.12611
2.5882	4.54102
3.52565	5.23039
2.89837	3.3317
0.23197	3.96895
0.776142	3.94218
2.32096	5.48471
-0.037005	6.41013
2.42668	6.05516
1.79325	5.19937
2.38183	3.03595
1.32807	6.17676
1.8801	3.08711
2.16222	4.96531
2.38907	2.84921
0.769052	4.92757
3.89973	6.11827
2.38428	5.6876
0.227168	3.38601
0.633475	3.69516
2.20758	5.12805
2.15059	5.58614
2.81315	5.73339
2.38401	5.20207
2.00802	4.53026
1.72895	5.46347
1.10807	7.33636
0.328035	3.34989
0.636825	6.23517
4.22792	4.25414
2.79963	4.68753
1.27873	4.72285
0.256298	4.37895
1.3137	5.10923
1.69192	4.77402
3.01124	3.30122
4.10817	4.03084
2.7248	4.99129
0.743331	3.06093
2.55161	5.61322
2.3665	4.35691
3.72127	3.92274
2.28733	3.63214
2.12774	3.32847
1.88865	6.36388
1.46413	3.29517
0.552213	3.86678
0.709113	3.93224
6.88895	6.11678
0.949641	5.33261
0.07977	5.47878
2.30927	3.48644
2.0114	6.2885
3.31211	6.44707
0.00121501	4.45795
1.83737	4.23317
1.14343	4.75818
2.74694	4.607
3.45499	5.78216
2.16918	5.58026
3.46082	4.44254
0.224651	5.59515
1.46032	5.64269
3.62278	3.59479
1.13935	6.25721
2.32204	4.2676
2.62853	5.57115
1.5331	3.79319
1.44942	5.76537
3.25147	5.97138
1.14864	4.93651
0.897552	7.33935
2.70118	4.61289
1.14451	6.89076
2.25254	3.61991
1.30095	6.87869
3.27323	6.67882
0.253322	4.86105
0.683385	4.92666
0.423578	4.71881
1.51894	5.72961
1.05818	5.18365
1.71786	4.93232
2.58317	5.63199
1.34832	4.80541
3.53126	5.02636
2.98938	3.94888
0.0363159	4.03692
1.10748	4.90909
1.92539	3.72071
2.26498	5.45108
5.19695	6.54906
0.15483	5.77103
1.94034	4.58578
2.21983	5.43105
1.40853	5.55621
2.99743	2.21618
2.16644	3.32602
1.33749	5.7318
1.53953	5.23565
1.3894	7.02682
3.02748	7.70383
1.6269	4.72607
1.56062	6.42861
1.84985	6.28544
3.06708	4.56566
2.02589	6.53065
3.83851	6.02776
4.44767	4.29377
3.22318	3.57398
0.632939	3.43947
1.11489	4.67184
1.43823	4.17814
0.255968	4.47226
1.96695	4.48421
3.32882	4.46401
1.77682	3.28932
1.42564	4.62302
2.66863	4.3828
0.77017	5.39916
0.143912	5.95762
1.25264	5.55925
2.57652	5.18839
-0.0544785	5.30329
1.86544	5.79841
1.87096	3.58218
2.0802	5.31346
0.191936	12.2474
-0.0109143	5.88541
3.02167	7.3185
1.77755	4.94547
2.36644	4.1696
2.38556	6.52914
0.0473022	5.04441
2.7241	4.42923
1.11822	5.00461
1.16585	3.69417
2.17772	6.29472
1.86001	4.51477
2.57203	5.45407
0.262047	5.05282
3.80814	5.65342
0.86368	5.06921
1.80759	6.9728
0.872803	5.35898
1.86253	5.67242
2.37896	4.80314
3.7015	6.56868
5.82167	1.61301
1.68004	7.14529
2.43023	3.41071
0.192487	3.28928
1.89547	5.45393
2.571	3.29914
1.68078	7.90127
1.79843	5.49356
2.93826	4.10996
2.96076	4.88973
3.34374	3.61335
2.14265	6.65597
1.72772	3.56857
5.87476	5.35091
1.62087	3.56177
2.8791	4.99618
2.10796	4.00698
2.38898	4.34528
0.698478	6.99005
3.73519	4.72987
1.49582	4.94311
2.27928	4.45362
2.08109	5.27565
0.623062	5.71975
0.964043	5.4101
2.23481	4.19098
0.534667	4.40471
2.13247	3.73263
2.65292	3.27946
2.06038	5.56798
0.942398	4.56876
4.07018	4.72944
2.6465	6.22408
0.646754	5.48691
2.83241	3.22288
2.72015	4.04375
2.57726	4.62388
4.30601	3.77809
4.66437	8.06138
1.96906	4.41867
1.74779	5.5626
1.75819	3.02817
2.84144	3.51399
0.758911	5.37192
1.93749	7.25892
1.46224	5.53217
2.91976	4.92455
0.270669	4.79119
1.75583	7.66388
1.87394	4.65289
3.07092	6.93525
0.794323	3.63879
0.935615	3.06382
2.54489	3.0411
0.926687	5.13744
2.73101	5.0054
2.14173	5.22174
3.53004	4.61028
4.06202	3.6453
1.17846	4.01866
2.02315	3.60251
2.50846	2.86633
1.55242	4.46972
3.90182	4.24242
0.88725	3.87499
2.98788	4.31661
3.0517	5.95677
3.33642	4.08763
2.67917	5.59191
3.34899	3.47685
1.95777	4.55771
1.83045	3.65694
3.21875	3.94539
2.26189	5.17293
3.77955	3.57262
1.77297	6.16418
1.83776	5.85064
1.798	5.83758
1.54939	4.21875
2.45969	6.41084
2.5714	6.13633
3.6997	7.16874
3.31313	4.11648
3.29155	4.23024
2.68265	5.55407
2.17253	4.27869
3.0779	6.71316
0.099223	4.44121
1.15085	4.73825
1.7725	4.23817
1.19124	3.22469
2.27392	6.67884
1.93734	3.19605
2.64894	6.3791
2.84711	4.44689
1.5566	3.6273
1.06572	5.56033
1.89416	5.64042
1.74795	4.3078
0.650891	6.18238
1.41638	4.97333
6.2369	4.23594
2.91171	4.07433
1.19127	4.22122
1.07525	5.1484
3.05112	3.83387
3.20906	6.09016
2.52076	4.60732
0.675911	5.61894
1.43965	6.50406
2.50554	5.5036
2.43837	5.11465
1.83543	4.22902
2.26087	4.95909
0.363233	3.16158
2.60338	4.16384
0.800275	6.50635
1.11681	5.78155
3.31615	5.69074
0.441358	4.9736
2.00656	5.42749
2.67608	5.06706
2.89849	3.30515
5.03467	3.64403
1.12402	3.63184
0.984126	4.63783
2.99413	5.909
2.241	5.3991
2.9741	5.22872
1.54467	4.22839
3.63021	5.445
3.17345	4.93871
0.915599	4.60571
1.67828	2.95239
2.80686	6.04796
2.6237	6.88809
1.67923	4.89902
4.27206	4.04297
2.4742	3.00405
0.754738	5.24278
2.13675	3.33145
2.21256	5.14378
3.03443	5.08783
3.4623	5.33012
1.48567	5.57994
3.35541	3.2865
0.762266	5.39256
1.50562	5.16845
2.11976	5.12327
1.89308	5.95126
2.37402	5.67611
2.23306	4.20839
2.27287	4.09451
0.779181	4.94187
1.20681	4.66913
2.83454	5.70088
1.83772	5.67083
1.23782	4.82101
2.99138	5.65291
3.4448	5.91772
0.161278	3.51346
2.40817	5.45731
2.537	5.74769
2.14559	3.91499
2.27147	3.97038
1.19121	4.42312
1.40104	5.67995
3.42951	2.97379
2.8391	4.74222
0.645551	4.46745
3.29495	4.89059
1.56527	3.30578
2.49441	4.58285
3.35426	4.91067
0.440392	5.02337
0.165506	5.28044
0.0692206	3.93711
2.29716	4.76827
2.331	5.8081
1.60888	5.367
2.12739	3.94918
2.27586	6.53164
2.74506	6.9516
2.9812	3.37084
3.98904	5.92443
1.82617	3.69934
1.44738	4.24726
2.22258	4.86753
1.41096	5.69906
2.78488	3.76879
1.51504	3.75689
2.58595	4.42241
0.336871	3.01899
2.68708	5.55683
0.317873	4.97616
4.02827	5.42529
0.3871	4.60147
1.32456	5.79993
2.23773	5.03331
2.37951	6.40458
3.55858	3.01007
2.909	4.60069
0.970223	3.49085
2.42938	4.1536
2.95787	4.29266
3.78731	4.87957
2.8526	5.66502
3.0306	5.30434
2.52828	3.54402
2.30723	5.22557
2.17793	3.11907
1.90656	3.84229
0.973086	4.36736
1.77979	4.97248
1.27037	5.7666
0.493199	5.33062
2.68758	5.18912
3.24732	7.10071
0.172824	5.11367
2.52743	5.975
1.91028	3.87922
0.0175151	3.76739
1.45379	3.42128
2.74082	3.25312
2.94195	4.71472
0.560144	3.4484
2.58706	5.58817
0.537553	4.75821
2.55898	6.70129
2.53149	4.73624
1.70591	3.50021
2.17156	5.73387
0.628131	3.86396
0.716018	4.98646
2.16391	6.84189
0.701548	4.35947
0.631624	4.63959
1.13047	3.77165
2.59302	5.22091
1.36254	5.07832
1.94544	3.11388
1.94217	4.30358
1.74238	3.721
0.342833	5.19396
2.32378	5.35992
2.429	5.37348
2.58088	3.50972
0.432598	3.46346
3.09878	4.89644
2.00339	4.24207
2.66214	5.70391
1.83596	5.74418
0.645729	3.84247
2.61284	5.25813
2.50127	4.94247
1.95575	3.67723
1.54274	3.34371
3.47149	4.38317
0.788832	4.31831
2.43989	5.40401
4.60449	3.48819
0.917968	3.32584
1.0514	3.37012
0.83435	4.52541
2.65184	4.75119
1.71429	6.43858
3.13206	4.64068
1.01601	5.39163
1.73069	2.99616
2.24856	3.52444
2.59957	3.1686
1.57522	5.53931
3.85819	5.83654
0.313759	2.91545
0.62275	3.18884
1.59212	6.42613
1.35292	5.00332
1.33947	6.7561
3.2557	4.74041
0.360102	5.20852
2.40752	5.58096
1.91035	4.55198
1.45476	5.13128
2.08729	3.988
1.25523	3.5682
2.14271	6.18445
0.993185	5.85601
2.26892	5.84041
1.71768	6.22538
3.41644	2.54684
1.41486	3.72684
1.52343	5.17888
3.02858	6.07937
2.51531	6.64791
0.58303	6.8113
2.41901	4.52746
2.64592	5.3873
2.73566	6.01594
1.63264	5.93056
2.59919	5.77199
-0.00263394	6.03924
2.92133	6.1485
2.82879	5.80071
2.28106	4.75028
2.57339	4.06236
2.07295	4.94103
2.61156	4.83756
1.51579	5.45882
0.598629	3.67165
2.75408	4.99776
2.32368	4.98514
1.87131	4.15674
2.79097	3.17004
1.67384	4.12645
2.49162	6.99916
3.87778	7.17616
0.0513572	5.44897
2.50433	5.00293
1.53563	3.67155
2.81088	5.94207
0.560434	4.9632
4.78494	-2.76671
1.80124	5.2692
3.53268	3.63201
2.66354	4.09963
0.638801	5.88716
1.39854	5.33758
1.54268	5.60058
0.919941	4.25751
2.35638	3.0491
1.06988	4.89013
2.64122	3.90019
4.45022	3.4747
2.33394	5.84497
2.09381	4.40304
0.851408	4.38991
2.20388	4.37352
1.84895	6.38417
2.84225	7.38787
1.45696	4.97617
3.97237	6.12217
3.65912	4.68131
3.56248	4.61219
3.99166	3.99305
2.34533	5.74041
2.29094	3.8865
2.10241	4.91684
3.98295	5.4004
0.622089	5.52385
1.57469	6.78268
3.79456	3.12893
2.66221	3.55066
1.52772	4.77581
1.87814	5.46456
2.0126	4.4704
1.11147	6.49063
0.934083	4.08204
5.21221	0.0817302
1.9806	5.56611
1.5827	4.09515
1.92192	4.26124
1.67072	5.64429
1.64889	4.95116
1.99688	6.045
3.46319	4.43375
1.85613	5.1698
2.73016	3.9691
2.52507	6.35551
1.72832	4.01928
4.19456	6.46077
1.67931	5.71478
2.3157	6.80966
2.97099	6.27971
2.79879	5.71843
4.24609	5.24957
2.8367	5.3651
2.0987	7.48378
3.03185	4.56306
0.543545	7.4262
3.3958	4.89317
0.399617	4.88705
3.15749	4.05234
3.46948	5.43495
3.76637	3.00692
8.32124	3.43214
0.845517	3.80005
2.56294	4.47785
1.96578	5.2588
2.91107	5.4115
1.92955	5.82967
2.59572	5.20728
2.2282	5.86373
3.05854	4.30287
2.38301	4.28816
0.848854	4.11943
2.29375	4.24443
4.14173	3.06526
2.86477	5.939
3.82101	5.54984
1.78317	5.40399
2.20364	5.67978
0.491077	7.23073
2.38032	5.83961
1.32651	4.65926
2.47002	6.3765
2.36723	3.35535
3.30936	6.32549
3.75362	0.363087
0.769431	5.24831
0.338266	5.13887
3.50762	3.55367
2.61334	4.44934
3.91402	5.38133
2.74438	6.19454
2.66353	6.12956
1.63369	6.00594
0.79864	4.57496
1.07327	6.10067
2.36704	4.21033
2.30352	5.84802
1.35999	3.67109
3.43877	4.74861
2.81164	4.43154
3.7138	5.07237
2.91688	5.41305
1.70792	5.89924
1.0702	4.1165
2.30298	4.6076
4.00093	7.81422
0.496566	5.83347
2.60967	5.05201
2.71865	4.29376
0.541745	4.91417
0.805549	6.50624
2.87653	3.25893
2.98922	7.06883
2.05544	5.63412
2.96745	4.87415
0.129995	7.03761
0.996436	4.20589
3.02932	6.33679
1.53605	5.99976
2.63467	4.34771
3.03215	4.12105
3.9446	5.31652
3.00285	6.33441
2.48348	3.40308
2.91602	3.57308
2.66662	4.15491
0.693854	5.34315
3.35658	4.43713
2.57094	4.54748
0.539759	4.03712
1.22732	6.22217
1.44497	3.88195
3.63954	5.30155
1.12702	4.70193
1.65851	3.80193
3.17185	5.10823
3.16295	4.5985
1.89668	7.8876
3.13111	5.16708
2.44528	4.89112
3.11752	4.54749
3.13889	3.63542
2.55527	5.888
2.75194	7.43031
2.21123	5.07689
1.59161	5.6352
1.27168	6.76098
1.57184	3.88239
0.761254	6.40595
1.14029	5.86596
1.86752	5.52819
3.13346	4.34165
1.51156	6.05292
0.76689	4.48094
0.572032	5.86727
2.51507	4.90677
0.148133	5.62997
1.6988	3.57665
4.30201	3.04712
3.87213	5.08845
1.14942	4.83239
1.25565	5.02092
2.67677	5.47136
1.71253	3.32107
1.60852	6.33632
1.4355	5.82437
3.15172	5.37447
2.08339	3.07086
2.27461	4.44102
2.2723	5.1322
1.87318	4.00134
2.3552	4.91223
2.4217	4.12855
2.51782	5.08512
0.990014	6.14079
1.64001	5.5004
0.573912	4.07988
1.40431	3.31149
1.54153	3.08691
0.441283	4.25448
0.890638	5.55134
1.20316	2.89459
1.21196	5.70599
0.977495	6.19693
1.50954	3.85675
1.41232	3.07024
4.1494	4.71483
2.70285	4.74686
1.89523	4.70555
1.88006	3.33011
2.74759	5.06527
0.694851	5.49333
2.91444	5.81066
2.04205	3.04161
2.70839	3.48477
1.32806	4.18825
2.01247	4.94916
0.809796	5.1177
3.18873	4.15469
3.08117	4.94556
0.470157	3.76016
1.79597	3.98162
0.770246	3.20143
1.16758	4.58497
0.475182	4.69281
0.657097	3.32056
2.01818	4.81936
1.0529	3.62233
2.34074	5.25592
2.15024	4.69561
1.66374	5.38352
2.01583	4.25304
0.264109	5.03544
1.65251	5.17237
0.795672	5.78963
3.59775	5.10211
2.01942	3.61891
1.26124	3.62652
0.771258	4.53278
2.0563	5.86841
0.537653	4.79896
0.864734	4.46124
2.84135	3.05287
0.538101	3.19461
1.67646	5.57952
2.51555	3.70037
0.650847	4.97191
1.91465	5.60622
2.66135	3.71835
-0.0980515	4.84557
0.204595	5.62501
1.23237	5.06744
3.83663	4.63025
1.63769	4.5363
2.04301	5.87268
2.47739	6.55351
2.04003	5.51075
2.92187	4.40339
1.56697	5.60368
3.54501	7.09731
1.32666	5.94842
1.00082	3.77703
4.05487	3.42658
1.50285	3.55645
2.18963	2.93537
1.62394	5.41083
0.78259	4.68637
0.385922	4.49442
1.82624	5.97333
1.68942	3.98526
3.10651	3.32861
1.12884	4.42073
1.81743	3.84239
0.0882693	4.28338
3.07298	5.89633
1.53589	4.56039
2.43566	4.37671
2.21479	6.99358
4.45986	6.26471
1.00818	5.25908
1.36347	4.0991
1.88239	3.56136
0.858291	7.09876
2.74218	5.3892
1.49531	5.35156
0.46576	5.71301
2.07402	4.80942
0.639467	5.0147
0.0453095	4.78585
1.16502	3.15026
2.60202	5.77679
2.87744	4.15004
1.82694	3.44109
3.96281	3.1778
2.70404	3.74391
2.47175	4.36358
1.81415	2.93239
1.93448	4.66985
2.31064	5.02604
2.23129	5.0792
2.4384	3.6467
3.15617	5.32539
2.26102	4.71149
2.64181	4.96656
2.13183	6.11651
0.598447	5.77247
3.19281	4.71703
0.710845	4.59631
2.49863	5.26893
1.11478	3.70777
1.8064	5.21215
0.466527	3.55067
2.49131	5.76375
1.33642	4.05692
0.693953	5.64772
0.521889	6.05512
1.65395	5.64987
2.20572	5.76746
1.98557	3.45526
1.49809	5.81497
4.07691	6.36908
0.945893	3.66008
2.23737	3.87808
1.5084	3.77378
0.0780912	4.32249
2.41281	3.5158
3.15865	4.45657
2.46041	5.81051
3.21447	2.92539
2.1301	3.33214
-0.167905	3.30795
2.25656	5.49748
2.42754	4.2202
1.80792	3.91974
2.73691	4.76125
2.11445	4.96963
0.646463	5.83273
2.07867	3.49005
1.79689	3.81814
4.92818	2.35974
0.643035	4.84521
0.525887	4.33091
1.70287	5.37528
0.79147	5.65901
0.403915	4.7542
1.62243	4.49384
2.37575	5.69079
2.90304	3.24995
1.18016	4.96245
1.96264	6.03656
1.41231	4.18691
2.63823	5.19308
0.849268	3.96985
2.90269	4.00583
1.05839	3.79562
1.53905	3.0824
3.52882	5.54494
2.92639	3.07988
1.1091	3.38879
0.756308	5.23105
1.28662	4.04983
2.31041	5.1295
2.82565	5.55507
1.48102	5.14689
1.49229	6.79575
0.58983	5.31957
0.533696	5.28966
1.3437	4.23594
1.45627	3.87552
2.32316	6.16696
1.90242	3.20212
4.72971	3.37412
3.31907	4.98413
2.09652	3.15478
1.2285	5.35427
2.31027	6.00694
2.09503	3.25964
3.08384	5.6826
3.52737	5.20046
0.847379	5.80994
1.8637	5.28779
3.07091	4.30153
1.5304	3.41698
2.25318	3.65544
4.10675	4.57085
2.04111	6.50933
1.32522	3.97514
1.35637	6.59537
-0.0817584	5.80458
1.78716	5.60167
1.91299	3.96988
1.4705	4.79234
2.02741	5.09695
1.45938	4.00866
1.95036	4.28967
0.88984	4.75703
1.01596	3.16095
1.86129	4.69898
0.353011	5.09299
1.486	4.36147
1.62774	5.681
1.42373	5.75703
1.95739	5.46136
2.9285	5.3931
2.63982	4.26209
1.90572	4.03793
2.93847	1.682
0.47348	5.68761
0.466707	5.84493
1.40347	4.41356
1.08464	4.00994
1.69279	3.37806
2.76562	4.04452
0.911638	6.06483
1.52288	5.34871
1.41169	3.026
0.794971	6.0924
2.01601	4.80203
0.664472	5.57224
0.15424	4.03165
0.663168	4.57959
1.73317	5.84917
2.56938	7.0135
6.27632	3.11493
0.908327	4.58489
2.35407	4.56534
3.0928	4.35404
3.20298	4.25074
3.55096	6.57201
2.99387	3.48948
0.733102	4.90149
2.90994	5.76665
1.39615	4.61517
2.83678	9.72739
0.607985	5.70205
4.46012	2.08191
0.692502	3.20704
1.63489	6.13947
2.27622	5.45018
2.82711	3.92353
3.59957	4.8648
2.36385	4.62475
2.39699	7.32037
3.29743	7.30002
1.75451	3.29852
1.42814	3.86053
1.25115	5.81307
1.35341	4.83896
1.33616	3.66646
0.988633	2.97974
0.655098	4.02223
4.34214	5.41549
2.66788	4.53844
2.97172	5.4739
1.05006	7.07206
1.75662	5.4264
3.31085	6.82729
2.10909	4.42375
1.84839	5.00464
2.19445	5.56564
0.83194	3.37443
1.59202	4.49559
2.08261	4.22967
1.57463	5.3419
-0.112073	4.52127
3.29616	3.60098
0.672749	3.77872
2.03613	3.22931
2.76941	5.59175
0.368045	3.68805
2.43479	5.74022
4.00434	4.29108
0.363456	3.29129
0.412951	6.13459
3.04784	8.00477
2.66104	5.23152
0.299286	5.1154
0.870807	4.82744
0.858423	3.74089
2.9623	5.7518
1.20059	4.54778
2.18717	5.45191
2.50214	4.71354
1.9957	6.54172
1.47666	4.03548
0.369837	5.40789
2.13198	5.47284
0.253665	4.06999
1.02569	4.81363
1.23693	4.79503
1.76651	5.21752
1.53144	4.36624
1.7274	3.98581
2.52881	3.88925
2.34795	3.29515
1.73755	6.59133
2.57874	5.16081
0.0887825	4.20206
4.0548	5.54129
1.39388	3.81786
1.59358	5.12099
1.85653	3.78601
0.842758	3.23322
0.521661	6.07304
0.799443	5.13176
2.34091	5.1839
1.75179	5.74348
1.50135	5.19288
2.42851	4.29498
2.62314	3.88107
1.90051	5.46747
-0.151824	4.44423
2.25414	5.56792
0.475276	5.6743
2.97671	3.66266
4.15709	4.12778
3.36338	5.63946
2.62583	5.0674
0.306156	4.41699
0.766076	6.49242
1.27532	5.6746
2.01318	4.83413
0.808346	3.60506
3.32047	2.11925
0.767291	3.9144
5.2571	5.72531
1.98369	3.91085
2.17723	6.28398
0.0385446	4.37737
3.72543	2.16506
3.7592	5.93454
3.40519	4.07174
2.6516	4.92648
2.57793	5.00078
0.975361	5.52693
1.43426	3.98027
0.337927	4.63764
0.208211	6.80628
1.10283	5.8913
2.6789	5.49854
2.00696	3.94665
0.454686	5.39886
2.46814	3.56819
1.84086	4.54095
1.85596	3.5451
3.58386	4.10104
1.71741	5.12114
2.34085	3.71196
3.23897	2.78674
3.13705	6.0651
0.723021	4.52751
1.86661	3.8512
2.85469	4.01501
2.38563	6.02792
3.12011	4.98536
0.781543	3.27626
0.127447	3.65079
2.21013	6.93694
2.37398	5.68997
1.68483	7.34198
2.64984	3.55754
2.86644	3.404
0.897108	6.01293
2.33526	4.87611
0.416563	4.73445
2.84926	4.74432
2.59523	3.9849
0.562572	2.91984
1.47814	3.48439
0.473149	4.20278
2.06427	4.98215
2.52755	6.03915
0.109077	5.30517
3.78688	5.01925
3.40353	3.66003
3.12413	3.66983
2.10841	5.23769
0.144236	4.47887
8.17101	4.03937
1.97587	5.84979
2.69754	4.74936
0.410142	7.69536
2.68978	3.65846
1.65003	5.45326
4.70314	8.07638
0.29846	3.08861
1.01339	4.26141
2.63494	5.25078
1.08984	4.82973
2.50638	4.59521
0.569563	3.99864
1.50462	5.78451
3.40639	5.49102
2.75975	5.16938
0.497324	6.68922
1.14343	5.69014
2.73788	6.77853
1.1223	6.05555
1.96856	5.87224
1.18474	6.14782
1.42987	4.65031
1.18401	3.3389
1.31183	3.94806
3.15704	4.53498
2.64738	4.63716
3.26443	10.3905
0.74837	6.5157
0.413226	4.63811
2.97491	6.07711
2.34953	5.33754
3.2515	3.96053
3.84377	6.82744
1.49566	5.13052
2.85669	3.84587
0.719545	4.65763
1.1718	6.30579
1.59312	4.73257
0.799223	5.64132
1.09598	4.17119
9.5456	6.78376
2.6585	4.02923
0.418935	3.33532
2.50657	5.49264
1.97817	4.56933
1.76474	6.48468
3.4451	5.95375
0.577235	5.30535
2.58486	5.1649
3.70122	5.79263
3.94235	3.43343
1.99796	7.87289
1.18667	3.92577
2.28522	6.58609
2.07249	3.61736
1.54248	5.96257
2.21749	5.2315
2.16046	5.50003
3.37894	6.55312
2.25411	6.35601
1.09371	4.84518
0.284289	5.3789
1.85598	4.08176
2.05742	3.30136
2.33097	4.99995
1.6592	7.13043
1.76614	3.21405
1.84812	2.926
2.82919	3.61035
0.66296	4.24241
0.401019	5.52741
0.829481	4.80584
1.21605	3.91875
2.53541	5.25105
2.76634	7.53041
2.94628	5.6642
1.63253	5.41507
0.701695	5.07989
3.35566	4.78597
3.86742	4.78669
1.23331	2.90847
2.32448	4.63554
3.06676	3.89237
1.4524	3.12548
0.86877	6.10538
0.0498251	3.57307
2.37214	2.84143
3.56621	1.32194
1.06266	5.16235
1.72838	3.68684
2.90773	7.51652
1.66228	7.43106
2.75323	5.0302
1.0112	4.29109
0.336739	4.41122
1.65806	4.08447
2.84203	6.35786
0.976739	4.11702
2.76034	3.55871
2.2863	4.9183
0.091791	3.16331
2.5854	5.2123
2.69985	5.43752
1.96573	5.48953
2.05422	7.20164
3.73875	4.82984
2.92577	5.86714
2.80858	5.41377
1.41667	6.67573
2.53974	6.58611
3.0727	5.79479
2.76233	5.48753
3.02873	2.19357
0.937515	4.51107
1.13956	4.62668
1.19632	4.71491
1.53859	4.47695
2.13991	4.62559
3.43809	5.94881
1.99895	4.15393
1.05414	5.56662
0.866717	5.00881
1.48486	7.67968
1.04852	4.21834
3.29444	3.72266
2.9391	5.75046
2.24486	5.2269
3.26515	3.62858
3.52457	3.86083
2.49487	4.98294
2.39289	7.27326
1.55573	4.22909
3.62073	3.85082
1.1	4.92915
0.683786	4.20941
2.15773	3.14484
2.26515	5.41527
0.665222	4.72849
0.46661	4.13319
2.25816	7.19616
11.876	10.2626
1.62846	3.55905
1.20055	5.1552
2.31285	6.19501
1.90372	6.15136
2.01153	3.13471
0.536262	4.04685
3.2463	3.84894
0.915972	3.81847
2.26456	6.8631
2.86981	6.14693
0.486689	5.1582
1.66738	5.05501
1.36888	5.01131
3.10099	6.12841
1.89809	5.7685
2.80491	5.85645
0.0282013	4.29038
1.55526	6.71719
0.9331	6.6228
2.89712	4.10107
1.78773	5.67769
3.52351	5.78353
1.67966	5.13948
2.66854	5.46166
0.166323	6.15034
0.16225	5.20673
1.65828	5.16492
1.6798	3.82767
1.39278	3.95035
2.47619	6.77793
6.17195	2.12033
2.75962	5.59055
1.71913	5.56496
1.39402	5.27834
3.13572	3.13318
2.33972	5.43083
2.65854	4.65428
1.24161	3.24379
0.100032	3.56457
2.5284	3.89462
2.96985	4.3443
2.96224	5.11983
1.06238	4.88542
1.32095	4.75156
4.7525	4.26911
0.766248	5.85003
0.801638	5.14417
4.55842	4.85086
0.380178	5.23543
2.53764	4.74586
0.883265	6.50262
0.201565	4.59453
2.45873	3.64685
4.86696	1.13573
3.30953	5.69296
2.52146	4.53006
2.50126	4.53953
1.48792	3.89907
0.274297	5.42693
1.6463	6.50874
1.51886	5.14404
1.16395	4.52602
2.16747	5.60975
1.78543	3.37373
0.778236	5.34075
1.10581	5.08923
1.25578	3.90832
3.13341	4.16218
1.91901	5.12932
1.2555	4.55109
4.48197	3.85234
2.38357	5.49845
2.94712	3.88039
2.28039	4.72424
2.07637	4.09869
2.49782	4.24001
3.23661	3.66389
2.97162	4.97839
2.1107	6.71869
0.963635	5.16749
1.27133	4.36865
2.60102	4.83701
2.3548	6.1781
2.72863	4.01985
2.86149	5.22778
3.17664	2.20113
2.69639	4.94746
3.14503	5.53154
2.45993	6.93119
1.64885	5.26661
2.05374	6.83265
1.0948	3.57041
3.18543	3.21723
2.94652	5.76206
0.948403	3.42044
2.74911	4.87236
3.19622	6.45984
1.39594	7.01021
3.38613	4.85298
0.718516	6.3928
2.1411	5.06969
1.48823	3.73748
0.459612	7.3111
2.62729	5.3523
1.28086	4.30288
1.68632	4.24918
-0.101747	5.15092
2.83965	4.40813
0.787985	3.58932
2.7481	5.41398
1.39113	5.17248
0.54941	3.82222
1.62818	5.60192
3.07746	6.13813
0.648044	5.96509
2.54162	3.21293
2.07194	3.52815
1.23358	4.36609
1.57922	3.87273
1.7326	4.97211
1.9543	5.93196
1.82223	4.84109
2.79431	3.1929
3.99571	5.24928
2.18611	4.92015
1.52436	4.64305
2.26471	5.26488
3.67579	5.11467
0.305222	7.07374
1.18235	6.39971
0.990992	5.07631
1.46568	3.54417
3.41498	6.67972
3.40342	3.82286
3.33779	2.42415
0.780934	5.23841
4.21726	4.44958
-0.101189	6.123
1.95228	4.96511
3.97141	4.78372
2.7477	5.05207
1.47129	4.536
4.08892	3.3455
2.18964	5.24166
0.566539	6.85081
1.68015	3.74592
2.32521	5.41756
2.51567	3.4708
1.28985	3.12836
2.25755	4.41402
4.5403	4.9667
2.07954	4.41358
1.04496	4.50354
2.64333	4.71293
2.9608	6.25407
1.86818	3.89911
2.49587	5.65587
1.17303	5.31048
2.17363	4.82199
1.08954	4.46052
2.77711	3.74569
1.21123	4.19233
2.3197	3.78639
3.72914	4.73208
0.880318	5.17652
2.69983	3.709
3.24133	6.32064
0.0744133	5.73558
0.949127	3.50477
2.6182	4.16649
1.1035	3.00945
1.39447	4.26712
4.80105	1.9686
1.61354	7.22302
1.91062	4.53948
0.825529	4.76688
2.29722	4.09378
0.470866	5.54315
2.805	6.06359
1.13342	5.65905
0.891704	3.05273
2.1202	3.55623
2.34625	3.25977
2.70758	5.43892
2.22789	3.10063
1.06602	5.34233
3.96496	2.53059
0.70933	3.96827
1.62619	5.66055
1.15959	6.53562
4.67661	4.09431
0.822933	5.7761
1.68405	4.98262
1.22	6.06407
0.345774	3.58867
2.55235	4.83429
0.773464	4.24502
4.15125	5.19063
1.10148	4.50136
0.767879	3.97981
2.22308	4.84473
-0.0250013	6.1419
1.94183	4.02531
0.804296	6.45623
4.02607	6.58741
1.27613	4.97449
2.57629	5.8092
3.08055	4.70699
1.05577	4.54569
1.42581	6.23836
2.06628	2.94591
3.9706	5.51225
1.01385	6.13345
1.27709	5.55485
2.81924	5.30245
2.71498	5.74828
2.26614	4.54029
0.546073	5.96231
1.4296	4.9392
0.412512	5.73105
1.35138	7.83322
1.42458	6.52946
2.0005	2.83715
2.35701	6.12041
2.31495	3.38733
1.22813	6.38906
1.11055	3.8104
1.01536	5.45521
1.46628	3.63429
2.41284	5.27671
1.73206	3.50181
0.405998	4.61635
1.43916	4.07072
2.4866	4.88363
2.25011	4.90377
1.74627	6.49233
3.60911	5.18959
1.01459	5.42986
4.24343	6.59003
0.88072	5.09992
0.152902	3.51089
1.91146	3.9684
1.03674	4.94433
2.84775	6.44745
2.0475	4.90966
1.71794	5.30429
2.33275	4.96866
2.77755	4.36959
3.85436	3.09675
0.575679	4.20066
0.817011	4.51006
0.70562	3.60826
2.60779	8.01828
1.1249	5.18619
0.36168	5.68928
1.38047	5.44694
1.44536	5.00474
0.698405	4.44249
0.0891141	5.36476
1.31666	4.98891
3.3182	5.88798
1.85299	4.85974
2.75797	4.1274
2.77566	4.14175
2.05825	4.60657
-0.0377034	5.13104
1.68501	5.69662
1.04777	4.3129
1.91345	4.68441
0.293242	4.43693
3.183	4.29009
0.166998	3.08105
4.92033	6.07697
4.70544	6.50276
1.62982	5.31751
0.343863	4.80669
1.27539	3.74267
1.61583	5.15237
7.97811	10.8653
1.75381	5.90983
3.28606	5.77987
1.14939	6.15294
1.24573	5.91152
2.91333	5.78616
3.18812	5.01862
3.62282	4.85523
0.68077	3.50919
1.33496	5.96899
2.57493	3.46856
3.51103	3.42842
0.956089	4.73078
3.08197	5.75785
3.72854	3.42675
3.46007	4.51009
0.066617	4.09234
1.39233	3.29617
1.25184	6.34436
1.62632	3.86496
3.21952	4.82433
1.54371	3.0507
0.15042	4.98744
2.16101	4.02341
8.32289	2.71874
2.67364	5.73768
2.22667	4.55061
2.80023	3.146
0.778478	3.28792
0.000176106	5.03487
2.31591	4.59001
2.31793	5.2814
0.9868	5.24386
0.411427	4.97235
1.10481	6.74876
3.39046	5.22329
0.340567	5.456
0.223554	3.57687
3.06982	4.43888
3.16755	4.74703
4.35914	5.07084
1.88486	4.25567
3.35661	5.41794
3.05584	5.29712
0.415756	4.78862
1.17892	4.64912
-0.0182733	3.4325
1.88496	3.93344
0.0751167	3.88066
0.56333	2.92773
2.40296	5.67823
4.64499	4.78701
2.38955	4.24158
3.61241	6.65346
4.84473	6.49568
0.70089	6.37168
0.397408	5.16368
3.34434	6.44393
0.79527	4.21622
1.84142	5.22853
3.01829	5.99875
2.53023	6.62888
1.64281	4.27944
2.6125	3.8477
2.25759	4.16605
3.23286	5.43555
1.05057	5.44505
1.66573	4.21158
1.93774	3.97768
0.976812	3.12607
3.06368	5.33059
2.68082	5.1717
3.25903	5.79655
3.08348	3.31179
2.43991	6.19827
3.76461	5.32509
0.904869	5.4823
2.67408	5.51936
3.72955	5.24007
3.89629	7.85405
7.33555	5.9575
2.56517	3.74395
2.46553	3.22281
3.22812	5.78532
3.72798	4.13963
1.50981	4.73862
2.47996	6.77167
-0.157152	3.81635
1.82728	5.35954
0.192683	4.20217
2.53985	4.83069
1.87206	3.27182
1.68403	4.56557
0.877947	5.6407
1.40766	3.2066
3.97585	2.7723
1.55314	4.41335
1.80827	3.94354
3.2612	2.94366
0.401798	6.21898
2.32199	3.0199
3.02417	5.21806
3.03104	4.45895
3.59581	4.91857
2.00723	5.74511
2.35547	5.7835
0.678752	4.59782
0.520409	3.53991
5.26968	6.28281
0.109902	4.6049
0.851023	6.45466
2.15625	4.60472
0.964714	6.44998
2.58266	3.36029
2.85621	4.41424
1.7229	5.81099
1.89197	5.10999
0.494566	3.37756
2.71251	4.43134
3.16391	4.47271
2.03586	6.17867
0.559888	5.54015
0.864966	4.50527
1.44127	4.27885
0.237006	4.28643
1.88427	5.55727
0.320805	5.64356
2.66755	5.52392
2.06362	6.69805
1.60551	5.92572
3.15731	4.42648
1.47798	5.5373
2.25597	3.34678
0.119817	5.7413
0.846525	3.81437
2.981	4.21815
2.43117	4.29078
2.87434	3.03681
2.4703	6.07869
2.35403	5.57466
0.366268	5.3735
4.25224	3.22141
1.31411	5.68355
2.95092	4.31943
2.59869	6.49396
0.107078	3.38052
3.16522	5.1021
1.74693	5.50764
1.65611	4.29772
2.96276	4.57563
1.95192	5.79326
2.8279	5.60653
2.9004	4.09574
1.66562	4.36345
2.81446	3.13821
1.20204	4.61175
2.55227	5.09588
2.01042	4.79396
2.28462	6.20534
3.30857	5.65528
1.39511	5.96489
1.92843	4.07952
0.00412064	4.87774
4.81287	2.91135
2.39091	5.60642
1.23618	4.10721
1.4623	7.11329
1.78095	6.13013
1.82281	5.13847
1.45652	5.63852
1.74063	5.35886
0.588137	5.82878
1.95953	4.30746
2.38128	6.41749
1.7461	3.72718
0.925113	7.96695
2.62283	5.44195
0.794176	4.90933
1.96039	4.04446
2.33143	3.33399
0.807337	5.85258
1.99623	3.18495
2.84077	5.01313
3.58287	4.76777
1.6162	5.18287
2.48798	4.09384
0.436731	3.26801
1.15893	6.29552
2.09701	5.43975
2.66665	4.88759
3.75742	6.62981
2.70052	2.91248
3.6939	4.2229
1.90313	3.40413
2.43778	5.33831
3.56203	4.03079
1.08746	4.76154
3.65383	5.01362
2.31718	7.1336
3.43593	4.71516
0.624337	3.93881
1.22412	4.62281
2.68295	3.52824
3.18289	6.11208
0.739918	5.42008
1.51686	3.40985
1.0931	4.93327
2.43836	8.51057
2.68034	3.90467
2.36469	6.3599
0.989079	2.85801
0.345416	3.13559
3.94285	5.07901
2.57458	8.62358
3.03994	6.91937
2.3887	4.14732
3.1381	7.31106
3.99835	3.22619
3.01464	5.83393
3.18667	4.19155
0.570029	4.7734
0.726017	5.00226
2.79994	5.00799
0.744505	4.11582
2.43153	5.79666
2.31705	5.80389
3.22184	4.60666
1.52687	3.33157
0.751663	4.10699
2.11607	3.33166
2.57584	4.27683
1.39149	4.18822
2.14437	4.69212
2.82098	5.41353
0.457282	5.35421
0.837169	4.67644
2.69519	5.82755
3.09719	4.68041
3.51781	4.47028
2.77599	5.43158
3.20954	4.22118
2.38659	4.53439
0.477061	5.00953
1.01808	3.39903
1.51278	3.85602
0.80503	3.97372
1.3316	3.66946
4.0477	3.49088
3.35874	3.42157
3.32521	4.44136
0.373331	3.53589
0.461561	3.78095
0.59712	3.93109
2.95583	6.05824
2.15244	4.56349
3.05605	3.28482
2.25002	4.79957
1.47054	3.61929
0.229834	4.33087
2.43849	3.84251
0.936319	3.79962
1.62761	5.52937
1.64365	6.09205
0.911289	6.87625
1.51618	5.69866
1.77018	5.3621
2.42652	3.31557
2.81479	6.32341
3.43283	5.27586
1.18975	5.22071
3.92978	3.74893
2.10117	4.81242
3.52245	3.92789
2.0197	5.79696
1.62212	4.95274
0.949281	4.09425
4.73159	4.15845
0.622607	4.71179
2.4832	3.65603
3.55487	3.20723
3.44237	4.84029
1.8157	3.88753
1.72224	5.43084
1.87849	3.99272
4.32064	3.62924
3.09079	4.2676
2.01804	4.30402
3.08288	4.73831
3.31531	6.55077
0.609671	5.68838
1.6494	7.17611
1.6581	7.47347
3.50031	5.41022
2.4645	5.44511
2.55171	5.18548
2.80877	3.29485
3.98409	3.13659
1.27573	5.51793
2.39732	6.11308
3.38924	2.96725
2.38054	4.37117
3.66514	3.11645
2.16841	5.94342
1.19979	4.06194
1.96583	5.58877
0.86349	3.00087
2.6288	4.44427
4.07923	6.71222
2.5072	5.34983
1.63645	5.53613
1.82148	4.9228
0.989776	5.29823
3.28219	5.21077
0.358623	5.87505
4.08045	4.48452
1.00812	2.93203
1.79492	4.43905
1.56117	3.80089
0.989031	3.00483
1.77758	6.0644
1.4147	2.80914
2.52313	3.48173
0.10849	3.15715
3.0544	5.3926
1.99706	4.29792
5.30092	3.72405
2.46111	4.33107
4.25021	2.79298
0.487004	6.58363
1.59776	8.19334
1.44279	6.57809
1.87112	6.15513
1.65307	5.47694
2.73872	4.78755
0.0482468	4.77847
2.44802	4.26
3.12644	4.19717
2.43492	4.22335
1.57209	4.62749
2.09854	5.62456
2.28951	3.22187
1.99432	4.95689
0.861599	3.03609
1.17313	6.11895
3.37208	7.4722
2.89097	4.22452
1.65384	7.14842
0.682636	4.72455
-0.172	3.19912
1.0616	5.79661
1.70185	4.70716
1.61998	3.76775
3.02618	6.32338
2.73609	4.74944
3.91455	5.20262
0.335891	4.39486
2.38175	3.79207
4.56676	3.12909
1.60193	4.89933
2.6367	5.63302
1.83531	5.68741
1.87292	4.82504
0.681859	5.27058
3.11939	5.38165
3.49663	6.78204
3.30374	6.06088
1.8962	5.27238
0.620804	3.17736
0.70152	3.41076
2.87108	5.2667
0.517207	5.23921
3.97367	1.95219
1.9625	4.317
1.22062	4.93326
2.44394	4.94573
5.44445	4.98011
-0.174321	4.73385
0.350159	4.65968
1.1595	4.44168
3.94022	5.07772
2.72784	5.26531
0.617502	9.32391
0.658475	5.32358
3.60432	4.72715
3.02097	5.04682
2.53262	2.83968
0.629999	6.09591
1.42116	4.08604
0.444904	5.32618
0.182404	5.62986
2.92863	5.02899
1.68149	4.75705
5.62671	6.41324
3.13919	1.7832
2.24424	3.69256
0.5545	4.83621
0.962507	5.70577
2.87028	11.9966
2.79698	4.62286
2.03474	5.66648
3.05281	6.50947
3.20452	3.55082
2.59868	3.54396
0.0376863	2.82075
2.36011	5.31369
2.78188	7.59553
2.74308	4.6053
0.939655	7.62526
1.37046	5.87608
0.774119	5.79028
1.28666	3.34139
2.65149	6.43366
0.297126	3.55406
0.0352551	4.9176
0.394758	3.26449
2.43167	3.80641
2.24782	5.3948
0.933122	4.21927
3.44009	5.29818
0.401107	7.04151
2.92269	4.14153
2.10481	5.01901
2.08352	4.91566
0.55568	3.39441
4.18477	4.86887
0.169085	7.84256
2.44581	4.44416
2.29902	5.76426
2.90558	4.69102
1.46583	6.74702
0.575794	6.51791
2.62982	5.19494
1.41008	5.42055
1.8194	6.07557
4.07851	7.04878
1.97483	4.7518
1.30724	3.63942
3.61733	6.43722
1.83076	5.06005
0.405479	4.75362
1.37732	6.06496
2.79051	4.00441
0.165572	4.60049
1.93777	5.34866
0.0335786	5.31182
1.57823	4.43452
0.797541	3.64991
2.34032	4.70848
-0.0157037	6.18383
3.30965	4.55999
2.47892	4.28292
1.36699	4.03168
0.100761	5.52124
0.998844	6.3986
3.32756	3.46455
0.396408	4.34053
2.21692	4.74719
1.23344	4.59998
3.61036	6.03366
2.64699	3.91117
1.74608	4.0795
2.78422	5.46225
1.77901	5.29501
2.60136	5.80417
2.24813	5.62489
-0.047744	5.71253
0.940447	4.31919
2.42446	4.32601
2.47602	5.2701
2.02496	8.46184
3.57652	5.7861
3.30966	3.9204
1.30109	5.79533
4.31397	5.85855
2.28453	8.32903
1.35463	5.80437
2.15728	5.83995
3.95548	5.58085
2.12026	6.81006
1.39055	5.59074
1.95278	4.75177
2.10721	5.91191
0.678147	4.85197
0.962564	4.62267
0.311248	3.33461
1.39732	4.85118
0.237176	4.61539
3.77975	4.47551
1.81118	3.01395
2.49981	4.88804
0.878013	4.81948
0.603481	2.91373
2.16678	5.71834
2.03044	3.72308
2.12113	5.48079
1.5647	4.4358
2.7291	6.10474
1.77801	5.37574
0.968223	4.07485
3.06277	3.72793
2.57534	6.25541
4.87386	3.6955
3.61929	5.01026
1.84179	6.70345
2.79189	3.65599
3.82469	4.62863
3.14078	2.9639
0.277193	4.80755
2.4786	4.5898
1.72208	5.57163
0.368025	4.74646
5.58317	2.72465
2.52241	3.54841
1.01903	6.81445
1.64607	5.69164
0.0929189	4.1851
2.56889	3.98436
0.363661	4.461
1.17525	4.46746
0.691316	4.12285
0.730861	7.18815
1.33446	4.3658
2.07552	4.72728
1.87654	3.48901
2.4205	5.40389
0.96868	5.45727
0.10854	4.36744
2.17338	3.67
1.31641	4.60803
2.05084	4.76082
3.0098	4.23663
1.11961	4.21903
2.61209	3.14991
1.29407	6.3239
0.865231	4.16141
0.83737	5.80551
2.56315	3.81201
2.779	3.14937
1.1565	4.86501
2.10555	4.42629
2.05621	5.14019
0.69785	4.30043
1.94227	3.79888
0.995114	3.56618
0.994403	5.24849
2.74447	4.93848
2.09712	3.78511
0.566725	6.66322
1.05527	3.62999
2.52868	3.37609
2.88902	5.87566
0.975277	5.48611
2.70474	5.57092
0.915065	6.31644
1.29517	4.37184
2.0021	6.07583
4.32394	4.80982
2.283	4.76073
0.594207	7.44933
1.79358	7.11162
0.30439	4.17155
-0.113841	5.13194
1.38712	4.57011
2.53264	4.69199
2.90828	5.01831
-0.0298053	5.57628
2.22076	4.77808
1.31846	5.30652
3.28744	7.71748
2.76223	3.16633
2.36971	5.55155
1.2819	4.75545
2.15269	5.70034
0.0278837	4.18151
4.40693	5.12603
1.82089	3.75296
1.08889	5.33914
3.4616	4.12232
0.81166	4.6164
1.49407	5.07145
-0.0918948	4.50582
1.79418	4.11493
0.617968	4.91433
2.41962	4.00807
0.532593	4.28884
4.35779	5.73261
1.48979	4.32063
3.20426	5.12985
1.39698	5.65711
0.305814	6.9444
2.10929	5.23013
2.01643	6.46766
0.662411	5.50494
1.09263	4.65798
0.294152	5.51863
0.631832	5.63505
1.71167	6.89857
2.65929	4.5189
1.02161	5.42732
2.61781	6.31221
3.36228	4.91406
1.86267	5.84219
4.27149	5.86944
0.708489	5.97919
1.36448	5.35059
2.80571	5.5314
2.7056	3.64503
0.624669	5.56899
0.275097	4.22468
2.49604	3.59462
1.82204	4.97742
4.08004	6.4789
2.86641	3.55954
0.901248	4.87256
3.30888	4.54676
1.21521	5.34975
0.389488	5.40296
1.3776	6.3234
5.57684	3.84034
1.06038	4.24892
2.69738	5.59124
1.71761	6.06721
0.817246	6.03205
0.683731	6.92385
4.03524	5.47015
1.4978	5.38028
1.72117	4.80978
3.01128	4.48019
0.920463	3.27739
0.137582	5.27994
3.18351	5.27892
0.495175	4.92136
2.12574	3.10244
0.114412	3.15607
2.98389	4.63828
4.55114	3.13369
1.37444	5.3307
3.24218	5.34604
1.32439	5.18601
2.0435	4.79199
1.69303	7.11949
0.716836	3.7122
3.16412	5.52981
1.21494	7.05261
1.74281	4.84505
1.84404	4.56446
4.35103	2.89385
2.34568	3.27965
4.89281	4.51695
1.83512	4.55388
1.14111	2.84731
3.14511	3.27149
2.07288	4.57263
3.85924	4.9914
2.31212	5.58131
1.59416	3.6612
2.6174	4.30662
0.772462	5.33944
1.00621	4.89649
4.04254	5.80048
1.34759	2.8486
2.05359	3.4627
2.54263	4.83079
1.95133	5.14829
0.0894041	4.78449
0.536072	4.76419
1.39297	5.70923
2.673	4.28511
1.76299	6.03435
3.4131	3.48058
3.02709	6.02281
1.5323	6.23478
12.2667	2.90644
-0.111338	5.49741
2.72771	5.39096
2.32488	4.7451
0.448642	6.24479
3.45046	5.81511
0.0336973	5.44176
2.45426	3.89818
0.335812	2.81936
1.60036	5.73708
0.244299	4.19742
3.55983	3.79741
0.570575	3.76716
1.10366	5.02455
2.25114	4.42512
1.35542	3.38926
1.82741	4.79456
2.71693	3.05064
1.02806	3.67468
2.86382	4.9785
1.24809	4.07014
0.870172	4.86174
2.96898	3.91751
3.50682	5.69387
0.432492	4.34579
1.75371	5.29282
2.99871	4.27125
1.34488	5.16227
1.88338	3.54494
0.961597	3.15073
2.5808	3.3201
1.97282	5.74228
2.94487	5.55659
1.55213	4.56304
3.16925	6.60115
1.9172	4.10008
0.95923	3.24495
3.64446	6.34606
3.11746	5.61287
0.848762	4.09158
1.22056	3.63742
2.11215	5.39853
1.18131	5.63664
4.89359	3.59458
2.40421	4.69297
1.98336	3.33846
0.840428	7.01254
2.1941	5.30516
0.860422	5.20175
0.636121	5.87939
2.27379	3.46062
1.78031	3.92011
1.18387	5.35126
1.90281	5.67417
3.8189	3.97931
2.08815	6.94069
1.23114	6.57273
0.660726	5.21491
2.60607	4.26303
-0.102256	4.25769
2.53469	3.53687
2.15653	5.03409
2.68486	6.83555
1.61323	4.1802
1.74341	5.70149
0.018053	4.53915
1.0956	5.94668
2.47211	5.14875
1.43902	3.61694
2.37268	5.71609
-0.101025	5.02254
2.36615	4.25871
2.35833	4.42117
1.58376	3.61835
-0.0866994	4.54127
0.755575	4.65099
3.17991	4.98156
2.37747	3.71175
1.41107	5.19044
3.35482	5.76134
2.76518	2.90338
1.83495	4.00436
1.8275	3.39296
2.98342	4.44575
0.388173	4.86223
3.49605	4.05971
1.74955	4.1289
0.990551	5.05065
1.93447	4.56802
3.64629	5.0624
2.674	4.44179
1.64502	5.66909
3.51032	4.86742
1.29436	4.3383
3.41737	6.35535
2.41155	5.30014
1.0205	6.03971
0.77899	4.00668
1.90304	3.83766
1.04416	3.72241
3.00541	8.93016
2.22646	3.50656
5.51871	5.76133
3.17366	3.81131
0.939269	4.01842
0.77034	3.17361
3.08218	5.30259
4.30386	3.48495
0.583977	5.89313
-0.0173893	7.64187
2.58863	5.49395
0.168158	5.2164
1.34175	5.49943
0.25961	3.36638
1.68531	7.06323
2.54711	3.0074
0.142304	4.14262
2.32613	4.19134
0.928413	3.86225
0.553171	4.14919
1.91346	5.51015
2.47754	5.68953
1.37484	5.47928
0.721035	5.26142
2.25484	3.32032
2.70589	5.55267
1.13614	6.37902
2.11203	4.76307
1.37946	9.49932
0.902136	4.80542
0.550282	5.37924
2.50305	3.58432
2.18605	5.83816
2.37734	4.22543
5.89265	6.44278
1.00776	6.83766
2.80783	5.88665
1.69853	5.1175
3.20907	6.88096
1.38357	5.60391
2.28062	5.36893
2.22083	5.42449
2.71961	6.96234
3.71661	2.9079
2.41564	6.15922
0.344598	4.54839
2.32525	7.17041
0.468701	5.15308
1.52428	4.98824
2.04075	7.07501
1.49904	4.77924
2.3034	5.75276
4.15846	6.35029
3.26343	5.20675
1.97886	5.36283
0.528582	5.76872
3.98396	4.23501
2.84416	3.03724
1.5607	6.59622
1.7136	3.4963
2.29124	3.47011
2.07124	3.94531
2.41174	2.91268
4.7425	4.13956
1.18724	5.79909
0.207123	4.23493
2.40512	5.07764
1.82215	4.39744
1.55596	5.87977
2.90612	5.29909
0.684361	5.11293
0.0746647	4.12535
0.32915	4.52544
3.16052	5.56373
2.82267	5.46587
0.515869	6.46396
0.921832	5.3436
2.47531	5.72664
2.23462	3.58098
1.56644	6.1895
0.456337	4.51739
4.78483	3.56687
2.70028	4.59165
0.388572	4.78346
0.50478	4.07919
3.11243	4.7842
0.68359	4.69747
3.06489	3.0018
0.058854	6.94392
2.74655	5.34821
3.02281	4.0216
0.942395	7.43601
1.82273	3.62742
2.51964	4.11384
1.99122	5.86554
1.51213	5.89053
0.279541	3.28157
-0.15519	6.34398
5.33435	0.374561
1.84182	5.4008
2.0077	3.29183
2.31314	6.91325
3.31172	4.30794
2.94709	3.68288
1.27168	6.01282
1.30365	5.33296
4.30817	5.27146
2.89617	3.28343
1.11245	5.1273
3.47712	3.20203
3.14336	4.73433
1.0826	4.87544
2.03575	6.02135
1.35262	4.75747
1.73772	4.52446
1.04428	4.04021
0.400316	4.54674
3.78043	4.10894
0.449222	4.37798
1.10402	6.58006
1.82177	5.92779
2.34506	4.59069
2.56337	3.55327
2.89225	5.50521
3.39876	3.5964
7.20111	-5.97958
2.61832	4.17495
1.04434	4.66774
2.39624	3.499
1.65368	4.5325
4.30404	2.47804
2.18329	5.51761
2.27607	6.03555
2.84771	4.14474
1.82828	4.3864
1.88101	5.99443
0.728672	3.37151
0.00331464	3.2022
4.55404	5.74372
2.07961	4.55046
0.473723	5.11296
1.14941	3.44355
2.29511	3.76833
0.157313	4.77717
3.28131	4.82007
3.14425	2.42781
4.41203	8.56568
1.80986	5.24141
1.64545	4.76362
1.74684	3.89259
3.90278	3.612
3.2012	5.1424
2.1994	5.80172
1.27285	6.13174
1.56182	4.09891
1.60198	4.61009
1.05825	6.22348
1.03158	3.20424
1.59902	5.35813
1.39976	5.29498
3.57211	6.06884
0.11862	3.47065
1.53418	3.2746
2.35577	3.93613
5.97871	8.00946
2.31496	4.82264
7.41198	-0.53695
2.02455	5.00248
2.69534	3.4223
4.30036	1.97274
0.787714	5.51317
1.83219	5.35264
1.41229	6.10457
2.17878	7.3234
2.01974	4.01394
2.69873	5.54972
1.91174	5.17756
3.33429	5.61822
5.40987	3.09239
1.02633	3.18979
2.173	6.00273
2.16073	4.30571
1.37453	5.31501
2.01771	5.44933
0.869677	4.86876
0.732428	5.43176
3.69632	7.3927
0.282016	6.94581
1.66829	5.34435
3.19649	5.8733
1.19499	6.38734
3.4253	5.01232
2.00028	4.90622
2.71375	5.70512
0.964642	4.95411
2.59336	5.76556
0.560148	3.44578
0.462961	3.49359
1.41313	4.53279
0.473101	5.90535
3.98411	4.57973
1.50831	3.63635
0.166255	4.21174
1.5504	3.99757
0.244018	6.21127
0.98225	4.9521
0.50513	5.03121
2.79597	3.59805
1.42405	5.58221
2.93797	4.37031
1.96761	6.09874
3.77313	6.55254
2.49489	4.84462
3.04221	3.12506
2.80139	3.58891
1.6559	3.64579
3.13647	3.1426
3.00606	5.66789
1.37954	5.48631
0.882606	4.88059
0.997748	6.96414
3.4782	3.83484
3.99056	7.56002
0.913462	5.58935
2.24133	4.53159
0.336988	3.69215
4.06469	4.63382
2.63717	6.22542
2.82367	6.00925
0.0746293	4.41928
2.4103	3.54875
0.292033	7.32028
4.2772	4.41941
1.24644	6.61639
2.78696	5.39308
2.98424	3.5051
0.64069	4.72402
0.299584	3.63042
1.35787	4.36314
1.01446	4.53781
3.18995	3.60842
1.6318	5.52992
0.311009	5.46759
4.37209	3.64003
1.09776	3.99419
3.62349	4.10589
3.58926	3.75548
1.0833	5.50778
4.74045	4.40116
4.07699	5.09676
1.22409	3.48566
0.472766	4.8789
1.62047	3.4282
2.76766	5.37592
1.95469	6.50982
2.79064	4.7055
1.71574	5.74417
1.65096	7.78335
2.30594	3.75277
1.89771	5.60816
2.40396	5.21084
4.70195	2.91234
1.24171	6.61477
2.01622	6.53075
2.18282	6.41314
5.66778	8.49553
1.19391	6.49833
2.6021	4.86979
0.202571	4.655
3.69409	3.11798
0.165902	5.69843
2.29203	4.187
1.92561	3.39254
0.563631	6.22756
2.32233	5.2733
2.29323	4.0958
1.83884	3.9324
2.90028	5.46649
1.03792	6.00914
3.30143	5.72696
3.40024	3.25043
2.42425	4.52842
1.7272	5.57073
2.75727	5.978
0.579607	4.24048
1.33458	4.78852
1.0312	6.16475
3.60617	6.69443
2.37112	5.46916
3.31198	3.89871
-0.0789951	6.15797
2.94183	4.99376
2.32785	4.04337
1.97443	5.59007
-0.265073	4.53664
3.11543	4.7399
2.23456	4.4426
-0.0185703	5.00684
0.099542	5.75589
2.88955	4.9207
2.00486	4.886
2.06837	5.35366
2.97468	6.36076
1.78078	5.66691
3.85416	5.12394
1.16865	6.43144
1.00941	3.62813
3.29687	3.15435
3.28115	4.30965
1.98172	5.41748
2.64719	3.28982
0.749124	6.43665
2.7346	3.24187
2.45489	5.29092
0.525667	2.99772
1.2879	2.86134
0.683133	6.80776
0.880363	5.94669
1.29252	7.22365
1.92255	5.18283
2.70816	4.06456
1.68172	5.21458
6.16361	5.88134
3.42713	5.04362
1.51724	3.40295
3.17237	5.77653
2.18197	3.04972
1.29273	6.49349
0.520202	4.48657
3.34392	3.63227
1.25956	5.37344
2.26994	5.44052
2.67962	4.33449
2.61807	4.66833
2.97862	6.3443
0.786536	4.03679
0.690279	5.70739
1.39246	3.04935
4.76458	4.97782
0.605006	5.9372
5.21862	5.84833
1.8397	4.77535
1.0263	6.70614
3.56373	6.92447
2.78321	4.10427
2.44662	6.16515
1.14966	3.40022
-0.0829343	3.6152
1.31883	6.17628
2.26908	3.576
4.33964	6.78394
1.86381	3.82074
0.385523	3.82318
5.22336	2.46351
0.0792315	6.18847
0.473637	4.6339
2.40866	3.98592
2.71033	3.83293
3.71665	5.30705
3.49694	5.33482
1.37836	4.49318
3.65525	4.06966
2.83955	5.89402
0.723203	5.76757
1.90451	4.25861
2.06189	3.97664
1.21961	4.62496
0.747049	4.09271
0.984425	5.46132
3.16439	5.45873
2.73549	7.34338
3.30629	4.1165
1.64958	3.83946
2.36074	5.78094
1.26366	3.15477
2.9955	4.8121
1.5106	4.46071
3.18764	3.62031
0.696552	4.64504
2.52628	5.49327
1.97242	3.72981
0.0543014	4.96136
2.32577	3.56858
2.79019	7.0084
1.50254	3.38455
3.90364	4.53138
2.04721	4.15539
2.10212	5.59052
1.92195	5.36031
1.7883	3.62745
1.16787	4.51491
2.53343	4.54265
1.13047	4.92529
2.49445	5.96476
3.02377	5.27829
1.43535	4.48971
1.02029	5.41142
2.31973	5.48672
0.680411	3.34315
2.79305	5.06749
0.84039	4.83079
0.795827	3.15342
1.30619	3.84613
1.81759	6.02428
0.705158	4.04729
0.81524	4.5083
2.03056	4.30977
0.561287	4.99873
0.94732	4.64136
3.04092	6.12919
2.30432	5.27141
0.228064	5.89736
1.5146	4.22224
1.37332	5.56951
2.41162	5.99587
2.86924	5.6127
2.63057	4.29957
2.31327	4.00791
1.93198	3.76718
2.55056	3.52262
0.489351	5.01422
2.30276	6.96148
1.42962	4.90939
1.33312	4.56477
5.41731	5.05615
4.21752	4.93189
1.61009	6.92948
3.06462	4.66262
0.862249	3.34496
2.21021	7.03989
3.8302	3.23642
2.1407	5.43524
0.0276349	5.7447
2.90046	4.33733
2.71099	5.58154
2.48947	6.14762
1.78849	7.77655
1.39927	4.50634
2.27625	2.87664
2.35239	4.12535
0.271484	4.93119
0.088763	4.865
3.41408	4.23103
2.09987	4.33338
1.66203	6.85062
1.65275	6.75305
1.5126	4.32813
2.73666	5.19088
3.23572	3.60856
3.38658	5.15528
2.40499	5.20144
1.32567	3.76767
1.16862	3.7983
2.65036	4.78371
3.04022	4.00538
2.29727	3.73997
0.485435	4.86024
1.11619	3.95359
1.50214	5.11194
2.06303	5.26407
7.3069	-0.799163
1.61967	2.93518
2.866	5.86687
2.45317	3.51807
1.55947	5.31147
3.64162	2.00053
0.575911	3.29705
2.07339	4.58797
3.41348	2.80657
1.89829	3.4989
1.36325	5.51591
0.698631	5.83886
3.82085	3.99309
2.69927	3.52759
2.25025	4.03552
2.01017	3.569
1.86949	5.20541
2.60767	5.04033
2.54389	4.46524
2.58902	3.56931
1.63774	5.00174
2.75157	6.06336
1.69677	4.24384
1.45797	4.25467
0.259107	3.35763
1.08924	3.73831
2.03609	3.66464
2.55065	6.81236
2.77272	4.70439
3.03094	5.15634
5.07653	1.90234
3.31224	5.72184
3.72424	4.52794
1.47384	4.48522
1.79261	5.10414
0.122144	5.23985
2.55855	5.86986
1.74308	6.43606
2.24714	3.13947
2.78365	4.13638
1.55627	4.57409
0.684642	5.73142
7.15833	5.32774
2.75282	2.96288
0.157557	4.6374
0.161663	5.65189
1.90992	4.49873
1.50426	4.245
0.890289	3.2172
2.36589	4.36354
3.76199	5.1907
0.626347	7.61265
1.23673	5.35709
2.65515	5.60088
0.766178	4.79145
3.10692	3.92989
2.48971	5.37458
1.32203	3.63271
1.61804	5.54646
2.10021	5.86878
0.905996	4.06322
3.83901	3.45734
0.382873	7.1922
3.11507	3.95735
3.08645	3.14171
2.54801	3.62811
3.14869	5.8351
0.456667	5.92762
3.81807	5.1596
4.31281	5.98827
2.28294	3.67345
2.76746	3.45361
2.61624	5.67829
0.913802	5.96452
1.08763	6.86012
2.6963	4.92378
0.126128	6.19629
1.86129	3.1905
3.37084	3.37706
1.74765	5.27308
0.731811	5.96279
0.375592	3.39033
1.26085	7.08692
0.971962	5.50104
1.28975	7.22175
6.40935	1.51099
1.55659	3.36868
1.85299	4.21236
2.06145	5.02161
3.52062	3.68953
2.51894	4.03711
3.59677	4.82532
0.960683	4.13468
0.237868	4.78009
0.67787	7.20337
3.91597	6.28674
2.12533	5.04015
1.54743	2.82891
1.49315	7.16165
2.9127	7.47294
2.79461	5.29125
1.44719	4.29487
1.39252	6.06146
2.73544	6.27949
1.0178	6.60076
2.77725	3.95408
4.48166	4.28371
2.61324	7.65309
0.378282	5.39037
2.41996	5.30152
0.768585	4.97172
0.545978	5.14047
0.482952	4.66795
1.63051	5.32078
2.83318	7.66156
1.94967	3.84735
0.675646	4.95908
1.42308	3.33619
2.20849	4.33367
2.60511	6.10168
-0.18714	5.21521
1.88884	4.32552
1.46081	4.00205
1.88937	3.21852
0.204397	5.77617
0.554952	4.01499
7.84219	4.25811
2.74947	5.90072
1.4558	5.21848
2.92789	6.64959
0.296262	5.13222
2.53605	6.14046
1.17891	3.81098
1.18684	3.89792
0.952898	5.96401
3.09597	4.26596
1.84759	5.02522
3.19825	5.64548
0.995355	3.11392
2.77633	5.01217
4.28701	2.65324
2.32759	2.84041
1.9838	4.9737
2.67541	3.68112
3.3245	3.23247
1.03964	3.41842
2.62957	5.26994
3.08868	5.80881
0.151499	3.52657
1.14526	6.305
2.62938	4.37998
3.92	3.35763
1.49258	5.20685
2.18046	5.20357
1.96403	4.39152
2.28435	4.25217
1.95128	5.42411
2.02551	5.57637
0.838509	4.62836
0.710502	6.0376
1.65144	6.55573
2.88873	4.12454
0.921147	5.18668
2.07316	5.29791
0.947662	5.8711
1.95869	4.10512
4.2145	6.49942
2.89564	4.66525
0.183229	5.8342
3.03664	3.28071
3.38426	6.41154
2.4816	7.18989
2.70677	3.53398
2.96855	3.57674
3.3645	6.54788
2.1423	4.58231
3.85228	3.0289
2.50164	6.14795
3.28664	4.60294
1.192	3.67711
1.38612	5.78143
3.03291	6.17906
2.93305	4.74435
2.51822	4.53456
1.31217	5.78455
4.01599	5.18081
2.80749	3.66907
2.39463	3.19186
0.335382	3.58507
2.65543	4.64904
2.77369	4.54426
1.72272	5.07294
4.1588	3.52178
2.04956	5.49919
2.12179	4.73253
2.76495	4.74221
1.64462	3.61408
2.32649	3.05014
0.596098	4.19131
0.481376	5.21426
0.746561	3.97652
0.882289	5.79624
2.16273	5.47583
4.90817	5.30056
2.53327	3.99765
1.44051	5.15332
-0.115962	3.64607
1.46682	6.86513
0.786317	3.84652
4.08105	2.23264
0.137436	4.42974
2.07917	6.05475
0.653149	5.63551
1.29041	4.11809
0.640124	4.6353
3.6762	4.01606
1.42413	6.32639
1.71199	5.08386
2.77528	6.65254
2.10218	4.6792
0.500265	4.98714
1.66861	7.72646
2.28752	5.03824
0.228155	3.22422
2.50132	6.42928
1.24337	4.84339
2.99028	6.47525
1.97722	4.84663
1.9751	3.76478
0.575633	4.99468
0.302346	4.94435
0.802844	6.81899
3.0184	4.27101
0.370801	4.70196
1.06216	6.16981
1.68285	3.86246
3.21138	4.47908
4.28507	3.84158
0.211931	3.304
1.21197	5.79595
0.615158	7.48374
1.0735	5.16087
3.84455	4.69636
0.934233	4.58756
3.17373	4.82268
3.57225	3.87586
3.59072	3.51753
1.79485	5.10538
1.39323	5.58708
1.61737	5.44805
2.33618	4.28024
2.96645	5.75961
1.06664	3.34006
0.940497	5.56991
2.20742	4.85829
0.635019	5.66321
2.78071	6.01821
2.1274	4.90272
2.75138	5.07319
2.42632	4.80981
1.85719	3.00011
0.183543	6.17004
3.16553	5.05447
2.08118	5.10232
1.90278	4.48191
4.36369	6.11222
0.705588	3.46732
3.20205	5.38549
1.44094	4.25499
4.97621	6.05281
2.92089	2.87158
1.31236	6.67856
0.914943	4.86157
2.43044	3.76353
2.0848	4.99122
1.02943	3.09034
2.34179	3.73707
3.71085	4.30937
2.84608	8.37028
2.72149	4.56491
1.89867	4.57289
2.5315	3.83199
2.65053	5.53083
0.313794	4.47994
2.61315	4.98149
1.60044	3.0392
0.834565	3.44184
2.48193	4.13742
1.99323	7.56489
2.50568	3.31051
3.75779	6.60756
3.21909	4.95707
3.71235	5.21598
2.79931	5.87295
0.894285	6.16514
2.91394	5.08763
1.77519	3.98266
2.69944	5.78716
0.0393249	5.82679
1.12546	4.78577
1.35583	4.95248
1.18462	5.79102
1.49503	4.30259
2.90407	6.7774
2.48414	8.27469
4.06052	5.91912
2.79305	3.27937
0.782931	4.42575
2.65978	4.71173
1.51069	6.30176
3.28225	3.42508
2.77513	3.74419
1.70326	5.34845
3.17067	1.93278
0.429707	3.5977
2.51814	4.61561
2.1875	5.7265
2.03927	4.27891
2.8413	5.19628
3.08808	3.69402
2.40392	4.70203
5.84296	0.938531
3.83027	4.12246
2.12458	4.07768
2.5015	4.8612
2.16932	5.59975
2.17142	5.38217
3.04477	5.12028
1.13039	5.76998
0.604342	4.59102
1.11485	5.99724
2.55552	5.19723
2.25372	2.92487
2.72363	4.87693
1.61627	3.7644
3.99439	5.04739
0.572243	3.16575
0.604925	3.96514
0.924075	3.35385
2.66245	5.35021
1.20689	4.27265
0.772248	6.29501
0.350799	4.25056
2.65565	3.78985
1.3252	5.35374
2.57727	5.82816
1.56299	3.35564
2.48482	3.88076
0.24959	3.64217
3.17258	5.47484
1.10937	4.77987
2.46762	6.26969
2.23638	5.13469
2.47055	5.88192
1.01258	3.93257
2.58263	5.83343
2.47878	5.7977
2.0026	5.09185
2.64517	5.2849
1.21628	4.72315
-0.119895	3.12762
0.65487	4.53658
1.19771	5.19245
3.12668	3.85341
-0.157271	4.33683
1.33641	3.97904
2.55975	3.19061
0.448743	5.37373
3.36334	5.11997
4.86737	5.07845
2.61736	5.73979
0.349135	6.56299
2.38167	3.58973
0.707847	4.61419
3.64646	4.01705
2.59772	5.42873
3.71064	5.12316
1.55117	3.25052
2.40435	4.59497
0.711021	7.69376
4.0621	5.35683
1.65392	4.34848
2.53987	3.18903
3.39195	2.62266
1.25822	4.91162
2.56368	3.98496
2.22373	5.56349
1.25775	4.33909
0.529868	4.65064
1.56796	4.85288
2.49188	6.15104
2.17322	5.71835
3.13134	5.89298
0.553109	4.58159
0.888922	4.33883
2.78175	5.8515
2.5833	6.85811
3.44298	3.68699
1.31265	5.17138
0.956805	6.86964
2.40194	4.78975
2.63423	4.15925
2.79436	3.91396
1.73067	3.84899
2.46706	5.75406
2.02456	3.46487
2.46856	3.9768
2.48194	5.38689
5.36502	-0.602787
2.87999	4.76238
1.49453	5.07936
0.559918	4.98388
1.10841	4.0148
1.90879	6.87701
1.21776	4.08751
0.525011	4.57727
1.95584	3.41632
2.42797	3.79844
2.0633	4.25539
0.981082	5.27078
0.992172	3.21916
3.33623	3.63765
10.8359	13.3657
2.35981	4.52256
1.26637	4.45637
3.98606	3.40051
1.88335	5.85917
1.90139	5.7529
3.00668	5.45669
0.82095	3.84891
2.80868	3.54072
0.440499	4.94827
2.4949	5.25802
2.01435	4.51868
2.4179	4.60892
2.01933	3.50319
0.646842	4.30279
2.03243	3.46308
1.70642	3.79285
2.96584	6.06233
2.68523	3.17461
0.996791	3.85997
2.03277	4.71276
2.19465	3.68962
1.25597	6.65535
4.34222	2.94187
0.374098	5.20711
0.365677	4.62922
1.17405	4.75321
2.25241	3.55821
1.25028	4.58641
0.391891	5.52663
0.558362	4.32608
2.47647	4.44495
2.83178	4.46641
1.40852	4.42973
1.36437	3.74189
1.26863	5.89159
2.99519	4.36883
0.145819	4.42643
0.850485	6.35211
0.412979	5.64613
1.24532	4.21699
0.816854	4.74857
3.84155	4.80219
2.38954	4.31329
1.09412	6.82736
1.16695	3.65996
0.491868	5.30933
2.30956	5.02617
0.364768	5.59221
3.1328	3.86902
1.94082	5.63274
1.09335	4.46339
2.95035	6.85868
2.24181	5.6613
2.43086	4.09313
0.249834	5.79549
3.69301	6.1181
1.29551	6.32652
3.38967	6.76254
2.46821	4.37977
2.63534	5.3936
0.938196	5.76925
3.00437	5.56406
-0.0861307	4.50384
2.2852	4.55062
1.1765	5.70092
2.57124	5.14108
2.34922	5.45965
10.0779	9.94771
2.39958	3.2353
0.937224	5.50314
2.02024	5.27716
1.61993	3.14768
2.64312	3.90494
3.68054	5.00774
3.19456	3.0799
2.23959	3.82546
2.22557	5.20557
0.840397	4.37163
1.22398	4.03984
1.40606	5.84595
2.85545	3.96708
0.832105	5.41905
-0.109245	3.48025
1.50337	4.24956
2.63287	4.06491
2.83868	5.35226
1.24043	4.80066
2.33626	3.93264
1.69909	5.13425
1.44477	5.77621
6.22475	-2.83668
0.792646	4.69852
0.260747	6.54003
3.31319	4.74581
1.76005	5.07252
3.65209	8.25764
2.54714	3.52586
1.94433	3.6315
2.76768	3.46073
1.36232	5.70726
1.24241	5.13113
3.21829	4.04675
2.07512	4.31542
2.75222	3.83491
0.993217	6.89658
1.56056	4.75684
1.23479	4.52632
2.21126	4.1818
1.11223	3.94492
0.522494	5.57436
1.43885	5.20034
0.172295	4.47099
3.95828	5.3692
2.89754	4.94447
5.03219	4.38066
2.98796	4.98361
0.0773319	7.34668
1.34514	3.86166
4.21106	4.78214
0.677362	3.16815
3.40086	4.9582
2.07515	4.40729
1.76511	6.43329
0.359983	3.92134
0.99481	4.27507
2.25201	3.1625
3.60171	4.92022
4.1855	6.02986
0.268086	6.17024
2.35397	3.36692
1.80587	7.21834
2.37968	3.58256
0.405569	3.15309
3.05442	3.44567
3.54741	2.13736
2.82336	4.67376
1.66333	7.54734
1.92343	5.90189
2.68252	5.61754
3.32826	5.3474
0.165015	6.16165
1.60813	4.2414
0.0888379	5.16981
0.942564	4.02404
1.99979	4.51622
0.361397	5.44707
1.43357	6.87092
1.95701	4.55763
1.49674	5.6789
1.74185	6.26775
2.48874	6.06627
2.10829	4.32713
0.812359	5.42443
3.64957	6.18495
3.47801	3.49767
2.27727	5.64391
3.38478	3.56337
0.408928	4.12508
1.52297	5.91229
1.14091	4.72134
0.451988	6.02474
2.88517	4.65884
1.35594	4.94698
3.63368	5.17808
2.00041	3.58471
0.0564861	3.0142
2.04651	3.78777
2.7045	4.13547
1.74321	5.24718
3.06188	4.67092
3.40985	7.54852
2.64932	5.94494
1.19586	3.64659
1.63236	4.53562
2.00239	5.703
1.6396	4.69825
1.2118	5.01832
0.374839	5.58172
0.860333	5.82223
1.64242	4.41903
1.54299	6.08471
3.26341	4.03192
1.11268	5.43872
1.38911	5.3666
3.56863	5.80219
0.27496	5.19046
1.58904	7.01945
3.43902	6.90291
3.31412	5.00893
2.24425	5.26378
1.64578	6.35214
1.87468	4.64998
0.702008	5.51264
1.63573	4.44142
3.17885	5.36112
2.89146	6.04673
1.88115	4.61367
2.19493	5.40442
0.120491	4.53726
1.90289	5.70257
2.06121	4.27715
2.75505	3.52437
3.1781	5.058
0.0943906	3.77463
3.53405	6.60719
1.52275	7.50542
0.368972	5.76358
0.581871	5.78953
2.78054	3.82516
3.31811	5.51032
1.31609	4.71182
3.7601	6.70535
1.20244	6.46978
2.12507	7.23207
3.01794	5.46449
0.911775	5.08357
1.21902	4.47473
1.74325	6.94354
3.08408	4.77269
1.55159	4.92757
1.29639	4.45452
2.68828	4.47676
3.52129	4.75404
1.78526	6.09215
1.64852	6.31515
1.19588	5.94299
2.07814	7.72704
4.02294	5.84806
2.60921	3.43838
2.51604	5.19205
1.02094	4.06244
0.0803243	3.7726
3.43345	5.46019
1.70726	3.20738
1.01818	3.07404
1.63907	4.99466
2.12452	6.93558
0.190052	6.04428
4.80138	13.4937
2.37105	5.1042
2.93857	6.86423
-0.0366665	6.38652
3.77665	5.47437
3.94256	4.86502
2.1685	3.36308
0.201457	5.77162
3.06199	3.53954
1.67762	5.12745
2.30071	4.01752
1.41565	5.90965
2.7881	5.13085
1.37556	5.58591
2.61919	3.92433
2.76391	3.83274
2.67233	5.64758
3.48581	4.80198
2.14574	3.31606
1.07715	5.24221
1.22585	6.33833
0.841473	2.84593
0.999695	4.50187
0.0997861	5.60412
3.0519	5.51552
2.28165	5.4332
2.77578	5.86083
0.269756	7.2956
2.51835	4.15683
0.931342	4.61926
1.16558	4.89027
2.30666	4.02453
2.17659	5.52778
2.8169	5.97277
1.68411	4.09742
1.79811	5.18512
0.50051	3.65888
2.43714	5.59389
1.76006	3.80501
3.83432	4.2567
0.988947	4.66256
0.605911	3.97981
2.14132	3.04978
3.25832	6.63687
0.240257	3.99967
2.37955	3.61909
2.58695	3.05931
1.02403	5.09995
0.4597	4.74121
3.26438	3.92497
1.73484	4.30789
0.949907	4.705
0.804114	4.78157
0.954412	4.84633
2.69549	5.93995
3.02244	4.59573
1.15954	4.81738
2.05187	6.28966
2.35607	3.48226
2.34511	6.38087
0.242119	3.81942
1.66793	5.18875
0.993431	5.19935
1.7347	5.19463
0.851024	5.48888
3.68	5.73179
2.1557	5.33523
2.22878	4.02465
3.79004	5.38916
1.34428	4.90336
3.78405	5.25045
0.389573	4.09537
2.18616	3.37453
0.3566	4.81822
3.71758	5.74274
2.17308	5.47601
1.54586	4.56767
0.0773607	5.66694
2.30443	3.43203
2.88692	4.03725
3.35901	4.82937
3.26344	3.0433
2.30483	6.03537
2.61148	5.68608
1.77436	5.23041
4.30028	5.06463
1.8411	5.03853
3.00009	4.21562
3.87993	8.3779
3.34606	5.20765
3.10939	5.70244
2.35478	5.20245
1.5156	5.54587
2.65157	4.7983
0.48087	4.3554
2.04113	5.84964
1.12346	5.47729
1.85168	3.90807
4.29889	3.00824
1.85781	3.9071
1.723	6.31263
2.66962	5.25489
2.26361	4.91003
2.3971	4.79358
2.1864	3.56955
1.01678	4.1202
2.04575	5.03554
0.807244	5.57428
2.91487	5.26651
2.97947	6.88315
1.08616	3.88672
2.08153	4.89693
1.05553	4.83322
2.54111	3.98455
-0.0784877	5.11998
3.56302	1.36026
2.78761	5.62981
2.05462	5.87463
4.16415	5.6908
2.41264	4.81243
0.180379	4.55987
3.26201	6.17955
1.27872	5.20354
1.45346	4.35734
0.549073	6.22105
3.00997	5.33783
2.39504	4.14056
1.14988	4.16976
2.03897	5.49457
2.01072	5.53128
1.80617	4.86723
0.188313	4.12549
1.56541	5.95153
2.11085	5.68095
2.78916	5.97842
2.37557	5.07439
0.678773	4.55778
0.643016	3.50427
4.35227	3.4526
1.00461	4.1903
3.40058	3.85998
0.0610617	6.01195
4.70674	4.90332
2.39779	5.01552
2.71374	4.76042
1.99673	5.61283
1.39369	4.9669
2.63268	6.87868
0.827736	4.73285
1.36635	5.22229
0.271533	4.78682
2.5798	5.36463
1.25898	4.74187
3.26377	7.75764
2.7248	5.89028
1.13433	5.02972
3.49985	5.13913
3.06775	4.59876
-0.0258016	4.42399
3.46101	3.59727
2.52552	6.24132
0.98061	5.72284
1.97854	6.30447
3.88391	5.05835
0.157085	3.62172
1.31325	4.18227
2.33449	2.95645
1.97496	4.62801
3.86934	5.20692
3.61834	4.22093
0.0442912	3.75862
1.15688	5.58371
0.179524	4.1623
1.91094	6.01406
1.44933	5.92155
4.78986	6.48005
3.11625	3.26876
2.03803	7.25486
2.39886	3.01673
1.57677	5.01787
2.40906	6.68743
2.64116	6.01885
0.0634594	4.94778
0.679884	4.22198
1.15606	5.83321
2.79571	5.72207
3.24724	4.70369
3.94841	4.12491
3.46404	5.69771
1.73387	4.09964
2.43128	5.43408
1.48504	5.14459
1.53766	5.27433
2.76256	4.94682
1.15299	6.59757
3.75795	6.26079
1.5593	6.0128
0.77275	7.52166
3.18649	7.38809
3.10589	5.07249
2.34326	4.613
2.45063	5.79104
0.293198	4.56762
1.62765	3.26363
2.96612	5.95263
0.656754	6.2451
0.897285	3.86025
3.91602	3.76015
4.95435	-8.21553
0.994299	5.89107
3.52468	4.60561
2.52368	6.53682
1.24203	6.85672
1.90813	5.21447
-0.0110332	5.61065
1.01063	3.1259
4.06366	4.95708
1.61585	5.67737
3.21457	4.06419
1.34838	3.56683
3.17359	5.30875
1.49631	3.14989
0.277426	6.28408
2.97702	3.47457
4.21326	5.7199
2.25866	3.12792
3.03812	6.16058
3.57474	4.17572
3.49347	2.30084
1.15937	5.29715
2.25933	6.44788
0.697767	5.33871
2.07098	3.95999
1.19854	3.44288
2.23545	4.15282
2.3531	5.43946
2.53012	6.25277
1.31255	5.19942
3.25139	5.67416
1.64898	3.96081
0.00620338	5.02445
1.84957	5.84891
1.38618	6.41862
2.08373	6.34467
1.73299	5.78613
3.5288	5.89316
2.07473	4.04625
2.88972	11.1275
1.55176	4.9282
2.75587	4.75337
5.85383	4.20674
1.51554	5.27725
0.109795	4.82131
3.04586	3.49672
7.12441	4.10536
0.544169	4.60001
2.18142	3.49374
0.575628	5.16715
2.86422	5.17007
1.40223	4.05426
2.47085	5.83384
0.840035	3.6287
3.90334	1.94475
2.32997	5.06004
1.14241	6.81567
4.03698	6.81082
4.34084	4.26255
1.64367	5.13436
0.906914	4.07255
0.0458507	3.44917
0.42294	4.41612
5.02308	3.71975
4.10311	6.37993
1.84284	6.011
3.29492	6.04723
0.791291	3.71699
0.789748	5.35344
2.53235	6.92165
1.6375	3.38315
0.85586	5.8184
3.8551	5.04805
3.01342	3.47185
2.03875	5.08152
2.25857	5.8388
2.24309	4.80349
2.83607	4.69174
0.103792	5.33589
0.654862	5.49637
3.30365	2.6331
1.90216	4.18232
0.469543	5.71991
1.37695	4.63462
0.0374457	5.1666
1.1866	4.18773
1.89326	3.78752
0.456571	5.56345
0.507907	4.42446
2.54722	5.11456
2.54168	5.52592
1.48553	6.60087
4.50293	5.79368
1.95543	5.98549
2.93944	2.8359
3.55358	3.03777
2.29243	5.86816
3.15156	5.32775
0.194888	5.05096
0.822314	3.62403
2.30814	4.87251
3.734	4.78602
2.92854	6.61829
2.36558	4.54176
2.09253	6.67325
3.55303	6.37525
3.03561	3.36093
2.41229	6.7544
1.92344	6.14122
2.40734	4.72929
1.86441	3.71427
3.02748	3.93616
0.912897	3.71509
2.39695	3.04235
2.48161	4.72858
2.53898	4.45836
1.06836	5.21708
3.00658	3.65557
9.05439	3.80764
2.76691	5.4415
2.32076	3.56291
1.62507	5.36249
3.82148	8.70831
3.32113	5.80553
1.30162	4.42783
4.12351	6.39319
3.15969	4.608
2.73813	5.53215
2.88023	7.6414
3.55343	7.0885
1.44191	6.08042
2.53105	3.64736
1.34056	6.32496
-0.0290804	4.87023
2.35643	4.44211
0.456075	5.89768
0.673928	3.79191
2.53718	3.90106
1.77173	3.10373
1.40576	4.56692
0.441099	4.2623
1.34586	5.99412
4.39833	6.72832
2.98921	5.00322
3.82816	5.38847
0.235654	3.33256
3.63008	5.88894
0.282998	6.37447
3.70146	5.86549
1.55428	6.19021
2.22381	4.86258
1.25177	5.49419
0.602468	5.53957
1.87256	5.16635
1.14625	4.86458
2.03272	4.57303
0.496652	5.62037
0.185447	6.16143
3.15679	6.31926
2.57186	3.37484
2.70528	5.07277
2.44664	5.69267
2.14469	5.23893
1.04053	7.27179
0.914655	5.07428
1.62198	5.42278
2.10962	5.72659
0.772994	6.93157
4.97884	3.2577
4.05295	4.58652
1.68371	6.80865
1.83674	3.79019
4.79523	2.94286
1.56857	6.49621
2.96589	6.78187
2.7842	4.42766
2.85911	4.5178
0.922682	4.96126
2.34145	4.92473
2.1941	4.7921
0.220631	4.99888
1.29455	5.80725
1.62811	5.2373
0.763821	4.56286
2.6895	5.55234
2.07033	4.3521
0.741638	5.0847
2.4237	7.39682
1.086	6.38886
1.28748	4.54462
3.83478	5.83445
3.2842	2.84822
1.58802	3.21381
2.23926	5.0133
2.8946	4.34079
3.23927	3.70674
1.12794	3.72799
3.24848	6.30705
1.24192	5.69148
3.53024	5.75547
5.18088	6.90902
1.35788	4.4686
1.39584	4.06279
2.53042	4.83002
0.550723	4.06794
0.876836	3.32846
0.724365	5.48365
1.91282	5.53242
2.8778	7.18683
0.801942	3.44399
1.01844	4.68831
2.72614	5.24171
2.36808	4.48225
0.935544	4.89436
0.390635	4.66222
3.32313	6.09087
1.46483	5.28889
4.57713	3.55893
1.59382	3.98929
0.756751	4.82543
3.07901	5.26977
0.844455	4.96253
2.36632	4.49427
1.88804	4.88663
2.62679	4.29399
0.534675	4.36168
2.99271	5.26063
1.56388	7.2377
3.87322	3.77883
3.24829	4.96668
2.77949	3.68443
0.129714	4.74658
2.63295	5.69741
0.296811	3.16569
2.55735	4.2154
-0.165235	3.35865
0.934508	3.61087
1.71402	5.14753
3.41616	4.28068
1.6132	3.20612
0.660893	4.01657
3.10006	3.66732
1.3708	6.53502
1.22326	5.70259
1.78185	5.86471
3.18824	5.4746
0.749497	6.02304
2.10101	4.27725
1.20416	4.68813
2.04227	4.06278
1.82834	3.40425
2.56931	4.55577
