-2.5735	6.29635
-0.826427	8.4734
0.44235	7.65463
-1.71985	7.45539
0.551777	9.1347
-1.87064	8.06098
-2.0549	9.5578
-0.654101	7.78303
-0.92366	6.73385
-1.77396	6.98851
-1.78973	6.685
-2.4485	8.76771
-2.85944	6.85008
-2.61907	6.31206
1.30696	9.09311
-2.92849	7.44224
-1.57914	7.96876
-1.40453	13.3348
-1.64881	10.7313
-0.193735	9.78579
-2.42844	10.1837
-1.23207	6.37432
-0.494172	6.35478
-2.13739	7.40953
-0.433571	6.71744
-1.45939	8.88098
-1.28136	7.90568
1.42664	8.24618
-1.8752	8.92365
-2.18462	7.02404
-1.16943	10.6204
0.803965	8.20772
-1.03459	9.9074
-1.86701	8.41881
-1.6903	9.71269
-0.469579	7.66544
0.153673	8.26227
-2.34084	6.91866
-1.00207	6.22444
-2.23969	6.45264
-1.89638	8.3039
-2.40244	6.60976
-0.534698	8.6405
-2.86042	8.42917
-0.697611	9.34624
-0.857118	6.26368
-0.0640918	8.40319
0.578381	5.0396
-2.32386	7.13035
0.0231772	7.20225
-1.15042	6.73345
-2.6203	6.80953
-1.7589	6.19471
3.28067	8.4658
-0.0495127	5.89977
-2.58545	9.2614
-2.37378	8.1116
-0.0539874	8.71145
-0.558591	8.16913
1.07088	8.04756
-0.785318	7.4884
-0.276738	6.61848
-3.11379	7.03259
-1.58238	7.64978
-0.0647209	8.67111
-1.89419	6.83922
-0.906573	6.21094
-1.93686	8.14249
-0.285647	7.96179
-0.838775	8.91733
0.157658	8.00353
0.226257	6.18659
-1.65052	8.67219
-1.28663	10.1761
0.207312	6.82326
-1.55978	8.1503
-0.996123	8.60768
0.197161	6.54662
-0.884397	8.81482
-1.31171	6.66568
-0.129915	6.35201
0.419333	8.00058
-2.31116	8.51595
-2.35201	7.03796
-2.71578	7.02954
-1.4204	6.61306
0.0212573	7.74114
-0.333281	8.44275
-2.92208	8.51079
-1.4593	8.00044
-0.44127	8.56285
-0.161891	6.80975
-1.26884	7.67628
-0.594831	6.89214
-1.36843	8.72059
-1.44335	6.56352
-2.67923	8.29471
-1.85272	8.59815
-1.04856	8.51156
-2.83882	7.30072
-1.0503	6.86029
-1.90152	8.80729
0.274577	8.96086
-0.746622	8.72794
-0.398183	8.0198
1.14484	8.90065
-2.77893	7.02326
0.899433	9.21936
-1.21839	7.88413
-0.973778	8.64672
-0.563337	7.53639
0.34558	7.92147
-0.978957	5.92857
0.94007	6.17854
-2.68942	7.196
0.386985	11.6875
0.415789	8.27175
-1.40989	7.85193
-2.97021	6.41673
-2.84889	6.61338
-2.19717	8.33407
-2.09034	6.63063
-0.738493	7.15
-0.44701	9.25161
-0.286655	9.77968
-0.604747	7.8345
12.3783	1.23616
-1.55152	8.66615
0.521196	7.3525
1.36008	9.27106
-0.167289	8.74171
-2.99193	8.84302
0.60578	10.0604
-1.95706	8.16963
-3.09415	9.36922
-2.20413	6.60938
-0.872227	9.01944
-2.25837	9.04179
-1.44508	9.80513
-1.08117	7.58017
-1.04492	8.19922
-0.996726	6.9539
-0.154715	8.79971
-0.978972	7.77695
-2.91108	6.29929
-2.69127	6.96182
-1.96122	8.389
-1.08949	9.00356
-2.50836	6.77399
-0.753113	7.25004
-2.06203	7.59556
-0.628132	6.25537
1.16405	9.23213
-0.872942	6.23466
-0.608171	7.45169
-1.93941	8.47701
-1.7687	8.05395
0.62766	8.87831
0.0149195	6.90453
-0.8491	7.44176
-1.27098	8.1357
-3.04756	9.71526
-0.890213	7.20809
-1.28031	8.13322
-2.54529	6.50358
-1.94266	7.50073
-2.13328	8.76447
-0.853662	8.12366
-1.18236	8.67814
-0.357215	8.62584
-1.48833	7.59334
-0.25239	7.06797
-0.428494	8.8159
-1.69273	9.05813
-0.285951	8.51539
-0.137399	6.88473
-0.877469	7.37595
-3.04485	9.27212
-1.60327	9.19178
-0.634295	8.03224
0.766771	6.99413
-0.870673	7.42731
-1.95113	6.17713
-2.29778	6.35724
-2.07626	6.28279
-1.42715	5.97124
-1.6578	6.93155
-2.35037	10.058
-1.2128	8.82215
0.590956	9.86485
-2.26264	6.36312
-2.41092	8.05526
-0.793791	9.24485
-0.812017	6.25556
-0.467392	7.81955
-0.24496	8.45788
-0.841858	8.7032
-1.95305	6.20913
-0.747054	6.93949
-1.00257	8.57939
0.347156	8.75253
0.658487	7.89392
0.812062	6.3663
-1.01393	8.2013
-0.634572	6.2886
-2.74137	7.26761
-2.22642	8.43389
-1.12471	7.78991
-2.29102	6.74767
-0.50002	9.04645
2.02379	6.22594
-2.42561	7.43682
-0.56459	8.25753
-0.974079	6.32074
0.500566	8.59212
-1.56308	6.50832
0.264568	8.01901
-1.43621	8.1401
-3.17729	7.70048
-1.64785	9.08308
-1.49779	8.15483
-0.297881	7.70881
-0.840949	8.4717
4.95713	10.4599
-2.05293	9.30067
-1.27004	7.25893
-3.02016	7.38459
-0.840632	6.86839
-1.24252	7.37731
0.420778	7.44473
0.356928	7.54221
-2.32175	8.95491
-0.253888	8.1135
-0.389793	6.18439
0.444483	9.70625
0.471787	9.39835
-1.22003	7.32552
-0.905057	8.14946
-2.37183	9.30213
-0.52074	6.30126
-1.00976	8.13115
-1.50685	7.88259
0.956718	9.52265
1.17435	7.30259
-2.62762	8.90108
-2.69476	7.92763
-1.94327	7.72868
-1.9239	7.03152
-0.53175	8.5562
-0.0823252	8.42444
-2.68703	8.54341
-1.83146	6.11991
-1.06238	7.4169
-1.88359	6.67724
-1.51152	7.59907
-2.42439	8.27346
1.41587	8.38426
-2.00234	5.8318
-2.37022	7.76076
-2.03166	7.19869
0.116586	7.0297
-0.0762592	7.01657
-1.80351	8.51053
0.893315	8.02705
-1.12078	10.5975
0.32558	8.24875
-1.83654	7.73659
-1.86283	8.94507
-2.94412	6.56826
-1.26901	8.76249
-2.59123	7.2321
-1.99872	7.12381
0.0652882	7.32345
-0.0266264	9.35138
-2.00036	7.75827
0.72737	7.58463
-0.925168	8.7343
-2.3016	7.58205
-0.136934	6.49179
-3.14892	8.68652
-0.378547	7.56621
-0.941467	6.48105
-2.77516	7.38575
-0.830629	7.93082
-0.943535	8.76782
-1.03976	7.95065
-0.808152	8.39772
-1.50597	6.79165
-0.789532	7.64693
-0.867494	6.63298
-1.27275	7.70836
2.44504	8.66082
-1.98478	9.31421
0.0017477	7.5914
-0.0765337	7.08946
-1.6962	8.19765
-1.74568	7.41091
-1.20957	6.15844
-2.41335	6.01242
-2.22021	6.54006
-0.480919	8.69896
-0.466595	9.73003
-1.0082	7.29971
-1.441	8.00639
-0.827267	7.13755
-0.7176	8.04959
6.86802	1.23221
-0.445311	8.0226
-2.46944	7.69682
-1.83268	8.80064
-2.26934	7.39404
-0.625008	10.2932
-0.324277	8.88366
-1.14215	8.72841
-2.84396	6.83373
-0.720071	7.47621
-0.472587	7.2459
-0.685511	6.44421
-2.11233	8.47277
-0.306796	6.82412
-1.36901	7.02904
0.084533	8.72103
-2.52017	7.1104
-0.182602	8.33561
-0.582379	9.24492
-2.23542	8.20918
-3.17449	9.58018
0.435456	8.62262
-0.535362	9.02922
-0.481844	9.21367
-1.93094	7.78024
-0.515481	8.65363
0.368215	8.55854
-1.68492	7.79091
-0.664826	7.60441
-0.891668	9.71169
-1.59564	9.6804
-0.353159	8.75958
-0.795572	9.43594
0.22001	7.45862
-2.3807	7.36319
-1.86809	5.98465
-1.31479	7.30665
0.983256	7.09821
-0.718086	8.44266
-0.532469	9.5796
-0.143668	8.7614
-0.528901	7.47053
-0.726862	7.67706
-1.35563	8.73734
-1.57922	7.59485
-1.71565	7.64693
-2.88307	9.99962
-0.967278	8.42132
-1.51493	6.09856
-1.57771	9.45719
0.163236	7.19433
-1.69508	7.15004
-0.0717945	6.92509
-0.362534	8.21409
0.053567	6.46752
-0.413744	8.11564
-1.46836	7.82984
0.123305	6.22523
-2.81796	6.70432
-1.38783	7.49711
-0.693934	9.38312
-1.10154	8.0063
-2.37553	8.64906
-2.29983	7.8484
-2.82039	8.79107
-0.403137	7.49063
-1.98368	6.5985
-1.74514	10.4429
-1.32122	6.20179
-2.31055	7.9316
-1.33231	8.03283
-0.605121	10.3427
-2.5742	6.44509
2.4902	9.27619
-3.00002	8.02209
0.595996	6.51879
-1.52573	7.56144
0.691063	7.91516
0.255762	8.48967
-1.86909	8.89552
-0.14178	7.90156
-1.09365	8.73698
-1.64211	7.64474
-0.7814	8.58817
-1.08785	7.14031
-0.885093	7.44913
-1.21205	8.5902
-0.139526	6.66255
-1.31112	8.44852
0.952301	6.94614
-0.56874	8.04859
-0.992967	8.23916
-3.33872	8.36004
-0.373403	6.76044
0.201717	5.30074
0.506516	5.888
-2.15744	6.29029
-2.02272	6.65163
-0.171087	8.33018
-0.241808	8.17777
-0.750318	8.12503
-1.48759	7.85629
-0.721851	8.53581
-2.56409	6.85902
1.06919	8.58021
-2.2866	7.83927
-0.338394	8.09175
-1.57841	7.81706
-0.659703	8.31027
-2.63827	10.0885
0.0547002	7.53146
-0.76396	6.91599
-2.00904	7.19314
0.0921564	6.89166
-0.738424	6.25423
-0.561855	7.57122
-2.02275	7.63639
-0.991758	7.75971
-1.42548	9.19213
-1.1869	7.86454
-0.555901	7.059
-1.00766	6.92507
-0.127682	9.24251
-1.36331	9.39751
1.6407	6.59876
-0.430688	6.30185
-1.08307	9.9298
0.296895	5.54577
-2.46308	7.32381
0.0577991	7.22107
-0.720739	8.37666
1.73719	5.67881
0.780976	7.37812
-1.69199	8.26514
1.08479	8.55808
-2.84787	8.33872
-2.71168	7.68127
-1.35945	7.77436
-1.75888	6.1051
-1.15405	6.68396
-0.927363	7.7655
-1.77204	6.58081
-1.25794	7.83758
-2.16457	7.65992
-1.09391	6.913
-0.474636	6.82378
0.0151846	9.65517
-0.700902	7.75917
-0.329496	9.59463
-1.48579	6.70674
-1.72261	7.84181
-1.67627	7.38102
1.36432	8.15677
-0.475763	7.81774
-2.46851	6.91991
-0.323221	10.3858
-2.43343	6.72962
-1.40329	6.13073
-0.638723	8.90498
7.14157	-13.0256
-2.94793	7.04932
-2.87097	8.45943
-0.377723	7.26004
-1.22138	8.76637
-0.947666	6.95118
-2.34968	9.45676
-1.58255	7.71267
-2.88299	7.5482
-1.86754	7.08343
-1.51595	7.15575
-1.71824	6.8732
-2.1899	7.38039
-1.19958	8.65881
-1.42617	8.14497
-0.835728	6.57512
-0.372129	6.7214
0.298003	6.18684
-2.46022	7.065
-2.60233	8.4619
0.953222	7.30737
-2.9256	8.79829
0.861223	9.54418
-0.941923	8.60736
-0.430791	7.44824
0.146521	6.52708
-0.419212	8.84218
-2.36271	6.22912
-1.39646	6.08004
-2.09584	8.27181
-1.60451	10.5779
-1.12618	8.3712
0.752834	6.27399
-2.89474	9.44322
-0.910856	7.06632
-0.173124	7.48496
-2.12277	6.17139
-0.132088	8.63008
-0.445577	6.49541
0.95971	7.06283
-1.91709	7.80827
-1.30951	10.6978
-2.23178	7.1144
-2.79423	8.76589
-0.081425	7.44516
-2.21071	7.7019
-1.10635	5.81224
-0.0221109	8.04393
-1.60484	8.7313
-3.2256	9.1576
-2.04974	6.95735
0.441512	6.61069
-2.10919	8.80841
-0.350417	8.63791
-0.453361	6.25268
-2.63676	8.88313
-1.80942	6.56748
0.0319541	8.15
-0.983644	8.06391
-3.13329	6.31575
-0.539295	9.50507
-0.122448	7.91033
-1.39506	7.44382
-0.976214	9.18315
-2.46999	8.30713
-1.20829	7.27524
-0.284542	7.58979
-2.59748	9.63685
-2.38209	6.28379
-1.43386	7.7049
-2.72862	7.58374
-2.9411	7.92138
0.162038	7.09647
0.910668	7.64167
-0.407696	9.07541
-2.36698	8.11764
-0.963526	6.71758
-0.449033	7.39361
-1.69692	7.0232
-0.698711	9.75168
-2.08849	8.42358
3.95499	6.9507
-0.361998	6.92588
-1.86908	7.84732
0.0585669	5.7849
-0.636589	8.66854
0.0382665	8.53178
-2.13909	6.6105
-0.456095	9.1103
-2.09734	6.91917
-0.864359	10.2147
-0.380115	9.34962
1.5232	8.64216
-2.68444	8.04283
-3.17947	7.73059
-0.506413	8.41956
-2.86337	9.23078
-0.615757	9.10861
-0.297359	9.86453
-0.380969	9.14914
-0.142419	6.24552
0.113519	9.56808
-2.71865	8.57047
-2.41508	6.0992
-0.851921	6.30568
-1.13351	7.17876
1.34672	7.61048
-2.59561	7.76909
-2.62464	6.95306
0.911138	5.68207
-2.30247	9.73236
-2.52901	7.96434
-2.55763	8.35359
-0.423773	6.41771
-1.73128	8.20532
-1.8734	8.57881
-2.31598	7.52242
0.509582	6.11831
-1.48996	10.5714
-2.17498	7.26453
-0.44495	6.84886
-0.171101	6.72077
-2.14059	8.15782
-0.623774	6.65891
-2.38438	6.2171
-0.750552	6.49794
0.0389388	8.13694
-1.13806	7.57517
-0.045431	7.1917
-0.288193	9.4833
-1.60887	5.91792
-0.818055	6.19286
-1.70574	6.49499
-0.969116	8.63371
-2.54134	8.36093
-0.711348	7.85949
-2.4188	9.20631
-1.87074	7.36146
1.03883	9.08092
-2.5603	7.18731
-1.23158	8.50501
-2.01692	6.57956
-0.530069	6.30368
-0.371864	8.61401
-1.26972	6.33944
-2.01859	8.128
-0.690774	7.33955
-0.19267	8.35373
-1.22062	9.18716
0.319492	7.12587
-0.0172216	8.66674
-2.50533	7.53319
-2.47772	8.0647
-0.352593	6.2769
-2.55856	6.92637
2.35909	10.5951
-0.436326	9.53659
0.74494	9.26926
-1.11807	7.02383
-2.25969	6.47549
0.151124	9.76056
1.20572	7.41399
-0.812855	9.00062
-2.21309	9.23584
-2.79995	7.88485
10.7661	0.51213
-2.47141	6.7788
-1.87872	7.43013
0.208847	7.49569
-2.20712	6.34022
1.40701	9.62412
-0.790657	6.41031
3.0296	8.03251
-0.541712	8.95739
0.104505	5.71462
-1.64121	8.60938
-1.38792	6.98205
-1.89884	8.42511
-1.87714	8.05182
-0.808361	7.9184
-1.35955	8.3488
-1.95546	6.55684
-0.454916	6.11157
-1.96955	7.01171
-0.323571	8.65272
0.233279	7.26719
-0.317984	6.34233
-2.25704	8.61714
-1.34651	9.74926
-0.488956	9.29666
-1.18197	7.63255
-0.705551	9.35212
-2.17626	8.73569
-0.0721581	8.11629
-1.27491	6.28231
-1.22369	7.9696
-1.38194	8.74121
1.32002	3.37902
-1.95427	6.07902
-0.219859	9.0889
0.202954	8.29216
-2.34259	6.56415
-1.67911	7.88696
0.253661	8.25677
0.114084	7.30352
-2.22614	8.776
-0.812998	6.30157
1.05847	6.5942
-0.144651	8.93894
0.792271	6.57334
0.292331	7.02351
-1.79726	6.89218
-0.969839	7.05582
-2.00676	10.0184
-0.33116	8.45714
0.312598	7.54274
-2.76676	7.55742
0.881664	10.264
0.78692	8.5682
-2.5086	7.42458
-2.92625	7.4406
-1.52853	7.27933
-2.4722	7.96364
-1.9917	6.09644
0.365117	9.47757
1.19627	6.52615
-1.79567	6.75038
-1.98505	8.36734
-1.59466	6.73755
-0.561341	9.71154
-1.87529	8.68663
-0.278524	8.13135
-0.626468	7.78037
-0.914786	6.51897
-1.04435	6.64244
-1.24721	7.9014
-0.231448	9.65765
-0.518248	8.48286
0.687048	6.61207
-1.01711	9.1031
-2.50958	7.37101
-1.53555	8.54043
0.0853264	8.80192
-0.0295254	6.25441
0.0394543	7.82057
-2.24738	8.71404
-2.87378	6.93125
-2.1367	8.29869
-0.990234	7.25382
-2.85513	6.3127
-0.325709	8.60493
-0.934951	8.17827
-1.40832	7.74545
-1.95934	8.80136
-2.22404	8.33614
-1.74093	7.7601
-1.78536	6.34402
-1.49584	8.62158
-1.39594	6.3586
1.77077	7.6784
-1.07169	7.64336
0.345222	8.58061
-2.60583	8.96426
-1.93731	8.39179
0.128282	6.93858
-1.66463	7.59631
-2.26548	8.74759
-0.344115	6.11066
0.0663184	8.03861
-1.71765	6.52274
-2.55452	7.64098
-1.83295	9.72715
-2.84492	9.74665
-0.292003	7.31028
-1.9924	7.11941
-0.893495	6.512
-1.27382	6.19727
-0.697026	8.92408
-1.34337	6.2328
-0.200212	7.64612
-0.188289	6.31129
-1.19622	7.89642
-0.434538	7.63629
-0.53479	9.7958
-1.30279	7.56743
-1.85021	9.04826
-0.0989378	6.48592
-2.2985	6.53038
-1.08501	9.28772
-1.90899	8.45256
-0.997941	8.39516
-1.94999	8.3872
-1.01089	6.73093
-1.51744	8.27209
0.104499	8.78297
-1.61751	8.5571
0.602385	7.02112
-0.0818217	6.60707
-2.89423	7.61968
-2.64526	9.13859
-2.36049	7.62625
-1.37334	7.74482
-0.0571156	9.90095
-2.94892	7.15318
-0.796313	8.14147
-1.08449	7.16054
3.10679	2.04576
-2.11419	7.88414
-0.5424	8.29117
-3.08595	6.86464
-1.1148	6.69572
-1.80745	7.74231
-1.49301	6.45106
-0.736207	8.54163
-2.39115	7.94209
-1.02279	6.41448
-1.32949	8.11785
-1.20683	7.52493
-2.56299	8.29744
-0.259787	9.45862
0.240206	7.87297
-2.29192	6.54202
-0.925466	7.93656
-1.71346	6.17192
-0.489913	8.17597
-2.84859	8.70955
-1.73639	8.14739
-2.7818	9.23793
-0.953967	9.65057
0.274347	8.72018
-2.69337	7.06482
-2.06038	8.68595
-1.62268	7.72
-2.43657	10.6336
1.47245	8.30965
-1.987	7.1008
-0.420459	5.98446
-0.451122	9.39102
-0.432671	8.08009
-2.08177	7.85439
-2.34131	8.10197
-0.682455	7.73849
-0.133032	6.0769
-0.0209121	8.96497
-0.842013	9.31085
0.174074	9.62131
-1.45634	6.46307
-0.42484	7.08861
-1.88127	6.56589
-2.03284	8.1186
-0.359344	6.80032
-1.34525	8.13561
0.250533	6.39185
-3.02702	8.68116
-1.32607	7.83772
-1.06119	6.75044
-0.996409	9.66197
-0.387491	7.76787
-1.14154	10.352
-1.92144	8.05729
-0.0850159	7.32615
-2.74012	8.77987
-0.0929944	7.99748
-2.90387	6.91436
0.0935115	9.05592
-1.81597	8.14964
-0.547382	7.28238
-0.590694	7.56741
-2.28852	6.77197
0.32349	9.19567
-1.81017	8.1622
-2.5412	6.84437
-0.453705	7.86796
-2.00136	6.36766
-0.264797	6.62969
-2.34395	6.59242
-1.52581	7.99227
0.786458	7.77131
-0.306194	9.47955
-0.998461	9.00247
0.301437	7.54404
-1.53105	7.98994
-0.989943	7.91615
-0.428969	8.68496
-2.19909	6.49967
-1.0242	7.98645
-2.45814	6.20392
-2.5203	8.69196
-0.813169	6.22961
-1.35401	7.77984
-1.61982	9.06153
-0.330346	8.97089
-2.16145	6.88362
-2.40211	9.48025
-2.02959	6.2142
-0.762083	7.60452
-0.0844398	8.73417
0.526501	8.99523
-0.627526	8.74398
0.19353	7.84357
-0.330825	6.74266
-2.13974	7.23592
-2.86643	8.18677
0.309369	8.96034
-1.78377	9.98278
-2.14062	9.34143
-0.138208	7.96133
-1.11654	7.11204
-0.886581	8.33803
-0.433305	8.57447
-2.36167	8.92766
-2.30462	7.34119
0.45544	10.5089
-1.60711	5.95693
-2.64003	7.73428
-0.483782	7.69446
-0.880143	7.17333
1.63088	8.80709
-2.20454	7.55781
-0.19939	8.69496
-0.0672325	8.67036
-1.30625	9.43577
-0.874176	7.57906
0.921504	6.09311
-0.0112371	8.68229
-2.46291	9.30758
-2.53775	8.32854
2.20412	5.01838
0.0416377	6.71183
-1.48717	6.0554
-0.647584	8.37021
0.109587	9.10076
-1.11285	6.61262
-1.8603	8.50411
-1.33521	7.809
0.549437	6.67999
0.750546	5.53337
-1.28932	8.46421
-1.92451	6.47698
-1.44311	6.61441
-1.46962	9.46018
0.0011871	9.30469
-0.931818	6.17338
-2.47442	6.32637
-1.89815	7.53919
-0.658289	8.63356
-1.55671	6.36164
-1.45301	8.39386
-0.233805	7.02726
-2.12288	8.85067
0.00656168	7.0329
-2.7668	6.33697
-3.06624	8.07193
-0.607523	8.95541
1.35615	9.17345
-2.41844	8.89974
-1.56992	7.32761
-0.0571761	-3.47385
-2.4394	7.52543
-2.34276	6.9258
0.0705263	7.12733
-1.35605	6.53198
-1.69642	11.0358
-1.53334	8.37368
0.00745577	7.31527
0.189335	7.83842
-2.12383	10.6678
-2.08947	6.16239
1.09	9.90725
-1.6884	7.99148
0.905944	9.22681
1.82624	7.08887
-0.0621853	8.35253
-0.952402	8.34569
-1.67281	8.84826
-1.60217	7.95536
1.43288	6.93903
-1.78091	9.10499
-2.28248	7.74689
0.935031	7.58712
-1.862	7.84685
-2.40898	6.21482
-2.35529	8.30071
-1.97909	6.75457
0.419342	7.33469
-0.766626	7.4341
-1.08729	8.23384
-1.68209	8.29005
-2.43247	8.32687
-2.79628	8.99793
2.12212	5.56566
-2.40207	8.39822
-2.2101	6.48087
-1.32682	6.40041
-1.50374	7.20916
2.04681	8.6807
-2.09516	8.44479
-3.35775	6.70201
-2.9391	7.97948
0.0680546	7.14826
-2.75648	7.28666
0.725703	8.279
-0.0638312	6.71467
-3.09168	8.09927
0.0150491	6.22552
-1.06779	8.35788
0.0914278	7.35277
-3.08288	9.09501
0.205655	9.05682
1.8282	5.22479
-0.15177	8.85297
-0.532686	8.88942
-0.20031	6.07733
-1.56893	9.87285
-0.354303	8.08603
-2.2651	10.0314
-0.183353	8.02808
11.2352	0.173023
-2.39323	7.09575
-0.173017	6.46232
3.6667	6.57656
-0.640098	6.64866
0.812509	7.4693
-1.62391	8.88409
-1.57374	7.0651
0.349296	7.48702
-1.0736	6.58471
-2.12373	7.14157
-0.233456	7.90606
-0.403418	7.1098
-0.949523	6.00175
-0.851566	6.90158
-0.200448	7.5836
-1.28612	7.22921
-0.941085	6.30753
0.845892	9.37861
-0.34624	9.4228
-1.37158	8.74778
1.24279	6.1721
-1.48513	7.3479
-0.559648	8.62266
-2.5602	8.01218
-0.404391	7.40083
-0.428194	6.49242
1.60364	7.17075
-0.896197	9.37561
-2.38094	7.0347
-2.08881	7.48646
-0.10511	6.81343
-1.65194	7.56943
0.327974	7.05472
1.76959	-3.55794
-2.98432	6.10993
-0.842077	8.72714
-0.0785983	7.81989
-2.47121	7.04754
0.0345936	6.87858
-0.238211	8.1109
0.852866	5.12305
-1.03668	8.47461
-1.99813	7.99248
-0.299795	7.98219
-0.480566	8.10693
-2.65259	7.73787
-1.69784	7.99735
-2.50428	9.01295
-1.46011	7.71271
-0.857811	9.07457
-1.16843	7.61694
-2.18506	7.68068
-0.166513	6.46304
-1.97356	8.56892
-1.22981	9.10318
-1.53098	8.29893
-1.43359	8.93798
-2.41577	8.20364
-2.05318	6.5494
0.383997	7.29708
-1.1102	8.37701
-0.169253	8.29712
-1.03332	8.57739
-0.737633	7.75439
-1.49977	7.28047
-0.387344	8.63412
-3.09488	6.40884
-0.368939	9.63459
-2.51641	9.24616
-3.00834	14.7042
-1.68632	9.46816
-0.762867	9.2929
-3.02358	6.08108
-1.20271	6.60432
-0.43023	6.8894
-1.64229	7.26472
-1.91879	8.92824
-2.12079	6.78649
-1.28353	8.2276
-1.00089	7.53237
-2.80867	8.71917
-0.975952	7.82401
0.615639	8.91852
0.831987	4.68426
-0.727203	8.05937
-1.69382	7.12085
0.119805	9.59681
-0.735608	9.57903
0.446421	8.49774
0.577794	10.3438
-1.36408	9.36972
1.54341	9.41214
-2.55115	7.84988
-3.02701	6.67982
-0.0515078	8.48216
1.26162	9.72755
-1.51803	5.89267
-1.91951	6.16927
-0.0478469	7.25352
-1.02661	8.30806
-0.368087	6.69698
-1.52524	7.01711
-1.14822	8.2893
-2.38433	6.75519
-2.84037	9.03305
-0.701857	7.78125
-1.6444	7.34106
-2.77823	8.0276
-0.939657	8.46284
-1.0832	9.0293
-0.52774	7.17107
-0.0956477	8.33955
-1.20285	9.60706
0.898078	7.92937
-0.748851	7.90885
0.249649	7.57321
-1.19996	8.92992
-2.8957	8.37049
-2.98139	8.17506
-0.18494	7.98496
0.862501	9.14148
-0.781679	7.90173
-1.24436	8.32945
-0.983961	6.97155
-1.64387	8.33241
-2.15708	8.11399
-1.09501	8.92542
1.10182	8.06443
0.306138	9.43472
-2.90601	8.00603
1.06097	7.27887
-3.03762	6.37323
-0.776834	8.53477
-1.15855	7.41017
-0.0511321	8.8561
0.153437	9.55957
-1.84174	9.87905
-2.96594	8.4068
-2.05336	9.17209
-0.418874	7.58517
-2.29473	10.1725
-0.302582	7.59526
-0.783661	7.26014
0.0244348	7.9508
-2.24617	8.18274
-2.13166	6.66954
0.218372	7.77318
-0.404574	6.91422
-1.55581	7.73392
-1.17271	6.69596
-2.789	8.12441
-1.76414	9.13021
-2.71222	8.43569
-2.74196	8.27779
-1.82981	7.4582
-0.699643	7.61619
-1.0718	8.19232
-2.42482	7.34513
-1.53862	8.92174
-1.90861	6.68889
-0.329198	7.71886
0.252586	8.55401
-0.154121	6.16548
-2.51164	6.51505
0.454199	7.70329
-2.6583	6.35849
-1.38394	7.31802
-0.180759	7.79388
-2.07819	7.16223
-2.37657	6.70312
0.628184	9.98219
-1.18798	8.2716
3.81747	11.3224
-2.83863	7.46182
-0.662908	8.95845
-0.749814	6.57137
-2.03022	9.8628
-0.29382	8.95201
0.542009	7.74213
-1.3465	6.85367
0.0726374	8.90413
-2.73501	8.67656
0.323343	6.62878
-1.13658	8.08762
-1.7397	8.27576
-1.70859	7.82286
-0.525021	8.05248
-1.03408	6.57348
-0.306289	8.1658
-3.05981	8.5822
0.799577	6.22157
-2.25116	7.5353
-1.85567	7.24133
-0.509538	6.10805
-0.470824	6.28585
-0.319407	8.18812
-3.06529	6.77246
-1.0956	8.13058
0.00976323	6.48744
-2.3568	6.54183
-1.3358	7.54156
-1.55948	9.01654
-1.51059	10.662
-0.702881	7.39305
-2.03279	7.99331
-1.7073	7.99919
-2.42286	9.34626
-0.955053	6.79532
-0.483207	7.85059
-0.888064	7.96859
0.346208	8.72872
-1.73567	9.41877
1.30586	7.71922
-2.58503	7.75472
-0.716532	8.42827
-1.92788	9.66097
-1.06645	9.74344
-0.383267	8.03696
0.427038	7.33352
-1.89107	7.50424
-1.45812	6.83565
-1.40729	10.5066
-2.99792	8.45
-2.15448	8.20783
-2.9167	10.6702
-1.40775	7.09017
-0.6685	7.09331
-1.52625	6.86124
-0.568991	8.59755
-1.63459	7.30271
-2.36125	11.7063
0.945459	7.20937
-0.633235	8.40938
0.273587	6.38297
-1.12181	6.55615
-0.53913	6.3389
-1.8417	6.01525
0.39567	7.21002
-0.273727	6.47665
-1.14473	8.38104
-1.87688	9.87646
-0.929637	9.65835
-0.894192	9.42046
-1.18077	9.17923
-1.45191	6.06123
-2.68925	8.71621
-0.846709	8.34754
-2.53586	7.28198
1.3543	8.22365
-1.262	6.39961
-0.789822	7.13757
-0.12489	8.93004
-0.629254	9.11659
-1.1053	8.07267
-0.685246	7.51438
-0.169943	7.68816
-1.86738	9.17013
-1.62721	7.53169
-1.70871	7.27508
1.25893	9.41459
-1.53686	7.79419
-1.80316	6.84154
0.773466	7.90164
-1.83598	8.77834
-2.05002	7.45385
-2.58677	7.21116
-1.32389	10.1884
-1.1372	6.50981
-1.21946	8.08308
-1.41678	8.80682
1.16961	6.85683
-2.41292	9.02011
-2.50567	7.67322
-0.766606	6.99299
-1.43709	10.1987
-1.0109	8.15876
-1.7785	7.93089
-1.28024	8.24138
0.111571	7.01592
3.97033	5.00484
-0.583708	6.80898
-2.41962	8.123
-0.087262	8.83829
-0.167697	5.92753
-1.43891	10.2847
0.899317	5.59119
0.0668442	7.06661
-2.94265	7.25932
-1.03714	8.76673
0.164334	8.41819
-0.249417	8.18715
1.21544	7.32761
-2.35258	7.57927
-0.527377	8.69828
-2.70644	8.39112
0.357379	8.73296
-0.376488	8.0347
-2.69384	8.09494
-2.21151	7.2398
1.85511	9.61165
-2.30853	7.05923
-0.588666	8.58768
-2.1602	7.31829
-2.05942	8.41792
-0.142708	6.43843
2.91925	6.85786
-0.0370172	9.98004
-1.2246	9.03524
1.57302	6.44042
-0.346976	7.50099
0.862781	7.47671
-0.821642	8.5752
-1.82049	9.25977
0.572948	8.1453
-1.16798	7.2368
-0.129074	9.34051
-2.17789	8.08614
-0.618053	7.39145
-0.74305	7.0599
0.488814	8.69479
-1.94349	8.09377
-1.50216	7.39845
-1.57715	6.90536
-3.12984	8.86615
-2.15683	6.38485
-2.6018	9.36893
-0.677089	6.12217
-0.295066	6.59722
-1.44606	9.14892
-0.420039	6.77105
1.01516	7.17067
-2.48653	7.56922
-1.92247	7.68401
-1.2762	9.28341
-2.85438	7.3426
-1.39594	7.8584
-1.77817	7.03228
0.479319	7.3732
-1.20599	7.38899
0.316775	9.79184
-0.52979	6.33774
-2.06573	7.76609
-1.52188	7.77013
-0.856814	8.90163
-0.0758921	7.83857
1.08203	8.98464
0.0964511	7.7872
-0.851628	8.34388
-1.1534	7.72282
-0.130719	9.04637
-0.271881	8.40974
-2.1691	8.30958
-1.81721	7.40869
-2.04365	8.58612
-1.70387	7.34094
-1.51159	8.60022
-1.50103	7.50141
-0.866978	6.45983
-0.559773	8.72711
-1.05337	9.03013
-1.61233	6.77612
-1.67416	9.03035
-2.48896	7.25492
-1.11696	8.47954
-1.81339	6.6145
-1.19275	6.77107
-3.05541	7.39838
-0.788178	6.8987
-1.48547	6.35613
-0.788895	6.38197
0.860541	6.30183
-1.76365	9.90454
-1.51277	8.03291
-2.07567	8.94302
-1.41651	6.26339
-1.76979	6.38492
-2.54851	7.17397
-0.888808	9.40407
-1.85677	8.92357
-0.658831	7.93339
-0.0247556	7.82496
0.150278	8.18953
-1.85006	8.01284
-0.604586	8.76474
-1.44465	8.86549
-1.11721	6.9062
-1.26523	6.35831
-2.47046	8.18956
-1.17984	7.55048
-1.2413	7.69123
-1.69022	6.87358
-2.71385	8.45698
-0.945697	6.7782
0.211174	7.97434
-1.90995	7.92643
-2.5831	6.46882
0.225088	7.81966
1.32018	5.19487
-1.01964	6.93412
-0.563003	8.96622
-0.153539	7.8819
-2.63286	7.34725
-1.59019	7.8921
-1.04013	9.94077
-2.70959	7.19051
-0.936417	9.01812
-0.464366	7.53511
-1.15425	6.72468
-0.326342	8.27687
2.182	8.62776
1.59071	6.99419
-0.160769	6.24619
-0.20741	7.69511
-0.944521	7.80838
-2.94551	6.70581
-1.3616	7.52219
-0.134143	8.71183
-1.38511	5.99888
-0.868728	5.89165
-1.74828	7.64562
0.749571	6.58815
0.221764	6.42096
-1.31357	8.87284
-2.42794	8.34576
-2.57124	8.31028
-1.1042	7.79375
-0.538554	7.07507
0.010913	8.12112
-0.355231	6.87589
-1.46732	8.21202
-1.89803	6.20524
-0.434496	8.17663
-1.60144	8.32678
-0.481142	7.21583
-0.0404937	8.2433
-2.48898	9.55504
-2.32906	7.94494
0.00447974	8.27997
-2.94379	9.3543
-0.47038	6.32889
-1.7281	8.68901
-0.570596	7.97781
-1.43057	7.38153
-1.15901	6.09258
0.0201988	8.01262
-1.22726	7.19721
-1.09915	9.83684
-1.07834	9.3102
-1.89269	7.90372
-1.28259	6.66632
-2.98739	7.69188
-3.20533	9.08956
-1.9013	9.27332
-1.55948	6.5566
-3.14745	6.39812
-1.04571	7.72373
-1.15491	7.3904
0.571928	8.81883
0.0994465	10.538
-1.39732	9.2721
-0.414094	6.94273
-1.15504	8.76319
-0.294529	7.67839
-0.802111	7.61808
-0.942853	9.728
-1.9758	9.60324
-1.83904	7.73342
-0.325501	10.2859
-0.117887	6.66812
-2.52095	9.20053
-0.350201	8.73885
-2.88927	9.23189
-2.0529	7.70548
0.342559	6.78677
-1.45276	6.63129
0.690585	5.87588
-1.95492	8.21886
-2.98469	9.24222
-1.46794	7.34266
-1.88055	7.20582
-0.255223	8.31928
-1.10182	8.23048
-0.732759	8.88656
-0.301248	9.30888
-1.5062	7.3984
-2.50565	8.57405
-0.234058	6.12009
-0.933023	7.4693
-2.223	8.75533
-0.487004	6.30955
-0.270937	7.7446
-1.92451	7.83632
-0.264594	6.97826
-0.362422	6.44611
-1.8755	7.02067
-0.928592	7.88716
-0.542464	6.42796
-0.654902	6.74677
0.626313	8.97192
-2.58008	7.58246
-2.22483	6.76933
-1.05873	6.81622
-2.38519	5.95791
1.14454	6.1304
-2.11758	8.62147
-0.350124	6.91495
-0.356139	7.14083
-2.56299	7.11747
0.376717	6.10167
-1.51339	8.82911
-1.19989	8.80457
-0.885905	6.35732
-0.46228	6.07768
-0.0933578	7.39782
-1.27556	8.5503
0.211187	6.83632
-1.66281	6.12209
-0.485439	7.50621
-1.74802	5.87804
-0.740336	9.22036
-1.95567	10.4597
-0.537241	9.20369
-0.668531	8.45167
-0.628414	6.48765
0.43698	9.79779
0.946915	6.62649
-1.16526	6.81027
-0.443242	6.60472
-0.902122	7.43918
0.296136	7.42735
-1.02598	8.57517
-0.561644	6.48612
-1.10111	6.35386
-1.37556	5.89821
-1.2229	9.07557
2.53088	10.6235
-0.549534	6.76515
-1.46038	7.93139
-1.55444	7.68691
-0.661733	8.22432
-0.311361	8.78326
-2.36184	6.4552
-0.542558	7.67855
-1.14554	9.32364
-1.37099	7.90547
-0.955646	8.72584
-0.24153	7.11399
-2.29858	9.8472
-1.56661	9.10036
-2.54359	8.24055
-2.56218	8.74224
-2.27491	8.13043
-0.314191	6.90962
-1.04752	9.75745
-0.903003	6.38243
-0.272179	9.34983
-2.27441	9.29953
-1.75836	8.99402
-0.436622	6.02032
-0.310655	8.27986
0.844227	7.08988
0.173064	6.58332
0.520243	8.80876
-0.192285	8.93824
-1.69563	8.63596
-0.50366	8.80505
0.479016	8.7732
-1.17105	7.73563
-0.539253	8.145
-0.719917	9.22678
-0.00973386	9.69724
0.58539	8.2535
0.181217	4.50501
-0.262066	6.41573
-0.186378	8.17844
-1.66455	6.97019
-0.145202	8.34094
-0.816461	8.47481
0.379482	8.4683
-1.46392	7.66919
0.140514	7.25899
-2.63646	9.24209
-1.37472	6.97309
0.264519	6.80111
-1.67273	7.53122
-1.41878	10.0431
-1.46411	8.50897
-1.74677	8.29485
-2.74852	8.47781
-0.148918	7.45298
-0.644893	6.65468
-1.13456	8.31819
0.337198	7.76552
-1.2329	8.60039
-0.646652	6.48914
-2.57485	7.29952
0.901097	9.10614
0.629688	8.87101
-0.703078	8.79044
-1.97423	8.5901
-1.86013	6.5759
-1.04014	6.18975
-0.268041	6.06991
-1.03256	6.60239
-0.186852	8.24263
-1.96462	8.31016
-1.92594	9.50742
-0.696478	7.36107
-0.317884	8.68741
-1.78771	8.10776
-2.97116	6.66879
-0.175651	7.61449
-1.07167	8.99429
0.0482566	7.84781
-0.195009	10.7085
-0.53221	9.1427
-1.13561	8.80342
-0.373559	6.25635
-2.87009	7.92828
-0.719273	8.58686
-1.67073	7.5599
-0.543992	8.61062
-0.417825	6.82068
-1.34853	8.51009
-0.99523	7.76055
-2.1218	10.258
-0.817565	7.86158
0.157093	8.72134
-1.06684	8.23972
-0.654447	6.04463
-2.54328	9.77203
-1.09851	8.37418
-1.46502	10.8
-2.45297	8.7643
-1.69697	7.28011
-2.17876	7.40368
-2.21749	8.03902
0.657153	8.93336
2.67328	5.96492
-3.1084	8.20664
-1.91953	7.10754
-0.673325	10.1605
-2.36212	6.4431
-0.452053	9.7502
-0.62986	6.68521
-0.694213	7.19876
-0.0775168	6.05746
-1.84594	9.29254
-0.185846	7.16235
-0.433881	8.11728
-0.553999	9.45336
-1.09045	8.3457
-1.26123	6.36243
-2.15747	7.08474
0.439674	6.8327
-0.400245	8.11264
-1.17285	7.91212
0.608392	10.0406
-2.51687	7.87823
-1.57505	8.32235
-1.68371	6.26715
-2.16892	8.11646
-2.1864	9.92539
-2.65476	6.79446
-0.089127	8.65209
0.22205	7.87088
-2.96924	8.21429
-1.96443	8.18558
-0.899502	8.30479
-0.992186	8.63061
-2.88615	7.4705
-1.14859	8.23647
-0.511762	8.20713
0.0158682	7.52664
0.795693	8.13255
3.70584	14.5417
-0.519266	8.50551
-0.770915	6.24784
-2.16253	6.3236
-3.06302	6.90908
-0.501642	9.24013
0.448196	8.26952
-0.147673	8.57349
-0.912134	7.07779
-0.216156	8.9602
-0.865595	8.45706
0.451463	8.91208
-0.0150532	7.50869
-0.377549	8.77927
-2.04062	6.79093
0.940511	7.14892
2.05468	6.95192
-1.0177	7.34158
-2.69743	6.18229
-2.42648	9.15227
-0.852065	8.2927
-1.24598	9.18073
-1.66621	7.30983
-0.359543	8.56846
-0.926379	8.53049
-2.14612	7.93375
-0.438389	6.18912
-2.77173	7.07722
0.0248531	9.60673
-0.715674	8.85289
-0.593724	8.22292
1.14141	11.5714
0.2568	6.55897
-0.690858	7.26424
0.142038	9.52859
-0.379871	8.41372
-1.91944	8.14129
-2.75659	8.73071
0.965928	6.19736
0.458344	7.39447
-1.97403	9.8712
-2.4685	8.10297
-0.416013	7.1734
-0.917262	8.2361
1.36438	9.47588
-0.816805	7.23584
-0.245731	8.38072
-2.49836	8.06933
-0.632445	7.37729
-1.554	8.34558
-0.408286	7.93376
-1.91908	9.57409
-2.01641	8.53363
-1.26471	7.51992
-2.93625	8.85906
-1.56565	8.14652
-0.0781128	8.28621
-0.798489	9.07027
-2.18824	6.61223
-1.35101	10.1592
-1.80703	7.67821
-0.32581	7.86205
-2.13012	7.95342
5.83956	11.9327
-0.981273	9.20212
0.752332	8.84867
-1.0818	7.37835
0.979322	8.21521
-1.10838	7.75526
-1.84658	9.42075
-0.366386	8.28374
1.05604	6.64432
0.533545	6.25728
-1.92004	8.65634
-0.845777	8.10503
-0.933901	7.10346
-2.91465	8.62643
-0.055391	8.8789
-1.44602	8.23275
0.0271472	6.33789
-1.4832	7.28775
-2.03055	7.07526
-2.62827	6.90043
-1.48251	7.09364
-2.13074	7.04925
0.0147131	7.30816
-0.626912	7.12506
-2.56771	8.88018
-2.32245	8.36458
-2.45392	9.11384
0.370684	9.16987
-1.81843	7.27331
-1.95252	7.13515
-2.15554	10.2171
-0.814519	9.04065
-2.03001	6.63779
-0.656519	6.09834
-2.636	8.11084
-0.692968	6.48376
-2.71649	9.69417
-0.198684	8.74655
-0.865238	7.46396
-0.176397	5.84413
-1.39358	6.49179
-0.119423	7.41099
-1.59186	6.89905
0.168052	9.24319
-2.16852	7.71754
0.274886	8.63669
-0.823371	7.83949
-1.05457	6.89761
-2.61347	8.26947
-1.8568	8.06026
-1.08809	7.86732
-0.346466	8.6469
-0.936867	8.8106
-0.120468	7.21783
0.595037	8.56985
-3.11869	7.72684
-1.98959	8.08062
-0.286192	7.67559
-0.859041	5.81038
-2.53463	6.28663
1.48077	9.0364
-2.67634	8.81032
0.393112	7.07128
0.182956	7.86656
-2.66816	7.35088
-1.09219	7.45201
-1.33025	7.22315
-0.829894	7.27511
-0.747723	8.59627
-1.44808	8.53855
-1.69	9.54632
0.174416	7.58633
-0.955017	6.22202
-1.3195	8.33523
-2.1016	8.33157
-1.12437	10.3861
-1.19347	8.37757
-0.855279	9.69437
-2.15964	5.97622
-2.87539	7.90055
-1.78385	8.50564
-2.62951	8.67247
-2.43267	6.58739
-0.568262	8.87768
-1.6332	8.14593
-1.5618	8.65529
-2.09272	6.14431
-0.539001	8.1846
0.0265337	8.04221
0.85481	8.0709
-1.84077	8.11879
-1.42247	8.56459
-0.733033	8.57719
-0.23042	7.88968
-1.63127	11.0417
0.769751	8.1114
-2.91747	8.50024
-0.320456	8.56235
-1.86213	9.12363
-0.0472525	7.01016
-2.12104	8.02784
-0.126723	6.81165
-0.479231	6.0667
-0.557417	7.28714
-0.197337	6.70705
-1.84347	6.54888
-0.363894	6.85599
-1.27123	8.5278
-0.599634	8.51136
-1.77854	6.21952
0.327151	8.16041
-0.970475	8.00143
1.65382	3.26057
-1.99689	6.19578
-2.23692	6.13249
-0.718849	6.41958
-0.815223	8.77756
-0.98653	7.24195
-0.558457	10.2498
-2.57999	8.64576
-0.0368357	6.66982
-0.276745	8.78996
0.345023	8.42864
0.503884	5.93429
-0.0458588	8.56878
-1.19563	8.57042
-0.785839	8.31302
4.89589	13.6582
-1.47447	8.42146
-1.51523	7.52396
0.100928	8.78138
-2.66921	7.15162
-2.36465	8.26988
-0.527201	6.6498
0.755787	7.11159
-1.09306	8.37169
-0.774281	8.09961
-1.92231	8.54479
-0.205622	8.00358
-2.73651	7.31576
-2.07889	6.66358
1.15174	8.06189
2.37657	6.30883
-1.30955	6.70057
-2.26755	7.44717
-0.730397	7.64242
-1.25311	8.82387
-0.751841	6.9491
-0.114344	7.20876
-0.524325	8.95505
-0.251368	8.14666
-0.432884	7.96551
-0.640709	6.16902
-1.02296	8.87662
-0.11395	9.05453
-2.57159	7.7757
0.0586654	8.1211
-1.20675	8.50039
-2.56724	9.74957
-0.0202467	8.3184
-1.73067	7.67174
-0.733903	9.11226
-2.07164	9.27207
-1.39425	6.54755
-2.90172	8.74905
2.15694	9.38024
-0.938012	6.37932
-0.532047	7.58454
-0.84973	9.90753
-1.70524	8.82283
0.900154	8.31166
-0.123699	8.8176
-0.377239	6.78841
-0.371581	8.75627
-1.04984	8.12821
-1.81551	9.0873
-2.50448	8.80676
-1.77114	6.23444
-1.30732	9.26209
-0.549588	8.37447
-2.0227	7.2646
-1.18038	8.6318
4.52232	9.04908
4.56186	7.02007
-0.614797	9.19693
-1.14549	7.83649
-0.318064	8.04735
-0.639196	9.23809
-2.15001	8.59594
0.016969	8.69786
0.938471	8.86203
-2.79006	8.18684
0.216533	7.80194
-2.4678	9.0217
-1.09833	8.8083
-0.540107	8.1375
-0.567652	7.51919
-0.540244	8.53939
-2.19407	8.97318
-1.546	8.51429
-2.29349	9.76018
-1.60585	8.50678
-2.28225	9.13853
-1.29595	8.64937
-2.02085	6.54826
-1.17568	9.06207
1.1744	8.06281
-0.232954	8.20004
-0.256968	7.19048
-0.199073	7.58707
-0.47116	7.29169
0.337323	9.12004
-1.13078	8.46274
0.452832	8.72984
-0.962877	13.1924
-2.44521	5.84518
0.45796	7.74924
-2.35981	10.5452
0.37981	7.94012
-0.743521	8.78455
-1.67373	7.00931
-1.98831	6.0977
-1.09995	9.341
0.372194	7.64606
-2.95227	7.06285
-0.788086	8.05183
-1.17843	9.22144
-0.411827	6.85199
-1.92935	6.5625
-0.751157	6.02704
-0.0359495	8.79438
-1.94	7.53939
-0.24826	6.54963
-0.26341	8.79697
-1.46218	6.02016
-2.38795	7.99518
-0.719238	6.90458
-0.476521	6.40152
-0.483524	8.18816
-1.25928	8.33267
-1.13323	6.90867
-2.11359	7.4198
-2.22538	8.04811
0.0791548	6.38778
-0.752005	8.14965
-2.13257	7.33414
-0.236815	7.2553
-3.16544	9.46653
-0.726633	8.97681
-1.83207	10.0733
-1.50657	6.46325
-0.158557	8.0819
-0.6123	8.19385
2.39003	6.52317
1.24032	8.5573
3.12023	10.5092
1.13887	8.5378
-2.9212	8.83878
-0.805803	12.7557
-0.245051	8.56657
-1.88872	8.10282
-0.271831	7.92988
-2.74632	8.02704
-0.621574	6.3424
-1.02027	6.88173
-0.792655	6.07177
-2.36193	7.32647
-2.4012	7.9854
-1.63364	7.26348
-2.70526	9.43436
-2.25521	6.48622
-0.856547	9.12702
-2.50993	7.46909
-1.38054	8.93979
-2.76951	7.22586
-0.328144	7.4101
-1.77312	8.75826
-0.856376	9.87336
-2.03744	8.52717
-2.88984	7.71576
-0.340247	7.12595
-1.00322	7.09998
-1.33414	7.65806
-1.41084	9.09944
-0.532238	8.70196
0.560445	8.67392
0.483879	6.66988
-1.86832	6.39269
-1.94152	8.31188
6.24655	6.18269
-1.70798	8.15168
-0.707581	6.68656
-0.590642	8.82802
-2.44631	6.10126
-1.8355	6.6476
1.4463	8.30011
-2.04253	7.64665
-1.04153	9.79972
-2.32541	7.80594
-1.85044	7.86123
-0.263002	7.67206
-2.90602	6.37287
-2.28669	6.4098
0.455034	7.32389
-1.02229	6.2876
-1.26193	9.96307
0.270484	9.68046
-1.98823	7.4958
-0.423613	6.03449
-1.35843	8.08769
0.513349	5.99367
-1.05315	6.35977
0.14786	6.99317
-2.51905	7.01527
1.38505	7.10415
0.338452	8.21208
-0.0586356	6.63252
-1.64575	8.42778
-0.650042	7.31018
-2.18717	7.87991
-0.530267	7.42155
-0.400312	9.01715
-0.697635	7.82014
-0.232025	6.47665
-2.76268	8.96965
-1.82735	7.97656
-2.44847	7.33086
0.435719	8.81758
-2.67345	6.6356
-1.299	10.6307
-0.965268	8.23057
-2.00882	8.98931
-0.415532	7.71634
0.894919	6.76532
-1.76075	6.59481
0.203092	8.56607
-0.582351	6.02934
-0.562687	8.01998
-1.40561	7.07653
-0.899361	6.23484
-0.587368	7.61437
0.579513	5.9513
-1.46352	6.80192
-1.34694	8.49613
-1.0865	7.36483
-2.28511	7.29019
-1.93345	8.4282
-0.893077	8.67136
-0.379528	7.37046
-1.56776	7.96941
0.0871841	9.59884
-2.41915	8.47372
-0.170393	9.10096
1.0987	6.01905
0.272094	5.75794
-2.18004	6.61615
-1.12794	7.57131
-3.02809	9.49598
-1.2253	7.01653
0.185734	6.08835
-1.84721	7.92721
-0.612405	8.50274
-2.63458	9.03889
-2.23418	6.32653
-1.27631	9.8052
-1.51779	10.2165
-1.14871	7.83246
1.68843	8.54414
-1.44946	9.58473
-1.38588	6.09227
-0.842077	6.95177
-1.31426	8.60958
-1.86797	6.5799
-2.11294	9.04889
-0.0189047	7.8563
-0.859575	7.82787
-1.33714	7.99244
-0.112808	7.42047
-3.05153	7.35967
-0.131942	8.65797
0.0848016	7.30987
-0.950527	6.48134
0.16202	7.79331
-0.23748	7.5686
-1.52208	8.08355
-1.25892	7.00892
1.24248	6.99251
-0.506252	7.19428
-2.44488	7.1944
-0.417836	6.137
0.191573	7.36659
-0.998636	8.77863
-1.65427	8.50473
-0.323249	8.6725
-1.14534	8.82395
-0.703503	6.88505
-0.649432	6.3314
0.607302	6.47833
-1.09222	10.0425
-1.0852	6.42954
-0.411776	8.47547
0.0867237	8.63476
-2.01064	6.75548
-2.20955	7.71306
-2.13585	7.22954
0.154536	8.50209
-1.00364	6.40701
-0.125166	7.39504
-1.59212	6.69904
-2.64839	7.03985
-1.29573	6.7802
0.40204	8.26296
-0.241144	6.7778
-0.443021	8.26922
-0.606418	6.73981
-1.03285	8.63048
-1.20347	10.4573
1.80694	9.94446
-0.652424	8.47477
-1.42711	6.81645
-0.862648	5.94679
-3.03483	7.92091
-1.0292	8.35341
-0.19274	8.60065
0.289638	6.995
-3.01906	8.40651
0.860009	8.37894
-1.15308	6.91854
-1.33949	7.94281
0.742119	7.9656
-2.39313	8.56343
-2.01192	7.88436
-0.482805	8.7298
-1.08056	8.23131
-1.20815	6.19144
-0.888802	7.39865
1.7054	8.60081
-0.210096	8.76342
0.143327	6.79007
-1.87487	8.17733
0.152287	9.34717
-0.772464	7.72543
0.970171	7.54161
-0.831501	8.33621
0.297006	8.77974
1.03939	8.70925
-0.241448	6.0794
-1.069	7.95906
-2.01423	9.2316
-1.46897	7.15578
-2.95559	6.45383
0.998755	6.9783
-0.724287	8.74922
-1.11469	7.01012
-0.110749	8.19605
11.958	2.63416
0.0427525	7.39739
-1.94303	7.87065
-0.503655	8.63194
-2.70046	6.68947
-2.39169	6.65642
0.391295	7.34293
-1.1329	8.74412
-1.20376	8.54108
-0.764764	8.261
0.600899	7.90344
-0.269851	8.82067
-0.560798	6.95831
-0.374677	8.71052
1.08095	8.11095
-1.93097	9.02072
-2.20452	8.86087
-0.698276	6.35021
0.491717	6.47956
-0.453394	6.76093
-2.92769	6.89367
-1.73603	8.74439
-1.05247	9.24834
-2.70918	7.93357
0.0565786	7.24324
-1.13823	9.52465
2.19843	10.9491
-0.0957965	8.60864
0.260553	7.44034
0.672279	8.56064
-1.97394	9.28575
-1.10649	7.14587
-0.0625533	8.72547
-0.322504	8.99503
0.52761	5.99402
-2.19894	6.682
1.2712	6.95741
0.482655	7.72729
1.00748	7.38038
-1.33328	8.64201
0.0926392	8.09185
-0.96695	9.79824
-1.45246	8.24794
-0.6653	7.15349
-1.05941	7.84811
-0.810376	7.23347
-2.9627	6.02181
-1.73037	8.31735
-1.29218	8.11591
-0.334222	6.91674
-2.78458	7.52401
-2.00396	8.31769
-2.0517	6.4342
1.24859	-5.79127
-1.49154	10.0621
-0.760077	10.8257
-0.768203	7.42967
-1.74425	8.21036
0.62027	9.58077
-1.73812	8.7418
-0.232786	7.80098
-2.30066	5.96006
-2.05312	6.5125
-1.6458	7.4846
-2.66468	6.46526
-0.048487	9.14079
-1.58071	7.14335
-0.152604	6.42602
-1.13197	8.26222
-3.05605	9.21706
1.89174	6.00096
-0.165498	8.99259
-1.88504	7.72662
0.868246	7.15028
-1.12499	7.81839
-0.387023	6.22972
-0.389352	9.09992
-0.767292	8.89693
-2.91988	8.00365
-1.69535	8.11064
-0.362562	6.0543
-2.15417	7.80042
-2.37752	10.3472
-1.31489	7.24891
-1.21826	7.99344
-2.38329	8.01068
1.33263	7.77414
-1.22436	7.88274
-2.76669	9.90544
-0.0862565	6.97772
0.688506	6.31798
-1.97103	9.18512
-1.99795	6.33545
0.121514	8.11862
-0.139956	8.58334
-1.0399	7.26448
-0.36869	9.35713
-2.24578	7.81593
-0.0498708	6.29408
-1.84793	7.37427
-0.41781	8.65612
-1.43406	8.92954
-1.45742	9.0682
-0.798591	8.15678
-0.350614	7.20567
-0.891392	8.15705
-2.21256	6.50322
-1.43456	8.86503
-1.67695	8.56571
0.602656	8.48769
1.11263	8.6232
-1.84886	7.17884
0.246938	8.99239
-0.382358	7.09885
-1.38145	7.36548
-1.20798	8.80081
-1.23515	9.20247
-0.784743	6.88945
-2.33322	6.19512
-0.411599	6.66204
-0.65157	8.80515
-0.384121	9.29403
-0.890755	6.84757
-1.68523	8.01179
0.157025	7.93146
-0.390982	7.12979
-2.53771	7.92037
-0.878924	7.01132
1.13692	7.18866
-0.916975	6.12626
-2.53986	7.66552
0.0907746	8.2091
-0.147017	8.79711
-0.515963	7.5877
0.792414	8.76978
-0.181241	10.2572
-0.884267	8.34982
-0.249011	8.79527
-1.41119	6.37286
-0.990858	6.75499
-2.57961	8.48146
-0.68411	10.0469
-1.85202	6.52374
-0.351193	8.5732
-0.370575	8.62829
-0.457588	8.94893
-2.08583	8.46189
-2.07011	7.72395
0.390034	8.10826
-1.1386	7.48255
-2.50267	8.35277
-0.539821	7.13826
-1.42695	7.89202
-0.533088	7.72432
-0.720419	8.28506
-0.112215	8.59436
-1.50618	6.73151
-2.02718	9.13049
-2.69447	7.57441
-2.24684	8.35982
-0.875365	8.69092
1.16495	10.1807
-0.26541	8.378
-0.541618	7.96893
0.16309	11.0127
-0.746809	6.31703
-0.804664	8.32641
-1.60277	6.84846
-1.56152	10.5021
-0.0482198	7.6186
-1.22134	8.37046
-0.939939	6.75778
-2.88889	8.55942
-1.57116	8.97371
-0.822711	7.00275
-1.30963	10.1564
-0.170394	8.1903
0.271506	7.19528
-2.51494	8.77267
-0.436082	7.27412
-0.593895	7.8317
-0.549939	7.54376
-2.09034	6.97717
-0.488468	7.75266
-2.88583	8.93745
-2.77287	7.86027
0.0420692	7.19415
-0.615756	7.58223
-1.06137	8.35177
-0.689749	7.12812
-1.45924	8.12566
-1.38142	9.27102
-2.84861	7.96687
-1.21671	8.03855
1.46957	7.31824
-1.92765	7.11023
4.5361	2.83699
-0.68544	6.91531
-2.46495	7.15182
-0.387933	9.5111
-0.737622	7.21531
-0.600175	5.97367
-0.820497	7.73936
-0.731072	9.72912
-2.15599	7.344
-0.405004	8.28316
-0.463892	8.83251
0.725825	7.75889
-2.69526	7.30112
-2.73569	6.69046
-0.644019	10.9328
-0.952864	7.78174
0.68329	8.48692
0.584825	8.01346
-1.6634	6.71822
-2.44904	7.37755
-0.44818	9.62903
-1.38463	6.3988
-1.75466	8.40993
-1.14983	9.38371
-0.916118	8.3522
-0.991557	6.25997
0.316222	9.18587
1.54083	6.07881
-1.86769	7.8081
-1.97229	8.70606
-1.41503	10.0873
-0.451955	6.08956
0.750282	9.27062
-1.41173	7.66201
-0.938039	8.00046
-1.21698	8.54541
1.18599	5.92791
1.93528	8.63084
-0.148318	8.70785
-1.07845	8.54051
-1.39676	7.95275
-2.03895	6.09644
-0.665273	8.96985
-1.03408	8.43866
0.342554	5.44007
-0.125361	7.22616
-1.13377	6.77204
-1.48483	9.26839
-1.37935	6.36813
-2.15397	6.83184
-2.20883	7.91035
-0.916917	10.0888
-1.63026	7.71906
-2.84614	7.52729
-2.84657	7.51267
-1.60492	7.15144
-0.609131	7.84714
-1.25257	8.39831
0.0660713	8.24187
-0.744599	8.63402
-1.55125	8.16465
-2.20797	8.56541
-1.96084	8.81073
-2.18989	6.71648
-1.81343	8.10781
-1.57578	7.79351
0.483957	7.4205
-0.159254	7.95369
-3.12836	8.52359
-2.01889	9.27158
2.15493	-2.14938
-1.47619	7.44093
-0.412211	7.59398
0.478348	7.62828
-0.143552	8.07452
-2.37559	8.54527
-1.73046	6.17236
-1.92861	6.31279
-1.74687	8.34903
-1.54157	8.78142
-2.56931	8.77805
-1.21003	10.2498
-1.13375	8.11714
0.238357	8.88937
-0.247682	8.40818
-2.49109	8.94561
-0.0621075	8.48293
-1.33196	7.25339
-0.730936	6.10706
-1.0656	8.56112
-2.39498	9.74674
0.612848	10.2104
1.65511	8.95479
-1.38554	8.94464
-1.79048	7.58922
-0.581435	8.15672
-1.19916	8.26683
-1.35994	8.27016
-0.925104	6.17817
0.72815	8.45518
-2.55465	7.07712
-0.482252	7.89388
-1.72147	8.8325
-1.82187	8.25359
0.416659	7.60498
-1.77133	9.76639
-2.1395	8.565
-2.54934	10.0018
-1.35115	9.90995
-2.18038	8.04752
1.22669	6.67347
-2.73497	6.5929
-2.54229	9.42442
-0.871523	7.25806
-1.18923	7.37505
-2.01999	6.97073
-1.71278	6.04614
-1.48078	6.68731
-0.994725	7.83178
-0.337593	6.53338
0.268326	8.65401
-0.0935955	6.45441
-2.91342	9.29514
-0.536769	6.07189
-0.961278	8.3105
-0.86831	6.70529
1.40791	6.76294
-1.70202	6.50922
0.898534	6.91955
-0.562988	7.099
-1.59171	7.92691
-0.814154	7.9445
-2.89902	8.63192
-0.800749	6.80131
-2.76755	9.79463
-2.18125	8.03897
-0.0930673	7.46816
-0.435036	8.77186
-1.89347	7.67419
-0.113594	7.74238
-1.81005	6.5218
4.80214	5.79771
-2.30132	8.67767
2.28416	8.58578
-1.58631	7.90563
-0.606416	6.04478
-1.94864	9.88409
0.984207	8.54782
-0.843525	6.32975
-0.717578	8.26641
-1.09093	7.90421
-3.10308	8.81122
0.390116	8.40269
-1.08793	8.05357
-0.0535364	6.17932
-0.756951	8.22467
-0.492052	7.08372
-1.36309	9.69882
0.28567	8.13459
-1.89785	7.62659
-1.31626	8.13793
-0.375084	8.06437
1.21196	8.50577
-1.31361	7.36635
-1.30574	8.36726
-0.434466	8.65605
-1.26775	5.95633
-0.865013	8.34013
0.183545	5.40509
-1.7762	8.55454
-2.51549	6.45404
0.173878	6.26226
-1.50967	7.20973
-2.67404	6.45549
-0.207721	7.66432
-0.602778	8.81541
-2.31996	8.62361
-0.28689	8.15418
-2.23888	8.20953
-0.854063	7.65987
0.748643	8.87735
-0.579296	7.38738
-0.0116286	6.38959
-1.30929	6.82732
-1.28217	8.31413
-1.61613	7.6121
-1.78658	9.09237
-0.746545	6.62308
-0.42309	7.95615
-0.651263	8.03122
-0.435503	8.45201
-1.52219	8.27292
-1.49219	7.80273
-2.38814	7.68267
-2.21189	8.19477
0.687342	7.87586
-0.668485	9.38362
-0.0828336	7.99757
-2.21727	9.0689
-0.61462	8.29063
-0.28497	9.05347
0.0149551	7.10051
-0.763158	6.77037
-1.54738	9.09244
0.310215	8.13134
-1.83877	8.37739
-1.74513	8.33369
-1.10593	7.73185
-0.547174	8.94496
-0.0983368	8.2968
-0.487211	8.1895
-2.53933	9.40911
-1.37149	7.39975
-1.76411	6.06159
0.644339	6.64426
-1.06298	6.82188
-1.0738	8.415
-2.01496	8.31113
-1.62038	7.63494
-2.39368	7.26036
-0.921006	9.62832
0.487771	8.15048
-0.625626	9.41517
0.665026	5.18201
-1.60445	8.5721
0.0662367	5.89796
-1.74671	6.5974
-0.0722842	8.92044
-0.260776	9.2417
-1.36646	8.18007
-1.56235	5.92853
0.387656	9.40441
-2.03941	7.30778
-0.0687586	6.95072
-0.0534215	6.87947
0.267015	5.41327
-1.45863	6.7125
-1.44164	6.68231
4.43724	1.19005
0.881042	7.95177
-0.0719254	9.49766
-0.813475	8.48132
0.746602	8.41939
-2.4854	9.86996
-1.19591	7.08109
-0.0203883	7.4775
-0.996763	7.89365
-2.74864	9.08835
-1.93354	7.95347
0.62281	6.28112
-0.734861	7.11484
-0.952805	7.32211
0.730335	9.89957
0.048122	8.62595
-2.99945	6.55343
-1.40408	8.56744
-0.105936	9.0397
1.13959	5.40263
-0.417667	6.20862
-2.31212	9.47525
-0.46112	8.42479
-1.6306	7.87534
-2.95804	6.5425
-1.16222	7.2054
-0.175817	7.76306
-0.930024	9.75179
-0.776741	6.58318
-0.957134	7.16301
-2.53396	7.29289
-1.98582	8.95909
1.12242	9.85502
-1.20669	7.30429
-1.62864	8.27694
-3.18399	7.71293
-2.07591	5.95912
-2.88569	7.11523
-0.603423	6.60385
-3.04868	8.11649
0.16539	8.08155
-0.7728	7.42925
0.0545301	8.23362
-1.79966	6.81499
-2.0825	8.95815
-0.461012	7.7515
0.210081	8.18586
-0.0349597	7.71092
-1.43725	8.10951
-1.76394	8.04268
-0.432424	8.21911
-0.64108	8.68398
1.35145	8.52589
1.02739	8.12994
-0.730039	7.52522
0.592152	7.63072
-2.51578	7.97594
-2.90329	6.83229
-2.33938	8.62643
-0.709151	7.99074
-0.40029	6.71184
-2.47445	7.42835
-2.24283	9.44742
-0.381783	8.67947
-1.16574	7.07209
-2.7015	8.56639
0.779463	7.20587
-2.12693	8.87613
-0.236568	8.48298
-0.457832	8.52878
0.593939	8.49685
-0.954858	9.43146
-0.389539	8.39984
-0.299154	6.99386
-2.75727	9.00838
-1.68299	7.4229
-0.170055	8.49589
1.57093	7.91863
-1.93518	8.62097
-1.94218	7.25569
0.185239	5.91014
-1.54531	7.87189
-0.511308	6.87083
0.0863877	9.14007
-2.16742	9.78782
0.856086	9.19587
-1.49611	7.83367
0.0705833	6.6098
-1.07086	7.01976
-2.12586	7.84753
-1.45883	7.9155
-1.06856	8.25118
-1.05482	9.39397
-0.817986	7.99559
-1.07552	8.74753
-2.8836	8.56811
-2.76939	7.12304
-1.956	9.26286
-0.753987	8.07818
-1.00917	6.66095
-0.985915	6.90175
0.119279	9.50853
-0.765309	5.82482
-1.92421	7.53258
-0.0950536	7.06553
-0.0623547	8.64331
-2.79482	6.79883
-1.73621	6.61666
-1.16711	8.79045
-2.73201	6.21644
-0.798829	7.77866
-0.809153	6.12441
-2.35778	7.79456
0.54986	9.41814
0.626189	8.49911
-0.790336	8.94616
-0.0792829	9.09879
0.75533	7.21584
-3.18686	7.06329
-2.90969	6.91443
0.105715	7.84244
-2.06836	7.39358
0.368027	7.71363
0.0849139	9.93798
-0.60944	6.76307
-1.96475	7.09467
-2.85675	7.00503
-2.04635	8.33873
-1.08053	8.97877
-2.22978	6.61421
-0.36009	9.97444
-0.708075	6.74027
-0.850813	8.93653
-1.26631	5.98111
-1.10314	8.64094
-1.0393	7.20623
-2.16785	7.13358
-0.441719	7.35299
-2.20601	8.24787
-0.669515	8.58469
-1.75344	6.94096
-2.63833	7.21786
0.323677	7.7203
-2.45073	8.30805
-1.94836	7.3274
-1.57939	7.51385
0.29925	7.04023
-0.584051	7.19373
-0.742163	9.77043
0.507571	7.65853
-0.686399	8.30666
-0.402327	6.52117
-2.42837	6.6188
-0.125746	8.85529
-3.20081	6.55185
-0.195935	14.0528
-1.64075	8.26434
-0.230283	8.77944
-0.858629	6.41389
0.481904	9.18034
-1.49493	9.34429
0.0478924	8.21483
-0.815189	7.92089
-0.635578	9.98002
1.81581	7.07375
-1.96088	5.85581
-1.34349	7.02402
-1.67443	9.28031
-1.04529	8.10221
-0.999597	6.41207
-0.362883	6.7041
-1.87019	8.04684
-0.889071	8.50862
-1.82144	8.62885
-0.887968	8.60368
-0.0481714	6.98166
-0.727375	7.29835
-0.031624	7.34942
-0.0535857	8.61562
0.104205	6.38267
-2.28941	8.70341
-0.0545015	9.56201
-1.18851	9.73296
-1.97635	9.30473
-1.38974	6.97611
0.575177	8.82264
-2.30787	7.06651
-1.10751	9.18904
-1.03964	7.47399
0.578028	7.25202
0.630124	7.89918
-2.31419	7.0582
-2.68194	7.62684
-0.492896	9.47654
-1.13957	8.6504
-1.71123	7.52678
-0.82863	8.41679
-0.329064	9.14921
-0.553197	6.43179
-0.486976	7.41751
-1.92754	7.93308
-1.07488	9.09614
-1.81213	7.46794
0.403263	8.56158
-1.76745	8.91474
-2.83257	9.92261
-1.54496	8.37613
0.978805	7.10489
-1.59664	6.15102
0.51662	5.44824
-1.96161	7.16455
-1.15623	7.26136
-1.21036	9.93438
-0.275256	8.31361
-2.18446	7.9044
-1.62577	6.32472
-0.990142	6.93509
-1.00303	8.36019
-2.79459	7.78505
-0.840602	7.57551
-1.39754	6.93914
-0.457133	8.93699
-0.436571	10.1169
-1.38476	9.0643
-0.256651	8.05327
0.151693	6.92416
-1.00808	9.73704
-1.3616	8.89374
-0.494368	9.26715
-3.12693	7.58249
-0.198847	7.47609
-0.0726646	9.03606
0.608428	7.0924
-2.0437	8.25721
0.209888	9.11063
-1.40502	6.41878
-2.16839	6.80828
0.412689	9.11691
-0.227692	6.57771
-1.8208	8.79573
-0.218739	9.93322
1.04529	7.88054
0.144572	8.74464
-1.65366	8.73005
-2.55259	8.6571
-0.47681	9.52231
-1.84803	7.40764
-0.769301	8.37313
-0.608235	9.068
-1.33485	8.04348
-0.197878	7.31681
-1.28903	9.30741
-0.679883	6.77864
-0.309173	8.62992
1.44045	5.91521
-1.3641	8.93496
-0.846434	8.6959
-1.66333	8.18998
-0.980361	8.12912
0.917519	8.06209
0.39517	8.33761
-1.04043	10.0854
-2.07013	9.13486
-0.551425	10.1708
-3.07271	9.76048
-2.89547	8.12422
-0.850687	8.27296
-0.895379	8.93997
-2.97093	8.09676
-2.67034	8.79405
-0.581762	7.90306
-0.260595	8.95107
-0.243277	6.02234
-1.22825	7.90111
-1.37613	7.98144
-1.59951	8.62983
1.2899	7.36629
-1.16693	8.86677
0.790551	7.17981
-1.70071	9.28244
-1.9295	8.20821
-0.22008	6.0831
-1.23958	8.44719
-1.92143	7.36131
-1.07739	6.66165
-0.931044	7.88951
-2.55829	8.47196
-2.34992	6.36099
1.41963	7.46242
-0.779107	6.03902
-0.00510625	8.86459
0.166941	8.48721
-0.596413	7.20495
-2.53667	6.63239
0.252165	8.97234
-1.15475	5.99756
-0.239037	7.5265
-2.48639	8.65996
0.104387	6.63109
-0.493383	7.50196
-2.0203	8.07258
-2.23258	7.63653
-1.43786	9.31279
1.26988	7.89546
0.18034	7.95262
-1.32334	8.025
-2.05603	8.7597
0.0829622	8.08906
0.592739	6.33058
0.0441401	8.02721
-2.03674	12.3716
-1.81734	5.92916
0.737226	9.23929
-0.685956	7.12193
-0.204545	8.21422
-0.387754	7.0455
-2.34128	7.16669
-1.26791	6.12615
-2.67798	9.19091
5.55204	7.00466
-0.944663	9.23454
-1.20339	6.10205
-2.26801	7.55827
-2.25518	5.97794
-1.65595	7.15248
-0.330594	7.28753
-0.723415	7.28923
-1.36981	6.94272
-0.559378	6.67971
0.12509	7.58399
-1.59606	8.81456
0.127861	7.77539
0.506518	5.88514
-0.647885	9.39028
-2.59445	6.17564
-1.75998	9.13445
-0.383416	7.80488
-2.73411	7.88728
-1.53492	9.45828
-0.287252	7.71135
-1.06993	6.60452
-2.25776	7.08474
-0.826101	8.16254
-0.386079	7.0173
2.24027	6.61997
-1.91488	6.44284
-1.36488	8.92475
-2.89025	8.87963
-2.38513	7.63602
-2.53813	6.76852
0.39914	9.67991
-0.560628	6.95134
-2.05053	8.50561
-2.79216	9.19666
0.961029	10.3258
-0.184695	9.11551
0.165751	9.30246
-1.94497	6.43178
-0.438443	7.42105
-2.59705	7.21293
-1.08187	7.22589
-1.90647	7.98296
-0.687424	7.72934
-0.784534	8.50104
-1.75653	8.7232
-1.13156	9.99479
0.648364	10.4865
0.133151	6.46529
-1.31698	7.71173
-1.24324	8.14127
-0.783757	6.16998
0.330404	8.53134
-2.45682	8.89728
-2.16229	8.54938
-0.707191	8.65963
-2.00428	8.83184
-2.8512	8.10227
-0.424915	6.2032
-0.589011	6.44143
-0.516358	6.03418
-2.91977	6.83462
-0.22331	8.24297
-0.353967	8.95339
7.83599	14.3559
-0.257632	8.29566
0.37	6.81029
-1.80245	8.77254
-2.65744	6.10663
-1.38446	8.04927
0.356818	8.37993
-1.70436	7.07779
-0.95121	8.92391
-0.913334	6.49999
0.758467	7.32045
-0.975873	8.27695
-0.0910476	8.25461
-0.371687	9.69073
-1.84886	9.28706
-1.12532	9.16729
2.51914	-2.15693
-0.925194	9.91377
-1.95862	8.39144
0.28545	8.55778
-1.95244	5.9988
-2.47162	8.4008
-0.128928	6.47228
-0.63189	7.12205
0.000625977	6.77556
-0.859839	8.42663
-0.618901	6.56473
-2.45325	8.30047
-1.2002	7.10395
0.0287937	7.27723
-0.926246	8.00296
0.208254	8.85252
-0.194902	8.0351
-1.37739	6.1641
1.03588	9.19926
-1.39767	8.94234
-0.456259	9.1494
0.176814	8.90838
-1.04514	7.90792
-1.65016	7.5766
-2.14503	8.71743
-0.997273	8.4389
-0.518644	7.69632
-2.20513	7.62948
0.0254711	7.0707
-2.20334	7.69789
-1.14103	9.59184
-0.596872	8.97222
-0.45222	6.74116
-2.59698	8.09955
-1.85532	7.54725
-1.95857	8.18037
-1.74333	9.02448
-1.5709	8.26199
-0.357364	7.32636
-1.60341	8.04064
-2.29446	6.14394
-0.352234	8.42002
-1.16784	9.05359
-0.224495	6.45717
-2.57189	8.41858
-2.63117	8.43246
-2.51358	7.7494
-0.417915	8.19704
1.46427	8.11546
-1.58414	9.73477
-2.07001	7.25369
-0.236675	7.524
-1.32449	6.09232
-0.651896	7.70485
-1.30651	7.52506
0.102382	7.62579
-0.142734	8.37763
-0.200405	8.15798
-2.0798	7.58942
-1.73434	9.3573
-1.24785	6.79874
0.807709	7.69604
-2.08419	5.95673
-1.57381	7.00872
-2.27953	7.52633
2.25689	5.23806
-2.4505	7.86877
-0.0643894	7.81253
-0.166889	6.88926
-1.09325	7.58058
0.0226758	8.65026
-1.2868	8.1659
-0.431512	7.5989
1.44924	7.42045
-0.683342	11.049
-1.75254	8.15835
-1.52496	6.04048
-2.29578	6.58864
-1.98498	8.75446
0.426407	7.81598
-0.138379	8.52657
-1.14847	7.24176
-2.34395	8.90339
-1.64668	7.24845
-1.32054	9.32187
-1.81258	8.87728
-0.819755	8.32105
-0.604031	8.91202
-2.75701	6.50117
-0.175215	8.32534
-2.99768	7.52398
-0.645969	7.31474
-2.88498	8.31331
-0.0881286	6.47734
-1.08359	6.05875
-0.459586	6.81755
-1.61375	7.07534
0.659126	7.00629
-0.0704494	5.79183
-0.334624	7.27128
-0.545458	9.38576
-1.45187	8.83133
-0.193727	10.034
-1.6797	10.0295
-0.644743	6.24835
-1.32738	8.20956
-2.29759	9.80664
-1.11534	8.39035
0.157635	6.72852
-2.2221	6.53408
-0.836474	10.2431
-0.545496	7.88773
-2.52378	6.08013
-1.2879	9.36234
0.0130819	6.30222
-2.1096	7.7508
1.41955	8.13013
11.0344	-2.63428
-1.6712	5.92312
-1.53783	8.2759
1.25249	8.86185
-2.83717	9.67819
-0.0579487	9.36358
-0.706175	9.24801
-2.01339	6.28224
0.232376	8.06183
-1.90607	7.9477
-2.2997	7.70649
-0.775619	7.53793
-1.73184	7.1923
0.591982	8.38189
-2.26296	6.56374
0.0354058	7.65983
-2.31745	8.49322
0.210928	8.17979
-0.100302	8.80443
-0.135195	7.18124
-2.29899	9.87803
-2.01367	8.35296
-0.123037	10.5234
-0.834301	6.92554
-2.6299	7.91999
-0.881762	8.86206
-1.11688	6.96336
-0.59356	10.9238
0.0908594	8.25882
-1.97269	8.28327
-1.13547	7.97704
-0.990303	6.58849
-1.89458	6.71033
0.146719	9.38104
-1.92316	8.49284
-0.514385	7.56725
-1.40058	9.09441
-1.12864	8.27901
-1.231	6.64934
-1.9517	9.63212
2.9873	2.06491
-0.336777	6.58454
-1.1761	6.24677
1.12616	9.04495
-1.45665	9.87286
-1.6699	7.01236
-0.975049	8.95666
-2.44733	7.94028
0.737651	9.15947
-0.37373	8.02554
-0.86042	8.93697
-2.13858	8.4093
-0.338935	9.87904
-2.7573	8.12617
-0.0126213	8.98942
-0.868702	6.27247
-0.287022	10.749
-0.89684	8.99745
-1.37058	9.32859
-1.26177	7.61016
-0.188401	8.76905
0.140764	8.58373
-0.357054	8.91734
-0.686638	7.75607
-1.32576	8.39515
0.157113	7.12
-1.12149	8.09783
-0.345216	7.98561
-0.855548	9.13309
-0.386463	10.1122
-0.370432	8.90959
-0.734385	7.99647
-0.897294	8.42289
1.76815	7.4389
-2.96463	8.00424
-1.2313	7.84317
-1.32405	6.96544
-0.650616	6.70331
-0.236139	7.48914
-0.854042	6.5317
-1.58683	7.60587
-0.645423	8.1211
-0.718864	8.3819
-1.56029	8.44853
-2.53013	8.61452
-1.34934	9.17328
-1.37202	6.76212
-1.50975	7.91291
-1.96077	6.63186
-1.43304	7.90765
-1.39258	8.52029
-0.353239	8.2591
-2.39392	8.3294
0.893505	7.56962
-1.41696	6.30025
-0.256362	7.10886
-1.23217	9.02531
-1.37965	7.70558
-2.6997	7.70145
1.80202	8.95992
-0.605811	9.02418
-1.54325	6.76028
-0.0884085	8.28241
0.731611	7.69287
-1.07122	10.0396
-2.59733	8.65534
1.28823	9.43798
-1.69427	7.34495
0.177373	6.99316
-2.03842	9.13945
-1.10867	7.05494
-1.50494	6.60781
-0.800432	7.95385
-2.0476	9.10455
-2.47446	6.54212
-1.11838	7.49862
0.213491	6.40823
0.583446	6.93525
-2.65622	7.33318
-2.28576	9.56601
-1.48327	7.29773
-2.03979	9.71802
-1.21936	8.51731
-2.26631	9.82556
0.277221	8.67663
-2.36008	6.8132
-2.04615	7.66246
-2.37299	7.08128
-0.512513	6.73563
-0.708356	8.63384
-0.478867	8.63758
-0.528967	7.64074
-0.826019	5.80093
-0.107373	8.87836
-1.85088	8.32731
1.57571	8.05226
-1.90727	8.6815
0.0379424	6.22533
-0.0294604	9.18131
-1.35698	8.72595
-1.92887	7.32879
1.07985	4.69819
-0.453699	6.99838
-1.47677	6.1586
-1.36776	8.21905
-2.52658	8.73172
-1.26553	8.60937
-0.528299	7.55168
-0.64821	7.88678
-1.31062	9.15683
-2.75173	6.66682
-0.983981	6.71346
-2.124	5.848
-1.26899	8.40326
-1.45358	7.97904
-1.5302	8.03675
-0.946234	9.03644
-0.502705	5.92083
-2.95994	6.21332
-2.16612	6.98896
-0.918309	9.82043
-0.305376	9.88585
-2.83779	6.25354
-2.20185	9.14257
-2.01909	7.62815
-2.30057	8.18652
-1.80407	7.9912
-1.28992	8.51281
0.516746	8.97094
-1.76126	8.01794
-0.962899	7.40076
-1.53747	6.54547
-1.8866	6.43545
0.05904	9.19255
0.303036	9.24975
-0.150667	9.56579
-0.502191	6.65492
-1.48518	6.01028
-0.562259	8.55248
-1.06634	8.63062
-1.24299	7.87623
-2.96669	6.64749
-2.22987	9.93168
-1.92864	6.22678
-1.74229	7.54046
-0.308209	8.59202
-2.71938	7.7011
-0.694543	8.74726
-2.09653	7.81307
-0.367591	8.42952
-0.303821	8.08964
-1.18399	9.11209
-2.29812	9.15375
-0.0619707	8.22602
-0.526902	7.756
0.167572	7.98493
1.56398	14.6266
0.321312	7.27509
0.677995	8.45926
-2.44034	7.94701
-0.305873	9.44233
-2.84377	6.64057
0.369309	6.86095
1.2073	8.86376
-0.903321	6.54591
-1.68683	6.66585
-1.8644	8.72488
-2.13795	8.57076
-0.646416	7.98659
-1.34906	6.412
-1.51762	6.57477
-0.740433	6.57838
0.475672	6.33502
-0.0952476	6.76637
-1.81604	8.02421
-1.08889	8.16709
-2.03534	8.70921
-1.2459	6.49181
-0.51194	9.41586
-0.941838	9.11184
-1.22178	7.99213
-1.24254	7.43322
-0.799722	8.01781
-1.64144	9.56472
-1.90267	6.61357
-2.48179	7.02964
-1.59279	8.61022
-1.68056	9.61457
-0.726204	8.13392
-0.388527	7.2744
-1.55116	10.3956
-1.02955	9.88765
-0.990138	6.57693
-1.28018	9.18616
-2.02994	8.5822
-0.332192	7.55693
-1.11405	7.04027
-0.914402	6.68082
1.1454	9.12267
-1.40605	9.33841
-1.32911	5.96046
-0.422211	7.87375
-0.493532	6.77816
-1.5888	8.4279
1.05284	9.63922
-2.07387	8.05
-2.44081	8.93039
-0.482904	8.54784
-0.691452	9.44429
-0.617798	8.20165
0.314011	5.98315
-0.192184	8.01725
-0.168957	6.94503
-2.66945	9.49496
-0.149599	8.44086
-2.03101	6.91279
-2.23794	7.51727
-0.867096	7.63153
-1.77494	7.50566
-0.629449	7.17161
-1.2171	8.41759
-0.686764	6.49043
-2.32641	8.18566
-2.50466	8.14038
-1.17281	6.68692
-2.84049	9.41093
1.20977	5.32338
-2.1506	6.82221
-2.51892	8.99437
-0.925234	6.56407
-0.0388276	7.83466
-0.341234	7.33253
-1.02478	8.84236
-2.49012	7.65372
0.097971	7.11316
0.861998	6.57884
-1.55617	8.52471
-2.22672	6.35898
-1.36025	7.77382
-1.23427	7.6051
-0.578841	6.85468
1.40864	5.38234
1.96208	8.61485
-1.79417	9.65833
-0.0723401	8.99806
-1.64321	7.73946
-2.85807	9.96232
-1.74967	8.0666
-0.601946	7.20137
0.271121	6.95889
-2.73426	6.79326
-0.883019	7.21262
0.940133	7.86779
-2.33177	8.20146
-0.458494	6.11995
-0.697622	10.0951
-2.01501	6.17446
-2.5001	8.30425
-2.38242	7.42215
-1.987	7.25274
-1.50318	7.90299
-2.72933	7.82076
-1.21812	7.84938
-1.26671	8.32788
-0.874912	8.2613
-0.00957667	7.82243
-1.58632	8.39586
-2.60099	8.08835
-0.750042	8.38658
-2.10821	6.27693
-1.10777	6.89125
-1.57774	7.16603
-1.19537	9.30022
-0.554169	7.41275
-2.40258	6.67529
1.33453	6.90906
-0.635729	7.6536
-0.508479	6.81278
0.760686	8.03741
-1.77685	9.93819
-1.35137	7.08734
-1.12872	7.73282
-0.949951	6.63717
-3.02835	8.30844
-0.393288	9.18847
-2.74564	6.14487
-1.172	11.2085
-1.39621	8.8569
-0.644188	6.24386
-3.27623	8.46493
-1.31468	9.67395
-3.11084	7.77014
-0.137576	8.52886
-1.26066	6.31492
-2.21199	7.90951
-2.4897	7.93222
-2.20148	6.11467
0.268198	9.4572
-1.15893	8.60891
-1.11833	8.11978
0.369574	6.25839
-1.71256	7.9071
-1.91372	7.34555
-1.47947	7.88418
0.155532	7.15485
-0.46804	8.62728
-0.702494	8.0894
-0.883655	7.96099
-1.10226	7.99382
-1.71242	7.13899
-1.44532	8.89549
-0.376294	8.57303
3.09846	1.69364
0.63287	7.06878
-2.01505	9.56825
-1.21437	8.297
-0.751093	8.69399
-1.45647	8.96618
-0.211896	7.44053
-1.38419	6.86102
-2.58451	7.61337
0.167467	8.82732
-2.68386	9.68598
0.186218	7.76842
-0.506652	7.83677
-2.19338	8.56392
-0.15803	9.04324
-1.45113	8.68124
-0.390452	7.24304
-2.71367	7.83176
-1.11577	6.40781
-2.45312	7.53782
0.723194	6.20157
-2.67813	7.44372
0.0604886	8.18664
-2.38831	8.60127
-1.52432	7.67089
-1.57495	10.0173
-1.28013	6.32559
-0.357415	8.32854
-0.897044	8.62295
0.237553	8.00308
-1.52711	8.0448
-2.53165	9.92075
-2.07945	10.3736
1.34027	8.90196
-1.95765	8.58561
-2.76488	6.20633
-0.628021	6.71236
-1.24377	7.70463
-2.17746	7.96688
-0.107427	6.55454
-0.362687	8.74365
-1.20581	9.57773
-0.321667	6.08322
-1.64558	7.38932
-0.490388	7.106
-1.87673	8.72724
0.268387	8.37929
14.4635	13.5084
2.25321	-2.29519
-0.0914327	9.12485
0.214898	7.74384
-2.18832	7.8141
-2.48885	8.36651
-0.338963	7.77639
-3.01814	7.96645
-1.17465	8.15403
-1.12383	6.66041
-0.661594	6.39981
-0.361452	7.82055
-1.43939	8.66018
-2.41817	7.1888
-0.699629	7.64357
0.257098	8.17066
-0.465012	8.46835
-1.28726	7.0152
-2.06879	7.04281
-0.937088	6.52082
-1.99421	8.21714
-0.687286	7.60032
-2.81169	9.11041
-2.32409	6.95991
-0.443832	6.48164
-2.91475	7.91016
-1.1871	8.5563
-0.828706	7.10662
-0.56765	9.2858
-0.389788	6.98012
0.106827	6.99731
0.908179	5.73381
-1.51293	7.85285
-0.810963	8.27056
0.397358	7.38945
-0.10219	8.82953
-1.42695	10.168
0.120165	9.25063
-0.845317	8.20349
-2.72645	7.94641
-0.552404	8.05656
0.270156	5.82064
2.37839	9.08023
-1.5425	8.28714
-1.53011	6.73457
-1.40321	8.53811
-0.193799	7.33347
-0.0978858	8.28339
-1.21156	7.18001
-2.07984	8.0497
0.591838	9.10848
-1.80428	9.68415
1.60232	6.58679
0.322581	7.71213
-0.500401	8.32636
-0.86177	6.8138
0.591405	6.94931
0.895889	7.67772
-1.22851	7.09058
-1.55132	7.70119
-2.80612	8.58398
0.57042	6.87667
-0.526088	8.55336
-0.0940064	6.90258
1.29057	8.75312
-1.61377	7.6798
-0.447775	8.35482
-3.17858	7.89357
-1.94153	8.10404
-1.20587	8.94602
-0.498003	8.41792
-2.22433	8.52433
-0.17542	8.12014
-2.58012	8.35279
1.96995	7.85684
-2.39845	8.88761
-1.76946	10.2886
0.37723	10.8783
0.767572	8.4943
-1.45386	7.30251
-2.30125	8.25354
-2.24153	7.34724
-2.32866	6.41183
-2.652	8.01712
-0.47456	9.14042
2.24334	6.61706
-3.09181	7.74393
-1.73212	6.015
-2.47562	7.71137
-2.31519	7.82929
-0.495285	7.31923
-0.982266	8.01477
-0.685911	10.0112
-0.573343	8.47401
-0.866007	8.45093
0.21978	6.79099
-0.756531	8.25683
-0.234161	8.82941
-0.919945	6.776
0.675259	6.62788
-0.122703	7.52762
0.374217	8.30667
-1.83325	12.9539
0.538422	6.86199
-2.82211	7.73755
-0.557056	8.21043
-1.00316	7.72959
-1.46685	7.89491
-2.31214	10.1583
-1.78374	7.6325
-2.4573	8.40667
-0.397123	6.40595
-2.30684	9.56043
-0.369517	10.0753
-0.276282	7.50949
-2.71303	7.30694
-0.164637	8.84617
-2.23079	8.3644
0.506575	8.31428
-1.81271	7.31209
-1.63973	8.34149
-1.68656	8.06669
-1.63091	8.62134
-0.301431	7.37559
-0.476524	7.54878
-1.0159	8.93146
-1.51109	7.59206
-0.980114	8.62796
-0.584738	7.32921
-0.509789	8.23869
-2.20252	9.42972
-2.34742	8.16754
-2.29654	8.03309
-0.929702	6.45363
-1.12503	8.00249
1.81462	0.350937
-1.51516	9.27656
8.79925	-4.92408
-1.84981	7.6554
-0.284703	5.36754
-0.887849	9.54659
-0.28069	7.98977
-2.16522	8.0396
-0.145302	6.57558
-1.57888	9.44002
-2.08241	6.45127
-1.02703	7.21908
-1.43339	6.49994
0.223207	8.51312
-2.69074	8.66675
-1.2387	6.45856
-0.410252	8.30154
-1.79086	8.13757
-1.36044	6.7569
-0.972483	8.97565
0.10922	9.638
-0.167659	5.92346
-2.7414	8.94393
-2.35074	7.10528
0.950244	5.84527
-0.154137	5.95661
-1.8205	8.31483
-0.673575	8.7302
-1.0092	8.38343
-0.921892	9.74316
-2.57443	8.73134
-2.38713	7.9226
-2.54235	6.36944
-0.581229	9.48206
-0.337055	6.75013
-2.35351	6.46419
1.23005	7.01168
-1.48462	8.83237
-2.51231	8.45119
-1.82778	8.45647
-0.897658	8.78655
-2.1165	8.8561
-0.728068	6.05493
-2.02337	7.7022
-0.715257	9.2751
-0.267808	7.933
1.58184	7.46645
-2.35312	6.91331
-0.183703	8.36396
-0.857835	7.69308
-2.63083	7.5028
1.96023	8.40848
0.534166	9.65216
-0.677873	9.93603
-1.18411	7.1845
-2.24073	6.24201
1.16827	5.51845
-0.216577	6.86564
-1.35616	9.7715
-0.437187	8.53528
0.870216	7.21932
-1.55255	6.79871
-1.5858	6.85891
-2.32879	7.02747
-0.0854044	4.00468
0.693204	9.00447
-0.810677	10.01
-0.213288	10.4114
-2.71796	8.14578
-1.12781	8.04568
1.22635	10.3779
-0.651195	9.26765
0.19143	8.74734
-2.93923	6.91242
-1.00414	6.88443
-0.579057	7.7539
-1.61662	7.43933
-0.476806	6.96255
-0.424856	8.11251
-2.55724	8.67324
-1.29941	7.30647
-2.25083	9.21296
0.269428	8.20083
0.392273	6.80187
-1.4512	9.78542
-0.94171	8.85397
0.461564	8.21482
-1.38255	6.44337
0.203915	7.95129
-0.971758	6.11811
-2.64349	8.66965
-1.06876	6.72981
-0.860706	7.28068
0.659098	6.13318
-0.667132	8.83621
0.303041	8.15346
0.0630998	8.68694
-2.77079	6.56497
-0.370542	8.34279
-2.73965	8.44031
-0.298026	7.52937
-2.34348	6.73351
-1.63373	7.61732
-1.0903	7.27311
-1.16373	7.36927
-1.26129	7.97394
0.254838	6.35706
1.26482	3.00535
-0.946276	8.1593
-0.517848	8.61946
1.76507	6.37546
-0.820667	8.61001
-0.89266	7.15638
-1.95884	10.6825
0.141557	7.46509
1.88969	7.79018
-2.67114	6.4342
-1.85863	9.00182
-3.20885	6.36357
-0.35989	7.02722
-0.901398	9.31195
-0.660808	8.7933
-1.65832	8.29993
-2.14117	7.93593
-1.56127	7.87293
-0.0369746	9.41443
-1.0919	6.61451
-1.707	7.27271
-2.48682	7.43247
-0.560412	8.29097
-2.07539	8.37867
1.83314	9.23991
-0.299553	8.95859
-0.820521	7.49272
-2.74241	7.0949
-2.11617	6.86072
-1.75798	10.0409
-3.04317	8.13976
-1.92104	7.94195
-2.68762	7.31673
-1.32034	8.19224
-2.81264	10.5318
-2.21646	9.35772
0.0361677	9.24758
-1.37968	6.64291
-0.622774	9.64758
-0.711117	8.35199
-0.608537	8.13084
-1.58777	9.0067
-2.30212	9.09378
-2.91539	8.53992
0.480147	9.44179
-3.01694	8.14006
-0.546526	8.82306
-0.337008	8.45815
-0.778318	8.10267
-2.15625	8.84368
0.171202	7.67346
-2.28724	8.1909
-1.95948	8.33944
-1.25848	8.66614
-1.19595	7.99408
-1.75042	8.19341
-0.157989	6.18923
-2.3459	8.54794
-2.6581	7.85054
-0.0721529	8.67072
0.125375	7.12309
-0.531131	8.76311
-0.764022	8.22266
-0.618454	5.99781
-1.09078	7.63079
-1.53057	7.57423
-2.65957	7.20698
-2.15537	10.8399
-0.039284	7.55651
-0.227028	7.73695
-2.34473	9.2736
-1.92765	7.95055
-2.24032	7.86841
4.8312	0.522918
-1.58311	7.07377
-1.06742	6.36648
-1.02465	6.91485
0.386872	7.43853
-1.18719	9.06415
-0.621189	6.99511
1.3316	8.35972
-0.328139	8.84209
-0.416834	6.71776
-0.724372	8.41402
-0.261721	8.44491
-1.93668	8.5471
-2.85461	7.96747
-0.760922	6.53732
-0.116078	8.75707
-1.59822	8.49311
0.287051	8.52711
-0.576758	6.95467
-0.588039	7.67188
-2.23763	9.24183
-1.40478	8.97735
-0.168909	6.40869
-0.449178	7.27281
-0.227885	8.98302
0.603195	7.58953
0.825125	7.6295
0.33841	8.93203
-0.130592	9.22554
-0.293952	8.49768
-1.14158	7.36472
-0.599718	8.36885
-0.588735	8.8793
-1.58205	6.15039
-0.950717	7.83056
-1.02311	7.00863
-2.16789	8.29461
-1.82627	8.31803
-1.06166	7.96892
-2.78504	8.61647
0.165899	7.77639
-1.67679	7.82825
-2.88504	8.61589
1.06831	8.47311
-0.713303	7.37355
-1.52408	8.65178
-0.355122	6.59784
-0.190573	6.35787
-1.73687	9.80823
-1.14801	7.37493
-2.72464	9.40043
-1.7788	9.2877
-0.981956	7.32772
-0.28311	6.407
-2.80118	9.46421
-1.18067	9.10241
3.63439	4.04743
0.00600298	7.81163
0.853507	6.82615
-0.570941	9.50755
1.53811	9.36522
-1.29037	8.10367
-0.510345	7.60795
-2.58086	9.26893
-0.125479	9.52199
-0.208286	9.59103
-0.885917	7.53141
-2.11806	6.99454
-2.49477	8.83104
-1.41467	8.31661
-2.8867	6.73495
-0.946875	7.27635
-0.175072	7.56431
-1.78582	7.96885
0.234771	9.73094
-0.560491	8.61368
-0.884381	8.30868
0.0430928	10.1399
-0.665391	8.85197
0.334211	6.21132
-1.78956	7.11247
-2.15117	7.01564
-2.48874	8.77266
-1.99619	8.59333
-0.458002	8.16182
-0.430522	6.88987
-2.88502	8.09009
0.749856	8.80559
0.0212676	8.49541
-0.606582	8.44213
-0.779627	7.09284
-2.37213	7.33924
0.787905	8.3531
-1.06115	6.41955
0.539302	9.22598
-1.88646	6.53411
-1.01238	8.104
0.483953	6.56858
-0.290417	6.66002
-0.83322	8.71693
1.12639	7.92373
-0.489815	8.73979
0.672141	6.24451
-1.30285	7.84267
-2.82247	8.70472
1.09639	8.84322
-0.296084	6.91466
-2.95893	8.12549
-2.24471	7.70508
-1.20562	6.49042
0.619254	8.50049
-1.29337	8.14391
-0.413622	8.83478
-0.971044	8.20032
-0.0496931	8.67387
-2.52676	6.72725
-0.309019	8.84346
-1.29398	8.0085
0.182998	8.53683
-1.06539	7.74927
-0.178156	6.38807
0.585797	7.84419
-1.59108	8.16604
-1.43178	10.0419
0.637308	9.36157
0.148091	8.02081
-0.348413	8.59416
0.0605279	7.67343
-0.762045	6.15212
1.09421	7.959
-1.79895	7.7478
-1.33509	8.49986
-1.16942	8.40996
-2.28406	8.59144
1.22456	7.19517
-0.827137	7.43296
-0.0670462	6.05803
1.47074	9.40753
-2.15009	7.87504
-1.24328	6.65316
-0.335287	8.25511
-1.50267	9.7191
-0.495628	7.29769
-1.75026	7.52926
-2.62774	6.64015
-1.97416	8.76369
0.658386	9.85023
-1.56192	7.58002
1.94409	8.9031
1.12274	7.94598
-0.359185	9.28037
-1.27792	6.42977
-0.76193	7.15117
-0.122158	7.39522
-1.09871	9.55871
0.0279648	7.84864
-1.81943	7.67417
-0.952749	9.58243
-1.66134	7.20355
-1.93596	6.81733
-0.215287	7.70379
-0.213817	9.56162
0.111958	8.10806
0.258517	8.72254
0.854019	6.75936
-0.396356	8.91701
-0.127194	6.39442
-1.17372	10.8415
-1.86999	7.18059
-2.15317	8.66494
-1.3387	8.73281
-0.991541	7.39072
-1.26448	7.42782
-2.51273	6.00933
-0.382555	8.29239
1.18637	8.13206
1.63518	6.16829
3.1857	12.1156
-2.65046	7.92146
-0.407456	8.40605
-2.56442	8.73952
-1.25798	7.66445
-1.28594	7.67032
-1.63869	7.91976
-0.808409	8.17518
-1.62068	8.72348
-0.202826	6.15771
0.723989	9.36405
-3.06607	8.00094
-0.655173	6.7142
0.30797	5.39863
-2.15029	7.72062
0.217832	8.20866
-1.65294	7.94554
-2.19636	7.26617
-1.46336	8.50277
0.280035	6.69397
0.901736	6.9535
0.0429894	9.04398
-0.611708	7.5688
-0.0218586	7.04549
-0.262527	8.75197
-1.54046	8.41894
-0.287994	8.13128
-0.0470172	7.35891
-1.55181	9.61271
-2.2437	6.00387
-0.684219	6.72554
-1.48495	7.93762
-0.528343	10.1358
-3.19942	10.4681
-2.38954	8.93134
-1.74791	7.65221
-0.628904	9.21587
0.0981066	8.81061
-0.980448	9.97117
-1.00617	9.81393
-2.29256	10.1157
0.117965	6.98192
-2.87742	7.45896
-0.373202	7.36169
-3.04793	8.04503
0.339161	7.30136
-2.48463	8.22366
-1.67992	6.59768
-2.59103	7.92483
2.83255	11.3353
0.698117	7.81015
-0.715988	6.6834
-0.208025	8.37124
-2.02944	6.22522
-1.69712	6.479
0.503362	9.04379
-1.92614	9.50469
-0.419434	8.69886
0.175127	6.83039
-2.93474	6.60529
-2.97202	7.70018
1.18003	7.50502
-0.108776	7.37225
-0.277995	9.06672
0.582548	6.34746
-0.179533	8.00648
-1.42627	7.75795
-0.340628	8.04195
-0.158761	7.58173
-1.24519	7.40075
-1.51722	7.68017
-0.129978	7.47379
-0.479707	6.12236
-2.49326	7.53831
-1.23664	8.60888
-0.319237	8.5892
-1.30223	6.06079
-0.865633	7.19633
-1.5536	9.51696
-0.887224	6.13253
-0.0323184	7.37294
0.955253	6.94764
-1.52582	8.96488
-1.59416	8.27734
-1.37976	8.94822
-1.34348	7.82154
-2.4361	9.07208
1.05035	7.80554
1.75364	6.49776
-0.823501	9.57364
-2.32773	8.84175
-1.50935	7.34034
-0.972811	7.85511
-1.55371	8.18868
-0.704749	8.63573
-1.25689	9.68135
-1.18598	8.28787
-0.307306	8.42788
-1.60634	9.03052
-1.71613	8.03668
-1.01014	6.34925
-1.27944	8.11376
-0.403872	8.79343
-0.178337	7.28163
-2.29644	7.70492
-1.6902	8.95094
-1.61081	7.18265
-1.19397	8.30258
-2.33125	10.8496
-0.262379	8.73357
-0.716615	7.7383
-0.120256	8.95811
0.445283	7.74694
-0.0834408	8.96668
-1.99433	8.33706
-1.13961	7.44665
-1.72365	6.74993
-1.51435	7.89776
-1.7036	7.24578
-0.982706	6.91177
-2.26372	6.32047
-0.28599	9.77606
-0.855204	6.6885
0.521173	8.20094
-0.0174316	7.91785
-1.63438	8.3641
-0.437501	9.02871
-2.27258	6.36112
-1.68841	7.49749
-0.404785	10.2118
-1.78223	7.77208
0.0519412	6.77481
-1.21893	7.6418
-1.95495	6.76032
0.601384	8.03174
-2.89102	8.02068
-0.0756055	9.06239
0.314263	10.1179
-1.86575	7.22482
5.8889	14.9841
-0.570783	7.65122
-1.74092	8.48588
-0.464591	8.25514
-2.09708	7.01285
-1.93753	8.39056
0.457376	9.24206
-2.93149	7.19734
-0.584664	8.28795
-2.54935	7.25369
-1.65025	9.36536
-1.65765	7.05145
-0.320666	8.2316
0.197703	6.43972
-0.456148	7.69039
-1.99225	6.77104
0.85554	9.45491
-1.24018	7.03679
-1.13197	8.975
-1.30831	6.39008
-0.865556	10.0866
-1.82283	10.0375
-0.348515	8.14648
-0.402747	9.09979
-1.16446	6.27769
-1.20018	6.76541
-1.59881	9.61825
-1.29988	8.3196
-1.17231	8.07239
-0.228686	7.60285
1.23936	8.79096
-0.665268	7.2141
-1.40176	6.98677
0.202759	8.30984
-2.86863	9.90396
-1.27448	7.71814
-1.45672	7.43089
-1.1498	8.52019
1.94223	9.50769
-1.92576	8.18262
-1.50396	8.24624
-0.065697	7.37971
-0.363814	9.16381
-1.71134	6.53811
-1.84798	6.01174
-0.137123	7.11064
0.406579	8.42702
-0.510622	8.3304
-0.885464	8.86131
-1.97287	6.87552
-1.17501	9.09091
-1.15784	7.9964
-0.0408702	6.73285
-0.907796	8.83377
-1.08409	7.91327
-1.74276	8.06141
-2.43909	7.64465
-2.69733	8.64884
0.220319	6.9921
-1.21339	9.73176
-1.23308	6.75779
-0.354391	9.28425
-0.0896742	6.54336
-0.157929	7.93671
-2.6255	7.92977
-2.29903	9.3898
-0.285158	6.08522
-1.61969	7.72978
0.342861	8.00932
-2.01203	9.48445
-0.249726	9.71153
-0.804171	9.43122
1.12292	6.89783
0.0663911	8.07088
-0.670577	6.05523
-1.39332	6.40915
-0.220873	6.04419
0.858106	5.89367
-1.08411	8.65904
0.0165107	10.3568
-1.33263	8.46945
0.480867	7.52012
-0.695185	8.17818
0.904393	8.46745
-2.65082	6.42792
-2.65218	8.91805
-1.24912	6.57911
-0.22569	8.19011
0.0615683	8.45861
-1.01415	10.7833
-2.74244	8.63129
-0.704646	9.89535
0.824495	4.49186
1.03448	5.83504
-1.0079	7.38173
-0.897202	6.29001
-0.0630875	7.91073
-2.74494	6.05983
-1.55049	6.9954
-1.42194	6.00581
-0.300002	6.29768
-0.301874	7.32348
-0.450437	7.7625
-0.346547	7.24996
-1.38218	6.77632
0.0988895	9.69939
-2.83933	6.1035
-1.92054	8.53931
-1.4808	8.13283
-2.41051	7.34743
-1.02914	8.80354
-0.281948	6.83566
-0.431099	8.86088
-2.56551	10.223
-1.66051	8.85278
-0.362829	7.89277
-2.18202	9.21466
-0.185314	6.84939
-1.24278	8.15651
-3.03735	9.05133
0.607593	7.13886
-0.707546	6.39098
-1.88396	6.43131
-2.53784	6.72405
-1.661	6.85522
-0.0675042	8.89157
-1.26883	6.50157
-0.239458	7.76815
-1.64602	7.72416
-0.180666	8.73159
-0.751313	7.29748
-1.16421	8.05912
-0.129479	7.63987
-3.02241	8.35311
-1.64057	7.8816
-0.667314	6.40504
-1.20186	7.83046
-2.34465	6.64382
-0.34725	6.65219
0.0566977	7.84095
-2.67814	8.10698
-0.528341	8.25453
-2.19495	8.29922
-1.63305	8.56728
-0.354011	7.43126
-0.231963	5.91788
-2.95032	6.46154
-2.45462	7.4181
1.20032	6.27007
-2.73246	7.62195
-2.72841	6.70718
-2.47437	6.50691
-1.90392	8.09033
-0.0060802	8.65838
-1.40432	7.9331
-0.598797	8.28346
-2.97041	6.62534
-0.0452423	7.83714
-0.0482708	8.19331
-1.54074	8.67981
-2.06403	6.68998
-0.456826	5.94302
-0.0337133	7.62905
0.727333	8.78061
-1.02677	9.42321
-2.01648	9.3594
-0.683373	8.64563
1.44689	7.87593
-0.0825003	7.95418
-1.7443	8.92992
-1.00861	7.876
-2.19614	8.8876
-1.4035	9.37367
-1.43746	8.77837
-1.68348	9.38153
-1.6998	7.50066
-1.90362	8.33579
-2.67505	7.36011
-1.86764	7.10311
-0.325911	7.89572
-1.22442	7.43961
1.71406	7.09208
0.245311	5.85842
-0.349192	10.0227
-1.87768	8.52859
-2.1474	8.58128
-1.71246	9.85177
-1.66395	9.98589
-1.11078	7.03309
1.07287	7.43014
-2.86736	7.18328
-1.72559	8.22749
-0.217348	8.21121
0.908702	6.38756
-1.2614	9.56459
0.42682	8.21495
-0.168563	7.84433
-1.92424	7.68926
-1.46321	7.8478
-2.25281	6.26455
1.22257	7.62978
-1.97897	7.23701
0.763932	14.558
-1.04875	8.11304
-0.198268	8.3659
-2.17249	8.25444
-2.59069	6.96649
-2.91677	10.5194
-2.56963	7.96875
-1.75771	8.64663
-0.105115	6.85438
-2.78764	6.60933
0.0245682	8.39351
0.12963	9.9463
-0.750672	7.94259
-0.695569	8.72154
0.170234	6.7135
-2.2787	8.69593
0.484102	6.55524
-1.98678	9.13756
-0.161814	7.89167
-2.30192	8.1764
-0.447613	7.03779
-1.45695	7.53299
-1.04138	7.2698
-0.925713	7.77608
-1.93673	8.99324
-1.47939	8.07381
1.62779	6.43653
1.27109	7.58519
-1.27318	10.2366
-2.61807	6.80184
-1.59557	10.7297
-1.07233	7.82666
-1.19259	8.49202
-2.18707	7.97947
-2.48196	11.2422
-1.79693	7.728
-0.751294	7.77913
-1.04834	6.32698
-2.59517	8.19887
-2.73913	6.478
0.306485	7.46131
0.499724	6.60614
-0.843928	10.7597
-2.53191	7.97806
-1.03026	8.32837
-1.37357	6.81915
-2.33436	9.04444
-2.27233	9.72973
-1.60996	8.95565
-1.8028	6.64256
-0.710468	6.53277
-0.284656	8.16599
-0.636596	8.11754
-0.33952	8.56065
-1.15484	9.12357
-1.64142	7.6456
-0.482384	7.27529
-2.92036	7.62753
-0.229848	8.69687
-1.70018	7.75615
-2.13737	6.535
-0.749604	6.95966
-0.41754	8.64934
-1.76668	9.33778
-2.37028	6.37258
-1.06024	8.35321
0.474214	5.98974
-0.51726	6.89393
-2.39596	7.54213
-1.1374	9.84344
-2.06271	8.52333
-1.47855	9.24976
1.43734	9.00547
-2.85813	6.44998
-0.744029	6.18636
-2.4002	8.31754
-2.89569	6.54872
-1.07439	7.52688
0.246081	7.46239
-0.0834772	6.42085
-1.31782	6.50874
-0.838632	6.78346
-3.01113	7.53874
-1.21694	7.59803
-2.21483	8.95093
-2.33061	8.58614
-2.97606	7.00086
-2.22415	6.56308
-1.64099	8.18712
-2.17328	7.15247
-2.0303	9.66946
-3.17157	8.97589
0.666566	4.33016
-1.51104	9.11445
-1.97921	6.96186
0.483828	8.38952
0.578365	7.53514
0.103853	6.4475
-1.03307	8.19283
-0.677109	7.70631
0.954851	6.51316
-0.541515	6.2811
0.964931	7.17222
-1.14177	8.08845
0.321691	8.91782
-1.98025	6.98516
-1.12444	7.49911
-2.41955	8.20841
-1.83998	7.81492
-2.52987	6.45393
-2.57597	10.305
-1.84559	7.94457
-0.0468313	9.59127
-0.489027	7.42564
-1.16873	8.18156
-1.27831	9.38648
-1.52607	8.97777
-2.56192	8.72396
-2.01129	8.83151
-2.00617	8.80107
1.27199	7.11579
-2.84385	6.22636
-0.617433	6.78793
-0.443384	8.3401
-0.889661	8.09327
-1.5355	8.05903
-0.0947536	8.34554
-0.19948	9.26729
-0.721546	9.88256
-0.955368	8.6729
-0.280218	9.23936
-0.362416	6.82081
-2.05122	8.84864
-0.0917297	7.79809
-0.609502	9.2915
-1.95749	8.5082
0.18468	8.16847
1.07329	6.47933
-1.48952	7.03454
-2.44543	7.10109
-0.718428	7.10445
0.741279	8.06019
-0.665244	8.39642
-0.418765	8.44012
-1.74998	9.17427
-2.23712	6.31053
1.65334	8.94213
0.919625	8.48761
-0.573452	8.75839
-1.24978	7.66187
0.233686	6.49419
-1.62339	7.60117
-2.82137	6.09292
-2.86803	7.70691
-3.08926	8.69763
-1.36521	7.87313
-1.52743	7.78835
-1.03206	8.75249
-0.787587	7.72598
-3.01917	6.3478
0.217472	8.14982
-2.39794	7.37927
0.161451	6.01651
-2.50364	7.96846
0.835141	8.03318
-1.05157	8.16131
-0.446464	6.72
-1.51831	8.89709
-0.466734	6.63725
-0.514684	6.75018
0.771712	5.9267
-1.70936	6.31872
-0.582991	8.02729
-1.05059	7.41277
-1.64362	7.31154
1.3723	4.68771
-1.88994	9.58816
-1.84303	6.61691
-1.94178	10.5575
-0.575104	8.36145
1.48441	9.22493
-1.73033	6.89
-1.29812	6.31375
-0.0291676	8.61117
-1.90089	10.3893
0.123427	7.9615
-0.346673	7.04745
-0.477643	7.9296
-0.423304	8.93722
2.30334	6.18363
-1.40429	6.20133
-0.562167	8.39202
-1.13562	7.81383
0.315932	5.92543
-2.07948	8.46383
-2.74799	8.68967
-0.688119	7.8664
0.204608	5.68284
-0.42252	7.7987
1.10114	7.1266
-1.299	8.24618
-2.48907	8.87418
-1.18751	7.90157
-1.99795	6.3106
-0.461241	7.65596
-1.69557	10.9802
0.430506	8.01362
-0.471964	7.39523
-0.672693	8.08096
-1.48454	9.98864
-2.75481	8.71081
-2.29647	8.74851
0.556305	6.1811
-0.53052	6.64945
-2.90581	8.56194
-1.48888	8.02187
-1.97003	6.74727
-0.3459	7.76488
-0.465583	6.77612
-0.885451	9.15587
-1.61486	8.27711
-1.29941	7.60897
-1.42349	8.65111
-1.73023	7.2693
-2.02302	6.17867
-0.0398735	6.83585
-1.33054	8.23828
-1.95339	7.36614
-0.80295	8.55605
0.0905898	7.05037
2.77389	9.78285
0.654111	7.50174
-0.744728	8.2879
-0.322092	6.77783
-2.91358	6.77056
0.304749	5.89877
-1.82272	7.89882
-2.37226	8.71522
-0.498821	7.10482
-1.7096	8.06963
-2.20309	7.36577
-1.14159	6.11065
-1.91407	8.62049
0.581608	7.41029
-0.202197	6.37122
-2.51057	6.41608
-0.8849	7.66599
-1.48594	8.66886
-2.30375	9.88942
-0.856665	6.45275
-3.08656	8.16218
-2.4895	8.24849
-1.67356	9.83728
-0.111325	6.47007
-1.10975	9.79826
-2.31562	8.30001
-0.411611	6.48105
-2.55116	7.65923
-0.999099	6.36398
-0.823062	7.33687
-2.24554	9.12798
1.55927	8.41533
-1.3489	6.72413
2.3669	8.62176
-2.65434	6.50257
-2.65246	8.09791
-2.44883	10.0207
0.0036198	9.16556
-2.08499	7.4809
-2.53909	9.39274
-1.31258	9.00142
-0.722718	6.04229
-1.53244	7.22803
-0.30041	7.4663
-1.51138	9.49963
-0.0952718	9.1434
-1.14441	7.49559
-0.577052	6.59282
-1.74644	6.51365
-1.34394	9.10323
-0.647916	7.54551
-2.83807	8.27466
-1.54281	8.68101
-0.340605	8.21039
-1.78278	7.68998
-2.2115	9.06777
0.594267	8.59034
-0.2881	7.73361
-0.0913253	10.8814
-0.264196	7.08633
-1.26196	8.75309
-2.56477	7.08264
-2.2606	9.11873
-1.63651	7.19344
-0.398254	7.62031
-2.8035	8.75797
-2.1048	6.67379
-0.7798	6.57255
-0.913906	6.83917
1.91062	5.96821
-1.57943	8.54605
-1.59907	9.85982
-1.76573	6.31132
-2.53936	6.84036
-1.63131	9.0248
-0.878088	6.89839
-0.248477	8.32089
0.581944	5.89628
-1.55563	7.84658
-1.51981	8.87096
0.731748	7.62087
-2.189	9.08172
0.397755	6.94235
-0.940777	8.07272
-0.742617	7.53603
-0.127991	8.11758
-0.966508	6.727
-2.05556	6.83212
2.41824	14.3468
-0.194558	9.32774
2.30206	7.74732
-2.30808	6.64893
-1.86072	9.73655
-1.94075	8.67574
-1.70385	8.19505
-0.492053	8.58348
-0.633761	8.62446
-1.60593	8.29878
0.24861	9.00722
-1.15571	7.76146
-2.66155	8.36064
-2.92868	6.73627
-1.73668	6.15223
-1.4623	6.8979
-1.27974	6.92302
-0.773983	6.91475
-1.92515	7.02847
-1.54923	8.85729
-1.73597	8.07765
-0.231055	9.12394
-1.58284	6.95503
-1.29899	7.31272
-2.58308	7.81128
-2.87806	8.55171
-2.22786	8.91327
-1.37562	7.45754
1.85129	8.77834
-1.78863	8.45394
-2.13404	6.91711
-1.3726	9.48442
-0.293938	7.41326
-1.6855	7.54845
-0.502952	8.18904
0.760795	5.53329
-0.950407	8.89725
-1.60032	9.05985
-0.555134	7.72846
-0.572388	7.08702
-1.07824	6.14635
-1.23404	6.35209
-1.24227	7.62007
-2.80971	8.08581
-2.26007	8.39567
-0.589936	5.96941
-1.99345	8.22646
-1.85148	6.5378
-1.68852	7.83772
-0.502574	10.5837
-1.2595	7.75551
-0.223151	6.50215
-2.5296	8.2625
-1.6176	8.78074
-0.0691853	8.33658
-2.45114	7.55125
-0.223194	8.45816
-0.793633	7.27882
-0.604314	6.16332
-0.682314	7.01733
-1.80637	7.29825
0.166893	8.92808
-2.18823	8.61742
-2.28272	10.6386
3.5439	8.66614
-1.98106	8.71071
-1.22757	9.84879
-2.41799	7.09672
-1.6373	7.55111
-2.35574	6.76655
-0.662102	8.24189
0.20823	5.94212
-1.48415	6.88183
-2.2657	9.16999
-1.0046	9.00395
-2.47256	8.11267
-0.364378	6.78037
-1.42488	7.82449
-0.528049	8.05167
-1.19312	6.47738
-1.05579	6.64034
-0.590057	7.34654
0.944638	8.36024
-0.386176	10.3531
-0.551105	8.06404
-1.71021	8.17387
-0.95141	6.66763
-2.34042	7.88689
-2.27161	6.81224
-1.08895	8.86708
8.35515	-2.03911
1.34443	8.83301
-1.45561	10.9436
-2.97825	6.96347
-0.886191	5.78387
-0.586301	7.86843
0.106653	7.69514
-2.13368	7.39273
-1.25821	7.13484
0.729054	7.79975
1.50743	11.4326
0.242035	7.74569
-2.85581	6.76065
-1.68397	8.38013
-2.65407	10.099
0.603756	8.87343
0.882333	6.78104
-2.31815	8.16379
-0.610469	7.7049
-0.343433	6.50162
3.93199	11.9589
-1.25206	7.95809
-1.17445	8.07888
-2.11253	8.64758
0.0281891	7.63231
-1.05663	8.94974
-0.065629	7.65788
-2.66119	6.70433
-2.41712	6.97779
1.5074	5.82412
-1.67249	6.81218
-0.180252	8.16626
-2.24573	9.52215
-2.78008	8.81395
-2.30397	7.66943
-0.388566	6.38101
-1.36717	8.3895
0.199034	7.95917
0.138333	7.67274
-0.41571	8.94029
-1.85088	8.08891
-0.432215	6.30567
-0.729982	6.18418
-1.93936	8.66964
-1.6205	7.07369
-1.2008	9.99703
-0.761947	7.57243
-0.695577	8.75758
-2.36362	8.22323
-0.993241	6.8249
-0.524411	8.81217
-1.69004	8.90433
-0.634345	8.7138
-1.5092	5.8947
-2.20724	9.4754
-0.68394	7.89214
-0.939895	9.11831
-1.44614	9.05104
-1.52514	8.90751
-2.90883	8.33559
-2.57116	6.76327
0.739019	7.49867
-0.33473	8.49834
-2.63103	7.2844
-0.664126	6.56906
-2.59355	6.58276
-0.859939	9.58579
-0.0986732	7.36565
-0.626399	9.119
-0.0690415	6.96506
0.0127375	9.02296
-1.4202	6.5369
-1.02712	8.5667
-2.23525	7.19746
-0.0941221	7.33787
-2.17719	6.5573
-0.909378	9.36736
-0.628427	8.32466
-0.206271	6.94364
-0.882452	7.57676
0.245555	6.39482
-1.60917	9.09767
-1.37254	7.76286
-1.64965	8.61357
0.392862	8.66372
0.326059	8.59349
-0.345277	7.65488
-0.938928	7.87548
2.86598	6.43167
-1.86417	8.05164
0.690039	8.77422
-1.38842	6.02831
2.46867	8.36198
-1.23429	8.97297
-0.777954	7.57256
-0.252383	7.17966
-0.494905	8.63862
-0.0895659	8.12742
-0.244325	7.27306
-1.39948	8.37763
-1.3088	7.24343
-0.06178	6.70104
-2.0132	6.84061
-0.922548	9.22311
-2.63065	7.99635
-1.26034	6.44279
-1.75528	8.91618
-0.585936	7.75543
-2.48255	6.97389
-1.82595	7.38131
0.18897	8.29807
-2.36915	6.13633
-1.94436	7.59255
0.182106	9.33628
-2.37548	5.99871
0.260414	7.64626
-1.69245	7.26146
-2.26184	8.33215
-2.23556	8.5405
-1.65574	6.61928
-1.05397	6.35146
0.265394	8.37829
-1.0616	6.66141
2.218	8.15811
-0.756555	7.81996
-1.55634	9.55528
-0.228422	6.65878
-2.68573	7.56958
-1.1856	7.90696
-2.11543	6.48786
-0.663431	8.0338
-2.36512	10.4767
-2.1494	8.81672
-0.112284	7.25658
-2.11193	7.40461
-1.48777	7.02282
-0.12536	8.03241
-2.71791	6.5641
-1.71542	7.84816
-2.96763	7.84246
-1.02897	6.8844
-1.90843	8.54252
-1.27096	8.14969
-0.79683	6.71986
1.03405	9.39038
-0.28966	9.69898
0.565769	7.70782
-1.15915	8.54534
-1.42408	7.6404
-2.11205	8.68319
-1.64264	7.68826
-0.846293	7.60223
-1.32792	8.09178
-1.05973	7.56775
-1.60233	7.31566
-2.09238	8.24491
-1.25417	9.67295
-2.46434	7.14861
0.234768	9.11729
-0.711035	8.10669
-1.24803	9.60924
-0.526827	10.3002
-0.489687	7.06996
-1.60494	7.65144
0.140268	9.07626
0.591697	9.08797
-0.0705607	7.36004
-2.51663	7.19533
0.48872	6.45141
0.933928	8.20537
-1.56759	8.35531
-1.73076	9.20814
-2.37835	7.72305
-2.19751	5.98831
1.88241	9.69186
-1.85986	6.65889
-2.98366	9.12189
-1.21753	7.01887
-1.3827	6.36538
-0.075507	10.2833
-1.36156	7.15986
-1.75132	7.13706
-1.11452	10.0623
-2.14709	6.14398
-1.58654	7.24436
-0.654052	8.39786
-1.13182	7.70977
-1.39682	6.30093
-2.24411	6.85828
-1.11669	6.9089
-0.232242	7.39241
-2.09535	7.21008
-1.40982	6.96316
-1.13312	6.69017
-1.53972	6.75634
0.873174	9.63084
-0.368738	6.03028
-0.556219	8.14832
-0.688457	6.56702
0.000816399	7.75162
0.0539575	9.36831
-0.256175	5.94122
-0.0675341	9.20163
-1.41727	9.26093
-1.31613	7.8572
0.94127	5.45788
-2.03104	7.43728
-1.85715	8.68327
-1.50678	8.65518
-0.316321	7.51742
-2.62405	6.66688
1.25952	5.32479
-2.43559	7.0851
-0.305029	6.17295
-1.73829	8.3717
-2.28332	8.50792
-2.28781	8.89458
-2.89555	7.18934
-0.230325	8.59194
-0.1636	7.04853
-2.20464	8.45386
1.08611	5.50883
-0.65913	6.65662
2.10765	0.540701
-2.59727	9.4258
-0.866084	8.55789
0.697992	5.11125
-2.52571	6.64529
-1.60931	8.66639
-0.740079	7.24457
2.50786	8.34917
0.575614	7.74884
-0.720351	8.49606
-2.95811	5.79169
-2.19743	8.75403
-1.72273	9.86082
10.0694	2.88305
-2.97061	8.24835
-0.987207	8.64815
-0.0556912	6.40646
-1.70793	8.64327
-1.42682	8.77505
-1.44566	6.90386
-1.38911	8.06042
-0.487755	8.65011
-1.10834	6.80585
-0.728941	6.86193
-2.40278	7.70404
1.1246	6.07162
-1.12777	7.89555
-0.60209	8.57499
-1.03282	6.32252
-1.88904	8.53856
-0.970112	8.39987
-0.0452627	8.28196
-2.6625	9.61115
-0.999549	10.174
-2.77418	9.66203
-0.831072	7.60034
0.186107	6.62653
1.2885	8.35725
-1.95038	6.33113
-2.68412	6.8213
-1.37883	6.55457
-2.30378	6.81902
-1.73478	7.75518
-0.200138	9.48848
-0.770873	8.76985
-0.52388	8.442
-2.10308	7.13165
0.152086	7.85364
-1.76366	7.3799
-1.98197	7.61862
-0.303048	6.83806
-0.715157	7.91438
