3.24336	-1.77787
4.47762	-4.37176
3.63344	-5.66473
4.48793	-3.41755
7.5211	-3.30475
2.80042	-5.50518
3.90749	-3.21707
5.08833	-4.97441
5.70015	-2.26735
6.12853	-2.29211
5.27372	-3.22158
6.28748	-4.55541
3.02635	-2.74673
3.31821	-3.33098
7.46774	-3.24664
5.43898	-2.50981
3.93576	-3.57142
3.92376	-4.32657
4.25825	-5.4826
3.55185	-5.66163
5.93698	-3.65271
3.9105	-3.77358
3.18902	-4.50104
7.28147	-0.540956
6.58064	-4.69934
3.695	-4.19185
6.40925	-6.2836
5.06661	-5.25293
4.34923	-2.67152
5.97102	-4.35733
3.65748	-4.337
5.34369	-5.69394
4.74425	-5.2151
3.49385	-5.80046
4.20013	-4.92433
4.33333	-4.03069
5.39217	-4.64046
4.01557	-5.58452
5.68442	-2.57767
5.35479	-3.3082
4.36508	-5.48583
4.58572	-3.40079
4.83874	-5.42577
4.6459	-3.23981
4.92392	-3.67861
5.25395	-4.01962
7.81626	-4.48239
5.90795	-5.8064
5.069	-2.41533
3.08673	-3.3047
4.50876	-4.71372
3.54144	-3.84364
4.54201	-4.50581
4.53188	-3.53158
5.38662	-3.14217
4.6234	-3.70244
6.9268	-3.43279
4.1165	-3.32011
5.9461	-3.37068
5.60102	-4.16783
5.65302	-6.13151
4.04461	-5.52505
5.13659	-3.25845
4.73936	-5.37555
4.0353	-2.99754
3.93976	-5.36832
2.82871	-3.98992
4.36558	-4.5736
5.45927	-4.38381
5.1522	-4.46348
6.03452	-3.51619
3.04615	-5.57468
4.81683	-3.14341
5.5504	-4.42993
4.56256	-3.7163
4.94174	-5.88708
4.77407	-4.42051
3.59768	-3.20855
4.77765	-5.67967
3.43222	-3.43905
4.02783	-4.4568
4.06705	-3.20491
3.08352	-4.27552
5.3418	-4.98533
5.76274	-3.38262
5.5258	-2.59331
3.91673	-5.27927
5.30355	-3.02231
5.2176	-2.57591
4.69769	-4.89083
3.9185	-4.75675
3.42684	-5.09168
5.45788	-4.39136
6.675	-5.15201
4.93329	-4.92538
6.20446	-2.51055
3.28335	-3.26244
4.61518	-3.60852
7.49667	-4.97141
4.63608	-1.03276
6.80306	-3.0448
5.80524	-3.59572
5.29319	-4.29311
4.829	-3.04563
5.91656	-4.2097
6.12419	-2.0329
4.76834	-5.14217
5.5033	-4.28447
5.22012	-3.224
5.8337	-5.76954
6.0602	-2.21096
4.86461	-4.71868
4.55084	-5.46197
4.24918	-5.36206
4.30462	-2.81288
5.64082	-5.54444
3.16884	-3.74571
5.8631	-2.98026
3.80026	-3.91428
3.16436	-3.44675
5.04272	-4.73071
4.43845	-4.87938
5.82226	-5.05612
4.8268	-3.90803
10.6121	-4.85197
3.57002	-2.74681
5.40242	-5.32196
5.5652	-4.98532
5.43045	-3.61156
4.28031	-5.19739
3.77298	-4.54154
4.01408	-4.26214
3.66232	-2.90217
5.62139	-5.45172
5.63678	-4.05267
2.96562	-4.87118
5.95517	-5.24055
4.80011	-1.6382
4.12253	-2.70716
2.95234	-4.7772
4.94488	-2.5633
5.71753	-5.6646
3.08176	-3.18653
3.64874	-4.49677
6.85463	-5.9035
3.39209	-3.40208
6.06948	-0.597009
3.68479	-3.98968
5.02757	-3.86144
6.89523	-1.44433
5.41353	-5.33212
4.96116	-3.25903
4.87334	-5.10019
5.15775	-4.26248
5.01564	-4.01833
3.69155	-3.74706
4.88539	-4.17933
4.26819	-3.9204
5.15449	-5.35984
4.17398	-3.95093
3.25766	-4.82198
3.92296	-3.12954
4.97005	-2.79162
5.50918	-4.85252
4.2691	-5.5153
6.17047	-1.37683
5.37218	-4.11307
5.95096	-5.84321
6.05397	-4.55226
3.48122	-4.03036
5.992	-5.19693
5.29973	-5.00989
4.92161	-3.08747
4.45813	-3.89063
6.03281	-3.16977
5.37146	-4.63929
5.01973	-2.83372
3.97912	-5.70108
3.48844	-2.64405
4.08445	-5.67891
5.40847	-2.23536
3.06357	-5.42491
5.15941	-4.57418
4.8602	-4.71191
4.64694	-5.58723
5.24229	-3.48893
5.24201	-3.30914
5.32255	-3.81142
3.85116	-3.62884
5.80858	-5.24778
3.97267	-5.15107
5.53921	-4.77735
5.69918	-4.89249
5.23888	-2.8202
5.59589	-4.4706
4.94938	-3.73774
5.58731	-4.44278
6.22183	-4.87148
5.66892	-5.63598
3.10358	-5.14658
4.20307	-4.62599
4.27369	-4.89252
5.88017	-4.05864
6.50426	-3.1491
6.83651	-5.29926
7.97596	-4.22359
4.62163	-1.97499
5.12518	-3.43636
4.28128	-3.3384
4.64076	-5.46007
4.36452	-5.40008
5.11825	-3.12023
5.41669	-5.75349
4.11332	-2.86334
3.44383	-4.36361
3.63275	-3.62061
3.29231	-2.22544
3.73896	-4.91396
4.25906	-4.53226
4.14238	-2.79311
5.05892	-4.81524
3.96007	-4.88679
4.56809	-5.7426
5.22111	-1.24694
4.89007	-5.82793
4.26967	-3.14784
4.07029	-5.37897
5.82201	-5.55342
5.93094	-4.93381
5.46784	-5.00392
8.34525	-4.63248
6.92094	-3.56633
5.90235	-5.64754
5.43075	-0.199078
3.84049	-2.32694
4.10077	-3.70866
4.52452	-3.39484
6.70463	-5.10784
3.29325	-5.17999
6.08782	-5.91087
6.20689	-2.96852
7.41928	-3.36027
7.47474	-4.18557
5.1555	-1.65836
6.01929	-3.67121
4.06378	-3.94597
5.19828	-4.85865
4.1	-2.02532
4.96421	-4.13915
6.68245	-4.69034
6.74266	-3.54604
5.67434	-4.89582
7.40857	-2.13228
9.50833	1.04258
6.01749	-8.17513
4.94529	-4.605
4.87247	-4.80964
4.59617	-2.6099
3.61814	-3.84314
7.19058	-3.6802
3.47103	-5.42483
3.58027	-4.14592
5.69712	-4.88483
3.33296	-4.7349
6.03053	-4.20044
3.4534	-6.05817
5.61887	-5.32887
5.615	-5.99517
4.27723	-3.73511
4.79744	-5.17787
5.00164	-4.21391
6.48583	-3.7154
4.99143	-5.29222
3.99607	-4.72209
6.05453	-4.50889
4.51219	-2.79741
5.25408	-3.62429
6.63743	-5.9904
4.74889	-3.64701
5.43917	-5.84269
3.66748	-5.15169
2.97296	-3.09865
4.60415	-4.30976
5.46443	-3.20529
3.09123	-4.46245
4.37052	-4.16388
4.10993	-3.72528
5.96919	-3.37167
8.03704	-4.21347
4.67651	-5.57374
6.20048	-5.9429
3.19302	-3.62427
4.9345	-2.53295
3.6362	-3.98326
4.53068	-4.86415
4.47184	-4.21413
4.04135	-4.6017
5.17554	-3.084
4.42942	-5.13845
6.25554	-3.29035
4.82212	-3.43409
5.35153	-2.62753
6.7253	-2.80817
5.81566	-4.92585
4.3587	-5.10353
4.81422	-4.58972
6.15114	-3.43894
4.48821	-4.62713
3.41501	-5.27654
6.5351	-4.92062
2.98009	-5.15924
5.90465	-3.98548
3.20709	-5.66243
5.60395	-4.72428
4.73211	-3.97935
5.7945	-5.94365
4.46625	-3.11096
5.24233	-5.31362
5.72653	-4.02568
5.04593	-5.11277
6.39792	-5.64029
7.15962	-3.03776
5.87341	-3.73735
6.18772	-4.92197
3.56949	-5.58746
4.53506	-4.81102
3.88713	-4.2045
3.84251	-3.30744
4.97724	-2.16762
3.8634	-5.23582
3.93031	-5.33364
4.1902	-3.71953
3.20606	-3.90932
5.12342	-5.13346
4.51947	-5.75985
4.56454	-4.85529
4.4158	-4.37787
5.29682	-4.04834
4.82932	-4.62332
5.61529	-3.66734
7.61281	-5.27277
6.17072	-5.06853
5.61694	-3.71033
4.68222	-2.93178
3.13342	-3.12639
6.88413	-0.703911
3.70413	-3.03886
4.74247	-3.40031
3.67089	-2.75865
5.35672	-1.17539
5.53089	-4.31009
4.62347	-4.40293
4.1367	-4.99164
4.26187	-3.46542
5.64663	-5.52714
4.2719	-4.27462
3.84066	-5.73817
5.17357	-3.89563
5.29065	-4.95454
5.351	-3.56299
4.97628	-4.83008
3.02005	-3.5724
4.93598	-4.08517
6.9496	-2.57367
5.0023	-3.26645
3.9593	-4.42337
3.52473	-5.87572
4.73108	-5.76466
3.31449	-5.75726
3.84699	-4.23894
4.54521	-4.78055
4.20393	-3.14851
3.7727	-4.10843
3.71623	-4.62485
6.83935	-5.24377
3.24022	-4.79267
4.48632	-3.92525
5.44479	-2.90485
5.63966	-4.61606
5.14854	-3.82502
3.16996	-5.40435
3.43403	-4.83611
4.85146	-3.19231
6.20427	-4.14095
5.35195	-4.71471
5.64362	-3.79996
5.35308	-4.49805
4.99796	-5.99186
3.98315	-3.80877
3.38652	-4.24219
4.01538	-2.68685
3.63847	-3.69883
3.37545	-3.65468
4.62951	-5.03132
5.0284	-3.31921
5.77048	-1.6329
5.63229	-5.19581
5.45565	-4.18768
5.39893	-4.39296
5.4649	-5.82875
4.04866	-4.70092
7.83629	-3.05416
5.70824	-3.85614
4.01948	-3.43579
3.53065	-5.63781
5.47386	-5.7582
5.79641	-5.89693
4.00701	-3.38039
7.11411	-4.95028
6.37776	-6.10001
3.63949	-3.67802
3.36902	-3.14625
4.77326	-2.54361
4.81567	-4.77192
5.18725	-3.1925
6.05701	-4.46457
4.38413	-4.00323
5.63881	-3.44657
3.31241	-2.90726
3.58236	-3.75909
4.97508	-3.75289
5.17507	-3.98821
5.04122	-4.7576
5.16758	-4.80172
4.30961	-3.24275
5.42084	-3.5674
2.88902	-1.12908
5.5107	-4.3874
5.90212	-5.2732
4.61505	-4.91104
4.53589	-3.72768
4.46805	-4.44953
5.64065	-3.46548
5.89919	-2.92713
3.29631	-5.02899
3.30607	-4.2576
5.17629	-4.463
3.28347	-4.8613
5.72816	-3.14828
5.81939	-2.68056
5.03001	-5.07168
6.4595	-2.11253
5.10385	-3.66592
5.55672	-5.82111
5.03696	-4.64105
2.91845	-3.75497
5.05827	-2.80816
5.56297	-2.19943
4.3119	-5.17575
4.38679	-3.40536
3.96935	-5.41249
5.52202	-3.19194
4.13558	-5.66132
5.6205	-5.37999
3.38336	-5.67067
4.36146	-3.09386
6.78915	-5.22014
4.08495	-3.92372
3.6031	-4.28476
5.33562	-4.53061
6.67887	-4.72944
5.90045	-5.84228
4.3272	-5.6589
5.24699	-3.50666
2.9932	-5.54168
3.4384	-2.3275
6.22888	-4.2865
3.28306	-5.05423
5.14208	-2.69392
3.20751	-3.80977
3.20579	-4.06761
4.05309	-2.50005
4.93288	-3.45951
5.35771	-4.02975
3.30901	-3.66219
5.12641	-2.36234
4.65453	-4.68817
4.56931	-4.18796
5.23123	-3.54937
5.29459	-4.11356
4.79776	-2.67214
4.39704	-1.97731
5.95807	-1.74556
6.28425	-4.95645
5.47285	-3.09348
4.6335	-3.70166
3.62559	-3.29885
3.76896	-3.07899
5.30317	-4.6699
3.86986	-3.37774
5.0056	-3.1807
8.33082	-5.34371
4.72923	-4.75872
6.05624	-3.1647
7.3321	-3.68765
4.13093	-5.53505
5.05901	-3.53578
4.45372	-3.31704
4.86462	-4.07436
4.82539	-5.29989
6.1109	-4.18581
5.33667	-3.3383
5.89304	-3.87332
4.06033	-2.0139
6.05602	-3.81635
4.74098	-3.13177
5.14485	-5.15203
5.11391	-3.00086
6.49143	-3.65794
4.34464	-5.31706
5.12991	-5.67989
3.37707	-4.71041
6.2015	-5.8163
4.3091	-5.6223
5.54874	-3.30325
4.46477	-4.71319
3.76978	-4.51326
3.09323	-5.40981
5.09413	-1.70612
6.9691	-2.9792
5.70059	-2.80255
5.63706	-5.13384
4.33809	-4.59824
6.11864	-4.01516
4.452	-3.08462
3.56968	-3.6458
5.26136	-4.51783
6.68411	-2.95281
3.75299	-2.76306
6.17075	-5.58787
5.08173	-3.34542
4.52916	-3.88558
5.45979	-3.66725
3.3906	-5.95786
3.39166	-2.76914
4.93489	-5.78866
3.42329	-5.95276
3.97792	-4.1665
4.78095	-4.32766
6.33964	-6.04967
5.46395	-5.48655
4.25462	-5.02815
4.49304	-3.39654
4.31824	-5.41369
3.9135	-3.27925
6.03152	-2.45389
4.18549	-3.75668
6.09389	-4.06196
4.34399	-4.11394
6.74853	-4.3361
5.89655	-4.34391
4.68041	-4.83502
6.93796	-3.82705
4.17289	-6.13836
7.58731	-4.32404
6.86368	-3.62097
5.73423	-3.50956
7.11159	-2.7206
3.75908	-4.76649
5.90005	-5.09949
3.07976	-4.41882
6.12361	-6.50765
4.74057	-0.9885
5.11319	-3.32809
6.7868	-4.78212
5.07222	-4.44027
5.82932	-5.83527
4.54395	-3.44793
3.76755	-1.30163
5.64267	-5.06575
5.07212	-5.72254
3.32044	-4.98535
4.51695	-2.81728
6.04133	-4.40059
4.68573	-3.38758
4.86211	-3.47649
5.34771	-3.66476
5.70018	-3.50732
5.34435	-4.15597
3.5106	-4.24561
7.42683	-5.26749
3.58328	-3.14781
3.38728	-5.4748
4.98392	-4.11132
4.3175	-5.79798
5.84823	-5.88377
3.78763	-4.50234
4.44357	-5.20472
3.13981	-5.8425
3.76959	-4.80977
4.47822	-3.19131
4.35079	-3.82856
5.48423	-2.83251
5.42567	-4.42172
4.19011	-4.43649
4.92248	-4.4884
5.78457	-3.19499
4.55645	-5.58207
3.33302	-4.18885
4.50502	-4.56694
4.7629	-4.9831
4.15443	-1.74557
4.34922	-3.95277
5.31378	-4.58331
5.01901	-5.29132
4.37264	-5.29267
5.73524	-5.87192
4.42312	-5.93576
6.15032	-5.25409
6.62858	-6.2145
6.90261	-2.26659
5.64064	-5.77994
4.65999	-3.50174
4.38431	-3.25091
5.9245	-3.64786
6.94567	-4.65879
4.79896	-2.78656
7.28526	-2.02268
5.80874	-5.50316
6.6372	-4.85489
5.06482	-3.65618
3.14513	-5.50734
4.71399	-4.66507
6.22803	-5.11804
5.543	-5.66457
3.52062	-4.35439
6.11411	-4.9725
7.66578	-3.32464
4.97071	-3.75781
5.81176	-5.13979
5.01608	-4.6892
5.28176	-5.46731
5.53029	-3.93359
3.68254	-3.96403
5.10866	-3.76975
4.83706	-5.01469
6.80502	-5.73506
6.52799	-5.44557
5.89532	-3.5453
3.53244	-4.84286
6.74953	-5.18511
4.33017	-1.34263
5.47198	-3.2795
3.0748	-3.7001
5.14788	-4.32359
3.95292	-5.34096
5.20311	-4.18606
5.78841	-4.47954
3.58406	-2.74282
6.29917	-4.42948
5.30979	-3.28911
4.21649	-4.15936
3.19751	-4.17737
4.50243	-5.68253
3.4656	-3.82665
4.84965	-4.18761
6.79714	-3.21509
4.33133	-3.55759
6.26165	-7.07151
4.06915	-3.56775
4.79928	-5.7644
4.21794	-3.10993
4.39463	-3.57164
5.55322	-4.91467
2.99739	-4.20147
5.20066	-3.40301
6.42609	-3.98649
4.40048	-3.77526
3.71417	-4.78363
4.87099	-3.70616
7.7878	-2.63325
5.4894	-4.30856
5.57581	-2.16129
5.05277	-3.97795
4.2175	-5.72574
3.6935	-3.42549
3.42837	-2.79801
7.38472	-1.00007
2.92517	-4.01859
6.35105	-5.44197
4.60618	-3.4186
4.21043	-3.57674
5.39656	-3.26097
5.62678	-4.79708
5.16435	-5.61588
3.52079	-4.2798
3.94225	-5.92032
10.9879	-0.405591
2.92941	-4.72772
7.35857	-2.77364
4.18513	-4.00052
5.13786	-3.15691
4.32019	-4.47968
8.49642	-8.07653
6.06498	-5.60552
3.65826	-2.73497
3.78555	-4.16369
5.27106	-3.17035
6.12611	-3.16035
3.20434	-3.34763
4.91934	-3.76463
5.90213	-3.54689
6.86458	-4.30794
3.382	-5.01202
3.0055	-2.43624
4.90371	-4.14874
5.30395	-2.07606
3.61785	-4.69695
4.50687	-4.34472
3.94452	-4.52629
5.08485	-3.36296
4.05782	-5.24671
5.02965	-3.80072
5.11597	-5.22137
6.79527	-2.32044
3.09175	-3.90136
5.74063	-2.59454
5.55879	-4.05898
3.47253	-4.10017
3.29033	-3.07753
5.19049	-2.81845
4.56292	-3.60152
5.55741	-3.76999
5.00676	-4.86293
6.75424	-6.67992
3.95253	-3.96537
5.5988	-3.29803
4.40042	-5.56333
5.32951	-2.84445
3.57541	-5.56723
3.56001	-3.75824
4.12246	-4.23413
5.03593	-3.14345
3.55771	-3.84093
3.92257	-5.31695
6.91205	-2.73627
4.63858	-5.34641
5.24491	-5.56127
4.40983	-4.66301
5.4667	-3.4017
4.2159	-3.46432
5.37578	-3.17837
4.94501	-5.49976
4.61305	-4.25475
4.77176	-5.76267
7.35956	-4.4352
5.86367	-4.30954
5.77809	-3.54125
4.40137	-4.56811
3.38447	-4.90383
5.20982	-4.70497
5.42724	-5.47471
3.49636	-5.4325
4.54112	-5.55972
5.30435	-3.88501
3.01472	-2.88013
6.11473	-4.38191
4.72345	-2.44942
3.13791	-3.63634
3.98119	-3.31139
5.59953	-1.23006
6.49061	-2.3171
3.12657	-4.17645
5.63082	-5.66861
3.51908	-4.40852
3.81136	-3.60782
6.31624	-3.47316
4.4929	-3.95721
3.15531	-5.33452
6.78635	-4.88025
3.71751	-3.34002
5.76392	-2.88969
4.52525	-5.5581
5.00882	-2.81914
6.18043	-4.12711
4.57721	-3.29362
3.62601	-3.04245
5.38497	-3.9895
4.20861	-5.28665
5.98925	-4.34079
4.89147	-3.62775
5.08755	-3.915
3.58876	-3.18465
4.34204	-4.99782
5.24551	-3.73007
5.09886	-5.34943
8.56713	0.24728
3.93085	-5.35778
5.55652	-3.60842
6.26152	-3.41637
6.09227	-4.071
3.8969	-3.85302
4.23012	-3.52341
4.94069	-1.41741
5.04711	-3.24648
5.8639	-4.1024
4.40291	-3.94185
3.03268	-4.58836
5.94305	-3.69886
3.43286	-3.90067
4.51118	-2.5324
4.64486	-4.42912
3.12123	-2.631
3.53651	-3.0545
6.24115	-8.49672
5.17924	-4.86686
3.86248	-4.97716
6.22461	-4.45456
3.74569	-4.27761
5.97625	-6.03287
4.74441	-3.86326
3.98753	-4.20096
5.5212	-3.99978
6.19927	-5.71259
6.13835	-5.59546
7.23739	-3.33646
4.56128	-2.05429
4.97687	-5.94177
6.11506	-3.04581
7.03213	-5.43311
3.83782	-2.78689
5.73847	-3.94551
5.23797	-4.0646
3.76319	-3.18571
6.09534	-2.54595
4.15109	-4.21995
3.05712	-5.44207
4.90959	-3.85714
7.7821	-5.68263
6.2154	-3.12968
4.01107	-5.69063
6.42619	-6.06223
3.92639	-3.53182
5.36018	-4.13377
4.69839	-4.07514
4.819	-4.68016
6.4951	-4.14601
6.57374	-3.61343
5.3347	-3.35846
4.97168	-4.10887
5.2035	-3.53413
5.15186	-3.25952
3.50873	-4.5034
3.1105	-3.84097
3.56354	-5.81286
5.00387	-2.98305
5.89612	-5.54677
5.8438	-5.15703
5.51237	-4.19836
4.72219	-2.15296
5.38965	-3.09811
5.0286	-4.12532
4.89546	-2.47925
4.77737	-5.00971
4.32948	-4.16065
4.53627	-5.52522
4.84952	-4.25454
5.04266	-3.07483
4.02233	-5.35473
5.76504	-4.80843
4.39384	-5.36466
5.79649	-2.45674
6.38695	-4.9573
6.28715	-4.51373
5.72883	-4.47391
4.95714	-4.1334
3.8273	-3.63223
4.42716	-4.08688
6.46189	-3.84823
5.77773	-3.25133
5.87156	-4.14839
4.77201	-2.9034
6.19989	-4.55856
6.54837	-6.39241
4.68414	-3.99323
4.49294	-2.4738
6.23714	-3.80638
3.21632	-4.52905
6.87083	-4.66277
3.38231	-5.66631
6.7877	-3.56424
4.00324	-4.24928
2.99918	-3.872
10.9997	3.27838
5.24677	-5.36847
3.2875	-2.92917
6.46814	-6.70801
5.21863	-1.94973
7.04488	-3.24286
5.73967	-4.26855
6.02747	-3.23274
4.30813	-3.28407
7.38403	-3.05137
5.26734	-3.48084
5.07042	-0.351087
4.04881	-4.16196
4.52113	-3.88
3.73272	-3.84492
3.626	-4.3683
4.63554	-2.28137
4.96034	-4.47814
4.52432	-5.86453
5.43138	-4.91566
5.85179	-4.40799
3.96815	-4.03602
6.8447	-3.68224
4.01643	-1.62147
4.30747	-2.8782
5.72164	-2.26064
3.97653	-4.14839
4.81621	-3.88892
6.33484	-5.35464
5.41415	-4.23797
5.59795	-4.12267
5.30865	-4.42181
5.33872	-3.48397
2.76859	-4.89055
4.13823	-2.87616
3.1722	-2.36932
4.15701	-5.42955
5.9587	-4.70825
4.5699	-2.58581
5.5386	-4.24476
8.65964	-6.22929
5.29872	-3.66821
5.64043	-5.01528
4.11946	-5.0279
3.101	-3.24067
5.68407	-4.88683
5.67489	-4.69523
5.37611	1.33244
3.52707	-3.77778
6.32965	-5.21633
5.75944	-4.08724
5.01309	-5.43113
6.29524	-3.95867
4.66965	-1.41072
4.23753	-4.7088
5.98937	-4.40538
5.31023	-2.75717
4.99431	-4.23267
3.17557	-5.54286
5.87136	-5.54744
4.78591	-3.91388
4.93524	-2.57648
5.21231	-2.82656
5.13782	-5.9332
5.52383	-4.25683
3.78776	-1.87812
4.22788	-5.00177
5.71119	-4.16821
4.10124	-3.58646
3.76573	-2.18489
6.23235	-3.41433
6.46188	-3.28321
3.73039	-1.02773
5.61784	-3.70507
6.15619	-2.97492
5.83196	-5.79593
4.30982	-4.9741
4.12279	-3.39391
4.24122	-4.06466
4.48173	-3.80446
7.13222	-3.69996
3.23756	-3.54946
4.21726	-3.22924
6.32799	-3.62847
3.90444	-3.1249
5.90949	-4.43328
6.25265	-3.2323
3.91376	-4.34029
3.06898	-4.83666
3.68125	-3.74995
3.1433	-5.15882
5.02042	-5.39566
6.42127	-2.47687
5.16925	-4.38926
6.13121	-1.59922
5.84253	-3.10314
5.39551	-3.03134
9.62358	-1.08208
5.26862	-4.69471
3.97066	-3.61638
3.70615	-4.77119
6.64094	-3.85981
4.54546	-5.03308
5.38918	-3.54904
4.52177	-5.29865
5.62183	-4.20017
5.651	-3.22427
5.83422	-3.39211
8.02556	-3.0421
5.16477	-3.1011
2.99344	-3.13435
5.62967	-5.03425
7.29422	-2.11445
3.50367	-5.3128
5.71823	-2.71879
5.00287	-3.73142
4.96458	-3.19557
3.3049	-3.72579
2.98043	-5.56828
4.7087	-3.45811
3.53568	-5.59792
3.81682	-4.17445
5.3662	-4.86302
5.22635	-3.18345
5.5871	-5.71186
4.4812	-4.29583
5.52535	-4.54156
5.26503	-4.4165
3.94636	-2.44351
4.61677	-1.5292
4.66237	-3.59843
4.44438	-3.05448
5.19416	-2.26806
5.12888	-3.84297
5.34712	-3.709
3.29269	-3.23966
2.7643	-3.91975
3.58932	-4.31913
3.19659	-3.05697
7.39006	-4.08679
3.36559	-4.30638
3.67335	-4.20741
3.48671	-3.05076
5.26852	-5.7213
4.58069	-5.70993
6.98126	-4.03624
4.50893	-4.0605
5.88602	-4.58957
5.61901	-3.73981
5.78852	-4.92011
5.81241	-1.8301
4.79228	-4.95489
6.75271	-3.15108
4.35525	-2.84355
5.17015	-4.0839
6.3738	-4.39403
5.2349	-6.16482
10.3151	-7.77404
4.26725	-5.00535
6.34297	-3.80328
5.77771	-4.45112
4.18471	-2.95163
4.06124	-3.78389
4.51827	-3.67269
5.05494	-3.40299
2.93444	-4.37972
4.87451	-4.56318
7.59606	-6.80589
6.46829	-3.33702
3.7308	-3.59519
3.83157	-4.12745
3.74287	-5.17692
3.1321	-4.79812
5.06136	-3.54548
6.24094	-4.15125
4.12333	-2.63017
3.54995	-3.60036
6.92509	-3.12383
3.70045	-4.68123
5.78218	-5.37792
5.0263	-3.9042
3.55774	-2.97116
6.97174	-2.42931
5.53656	-2.72937
5.75917	-5.55436
4.73129	-3.4076
5.26725	-2.19103
7.00179	-2.31493
5.28067	-4.8579
7.48639	-4.54473
4.86306	-3.71067
3.01486	-3.33404
3.90336	-2.81465
6.58574	-3.21493
4.85402	-4.15234
4.88999	-4.77511
3.99901	-4.548
5.21889	-2.99247
3.54558	-1.96999
6.4424	-2.79567
6.18886	-3.70002
5.6822	-4.39621
5.90233	-4.2698
5.91292	-5.71763
4.12387	-3.78197
6.74071	-4.48106
6.18	-3.05752
5.61688	-5.71128
4.82769	-4.64242
5.36714	-4.4848
4.79649	-4.67544
7.30157	-7.96711
5.03646	-6.15438
7.2471	-6.33932
5.60867	-3.52737
4.47537	-5.95169
4.39817	-4.28101
3.90381	-3.52622
5.66222	-2.43186
6.47181	-4.01694
5.63135	-5.16255
4.90459	-2.61401
11.0571	10.0949
5.24827	-4.4866
5.75519	-3.70894
3.71404	-5.59995
5.43227	-2.00227
3.47171	-5.49525
5.01288	-3.95795
5.87744	-3.49635
6.75957	-2.71863
5.17712	-4.2663
5.34457	-3.23256
4.27653	-3.261
5.15393	-4.1139
5.94159	-4.03749
5.32016	-5.29928
5.21945	-5.05244
4.02988	-4.94603
5.95559	-5.01331
5.66425	-5.7459
4.24714	-5.33075
3.38574	-3.42913
6.2819	-5.61885
7.09416	-5.18035
4.83945	-5.88305
4.67231	-5.46031
3.10545	-5.83821
4.72504	-5.47789
5.03362	-3.33312
3.17558	-3.76269
4.70143	-4.94881
7.0309	-3.14148
5.34179	-5.46271
5.38845	-3.18449
4.79639	-2.98402
3.95222	-4.186
14.5051	6.54062
4.35897	-2.17458
3.24418	-4.04871
4.23752	-4.3005
3.82498	-2.92531
5.41581	-3.51053
4.92017	-3.36358
3.49536	-2.93468
4.55444	-2.04462
4.43502	-5.21076
5.98766	-2.54583
4.64916	-4.43193
5.38879	-6.12731
3.44161	-3.22638
3.5864	-5.89517
4.19012	-3.13429
3.69682	-3.13126
6.01627	-5.27864
3.3041	-3.64602
4.03585	-5.34695
5.21172	-3.97667
4.3156	-3.64621
5.25554	-4.37775
8.44579	-4.83724
4.57941	-5.73191
3.90393	-3.32146
4.50791	-5.12977
3.72224	-3.9529
4.12456	-4.85658
4.48125	-3.15576
5.64621	-3.77376
3.97264	-5.08097
12.0012	-3.22847
3.73751	-4.29556
3.38469	-3.60294
5.70324	-4.97955
6.75012	-1.43605
5.77338	-5.28821
5.36282	-6.18567
5.22541	-4.1271
4.9461	-3.06482
3.09023	-3.83829
4.22847	-5.2327
3.85231	-3.63937
5.17983	-5.16226
6.93506	-3.40276
6.03332	-5.89831
3.62564	-4.97506
5.32981	-4.96011
3.66134	-2.92353
4.84263	-2.39984
3.56384	-4.58055
3.16555	-4.33348
4.03733	-4.23997
5.09103	-5.10196
7.97267	-2.75186
3.95465	-5.41713
5.65307	-3.85207
6.44459	-4.50733
5.69022	-5.34141
5.38756	-2.8133
5.38715	-5.12945
4.04202	-4.3106
4.20964	-2.94676
5.78091	-5.95654
7.29112	-4.22339
3.34798	-3.65813
5.56669	-4.32845
3.28172	-3.5344
5.34609	-3.32924
5.68935	-3.1242
5.56474	-3.66869
5.89413	-5.21269
3.89459	-3.61427
5.05864	-1.85049
4.82438	-4.97582
4.43953	-3.44462
4.97828	-4.2607
3.19076	-5.15461
6.00629	-4.31623
4.26117	-3.34522
5.2499	-4.42484
5.26689	-5.625
4.72542	-4.53725
5.80995	-5.89263
6.18467	-4.43311
4.73686	-5.54178
4.39194	-5.59714
5.90529	-5.77398
4.79322	-4.1945
4.0593	-2.67864
2.86057	-4.89944
4.70864	-3.15809
3.74316	-3.56892
2.91542	-4.39395
5.15481	-3.89743
4.10588	-3.31022
3.45178	-6.09857
5.82703	-5.03551
4.40145	-2.99461
6.82152	-3.24984
3.79726	-3.9645
7.17886	-2.33767
5.09446	-4.98021
2.93284	-4.66946
4.27438	-4.40861
3.75245	-2.05658
11.5448	-2.40276
3.56148	-5.94851
4.31222	-4.50087
5.67511	-3.72029
4.94987	-5.89081
6.29874	-3.81688
5.2579	-3.07609
7.69177	-4.03654
3.1531	-3.51386
4.00711	-5.45919
4.9518	-4.30475
3.18368	-4.82525
4.89687	-3.33448
6.52293	-2.35183
4.27139	-5.48079
5.82041	-4.23213
6.18898	-3.43251
4.0931	-3.21557
7.71931	-3.90757
4.80142	-5.01827
2.99168	-3.61515
5.10942	-2.57093
6.40396	-5.30747
3.51209	-5.16237
4.16706	-5.17656
4.04248	-5.10591
5.1563	-3.81512
4.81921	-2.11393
3.20933	-5.41028
5.46726	-3.97242
4.36642	-5.64279
2.92122	-6.02662
6.0186	-4.00003
4.7746	-2.94672
4.84957	-4.83985
4.87324	-3.96578
4.53711	-4.45628
4.62342	-3.59188
3.56295	-5.65846
4.55442	-3.94569
4.74138	-4.58265
7.68351	-3.18736
3.47965	-3.89566
5.48322	-4.98398
5.05803	-4.8954
3.47435	-4.46803
5.14862	-3.13306
3.44303	-4.5771
4.49955	-2.99186
4.40374	-5.12982
6.16395	-6.10639
6.08846	-3.5188
6.3671	-2.80248
5.07597	-5.42389
4.76395	-4.04741
7.51723	-4.2755
7.63398	-3.99708
3.94266	-4.80655
4.50954	-3.53213
3.01738	-5.38588
6.14318	-3.71002
3.12348	-4.74335
5.07438	-5.74808
3.90818	-1.46548
4.37062	-3.10902
5.96817	-3.32878
4.62923	-3.51533
4.73064	-2.79588
5.83829	-4.15839
4.63063	-3.8875
2.82445	-1.68182
3.28605	-6.26682
6.46352	-6.56726
5.11245	-4.47291
5.38707	-4.70714
6.47603	-4.45349
3.60671	-3.98846
3.93412	-2.91089
5.95218	-5.36942
5.45752	-4.61435
5.31867	-3.89056
3.01177	-4.45975
4.64723	-3.41966
4.3517	-1.20217
4.89307	-2.92037
5.8486	-2.78647
5.37951	-4.99159
4.44898	-4.46272
4.36471	-3.11743
3.85621	-4.18385
4.54069	-4.32299
6.59009	-3.26321
4.02239	-1.7405
3.42264	-4.72993
4.21271	-1.74782
6.94745	-3.46798
5.63796	-5.01406
7.13789	-2.77462
3.26033	-5.40938
5.66343	-4.32277
5.75964	-3.09551
6.69836	-4.87075
5.54414	-4.60736
4.13391	-4.23803
5.57784	-4.88115
4.66984	-4.22352
5.29736	-3.95226
3.91858	-3.39864
6.55079	-6.88812
4.75097	-3.13563
4.88491	-3.15538
4.8732	-3.83649
4.54553	-5.65413
7.42987	-7.0049
5.86472	-4.80383
6.86438	-5.53802
3.48225	-3.64608
5.99037	-4.72789
4.96849	-3.34164
5.64558	-3.03259
4.83815	-3.09676
5.75993	-5.23034
5.01283	-6.06965
4.80176	-2.9863
6.33494	-4.39809
3.23938	-4.60966
6.68143	-4.32764
4.21972	-5.31214
2.90144	-4.13761
4.38112	-3.53763
4.45724	-4.32511
6.4748	-3.13948
6.07607	-3.33067
5.23258	-3.7726
5.52185	-1.3459
5.53821	-3.94512
4.19116	-6.07039
3.0861	-5.81528
4.51689	-3.72435
3.53747	-4.66582
5.38111	-2.95174
5.8521	-4.47756
4.90046	-4.77215
5.56386	-4.18794
3.95526	-4.55157
3.73904	-5.17339
2.99107	-5.07154
4.06676	-3.91852
3.02771	-5.42083
9.90415	-14.0735
5.9978	-3.49208
3.55422	-4.50956
4.14497	-2.05353
5.08116	-3.76727
13.107	-9.2863
3.50722	-5.58456
2.93953	-3.14818
6.50986	-3.88673
4.04096	-4.62299
6.30146	-4.72795
3.07178	-4.10811
3.51856	-3.89533
5.22615	-4.2802
4.81212	-4.25464
4.93245	-5.56924
6.70661	-4.54432
3.06871	-3.658
4.77311	-2.85199
3.72354	-2.32061
3.55527	-3.32013
5.58924	-4.66664
3.90054	-4.15188
5.4251	-4.90079
4.35517	-3.75849
6.99478	-5.18641
3.41294	-3.25506
4.19097	-3.57902
4.72645	-5.57738
3.52333	-4.04495
3.98698	-4.95346
6.15285	-3.4056
5.02589	-3.70676
5.33245	-4.92408
4.89029	-3.10673
3.90694	-4.56653
5.67192	-3.87509
6.9719	-3.59682
3.51076	-5.35366
5.51603	-2.69246
6.16082	-3.99436
3.98431	-3.63399
6.10071	-6.01897
4.26526	-4.7088
6.42308	-3.47613
6.54369	-3.91066
7.05813	-7.25601
4.12881	-2.75073
4.21518	-2.30126
3.24324	-4.17547
3.49878	-3.8802
5.47388	-3.40583
5.37891	-2.96891
5.69537	-2.74208
7.07366	-5.41426
5.38159	-3.53244
4.67677	-5.18727
3.63442	-4.89213
5.51222	-4.16969
3.4808	-4.71242
5.20902	-3.17257
5.58503	-4.69934
4.85576	-4.07051
4.52918	-4.00673
3.07656	-3.61087
5.29469	-5.66966
5.25349	-5.55405
3.76134	-3.21412
5.78388	-3.98816
5.32513	-4.95735
4.58409	-5.66368
4.27521	-3.65973
6.16931	-4.5435
5.01367	-4.80174
4.24731	-5.78284
4.03119	-3.76343
5.14174	-3.00619
5.56661	-3.12374
5.30922	-5.05751
6.17056	-4.28861
3.76125	-2.929
7.65545	-5.01861
7.24418	-1.74222
5.65069	-5.46927
4.23128	-1.31468
6.3634	-3.45399
3.81051	-5.27984
4.41232	-1.72638
5.08069	-4.23569
4.6342	-5.17044
4.73943	-5.99601
3.91786	-5.39774
4.2965	-2.54311
5.75542	-3.8673
5.61693	-4.36808
3.43773	-3.5674
9.16686	-2.74559
5.52658	-2.90956
7.00327	-3.61212
5.44006	-2.77637
5.33506	-2.84698
4.71847	-3.58308
6.813	-6.47294
3.4506	-4.49255
5.29965	-3.92523
5.83712	-5.24506
7.70764	-4.7114
5.63386	-3.59201
6.28454	-4.59774
4.1678	-1.89059
4.1063	-3.39476
4.30575	-3.46205
4.95576	-1.64506
4.18854	-2.67269
5.55581	-2.59133
3.86766	-2.86542
5.79522	-3.36204
3.19928	-2.09994
4.11327	-4.40535
6.17673	-3.97134
4.55085	-2.0516
5.55591	-4.28845
4.31459	-5.77488
4.9724	-4.37103
4.67713	-3.08476
4.88832	-3.72258
3.94143	-2.58238
7.48699	-3.39713
4.27676	-3.80671
5.79474	-5.24149
4.24292	-4.10918
5.27863	-3.70204
5.25921	-4.66562
3.89059	-3.63776
4.03087	-4.00312
5.56353	-5.78239
4.56991	-3.81331
8.31371	-3.95049
4.79506	-4.67108
4.52376	-4.17107
6.26177	-5.72977
5.54698	-4.10217
5.24113	-5.09294
4.74769	-3.12684
4.44517	-2.32574
3.62792	-4.78664
5.12652	-5.74108
6.10613	-4.77534
5.28699	-4.46903
3.15886	-2.42726
3.00438	-5.37436
5.39708	-3.75746
5.46306	-5.576
5.02658	-5.37048
5.00818	-4.40373
5.59717	-5.56486
5.33965	-4.13446
5.84612	-5.83048
4.61073	-3.67994
5.87663	-5.57155
3.57677	-5.37867
5.10512	-5.4338
6.57979	-5.04906
6.73807	-3.97566
4.45394	-3.23227
2.90575	-5.1372
4.30165	-3.58444
7.00739	-5.25742
3.64714	-6.02811
6.88951	-5.87762
5.94032	-3.38704
4.89625	-3.29122
2.90859	-3.34386
4.14054	-3.56397
4.25031	-4.7519
3.78296	-3.53672
4.41837	-5.09093
4.94196	-4.31671
3.22251	-1.84849
4.75086	-3.594
5.28357	-4.24402
5.93975	-4.69368
4.5355	-3.64009
3.41307	-5.65721
4.25564	-4.74697
4.02169	-4.15128
6.16626	-2.08907
4.00198	-2.76939
3.81026	-2.30168
5.80559	-3.98433
4.61421	-3.63676
4.64861	-4.68706
3.16953	-2.21655
3.10003	-3.91602
6.74569	-4.092
5.45427	-4.82937
5.33527	-5.67635
3.28847	-5.65605
3.68751	-2.4338
4.89602	-2.58754
3.25079	-5.89722
3.39854	-1.71348
6.37287	-5.05347
4.9671	-4.08033
5.50424	-2.47434
6.09515	-3.86472
7.32234	-6.38601
3.32869	-2.8953
6.10371	-2.56125
4.32553	-3.42705
3.96411	-3.12694
3.1443	-5.42664
6.0541	-5.9533
5.78554	-4.19735
3.6307	-4.90716
5.77783	-4.0744
4.53784	-4.60272
9.40849	-10.1421
4.92821	-3.4414
5.27673	-3.95183
3.12039	-3.48692
5.09032	-5.60553
5.00479	-3.62232
3.13385	-3.0007
2.93916	-4.22427
3.0336	-3.61227
4.23308	-3.79054
5.08541	-3.70028
6.68798	-5.32741
3.85558	-2.96986
3.86512	-2.88282
5.94191	-3.94167
4.02451	-3.44037
5.6377	-3.46424
3.98747	-4.15357
3.66285	-3.63658
6.4601	-4.62841
4.3641	-4.08497
6.14672	-2.53869
5.51527	-5.25463
6.43541	-3.47317
3.4898	-5.95767
4.84802	-3.83165
3.68268	-3.37805
4.51498	-5.3274
3.14048	-4.91266
5.76372	-3.8291
3.5178	-4.18857
3.76266	-4.58419
5.25753	-2.15074
5.13161	-3.53722
5.23727	-4.61935
9.99032	-0.454646
4.64332	-5.49574
5.04862	-3.50895
5.1826	-2.43303
3.82704	-3.96076
8.53286	-5.90118
5.08434	-3.56802
6.25958	-4.14284
3.6782	-5.35824
4.25145	-5.7943
3.66043	-5.22845
5.86049	-4.77678
3.58339	-3.45829
4.24167	-5.41693
3.03195	-4.28335
3.22143	-5.69614
4.33949	-3.6546
7.36397	-4.26854
4.511	-5.20026
3.90169	-3.14839
4.14711	-3.99338
6.36707	-4.81264
5.36925	-3.69817
5.1337	-2.95267
5.30265	-3.33807
4.74174	-3.8571
5.8742	-3.59818
6.49633	-2.79941
4.94136	-3.5389
4.20984	-3.1104
4.17518	-3.29821
5.89289	-4.48107
4.01165	-3.86999
4.05688	-4.15908
5.97336	-5.91456
4.63838	-4.3649
5.90147	-4.32599
6.56824	-5.50778
4.58348	-5.52268
5.47556	-5.99695
4.42284	-3.08708
5.85073	-3.60742
4.58437	-4.7099
4.11616	-3.69827
3.41191	-5.90599
5.50367	-6.1353
2.9671	-4.80483
5.17808	-1.50863
5.39707	-4.85468
5.68916	-3.5926
4.57192	-2.42009
5.35669	-4.39686
5.74425	-1.96219
5.01976	-5.38887
3.15295	-4.40977
4.33878	-4.09471
3.86025	-4.22426
5.03818	-5.97718
5.17709	-4.35404
5.55719	-3.29799
7.32942	-3.30657
4.12428	-4.28499
5.92365	-3.31841
4.02575	-4.5544
4.94386	-4.06775
4.34075	-5.12605
5.69178	-2.6713
4.09338	-3.25064
6.11999	-4.13118
5.67483	-5.25839
4.24139	-2.72997
4.07048	-5.37272
5.09502	-4.13139
3.00699	-3.49005
5.61502	-5.02582
4.63345	-5.68052
5.87035	-4.72177
3.93174	-4.17561
5.14545	-5.16197
5.10371	-5.77895
5.83032	-3.02634
4.35336	-3.83414
4.20513	-4.19771
4.74574	-3.52934
5.83636	-4.0527
3.67753	-5.69211
3.68265	-3.37956
5.12119	-2.2688
7.11092	-5.14214
5.45113	4.19364
3.21684	-4.67663
3.74001	-2.77301
7.04959	-7.64639
4.69574	-1.638
5.12176	-4.65873
4.83505	-3.66407
4.41548	-3.59106
3.58146	-3.33121
4.95587	-5.22679
4.99095	-3.33724
3.9251	-3.04989
5.95434	-5.40053
6.36186	-4.05381
3.14585	-5.23181
3.15041	-3.19356
5.09619	-4.72201
5.64666	-3.70666
5.46679	-2.94405
5.5786	-3.65052
3.32293	-5.81027
4.05776	-2.84863
5.98096	-4.13837
5.37975	-3.07062
6.04392	-4.73692
6.31355	-4.59924
3.16318	-3.64572
3.00225	-4.34866
4.46356	-4.89928
7.5362	-4.9467
2.82603	-3.7526
4.59245	-2.98406
7.85971	-0.525631
6.51669	-5.91749
3.99367	-4.46461
5.64976	-3.86948
5.78369	-4.76557
5.75959	-2.27492
6.45307	-5.48087
3.88558	-4.73073
5.42172	-3.69898
10.8234	-7.83205
4.1807	-4.16969
3.31228	-4.547
6.10098	-3.01235
3.50312	-5.56169
4.90106	-3.99604
5.53149	-3.74205
3.93756	-3.80821
4.8435	-4.9233
6.0833	-3.91791
4.53031	-3.65209
3.52946	-5.79241
5.414	-4.45226
4.50642	-5.21525
13.9547	2.8299
3.14607	-5.40252
3.9286	-4.95136
4.27275	-4.07719
4.04725	-3.9304
4.07112	-3.98685
5.25906	-2.806
4.95907	-4.69026
4.30663	-5.3279
4.79765	-3.54335
3.74413	-3.39169
5.77077	-5.61191
6.30158	-2.358
4.17605	-4.84529
7.29846	-6.27203
5.67192	-2.66334
3.75279	-2.48156
4.0375	-5.23686
3.77108	-4.20753
3.89209	-3.23702
6.52028	-2.18994
5.29635	-1.65796
4.04863	-1.79691
3.72461	-5.86137
5.2489	-3.85549
5.06784	-4.62963
6.12863	-4.4661
4.88231	-5.92722
6.0381	-3.74262
3.30302	-5.99311
6.35065	-2.51588
6.28369	-3.86523
4.60956	-3.10976
4.98581	-3.48489
5.58449	-3.07086
4.98977	-3.91824
5.7958	-4.03823
4.70102	-4.61359
4.16909	-3.32312
8.257	-4.14604
3.43861	-5.34529
4.00782	-3.02534
5.64356	-5.06851
3.94954	-4.36922
3.15511	-3.30892
5.81815	-3.45365
6.49396	-3.49196
4.08617	-5.7826
6.09578	-3.39502
3.01329	-3.75545
3.02279	-2.14038
5.3041	-2.00941
5.8423	-4.65963
5.99361	-5.19341
6.31511	-3.83038
4.0456	-5.00932
4.71226	-2.17602
4.37233	-4.47986
6.38515	-2.58584
6.25245	-5.36638
5.49983	-5.48056
5.95115	-4.77421
5.08736	-2.71856
4.37145	-4.1269
5.44815	-5.00954
3.24262	-3.00856
6.04998	-3.70658
3.53989	-3.27711
4.55226	-3.46999
4.57277	-3.00969
7.54876	-3.29654
6.31666	-2.45617
5.14121	-5.7278
6.43896	-1.95972
7.03066	-5.57603
5.26164	-3.82438
4.51145	-5.02441
3.4206	-5.79318
6.17172	-5.90553
5.65543	-4.61833
4.09164	-4.25649
3.33195	-5.73502
3.40612	-5.16862
4.36596	-4.61367
5.919	-3.66642
4.02319	-2.78887
5.58618	-6.01407
4.72565	-2.85885
6.7739	-2.53583
3.42958	-5.76214
6.79084	-5.74918
3.93679	-1.10469
4.14344	-3.47421
4.65354	-3.20952
5.23099	-3.6877
5.64776	-3.66595
5.10471	-3.96861
4.037	-5.63896
6.27337	-4.54729
6.04941	-5.33058
4.83918	-4.18618
4.4471	-4.11447
3.84248	-3.55923
6.21155	-4.59467
5.56047	-5.55665
5.36633	-3.11217
4.70393	-3.89964
3.36221	-5.25143
4.77928	-4.77283
3.17899	-5.36331
3.76277	-5.90984
8.01387	-3.88617
4.28811	-4.48677
3.73892	-5.48039
4.38669	-4.33748
5.56239	-5.27256
4.47747	-4.41765
3.44567	-3.14008
5.28743	-5.47571
3.06559	-5.94598
6.14111	-2.84592
3.34881	-3.6149
4.03732	-5.96467
5.09074	-5.83131
3.62352	-3.88384
4.26954	-3.61548
4.78165	-3.9169
4.0245	-5.24739
3.44138	-4.39995
5.87934	-5.488
7.53619	-4.62984
7.04716	-4.54947
5.91979	-4.59309
5.7064	-3.66698
4.25113	-4.55645
5.50623	-6.02721
3.48104	-5.36113
3.16027	-4.72083
3.39164	-4.81528
3.51168	-5.86342
6.26546	-3.62563
5.28234	-4.12072
3.46863	-3.1377
6.31511	-3.37538
5.64824	-5.66777
5.87621	-4.55469
5.05845	-5.97882
3.79809	-4.27049
5.23173	-3.71992
6.3315	-3.26006
4.90316	-2.35515
7.68865	-4.22281
5.07975	-2.85292
3.01299	-5.39556
5.54826	-3.40844
4.77764	-3.90441
3.1224	-5.35351
4.99947	-3.7506
7.1699	-4.54762
7.0569	-4.02599
4.85894	-2.37786
4.42241	0.0575651
4.02701	-3.47172
5.10199	-4.87333
3.8296	-4.23026
3.45886	-5.35619
5.57166	-4.83192
5.2354	-4.55954
3.83315	-4.24948
3.25608	-4.88034
4.13647	-3.672
5.7716	-5.28354
4.02286	-3.45705
7.68498	-5.94801
6.95998	-4.212
5.08937	-4.57668
5.29297	-4.96241
5.65173	-3.11549
5.24219	-5.15417
3.13715	-4.28416
3.33461	-4.8908
6.38027	-4.90257
4.88254	-5.63727
6.4398	-3.08876
6.16613	-3.14659
5.61187	-3.97651
5.80226	-3.32561
4.75401	-5.43207
3.89345	-3.16003
5.13184	-5.46547
4.00859	-4.34666
3.79772	-3.01241
5.26794	-5.74702
4.00512	-5.95717
6.45406	-5.59212
6.17341	-4.02609
5.25256	-2.56181
5.88227	-2.87704
3.77001	-3.31561
4.59789	-4.22689
5.76917	-5.2159
5.00814	-4.37906
5.38823	-3.66196
8.17473	-7.94619
3.65432	-3.17843
5.91792	-3.7224
4.31511	-3.62197
3.81609	-3.77837
5.95933	-3.91708
3.09827	-5.99248
6.08054	-2.55369
4.18264	-5.02685
6.14991	-4.30119
5.20999	-3.35248
5.36301	-4.63887
5.62801	-2.7569
5.17351	-4.47963
6.19471	-5.58801
5.02262	-4.50024
4.58904	-4.10834
5.68387	-4.92942
3.29663	-3.55252
4.98345	-4.51759
5.55434	-3.25312
4.69041	-3.28
7.29346	-4.45247
5.04541	-4.5037
5.093	-4.42502
6.93075	-3.59454
7.53021	-1.7025
3.65443	-3.40164
4.5877	-3.76196
4.25059	-4.94273
5.40579	-4.02603
6.5294	0.0591941
5.49867	-5.44118
4.98785	-5.08501
6.7817	-1.8864
6.39464	-4.29651
5.47358	-2.13945
4.72149	-5.66019
5.94128	-3.33249
7.54312	-4.77147
4.28846	-4.60859
5.23924	-3.94759
3.6601	-3.98254
3.85628	-2.95495
5.58576	-4.61496
3.40943	-3.3766
3.41799	-3.3445
5.12989	-5.55916
2.89725	-4.99751
4.48836	-4.17873
4.56412	-5.36868
4.72435	-2.13266
3.64544	-5.1603
5.08356	-4.61798
3.63482	-2.98321
4.01339	-4.86061
3.61909	-3.55253
4.60293	-3.52855
4.22802	-3.1024
4.65013	-3.53326
5.75073	-5.94275
4.42191	-4.86049
5.68271	-3.46852
5.86023	-3.72036
7.46732	-3.34651
4.71916	-4.06883
5.22481	-4.58895
6.75385	-6.55173
4.45985	-3.41414
4.27249	-1.69568
6.72053	-5.30401
3.92858	-5.63441
5.82453	-4.74465
4.74763	-4.91829
4.72433	-4.57512
5.93174	-4.14996
4.85377	-4.11699
4.32477	-4.73726
5.26074	-3.35725
4.34137	-5.25746
5.0534	-4.02518
4.76087	-5.24251
3.55202	-1.67703
5.19104	-5.18424
4.68644	-4.17703
5.07495	-4.99189
4.41255	-4.03741
4.17189	-4.42796
5.44326	-4.91533
4.34584	-3.57113
4.66339	-4.4374
4.574	-6.14232
3.42545	-3.99291
5.81572	-3.02141
6.16771	-4.05996
3.85435	-1.58847
5.15145	-4.15357
3.24024	-3.13601
4.6862	-3.29536
4.75481	-4.91057
4.04692	-3.34813
6.09648	-4.41513
4.82742	-5.29329
3.25687	-4.1285
5.42547	-6.03859
4.19891	-3.60417
3.13773	-5.2975
5.89564	-5.26224
6.56022	-5.26454
5.33983	-4.01046
5.27236	-4.8795
6.02514	-3.36709
5.52557	-5.53209
6.96339	-5.46354
5.15711	-5.54604
5.22064	-3.61862
4.77896	-3.0303
2.90658	-4.49744
3.24102	-3.99353
6.11178	-2.71666
3.50387	-3.5209
7.43533	-6.04805
4.9873	-2.7631
3.97175	-3.98613
5.89284	-2.97604
3.77303	-4.29656
6.64649	-5.06223
4.32226	-3.00495
7.38606	-3.53969
5.23799	-3.9993
5.62033	-3.81552
5.18321	-3.47539
5.21691	-4.52622
3.35605	-1.80694
4.99923	-3.5197
3.75578	-3.2502
6.31997	-3.57171
3.70737	-3.92674
3.52923	-6.04976
5.20362	-3.1644
3.09365	-4.77419
4.85268	-4.21079
5.31214	-3.94055
3.49773	-3.79995
4.03637	-5.73762
4.01565	-3.98683
4.35244	-3.44426
6.50431	-3.03592
6.02658	-3.8196
6.23813	-3.88585
6.57062	-2.83637
5.94813	-3.30167
4.18367	-5.29256
3.81988	-5.40627
5.95354	-3.77423
6.37595	-2.6715
6.30354	-2.7546
5.76921	-3.7585
4.8048	-2.60838
6.29765	-4.31865
3.47898	-3.23326
4.17513	-4.34936
4.18601	-3.27982
4.40792	-3.68273
5.63321	-5.05489
5.65226	-5.33263
5.25897	-3.88592
5.38329	-3.16056
5.73962	-5.23221
4.36093	-3.81313
3.97823	-3.72523
3.38886	-3.67121
5.79346	-5.50036
4.30613	-1.84922
4.40008	-3.54721
4.82787	-5.11013
5.00926	-2.89492
4.39018	-4.17145
7.11767	-2.89184
6.51783	-2.71296
3.89107	-4.53176
6.70027	-4.59801
5.24531	-4.92315
5.36213	-3.04913
6.78076	-4.32263
3.87093	-5.12484
7.3367	-2.9658
5.82122	-4.42789
5.75999	-3.8998
5.55595	-3.34034
5.01071	-2.99855
3.99897	-1.08414
5.07883	-3.18229
5.00956	-2.87693
3.96572	-3.83721
3.58502	-5.09602
9.23582	-8.99695
5.35472	-5.70619
6.45411	-4.79726
6.05651	-3.81885
3.9111	-4.05607
4.62677	-4.23653
5.83714	-5.30861
4.57598	-3.21554
3.61236	-2.95413
6.63156	-4.21698
5.02614	-4.73473
6.03644	-3.21399
5.62955	-3.78818
5.09823	-3.80309
7.09512	-3.1778
5.75199	-4.547
5.06679	-2.75318
4.50533	-3.65275
4.67289	-4.7836
4.56924	-3.41154
4.75403	-5.35818
7.94197	-4.15716
4.84764	-5.16442
6.91967	-4.99768
5.55424	-4.16667
4.46957	-3.1945
6.92947	-5.10552
3.75874	-3.7755
5.59438	-4.92857
4.01448	-4.80251
4.9989	-4.81183
3.42453	-4.68078
4.89642	-4.46846
4.63464	-5.45601
5.1069	-5.20962
4.60868	-4.68458
5.22261	-5.16305
5.28604	-4.41777
6.67463	-3.50272
5.89838	-5.11763
5.98091	-4.61914
6.68853	-2.98241
12.615	-2.36853
5.78956	-4.56504
6.19188	-5.75136
4.04024	-2.9254
5.02785	-4.61531
4.49202	-2.7579
5.00403	-4.86284
4.75831	-3.52588
5.69785	-4.95588
5.25124	-3.04399
7.47198	-3.51334
3.77555	-2.693
5.1347	-4.62293
5.32302	-5.0008
11.0421	0.479934
5.19301	-3.82647
6.49106	-4.46516
5.47951	-3.45831
4.8538	-4.23952
5.71349	-3.25239
4.32609	-2.5502
2.87148	-3.70395
4.97731	-3.94966
5.03709	-3.40593
5.87592	-3.89802
7.21362	-4.20817
5.78308	-3.3762
5.18534	-4.87517
6.48939	-2.56223
5.53999	-5.36331
4.51439	-3.76984
5.35535	-5.19893
4.97097	-4.28719
3.14178	-3.90465
3.58302	-3.37039
7.62074	-5.92626
3.71504	-3.91118
5.86845	-4.93269
5.67153	-4.86561
5.46611	-5.3945
5.66749	-3.31826
4.01635	-4.65598
4.61657	-5.76297
6.96692	-4.94631
4.50568	-3.23876
3.60243	-3.56677
3.03997	-4.89742
3.22177	-3.23352
4.51806	-4.23721
4.56469	-1.51133
4.22983	-3.83702
6.40392	-4.65619
4.32335	-4.05484
4.82011	-3.73777
4.4788	-4.35849
3.88788	-3.67808
3.09394	-5.07653
5.08563	-3.87195
7.99294	-6.02156
4.75226	-3.84982
7.21128	-3.90244
5.02517	-3.67385
5.04266	-3.33053
5.90039	-5.36248
5.32708	-5.43604
3.38224	-3.33724
4.53562	-3.45154
5.71875	-5.87422
5.02973	-5.44135
4.73837	-5.28199
4.76145	-4.00248
5.20183	-3.53103
7.19752	-4.05724
3.96204	-3.98052
5.06405	-3.45409
3.21901	-5.23784
3.70626	-1.6388
5.53899	-3.70342
6.2537	-4.70212
4.41773	-3.95466
4.99775	-4.17754
4.35771	-4.23987
4.48069	-2.7588
4.99774	-5.66146
5.02624	-4.34568
5.96575	-3.19916
2.90385	-3.65918
3.3956	-2.16177
5.76336	-4.59793
5.52447	-5.09923
3.61206	-4.09153
6.77547	-5.32089
5.30632	-4.86967
7.30972	-3.68058
4.60159	-4.55269
7.37665	-7.72766
5.41074	-4.56754
5.1466	-5.7215
3.49899	-4.32359
6.11842	-4.25078
3.30636	-5.33375
3.95051	-3.82996
4.3998	-3.74755
6.12753	-4.01081
5.48421	-5.10496
3.33144	-4.74627
6.09281	-4.4911
5.13037	-3.90463
5.63819	-2.08133
5.06991	-5.60988
5.90845	-4.59201
5.3921	-5.40319
4.78607	-3.26832
7.98811	-7.24292
5.58429	-5.00511
5.75574	-5.59142
7.12709	-2.43529
7.08446	-2.70763
5.86634	-3.82506
5.16822	-2.27635
4.99365	-3.48821
7.61158	-0.0756053
4.93482	-3.08615
5.68962	-3.49834
6.00825	-3.60721
3.61734	-2.98483
3.84525	-3.95001
4.75467	-2.77232
5.87569	-3.51763
5.97306	-4.01143
3.63354	-2.42105
5.46664	-4.61537
4.03147	-4.5219
7.37705	-2.08447
6.00912	-9.29603
4.25366	-4.19512
5.59316	-4.05448
3.34458	-2.95928
5.9223	-3.77761
5.51385	-4.03182
5.70645	-4.31864
3.04015	-2.98679
4.86907	-4.67422
7.40624	-5.4487
6.45192	-3.5055
5.38358	-4.20962
3.57637	-4.91225
5.0177	-5.90686
4.30518	-6.05757
4.77783	-2.94818
4.76443	-4.28545
3.79947	-4.50541
4.28753	-4.47855
5.19691	-2.94555
5.71074	-4.82348
5.79914	-4.0099
5.50873	-3.18797
3.45415	-5.32858
3.30686	-3.01216
7.18679	-3.62533
6.23578	0.233309
7.22527	-4.28813
5.15952	-3.22656
5.70398	-5.99669
3.19161	-5.22383
4.07381	-5.22285
6.14159	-3.31437
5.80226	-4.55803
4.38969	-3.99901
5.47288	-4.33968
6.89232	-5.85364
5.75209	-4.01797
5.04129	-2.84683
4.32251	-3.76644
4.93315	-4.77159
3.72438	-1.86825
3.52232	-4.90218
4.6116	-2.31612
6.02939	-3.24611
4.49919	-2.89144
4.44635	-1.51912
14.2044	-2.0599
6.52817	-5.40083
3.21221	-3.81625
3.01754	-5.80557
7.00779	-5.24213
4.24244	-3.63622
5.02324	-2.94018
4.09556	-3.22438
5.62509	-3.25867
5.51093	-2.9353
3.9284	-3.64954
3.07789	-3.48978
4.83583	-3.49964
2.98234	-4.29483
3.83267	-4.14971
8.52187	-4.51789
5.41942	-2.58578
6.1342	-4.67918
5.47317	-4.09061
4.83916	-5.37069
5.34564	-4.70964
4.46526	-3.64138
5.75548	-5.38164
5.83618	-4.66996
6.36434	-4.01293
6.73385	-3.2728
4.20343	-3.54147
4.19287	-5.41258
5.54431	-3.15887
4.30702	-3.011
4.23436	-3.61484
5.26931	-4.9116
5.32504	-3.65857
3.66395	-4.36244
4.70159	-4.5673
5.63927	-3.65704
8.47002	-6.38553
6.09913	-3.90806
5.74906	-5.44675
4.92597	-1.52578
5.38226	-3.23442
3.75654	-3.2581
4.73713	-4.92488
3.58238	-3.91248
5.25372	-3.38785
7.12361	-3.97294
3.7549	-3.92256
4.56711	-3.75617
3.39264	-2.42215
8.87167	-3.62729
3.65791	-5.69795
5.48429	-4.45186
4.19051	-4.02384
3.24106	-4.44026
3.60531	-4.98214
3.1407	-2.56317
4.31876	-4.56819
5.7229	-5.24232
4.21782	-4.37633
5.29945	-3.17251
3.62942	-5.8229
3.50727	-3.75773
4.83706	-3.59079
6.62315	-3.62875
3.62731	-4.67648
3.71758	-5.48916
3.17641	-3.36654
5.13361	-1.42503
6.09478	-5.00057
4.58276	-3.54553
5.86073	-5.75688
4.98313	-5.63625
4.6286	-5.96292
3.02582	-4.41859
5.82833	-3.70151
4.70096	-5.33367
4.84845	-2.65211
4.85828	-3.6035
6.20092	-3.17429
5.22074	-3.5487
5.6774	-2.78106
5.20419	-3.45371
5.43576	-3.83785
7.09572	-1.26401
5.42372	-4.75594
5.63254	-3.78779
6.87756	-4.73896
5.79118	-5.97285
5.98691	-2.11192
5.46099	-5.57645
4.56385	-2.04684
7.16993	-5.00072
3.87983	-5.66759
5.15184	-4.39955
5.99479	-4.68114
5.22707	-4.19233
3.91775	-2.36571
4.31713	-5.45088
3.8658	-2.64986
6.88086	-5.44427
5.85691	-2.8075
3.51894	-3.80517
5.55346	-4.53944
4.58569	-2.57425
3.819	-3.61507
7.25106	-6.07187
6.87078	-4.72869
5.80188	-3.47277
5.55698	-3.98832
6.48486	-2.29729
3.27783	-3.50624
2.93732	-4.75407
4.60582	-3.52438
6.33937	-3.58217
5.3072	-3.09518
3.7042	-2.02376
5.4142	-4.15212
5.51452	-2.67601
3.88866	-3.12415
5.02417	-5.57497
7.67068	-7.51191
6.66826	-6.68189
5.31371	-5.15231
4.74526	-5.0124
3.56484	-5.80479
3.98212	-4.37777
4.68292	-5.24651
5.26026	-4.63817
4.90237	-4.19673
5.69245	-5.26352
3.71216	-3.02138
3.98988	-4.38639
5.85901	-4.6392
6.5205	-3.20732
3.59598	-5.26176
5.35344	-5.26641
5.51214	-4.57267
3.91928	-1.95173
4.1385	-3.78219
3.45381	-3.16297
6.56524	-2.98226
4.00651	-2.47943
3.09514	-4.16418
5.43436	-3.24938
5.76805	-3.02994
3.07959	-3.29465
3.23595	-5.40562
5.33115	-3.5788
3.76486	-5.13254
4.42304	-3.38968
4.41458	-4.64718
5.57022	-3.93994
5.93909	-2.42368
5.32912	-5.91379
5.84312	-3.00891
4.16553	-5.90614
4.36373	-4.11724
4.06601	-3.93035
5.10494	-4.82144
5.42745	-5.55637
5.43276	-3.73115
6.5551	-4.37794
4.41711	-5.66167
4.34157	-4.8039
4.09174	-4.1638
5.05697	-3.79453
3.952	-4.64061
3.07062	-4.11137
5.1104	-4.59304
6.4293	-5.06366
6.33614	-5.08889
5.86656	-3.90884
4.81158	-3.46206
7.69291	-2.12994
3.3781	-4.86211
3.67073	-5.67115
5.55248	-3.64401
5.62864	-5.80832
3.88333	-3.68639
4.4829	-4.57056
3.84119	-3.05687
8.0495	-3.20022
5.79326	-2.38013
5.27198	-3.4635
6.19538	-6.14012
3.92205	-3.53541
6.23065	-5.1512
5.4096	-3.39605
5.12247	-5.92833
4.85399	-2.37775
6.753	-5.3591
6.19897	-2.72269
4.45232	-3.95813
4.91029	0.577806
3.79727	-3.85865
5.01094	-4.18344
4.42857	-4.99808
5.50669	-4.0372
3.88979	-3.71842
4.46521	-3.58119
4.38339	-4.92985
4.95863	-5.38943
6.63496	-3.19007
4.62486	-5.00414
5.01352	-5.1639
6.35922	-2.65189
6.2339	-3.89093
4.10501	-4.34423
5.67459	-5.31306
5.26516	-1.50053
6.88052	-2.02422
6.85711	-1.66121
5.07023	-4.45196
5.98997	-5.77594
5.33429	-4.4494
5.36851	-4.04226
4.8812	-3.6847
7.02449	-5.93393
6.64008	-2.69049
5.09863	-4.95566
4.04524	-4.80304
6.55328	-4.61998
6.26323	-1.94223
4.77696	-3.58792
5.59919	-3.75939
4.62848	-4.18805
6.73418	-4.56607
5.67368	-5.52456
3.53208	-3.83902
4.55084	-4.8991
6.07835	-5.8825
3.16888	-2.76907
5.4842	-4.60202
5.50609	-3.81596
3.64398	-3.59261
2.97279	-4.02665
5.75396	-4.77047
6.57089	-4.27289
4.57787	-4.27652
4.10758	-4.24163
3.35739	-3.85926
3.68791	-1.93615
7.49952	-3.67357
3.75665	-3.33816
6.3026	-4.8659
4.34905	-2.84999
3.0938	-5.2247
2.99777	-5.06554
5.8752	-4.47927
4.53594	-4.07301
5.2599	-3.52816
3.94217	-4.08505
3.22722	-4.18544
4.61601	-3.16997
3.71369	-2.58498
6.22806	-4.22861
5.91572	-3.79542
7.83103	-2.67237
3.2016	-3.49284
3.75454	-2.93201
3.27895	-3.69889
5.66021	-5.44873
4.66121	-6.15497
5.1844	-2.90602
6.28586	-3.63262
5.8592	-5.35574
4.06745	-3.95376
4.14793	-4.45246
5.05405	-3.54639
4.63303	-3.78905
3.51609	-3.05935
3.04711	-2.97316
7.59906	-3.88609
6.58937	-4.83634
5.41801	-4.65734
4.22994	-5.17713
6.50221	-3.2685
4.32298	-4.73668
6.04883	-3.94123
4.01629	-3.05753
4.62687	-5.31624
5.74889	-3.61446
5.38215	-2.91815
3.12091	-5.37506
4.36185	-4.60132
5.00529	-3.11878
5.6616	-4.42698
5.30859	-5.20998
5.04274	-3.47171
4.43468	-5.08292
5.66588	-4.70206
3.63341	-5.16319
5.51483	-4.64529
4.13704	-2.50706
5.69316	-4.28591
5.39114	-4.96397
3.86386	-1.71133
3.74381	-3.60208
5.02615	-4.84003
6.64198	-4.51633
6.58994	-4.00021
5.88775	-4.86106
4.79635	-2.92454
4.35326	-3.73198
4.27534	-3.44636
6.71741	-4.28423
5.42297	-4.79652
4.27117	-4.14777
3.89114	-4.57462
4.57952	-5.43196
3.0989	-3.85092
4.83454	-2.39226
3.52789	-4.15008
4.94811	-5.09045
4.41815	-2.81483
3.5323	-5.41235
5.38398	-4.57648
5.16561	7.54075
4.17562	-4.67399
5.25905	-3.61442
4.63367	-3.10275
6.64543	-2.54067
4.14484	-2.76451
5.02288	-4.35018
3.04181	-3.1093
6.25708	-3.73538
4.28375	-3.61672
4.27865	-4.24555
5.77216	-5.04804
3.71262	-3.43509
4.24811	-4.12922
3.65586	-4.94269
4.23684	-5.80564
3.12203	-4.92077
5.97816	-4.26785
5.82386	-3.36109
5.30887	-4.00981
7.93938	-2.1658
5.75514	-4.48359
4.86343	-4.34784
3.52439	-3.54052
4.29966	-3.95694
4.69693	-2.97412
4.52736	-4.1212
4.12741	-3.0272
6.60747	-3.56065
4.26193	-3.44476
3.90968	-5.56602
4.94213	-0.894475
4.58804	-2.48855
3.53667	-4.18678
2.95394	-3.92181
5.86515	-4.4238
4.418	-4.78219
5.34355	-3.70516
3.21363	-3.89831
4.38883	-3.73297
3.73696	-3.41747
4.16388	-3.28423
5.55493	-3.4775
6.00188	-3.68625
6.09534	-4.63768
3.18805	-3.42899
3.123	-3.36919
5.95631	-4.46296
5.97162	-4.1833
3.67341	-5.05631
5.60733	-4.54672
5.45157	-3.0914
3.2272	-5.47477
6.4016	-4.84852
4.42762	-5.51529
3.87095	-2.60885
4.96442	-3.47582
4.17649	-3.34538
6.38661	-4.35
4.52972	-5.69132
4.52063	-2.6825
3.47598	-3.43647
5.52743	-2.93258
3.7048	-3.92172
3.62777	-3.53103
5.77775	-3.52889
5.1273	-1.96529
4.977	-4.14875
3.65756	-5.6096
6.38431	-3.36786
7.46847	-4.3305
5.75209	-5.12227
6.43254	-4.08555
3.38412	-4.82184
7.14855	-3.46555
4.7589	-5.68605
3.51045	-2.89539
4.12948	-5.41314
3.53244	-3.06322
4.48737	-5.41712
5.71468	-5.39031
5.71669	-3.83658
4.05502	-3.60455
4.41651	-3.92163
7.00772	-4.17211
5.39293	-4.4785
3.95344	-5.11323
6.17353	-1.33577
3.29448	-3.45847
6.79607	-5.7558
7.05076	-5.20791
4.85867	-4.92788
3.44882	-5.76264
4.94394	-4.72548
3.04312	-4.71024
5.72859	-4.80856
4.50083	-5.41911
5.35011	-4.08331
3.01913	-5.59224
6.78492	-4.52673
5.60093	-5.78412
4.8873	-3.78725
4.2469	-4.46974
5.45863	-5.20442
4.20133	-3.67078
3.23663	-4.25565
5.2095	-5.31034
4.01394	-3.51198
4.96876	-4.24013
4.57766	-4.12414
5.91905	-5.02417
6.97835	-4.57069
4.81499	-4.63966
5.64909	-4.29077
3.15284	-2.82995
3.51543	-4.39991
4.62507	-3.83771
5.96255	-4.97687
4.88253	-4.63178
5.76674	-4.43002
3.20795	-3.02203
6.18611	-3.48708
5.75003	-4.04547
4.34299	-1.72486
4.96777	-5.68916
4.54365	-4.85526
3.07071	-2.76457
5.31814	-5.44952
4.29632	-4.6492
7.28776	-3.7234
6.79521	-3.91638
5.7877	-4.68223
4.23732	-2.92833
4.91731	-5.24827
4.22708	-3.30993
3.05143	-5.03431
6.08726	-3.04695
5.89164	-4.28641
7.43319	-6.864
4.47881	-3.9802
3.83243	-3.66559
5.30731	-1.63722
4.98329	-3.56573
6.0034	-4.61871
4.66894	-4.05034
7.41105	-3.46358
6.97928	-5.66168
4.4003	-4.21644
5.45264	-3.53328
5.05402	-4.40628
4.18944	-2.33696
6.61297	-3.8836
5.52911	-4.28564
5.09576	-3.17037
6.11767	-3.69684
4.09254	-5.31758
3.02501	-3.83981
3.06214	-4.76797
4.70012	-3.98992
7.05116	-5.39944
10.9371	-3.43186
5.40741	-5.87286
4.6333	-4.50959
5.74666	-5.32305
4.25121	-3.33561
5.76943	-3.14409
5.23644	-4.0459
5.68434	-5.25398
4.34819	-3.9719
4.20461	-4.07855
5.98228	-3.92132
7.10251	-4.305
5.4971	-3.36756
6.53166	-2.36423
4.8295	-3.134
6.65231	-1.5341
3.53643	-2.78731
5.63342	-3.0415
5.82924	-3.4756
4.81797	-1.53131
3.31414	-3.53328
4.94455	-5.78462
3.62822	-3.57916
4.11187	-4.57434
5.50775	-2.44345
5.60304	-4.49608
4.56552	-3.88897
4.80063	-5.8506
3.45385	-3.27645
3.87073	-2.52895
5.69287	-2.19688
4.25465	-3.8245
6.04179	-3.6205
5.97318	-3.53355
7.41663	-2.3532
3.434	-3.1468
5.85267	-3.68537
3.99804	-5.80299
5.99625	-4.64339
4.55383	-5.4355
5.69471	-3.48982
4.53742	-3.53675
6.11213	-3.15308
6.69372	-5.22748
5.39559	-5.50241
3.18051	-3.19477
3.37357	-1.10265
4.2275	-5.21236
5.89621	-4.92642
3.41813	-4.82426
4.70419	-2.69104
3.37689	-3.68686
5.04552	-5.73518
5.28563	-4.20617
5.17546	-2.83153
3.9567	-5.23678
3.04732	-3.10979
5.15674	-4.44097
7.44875	-4.62437
5.35996	-3.46165
4.11298	-3.4063
3.96422	-3.6227
5.06399	-5.36347
5.91707	-3.14859
6.5183	-6.78054
3.59308	-4.69888
3.9425	-4.27709
12.3256	-9.1227
4.4792	-3.01968
3.66503	-3.51316
5.13305	-4.24074
5.89923	-5.83754
3.50305	-3.67595
3.80111	-3.99451
3.67573	-2.85501
5.0587	-3.68883
5.60646	-5.08993
5.05169	-4.93401
5.91638	-3.676
5.91002	-4.47684
5.69772	-3.21429
4.69522	-3.51725
4.83637	-3.78914
4.35467	-5.99663
5.22232	-3.04716
6.48186	-4.76815
6.55676	-3.31196
4.20697	-3.95953
5.26948	-3.2315
6.17736	-5.63717
4.36199	-4.34066
3.84587	-4.63653
4.13496	-3.80937
5.51333	-4.4975
4.60842	-3.81599
5.08695	-3.48156
4.15526	-4.82372
4.72979	-4.99893
3.56518	-3.10522
4.15468	-5.01145
6.40089	-3.61548
4.90818	-5.07341
8.02217	-3.88778
3.88418	-3.78896
4.87294	-4.40396
5.96898	-4.08924
3.85548	-3.6789
3.41131	-2.5924
4.91768	-4.19907
4.85611	-5.00717
4.88193	-3.19591
5.07372	-3.28852
4.13541	-5.63754
3.66357	-4.56997
7.37544	-3.93007
3.57542	-4.34064
5.26005	-3.98789
4.31853	-3.16933
4.36177	-3.38339
3.52637	-4.65356
5.54315	-4.82079
6.50388	-5.83566
4.88936	-3.32969
7.01267	-4.44359
6.27137	-6.55643
4.22234	-5.50898
3.3173	-3.45211
6.45989	-3.64079
3.32284	-1.68826
4.9477	-5.05835
4.79648	-4.25546
4.6186	-5.28492
5.83515	-5.37412
3.76309	-3.15575
4.18868	-4.95657
5.25311	-2.89529
5.32995	-3.63368
5.22101	-3.46305
3.55352	-5.1622
4.00027	-4.72021
3.89859	-4.10952
5.49596	-5.7448
5.9426	-5.3574
5.01316	-4.67935
6.31474	-4.83436
5.28737	-2.81831
5.9941	-4.24316
5.41908	-5.3231
3.02945	-4.27113
4.17063	-5.39512
4.35779	-4.17636
6.40041	-4.0236
3.65843	-2.67185
6.41065	-2.78561
4.53731	-3.54153
5.96216	-5.47039
5.30711	-3.69553
5.81263	-2.93506
4.07481	-5.05267
9.72808	-2.53652
5.75474	-3.87073
5.69723	-3.95973
4.34747	-5.64411
3.1413	-4.3883
4.64219	-4.83962
3.86323	-4.72604
5.59964	-2.49053
5.68101	-4.83168
4.4374	-2.60394
5.18296	-3.67974
6.60071	-4.46342
3.20234	-4.57904
5.33151	-5.63933
2.80809	-2.89338
3.97193	-5.03757
4.40245	-3.29643
4.13612	-4.89822
5.71146	-3.78519
4.99225	-3.11039
4.31862	-4.45517
8.6229	-0.841367
6.7816	-5.02629
5.85949	-2.20502
7.55774	-12.0966
5.41889	-3.60425
4.85532	-4.45401
4.47245	-5.52843
4.96328	-5.85037
3.09015	-6.0556
4.65609	-5.05018
4.06479	-3.68882
8.68353	-5.08873
4.63748	-3.28605
2.94209	-6.12651
4.55782	-3.63788
5.30713	-2.66633
4.03715	-5.87992
5.48211	-5.77312
2.90882	-5.06779
3.80553	-2.6466
5.3849	-5.57514
6.34667	-4.24412
5.59781	-3.30203
5.00828	-3.87462
6.40604	-4.36326
4.94837	-4.29914
6.9227	-5.04686
3.04969	-1.863
5.54599	-4.81544
4.654	-4.5715
6.07772	-2.36979
4.45872	-4.38841
5.44093	-3.73404
4.54033	-5.37653
4.58454	-1.51323
3.52813	-4.49092
7.02624	-4.57336
5.14206	-5.02328
3.95167	-4.44571
6.61254	-4.21575
5.66984	-3.72794
13.8501	-2.11801
3.76289	-5.93148
5.51776	-4.25298
3.88118	-4.9696
5.71933	-5.92373
4.89841	-3.28715
3.92917	-3.86443
4.0291	-5.0105
3.99339	-4.51092
5.94007	-4.09459
4.54665	-4.60753
4.90027	-3.29085
4.34292	-4.64371
4.8498	-3.38723
6.34565	-4.07244
5.51563	-5.26565
4.74487	-5.3975
3.22531	-4.44825
5.40064	-4.20074
3.99811	-2.89801
5.36802	-4.58058
7.59556	-2.95418
5.43716	-3.60279
5.80756	-3.20063
4.15689	-5.30224
5.94337	-6.14319
5.62011	-4.65184
3.79224	-5.61402
5.7856	-2.6965
5.60806	-2.03821
5.77801	-4.49429
3.40543	-3.71631
3.42145	-3.99489
5.27734	-4.98259
5.19011	-2.66547
5.4273	-4.36302
6.30167	-5.29493
5.47752	-2.22663
6.65309	-3.05624
6.30937	-0.923954
5.87874	-5.19221
5.21121	-4.73842
3.10237	-4.29759
4.00604	-3.19137
6.17334	-2.54834
3.32973	-4.24173
3.55593	-4.97793
5.17842	-4.25898
3.41685	-3.97592
3.76572	-4.4297
10.7317	-13.5341
4.05408	-2.9902
6.62674	5.28827
4.21618	-3.63266
3.05064	-5.8229
5.22177	-0.80794
4.77267	-2.4851
5.70532	-4.89856
5.11248	-3.11639
4.04746	-1.28693
6.04892	-4.28099
5.65488	-6.07171
3.29144	-4.46822
5.14678	-3.89333
4.43822	-4.7727
5.92717	-2.58995
7.85942	-4.70979
5.17232	-3.91342
4.05068	-3.14201
4.39946	-3.39866
4.96263	-5.03221
3.30387	-2.86974
6.32474	-4.81731
5.22672	-3.09572
4.9688	-1.88415
3.70861	-4.85919
2.84859	-2.42444
3.94836	-1.97751
5.84835	-3.96038
4.55215	-4.10513
4.27171	-2.55533
5.45767	-4.5146
3.75199	-4.91727
5.29493	-2.27635
5.30113	-3.84861
4.88402	-2.95012
5.82846	-4.23778
4.13721	-4.96688
5.49247	-4.37346
3.31608	-3.86898
6.8605	-7.37471
9.16163	-3.24707
5.22396	-4.76974
4.09306	-5.73268
5.65844	-5.84753
3.35308	-5.7459
3.75881	-4.44494
5.45994	-3.00224
4.7761	-2.93297
6.65599	-2.68011
4.30746	-4.15927
4.94523	-3.82203
5.35119	-3.02356
4.62174	-3.04508
3.94842	-4.12262
3.21847	-3.29194
5.35638	-3.40653
5.66293	-3.92596
10.8581	-4.3433
3.34371	-3.87511
6.31401	-4.31971
4.39682	-4.58768
3.50761	-4.18981
3.886	-5.88575
5.03261	-4.01132
5.8226	-3.98711
5.74743	-3.50521
3.09671	-5.45239
4.4968	-3.38583
5.99433	-4.16034
3.42661	-4.53828
8.13354	-4.34664
6.55949	-4.35489
3.76196	-4.5105
4.5591	-3.1396
5.22106	-5.14738
5.07532	-3.16305
6.16529	-2.77347
5.07104	-4.5997
7.36705	-2.63215
4.39204	-4.24669
4.18298	-4.01398
4.60695	-4.28004
3.09283	-3.42086
3.1467	-3.2651
5.84791	-5.62683
3.79	-2.46712
4.12373	-2.69784
4.56564	-5.13936
3.6366	-4.66781
5.24492	-3.90846
5.92589	-4.78657
5.17321	-3.49272
5.43255	-4.00189
4.08617	-2.26391
3.91912	-3.74982
4.02345	-3.7801
5.51225	-3.97837
5.60164	-4.07813
4.30884	-4.13635
4.68631	-3.6711
4.25408	-3.20798
4.45254	-5.06408
5.86721	-4.70537
4.1897	-4.3956
4.07181	-3.75126
4.81925	-0.418575
5.93707	-5.232
4.40429	-3.91288
5.32689	-4.73041
5.51506	-2.55022
8.19888	-3.08359
4.07654	-4.44911
3.70084	-2.95202
3.84855	-5.32397
4.51914	-4.91263
6.01376	-4.46827
5.28917	-3.93895
5.32024	-3.4818
4.81571	-2.57311
3.09868	-4.07168
5.30547	-3.06616
6.16366	-2.31975
5.48319	-4.47529
7.69583	-2.83241
4.6327	-3.75154
5.5438	-5.03492
3.64089	-4.83773
5.22922	-2.50548
6.14729	-2.38688
5.03777	-2.95186
5.29906	-5.07093
3.51947	-5.79916
5.96863	-4.41126
3.65292	-5.05652
4.40982	-4.33788
5.15741	-5.33145
3.25806	-4.6119
3.6875	-6.08638
5.91283	-6.05559
5.44297	-5.4358
3.86726	-3.19068
3.49546	-2.89932
4.35375	-4.63968
4.89724	-3.74555
5.43468	-6.00364
3.72422	-5.57874
4.67563	-2.50781
5.30628	-5.30028
3.98807	-5.19654
3.82759	-3.91272
5.68338	-3.8264
4.07173	-5.17977
4.74321	-3.9014
4.93189	-5.24525
4.93024	-3.30704
4.03356	-5.38319
4.46847	-5.7958
3.48548	-4.6574
5.6063	-3.51363
4.68048	-4.95624
4.96046	-3.8153
6.50453	-4.26041
4.41249	-5.04605
3.85429	-4.59226
5.59094	-4.49286
4.58338	-2.03384
6.07054	-6.5335
3.21007	-5.54327
6.23815	-2.17029
7.10197	-6.15741
5.02614	-2.90306
5.7207	-2.69909
3.88295	-4.6066
3.87733	-2.27417
4.66224	-3.06848
3.18068	-4.85233
5.17421	-5.52966
4.04272	-4.99684
4.68472	-3.03527
4.86995	-3.79171
4.37797	-2.91688
5.74838	-3.21226
5.13974	-2.74004
4.27779	-4.22494
7.27194	-4.3347
5.85656	-2.10054
10.7621	-10.7545
3.97497	-3.47544
4.81976	-4.26443
6.74199	-2.6218
6.60792	-5.11264
4.4522	-5.1996
4.88873	-3.7492
4.33807	-5.73419
4.85482	-2.45752
6.18144	-3.05993
4.98845	-3.46741
5.98333	-5.09118
4.00875	-3.64043
5.51763	-3.85783
4.19591	-1.86344
3.99239	-4.12159
4.51755	-5.21786
3.64835	-3.28981
4.4649	-6.06438
3.2666	-5.62245
5.7737	-4.4282
3.88502	-2.9591
4.77445	-3.94472
3.90902	-4.74207
6.45656	-4.95869
3.45503	-4.85255
4.53348	-4.39668
3.66475	-5.81427
4.51455	-4.90759
3.76554	-3.77711
3.17693	-5.38364
5.94365	-3.88318
6.15331	-4.71719
3.09103	-4.89475
3.59303	-3.3814
3.80323	-5.65196
5.43166	-4.28858
6.49996	-3.0487
5.59025	-5.30777
6.07293	-5.78078
3.89928	-4.38122
5.08407	-4.13566
3.85699	-1.55648
3.55859	-5.44273
5.78679	-4.99769
5.72072	-3.3612
3.71524	-5.64038
3.90958	-4.44195
5.04387	-3.59186
7.23491	-4.58803
5.66453	-3.87747
5.85765	-4.19052
6.50288	-6.16343
4.86348	-2.75979
4.82805	-4.21328
6.69078	-4.31372
3.99245	-6.09306
4.40066	-2.11494
6.72528	-2.8562
2.96182	-5.15113
3.18511	-4.28038
4.5712	-4.0676
5.32752	-3.21579
5.84161	-4.77274
5.5816	-5.5712
5.10257	-3.49928
5.15222	-3.79961
4.20933	-3.75492
3.46724	-3.18997
4.1128	-2.62221
5.63285	-3.28435
3.19721	-4.80436
5.48702	-5.21711
4.18976	-2.35606
5.52487	-5.74583
4.31474	-5.36408
6.62309	0.816095
3.53137	-4.30107
5.4665	-3.64833
5.94843	-2.64926
4.69046	-5.71109
4.33637	-2.56734
3.59879	-3.88584
5.12068	-4.2025
5.60764	-4.48028
4.80614	-2.86102
3.92822	-3.04352
5.26386	-3.95305
5.35827	-3.66565
3.79586	-5.21599
6.19616	-5.03618
6.22789	-4.65479
3.06349	-4.9246
4.20188	-4.20647
5.75494	-5.47211
4.99253	-2.75813
3.71954	-5.56394
3.57906	-2.65424
3.86251	-5.21878
6.28582	-3.85009
3.84278	-3.84513
4.36293	-3.26599
3.83738	-5.37171
5.3408	-5.54877
4.81252	-5.13006
5.7772	-5.61907
5.21738	-4.20965
5.00783	-4.59663
5.22409	-5.67391
4.49766	-4.0316
4.9629	-3.17881
5.10407	-2.84379
3.7023	-4.63111
5.00948	-3.49152
5.86692	-3.68852
3.32613	-5.0892
5.36638	-5.97179
4.23501	-3.87447
3.57856	-4.11999
5.73686	-3.08771
4.66477	-2.93697
5.18918	-3.04566
4.0039	-5.97638
5.13209	-4.51934
7.39788	-4.72459
5.98425	-4.0371
5.58651	-5.07092
5.09658	-4.25373
6.80375	-5.45351
5.16152	-5.82997
6.59511	-3.47729
6.24591	-3.88898
3.19168	-3.08292
5.61924	-4.04436
4.88637	-3.29136
7.38712	-5.27387
3.20969	-5.17422
9.49315	-7.16852
5.60433	-5.13113
3.99036	-4.9348
4.87101	-4.18758
4.86202	-3.54231
4.74979	-2.57524
4.95126	-3.69904
6.28219	-3.92035
5.44567	-2.42339
3.42153	-4.98607
4.92286	-3.01774
4.73869	-4.99087
5.33906	-3.80653
4.54489	-3.60317
3.70376	-3.74137
4.40023	-3.99615
6.38378	-2.34137
3.25403	-5.83877
5.86771	-5.96082
5.81784	-4.15973
2.9357	-5.78524
4.59768	-4.63742
6.64925	-3.05798
6.03636	-2.94152
5.5123	-2.78322
4.23566	-2.34833
3.91917	-3.4265
4.65932	-5.74113
5.2575	-1.15493
5.92143	-4.06933
5.63247	-5.36748
4.70856	-3.38273
4.41703	-3.16967
5.18698	-4.32617
3.87036	-5.74789
4.94019	-4.02522
4.47734	-3.70609
3.88753	-3.29663
4.5501	-5.19765
4.75676	-5.69669
5.34245	-5.27468
5.40634	-4.2262
6.0836	-3.78925
5.51539	-1.95512
4.06645	-3.00064
3.74232	-4.89214
7.354	-5.70953
4.24851	-4.53084
6.60548	-2.67788
4.19231	-3.03704
3.15708	-2.58064
5.10044	-3.81548
5.56256	-4.98743
3.09135	-6.1004
4.98746	-5.94514
5.11151	-4.73253
4.43459	-4.03137
2.95513	-5.06319
4.26188	-2.86098
5.71373	-4.17926
5.53752	-4.23509
5.62534	-3.87839
4.88259	-5.51229
3.67096	-3.30699
5.65129	-4.82455
6.90385	-2.85578
5.19878	-4.30936
3.89316	-3.40572
6.96053	-2.07761
10.8476	-4.6228
5.10913	-5.82677
3.33198	-3.17883
5.73011	-4.25047
6.2911	-1.8751
7.53183	-4.88131
5.18113	-4.63745
3.33781	-4.09986
7.91973	-5.70583
5.33073	-3.13553
4.76432	-4.31016
3.81205	-3.48853
4.18528	-5.22379
5.76195	-2.42634
4.07665	-4.91167
3.04318	-3.62708
3.36267	-2.96695
5.18233	-3.30391
7.16843	-4.08726
5.30508	-4.96432
5.99847	-3.39074
5.3953	-3.27355
5.20205	-3.06733
5.71929	-2.7244
5.47507	-4.23161
3.81426	-3.26584
3.98603	-2.48575
5.30269	-3.32912
6.33823	-4.24025
4.11624	-4.50659
5.0047	-3.55394
4.56516	-2.91199
3.41928	-4.96869
5.30852	-3.44038
5.60801	-5.20589
7.49482	-5.54819
4.92855	-2.27062
3.40318	-1.10767
3.66143	-5.89037
4.78435	-5.14747
5.52821	-3.19424
4.00039	-3.567
4.83056	-4.9753
5.56579	-2.82562
5.85982	-5.61842
4.01512	-2.17437
7.61835	-3.95356
5.59707	-3.21749
5.17235	-5.11861
5.17045	-3.18507
5.33055	-5.58246
4.96667	-3.77718
3.21315	-5.16374
4.67077	-4.10226
5.9853	-4.35327
6.67611	-3.62191
4.64886	-6.14002
5.7781	-5.92507
4.31517	-4.1001
3.70559	-5.38322
3.59806	-2.85018
5.13509	-5.88848
7.17416	-5.4952
6.20619	-4.34282
5.04039	-4.2597
4.2276	-4.03542
6.34065	-4.81575
4.72464	-3.10546
4.20044	-3.67226
3.84328	-4.91312
4.01235	-5.04881
6.01475	-5.75651
4.85345	-4.32849
5.46575	-4.62167
4.64061	-4.21088
5.17971	-5.48715
4.40741	-4.23771
5.4982	-5.16819
5.35134	-4.83703
3.26182	-5.83211
4.88592	-5.65214
5.843	-4.6817
5.68113	-3.46326
3.04995	-3.44725
4.74236	-4.09976
4.45727	-3.11361
4.87621	-5.29886
3.68854	-5.12014
4.95094	-4.74149
5.08133	-5.94991
3.06336	-3.91562
7.40733	-5.58133
6.15642	-4.35259
4.19142	-3.09679
4.37848	-4.93774
4.06888	-4.57606
2.94776	-3.45871
3.49555	-4.24661
5.60393	-5.08746
3.70037	-4.29582
3.8675	-1.62551
6.13168	-3.50913
5.53726	-3.14123
3.99021	-0.253146
5.0897	-4.05163
4.60251	-5.28948
6.14758	-4.23663
4.69028	-4.73508
5.37861	-4.13964
6.10226	-3.4522
4.60237	-3.40297
3.4936	-3.92395
3.66972	-4.12694
3.32221	-5.26705
5.12979	-5.42466
8.19569	-4.02579
3.6695	-4.63019
4.19302	-5.94178
4.32292	-5.54309
4.44329	-4.17391
5.23983	-5.061
5.30883	-5.06309
4.83317	-4.49771
6.00169	-4.98048
5.73808	-4.11843
4.90505	-3.69054
5.24559	-3.56433
3.65587	-4.45797
2.97122	-4.15867
7.122	-10.2714
4.85205	-3.99461
4.4973	-6.04281
6.44195	-4.34798
4.25208	-2.70391
6.62525	-4.96279
3.87454	-4.52078
6.41993	-3.69378
4.21838	-4.88385
5.49822	-3.41267
5.58245	-4.07097
5.43771	-4.72441
5.38916	-5.27986
5.28997	-3.73068
5.07221	-4.21454
5.22677	-5.34444
6.59271	-3.74918
5.84527	-4.4375
3.18314	-4.65527
4.12989	-3.37463
7.08252	-3.80432
7.29314	-4.95377
5.12109	-3.97488
6.65899	-3.1461
5.22714	-2.54317
4.92252	-4.16575
5.18502	-5.2876
4.19714	-5.91016
4.59519	-4.90171
4.12578	-1.39789
6.83433	-4.03151
6.02393	-2.39665
4.98183	-1.92866
6.1354	-4.69855
4.17218	-2.93721
5.33193	-4.11498
4.78588	-5.05956
4.30818	-0.871977
6.3031	-4.75724
3.23256	-4.928
4.01264	-4.93224
6.15744	-5.43415
4.02886	-2.07361
4.04842	-3.06198
5.44179	-5.21012
4.75188	-4.60003
10.7133	6.45287
5.57576	-3.83407
3.05251	-2.8202
5.80496	-2.85814
4.30221	-5.28324
5.85445	-3.92024
4.45225	-3.7129
4.72476	-3.75575
4.28672	-5.61542
5.33291	-5.28009
4.75184	-3.54778
5.22253	-4.38336
5.82106	-3.07623
6.07599	-4.91993
3.37542	-3.31075
6.4822	-4.78802
4.2292	-3.76358
5.62625	-3.9858
7.9255	-3.86501
5.39849	-2.03247
4.77481	-2.88256
5.25768	-4.74822
4.8198	-3.03997
4.23797	-5.17449
5.77833	-5.5662
3.67728	-5.14548
3.34969	-4.78886
4.23199	-4.34795
5.67525	-4.22235
4.98056	-5.13546
3.25684	-5.36884
5.30183	-4.87898
5.75265	-4.93483
3.78221	-4.54885
5.8764	-4.6194
6.07443	-3.07267
6.64302	-6.85019
5.84321	-4.80994
6.09146	-5.40189
4.22096	-3.13447
5.39797	-3.67278
4.51281	-3.43261
3.00342	-4.48979
5.87346	-3.26642
4.63186	-5.0841
5.74815	-1.6661
4.40843	-5.42545
6.06351	-3.44182
2.95575	-2.48743
8.14493	-3.70692
7.06329	-5.32822
6.74841	-4.21845
3.96948	-4.00225
6.4907	-3.03557
4.15167	-2.24138
6.4267	-3.04712
3.21186	-3.02935
4.10292	-4.87627
6.05588	-2.41595
4.15256	-3.24013
4.02982	-3.4138
4.21267	-4.46385
3.88568	-3.15803
4.70587	-3.13573
6.77474	-5.95841
5.93437	-3.02549
4.12381	-5.26302
5.4741	-4.46212
4.07662	-5.54451
6.83621	-1.82624
7.56716	-4.16282
5.58774	-3.22967
3.33793	-4.43398
4.85662	-5.59732
6.85517	-5.17837
4.57078	-3.706
3.6511	-4.46111
4.99838	-4.73916
4.50799	-3.63962
5.79789	-3.02106
3.14761	-2.60971
6.35471	-3.31844
3.0347	-5.07415
6.47618	-2.62653
3.87376	-4.86493
4.95545	-3.98917
4.88851	-4.03704
3.16688	-3.53484
6.79403	-3.64711
4.28714	-4.78372
4.99726	-3.9469
4.35011	-3.09663
6.9805	-5.52921
3.60147	-2.26884
4.77274	-4.54565
4.69621	-2.69457
5.15733	-4.74731
3.31007	-2.59292
4.1605	-3.94381
6.1336	-2.54307
6.92406	-4.35277
4.42339	-3.99053
5.02436	-4.42899
5.43949	-3.0955
3.18449	-4.75411
4.04748	-3.05573
5.623	-5.04852
5.08887	-4.23017
5.81819	-4.8227
4.78926	-3.85761
4.48516	-4.02455
5.47145	-3.36437
3.94598	-4.05677
3.83768	-5.0897
4.90015	-3.17097
4.01584	-5.01119
6.77034	-4.45892
6.97652	-6.08414
6.81011	-6.58433
5.83733	-3.97182
6.46057	-4.04214
5.39937	-3.93134
4.31811	-3.37582
4.7707	-4.81548
6.31105	-3.30531
4.09727	-4.78848
3.56583	-3.41632
5.23531	-3.04426
3.68942	-3.7879
5.80783	-5.78723
3.92141	-4.71144
5.08083	-4.98459
5.3255	-4.82133
4.01899	-3.79492
3.28552	-5.47988
6.63628	-7.48021
5.02373	-3.46645
6.1534	-4.68509
3.19693	-4.55877
5.10815	-3.40947
5.22121	-2.83943
3.45223	-4.46796
2.97803	-5.13978
4.8901	-1.09674
5.91253	-3.89732
3.52814	-0.667664
4.59862	-3.75151
3.58083	-4.42562
5.79012	-2.40403
4.80916	-3.42152
4.54605	-6.05048
5.05656	-4.60356
6.16415	-3.6086
6.29279	-3.38272
4.22449	-4.54181
6.68612	-4.1629
3.4655	-1.91698
3.60806	-3.83808
7.60352	-4.01691
5.1816	-4.03674
5.87387	-5.76716
3.67204	-5.07494
6.28938	-4.56241
4.81933	-4.98414
2.91923	-6.12397
4.95539	-3.42872
6.05451	-2.49724
5.38194	-2.10487
3.46726	-4.24622
4.62248	-4.87278
8.7501	-8.4871
5.84297	-2.63957
4.01356	-3.31449
4.91272	-4.76262
3.23555	-4.99471
3.92013	-4.92232
7.17107	-5.20494
4.39502	-5.02475
6.48258	-6.18062
5.6254	-5.48058
4.20756	-1.50052
5.87837	-3.67968
5.61985	-4.62296
6.10012	-3.575
4.88455	-4.35066
3.67327	-4.602
3.15407	-3.89716
7.39895	-0.793796
5.78595	-3.55875
4.83196	-3.00727
4.90448	-4.76235
3.59809	-1.51964
5.12347	-4.90548
4.82845	-4.00013
4.2884	-4.59438
6.31131	-3.67478
5.13964	-4.90564
4.20866	-4.41722
3.35374	-2.85779
4.4346	-3.44584
5.10531	-5.44158
3.11718	-4.19887
4.51056	-6.02718
4.32354	-3.23099
5.65813	-4.99454
4.27397	-3.58468
5.14041	-3.00081
5.83249	-4.93736
4.24385	-1.33207
4.21738	-3.17534
5.37309	-4.54864
4.08842	-4.07004
4.05872	-4.90745
5.37238	-3.0843
4.21777	-2.85368
6.47508	-2.99998
5.82612	-3.79186
4.79458	-2.7269
6.60907	-3.69768
4.02169	-4.77857
5.56485	-5.67072
5.40218	-4.82729
3.76483	-3.91652
5.9123	-4.46869
3.05831	-4.21492
6.34995	-6.28496
3.28003	-5.38496
5.88898	-2.82997
6.22952	-3.98117
3.54964	-0.702317
5.35173	-2.76936
5.39968	-5.30156
5.91629	-3.07829
4.19234	-4.50853
5.1797	-3.25457
4.99273	-4.82493
3.84783	-5.58641
4.71778	-1.76451
4.35363	-5.03658
4.56928	-4.04548
4.91761	-2.48747
3.86384	-4.00836
3.91971	-2.03412
4.08499	-4.21262
7.59607	3.11232
4.36732	-3.80179
4.5621	-2.81521
4.48915	-5.24252
4.17655	-3.01749
4.63901	-4.63677
5.27293	-2.12153
3.36045	-3.36893
6.01379	-5.48161
3.3079	-4.8437
3.56868	-5.94969
4.87733	-4.6271
4.14789	-3.39533
5.152	-4.3381
5.02305	-2.80701
5.40403	-4.2288
5.99309	-4.62959
5.86313	-4.88345
3.02827	-3.90281
5.44519	-4.84593
4.19199	-4.83066
6.86216	-5.795
4.55706	-5.34943
5.6418	-1.57503
4.51181	-4.76319
6.7156	-3.19647
4.00849	-5.67399
6.03025	-3.59896
4.75062	-5.51214
7.14662	-4.12915
3.91935	-1.17364
4.12104	-5.40553
5.7965	-5.75672
5.1043	-5.15418
3.14512	-2.95186
4.85777	-4.28635
4.21694	-3.25614
5.88136	-5.66913
7.31119	-3.47776
5.15046	-4.50535
3.73743	-3.69664
3.24154	-2.91924
5.25943	-3.77322
4.76681	-2.99804
4.72468	-4.03714
5.5873	-4.64446
4.36429	-3.96114
5.01663	-3.64856
5.83675	-5.64062
5.12412	-3.34184
3.91606	-3.25736
3.53474	-3.92771
5.45798	-3.12014
4.70519	-3.20051
4.96951	-3.21012
5.25931	-4.09839
3.34879	-3.28496
3.22349	-2.59131
3.72614	-4.58188
5.10403	-3.94546
4.33719	-3.48946
4.02286	-2.58327
4.46302	-3.07814
5.60705	-6.0653
3.88561	-4.37755
5.25953	-4.31162
5.16612	-4.4293
5.72531	-2.01656
4.89643	-5.58906
5.38351	-3.29196
4.25256	-3.49472
3.94014	-3.72918
6.10863	-4.6791
6.20038	-3.10832
4.23272	-5.3234
4.15452	-1.04785
3.97171	-3.10358
4.19365	-5.68809
4.31556	-4.58108
4.0265	-3.39706
5.65328	-4.34697
4.29674	-3.58527
3.94423	-4.34182
5.9541	-4.13967
5.26535	-4.3584
3.92955	-3.65809
6.64465	-5.72331
4.16507	-4.22111
4.58797	-3.56494
4.36168	-3.77239
5.25047	-4.15956
3.29517	-5.06117
4.79738	-5.31584
4.79001	-2.85427
3.75717	-3.82111
5.65276	-5.58157
5.69505	-4.63083
4.18911	-4.17437
4.15655	-3.4268
4.86101	-2.01887
3.72933	-5.6905
4.8717	-2.60088
5.32646	-5.56838
4.27761	-5.03087
5.92504	-4.16435
5.64096	-3.60523
4.94813	-4.0246
3.18762	-5.82734
5.27574	-3.16661
3.97034	-0.555867
14.8044	-5.96367
6.62993	-4.38296
5.61626	-3.28763
7.08108	-3.61735
4.0709	-3.03489
10.2619	-8.81757
5.32603	-4.28202
7.37803	-3.0507
5.6698	-3.60786
5.48326	-3.27095
3.92127	-2.36208
5.84816	-5.06163
6.45404	-4.22445
3.66136	-1.90822
5.73762	-3.48185
3.47017	-3.54652
6.59855	-3.50955
4.53551	-5.83405
3.98181	-1.9546
3.3638	-2.86002
5.88095	-3.78001
5.21093	-3.42183
5.00186	-5.20274
5.32262	-3.68966
4.54379	-5.16411
3.39547	-5.26625
4.94362	-4.32633
4.60817	-5.13093
3.66746	-4.32065
4.08695	-4.09369
4.74366	-5.69673
7.60048	-5.63775
7.44319	-4.19426
5.47233	-3.59825
3.53564	-3.87945
3.89715	-4.03943
4.89981	-5.51037
3.90308	-1.4516
5.13783	-5.2496
3.4252	-4.51798
4.74783	-3.21796
6.40902	-1.8421
4.80478	-3.08872
4.92408	-4.31124
3.56747	-5.14704
5.29402	-2.55294
6.11764	-4.28264
6.53668	-2.18816
5.89104	-5.53887
2.99491	-3.20243
4.8301	-5.80951
5.18559	-4.64882
7.21515	-6.05165
13.5653	-0.871952
9.25378	-6.80948
5.22952	-2.85911
7.64353	-6.5149
5.3278	-3.95433
5.54789	-3.95465
5.91328	-4.46113
5.5026	-3.31428
4.68251	-4.20912
5.87968	-4.73561
3.41083	-4.59883
4.30745	-3.28321
3.78433	-2.97295
5.92233	-4.75264
3.74853	-3.17554
3.84506	-3.46354
4.67409	-2.73113
4.85283	-5.12456
9.26047	-10.3552
4.53905	-4.78632
5.10375	-4.87273
4.86559	-5.32733
5.65755	-1.81803
4.74285	-3.66764
8.17246	-3.4932
4.54811	-2.14086
5.54327	-3.45312
4.60943	-4.91888
5.61347	-3.67291
5.76809	-2.67627
5.07278	-4.35204
4.17309	-3.07998
5.60133	-3.12443
3.31499	-3.19137
3.96587	-4.24964
5.41166	-5.6834
3.26204	-4.18592
6.40149	-3.87961
5.53331	-4.69746
4.96113	-5.67991
5.6962	-3.58262
8.0962	-4.08541
6.1549	-4.98493
5.62044	-2.85917
5.42471	-3.69711
6.25642	-3.73879
5.62535	-4.40763
3.95332	-3.84602
3.76688	-3.79693
6.40892	-5.09219
5.81876	-4.44023
6.43676	-6.3464
7.54302	-4.92612
4.23829	-4.6831
3.25828	-5.21951
5.15899	-4.46531
5.51156	-3.5696
4.21216	-5.58129
3.48182	-2.36907
4.47713	-2.44824
4.27729	-3.25302
3.85685	-4.62958
4.23821	-5.47086
5.67972	-3.71595
7.45417	-2.6927
4.37084	-5.83681
4.40539	-3.18796
5.00439	-5.11203
6.38481	-3.89707
5.32661	-5.61758
4.38038	-4.41531
5.95433	-4.16694
6.43217	-3.76424
5.86893	-4.43161
4.20108	-3.7055
6.30819	-5.24375
3.54627	-4.31465
5.5402	-3.32611
5.5218	-3.15846
4.66128	-2.38539
3.62344	-4.36727
4.6859	-3.10599
4.99896	-4.13206
3.20456	-2.68543
3.73555	-4.32172
5.10161	-3.30415
4.01877	-3.33246
3.52131	-5.15624
3.30338	-4.97302
4.11608	-5.22152
6.41274	-1.46884
4.35412	-4.21838
5.87576	-5.40084
6.31264	-2.30995
7.00397	-5.62347
4.83038	-1.62707
5.26968	-4.54837
5.2971	-2.24446
4.31507	-3.82748
7.52227	-6.17796
3.47406	-4.30166
6.12496	-3.44681
5.50012	-3.09768
4.48039	-3.88141
7.58728	-7.02139
4.864	-3.85052
5.42231	-3.11404
7.24734	0.204688
5.15343	-3.22303
4.77036	-4.48271
4.34645	-3.14752
5.26804	-5.15966
4.19987	-3.73661
3.60568	-4.75684
5.19971	-4.32881
5.94257	-3.8062
5.35951	-3.27385
3.17225	-5.44388
7.1453	-4.23972
3.08845	-4.431
4.74536	-4.14113
6.22427	-4.19697
5.29774	-4.44577
5.68403	-3.57247
5.04209	-5.70186
4.0682	-5.25582
4.3875	-4.00878
5.99027	-4.82276
4.39735	-3.50416
4.81388	-5.45771
4.21256	-4.05621
5.10508	-4.86308
3.83889	-2.27569
7.63261	-4.89394
4.51905	-3.44248
5.94974	-3.59681
5.78059	-5.83096
4.74022	-4.5434
6.75325	-5.17271
6.03285	-3.22772
4.80193	-5.01269
4.56495	-5.43372
4.72129	-5.54144
4.69675	-4.25318
6.15704	-4.59347
4.38942	-3.50553
5.55141	-3.34556
5.1756	-4.1754
9.29089	-7.00029
5.66051	-4.99528
6.80661	-6.01925
6.04817	-3.95529
3.64068	-4.26155
5.2944	-4.14037
6.62321	-2.33083
5.78064	-2.76401
4.5562	-4.89017
6.81009	-4.08867
4.01015	-4.10796
6.01468	-3.22444
4.75795	-4.0371
6.09815	-1.83159
7.13217	-2.24848
6.81166	-2.14514
3.65192	-4.88893
4.64682	-5.02275
4.75368	-4.00351
5.35691	-2.6302
6.42204	-5.06799
3.66267	-3.41547
4.4928	-2.55749
5.44653	-4.15146
4.97402	-5.07629
4.15702	-3.16481
3.9628	-4.47314
5.7951	-3.96249
5.34365	-4.64877
5.48463	-5.6505
4.70583	-2.87951
3.23457	-5.02103
3.66457	-0.32919
3.82555	-5.37843
4.34625	-4.0555
5.68597	-3.97468
5.01113	-1.40098
4.02707	-6.15741
4.63544	-4.10069
4.48743	-4.11184
5.18165	-5.51253
5.99842	-5.33055
4.52845	-2.5996
4.91565	-3.8925
3.35677	-5.96343
5.08928	-4.96103
4.80721	-4.83626
5.83857	-5.03717
4.71453	-5.23065
5.31377	-3.34694
6.23953	-6.35645
3.84799	-3.1835
5.61852	-2.08946
6.48869	-3.47029
4.83795	-2.54244
3.87904	-2.89347
5.40141	-3.82004
4.41938	-3.55863
3.55353	-4.73912
5.74022	-5.26199
4.44429	-2.46882
5.91458	-5.68503
3.74497	-2.91185
5.35953	-5.20489
5.9109	-3.00507
4.74363	-3.73242
5.88053	-4.89086
4.40082	-5.88145
3.26436	-3.18367
3.22765	-6.24421
3.49465	-3.7513
3.35184	-4.44574
4.05897	-3.41083
3.21332	-2.67436
4.45583	-4.74132
5.67443	-1.73042
6.67164	-4.37885
3.43645	-4.76629
4.01566	-4.10458
6.21769	-4.43562
3.886	-4.65826
3.85297	-5.15682
7.25158	-3.31603
4.1506	-5.03388
3.94999	-3.34557
4.07216	-4.56201
5.99336	-3.4655
4.10005	-3.69537
3.874	-5.73291
5.93709	-5.03854
5.79218	-1.87672
5.87467	-5.58949
6.6175	-4.0095
4.31883	-5.65442
5.49377	-3.65264
5.27805	-2.55897
7.74828	-5.41007
4.8608	-4.67861
3.61691	-4.17058
2.98252	-4.57453
5.29934	-2.61452
5.96596	-3.3545
4.04405	-4.43202
4.85715	-4.44037
4.82383	-3.34894
3.08275	-2.733
5.85076	-5.55454
5.55921	-5.57464
5.87852	-4.57556
3.69345	-4.06672
3.26848	-5.02699
3.05803	-5.5894
5.11469	-5.26874
6.73893	-6.37983
5.89523	-4.64373
3.90165	-2.22921
3.52367	-2.96049
3.61241	-3.96021
5.16744	-2.46793
3.61317	-3.55379
3.7606	-3.6264
5.80724	-5.03507
8.33351	-2.52636
3.24465	-4.73302
5.91863	-5.17622
5.8574	-4.85746
4.95194	-3.94527
6.83419	-3.75749
5.95346	-3.82346
3.56367	-3.66313
4.12549	-4.67666
3.71353	-1.72006
4.91447	-4.09578
5.75278	-3.29959
6.51561	-5.76655
5.54945	-4.36999
3.06486	-3.95503
3.59835	-2.46959
5.51383	-5.83624
2.66181	-5.42567
4.14421	-5.92941
4.35065	-5.26643
4.62118	-3.57193
4.68821	-4.87903
3.62154	-1.70833
3.30562	-4.933
5.20305	-3.53132
6.35118	-2.03102
4.89294	-3.65737
6.68563	-4.70243
4.33183	-4.51557
5.06795	-4.1579
4.92784	-3.463
5.8296	-2.7588
4.91303	-1.38384
4.77799	-4.44834
5.14248	-4.54669
3.18423	-3.39256
4.47354	-5.04017
3.92153	-3.58727
4.60833	-4.70217
5.60776	-4.59985
3.48069	-3.99872
3.44	-4.58962
6.75198	-5.41547
2.93603	-4.33297
3.54083	-1.66846
4.79688	-2.57091
2.99848	-2.38596
6.41996	-2.86217
3.6107	-3.83597
5.30114	-3.63104
4.44463	-3.95114
5.90043	-5.4122
4.64591	-3.72507
5.73206	-5.97608
3.2386	-3.39966
5.33154	-4.78959
11.4424	-5.63104
4.84115	-4.07117
5.26178	-5.49866
5.21809	-4.79797
5.99845	-4.2845
5.86666	-4.98289
5.68007	-3.58998
5.80299	-2.7905
4.82537	-2.0982
5.51906	-4.54305
3.89598	-4.69376
3.82297	-5.70565
4.84573	-4.60565
6.74466	-6.04749
5.55049	-3.70031
9.03212	-7.21835
5.78005	-4.63765
7.64317	-4.97284
3.83312	-4.65676
4.64626	-2.22586
4.79009	-4.46446
5.70551	-5.85472
4.6199	-3.68536
6.21879	-4.59424
5.4554	-3.67226
5.96583	-6.47049
5.16103	-3.86929
6.24664	-6.94768
5.61295	-5.07963
5.52514	-3.54884
3.26026	-3.93148
2.81035	-3.10787
4.14771	-3.931
3.31537	-5.86825
6.42866	-4.13107
3.91146	-5.73973
3.41866	-5.07124
4.48947	-4.43929
5.29889	-4.02458
3.93536	-2.36093
3.01008	-3.7997
4.25179	-4.98126
3.76109	-3.55059
3.61724	-3.37239
5.12873	-3.38988
6.43756	-4.07592
3.16142	-1.20669
3.33533	-3.80694
4.38931	-1.93955
5.02471	-4.07726
4.05384	-4.6882
4.67633	-4.62919
3.46173	-3.09323
5.1215	-2.73991
4.06175	-4.4223
3.91704	-3.7472
5.96783	-4.97855
6.06549	-5.58844
5.31667	-4.51029
4.46525	-2.26101
3.4663	-5.72895
3.3808	-5.12215
5.41901	-4.67396
7.50551	-4.35958
4.90503	-5.54702
5.27189	-4.0794
5.90526	-4.71065
3.33438	-4.78394
3.72977	-4.18402
3.40822	-5.39757
5.66952	-5.79992
5.73031	-5.27486
5.32837	-2.98767
6.75582	-6.10888
5.08084	-6.27794
4.29915	-3.00718
5.27566	-6.05255
4.84847	-4.82699
4.77323	-4.38494
5.53108	-4.02863
5.12926	-4.35498
4.33891	-5.45704
4.74891	-3.43234
5.50106	-3.3495
5.03562	-2.69531
4.55239	-2.49495
5.91775	-3.36893
3.81483	-4.82717
5.41443	-3.23958
4.16875	-3.06124
5.57711	-5.62055
6.93961	-2.76819
3.45378	-5.1411
5.14067	-2.18314
6.87158	-3.59089
5.40829	-4.8483
4.95486	-4.39595
3.20318	-2.33414
4.55072	-5.06832
3.55177	-4.70856
6.98084	-4.3094
4.17835	-4.57825
3.77372	-6.25362
4.8839	-5.73791
3.73631	-4.0211
4.48075	-5.61709
4.67785	-4.2651
5.92894	-1.45248
4.02803	-3.50259
4.86394	-4.13268
4.80476	-3.81123
4.49049	-2.70204
3.28493	-4.06962
4.0888	-4.83123
4.45103	-4.64164
5.40341	-3.91955
4.33821	-3.4009
5.41204	-5.20914
5.6881	-2.93327
5.06047	-3.17895
4.29998	-2.9206
3.84775	-3.63009
5.05443	-2.17286
4.97276	-4.96796
3.86946	-4.1285
2.84487	-4.90367
3.60206	-4.68131
5.31123	-2.45562
3.48002	-1.63504
5.18506	-3.32234
3.42414	-4.80125
3.23283	-3.3289
4.77179	-4.96002
4.70881	-3.5122
3.26122	-3.65333
3.825	-5.33445
6.54128	-4.75723
4.92029	-5.14728
4.30263	-4.60343
3.73769	-2.58249
4.38443	-3.92347
3.55572	-2.32935
5.27964	-4.47809
4.85674	-2.60099
6.84087	-4.32337
6.56946	-2.8106
3.93913	-4.49119
3.95672	-4.63259
3.97185	-3.07697
5.03451	-2.02243
5.73344	-3.33496
5.70538	-3.4826
3.70439	-3.42575
5.60197	-4.46903
5.38152	-4.33137
4.45487	-5.96632
5.11775	-3.326
4.65341	-5.15333
4.9342	-3.69533
5.1725	-4.01812
2.80358	-6.02834
4.45898	-3.1075
7.01316	-3.24353
4.55323	-5.24715
6.93014	-3.02086
4.60201	-3.77388
3.80496	-4.62035
3.51125	-3.30236
4.58648	-4.05845
5.86251	-3.66899
5.08043	-4.42961
5.32466	-4.27961
4.32067	-5.17295
4.72343	-5.61144
3.92046	-2.79825
5.48106	-4.84838
4.63969	-3.75424
7.38064	-1.06666
5.40319	-1.72651
5.17653	-5.20358
3.57534	-4.11673
5.06296	-5.01213
4.55348	-3.72076
4.10322	-3.38288
4.10752	-4.01779
5.22891	-4.19792
4.36851	-2.90832
4.9982	-3.68602
5.19428	-1.50313
3.96848	-5.44429
4.46651	-4.03637
5.81285	-5.26509
3.79556	-2.89192
5.73734	-3.9675
4.35661	-1.99487
5.03731	-2.30209
6.67778	-2.12625
6.94115	-2.7474
5.47155	-4.6395
4.19025	-5.3412
3.9597	-5.20149
5.4206	-5.34049
4.8843	-4.14725
4.99174	-2.90714
5.36743	-2.96872
6.46294	-3.84057
5.56415	-3.27392
3.18023	-4.06333
3.34261	-3.49341
4.23892	-3.16354
5.76104	-5.69343
5.40857	-4.46921
5.79123	-4.73374
5.68587	-4.60119
4.74253	-5.09795
4.38374	-3.87718
3.44495	-4.43756
4.78411	-4.34882
5.58363	-4.22269
5.22037	-4.92381
4.61652	-3.03089
4.75577	-5.06532
5.82186	-3.39169
3.91568	-2.30371
5.11286	-3.91135
4.67452	-4.49754
4.17571	-4.58827
7.22076	-2.10198
5.81938	-5.68915
6.03493	-1.34276
5.33851	-5.58485
3.43301	-4.67219
4.44708	-4.428
4.61905	-4.22014
4.71491	-4.9663
3.36536	-5.31222
5.03776	-3.82424
4.87434	-4.35831
3.96542	-5.29854
6.49111	-2.81253
6.71475	-4.99053
4.71001	-4.65955
2.98613	-5.14997
4.46171	-4.32888
5.04869	-1.15296
5.91264	-3.25499
5.70614	-4.37612
3.97576	-3.53989
5.63706	-2.54049
4.39967	-3.95278
8.37863	-5.4136
5.88017	-4.77169
3.45452	-5.10602
5.7313	-3.24446
3.43898	-3.024
5.27846	-3.54519
3.11318	-2.83794
3.48864	-1.35188
5.60209	-5.16233
4.80344	-3.44201
7.43568	-3.39081
4.84396	-2.80302
4.44437	-1.83862
5.28207	-5.35834
4.52905	-4.28619
4.69859	-1.14659
3.31784	-3.2369
5.7672	-5.12476
5.56941	-5.2592
5.02434	-4.32991
3.53289	-4.83517
6.11128	-4.54369
6.80945	-5.16626
5.15873	-3.62491
2.96285	-2.17527
5.74986	-3.77471
5.09301	-3.58987
3.88714	-3.59665
5.30978	-4.98284
5.84268	-4.84683
3.88565	-4.01162
6.11588	-5.95138
5.08958	-2.40416
5.21009	-5.65638
5.18279	-4.36061
3.6422	-3.87327
6.15186	-5.7446
4.95348	-6.12829
4.46385	-4.6833
5.41867	-3.732
3.59404	-4.18537
6.07562	-2.96348
4.5949	-4.88671
6.86173	-5.67589
4.01872	-3.22574
3.41599	-3.35335
6.02353	-1.65293
5.00288	-4.45613
3.06519	-5.83228
4.86887	-2.42426
6.58869	-3.62399
6.97413	-6.41473
6.31683	-4.96519
5.96359	-5.33101
3.79429	-5.19142
5.74266	-2.49709
4.58382	-5.63314
6.7494	-2.2396
3.12039	-3.68695
6.98598	-3.94075
3.8058	-2.14888
4.29334	-3.91559
5.64388	-4.6116
4.10158	-3.07223
5.82475	-4.65073
4.59219	-2.76877
7.21765	-5.40045
3.18221	-3.89976
5.31355	-5.48957
7.10232	-4.17479
5.55963	-3.60584
4.30601	-3.04938
10.48	-13.709
7.41642	-5.19287
4.87401	-5.14701
4.64527	0.31622
5.41789	-5.96419
4.33914	-4.71171
4.06131	-4.16492
6.48674	-5.46547
4.94185	-5.03294
5.29148	-3.99218
3.54064	-3.75034
7.76842	-5.94995
4.32763	-3.31718
5.10587	-4.27029
3.58388	-5.65306
3.71159	-4.85
3.23385	-3.21447
4.19273	-5.07679
5.12217	-4.16661
6.56365	-6.17373
4.29886	-4.24938
4.2292	-3.16101
5.79244	-5.47929
2.9052	-5.72215
4.63229	-3.33211
5.49512	-5.86913
4.45208	-3.79064
3.30838	-4.23524
3.5276	-3.9167
4.70449	-4.54863
5.51481	-3.21279
4.07573	-4.64361
6.56706	-1.81373
4.15552	-3.20105
3.94831	-3.5611
4.28188	-4.60199
5.81621	-5.36772
6.38257	-4.39463
4.19109	-5.63703
5.76724	-2.71662
5.22432	-5.91537
5.23049	-3.40699
6.2054	-3.83119
4.78656	-2.9674
2.97623	-5.13903
3.58575	-3.49286
5.29057	-3.93034
5.87853	-3.47968
3.36812	-4.22804
5.61103	-4.99732
5.85844	-2.87758
4.84672	-2.51839
4.1244	-3.55809
6.74109	-4.10959
6.67206	-1.37497
5.0169	-2.7929
4.66935	-3.66592
5.64229	-4.14864
5.5198	-3.15877
5.74693	-2.36251
5.02234	-4.26603
4.976	-4.41673
4.1227	-5.69847
4.07027	-3.48663
4.90405	-4.53721
3.22991	-3.67582
3.29126	-3.79708
4.43414	-3.18672
4.4058	-3.50798
6.45578	-5.09114
3.10221	-2.26534
5.30796	-2.81136
4.61626	-5.17199
6.41494	-4.28673
4.53689	-1.48225
4.82654	-5.15764
6.43767	-2.19817
6.30002	-5.41075
4.83178	-5.70088
3.69723	-2.48301
5.39802	-3.05997
6.52752	-4.66887
4.54831	-4.11689
4.9863	-5.59933
2.96718	-4.09469
5.64355	-3.28929
4.28501	-4.47856
3.70471	-4.73166
5.39425	-3.55181
5.91989	-4.39411
4.7591	-4.56816
3.32181	-3.43861
5.42348	-5.58507
3.61625	-5.96927
5.82277	-3.22352
4.63382	-5.52372
5.35933	-3.76578
6.88733	-4.92199
6.40903	-4.42011
6.37937	-5.02409
5.03858	-3.80993
4.00028	-3.17796
7.71867	-3.87177
3.50244	-3.20593
5.97858	-4.68475
4.58435	-1.74004
6.6319	-3.18598
8.17302	-4.04698
3.56071	-3.76569
3.34967	-4.39016
5.78416	-6.05766
6.29226	-5.02512
4.31147	-4.99461
3.89265	-3.87849
5.15162	-4.31169
2.95991	-2.00579
5.99238	-5.28728
4.80313	-5.51269
4.02084	-3.59484
5.31409	-5.36899
4.58496	-3.2284
4.7868	-5.34175
6.4505	-3.21437
5.79295	-3.82202
4.35451	-3.70646
3.14072	-4.41718
4.68316	-3.96045
4.61993	-5.63319
5.43998	-3.42098
6.74674	-5.09521
7.39844	-2.08956
4.49507	-2.59519
3.2354	-2.32945
5.38732	-2.76138
5.28722	-5.0338
4.86329	-3.17011
4.65955	-3.02463
4.76471	-3.53252
4.70233	-3.35877
3.65816	-4.87013
4.81959	-3.55182
4.73904	-4.53577
3.55903	-5.19173
3.48144	-2.24634
3.73124	-4.38679
3.36501	-5.23771
6.6157	-3.80333
5.35533	-2.55476
6.02603	-4.79869
5.85392	-3.92634
4.39534	-3.62433
5.82785	-4.7762
4.44447	-4.43313
3.56663	-3.65513
5.81601	-5.5282
4.41455	-4.15253
3.98849	-5.06369
3.93641	-2.69826
3.77639	-2.58484
3.1601	-4.73702
4.22074	-4.73237
5.90302	-5.5124
