14.8943	12.9598
14.8516	14.4769
14.7451	14.3846
14.9667	14.0557
14.9656	13.9882
14.9385	13.1308
14.955	13.8589
14.9674	14.3378
14.9329	14.3882
14.8808	14.5427
14.9796	13.9216
14.993	12.5136
14.8379	12.35
14.907	14.0872
14.9433	14.3129
14.9066	14.4811
14.965	14.6764
14.8244	13.9605
14.9604	13.748
14.9749	12.6452
14.9778	13.2453
14.9302	13.9863
14.9929	12.3521
14.9432	13.421
14.8048	12.9797
14.876	13.9393
14.9356	14.8101
14.983	13.6483
14.896	12.2167
14.9313	12.6437
14.9896	12.7673
14.9378	14.567
14.7715	14.8995
14.8989	14.7371
14.965	14.5086
14.814	14.1883
14.9639	13.7006
14.9911	14.2222
14.8555	12.1813
14.7919	13.2439
14.8622	13.3471
14.9657	11.8978
14.8781	12.4483
14.9394	14.1895
14.9989	12.3313
14.9435	14.1722
14.8999	14.4251
14.9915	14.0181
14.9427	14.3262
14.8575	13.1265
14.9613	14.9612
14.9684	14.2494
14.9649	14.7291
14.794	12.536
14.7474	12.9337
