11.0637	-13.7665
13.0439	-12.6362
10.455	-14.2882
11.5807	-14.3157
10.1308	-12.4293
10.5717	-12.5892
11.5837	-12.7243
11.3349	-13.9487
10.4799	-12.7056
10.4198	-13.0559
11.2644	-13.9536
9.13322	-13.3495
11.361	-14.9293
9.62247	-13.3512
11.0912	-14.0062
11.4549	-13.6309
11.5663	-10.9644
11.6808	-11.9921
10.0441	-11.2189
12.9281	-9.92769
9.72131	-13.2037
9.56949	-14.188
9.93047	-11.9722
10.2416	-12.2782
11.7263	-11.941
9.64033	-13.7815
11.2419	-14.6513
12.8365	-13.8887
10.062	-14.5513
9.22304	-14.8822
9.57247	-12.7941
11.6584	-14.7798
11.7124	-14.7138
9.32744	-11.2413
9.20003	-14.1659
11.8576	-13.2829
11.6606	-13.578
9.57526	-12.0753
10.4091	-13.6709
11.1061	-12.2154
10.0349	-13.0555
9.61618	-13.2934
10.6918	-13.7499
12.3261	-11.1279
11.4658	-14.6646
13.8628	-13.3399
11.307	-11.36
10.9449	-12.189
10.9287	-12.8703
13.0133	-13.664
12.5258	-13.2922
11.0155	-14.0533
13.1584	-13.4762
10.922	-14.2054
10.9487	-11.961
12.5553	-11.0475
11.8193	-13.1992
10.4719	-10.9957
10.4089	-11.6595
13.3268	-13.5603
11.5291	-14.2935
9.47923	-12.0456
12.7987	-13.226
12.145	-12.0441
13.2767	-13.4064
11.1872	-13.8806
9.44871	-13.6185
14.1614	-12.8401
9.09538	-12.6069
8.9173	-11.8061
11.3809	-12.6202
9.94866	-11.5797
10.6301	-14.131
11.6004	-14.006
11.8134	-12.5933
10.4137	-13.3099
10.3206	-13.42
11.358	-14.1846
11.3072	-12.2252
11.535	-12.2723
11.5444	-13.2769
12.5804	-12.4026
9.48415	-14.1395
10.2727	-14.3197
10.1029	-12.8976
9.2494	-13.6684
11.9203	-14.4795
10.9512	-12.8355
11.1379	-13.1978
12.0138	-12.8699
11.7447	-13.2474
12.033	-12.2067
10.4065	-12.5401
10.8752	-10.7385
9.68724	-14.0719
11.3628	-11.8113
9.47359	-12.7069
11.4913	-12.6325
10.5509	-14.0723
9.10631	-13.0374
10.9861	-10.9907
12.2572	-14.6777
11.7619	-14.7524
11.333	-12.875
11.4212	-11.7866
10.7532	-12.7418
12.6384	-13.1176
9.14249	-14.0309
12.2308	-11.6261
10.8455	-13.497
9.57511	-14.2186
12.1122	-13.3768
10.7071	-10.4806
11.9118	-11.8151
13.6463	-12.2131
9.95902	-14.7541
9.75586	-13.5004
12.0879	-11.3546
11.3163	-11.6883
12.5362	-13.1035
9.96479	-12.6287
12.821	-11.7955
9.9795	-11.9316
9.6562	-12.6476
9.85533	-12.1864
11.3929	-11.1654
12.0503	-12.7425
9.15282	-13.4415
9.56563	-14.8662
11.9538	-10.9442
11.4051	-13.6075
10.4336	-12.609
11.4932	-13.0121
10.9692	-14.5018
11.856	-13.8968
10.4575	-12.3078
11.1297	-13.3295
9.93032	-11.8933
12.8812	-12.8552
10.7081	-13.3893
10.859	-13.6551
10.4483	-13.7444
9.07307	-14.6312
9.24427	-13.5923
11.6849	-12.8933
11.1968	-13.1039
11.2873	-10.8454
11.1029	-12.7359
9.38639	-12.7427
9.68475	-10.9411
11.4334	-14.7847
11.6762	-11.7663
9.36394	-12.4281
13.2443	-13.4143
11.1481	-12.5888
13.2507	-13.9623
9.75632	-12.5137
9.67754	-11.6246
10.7896	-12.691
11.1259	-13.2971
10.0432	-11.1439
10.3683	-12.9734
9.66103	-13.8473
11.0692	-12.1822
11.6562	-14.5837
13.0775	-12.3624
10.9865	-12.2578
11.4081	-12.6651
12.9458	-12.9499
10.7501	-13.3678
10.5575	-13.9547
10.8849	-10.9126
11.5541	-14.177
11.5435	-12.1046
10.878	-13.8061
11.1406	-12.1162
13.2546	-14.8365
10.4985	-12.0976
10.6735	-14.2542
10.8745	-11.55
11.7688	-13.4632
10.9273	-13.728
11.3639	-13.5664
11.1864	-14.2009
9.56606	-13.7684
12.454	-12.2365
10.6259	-13.4819
9.20912	-12.4802
11.2343	-13.5172
9.67848	-13.558
12.8002	-13.2172
12.0512	-10.9037
8.9311	-10.7525
11.6751	-14.2308
14.3103	-7.23063
11.6662	-14.075
12.0023	-13.0229
9.76763	-11.838
11.671	-13.8328
10.4526	-11.7115
12.1902	-13.9385
10.4647	-11.3216
10.9857	-13.2889
10.1287	-10.4051
11.7025	-11.1437
10.7074	-14.1093
12.621	-14.2849
10.9569	-12.3465
11.0863	-12.9871
12.1168	-11.8655
12.0128	-12.3978
12.7896	-14.2252
11.8597	-11.3625
11.5713	-12.1847
11.3169	-12.1215
12.3431	-13.3242
10.6335	-14.3956
11.6786	-11.6494
11.9064	-12.698
11.3842	-12.9016
10.6178	-12.1302
11.9146	-12.2399
12.2645	-14.3213
9.75525	-12.9408
10.3917	-12.94
14.2221	-11.8538
9.54932	-13.843
10.1011	-13.6711
12.4999	-13.1662
9.93897	-13.7865
11.5776	-14.2795
10.5413	-13.8217
11.3906	-12.7995
11.4342	-14.1592
10.0039	-11.8385
11.4373	-14.1325
11.1901	-12.6563
11.6617	-13.9297
10.1146	-12.6759
11.5938	-14.0983
9.35807	-14.2509
13.5297	-12.3442
10.8412	-13.9006
11.0898	-12.8886
11.6308	-14.215
9.42579	-11.8925
10.1968	-12.2182
11.8299	-13.3082
9.75598	-12.2087
12.2988	-11.276
9.46409	-12.5176
11.2361	-13.4901
10.2889	-12.5188
11.0498	-13.9066
10.1133	-13.1461
11.6181	-12.8729
13.1971	-10.2256
11.5214	-13.3123
9.61978	-12.9639
11.6076	-12.309
11.6155	-13.2321
11.1518	-12.9225
9.8633	-14.3334
10.5952	-11.5537
11.1074	-13.3617
10.9618	-11.6158
9.99305	-14.6856
10.6965	-13.6682
10.3503	-12.4368
8.91461	-12.5462
11.9063	-12.8514
11.189	-13.0657
10.8175	-11.7657
10.3135	-14.6455
10.9039	-10.68
9.9666	-10.8934
10.7525	-12.4168
11.8368	-13.5544
10.1066	-14.5508
10.6084	-14.0657
12.7576	-13.813
11.1088	-12.0423
9.52103	-12.9487
11.758	-13.1111
11.3738	-12.5125
10.2773	-13.6173
10.7848	-12.8415
12.7012	-12.3523
11.627	-12.3299
10.71	-11.1088
10.1126	-12.4052
12.3485	-10.1226
9.98747	-13.2302
10.6452	-11.297
10.8774	-12.9717
9.16591	-11.5396
9.0165	-14.3903
11.4082	-11.4468
10.5456	-13.9867
11.13	-13.8729
10.1826	-12.6541
11.2549	-12.4158
10.553	-11.902
10.8298	-12.6067
11.2369	-11.8491
11.5573	-14.4149
10.3444	-14.468
9.67869	-13.0106
11.4359	-11.6127
12.1062	-11.6723
9.43162	-12.7289
11.3625	-11.4639
10.3104	-14.7509
11.7319	-11.303
11.1491	-12.3118
12.1046	-14.8938
12.1209	-11.789
10.7844	-12.0143
9.1849	-14.4508
9.40366	-13.6194
10.4271	-13.056
10.1634	-14.1057
10.5708	-12.5085
10.2384	-12.784
14.1599	-12.3775
11.1534	-10.6626
11.6294	-12.3394
11.0913	-10.7496
9.54531	-13.5454
12.654	-13.531
12.0196	-11.8353
11.9804	-12.0463
11.7765	-12.5936
11.7207	-14.0349
11.7422	-12.0514
10.6615	-13.3561
11.7229	-11.5155
10.3214	-14.9465
11.2559	-12.8653
11.0061	-14.8744
9.22905	-13.3322
12.1459	-10.8195
9.52497	-12.7343
9.09637	-13.0008
12.0041	-11.8089
10.2393	-11.525
11.2668	-13.1549
10.463	-12.3862
11.4996	-14.4872
10.2181	-12.6679
9.80522	-13.9371
11.2503	-14.8148
10.2065	-14.3246
11.5092	-13.8846
10.0193	-11.808
11.1877	-9.99565
11.0526	-11.9172
11.6304	-9.80836
8.81936	-12.8501
12.0417	-14.8024
10.1768	-12.1437
10.5398	-13.4769
11.8388	-12.7898
14.1975	-13.3705
11.4765	-12.8846
10.975	-13.8844
11.9552	-10.1508
10.213	-12.5484
10.0633	-12.3131
10.5553	-13.1885
11.1132	-12.8097
12.3389	-12.6542
13.0343	-12.9691
10.2223	-12.4433
9.19659	-12.908
11.24	-12.5528
11.1168	-12.2276
12.5623	-13.3228
12.9382	-13.5785
12.5824	-14.0883
10.9099	-13.5452
9.34827	-13.1093
11.0763	-14.5399
8.92863	-14.2657
9.84782	-13.1459
11.474	-12.0864
9.95105	-13.2462
10.4874	-13.1313
10.7231	-12.1932
9.93198	-12.0227
10.3852	-11.8422
11.6108	-14.9518
10.9086	-12.7142
9.69348	-13.0456
11.6425	-12.9443
10.5928	-14.0071
12.7927	-14.9318
11.0228	-12.5009
10.7272	-11.4496
12.8344	-11.2483
9.81278	-13.7478
11.7744	-12.4793
11.8521	-11.6449
9.7655	-13.9752
11.9819	-11.7684
9.14849	-14.2503
13.3038	-14.5833
9.51193	-14.4507
12.5965	-12.1255
9.00768	-12.6998
14.7737	-12.7257
11.3243	-12.8704
11.1582	-11.9335
11.6113	-12.5816
9.98584	-12.0667
12.0534	-14.7063
9.97749	-12.8471
9.46239	-11.3533
11.06	-13.7463
13.4806	-11.7441
9.53836	-13.6528
10.5133	-13.9286
12.9087	-12.492
11.6404	-12.3208
9.65265	-13.0359
10.8546	-12.601
10.841	-13.226
10.816	-11.9717
13.3826	-14.3066
10.7147	-12.5054
9.69236	-12.6689
10.1792	-13.549
10.845	-12.1471
10.3242	-12.6655
10.2576	-13.8464
13.079	-14.6391
10.3695	-10.5884
10.8294	-11.5419
11.683	-12.4945
9.40931	-13.8167
9.21462	-11.4007
10.0065	-13.1069
12.5788	-13.9847
11.8457	-14.2582
13.1953	-12.6032
12.724	-14.7197
10.5182	-13.1032
10.7443	-12.9531
12.958	-13.2191
9.80696	-12.1358
9.54048	-14.5141
10.5279	-14.9315
12.6308	-13.2117
12.0691	-13.2059
12.735	-10.4043
12.4768	-12.1373
11.9703	-13.5966
10.9208	-13.563
9.12708	-14.4226
10.469	-13.7286
9.92252	-13.1987
10.4237	-13.4008
9.64403	-14.093
10.2624	-11.9708
11.4964	-14.0234
10.5637	-13.0712
9.30899	-13.2179
10.3471	-12.5756
9.44194	-12.6774
9.79864	-12.7481
10.6705	-12.4305
11.7031	-14.9234
11.6393	-12.5798
10.6574	-13.376
11.4187	-14.7613
9.02598	-12.7943
9.85052	-13.795
10.8781	-12.5309
11.2409	-13.6345
10.0532	-10.5256
10.3384	-12.514
12.0692	-12.342
10.9084	-12.1227
10.8825	-14.1672
9.67163	-12.6722
12.8889	-13.8925
10.4585	-11.8795
11.4108	-13.3264
10.482	-13.3793
9.52363	-13.0858
12.5461	-14.0729
11.6556	-12.0618
12.0183	-14.1436
10.1564	-13.1285
11.9684	-13.4422
10.9471	-11.347
12.7847	-14.4876
9.4641	-13.7301
12.1691	-14.0639
12.0463	-11.0928
10.3306	-13.5268
10.4244	-10.0488
9.5825	-11.808
9.65113	-14.6247
9.99265	-13.178
10.132	-12.5028
10.603	-13.35
10.0994	-11.7593
10.2002	-14.6545
9.18055	-12.1362
10.4366	-12.2247
11.848	-12.4041
10.4432	-11.8374
11.2956	-13.1199
11.4187	-11.9576
10.5086	-11.8861
9.89955	-12.5391
10.8675	-13.7693
12.3592	-12.3038
11.9317	-14.5383
9.56829	-13.257
12.0213	-14.0536
11.0322	-13.1133
11.2665	-11.2666
11.6526	-14.3442
10.305	-12.245
10.1152	-14.8712
9.36383	-14.9029
11.8095	-12.0505
11.4612	-12.7714
11.6862	-14.3883
11.8436	-12.9485
11.3207	-12.8225
9.22327	-14.8236
8.94343	-12.6463
10.1105	-12.9255
11.2628	-10.3589
10.1568	-13.0158
10.4638	-13.6389
12.233	-14.7122
11.8439	-12.9187
10.9055	-11.4494
10.5035	-12.5877
13.1534	-12.6143
13.7006	-10.7165
9.61495	-11.8924
11.0324	-11.0913
12.4531	-12.6074
12.5316	-12.3098
9.88698	-11.3413
11.2838	-14.1726
10.9637	-13.7569
12.114	-12.4958
10.9125	-13.033
10.9879	-14.5091
11.2219	-11.9286
9.54587	-13.3821
9.54184	-12.0164
10.2261	-14.9835
9.85914	-13.8096
11.7641	-14.6538
11.6049	-12.1807
11.4743	-10.903
13.6589	-12.8458
9.74132	-9.87
9.82406	-14.763
12.0021	-11.3508
9.64598	-12.9252
11.37	-11.778
12.2698	-11.4445
10.7844	-13.6158
11.0392	-13.5147
10.4698	-14.2028
12.2695	-13.1384
9.01628	-12.7651
10.2251	-11.1199
10.2339	-12.2187
11.1307	-12.0755
11.8609	-11.7902
11.2782	-12.0537
10.6783	-13.0836
10.0798	-14.8079
10.6962	-11.2103
12.4073	-13.7401
9.8631	-13.3243
11.5801	-14.3614
9.82562	-14.4035
13.4552	-13.9076
11.0091	-13.2772
11.0389	-13.6926
11.9219	-13.0035
11.4124	-13.177
10.1514	-11.7265
9.48853	-14.9658
9.72226	-14.1534
10.2558	-13.6584
11.4017	-12.0027
13.2529	-11.4582
12.6847	-12.5219
10.9309	-13.3987
10.2945	-14.6764
10.1861	-14.4982
10.2993	-14.4236
10.4975	-13.4938
9.57678	-12.5472
11.2096	-11.0288
10.3003	-13.0659
11.6361	-12.9764
9.6035	-13.6083
12.4365	-10.3834
11.1721	-13.65
11.4382	-13.6724
9.08046	-13.2357
11.1005	-13.4108
9.78844	-14.5533
10.6714	-14.8084
11.5119	-13.2282
11.5787	-14.5727
10.5338	-13.4252
9.79354	-12.3448
11.9015	-13.2406
11.8289	-12.5813
9.27021	-10.6259
9.73225	-12.508
11.9032	-13.9834
10.0682	-13.5631
12.5084	-14.8221
11.2698	-12.1446
9.87132	-11.9424
11.7862	-12.1701
11.8751	-13.1478
11.4202	-12.1761
10.6643	-13.8087
9.51579	-14.5678
10.653	-13.6975
11.6779	-12.2979
9.96361	-14.5831
9.45914	-13.1073
12.3898	-13.4859
10.4243	-11.3913
11.9064	-12.3652
10.9156	-10.8662
11.5626	-12.3111
11.4592	-12.2906
10.1635	-13.4335
11.1184	-14.2402
11.5792	-14.9204
12.0814	-13.4666
12.6375	-12.7568
9.03703	-12.4482
12.301	-13.2143
9.94825	-14.7031
10.0578	-12.3026
11.77	-12.3561
10.4907	-12.861
10.3482	-12.3299
10.3041	-13.7541
9.44512	-12.1902
12.9003	-11.4443
9.58129	-13.0062
10.986	-11.0504
9.01057	-14.3065
10.8177	-13.3848
9.36592	-14.8099
10.7778	-12.7829
10.3225	-14.3461
11.3483	-13.3274
9.6439	-12.4516
10.5419	-12.483
11.2833	-12.2274
9.25507	-11.5
11.201	-14.1763
10.0372	-12.2654
11.6657	-12.9636
9.20742	-11.8164
10.6958	-12.9423
12.7214	-14.2163
9.52503	-11.7871
10.3186	-13.5377
11.1864	-13.467
11.6266	-12.349
10.8033	-13.3661
10.9784	-14.087
12.1145	-13.7004
11.2251	-13.9347
10.9265	-12.8984
10.333	-13.5976
9.40342	-13.6517
11.0854	-14.8372
9.66559	-14.0248
9.62694	-14.0117
11.4027	-14.2125
9.22475	-13.2858
11.4019	-12.2677
10.2811	-14.1215
11.376	-12.6682
11.2732	-13.0826
10.2178	-12.1694
9.51265	-13.3357
10.2586	-12.3845
9.95488	-14.1945
13.0461	-11.9872
9.12987	-13.6606
11.8168	-11.1109
10.914	-14.8826
10.1302	-11.9699
9.7942	-13.481
11.4448	-14.2434
10.2658	-11.6584
9.00352	-11.9327
10.8742	-12.0252
10.3822	-10.8131
11.4487	-12.7066
11.7733	-13.2174
8.83431	-13.7982
11.2275	-13.2196
9.66212	-12.7743
12.6151	-12.2713
11.9286	-13.5457
8.89456	-11.1778
10.3681	-13.4845
11.2491	-12.9799
11.9763	-11.3728
11.7758	-14.6189
11.7978	-12.8647
11.733	-14.0059
10.689	-14.1696
10.7929	-13.1068
11.7	-12.8719
9.30172	-14.7006
11.7331	-12.2771
12.7819	-10.0699
10.8024	-12.8308
9.84958	-14.2653
13.949	-14.3045
9.9302	-10.619
9.33157	-11.7346
12.2017	-14.2625
11.6153	-11.6113
10.6665	-12.9289
9.56238	-12.725
10.3959	-12.8116
11.5935	-14.2005
11.0724	-14.1783
9.3922	-11.5343
11.524	-12.0536
10.0852	-14.95
12.5959	-11.3661
11.685	-13.7855
12.4748	-11.989
13.1718	-12.3335
9.33593	-14.9661
11.786	-14.1679
13.1327	-12.9912
11.0521	-12.5111
10.0076	-11.6995
10.738	-14.1514
11.1268	-12.3945
13.2554	-11.5538
10.5299	-14.2151
10.0418	-14.4185
10.4727	-14.9047
11.8223	-14.4291
10.8509	-12.2561
9.78129	-13.2482
11.9414	-13.8735
11.5807	-12.7777
12.16	-12.37
12.3447	-13.7604
10.7816	-13.0836
11.8993	-11.5992
11.034	-13.2978
10.5222	-14.1856
9.44168	-13.2393
9.59007	-13.3784
10.1465	-12.9256
10.9794	-12.687
9.87855	-11.5458
13.1361	-14.7013
9.91634	-12.0943
8.76231	-12.5419
14.138	-13.9789
9.94987	-12.2017
11.5769	-12.5291
13.3224	-12.3297
9.26899	-12.6736
12.7906	-13.8812
9.40519	-13.9932
11.8372	-14.873
11.5537	-14.1555
12.2925	-11.4097
10.9367	-12.1154
10.813	-13.0616
9.09795	-13.9564
10.668	-11.2256
13.5656	-13.0848
11.3355	-11.4391
11.8124	-13.6261
11.1334	-11.5648
11.1082	-13.1534
9.43608	-14.6214
9.92062	-14.3506
9.08231	-12.042
11.4489	-12.8529
9.43821	-10.2315
10.767	-11.5982
10.8624	-12.2018
10.728	-11.1392
11.6651	-12.4451
9.34681	-13.8422
11.2857	-13.0706
10.8766	-13.8623
9.5928	-13.6893
13.4739	-14.5784
10.8958	-12.185
11.7563	-12.3501
10.5771	-12.3218
10.1232	-13.778
10.7031	-11.2912
10.9501	-12.3399
9.6529	-11.3441
11.4733	-13.6422
11.3877	-14.5192
9.42441	-10.122
9.71595	-10.7917
10.5341	-14.2839
10.3189	-13.3784
10.7078	-12.307
11.639	-12.6515
11.0578	-12.9928
10.1856	-14.0541
10.711	-13.1232
11.4285	-12.1351
12.0949	-12.032
9.84958	-13.987
11.5314	-11.7943
12.6319	-14.5954
10.2855	-12.1883
10.6489	-13.6581
10.9147	-13.6425
9.72441	-13.344
10.5257	-14.01
11.3613	-13.8577
9.61817	-14.405
10.9537	-12.3458
9.86838	-12.6286
11.195	-14.8813
9.80119	-14.8656
10.1602	-12.5997
11.7027	-13.5967
11.3549	-13.9338
9.31109	-12.1333
13.032	-14.7158
9.54001	-11.0993
11.1405	-14.1526
10.7273	-10.9733
11.399	-14.4294
9.7657	-13.5674
11.531	-13.1615
9.49997	-13.2091
12.3562	-12.2735
12.0197	-11.1457
12.0101	-12.0414
11.4002	-14.5
9.45781	-14.6826
12.6543	-12.7622
10.3763	-14.3577
10.7968	-12.4388
10.6132	-12.4063
9.31281	-13.2453
12.0035	-13.1536
12.6893	-12.8917
10.6091	-13.2198
10.9712	-11.5969
10.188	-14.8803
10.0828	-12.1731
10.5051	-14.7989
10.6174	-12.0241
11.4692	-12.7909
9.93029	-12.5522
11.9229	-13.1877
12.1892	-14.5227
10.0298	-10.0461
9.85234	-13.9865
9.73545	-13.7511
12.4199	-14.9498
11.921	-11.2625
8.91594	-12.5943
12.7349	-14.8919
9.34586	-12.7498
11.1315	-12.4578
12.5901	-14.2446
11.5789	-14.9659
10.3473	-13.4518
10.6009	-12.6088
10.6468	-12.9978
10.4755	-13.336
11.949	-13.5113
11.9489	-11.2611
11.7389	-13.9018
9.02074	-13.9487
11.8632	-13.2866
12.0214	-13.4085
10.574	-13.6588
11.4882	-13.7585
12.2665	-12.8806
10.6087	-11.4237
11.4621	-14.2779
9.78057	-13.0652
9.12197	-12.0412
10.1268	-12.7386
9.73648	-12.1359
9.76231	-10.8175
11.1125	-13.7041
10.3186	-14.5634
10.9127	-12.1146
10.8378	-13.645
10.8328	-14.9797
12.8774	-13.2259
10.8883	-12.2518
10.1663	-14.2464
12.5265	-13.9078
11.285	-12.2683
10.9349	-14.6352
11.1894	-13.5248
10.2051	-12.5324
11.4139	-13.899
12.1239	-12.5884
11.1867	-12.982
11.9418	-12.4904
8.92484	-12.8984
9.78939	-11.767
11.4156	-14.3333
10.6932	-13.2242
11.9295	-12.9122
11.5563	-13.7428
10.9877	-13.8165
12.1304	-11.0878
10.6402	-14.5465
12.511	-14.0174
9.81077	-14.3285
10.5851	-13.7048
11.9535	-12.9961
13.5482	-14.1737
11.0466	-12.7377
10.7976	-13.7456
12.5707	-13.8929
10.968	-13.638
10.0845	-14.5468
11.1866	-12.674
9.32728	-12.7846
11.4628	-14.7767
10.6004	-14.6234
12.6312	-11.0772
11.0335	-13.2149
9.92612	-12.9497
11.9291	-14.1022
12.7819	-14.5821
10.3293	-14.7077
12.2976	-12.7555
9.15949	-13.1919
9.37838	-14.5378
13.3189	-12.7429
10.5411	-13.7879
13.6427	-14.1291
11.6792	-13.2242
9.39769	-13.195
10.9324	-12.3607
11.2509	-14.1922
11.6949	-13.4589
10.5798	-11.6086
10.1208	-12.4147
12.0377	-13.4692
11.5536	-12.0167
13.2813	-12.1645
13.2461	-13.0792
9.03605	-12.9517
12.153	-13.5371
11.6308	-12.4204
12.5249	-14.3858
9.93867	-14.8812
11.2438	-12.3095
11.5504	-12.1942
11.571	-13.6795
11.8956	-12.069
9.86424	-6.48164
11.4139	-14.9934
10.7653	-13.4424
10.6347	-13.8152
10.4469	-14.1794
9.76356	-12.282
10.7172	-13.8044
12.9209	-13.9477
9.09133	-12.7031
10.4755	-12.8377
10.4709	-12.1092
11.1756	-14.2324
10.469	-13.7309
10.0286	-14.6054
10.21	-13.2546
11.3197	-12.6108
11.7537	-14.4244
10.1462	-14.0664
13.6795	-13.0676
11.5901	-14.0954
11.6671	-13.5041
9.32585	-13.3273
9.83272	-12.8428
11.4091	-11.9698
11.4488	-14.8541
9.83548	-14.7757
10.1567	-13.417
11.1529	-10.3294
11.2913	-14.5249
11.8711	-12.7459
11.017	-13.9335
9.72071	-14.3993
10.5583	-12.2554
11.728	-11.9439
10.5413	-14.2524
11.0479	-13.8462
11.3784	-13.3263
9.446	-13.5467
11.6183	-13.5682
10.7449	-13.3862
10.3189	-13.3298
10.2546	-14.4455
11.8282	-13.8993
9.95997	-12.3612
9.85578	-12.5046
9.72681	-14.2664
10.0662	-14.0126
10.2483	-11.1722
11.3183	-13.9606
11.5595	-12.709
9.52757	-13.1837
11.0209	-13.9829
10.2619	-13.1802
10.9429	-14.2173
10.5844	-12.9097
8.96913	-12.9692
9.69632	-12.4236
11.1966	-13.6677
10.998	-12.9922
11.2043	-14.4283
14.0641	-14.7624
11.9593	-12.4512
9.92327	-13.9556
9.73894	-14.1376
11.2917	-13.2788
11.3587	-13.2516
9.27708	-11.2737
11.0599	-12.3592
12.6364	-12.8003
10.5751	-13.6563
11.7127	-13.8748
11.0735	-12.0678
9.93843	-12.0026
10.6135	-12.7573
10.7342	-13.4627
11.3779	-12.8924
10.1281	-13.235
11.2138	-12.5168
12.1185	-11.1005
10.9096	-13.9588
9.77018	-14.1747
11.8594	-13.7948
10.5796	-10.9133
9.14383	-13.918
10.1195	-12.7275
11.7009	-14.2207
11.3181	-13.0832
11.9832	-9.87432
10.7791	-12.3895
11.1403	-13.6612
11.8749	-12.2694
11.6229	-13.0786
10.8274	-11.9905
14.7471	-12.8402
10.6031	-13.4701
10.1834	-13.5539
9.24598	-12.3745
11.83	-13.9985
11.8889	-14.8272
12.456	-11.5538
9.32259	-14.3107
11.4957	-13.7387
9.73293	-11.5254
10.0207	-14.6221
10.7115	-11.3774
12.2065	-13.2927
12.0586	-11.4063
9.33863	-10.6624
10.8735	-12.9354
9.93876	-13.0751
10.9986	-11.503
11.2917	-10.0953
10.0088	-11.7298
12.1585	-12.1638
11.862	-13.7142
11.6814	-14.0039
9.30429	-14.8946
9.73489	-12.4557
11.7654	-14.0493
11.5464	-14.3707
11.2745	-13.556
12.4891	-10.5585
9.35409	-12.9411
10.9341	-14.7341
10.4628	-13.3591
10.4222	-14.5705
10.8535	-14.134
11.2805	-12.9181
10.5154	-12.0601
11.0928	-11.8471
12.0835	-14.7887
11.6909	-13.6818
10.4541	-12.1199
10.4193	-13.1999
11.4375	-12.3157
10.1498	-13.6095
10.6199	-11.1646
11.6007	-11.5395
9.68317	-14.3587
10.143	-14.7105
12.1361	-14.337
9.50914	-13.7615
10.6796	-13.9853
11.4406	-14.9927
11.4728	-13.9246
11.4803	-12.4415
10.2482	-14.1137
9.72881	-13.3225
9.81528	-12.0414
11.1087	-11.2321
10.669	-13.0103
11.859	-14.3471
11.4773	-12.9425
9.7842	-13.192
10.2073	-13.6506
10.2723	-14.0509
10.0525	-13.2325
10.1488	-11.9668
10.7741	-12.1826
10.5612	-11.5905
10.9148	-14.8416
12.985	-14.43
11.3016	-12.7916
11.8336	-11.8832
12.1207	-14.1421
10.2277	-12.4989
10.9732	-13.0197
10.9202	-14.0311
10.1366	-12.6786
10.4932	-13.1212
11.1154	-12.5575
11.406	-12.0771
9.56997	-12.5687
10.9001	-12.1555
11.2179	-13.2201
10.5248	-12.1043
11.1954	-12.6746
11.2626	-11.7027
12.4691	-12.1054
11.7581	-14.2273
9.81749	-11.8415
10.8641	-11.8964
10.9189	-10.5524
10.9696	-13.0762
9.98802	-11.4286
11.3452	-12.1267
10.0688	-12.4365
11.0592	-13.467
11.5233	-11.8899
11.5819	-12.0001
11.4942	-12.6417
11.6761	-14.153
10.3355	-12.9675
9.98561	-14.629
11.9808	-14.3954
11.4825	-12.9085
11.4143	-14.747
11.6426	-14.6912
9.17555	-14.8905
11.2457	-14.2096
11.2086	-13.5564
9.45564	-13.3743
11.6983	-13.7551
12.0408	-11.6675
14.5081	-9.39239
12.3402	-13.4378
12.3011	-12.019
11.5136	-13.0151
11.0327	-11.808
12.2929	-12.0808
10.5942	-13.0587
9.42346	-12.3304
11.158	-13.1735
12.8624	-12.3203
10.9727	-12.5931
10.4272	-14.1441
10.0431	-14.5113
11.2473	-12.445
11.6513	-11.9016
10.3525	-12.0962
11.3366	-12.5099
11.9069	-13.8621
11.892	-14.0902
10.8586	-11.6236
9.45348	-12.3518
11.1413	-13.8948
10.852	-12.2662
10.3829	-11.9193
14.5922	-8.02683
11.2926	-13.6026
11.923	-14.0612
11.7237	-14.885
12.607	-11.8853
10.5463	-13.2372
10.2705	-11.8338
10.078	-14.8843
11.6973	-13.2229
12.0804	-13.4914
11.1849	-12.3195
9.9688	-12.3641
9.62295	-12.2446
11.322	-12.2209
10.6918	-11.8351
11.5511	-14.1187
13.0847	-14.4467
10.4859	-12.7504
10.3539	-11.3788
10.891	-12.703
10.3753	-13.2539
9.60112	-11.3494
11.9552	-11.6612
10.9057	-12.2081
10.5179	-14.5739
11.4749	-14.0605
10.5535	-12.7626
10.8632	-11.9299
12.0381	-12.1809
9.96782	-11.9482
11.5891	-12.585
11.4594	-13.3618
11.8301	-12.9403
10.6373	-12.9873
10.5745	-13.9869
13.9311	-13.9787
11.0285	-13.3377
11.3051	-13.5328
11.6191	-13.8119
9.46838	-13.6513
11.7381	-12.0039
10.4814	-12.4512
9.59142	-10.109
11.4563	-14.0498
11.4849	-11.6365
9.58688	-12.0578
12.1734	-13.7984
10.4368	-13.6379
9.31296	-13.5879
11.2313	-13.305
11.1397	-13.8108
10.3281	-12.5117
9.69327	-11.5277
12.8995	-14.0679
9.88493	-14.511
11.1366	-13.9466
10.0362	-13.7874
12.3438	-10.6498
12.7749	-13.9576
10.0825	-10.2114
11.3182	-13.6598
12.0852	-14.3275
10.4524	-12.6123
13.03	-12.7934
11.539	-12.825
10.6167	-13.5094
12.0443	-13.7818
9.15387	-13.6579
10.4952	-12.4784
11.0722	-14.8789
11.265	-12.6407
13.1998	-9.77394
10.0101	-14.8822
9.9068	-12.4932
10.8588	-12.5103
10.366	-13.0376
9.75236	-13.4765
11.4027	-13.2169
11.454	-13.173
10.9244	-14.8685
10.2347	-13.4414
12.5376	-13.7257
9.50597	-13.7547
11.335	-14.3486
10.3159	-11.9861
11.16	-14.8176
9.61491	-14.0713
10.3151	-12.8069
10.4056	-12.8206
9.97271	-14.1536
10.6676	-14.3099
10.8091	-12.687
11.8679	-12.9841
10.1586	-12.7959
11.6248	-12.3472
11.3811	-14.5517
10.9773	-14.3801
9.65343	-13.8546
12.7426	-10.9059
12.42	-12.7522
11.702	-14.8108
10.7051	-14.4424
11.8478	-12.6887
12.9641	-11.5725
11.5474	-12.9609
10.5204	-13.4014
10.7759	-12.2927
10.8465	-11.8155
10.3857	-12.5608
10.2716	-12.9126
12.4132	-13.4076
11.8135	-11.8649
10.2423	-12.277
10.9149	-13.0411
10.9872	-11.58
11.2666	-13.8714
12.1363	-12.0098
10.5997	-12.8965
12.2144	-13.4354
9.07687	-13.3732
10.1161	-12.6783
10.7994	-14.0718
11.5365	-13.789
10.1203	-12.9717
13.8089	-12.0856
9.6006	-14.7686
9.3154	-11.3936
12.0378	-12.2197
11.5735	-14.2098
10.4142	-11.631
10.3147	-12.9285
11.6248	-11.495
12.421	-13.3152
9.50507	-12.3324
10.5277	-14.5396
9.39478	-12.4382
9.98343	-12.7992
10.7889	-12.8587
12.1214	-12.8292
9.75196	-12.4923
11.722	-14.9493
11.3683	-13.81
10.383	-13.0036
11.5205	-12.0656
12.0432	-11.9574
9.5558	-12.3859
9.47636	-14.259
11.7529	-12.6545
11.8306	-13.5026
9.37416	-14.635
9.31154	-12.6975
10.0113	-13.4215
11.6124	-12.9824
11.6473	-13.1328
9.12274	-14.3283
10.4001	-13.079
9.76716	-14.9882
10.6694	-11.3902
12.273	-13.7591
10.3159	-13.0027
11.1656	-12.5174
10.7063	-14.8772
9.33129	-14.3593
11.4768	-13.7243
9.0675	-14.6955
11.2697	-12.9097
11.3107	-14.0366
9.67066	-13.6561
11.4467	-13.4936
10.8291	-13.148
11.7391	-12.9341
10.9344	-13.4696
9.84525	-14.3561
9.92086	-11.719
11.3658	-11.5785
10.0834	-13.2952
10.2984	-11.4493
11.4981	-14.4714
10.1864	-13.1739
9.71849	-11.2101
9.45457	-12.2944
9.48287	-13.2318
12.0678	-12.9641
10.0472	-12.7096
11.0415	-13.346
9.97983	-14.0497
11.2338	-14.4264
11.5865	-13.8873
12.3721	-14.0032
11.2384	-13.7704
9.63637	-12.6066
10.6055	-13.1511
10.9581	-11.3835
13.2823	-13.5732
10.6543	-14.4979
11.778	-12.3519
13.4885	-13.8213
9.80128	-12.8253
9.90639	-13.7461
11.5201	-13.1042
10.3272	-14.0034
10.7481	-12.4299
11.5911	-14.6282
12.1026	-12.1545
11.3907	-11.0906
11.1294	-11.998
10.7319	-13.8872
10.9928	-12.5006
9.60379	-10.6158
11.0586	-12.1533
10.6578	-14.7333
10.4365	-12.1594
9.3474	-13.0856
10.5977	-14.4844
10.4245	-13.5637
11.0494	-13.7812
10.7225	-11.199
11.4054	-14.7479
11.614	-12.3255
11.947	-13.1684
11.7845	-14.4372
10.8697	-14.3792
11.7721	-12.616
10.5654	-13.3153
9.54886	-14.081
9.78208	-12.2073
10.9491	-10.9653
9.4251	-12.4024
9.97256	-14.113
11.8955	-13.0569
10.9751	-13.1501
10.2841	-13.1659
10.0061	-12.8375
10.2088	-13.3282
10.3728	-12.1426
10.0666	-14.3996
9.73557	-11.6615
11.5703	-13.1204
11.8556	-12.5986
10.7927	-12.5804
12.0923	-14.6646
9.55301	-14.853
11.3449	-14.2788
11.2354	-13.5126
12.1031	-13.3589
11.3121	-10.1348
13.2093	-14.3651
10.6749	-12.1815
9.26643	-12.0847
11.496	-13.5496
11.2301	-14.0495
10.6497	-12.1799
11.9262	-12.4071
9.43719	-11.7855
11.5145	-12.2343
12.1457	-14.1042
10.596	-13.2165
11.3932	-12.4049
11.3557	-12.5064
10.6643	-11.6117
10.7007	-13.4023
12.1169	-14.6484
10.9338	-13.6856
12.1165	-12.409
12.9691	-13.4705
13.3167	-12.1642
9.6731	-11.3383
9.21932	-12.9345
12.0836	-12.1176
10.4087	-14.5618
11.2822	-13.9057
11.0936	-14.6522
10.5132	-12.7727
10.6198	-11.7273
10.7008	-13.0004
10.4514	-14.571
9.91703	-12.188
11.855	-11.1354
11.7069	-12.1383
11.2333	-12.2948
11.9553	-14.2229
11.5287	-14.3268
11.7562	-12.8291
10.3905	-12.5316
10.8047	-13.0317
11.6187	-13.0697
10.7282	-14.255
11.0511	-11.6799
11.5007	-13.2061
11.4227	-13.62
10.739	-12.3344
9.53473	-14.1917
11.5497	-13.0476
10.4044	-12.9204
10.1976	-12.4811
10.2863	-12.6775
10.4428	-12.4493
10.248	-14.4516
11.2048	-12.1204
10.1455	-14.6194
10.7335	-11.374
9.32577	-12.9469
10.4304	-13.3349
13.5774	-11.3483
9.48393	-11.0105
11.5356	-14.2163
9.12396	-14.2678
9.20797	-12.6438
11.4697	-11.3203
12.3669	-13.3956
9.99961	-12.5493
9.67871	-14.5999
11.8172	-13.9615
11.9762	-12.2492
9.92032	-12.3732
9.27471	-14.1831
10.1157	-14.323
13.4758	-12.1962
9.29286	-13.8679
11.6693	-13.062
11.1396	-12.6877
12.7463	-12.7857
9.63144	-11.2862
9.32353	-12.3757
9.39357	-12.4463
11.4194	-13.7958
10.463	-13.4506
12.6473	-13.759
10.9535	-13.5593
9.23074	-13.0039
12.1819	-13.9959
11.0075	-14.0124
10.6836	-12.5579
9.71289	-14.2659
10.3413	-12.2473
9.69858	-11.2894
10.462	-13.6691
9.38279	-12.7782
10.8728	-12.1889
10.321	-11.1432
10.362	-13.9427
10.8205	-13.0632
9.54714	-13.4769
10.0756	-13.8374
12.8088	-8.99835
10.7286	-10.9674
10.7909	-12.8675
9.96883	-14.2678
11.4873	-12.1014
9.40374	-12.8773
9.98268	-14.7178
9.7942	-12.3292
10.5444	-13.2228
11.4186	-13.0946
13.58	-14.7261
11.4906	-13.6808
10.1602	-13.4794
11.2364	-13.3983
9.09967	-14.7373
10.8657	-14.5608
11.0316	-14.774
14.0846	-10.3024
9.32793	-12.4945
10.4881	-11.1264
14.0006	-12.1259
10.4058	-13.7136
10.1723	-13.5944
9.11917	-12.1204
9.38381	-13.9934
11.2865	-12.036
10.9704	-12.6126
10.6876	-13.3261
11.932	-14.9105
9.09718	-13.5483
12.7731	-14.0063
9.48987	-14.3569
11.6157	-12.5229
10.8421	-12.8562
10.4205	-12.8866
11.3903	-12.2086
11.2939	-14.1395
12.1487	-13.4847
12.3052	-12.6202
10.7203	-13.1686
10.854	-13.1171
10.1735	-12.146
10.4239	-12.1137
12.5411	-12.1785
11.6688	-13.8803
14.3969	-14.5698
11.3255	-12.3694
9.04266	-13.1126
10.0993	-12.8728
10.0506	-13.2034
9.19236	-13.2775
11.3912	-12.3532
9.63082	-13.7535
11.1848	-13.4042
11.4616	-13.9148
9.52633	-12.9086
9.32819	-12.424
11.0759	-14.7078
11.2384	-13.5949
9.53125	-10.8225
9.54043	-13.5322
13.3352	-11.0142
12.393	-12.5696
11.8245	-12.2098
12.1161	-12.2891
12.8097	-14.3119
11.6958	-14.0048
9.4027	-11.7791
10.0595	-14.6122
10.7216	-14.1143
12.5189	-13.829
12.5661	-13.3568
10.5227	-14.1057
12.025	-12.3017
10.1168	-13.488
12.7223	-14.011
10.4361	-13.0889
14.9001	-8.37725
9.40471	-12.6635
11.9855	-14.8788
11.809	-14.1226
9.23378	-13.1859
9.44592	-14.3393
10.142	-14.2817
9.07461	-13.3192
10.2054	-12.3833
11.4512	-14.8482
9.63814	-11.5907
10.0908	-14.2092
8.77162	-12.0547
9.69109	-13.1337
12.4401	-12.3215
11.4836	-12.8579
11.5318	-12.475
11.1461	-13.103
9.73676	-13.0755
10.7389	-12.814
9.09827	-12.8916
9.81941	-14.0255
11.6785	-14.3925
11.0775	-13.7556
11.4556	-12.3979
10.5056	-13.304
13.4857	-13.9058
12.3042	-13.1596
11.6882	-12.2083
9.46649	-12.8004
11.1629	-12.8403
9.57034	-11.6075
10.3706	-14.1134
10.1921	-14.1493
9.57122	-12.7497
9.47373	-13.5935
9.71065	-12.787
12.2621	-13.108
11.3706	-13.4551
12.169	-14.5403
11.5438	-13.5235
10.1057	-13.8308
9.73876	-14.4465
9.20701	-14.9752
11.5057	-12.5406
9.12928	-14.8884
12.427	-12.2845
10.3082	-13.4541
10.3212	-13.2241
11.6145	-9.53102
13.2458	-12.1053
11.2718	-13.1316
9.95802	-12.2604
11.4064	-11.6256
10.6862	-14.3664
11.1326	-13.5536
12.5037	-13.4849
9.17114	-12.648
11.7282	-11.9262
10.4803	-14.5951
9.58858	-12.139
9.6338	-14.2481
11.8124	-13.3022
11.2196	-12.7053
9.81167	-12.3129
12.9814	-13.5266
11.404	-13.6072
11.3315	-12.8564
11.7663	-10.5634
10.2047	-13.8799
10.2717	-12.4075
11.4857	-11.521
11.1099	-12.6095
13.0868	-13.1779
10.7599	-14.8225
9.27471	-14.4535
12.054	-14.2965
9.22231	-11.8487
10.5279	-14.5347
10.3888	-13.704
12.005	-13.0551
11.9259	-13.2453
9.57977	-12.3282
9.57062	-11.0397
11.3164	-10.9101
9.5833	-12.8285
10.7663	-11.3401
10.7991	-12.6339
12.1332	-12.7329
9.85187	-13.1845
10.0691	-11.3624
10.5418	-13.5805
11.6813	-12.839
10.4679	-13.2096
11.4309	-12.9373
11.5047	-11.8916
10.2722	-14.5476
11.288	-13.8324
9.73191	-13.5571
10.6716	-14.3078
9.51768	-14.6289
10.9816	-14.3774
8.82634	-14.9779
12.5259	-13.1861
10.9003	-13.7683
10.9354	-13.2329
12.0604	-13.8645
9.81106	-13.2106
9.85204	-12.8546
11.3332	-12.7158
12.4238	-11.7032
11.3991	-12.8477
11.2602	-12.8659
12.1713	-14.3435
12.9061	-14.2019
10.0259	-12.1233
12.2834	-13.9486
11.3074	-12.6256
9.43914	-14.2798
11.3274	-14.4238
10.9104	-11.4117
10.6557	-12.7407
11.7905	-14.1064
10.6595	-10.9372
10.3499	-13.1585
9.46495	-12.5751
9.28242	-13.4613
11.1724	-14.6115
11.8024	-13.5429
9.90968	-11.2679
11.5278	-14.4448
11.7009	-10.5349
11.4731	-13.7381
12.3574	-11.5037
11.4161	-11.2625
10.3766	-12.8417
9.82148	-11.5505
10.9842	-14.8596
10.0705	-12.4884
11.9136	-12.4901
10.7004	-10.4977
11.082	-12.4102
10.1894	-11.8044
11.3295	-12.2103
9.14664	-10.7939
11.6969	-13.3182
11.0643	-13.1343
9.77409	-10.0935
10.2709	-13.89
11.5924	-13.6111
9.64878	-13.6635
11.3496	-12.1153
11.6144	-14.3218
9.99317	-13.3122
11.7404	-12.2263
10.7931	-13.4439
11.3353	-13.6954
10.2189	-13.4819
11.2988	-12.9733
9.81453	-13.272
13.0944	-11.5191
12.1895	-13.2807
9.0603	-12.5941
10.7354	-11.8642
12.3754	-12.0954
8.89807	-14.7058
9.56243	-14.1723
10.9466	-12.4128
10.1668	-12.957
10.3468	-14.5222
11.7835	-11.1091
9.94485	-12.4909
11.3453	-12.817
12.671	-12.8538
11.6593	-14.6164
11.8487	-11.4951
11.7515	-12.1406
9.63087	-13.9454
12.0347	-12.4845
12.6918	-12.4118
13.8806	-12.7042
10.0633	-10.9934
11.7101	-13.3218
11.1078	-10.8379
10.901	-11.7192
13.1896	-12.2688
10.0214	-11.6333
11.4002	-13.2942
11.8825	-11.6293
10.6186	-13.9827
10.1369	-12.3244
11.2205	-12.6337
10.9952	-14.3295
11.9041	-12.7043
10.0135	-13.1039
12.0749	-14.0139
10.8788	-11.6948
10.6254	-13.0285
10.6918	-12.917
12.2105	-11.1945
9.30679	-12.5767
11.832	-12.1608
10.4692	-12.9182
10.0092	-12.3299
9.27178	-13.8912
9.69923	-12.6548
9.53447	-14.9106
12.0099	-14.5442
11.1892	-14.9009
10.8236	-14.5012
11.4037	-14.4337
9.46189	-14.5495
10.1164	-12.4093
10.329	-14.9945
11.4191	-12.7986
10.6994	-14.1639
12.3171	-14.4276
10.4137	-12.4331
11.8733	-14.7332
11.4813	-14.1906
9.34616	-12.1964
9.78385	-12.5845
11.063	-13.3541
12.3398	-11.9664
11.9946	-13.0566
11.7164	-13.5538
10.4846	-13.4817
11.1414	-13.1468
11.3488	-11.3853
10.1749	-14.6373
11.0886	-13.2973
11.8869	-12.8307
9.74785	-12.3658
10.8746	-14.3633
10.9709	-13.0565
11.7469	-14.5303
11.4053	-11.6309
10.5185	-13.4731
11.2572	-14.8758
10.5171	-13.5619
11.896	-12.0338
13.0181	-13.0731
13.5922	-10.9264
11.1382	-11.59
11.3769	-13.8463
11.5844	-13.7891
10.1351	-12.4241
10.703	-14.5553
10.2716	-14.2889
11.9971	-11.5651
11.4626	-13.6969
13.0764	-14.6301
10.0891	-13.9069
13.5926	-13.6022
11.673	-12.56
12.5005	-13.6082
11.7173	-12.4663
9.46943	-12.1207
11.6171	-13.0484
9.90705	-12.4764
10.8509	-12.7478
12.4202	-11.9196
11.4777	-13.7501
9.92212	-14.1085
11.6914	-13.6683
9.18634	-14.8437
9.45526	-14.9509
11.3288	-10.7895
9.0658	-12.536
11.8263	-14.9234
10.9725	-13.7323
12.8287	2.28037
12.5848	-13.2523
11.5185	-14.6698
9.36326	-12.1548
10.6127	-12.58
10.094	-13.1044
10.5769	-11.9065
9.02315	-13.3015
10.287	-11.2562
11.3506	-12.03
11.6983	-14.0273
10.528	-13.048
11.2422	-12.6016
9.34183	-14.4058
9.94828	-12.9637
9.29362	-14.7437
11.922	-12.6671
11.6807	-13.2233
11.6141	-11.9927
10.4768	-10.9826
10.1788	-11.567
11.5525	-13.9028
10.0396	-14.2818
9.60047	-13.4288
11.4071	-13.6
10.5382	-13.043
11.7836	-14.6074
12.283	-11.9777
10.0246	-14.3259
11.9177	-12.2796
10.1427	-13.99
11.4562	-10.825
9.65414	-14.4067
9.44538	-13.2871
10.2412	-13.273
10.8113	-12.3162
10.6702	-12.9781
11.6607	-12.5179
9.03938	-14.6808
12.3249	-12.7025
10.8974	-13.2362
12.0647	-11.2491
9.74705	-13.3985
11.9342	-10.7159
10.1204	-14.7024
11.8628	-14.2005
10.323	-13.9282
11.4088	-11.928
9.8495	-12.3429
9.54907	-12.344
9.84782	-10.3007
12.0993	-14.1683
11.6667	-10.685
12.3528	-11.8224
10.6953	-14.476
12.653	-13.731
10.9423	-13.9456
9.93224	-12.1962
12.1166	-11.3681
10.388	-12.0586
10.609	-14.867
11.4636	-14.1445
9.12636	-12.1134
10.0185	-11.365
12.5458	-13.7232
11.0972	-14.0685
10.9037	-12.5637
10.4769	-14.2749
12.14	-11.3871
10.4877	-12.3359
11.1256	-12.6035
9.31699	-14.5259
10.4966	-14.3004
10.1757	-14.8936
11.4185	-14.2961
12.705	-11.9988
11.7635	-14.9268
9.5222	-12.435
10.7188	-13.9333
10.7227	-13.669
10.1082	-13.7135
12.3554	-13.8213
11.1892	-13.3808
10.9199	-13.5119
11.7223	-11.9894
9.11061	-13.9038
9.75506	-13.091
9.61048	-14.6542
10.9128	-12.3333
10.3932	-13.2175
10.2336	-14.7157
10.3242	-13.304
9.89321	-12.2693
10.9327	-12.4288
11.6973	-11.1368
12.9814	-13.7327
10.3898	-12.4644
10.6041	-14.3059
9.73659	-14.0385
10.1629	-13.6604
9.69984	-11.6597
9.22369	-12.4569
10.2719	-11.6533
10.664	-14.3378
10.5516	-13.682
9.30434	-11.6471
11.0834	-12.4399
13.0586	-13.9373
11.2916	-13.8047
10.3665	-14.3545
11.0604	-14.7856
11.7764	-11.7358
10.5891	-13.2031
11.188	-12.54
10.83	-13.6015
11.3819	-14.5085
13.006	-13.2752
10.3038	-12.6518
9.53986	-12.6185
11.7857	-11.7097
10.5777	-14.6151
12.5076	-11.857
10.5688	-12.2614
12.9257	-5.90749
11.2021	-14.8071
11.1527	-11.7161
10.4339	-11.7515
10.2095	-14.9263
10.218	-13.9841
11.0186	-12.4798
9.74692	-12.3991
9.91326	-13.5398
11.6597	-12.8416
11.0665	-14.2908
11.5046	-14.727
10.5405	-14.8163
11.7242	-14.8722
9.57044	-11.3465
11.7993	-14.2128
9.43755	-11.7018
9.92948	-12.5604
10.5345	-14.5177
9.72167	-13.7412
10.5169	-14.5739
9.7616	-13.8208
11.2423	-14.3468
9.92167	-11.4442
11.7124	-11.9604
10.4131	-12.1059
11.6475	-12.9573
11.1197	-12.1693
10.4313	-12.5872
12.4295	-11.6869
11.0024	-1.01608
13.3335	-12.467
9.82315	-14.2556
10.9355	-12.5751
10.9994	-13.7886
13.3549	-13.9046
11.6767	-12.5185
10.4249	-13.7656
10.7417	-11.9801
11.8555	-12.2544
11.336	-11.7518
9.02983	-13.2319
9.25749	-12.2819
11.8745	-13.9681
13.0573	-13.9933
11.7253	-13.2274
9.362	-11.9144
11.4039	-11.7254
9.34913	-13.1239
10.151	-12.702
10.5219	-12.2631
10.6249	-13.5895
13.1607	-13.3913
11.9226	-14.1095
12.7763	-13.7672
10.0191	-12.5622
11.6612	-14.0883
13.0479	-13.5056
9.52268	-14.604
10.3884	-14.5585
12.0402	-12.4199
10.0874	-12.2835
9.39094	-12.158
9.85792	-13.1081
10.0023	-11.1147
9.9626	-14.2002
10.2678	-11.5192
11.8046	-11.6094
11.7072	-12.1334
10.2893	-10.8411
11.7918	-13.9199
11.7119	-14.2702
10.9206	-13.8647
12.545	-14.4609
11.3221	-14.4989
9.9872	-14.2228
11.6875	-11.8821
10.7388	-13.8816
10.4008	-14.4565
11.4862	-13.7548
10.2121	-12.4012
10.098	-14.5659
12.0341	-12.5036
9.71366	-12.8983
10.094	-14.2501
10.6873	-11.5888
10.7774	-12.7735
11.7082	-14.92
10.6853	-12.2887
11.8384	-14.4808
9.9232	-13.3578
13.2345	-13.6736
10.7615	-13.201
10.7786	-12.7417
12.7833	-13.1328
11.1982	-14.4514
11.1024	-13.178
12.2092	-12.7047
11.8634	-12.6843
10.6695	-12.8642
10.9942	-12.5505
10.6653	-12.1595
10.2982	-14.8935
11.304	-13.1572
11.1696	-13.8309
10.3278	-13.9171
12.0894	-11.1273
9.54429	-11.3799
9.10159	-12.2049
11.588	-11.6537
10.4057	-13.3046
9.96886	-13.7363
9.37268	-11.2007
9.29351	-12.7874
10.5868	-13.1957
11.5615	-12.0501
11.727	-12.2254
11.0925	-13.1524
12.1639	-12.2635
11.8457	-12.6334
10.0313	-11.5414
10.2684	-13.5696
10.7547	-14.9723
9.27883	-14.8279
11.7129	-14.0114
11.6221	-14.0373
10.7366	-12.7443
13.1997	-12.414
11.7207	-14.4518
8.99421	-13.325
9.29321	-13.299
10.018	-13.9938
10.352	-14.3749
8.95288	-13.5677
10.1883	-12.9772
9.05411	-11.5686
9.28255	-11.2694
11.2982	-14.2064
13.2743	-10.5675
11.7897	-12.9364
9.54136	-14.4088
10.8331	-13.3476
11.2026	-14.5551
9.47887	-13.4376
11.1402	-12.5014
10.0531	-12.3465
9.60011	-13.4926
9.35879	-11.856
10.9268	-14.2219
10.1507	-13.1797
11.3	-13.2709
11.1367	-12.6045
9.32414	-13.475
10.6491	-11.0411
11.6711	-12.7895
10.7439	-12.8425
10.7434	-14.6554
9.24546	-10.5007
9.81895	-10.8227
11.735	-14.5996
11.517	-13.7723
10.7602	-11.9977
10.3444	-13.0927
11.1194	-12.7835
9.56544	-13.0678
10.7358	-13.4205
11.95	-11.2504
9.55124	-14.72
11.9144	-12.5402
11.3746	-12.1023
11.8978	-13.5436
11.0496	-11.5238
11.6811	-12.4319
9.84561	-12.8804
10.5592	-14.5203
9.9043	-11.3473
11.5693	-12.1245
11.8232	-13.0535
13.2031	-13.0893
11.1703	-12.3622
9.96021	-13.522
11.7305	-12.46
13.2709	-14.5864
10.6257	-13.6626
11.3991	-12.3387
10.4506	-14.4908
10.5436	-13.8536
11.5483	-12.6437
11.3985	-12.3292
11.6894	-10.7739
9.46666	-12.4074
12.0431	-14.2978
9.53156	-11.0467
11.694	-13.568
10.6184	-14.0985
10.1944	-12.6241
12.4549	-13.6062
10.2129	-13.3357
11.5009	-12.5634
10.075	-12.9517
12.5625	-13.9486
13.5451	-14.5735
9.70369	-13.4964
11.8864	-12.4843
12.9381	-13.531
9.35713	-13.3751
10.0199	-12.7061
13.1576	-12.9295
11.6594	-14.4653
11.2358	-12.9074
10.9121	-12.9649
9.48635	-13.0053
11.4505	-13.6823
10.9316	-14.268
10.0867	-10.4105
10.3489	-12.3652
9.59766	-12.3227
10.8792	-14.0192
10.4162	-14.1516
9.0614	-13.4116
9.57735	-14.1446
10.3285	-13.4536
10.4746	-14.1637
11.1368	-11.5393
11.1796	-12.8358
13.5643	-12.584
10.0691	-13.0484
10.6856	-14.7637
11.2706	-10.1972
10.6807	-11.6607
9.84288	-13.0156
9.50269	-13.5301
9.45308	-14.7941
10.1518	-12.8932
11.7977	-12.6585
11.0791	-14.0738
10.9618	-10.9618
11.1854	-11.7318
11.6667	-11.7285
9.35824	-11.6659
10.6281	-13.0805
10.8838	-11.8438
10.3612	-14.5927
11.9712	-11.733
12.3742	-12.9409
11.6749	-12.4873
11.32	-14.2027
9.57764	-12.3005
10.5218	-12.9001
11.4978	-11.4238
10.1221	-11.2902
12.6667	-11.006
9.52918	-13.5894
9.36392	-12.4617
9.99679	-12.1045
12.8695	-12.1167
11.4591	-14.8016
10.8832	-13.9436
10.2301	-12.8295
11.3693	-13.0102
10.0674	-13.4109
11.4294	-14.7145
11.4214	-11.6723
12.3228	-13.5134
11.6137	-13.8903
11.0967	-10.8057
11.6031	-11.2416
10.141	-12.1623
10.1235	-11.0272
9.71871	-14.2682
9.00262	-13.8657
9.95393	-13.7412
10.3123	-12.3692
10.2367	-10.8429
10.4839	-12.2368
10.6596	-10.3882
11.932	-13.2005
9.82524	-12.4214
10.4012	-12.3456
10.8547	-12.6137
11.1816	-13.0143
11.7604	-13.5788
9.22749	-11.7923
10.7611	-12.6416
10.2919	-13.6165
11.2028	-13.6953
12.1784	-13.0647
10.2937	-14.0801
13.3678	-12.3822
10.289	-12.363
11.4591	-12.1007
12.7952	-12.214
10.0336	-14.3998
8.95353	-12.2941
8.89912	-14.9557
11.9435	-13.7759
9.08294	-13.1594
10.5694	-12.1871
12.8818	-12.957
12.8024	-14.0867
10.7055	-12.2393
10.3399	-13.2803
9.51652	-12.9953
10.8808	-13.345
8.95527	-13.448
14.4423	-14.3495
10.0048	-13.8402
10.5482	-13.6806
12.5999	-12.9716
10.1345	-14.7837
10.2765	-13.5084
11.4711	-12.5106
10.2147	-11.6516
9.95874	-11.8512
12.6412	-13.8707
10.4967	-12.0503
11.2152	-11.6252
12.6889	-12.8144
11.3667	-13.7764
11.1304	-11.6005
9.9246	-12.544
10.606	-13.0577
11.348	-12.6172
10.366	-13.6433
10.3319	-13.0584
10.0517	-11.831
9.49447	-12.5429
8.82037	-12.9955
9.81472	-12.9859
10.5085	-10.2332
10.9165	-12.522
10.194	-14.0901
9.66347	-13.884
10.1736	-12.1819
10.5353	-12.9965
10.9904	-14.7437
9.1912	-14.7423
10.599	-12.541
10.7455	-12.9274
10.3484	-14.0962
11.0823	-14.5049
12.0258	-11.0146
11.7678	-12.5313
11.5589	-12.7349
11.6078	-13.2249
12.3017	-12.5299
10.0817	-13.9665
9.84629	-12.3884
10.1789	-12.7451
10.6088	-13.3037
10.1786	-12.6734
11.7027	-12.3524
9.48202	-12.4559
9.11201	-11.9176
10.0774	-12.2455
10.8752	-12.4359
12.6844	-11.4848
11.6447	-13.325
8.84614	-14.6098
11.0769	-12.4295
9.45326	-12.5573
11.6344	-11.9356
9.99048	-14.3658
10.6118	-11.7886
11.3779	-14.0733
13.6516	-13.397
9.74819	-13.3248
9.52774	-12.9709
12.0002	-12.3212
10.6117	-14.0974
13.5258	-13.5065
10.2112	-13.8593
10.4548	-14.5019
10.462	-13.6713
9.70682	-12.7254
10.5593	-14.2411
11.8934	-14.194
10.8795	-12.9544
10.8575	-12.018
9.66406	-14.1023
10.3032	-12.1098
8.96171	-13.2336
11.8813	-12.2814
10.4989	-14.7934
12.3595	-13.2421
12.0278	-13.4778
9.95942	-13.2608
10.8034	-13.9141
11.3426	-13.2941
13.0448	-14.2302
10.5287	-14.1962
10.2782	-10.6317
11.3515	-12.926
11.4468	-13.0328
13.2784	-13.3423
11.5638	-11.172
11.0178	-13.881
11.3528	-13.0241
11.1555	-13.4076
9.17997	-13.0659
9.14615	-12.2453
10.2147	-13.2575
8.98219	-13.4683
10.1921	-12.6475
10.4387	-14.0433
10.2216	-12.9638
9.90477	-14.4495
11.7819	-14.7348
9.01436	-13.3487
11.7276	-12.1136
12.5621	-13.2138
12.9299	-11.1784
10.8407	-12.6808
11.6491	-13.0698
10.1738	-14.102
9.12468	-12.7316
10.6783	-14.6541
9.77991	-13.8862
11.9795	-14.9564
12.7543	-10.9864
12.9169	-14.4395
9.15563	-12.5677
12.088	-12.9194
10.287	-6.13812
11.491	-10.7653
9.60414	-13.3216
10.4558	-13.7268
9.40205	-13.4715
11.4653	-13.4208
11.7468	-12.2952
9.93197	-13.5692
11.4269	-13.3952
12.4774	-12.7997
11.9515	-11.4158
12.8701	-13.9983
12.8474	-12.8219
9.30118	-11.9618
10.1684	-12.9555
10.1938	-9.19443
10.5229	-13.8625
11.278	-14.2154
11.2767	-13.5382
10.7812	-14.2074
11.4765	-12.1418
10.9406	-14.8176
10.74	-12.8435
9.56532	-11.0456
10.9272	-13.4218
10.7896	-13.6587
11.697	-13.5377
9.61456	-12.8331
11.4689	-14.0999
9.73695	-12.7663
11.0296	-14.13
9.28718	-14.74
10.8562	-13.7507
10.3389	-12.2552
9.57792	-11.9773
10.4455	-13.364
11.4044	-12.4841
10.0429	-12.7398
9.08209	-14.5582
11.3194	-12.1458
11.0208	-12.6466
10.0439	-14.2274
10.2649	-14.3331
11.5458	-13.1809
12.239	-14.1518
10.0866	-13.7316
9.95971	-14.5266
10.2768	-11.698
10.0791	-14.3414
9.18313	-14.3901
10.1692	-13.7376
13.5742	-14.6954
9.69675	-13.3946
11.7493	-13.1226
10.4678	-12.9078
11.7582	-14.3286
11.4795	-12.7968
11.3717	-13.7989
11.1531	-13.8953
12.8778	-11.5868
10.3676	-12.8779
11.4036	-13.726
12.2987	-14.9114
10.8558	-12.6347
9.2121	-13.0559
12.8023	-13.6756
11.7099	-13.0127
12.2896	-12.9506
9.42876	-12.9783
10.7432	-12.1161
9.51458	-12.8639
9.4675	-14.7875
9.54894	-12.7385
11.538	-14.8337
9.55553	-14.6455
11.5178	-12.302
11.6544	-11.7374
9.22927	-13.448
8.84315	-13.7381
10.2361	-13.0244
10.6503	-11.4761
11.6012	-13.9905
11.2401	-13.4507
9.7445	-13.7976
10.8467	-10.795
10.9863	-12.7284
13.3645	-7.89497
9.94863	-12.2719
11.4278	-12.5817
9.75962	-13.6893
10.7543	-12.5158
10.053	-12.0391
10.1358	-14.0593
9.39018	-12.4046
11.9396	-13.2966
12.361	-12.3553
9.40569	-13.121
11.4262	-14.2119
11.8364	-14.0636
11.6754	-12.3692
9.13122	-13.5048
11.2416	-11.4115
9.95846	-12.6319
10.324	-13.1019
10.5309	-13.2563
10.5926	-13.5179
9.68362	-13.9489
10.2461	-12.7799
11.0296	-13.1849
10.9754	-14.0613
9.26476	-14.2282
11.1475	-13.7745
9.1748	-11.1285
9.79619	-14.3286
11.4255	-12.872
11.7184	-14.5006
9.96216	-14.0106
12.7267	-14.6707
10.7666	-12.9403
9.46559	-12.0103
11.0045	-11.6808
11.6713	-14.24
9.49245	-12.8278
10.3194	-12.9331
11.196	-11.6907
10.3688	-14.2259
13.4387	-14.1662
11.4335	-14.6026
11.3071	-12.5904
10.9521	-12.8545
9.74321	-14.5087
10.4319	-14.1349
9.1749	-12.2119
11.4136	-13.2329
9.72392	-13.617
9.88291	-11.7902
12.0686	-12.7856
9.5031	-12.084
11.4004	-12.1354
11.2078	-13.77
12.2825	-12.2983
12.3338	-12.4364
9.21756	-13.1375
10.958	-14.4641
11.6161	-13.0001
10.903	-11.3469
9.01721	-12.4455
11.9794	-14.5225
10.9464	-14.0524
10.3575	-11.2714
9.86618	-14.2686
9.48048	-12.6998
8.93494	-11.1393
10.6523	-13.737
9.96065	-11.8267
10.0975	-12.6126
11.7617	-11.564
12.2791	-14.9487
11.9597	-14.1176
10.5179	-11.3789
13.5079	-14.9881
10.8647	-14.7763
9.19096	-14.6472
10.7831	-13.4297
10.1022	-13.167
9.17161	-13.1418
11.2707	-13.2411
10.7593	-12.2551
10.9597	-14.3892
14.2611	-13.5517
9.30613	-11.7173
10.5627	-14.5321
11.4386	-13.8543
11.6928	-13.6282
9.81379	-11.7815
11.6775	-14.2647
12.1689	-13.5174
10.8355	-14.2786
10.7802	-13.084
9.91562	-14.1264
11.6977	-14.2052
10.3093	-12.6229
12.1805	-11.0379
9.95649	-13.6102
9.95256	-14.0681
11.0269	-13.7261
9.58116	-12.4341
11.5365	-11.6062
9.69891	-14.038
11.1333	-12.1926
12.2155	-12.6925
11.9967	-14.6871
11.1963	-13.1076
13.06	-12.822
10.1039	-11.8095
11.0145	-11.8835
12.0071	-13.41
9.05641	-14.5673
9.63921	-14.2886
11.6363	-14.5265
10.4471	-13.9376
10.8353	-13.916
10.4242	-13.2657
9.10763	-13.0253
13.7976	-14.56
11.2042	-13.869
9.63001	-12.4548
9.94323	-14.0553
9.39637	-14.8555
10.1394	-13.3341
12.5692	-12.1828
9.39168	-14.1933
11.7207	-14.9083
9.89094	-13.853
9.56319	-14.7843
11.4611	-12.8632
10.9288	-13.1263
11.1906	-12.6236
10.4002	-12.7293
9.10113	-13.0375
9.02187	-11.4805
13.6479	-9.7615
10.3209	-12.3199
13.2453	-12.8214
11.8519	-13.7386
11.7883	-14.4942
9.71208	-14.4825
10.6053	-12.1497
9.0482	-12.7184
9.44488	-14.5737
9.88206	-13.496
13.0076	-13.9984
11.3137	-13.1249
10.678	-13.7972
9.41152	-13.209
10.4136	-12.8153
9.62699	-11.9522
9.14236	-14.2747
11.0665	-12.5543
11.8414	-14.1092
13.1166	-14.2478
9.9472	-12.4542
9.19044	-12.1948
9.87629	-12.5729
9.50272	-12.9215
10.1807	-12.021
11.3463	-11.4796
11.952	-13.4598
11.4274	-12.2234
9.4009	-14.4883
10.5325	-13.1731
10.808	-14.1271
14.1554	-14.9526
10.0908	-14.8876
9.85291	-13.2002
13.1184	-13.5917
11.5294	-12.3372
11.7295	-12.5018
11.694	-14.3759
11.3931	-12.5148
10.1043	-13.1612
9.45857	-14.6983
10.1701	-13.7719
9.19877	-13.7531
11.5473	-13.1236
11.1014	-12.3748
10.1766	-12.1141
13.7417	-14.3578
10.4931	-12.5885
10.1379	-12.3412
9.83284	-12.8446
10.037	-12.3153
10.9595	-11.8457
9.67339	-13.1011
12.2782	-13.9978
10.7057	-13.2086
11.1091	-14.1039
11.9028	-13.0453
11.309	-14.3548
13.7958	-12.8037
11.2142	-12.7067
11.6836	-13.3227
11.8111	-13.6508
10.6689	-12.4525
10.1174	-14.7182
12.5366	-14.4715
9.58233	-11.8188
12.8672	-12.4199
10.6966	-12.946
10.0426	-13.0465
11.5104	-14.5436
10.4155	-13.6368
10.2675	-13.4014
10.5269	-12.0083
10.3054	-13.3477
11.6616	-14.5212
10.7312	-12.1993
10.9347	-14.6915
11.4554	-13.443
11.8089	-13.5427
11.2283	-12.521
11.6961	-14.917
11.8615	-13.7494
10.5454	-12.8466
8.80494	-12.5039
12.1399	-14.0622
11.2148	-11.5836
11.6449	-14.1961
11.0428	-14.0372
9.69937	-13.6172
12.29	-11.0208
11.8091	-13.18
11.7181	-13.7299
9.9434	-11.8704
10.2165	-12.8314
9.29125	-13.0176
11.1798	-14.067
9.06405	-14.046
11.3136	-11.8869
10.6862	-12.9272
13.6624	-12.6944
11.1169	-12.3084
10.7202	-13.1091
11.6699	-13.5715
9.63364	-12.4849
10.0559	-12.9845
12.6011	-14.2196
14.654	-12.3747
10.0986	-11.9152
11.5305	-12.2264
11.6569	-12.8661
13.0645	-12.5504
10.2931	-13.9829
11.9847	-11.4024
9.0279	-12.5588
12.1813	-14.7776
10.6007	-13.6179
9.44617	-14.0846
11.8543	-14.9767
12.4006	-12.8436
12.6654	-11.4845
11.95	-13.4971
12.2557	-0.607457
9.38012	-14.6523
12.1148	-13.5945
10.7053	-12.5023
11.7793	-12.8994
10.322	-10.0623
12.2839	-12.6312
12.3942	-13.387
9.19351	-14.2497
10.2475	-14.4435
10.9963	-13.3707
9.85643	-14.2283
10.3221	-12.1737
10.6672	-11.5757
11.4449	-10.286
9.54111	-13.0865
9.56074	-12.6353
10.7037	-14.2188
9.48829	-13.9808
10.5592	-11.9707
9.07158	-10.9335
12.3759	-13.1971
11.8341	-13.0855
12.1384	-13.1238
9.72594	-12.4221
9.10098	-13.7867
9.42248	-13.7705
11.8124	-14.5244
11.9232	-13.4298
11.6174	-14.0728
9.80181	-11.5663
10.6139	-12.7982
13.3922	-13.2711
10.3979	-13.2356
12.5748	-12.4784
11.4752	-12.5372
10.2359	-13.7805
12.2738	-11.9088
13.5939	-13.2688
10.2801	-14.4036
10.5113	-12.6345
10.3941	-13.546
10.872	-13.5906
10.7394	-14.4607
11.6768	-11.4761
11.8308	-13.117
9.42824	-13.068
9.28892	-14.3478
12.8458	-11.1622
10.6541	-14.512
10.5138	-10.8991
11.3406	-13.8661
9.71074	-13.0319
10.0655	-11.7052
9.58945	-14.3508
12.1828	-13.6953
12.3606	-14.5493
11.8314	-12.1699
10.892	-13.9061
9.91077	-11.1131
9.81759	-12.4217
12.162	-13.8157
9.87051	-13.9301
8.94185	-13.66
9.51169	-12.5641
12.4225	-12.1703
10.2829	-12.0334
9.31685	-13.4453
10.8354	-11.062
9.68861	-11.8766
9.90349	-13.4147
10.5525	-10.931
11.2507	-9.7389
10.6999	-14.3846
10.852	-14.5773
9.77863	-12.9209
12.6024	-13.0507
10.4995	-13.2188
10.6595	-12.6638
10.9712	-13.7802
9.73707	-12.0179
12.8301	-12.1769
9.30832	-14.5186
11.3568	-13.6623
12.4703	-12.4996
9.77156	-12.8155
13.4837	-13.517
10.8987	-13.5284
12.2113	-13.9092
12.1054	-13.6901
11.3777	-13.7494
10.0174	-14.1661
9.97665	-14.2401
10.1609	-14.2056
11.4454	-14.3137
9.29337	-11.8642
10.4779	-14.7995
10.83	-14.6078
10.2675	-10.7801
11.5453	-11.5779
9.1391	-11.1878
11.3392	-12.8717
10.4084	-13.8085
11.1222	-14.8063
12.1407	-13.1654
11.6884	-14.9857
9.42961	-14.2408
10.8618	-12.7598
9.95153	-10.4953
10.6177	-12.938
9.36634	-12.3601
12.3981	-14.4161
9.76066	-13.1287
11.5642	-14.5747
11.0949	-13.0957
9.53724	-13.5183
11.4705	-12.3198
10.3307	-14.7148
10.4711	-11.6679
10.7184	-14.3662
10.8005	-14.7504
9.9974	-13.7446
9.88438	-12.6458
10.6418	-13.9879
10.5508	-13.3148
10.2575	-14.4723
10.9256	-14.7558
9.4296	-13.3017
11.3026	-12.202
10.2644	-13.5325
10.2046	-13.1646
11.6481	-12.3234
10.4432	-11.557
9.84202	-10.9453
10.2518	-13.1667
9.41436	-13.1255
9.3475	-13.2788
10.9228	-12.8622
9.77688	-13.7535
11.0611	-13.2651
12.5236	-12.1969
9.24034	-14.3051
11.6048	-13.1808
12.0457	-12.4403
11.7024	-13.1356
10.7082	-12.31
9.24077	-12.3614
11.1526	-10.6655
11.8134	-13.5798
11.5233	-12.7702
10.9983	-12.0474
10.4931	-12.4256
11.89	-12.9777
9.8786	-12.4144
13.8927	-12.1496
12.4434	-13.2797
11.0614	-14.7957
9.86291	-13.7491
9.73682	-13.0877
9.67808	-13.51
11.3829	-12.3825
9.21414	-13.4315
10.6041	-13.0528
12.7579	-12.493
11.1206	-12.178
11.5764	-14.369
10.9032	-13.6633
10.4013	-13.872
10.13	-11.4493
10.0874	-12.4901
10.1754	-12.623
9.65598	-14.3751
11.9468	-11.3686
9.79849	-13.6827
11.6847	-9.50063
10.0955	-12.8383
10.7685	-13.4791
9.70018	-13.0828
9.78609	-13.3494
9.73018	-14.0659
9.25138	-13.1436
11.2566	-13.2849
12.2301	-12.713
9.54867	-12.7639
10.9114	-12.3762
9.26438	-14.1581
12.2101	-12.634
9.14255	-13.0023
9.88396	-12.3932
12.3591	-14.8997
10.6859	-12.1425
9.27167	-12.793
13.705	-12.7937
12.0177	-11.0881
10.3768	-11.3282
12.4127	-11.9578
12.5321	-13.1093
11.8495	-12.516
10.5419	-12.3012
10.6502	-12.4349
11.2448	-13.0501
10.0069	-14.3792
9.154	-11.3664
10.6906	-13.154
11.7862	-13.2886
12.0077	-13.3051
9.81505	-11.9917
10.4397	-14.6947
9.69732	-12.3191
11.6363	-14.2097
11.3503	-12.7115
13.0567	-11.1396
12.1252	-13.4981
12.1531	-14.7226
9.19517	-14.0707
10.6625	-13.3536
12.1916	-13.9481
12.7671	-12.4111
10.4663	-13.672
10.1762	-11.3739
11.3094	-12.2056
10.5077	-14.3095
10.0998	-13.0537
11.7932	-12.6978
11.1575	-14.5909
11.0041	-12.0214
10.9229	-13.3529
11.4984	-12.8563
11.7576	-12.9678
9.73382	-11.841
11.8547	-13.3941
11.2303	-13.3766
10.3726	-13.7792
10.189	-12.209
10.1759	-14.3167
10.0525	-12.2218
12.1344	-14.1521
11.7286	-14.7248
9.93241	-12.496
11.0682	-14.0796
11.6693	-14.1757
11.7446	-11.208
10.7219	-14.6962
9.06575	-10.9187
10.6128	-13.332
13.9884	-12.9368
10.6875	-13.7901
9.75129	-12.1558
12.3959	-14.9779
10.7055	-13.8227
8.96548	-14.0959
11.1011	-12.9679
11.0892	-14.531
12.0298	-11.9149
9.41521	-14.2921
10.0098	-11.5575
10.7485	-12.608
9.74752	-13.3744
9.12967	-11.6186
11.7988	-12.8426
9.63528	-12.962
9.89199	-13.8779
10.4988	-12.7046
10.7515	-12.0406
11.4706	-12.2965
10.3308	-12.8497
11.0441	-11.7096
11.2785	-14.4016
13.5359	-14.7149
9.84651	-14.6886
11.2653	-11.7095
12.0603	-13.9115
12.7551	-12.448
10.7696	-13.0697
13.5717	-9.88039
9.7899	-13.0536
11.6417	-14.1501
10.6264	-13.128
12.0875	-10.5372
11.6321	-13.147
10.4496	-13.8191
10.4917	-12.5267
10.6289	-13.7669
10.3955	-13.3143
11.2054	-11.9765
12.6309	-11.7925
11.0667	-13.4399
11.131	-11.4953
10.2477	-11.6512
11.9974	-12.7214
10.7975	-14.1998
11.7157	-14.8841
12.7409	-12.7735
10.1948	-11.5036
11.4241	-14.289
11.8704	-13.1727
9.49378	-12.4063
9.26938	-11.9433
11.0012	-14.5862
9.35169	-12.1846
9.96554	-11.6853
12.0135	-12.6447
9.78215	-12.8975
10.815	-14.6069
11.0043	-12.3018
9.60144	-13.7164
9.83507	-12.294
9.70305	-13.0508
11.0497	-13.0418
11.5389	-13.913
10.0494	-13.3891
9.52621	-13.3678
9.67435	-14.1709
10.1624	-13.0913
10.691	-14.6987
10.7164	-12.1971
11.2632	-11.8281
11.2749	-11.9236
11.5174	-14.8097
11.5276	-13.7608
10.0466	-13.4038
11.7273	-12.0826
9.65676	-13.3527
10.2801	-13.5528
10.9067	-13.4382
10.9686	-13.2553
11.6715	-12.3616
10.9874	-13.0842
12.1412	-12.0665
9.51671	-12.559
10.807	-13.892
10.1746	-13.3729
12.3895	-12.6065
11.0414	-12.8492
10.7247	-11.7455
10.4407	-12.6441
12.3852	-13.261
11.7746	-13.7439
10.1495	-12.3443
10.3142	-12.9284
9.46654	-11.8819
9.98166	-11.8035
12.986	-12.6357
12.7409	-13.3396
11.8162	-12.685
9.15888	-11.9482
11.4121	-12.7304
11.8168	-12.7391
9.77365	-11.2314
9.62063	-14.3517
12.9374	-13.52
10.0063	-12.8853
10.0636	-9.27194
11.9933	-14.1197
10.6032	-12.5879
9.55564	-12.5569
10.9514	-13.017
9.25767	-11.4024
10.7847	-13.6048
9.97773	-13.5217
11.4461	-12.4777
11.5098	-14.4933
9.12436	-12.6738
11.9115	-11.1972
9.77685	-13.0709
9.02658	-13.4761
9.81708	-14.9135
12.3562	-12.2633
11.7815	-12.8683
9.80796	-13.8359
10.8895	-11.3811
11.4759	-13.0348
9.82597	-12.3594
9.48902	-14.7325
10.5792	-14.2653
12.0287	-14.0405
11.3666	-13.0178
14.6525	-12.2806
11.0435	-12.5597
9.55177	-11.5873
10.9121	-13.1597
9.74789	-13.3565
10.2223	-12.3523
12.7872	-13.7423
11.6311	-12.3093
11.7381	-14.7861
11.8034	-11.0061
9.65925	-13.3278
11.9547	-14.3962
10.0006	-12.8486
11.5223	-11.662
11.9265	-12.2685
12.4441	-14.303
11.6488	-12.5275
10.6693	-12.9057
9.40325	-12.0229
11.2216	-13.9931
11.394	-14.0013
11.0963	-13.2171
12.8257	-13.241
11.4344	-14.8749
12.5585	-14.1394
10.8521	-13.158
9.86747	-11.8925
9.73201	-14.3645
12.0001	-13.6419
10.075	-14.3416
11.874	-12.2944
10.5013	-13.3716
11.8547	-12.2502
10.7882	-11.6336
11.2606	-14.8076
10.2843	-11.9524
11.8806	-14.1746
10.2675	-12.5338
10.7879	-14.7188
10.6615	-12.985
10.5737	-12.6606
11.6008	-13.792
9.65122	-14.0918
10.2759	-11.8325
9.90635	-13.7888
10.3991	-12.5979
9.34316	-13.1407
11.8907	-13.2773
13.3828	-12.4392
10.1235	-10.818
9.98522	-11.157
9.32826	-12.0538
11.1737	-12.3597
11.2206	-14.0063
11.7408	-13.8202
11.3293	-13.3359
10.8032	-11.9931
11.9773	-13.9881
11.4459	-13.57
9.97056	-12.8913
11.7676	-13.1505
10.9835	-11.6588
11.2752	-11.2694
9.05031	-13.4169
11.4647	-12.262
12.3111	-13.1038
12.6391	-5.9536
10.807	-13.5459
10.9163	-14.1529
12.0336	-13.1021
10.1441	-12.3876
11.7739	-13.3589
12.2437	-13.6463
9.49356	-12.8709
12.1618	-12.918
12.1945	-13.0371
11.4809	-14.1164
11.0672	-13.8964
8.85512	-11.802
12.9172	-12.9462
9.44343	-14.2563
13.7811	-12.5504
10.0689	-14.2354
11.3882	-12.3872
11.2709	-14.6417
12.6084	-13.239
10.2727	-13.5748
10.2254	-12.4775
8.92859	-12.0607
10.7929	-12.4532
11.2311	-13.8456
10.7366	-10.7764
10.5631	-14.5553
10.5659	-11.5729
9.70929	-13.9177
10.2307	-12.9763
10.102	-13.6186
10.929	-12.2972
11.3337	-13.4787
10.4777	-12.5066
9.14744	-13.2738
9.56568	-14.3649
10.2338	-12.593
13.1406	-12.5112
11.3505	-11.671
11.4147	-12.2913
13.0702	-12.8154
11.9483	-12.8017
10.7631	-13.6938
11.4043	-11.9171
12.1493	-12.4681
10.0715	-11.3868
9.0147	-11.4267
10.1251	-12.9269
11.0787	-14.1103
10.0185	-13.7562
9.5479	-14.0536
11.2449	-13.7382
10.1278	-13.249
12.6152	-12.6415
12.1144	-11.2682
11.5742	-12.7061
9.93941	-14.5894
10.5392	-12.449
10.5031	-12.6879
10.8181	-12.3385
10.3398	-12.5687
11.5906	-13.4685
9.78846	-13.1983
9.12969	-12.8928
12.1067	-12.7592
10.0176	-13.9213
9.68133	-12.4987
13.2777	-13.5795
13.9359	-11.587
11.9101	-12.1009
11.6377	-14.1561
10.5059	-11.059
11.4869	-12.3946
11.3794	-14.3404
11.4456	-14.848
11.6796	-13.3532
13.5203	-12.9857
10.7571	-13.9671
9.07825	-12.6629
10.0614	-13.019
11.8175	-14.4476
10.5498	-14.2889
10.1644	-14.6664
8.95376	-12.9943
13.2009	-14.7528
9.92251	-13.9242
9.92052	-14.6085
11.6686	-14.3535
11.0547	-14.8896
9.51715	-13.8951
10.6441	-13.7955
11.707	-13.3909
11.3586	-14.1952
10.7512	-12.8973
10.3728	-11.1017
10.5985	-13.9491
11.0587	-14.745
10.4685	-13.5806
10.2096	-12.9518
10.9444	-10.137
11.7093	-12.3386
9.86649	-14.1925
12.0195	-12.8702
12.5884	-10.8685
10.1128	-12.4737
11.2894	-14.5795
12.3977	-12.6191
9.83868	-10.5874
12.2457	-13.2501
11.0525	-13.1663
9.81918	-12.0853
10.6449	-13.1535
9.73067	-12.6903
12.7068	-13.2031
9.84734	-11.807
10.2035	-11.9401
9.68297	-13.7563
10.7297	-14.2713
13.8742	-11.8206
9.62966	-12.7614
10.6469	-12.8455
9.81759	-14.639
10.6613	-12.4968
10.9779	-13.0066
12.3478	-11.2302
11.1006	-11.3696
11.7291	-13.7404
11.1941	-12.0125
12.2193	-13.8788
11.3806	-14.0638
9.79209	-14.1064
10.4141	-13.1618
12.6797	-14.1692
10.9636	-13.2507
9.18849	-12.9469
11.0219	-14.2929
10.2499	-13.469
10.3444	-13.2935
9.30043	-14.8725
12.3863	-13.275
12.3185	-13.1479
12.2706	-13.9078
10.9487	-14.7059
9.75566	-13.0099
9.84425	-11.3061
11.2918	-13.326
12.2652	-13.879
9.81368	-12.2717
11.3967	-13.2576
11.1646	-12.5299
12.1769	-13.1486
10.4854	-14.699
10.2305	-14.6343
11.9594	-12.9913
9.99582	-13.0281
9.78483	-13.5454
10.0241	-12.3771
9.93433	-14.0286
12.6486	-10.5099
11.633	-13.3285
12.4533	-13.1224
10.7155	-11.6958
9.64023	-13.9159
11.2069	-10.12
9.87898	-12.8023
10.3028	-14.7442
12.8587	-13.6483
10.6592	-12.9503
11.3155	-13.0461
11.6608	-14.2003
10.6924	-13.0649
11.9569	-12.6018
11.3981	-13.4066
11.1672	-14.3335
11.3424	-14.6674
11.8739	-14.4411
10.2512	-13.4257
11.2985	-10.4104
13.6573	-14.0284
10.0845	-12.7384
10.3037	-12.0852
9.49562	-14.1644
9.43427	-12.7917
11.1042	-12.8657
11.1148	-11.8333
10.8433	-13.8265
9.22531	-13.3591
9.23611	-13.2936
10.688	-12.8628
13.8019	-13.0536
10.3941	-14.1983
12.2776	-14.287
10.0031	-13.9751
9.76975	-13.9847
11.2601	-14.7282
9.41015	-12.8685
11.9906	-13.0082
11.5389	-12.8584
11.5683	-12.5894
11.4919	-12.3059
11.86	-14.3396
11.8324	-13.1914
11.6691	-12.8557
9.08179	-13.1821
12.5877	-10.6599
11.4809	-13.7409
9.70045	-12.0747
9.78976	-11.8691
10.2713	-12.6824
9.80265	-12.2983
12.1187	-12.5756
10.9098	-12.7082
10.2125	-12.9275
11.5092	-12.5122
10.9495	-12.8234
10.965	-12.2638
10.4661	-12.0028
10.1859	-11.7073
11.672	-12.6949
11.5669	-11.329
9.40534	-13.751
10.9541	-12.1358
10.2169	-14.8981
9.87762	-11.7607
10.5267	-13.8924
10.719	-12.5976
13.6494	-13.5782
11.3853	-12.2155
10.1595	-12.6308
11.7564	-13.6171
9.28772	-14.2136
10.8474	-12.5104
12.8603	-11.2567
10.3121	-13.2001
11.5227	-12.165
9.29285	-12.7038
12.4558	-14.9407
12.0962	-13.6057
9.33073	-13.1236
10.3565	-12.5208
11.0406	-11.5366
9.1907	-12.3514
12.5741	-13.0781
12.8521	-12.012
10.8799	-12.9585
11.1237	-14.7111
10.4907	-12.7328
9.72984	-14.5699
13.0544	-13.528
11.0934	-14.3507
11.9503	-11.7701
10.6671	-11.9237
9.48572	-13.4117
11.4142	-13.1952
11.4969	-14.0888
10.693	-14.297
11.6875	-13.1226
10.1972	-14.1842
11.8572	-13.4823
10.1269	-12.1011
12.1455	-14.8539
9.25902	-12.9426
10.1242	-14.9646
10.5275	-14.1243
10.3333	-12.0996
11.5013	-14.3562
11.28	-14.4704
12.0635	-11.0175
9.74006	-12.3108
11.4185	-11.3143
9.35405	-13.4147
12.1899	-13.4629
10.1739	-11.6198
12.8046	-12.8175
11.7885	-13.4367
10.8079	-11.6473
10.2669	-11.9937
10.662	-12.557
8.91134	-12.1755
11.46	-14.8053
9.77854	-12.4127
11.6417	-12.4464
11.1228	-11.7877
10.2091	-14.7021
9.64938	-14.7167
11.0646	-12.3649
14.4268	-2.71952
10.7972	-13.7689
11.131	-14.8594
11.0709	-13.2646
11.5745	-13.9788
10.8861	-12.3436
11.3305	-13.5517
10.2368	-14.6665
11.6038	-12.4799
10.503	-11.3465
11.9122	-13.378
11.3107	-12.3721
9.57734	-11.7159
11.9593	-14.5732
11.8174	-12.9842
9.78252	-14.7512
10.0472	-13.29
10.37	-12.3457
10.7126	-11.8991
11.2029	-13.9433
11.7324	-12.0252
11.2075	-13.9431
11.9361	-13.5752
10.6566	-14.2418
9.42474	-8.08818
9.70846	-13.1456
10.4451	-13.6921
8.97957	-12.8212
11.5888	-13.4279
11.5419	-13.5069
10.8906	-12.5563
10.3428	-13.544
9.98724	-10.9669
12.4719	-13.6934
11.662	-12.3222
10.2643	-14.2355
10.7682	-12.2186
10.9686	-14.1402
11.6274	-13.5284
9.97662	-12.8095
9.28753	-13.5737
11.3796	-14.4992
11.679	-13.6885
12.6083	-13.0119
9.2169	-12.9242
10.5023	-11.7511
10.5777	-13.136
11.3383	-14.4267
12.9725	-13.7145
10.1392	-11.5168
13.1068	-13.5565
10.8605	-12.8222
11.2631	-14.8644
10.485	-12.4598
10.5236	-14.0519
11.7176	-14.9033
9.76475	-14.6885
11.9169	-11.8691
11.0527	-12.1997
9.99853	-12.5564
10.2687	-12.7086
10.2691	-12.8068
10.1719	-12.0078
10.5013	-11.4334
10.8149	-14.6574
11.2537	-13.5839
11.7198	-14.3996
9.21393	-12.2953
9.67111	-13.8238
12.559	-12.7843
10.6493	-12.6645
11.7709	-12.4403
11.4199	-12.2315
10.0785	-11.9653
10.8133	-14.5445
9.66192	-14.236
13.6867	-12.7994
9.73341	-13.2768
11.7051	-13.4284
12.117	-12.4478
11.4114	-12.3708
11.2949	-14.4137
10.9372	-13.0694
10.4599	-13.7073
9.74648	-11.1405
10.7155	-12.1022
11.8844	-13.1121
10.2601	-9.62245
11.333	-13.9728
10.202	-11.6792
10.1669	-14.7215
10.093	-11.7046
12.5629	-14.9707
11.687	-13.075
11.6579	-10.7465
11.3066	-12.5624
10.5006	-13.1271
11.6983	-12.9371
12.0203	-14.4598
13.4542	-13.0446
10.4747	-11.9961
12.0803	-13.7481
12.9083	-13.7209
10.5323	-13.0771
11.2369	-13.7803
10.0878	-14.8131
9.19509	-14.3352
11.659	-13.1333
12.1538	-11.4618
11.8237	-14.0067
11.4935	-13.2858
10.6183	-12.9511
10.081	-12.3193
11.2522	-13.972
10.1916	-12.6438
10.9414	-12.6581
13.4843	-13.5686
9.28043	-13.5032
11.2498	-12.9392
10.8041	-14.7476
9.65313	-13.4369
12.4752	-13.6129
9.73741	-14.0163
11.4645	-14.6162
11.0202	-12.9805
10.0356	-14.5583
10.5086	-12.7768
13.655	-14.9225
9.23295	-13.9165
11.5262	-12.7055
10.0882	-14.8078
12.656	-13.4747
10.4221	-13.8288
12.3305	-13.3599
12.556	-13.2325
11.4333	-11.6259
11.419	-13.2236
10.1873	-13.3317
9.28215	-12.197
10.9198	-14.1067
9.11218	-13.4384
11.6124	-12.1439
9.07709	-14.3947
11.0802	-13.1967
9.62382	-14.3468
9.82702	-12.3501
12.6657	-12.5823
11.6712	-11.8707
10.3508	-14.6053
10.8339	-13.1742
10.7317	-13.3859
9.19995	-14.2959
11.8963	-12.2903
10.8149	-14.9713
9.50787	-13.5561
12.1155	-12.9205
13.0403	-11.0929
10.6207	-13.6191
10.3207	-13.9107
11.398	-12.2332
9.31791	-12.3956
10.924	-12.9105
10.7434	-13.6365
9.10745	-11.75
12.2913	-11.9607
10.7113	-12.9175
11.7499	-14.2753
12.9715	-12.0859
11.7646	-14.2994
11.2958	-14.2259
11.0349	-14.1307
11.024	-11.0015
9.88902	-12.6777
10.4676	-12.4733
8.85183	-12.9144
11.9474	-12.9352
9.24472	-13.0177
10.2499	-13.5015
11.6042	-14.0105
9.52614	-13.4149
10.366	-13.4297
11.3186	-12.3208
11.7944	-13.365
9.54809	-14.7483
10.6235	-13.6551
11.7742	-13.8838
10.5362	-13.5397
11.2305	-13.1258
10.8964	-13.1536
10.628	-12.8999
11.6665	-14.091
11.0693	-14.7918
10.2622	-13.5086
11.6676	-13.2117
11.2761	-14.1986
13.2416	-14.1441
10.7114	-14.8364
10.1895	-11.8057
9.69703	-14.7691
11.1901	-12.3751
10.0556	-12.8737
12.2844	-14.5639
10.6085	-12.2518
10.5995	-12.7796
10.1951	-11.3411
10.9368	-13.5882
10.5378	-11.3327
9.33376	-12.9419
11.4455	-13.1228
11.5067	-14.3476
11.2843	-12.6849
10.7777	-14.2571
11.2422	-13.4474
11.5925	-14.0043
12.0659	-13.9852
12.6589	-14.9361
8.89677	-12.4984
12.2889	-13.5108
10.2796	-14.779
12.4466	-11.1942
11.1806	-13.6419
11.6611	-14.4454
11.6489	-12.7023
11.0744	-11.791
10.7764	-11.6392
10.2504	-13.836
11.0931	-14.0433
11.951	-14.2388
11.9146	-12.3484
11.3118	-12.8969
10.9548	-12.6809
10.3383	-13.6878
11.68	-14.3375
12.1616	-13.1789
10.1112	-13.5841
11.3714	-14.3185
11.0016	-12.4305
9.56265	-11.7913
12.1803	-14.1995
11.5354	-14.8549
10.7236	-14.1889
10.4401	-12.8278
10.7786	-9.61989
8.77545	-12.8145
9.15847	-14.4171
11.1477	-12.8439
9.50226	-13.805
10.1593	-14.4486
9.22337	-14.8551
11.842	-14.5979
8.98427	-14.5192
9.29031	-12.4181
11.1459	-14.6984
8.9688	-11.9197
10.3076	-13.6009
9.70973	-11.2042
11.9446	-11.7192
9.4459	-13.8591
10.4257	-13.3826
12.0047	-14.6395
11.3872	-13.2687
12.5787	-13.0163
10.7957	-12.5877
9.46066	-13.5604
11.5598	-12.9533
9.73253	-12.1924
11.3902	-13.992
11.9556	-12.3855
11.7732	-13.2948
9.89892	-13.4153
10.3457	-13.6625
11.7609	-13.1913
10.2987	-13.0014
11.3404	-14.3621
11.5327	-13.8827
11.0604	-13.8391
9.86539	-13.1446
11.0242	-14.0888
11.5813	-13.8726
10.8337	-14.5229
11.2296	-12.9902
10.5255	-13.2399
11.623	-13.1525
9.6137	-13.0069
11.0144	-14.6973
9.65213	-14.7135
12.0172	-13.135
12.5078	-11.4081
11.5398	-14.111
9.7731	-14.9228
11.779	-13.3632
9.55897	-13.2318
11.7577	-12.7997
10.3322	-14.687
10.9353	-12.0116
11.1776	-14.771
9.58022	-13.619
10.1859	-11.5659
10.5196	-11.716
11.6754	-14.6748
10.7142	-12.946
11.9232	-14.5635
9.59097	-13.618
10.7748	-14.6912
10.3702	-12.9992
11.6314	-14.3795
9.90629	-12.24
12.4404	-12.557
11.0661	-13.4463
9.94981	-14.1493
10.0926	-13.7063
10.6424	-13.7376
11.4285	-12.3502
11.5946	-12.3217
11.4422	-13.1566
11.778	-13.2841
9.62298	-13.6332
8.83054	-11.8777
9.40331	-11.8255
10.0814	-13.0423
12.2696	-13.2488
9.82801	-11.7626
12.3947	-12.8367
11.3376	-11.2157
10.5181	-14.191
10.6762	-12.6491
9.27905	-12.9956
12.8586	-13.4237
8.96287	-14.1067
11.52	-14.248
8.90242	-12.9226
10.2679	-12.4232
9.39283	-14.0652
11.6016	-12.2514
9.90883	-14.697
10.8303	-12.6793
11.0334	-12.7062
8.82782	-13.6982
10.3978	-12.1185
10.7672	-12.2421
10.0269	-11.454
9.06335	-12.199
11.126	-14.7778
10.9403	-13.8216
10.7079	-12.4583
9.72842	-12.0908
10.6112	-12.6033
11.1899	-10.2335
11.8192	-14.6055
11.4336	-12.5404
9.2073	-12.4372
13.004	-12.3029
11.6821	-13.7398
10.1997	-13.8747
12.3931	-13.5157
9.14994	-11.6134
11.2985	-12.8978
9.49498	-11.8247
12.427	-12.0848
10.4159	-14.0153
12.9644	-11.8455
11.152	-14.118
11.4963	-13.9476
10.0174	-11.8025
9.65457	-13.3053
11.605	-10.5481
10.7144	-11.9698
12.2922	-12.5403
9.06183	-14.8451
9.36489	-11.8415
9.25942	-13.4645
12.0781	-12.4421
12.6511	-14.9741
10.3932	-11.0895
11.3711	-13.861
9.98308	-12.9412
11.9728	-12.2961
12.0385	-13.505
11.4762	-12.2235
9.38129	-12.1542
9.38573	-11.6136
10.4763	-13.416
11.5064	-14.7869
11.2965	-13.453
11.6487	-12.8296
11.541	-12.3613
10.3921	-13.1124
10.0902	-13.8851
11.0327	-12.1344
11.3418	-13.177
11.1278	-11.9265
12.6514	-13.1623
10.7383	-14.6489
11.9989	-12.1847
10.8082	-12.1507
10.5486	-12.4679
8.80059	-12.8599
9.61085	-11.8937
12.0904	-12.991
10.9969	-12.0984
10.4349	-11.5483
8.90742	-12.5112
9.68078	-14.2849
12.1292	-12.2192
9.889	-11.964
11.9529	-11.8584
11.4298	-12.0284
9.97105	-13.996
9.60396	-13.5212
11.1076	-14.3214
9.11056	-13.0326
10.4938	-12.0221
11.0689	-13.8244
9.71351	-10.0585
11.6504	-11.9446
10.0357	-13.097
10.5217	-9.92054
12.9265	-14.0045
10.0505	-12.0171
10.2437	-13.2109
11.3674	-12.8077
12.1545	-14.5429
9.57018	-13.7298
11.4414	-14.6692
9.43404	-14.2523
10.0333	-11.8749
10.8538	-12.1319
10.4949	-12.3748
10.0958	-12.0084
10.8888	-12.5212
10.5322	-13.0987
11.2235	-13.6977
12.1318	-11.5612
11.1795	-14.1389
11.7127	-11.7569
11.0361	-13.6788
9.76513	-13.8648
12.6913	-13.3158
11.1157	-13.5617
9.80655	-12.3223
11.8611	-11.8218
13.2213	-14.948
9.96612	-11.7717
10.2046	-14.1414
10.9951	-14.7715
10.772	-11.0004
10.3787	-12.2203
10.6834	-12.3188
11.9957	-12.061
10.182	-13.8207
12.3422	-13.7842
11.2754	-13.0102
9.29096	-14.5236
13.383	-13.5166
11.7985	-13.4877
10.6893	-13.6111
11.9473	-14.2869
10.9377	-12.2397
11.8584	-12.1154
11.7452	-13.8793
10.6394	-14.298
11.9489	-12.938
9.1762	-12.4741
11.7886	-13.3312
9.58263	-12.7028
8.84705	-14.5479
11.2015	-14.2923
9.89222	-14.7968
9.30579	-14.4744
13.113	-14.9377
11.3239	-14.4219
10.321	-12.1908
11.7096	-13.6179
11.3894	-14.2903
13.7604	-14.7119
11.9009	-13.3006
9.77223	-12.3789
11.5771	-11.6801
10.7723	-14.0264
11.2773	-14.8507
9.16112	-14.3537
11.5741	-13.8583
11.5521	-13.0242
12.0006	-14.3039
11.2931	-13.0318
11.4048	-14.6087
10.3008	-11.0326
12.0874	-13.6298
10.4585	-12.0404
11.0166	-13.1595
12.6394	-12.1312
9.77567	-13.0524
13.1111	-12.6824
10.4741	-13.4932
11.5201	-13.6234
9.15283	-12.6978
11.7228	-12.4589
12.5322	-14.0162
10.9097	-12.1876
12.1627	-13.462
12.7996	-12.4962
10.2596	-11.5373
10.0906	-12.5405
10.2408	-14.4611
10.5952	-8.46651
10.3312	-11.0965
9.72856	-14.1725
12.7308	-13.7293
11.0992	-10.9196
11.1119	-13.4194
10.6057	-13.4509
9.34725	-12.4586
10.3654	-13.4539
10.0932	-13.4312
10.7179	-13.1397
10.2902	-13.8643
11.3799	-13.6975
10.3423	-13.3597
12.1116	-13.4885
12.0672	-14.934
9.78629	-12.9054
10.1329	-13.2126
11.787	-13.2621
11.869	-13.4711
10.881	-13.3713
12.3634	-12.527
9.30236	-14.39
9.4859	-14.086
12.3696	-14.1469
10.2939	-11.9237
10.5882	-12.5543
10.1433	-13.1535
9.29212	-12.9843
9.35735	-13.269
9.58926	-13.4011
9.407	-13.4088
11.2345	-12.6116
11.4034	-13.083
10.1779	-12.1995
11.5415	-14.0966
9.89847	-12.2079
10.4436	-13.7167
11.7451	-12.5763
12.1404	-12.8666
9.7773	-13.3452
8.91904	-11.2831
9.71503	-12.7223
12.5403	-13.9435
9.61604	-12.8082
11.7765	-10.9578
14.0941	-12.9754
11.3855	-12.2154
11.4393	-12.8997
9.64031	-12.4944
12.3223	-14.6862
10.7202	-12.5282
10.0909	-12.1385
11.9171	-13.9133
10.0612	-14.129
10.4375	-13.3954
9.32606	-13.478
12.1927	-12.0598
9.35428	-14.2463
11.2527	-13.2043
11.6869	-12.2356
11.2211	-12.923
12.3549	-12.1383
11.143	-13.1004
10.9528	-13.8886
11.6583	-12.0503
10.6478	-11.7108
10.9522	-12.026
9.98728	-11.8798
11.0408	-12.1199
11.4633	-11.7103
10.4008	-13.6575
10.2388	-11.4041
10.6061	-12.9072
10.6484	-11.6847
10.6068	-14.7451
11.0534	-12.4606
11.0792	-13.9269
12.1579	-11.8957
11.1627	-13.4873
12.5923	-10.4826
10.2347	-11.3821
10.387	-14.0131
12.1431	-12.5131
9.71334	-12.3505
12.5644	-13.8236
9.73759	-13.2628
12.5115	-14.0816
10.9141	-12.6274
12.2438	-14.725
11.4999	-13.6998
9.57927	-13.0077
11.4571	-13.8957
10.5273	-14.4974
11.7632	-14.6543
11.6998	-14.3395
9.22724	-13.3006
13.3956	-13.6352
10.0922	-14.9068
10.1524	-13.5817
10.9452	-13.5556
9.97411	-12.0368
11.941	-13.9735
11.3615	-12.2147
10.5564	-13.0682
9.50636	-14.4509
9.90248	-14.3702
10.1329	-13.295
10.4034	-12.4639
11.6419	-12.626
11.7606	-11.6169
10.2395	-13.419
9.65003	-14.7676
11.0645	-14.1826
12.0335	-13.3363
11.2103	-12.7052
11.6165	-12.6015
11.9074	-14.832
11.2889	-11.5916
10.4038	-12.7828
11.3122	-12.3004
10.1952	-12.7054
12.4875	-14.6961
12.7918	-13.314
12.8244	-12.5926
11.3307	-12.7919
10.8725	-13.4424
9.87951	-13.6634
11.204	-10.6854
9.99432	-13.813
11.7172	-12.2651
10.1427	-12.8697
10.8347	-13.5767
11.2967	-14.8626
9.62765	-11.8639
9.3535	-14.8422
10.616	-13.7233
11.4992	-14.8062
12.1281	-14.7811
10.3768	-13.2522
11.6848	-12.6065
10.1557	-14.4087
11.3855	-12.331
9.73584	-10.8077
11.1297	-14.8274
11.0031	-14.1577
9.78283	-12.4339
11.7049	-12.3904
11.5771	-12.7149
10.9717	-13.0056
9.57429	-12.6614
13.0493	-14.1765
10.7187	-13.2929
11.8142	-12.578
10.742	-14.432
12.846	-14.9375
10.8668	-12.6037
11.0066	-12.8717
12.8664	-12.5283
10.9647	-12.1669
12.9053	-11.9696
10.627	-11.8368
10.7631	-12.499
10.5197	-13.5978
8.87587	-11.7952
11.3571	-13.4283
11.6813	-13.1969
10.5772	-14.2261
9.77472	-13.0307
12.8823	-11.9087
10.9987	-14.863
10.029	-12.9411
9.91894	-13.9271
10.0518	-14.9757
12.0378	-13.2053
10.6369	-11.6068
9.63093	-11.0775
10.5135	-13.4386
11.8951	-12.8597
11.7623	-12.2558
11.3478	-14.7184
10.0618	-13.3682
10.2832	-13.5818
9.87019	-14.6829
11.2033	-14.3029
10.9622	-12.3502
9.52134	-11.9118
10.3025	-12.6252
13.9446	-13.279
11.2351	-12.4347
11.2585	-14.0637
10.7864	-14.3039
11.4005	-11.9915
10.228	-13.4115
11.4287	-13.6588
9.21349	-12.8135
11.1939	-13.8302
10.8953	-12.1835
9.62063	-11.7105
12.8086	-14.5335
9.29303	-13.6049
9.88539	-14.098
9.37951	-12.4027
9.6583	-11.7232
10.2894	-13.2936
12.1398	-13.3797
10.9413	-13.5614
12.8671	-12.3208
9.87379	-12.2135
11.0121	-11.7769
10.9009	-12.6312
9.2125	-12.6977
9.88666	-13.0103
11.8729	-13.9035
10.5644	-12.7766
12.0544	-13.2669
11.2041	-12.7653
10.549	-12.6568
11.6199	-9.9742
11.9723	-12.5774
12.6236	-12.8564
9.61077	-14.5374
12.5941	-11.011
10.8717	-12.2832
9.36116	-13.0852
10.3271	-13.5629
11.1828	-11.8495
11.4036	-13.9772
12.1964	-14.0004
10.7457	-14.0575
9.7525	-12.8026
11.3807	-12.392
11.3945	-12.4889
11.8048	-12.7279
10.145	-12.8782
10.546	-12.8218
10.8009	-11.9121
9.73942	-12.7617
9.64226	-14.4853
10.6412	-12.5694
11.7607	-14.8239
11.6233	-14.1001
11.9089	-13.1065
9.63803	-13.7019
9.31891	-12.1619
10.8108	-13.9467
10.853	-12.7467
10.8557	-13.4879
12.5151	-12.6823
9.59264	-14.3749
11.7044	-14.2122
8.92475	-14.0411
10.7974	-12.6438
11.4044	-13.2353
10.5416	-13.0368
9.78242	-13.548
12.3815	-14.0594
10.2575	-11.077
11.2048	-13.8856
10.0082	-13.7213
11.0256	-13.7639
9.49226	-13.7218
11.3387	-14.2676
9.61265	-12.0891
10.6008	-13.8355
11.3866	-13.3314
10.5395	-11.2206
10.8199	-13.6242
9.8435	-13.8324
10.0265	-12.2898
12.126	-14.9128
11.5739	-12.58
12.1584	-12.9027
10.5093	-14.5242
11.2874	-11.4033
12.8572	-14.2979
11.9116	-12.4069
11.7909	-13.0053
9.87125	-14.6083
11.1254	-13.9795
11.9506	-11.7347
11.1407	-13.4845
10.291	-12.2425
9.52546	-14.2645
10.2084	-12.4861
13.4179	-14.1822
10.6779	-13.0833
9.18514	-13.7923
9.69818	-11.6391
9.42692	-14.1154
9.93818	-12.2165
9.30015	-11.7679
11.729	-10.5299
12.188	-11.109
11.2287	-14.2228
9.92559	-14.1955
12.3635	-14.0495
11.0814	-11.9532
11.1765	-13.0968
13.0995	-11.6526
12.7881	-14.3503
10.7097	-14.63
11.3638	-12.6083
9.81261	-10.793
10.1379	-14.315
11.5348	-12.2296
10.386	-11.6549
9.6573	-11.4305
10.8803	-12.9345
9.1872	-12.7374
11.9066	-13.6483
11.8352	-11.4855
11.9656	-13.4539
10.3876	-13.1503
9.90343	-13.4927
9.57961	-13.4708
10.8583	-12.8076
9.14397	-13.2569
9.86197	-13.0354
9.76223	-14.8242
11.0602	-13.7541
10.2688	-14.212
9.05926	-12.2433
10.3776	-13.726
10.513	-11.305
10.9684	-14.8864
11.2961	-14.0897
10.6775	-12.7641
10.5108	-12.929
11.5973	-13.0742
11.5323	-14.0517
11.2488	-11.4322
12.4635	-12.9935
10.3421	-12.9079
11.6114	-12.4134
12.4274	-13.3274
11.5938	-12.0305
10.9232	-13.3717
11.0116	-14.464
9.01174	-13.8436
11.3999	-12.7964
11.8661	-12.8403
9.88664	-12.5868
13.8034	-14.2603
10.4272	-11.7794
12.1666	-11.5211
10.2711	-12.3173
10.0697	-11.7999
9.97926	-11.3083
12.0543	-13.7917
8.98434	-12.0606
12.803	-13.0838
10.8466	-13.1711
11.5268	-10.5421
13.4145	-13.0492
11.1364	-14.9375
11.4184	-13.0587
12.0908	-13.0184
10.6648	-14.96
11.7843	-14.9185
9.63766	-13.1531
11.929	-14.5348
10.9523	-12.8669
11.9225	-12.8934
11.2995	-12.4796
8.97155	-12.9176
10.6918	-12.6034
10.1912	-12.9835
10.7932	-13.4935
11.9084	-13.0702
11.9267	-12.4591
10.5969	-13.9965
11.2041	-13.2455
11.6354	-13.9093
12.5275	-13.8529
10.6734	-13.812
11.2413	-13.7636
10.3743	-13.0996
10.3135	-13.866
10.073	-13.8888
10.7639	-14.1067
10.86	-13.9414
11.4351	-11.685
9.84547	-13.0946
12.2291	-13.2661
10.6034	-13.0001
11.7204	-10.6722
9.12294	-13.7196
9.83955	-14.5442
11.7371	-13.147
10.5411	-12.9514
11.8749	-12.7014
10.409	-13.6344
11.713	-13.18
10.9645	-14.3942
13.1577	-13.8588
9.10952	-14.6568
9.84001	-12.4517
9.28841	-13.0205
10.3086	-10.858
10.7215	-13.6145
8.94107	-11.1908
13.7164	-13.0001
12.7542	-13.9415
10.8154	-13.7847
10.9999	-13.2406
12.2526	-13.4484
12.1506	-11.9244
10.5306	-12.4051
10.3347	-14.2821
11.3513	-14.9156
11.6616	-14.1948
13.1103	-12.4304
11.6494	-14.546
10.6845	-13.1456
10.6018	-12.7797
11.3378	-13.0626
12.0325	-14.5869
8.9625	-13.9227
9.38344	-10.5365
10.0632	-13.911
11.4105	-13.4358
11.8117	-13.6807
11.3905	-11.7623
10.3688	-12.2536
10.8737	-11.7645
11.6866	-14.5422
10.7992	-14.6598
10.803	-14.911
10.7724	-13.2666
11.5005	-14.5139
9.92938	-13.8325
10.7044	-12.5567
12.0449	-12.0687
11.6597	-14.259
10.373	-14.4513
9.98588	-14.8252
10.2052	-13.4487
9.13426	-13.392
11.0976	-13.6669
13.0543	-11.9771
9.70328	-13.6185
10.223	-14.7664
11.1044	-14.2816
11.2644	-14.4993
12.6411	-10.7454
10.6121	-13.1986
11.0037	-11.7164
11.3168	-14.0341
9.54757	-13.2759
13.9421	-4.78696
12.6416	-11.8234
11.0234	-12.4065
11.1121	-14.5253
10.9579	-13.4898
9.39235	-12.7994
10.8221	-12.2019
10.6973	-11.5353
9.91236	-11.6274
9.93277	-14.3844
10.8696	-11.4031
10.3048	-14.192
11.0991	-13.3172
10.2267	-14.1923
9.2562	-12.8721
11.5391	-12.9477
11.0556	-14.1068
11.6329	-13.1404
10.7663	-10.7879
9.50824	-13.0861
10.1829	-14.2387
12.3781	-12.9015
11.2609	-12.6462
11.9224	-11.6735
9.43435	-13.1589
11.8722	-14.2689
10.4985	-12.6597
11.6017	-12.1415
8.94232	-13.2402
11.0259	-11.0439
10.0663	-13.9985
10.2845	-14.386
9.55671	-14.1276
11.5859	-14.595
14.1308	-14.0305
11.2723	-13.3614
10.4041	-12.2563
9.79549	-13.0695
9.61925	-13.8174
11.2067	-13.5054
13.9846	-13.9397
13.2475	-13.0594
10.0731	-13.4017
11.5689	-14.5092
11.8833	-12.4699
11.3436	-14.1232
11.5427	-13.8788
12.1022	-11.9334
10.0083	-13.5735
12.9235	-12.3875
11.1425	-14.4254
11.356	-11.6135
10.1435	-14.8458
9.07574	-13.8201
12.1531	-12.351
10.9805	-14.5787
10.0319	-13.5229
10.8992	-14.3325
10.8787	-12.5164
11.2497	-12.6358
10.2801	-12.9159
11.9926	-13.1406
11.6839	-14.7513
12.5533	-12.9797
10.4919	-12.2558
11.7866	-12.6314
10.596	-12.6305
10.4754	-14.9883
10.5816	-11.7029
11.1836	-12.7974
11.182	-14.1427
10.6056	-13.011
9.44229	-12.5118
9.52285	-12.9692
10.6202	-13.8414
13.3811	-13.5728
11.0484	-13.114
10.7868	-12.5728
12.7638	-11.1975
11.5825	-12.3899
10.7316	-11.8468
9.09924	-12.5688
12.7214	-12.6162
11.6977	-13.4505
11.8347	-13.1312
10.105	-14.0983
11.3148	-12.3407
9.93531	-14.233
10.599	-12.46
11.8723	-12.0999
11.8195	-13.814
9.53767	-12.5935
9.2629	-13.3826
10.399	-14.1003
11.2961	-13.0981
9.47072	-12.4146
10.4335	-14.0053
11.4865	-12.9023
11.2882	-12.7225
11.1229	-11.1102
9.00402	-12.4196
11.9524	-13.6045
9.82649	-12.3451
9.46823	-12.6969
11.515	-12.4966
10.9731	-12.1325
10.5916	-12.4809
13.1337	-14.3584
10.4978	-14.2643
9.48146	-11.8953
11.6792	-12.7056
11.2666	-13.8743
12.4021	-11.9029
11.3986	-14.7985
9.04668	-13.7852
10.9326	-13.6109
10.4565	-14.0294
11.68	-13.2644
9.96404	-12.9911
10.4079	-11.94
9.07037	-13.1984
9.4467	-14.1382
11.8351	-13.7377
11.0184	-12.2361
11.2703	-13.9537
10.8795	-12.4828
13.6766	-12.9478
10.4908	-13.9903
9.72312	-12.8017
13.0516	-11.3561
12.4023	-14.1129
10.4287	-13.546
10.3058	-12.5816
10.6188	-13.5856
10.0667	-12.5103
10.4369	-12.2907
10.7566	-12.9905
9.97197	-12.8355
9.65208	-14.5137
12.0817	-12.4554
12.3351	-14.622
10.0353	-14.4593
11.109	-7.6672
12.2629	-12.1665
9.81845	-11.7254
11.1028	-13.8587
12.0254	-12.609
10.3112	-13.5831
11.0221	-11.4642
9.38459	-14.9499
9.50855	-13.58
13.0894	-11.1744
10.2095	-13.1038
10.5717	-14.3272
11.8366	-14.7384
10.2638	-13.9206
10.4401	-11.974
11.5445	-13.0646
9.45666	-14.8016
11.3243	-13.7624
13.0956	-13.2944
11.5014	-14.8607
9.98686	-13.2489
11.7432	-13.3336
10.5696	-14.0716
10.7842	-13.9701
11.3468	-12.657
10.1252	-12.828
11.907	-12.7954
12.302	-13.0481
9.536	-14.2471
9.64478	-13.1818
12.9712	-12.8908
10.9408	-13.6287
11.9231	-13.3178
10.0444	-14.2464
10.5224	-13.9381
10.7516	-12.4569
11.838	-14.0178
11.8336	-13.8859
11.2039	-12.6072
12.2146	-12.6586
10.5053	-12.7091
11.7965	-11.8241
11.3761	-11.8724
12.0553	-14.39
10.8874	-12.1559
12.8405	-14.9849
10.1966	-12.609
8.91564	-11.7237
10.4233	-14.5425
11.6325	-14.2176
11.2737	-12.6695
9.87648	-14.4368
12.0808	-12.6284
10.4455	-13.2998
11.9277	-14.7395
9.85643	-13.2396
11.503	-12.8056
11.8344	-14.9169
10.9175	-13.3423
9.05478	-13.5895
9.21368	-14.3396
11.7775	-14.8791
10.922	-13.2353
11.6708	-9.08416
13.0513	-9.66814
12.1914	-10.5984
11.196	-11.9699
11.0979	-13.4375
10.4434	-13.4169
9.91754	-12.7828
11.4706	-11.0231
9.07577	-13.8449
10.9083	-14.9617
11.0652	-14.8505
11.1424	-13.2677
11.6014	-12.9273
9.84742	-13.299
9.07444	-12.4108
12.8018	-13.0764
12.1245	-14.3825
10.301	-12.4744
9.51513	-13.3065
11.3358	-10.7316
10.4847	-13.5162
9.11707	-13.3831
11.0318	-11.6863
11.1915	-10.9276
9.83984	-12.9852
11.7381	-14.7187
9.89585	-14.2813
10.4507	-12.6553
12.0977	-13.2819
12.728	-13.2123
9.76033	-12.7333
11.5552	-14.5597
10.7226	-13.4905
12.0246	-13.7414
10.9297	-13.9351
10.9799	-14.3335
11.2193	-14.9901
11.3768	-13.6832
10.0377	-10.5475
9.67621	-12.612
10.1678	-12.6271
11.8159	-11.8979
11.1114	-14.629
11.6046	-12.9413
11.0981	-12.5605
12.3576	-12.5878
11.5295	-13.8745
11.6639	-14.801
11.1742	-11.7376
11.3171	-13.4434
9.47726	-12.5636
11.1887	-11.9967
9.97798	-11.5633
11.84	-12.695
12.5608	-13.7086
9.049	-14.1153
11.5151	-13.4375
11.6058	-13.7513
10.096	-13.2501
13.089	-12.4838
11.7239	-14.0534
11.7434	-10.9029
10.9039	-12.8039
10.9125	-13.5398
14.9941	-13.1469
10.1385	-13.9177
12.2607	-11.6907
10.2112	-11.6349
9.48018	-12.8608
11.0332	-13.41
11.2587	-12.7153
13.6391	-13.0601
10.8024	-12.8824
12.4962	-9.74098
10.7206	-14.4787
11.4453	-14.5849
9.81363	-12.8012
14.5035	-8.87215
10.2426	-12.0091
10.3251	-12.0391
10.3337	-13.2884
10.3098	-11.6244
9.82581	-12.577
9.95492	-14.8157
9.14591	-13.0765
11.6913	-13.7654
11.7484	-14.1607
10.0359	-12.2788
10.0686	-11.9181
9.68026	-13.9518
12.1447	-14.2123
12.3095	-14.9595
9.7848	-12.518
9.50455	-11.283
9.82938	-13.6061
10.9118	-14.413
9.57264	-12.1313
9.57536	-13.9326
10.2599	-13.002
13.5386	-11.9627
10.0151	-11.8782
11.4819	-13.5219
11.1228	-12.4951
10.7317	-12.8879
9.40098	-12.9383
10.9753	-12.0654
11.5523	-14.1772
10.9557	-12.4509
9.922	-14.0294
9.10127	-14.2662
10.7936	-12.2651
10.1063	-7.45237
9.29905	-10.6859
10.4018	-12.8059
10.5634	-14.2655
11.7803	-14.389
13.3483	-14.9871
10.4979	-14.1545
9.6808	-11.5847
10.6989	-11.1514
10.5061	-12.5703
11.2244	-13.3079
10.5721	-14.2684
12.0468	-14.9703
11.2062	-12.7573
11.0714	-11.315
9.69838	-13.8816
9.64226	-14.4271
11.1789	-13.6923
11.5693	-11.9117
12.1617	-11.8293
10.0793	-14.5824
11.1514	-12.1684
11.6749	-14.5597
13.2503	-14.7283
12.1605	-12.126
10.8578	-14.0982
11.0179	-13.736
11.6601	-12.7926
9.59085	-12.7807
11.0803	-13.495
10.7572	-12.0294
11.1395	-13.1199
12.321	-12.8921
12.4037	-13.1575
9.09753	-13.1398
11.2802	-12.3164
10.0881	-14.3247
10.7907	-12.9112
10.6672	-13.0702
12.798	-12.2867
11.2298	-12.1475
9.68267	-14.5752
10.4906	-11.0602
10.1654	-13.0983
11.0732	-11.9881
11.8825	-14.0693
10.8963	-11.1839
9.10968	-13.9081
10.7643	-13.3878
10.4036	-12.4962
10.1015	-12.3065
9.85885	-13.3374
9.20408	-11.1721
10.0706	-14.3876
10.6646	-12.7529
9.59169	-13.839
11.972	-10.8407
11.7152	-14.6182
11.0527	-12.2327
11.767	-13.5841
14.9446	-9.92588
10.5359	-13.1687
11.2	-12.6843
10.3607	-14.4323
9.92171	-12.4722
10.3887	-13.0761
10.3245	-11.8392
9.09168	-11.9993
10.4772	-14.0195
10.145	-12.1264
9.08157	-12.9764
11.404	-14.5977
11.5419	-14.5157
11.7109	-12.8107
12.2761	-14.0179
13.8003	-13.9038
11.8775	-13.4006
12.7007	-13.6663
11.5523	-13.514
9.92707	-13.3894
14.7525	-13.7641
10.6133	-13.4531
11.0123	-13.9886
11.599	-12.7113
11.8286	-13.4847
11.7511	-12.6358
11.9218	-11.7779
11.3865	-14.1865
11.6977	-14.9417
12.0164	-13.3311
10.6277	-13.3695
9.14676	-13.5972
11.6143	-12.5785
11.9259	-12.4243
13.541	-14.4569
10.2702	-12.8564
11.2137	-13.4017
