2.81715	14.7012
5.61758	14.4481
3.09402	14.3813
4.96163	14.6846
3.31393	12.8573
6.14375	14.9969
9.2964	12.5196
5.29366	13.7545
3.32814	14.0938
3.60841	13.5381
3.29985	13.3042
4.23986	14.1917
7.56387	14.0094
-14.8907	-8.88543
5.21592	14.8421
3.19968	14.7478
3.72674	14.454
4.5409	14.3627
2.60109	14.7643
3.61887	14.9709
3.64122	14.9904
3.5647	14.9138
4.32624	14.0826
4.73618	14.5653
4.01543	13.5531
1.91502	14.1299
6.81616	13.9176
7.98004	14.2004
4.75816	14.7854
2.5924	13.6916
3.77933	14.7989
4.00074	14.4946
4.41098	13.7777
4.55512	14.8133
1.69963	13.769
4.49274	14.7802
4.74917	14.9968
2.86856	14.7038
4.83137	14.9608
4.83566	14.8507
4.34636	12.8158
7.89449	14.396
6.96857	14.4858
6.06566	14.4713
3.43051	14.8668
3.66162	14.8455
3.97106	14.0071
5.34086	14.723
5.46029	14.7114
3.70801	14.397
1.2725	14.7785
0.387214	14.0784
4.93547	14.6455
2.89757	14.3021
3.11852	12.6565
6.21119	14.1919
4.12194	13.6745
3.77381	14.2625
5.48972	14.0966
5.15483	14.0325
3.76314	14.5806
3.82119	13.313
4.59807	13.8738
5.22063	14.8172
11.4931	-7.6282
4.00334	14.754
6.66069	14.3603
5.7272	14.6427
4.55455	13.473
4.08644	14.646
0.809577	14.0994
5.63775	9.80673
3.23812	14.9921
5.93581	14.1034
5.85508	14.7439
4.91428	14.7095
5.34106	14.8141
4.54743	14.2314
6.81289	14.9655
3.75115	12.8767
5.13005	14.6154
4.83634	14.3168
5.22928	14.6536
3.06529	13.9034
6.74661	13.3944
5.57603	12.8236
4.57651	13.6015
3.81873	14.4316
4.86217	14.8886
3.65193	14.838
4.26509	13.3028
4.06989	14.8465
4.92992	14.4793
4.73284	14.9883
1.48938	13.3843
3.0045	14.8395
3.17101	14.3332
2.28036	14.6707
3.98373	14.367
5.05815	14.6667
5.97493	13.8502
3.48117	14.9969
5.98835	12.3834
3.26101	14.2573
6.31633	14.8337
3.68879	14.9812
6.07745	13.9476
4.87521	14.7492
4.78084	13.0663
4.82967	13.3451
3.81604	13.9706
2.93255	12.7083
3.69657	14.7853
3.77062	14.5248
3.64344	14.4979
4.15123	14.5597
5.73443	14.7315
3.27209	14.6523
1.3105	14.8545
3.47393	14.1931
4.14206	14.9243
4.0681	14.3741
5.34916	14.958
4.25532	14.5723
12.602	6.84646
3.97619	14.0139
2.80524	13.8004
5.49367	14.868
6.0578	14.5142
1.76898	14.5045
3.9903	14.2328
6.02485	13.9153
6.18464	14.8313
3.39895	14.2463
2.58137	14.1478
2.9129	13.541
3.52848	14.0731
5.65401	14.8804
2.84758	14.6837
6.26301	13.9947
6.06787	14.6463
3.49852	14.2673
5.15724	-8.69883
4.35663	13.9498
4.6284	14.6363
10.9505	11.0853
4.90169	14.3156
5.25241	14.5707
5.35103	14.571
2.14583	14.6931
5.6088	14.9957
4.61731	14.9122
4.38501	14.7127
4.21719	14.1148
5.34809	14.1964
6.31488	12.6333
6.89703	14.7345
3.91629	13.8964
2.77064	14.5917
4.96105	14.55
1.38651	13.9741
5.54045	14.3632
3.72334	14.1698
3.92751	14.7447
4.73515	14.6261
4.06661	14.3772
-0.953967	9.65057
5.41349	14.6
6.93347	13.6467
3.30704	14.2718
-4.91539	11.9425
6.33181	14.6027
5.3497	14.3545
4.08328	13.4696
6.19176	13.5273
5.34415	13.5646
2.44429	13.6879
3.26893	14.1621
4.61033	13.8233
8.30251	14.1243
4.37191	14.7662
3.48318	13.9891
4.51905	14.676
11.9015	8.60788
5.67195	14.6912
4.63941	14.5167
4.96416	14.9551
4.63276	13.1247
5.49811	14.8689
5.02266	14.764
6.10853	13.9157
7.88425	14.352
5.3884	13.7389
2.22321	14.3268
4.46493	14.6535
3.68264	14.8467
5.85352	13.6547
2.95112	14.3949
4.03351	13.871
3.92075	14.8173
6.69088	14.7925
6.30456	13.7788
3.84564	13.474
3.23692	14.7768
2.03525	14.619
7.67644	14.9379
3.99219	14.4614
3.74836	13.7663
5.65428	14.2453
2.3986	13.8943
1.84546	10.1978
6.03076	13.9143
2.69497	14.6781
5.154	14.185
4.60807	13.9898
3.70468	14.219
1.96319	14.9595
4.11013	14.2024
6.59205	13.6917
6.41752	14.6422
5.29919	14.7016
2.50405	14.1803
6.77768	13.7529
4.26606	14.9167
3.15685	14.9755
3.62403	14.9324
2.44085	14.4653
5.14198	13.7953
2.73832	14.8959
3.06708	13.5743
2.10211	14.1393
5.11822	14.2162
3.22685	13.7479
6.94237	13.9895
4.09914	14.9393
4.02597	14.9376
6.77268	14.3954
4.38404	14.9024
5.18322	14.3324
4.70039	13.6853
3.66442	14.2287
4.20621	14.5706
5.7691	14.935
3.76983	11.9773
2.2006	14.0743
3.71966	14.5009
6.92453	14.8158
4.74459	14.1492
3.67113	14.5331
2.1192	14.9634
5.09193	14.6042
2.28608	14.243
3.68125	13.4244
3.75692	14.5496
-13.2167	-0.928348
3.6264	14.2029
5.80152	14.1313
7.77644	14.6814
5.24608	14.0787
4.7086	14.9884
13.3577	1.99102
6.23936	14.307
5.17986	14.2179
3.86938	14.0503
5.78809	5.34073
5.08681	14.6793
2.54892	14.985
4.51245	13.8467
4.23602	14.3205
4.34554	14.2908
4.07006	14.8376
3.51569	13.6545
6.13726	14.185
5.41519	14.5864
3.16917	14.154
2.86819	8.7981
4.65575	13.5439
1.0065	13.9398
4.95764	14.1012
6.06073	14.5719
3.29516	14.3752
3.39577	14.2257
3.97615	14.8341
7.25899	12.8031
5.12231	14.2983
3.31356	14.8365
3.89497	13.4399
6.92211	14.7109
4.72555	14.2353
4.95566	14.2826
4.64356	14.2624
2.7526	14.5459
1.76257	9.6532
5.98243	14.8182
3.78002	13.6888
3.91694	14.8468
2.20469	12.0747
6.98156	14.1222
4.7421	14.004
4.27614	14.2071
2.76346	13.478
2.5446	12.8757
3.6838	12.8785
3.91534	14.8404
3.71554	14.6347
4.9263	14.9562
2.76641	13.5521
7.16092	14.0806
5.60015	14.2971
4.43902	14.2471
5.61975	14.6845
4.67476	14.7298
5.25648	14.0793
-0.430677	13.3369
4.72854	14.0366
4.15811	14.5813
3.68029	14.6932
5.43308	14.4156
3.64567	14.7803
4.05839	13.8313
3.82672	14.6772
5.26886	12.9875
5.86625	13.0356
4.35377	14.247
4.89514	14.6815
4.40086	14.1112
6.53257	14.7742
4.26139	14.1999
4.2358	14.506
6.00766	12.5966
2.99906	13.2151
3.52073	14.6884
5.56535	14.6214
5.07859	14.2862
2.29559	14.8752
2.18392	14.7393
2.96899	14.6409
7.22575	14.2569
5.9705	14.061
4.35808	14.6851
4.21456	13.8889
5.80581	13.927
2.73083	14.2409
1.37965	13.9074
2.84434	14.686
4.44848	14.7959
2.33994	14.6499
3.7089	14.2617
4.64582	14.8155
6.07326	14.4542
5.43769	14.7541
2.99057	14.8456
6.54803	14.6716
4.13871	14.8473
4.06809	14.8623
4.15007	14.4015
-0.151067	11.4962
5.89369	14.9319
4.11899	14.9865
6.30689	12.9025
2.71026	13.9538
3.8215	14.9822
3.06975	14.9677
4.33092	14.8533
5.41376	14.522
3.53627	14.9103
5.69768	14.9572
-12.4078	3.4183
3.69191	14.7842
1.29396	11.2195
6.03345	13.8236
7.30041	13.7901
6.79184	14.8742
4.63015	14.8094
1.20465	14.5567
2.80912	14.2487
3.26055	14.6363
5.59849	14.321
2.69438	14.4172
1.07069	14.0043
3.33986	14.8617
5.29143	14.7673
3.7864	13.3287
2.78572	14.9803
2.9104	14.9322
-14.2238	6.10349
3.1628	14.8329
5.15397	14.7345
5.21349	14.1498
4.88409	13.9851
5.88538	13.9324
3.6807	14.1611
5.53029	13.5552
5.98303	14.9065
6.55725	14.6144
6.7883	14.7588
3.43326	14.6623
4.42625	13.6931
6.86445	14.7684
3.92491	14.2023
4.12402	14.2957
4.21721	14.999
2.75893	13.9454
6.97515	14.2541
2.82097	14.3767
5.86219	14.3304
-2.95019	-12.9694
5.00576	14.438
5.4325	14.8045
3.3963	14.671
7.4375	14.5874
5.9923	14.8876
3.49327	14.9865
4.72303	14.4062
2.59277	14.312
5.90959	14.2531
5.74953	14.9819
2.42399	14.2531
5.27705	11.2857
1.37159	13.9188
4.58609	12.8913
2.61648	14.7994
4.85577	14.762
4.14154	13.9655
5.72907	13.776
5.85198	14.7303
5.00614	14.4102
3.82105	13.1945
2.42576	13.9589
3.36388	14.7635
10.9603	9.67457
4.62276	14.9881
6.80501	14.2531
4.1235	14.1546
3.42178	13.7758
5.40712	14.712
5.3094	13.8437
2.83735	14.8877
5.14371	14.5659
0.823723	13.0809
4.92005	14.3091
5.24468	14.8376
4.36469	13.6589
6.90164	14.8149
4.21692	14.8074
6.77901	14.7115
5.70668	12.8225
6.45319	14.3623
5.36513	13.1621
4.6021	13.4108
5.08874	13.9491
3.18339	14.3716
3.88766	14.5703
4.46598	14.5957
6.08084	14.4128
6.05519	14.7761
5.71039	14.9608
6.90616	14.4732
3.87992	14.6217
3.1345	14.8498
6.91862	14.3352
4.41428	14.8235
5.20733	14.9171
4.89435	14.8045
5.53105	14.9503
3.87187	14.027
5.24586	14.3371
4.10113	14.2793
5.25241	14.7911
5.99158	14.5926
5.35508	14.6592
4.49892	14.4573
-1.79539	-4.41952
5.06236	13.2999
8.55124	14.5995
4.55446	14.9528
4.4406	14.1688
5.43342	13.9295
5.46613	13.2997
3.00807	14.6295
4.79322	14.9505
3.67707	14.674
2.33285	11.4438
2.7129	14.5621
2.95628	14.9374
3.22681	14.3425
0.510943	10.8529
6.4736	14.9573
2.94653	14.9755
3.8709	14.1189
3.10678	14.6495
6.70953	14.5365
3.45782	14.8781
5.14639	14.4452
5.68246	14.9261
4.64916	14.6899
3.26614	14.9468
3.0151	14.34
7.38146	14.9728
5.51937	14.5458
4.56561	14.7677
2.69501	14.7516
1.86395	14.6372
-3.05605	9.21706
4.90065	13.6342
5.73396	13.4452
3.912	14.8435
4.97078	14.5911
4.59651	13.2079
4.58458	14.3093
3.01451	14.7757
5.4545	14.3614
3.29359	14.0555
3.97031	14.8409
2.93534	14.7149
3.334	14.8284
1.95494	14.3466
5.23414	14.9545
4.23681	14.3733
4.9542	14.1112
5.52079	14.4278
5.66754	11.9703
3.19416	14.0679
4.99484	14.9754
5.85489	11.3979
3.37272	14.6263
3.08884	14.7973
3.75681	14.7196
5.61576	14.2891
-0.731366	14.0007
3.78243	14.8695
4.66674	14.7542
4.10101	14.9443
4.64457	9.65538
5.98957	14.0051
-5.24247	8.63479
5.73063	14.9503
3.2565	13.7171
3.96372	13.1928
5.3976	14.0578
1.91122	13.843
3.25683	14.1287
6.83494	14.445
4.36045	14.894
3.76705	14.0558
4.94935	14.8134
1.76981	14.9625
7.53552	14.4264
3.71179	14.4343
3.29872	14.0076
6.94837	14.5843
2.61104	14.8555
6.77243	14.7909
5.52821	14.0311
1.99251	13.8932
3.73261	14.8441
4.22125	13.5916
3.55241	14.5153
6.40299	14.3552
6.3721	14.7073
10.3493	13.2361
2.0506	14.6737
3.72262	14.0386
4.86827	14.276
6.18447	14.9676
3.75221	14.6461
-0.689028	13.134
4.66458	14.7473
3.93176	14.1046
2.65112	14.151
5.18204	14.7446
3.03381	13.5376
4.97421	13.7668
4.94737	14.5899
-2.1866	14.7338
4.58617	14.3049
2.33127	14.9928
2.24123	14.1633
4.91686	14.8078
6.02382	14.6188
2.71973	14.6548
4.09427	14.1646
4.22248	14.9682
4.36037	14.8822
4.52099	-0.350461
3.61961	14.9373
3.0451	14.2727
4.15777	11.7182
6.4347	14.4658
5.69199	14.9626
3.50641	14.2623
3.91718	14.0569
2.78354	14.7026
6.1913	14.5766
7.13052	13.5855
6.2817	14.658
4.20663	13.1523
9.49514	14.2313
-0.761181	11.6776
4.83351	14.2353
3.14815	14.7152
5.35009	14.9155
5.76845	14.9257
2.70422	14.9784
4.85107	14.1576
3.75379	13.9362
5.29114	14.2143
2.08523	12.5726
5.26926	14.8815
3.58391	14.8809
5.59494	14.6343
5.61178	14.4247
6.6671	14.8654
2.27196	14.7457
1.96104	12.9384
1.86922	10.5311
4.46767	14.777
4.39227	14.381
5.91091	13.3617
6.00082	14.6128
5.90691	14.4155
3.75786	14.5042
5.00589	14.4893
4.41539	14.2611
3.95414	13.8602
3.90489	14.5467
4.28135	14.773
7.16301	14.576
3.80502	14.5947
5.58671	14.6718
6.23126	14.0763
5.95985	12.656
4.5244	13.8115
5.52011	14.9943
2.91119	13.7578
4.03784	13.9064
4.30685	14.7107
2.1017	14.5568
4.84744	14.7891
5.99946	12.8392
6.74851	14.4379
3.82944	14.4786
2.04823	14.8691
-4.91257	14.9117
1.87937	14.9404
5.5117	14.12
4.58523	14.3075
4.57351	14.8974
4.02947	14.6268
2.622	10.8077
2.97153	14.528
-11.8307	2.16296
4.02993	13.219
4.66581	14.7833
2.95373	14.2553
3.95044	14.4902
3.54504	14.5659
4.22887	14.6649
5.80194	14.4846
11.2616	12.6116
5.76694	14.7342
4.57342	14.8977
3.47907	14.5767
4.19794	14.2363
-8.03689	14.0669
4.10494	13.5621
3.27421	14.7166
4.64609	13.9444
2.40478	13.3555
4.09145	14.2024
4.18682	14.9543
4.7247	14.699
5.66396	14.3423
11.9581	13.0697
4.97556	14.632
3.43301	14.1171
4.41414	14.7918
2.09361	14.8721
4.64699	14.7235
3.89875	14.4901
3.59088	14.4113
3.82583	14.8412
4.4682	14.9317
8.05991	3.9899
9.5807	8.84464
6.45193	14.2405
4.70927	14.8094
2.64579	14.5293
3.44146	14.8746
5.17245	14.6957
5.57078	14.367
5.14902	13.4548
4.8844	13.6533
6.01121	14.2469
5.13264	14.5263
3.40919	14.6893
5.22918	14.5598
6.92901	14.1456
5.39935	12.4355
5.04138	13.7286
5.49312	14.9675
-3.56062	12.7617
1.94458	14.6707
3.96993	14.6567
7.77017	13.9072
4.78449	13.4871
4.87764	14.6168
4.09549	14.0994
5.84876	14.349
3.36113	14.1125
5.4957	14.8969
4.11573	13.7927
4.35687	14.2277
5.53908	14.199
-1.12105	12.6464
6.52178	14.2745
4.26149	13.4651
3.9204	14.9199
3.09401	11.1302
6.6846	12.9562
6.01214	14.4531
3.41817	13.2413
4.49725	13.8628
0.997405	14.2537
3.87902	13.4037
7.34461	13.7108
-1.54138	13.9246
5.62266	14.5948
4.15081	13.6478
3.49216	14.9009
8.13919	14.906
3.35519	14.3518
-0.161257	9.64698
13.6371	14.3638
4.76283	14.973
4.07664	5.27335
4.71711	14.2683
3.95171	14.6794
4.97576	14.7062
-9.87473	5.80366
6.06726	14.7545
4.40304	13.6855
4.89302	14.977
3.76156	14.7344
5.17976	14.4071
4.94741	14.1653
7.49722	11.8153
2.70604	13.2842
5.56517	14.9589
5.42296	14.4795
7.11624	14.6077
6.17266	13.8187
3.35252	13.9775
5.4502	13.535
2.32488	4.7451
6.02661	14.5516
3.56794	14.593
5.40356	14.8261
3.07565	14.6626
3.67296	14.4626
5.73605	14.9898
5.84881	14.9423
6.20003	14.3222
5.84847	14.9763
6.28209	13.227
2.90897	14.9913
4.49133	14.542
6.99857	14.7151
3.14915	13.3601
6.07893	13.1267
6.16661	12.853
3.10934	13.9578
4.95605	14.8814
5.09511	11.7916
0.733361	14.9146
7.34261	14.9063
3.5552	14.9499
-0.931835	5.26921
6.79744	14.7664
4.31934	14.7381
5.92443	14.0093
8.00853	14.5748
3.9109	13.7883
7.97548	14.9552
4.87726	13.4369
2.94858	13.2294
5.04183	14.5277
3.92129	14.9368
4.18684	14.1256
6.22992	14.1659
2.90891	14.9871
4.97778	14.4817
4.6987	14.1653
7.73241	13.7935
3.65534	14.9852
3.87752	14.6073
2.78629	14.776
6.82092	14.882
5.88397	14.8325
4.50335	14.8659
5.67705	13.7647
2.55702	14.344
3.41297	13.669
-0.798001	13.0647
7.57089	14.7889
4.11494	14.6732
5.10078	14.958
4.75586	13.4213
4.40413	14.1325
2.97077	14.94
5.04359	13.9604
4.69592	14.8154
7.24231	13.9059
4.35978	14.7207
3.71415	14.4794
5.76377	14.8746
3.79069	14.4444
2.77018	14.6642
3.97945	13.915
2.87943	14.9305
5.92611	13.6271
3.40597	14.691
3.4107	14.9534
3.17974	14.8737
1.94404	14.5145
4.70272	14.7815
3.30156	14.8333
3.3241	14.6086
3.53352	14.9255
2.69535	10.7423
5.62828	14.1863
3.5303	14.9567
1.77615	14.8872
5.83782	14.8757
4.17437	14.3552
3.26922	14.4228
5.238	14.9675
3.12727	14.1551
6.99317	14.8034
6.74918	14.0073
2.87958	14.3501
4.16078	14.479
5.48412	14.9011
3.88457	14.9704
4.99322	13.6293
3.23193	14.2544
5.70847	14.9639
4.51662	13.9646
3.82927	13.5563
4.23051	14.1455
5.11613	14.8977
6.12451	13.9988
7.97102	12.6386
3.15777	14.6526
4.13171	14.7287
5.83374	14.6693
3.84509	13.9617
4.69746	14.468
6.57101	13.0904
5.82494	14.9794
6.37174	13.3943
3.63758	14.8383
4.61749	14.8252
4.29864	14.4001
3.21595	13.4153
3.01193	14.9524
6.6571	13.7876
5.11687	14.5188
5.1337	14.9662
4.43093	14.751
5.22998	14.6836
5.96949	14.423
3.26545	14.9195
2.49515	14.8052
7.6891	14.1788
6.28306	14.2524
4.91172	14.4682
3.85315	14.558
4.24759	14.9815
4.77019	14.794
6.51599	14.3651
4.5731	14.7904
3.97846	14.563
3.21215	14.523
1.49532	14.6765
4.3035	13.5801
1.59354	14.8597
5.02988	14.7858
4.7165	14.7793
3.92046	14.9072
2.99765	14.9036
4.65079	14.9226
5.57249	12.9776
3.34641	14.9667
2.70709	14.4309
3.90246	14.4382
5.11952	14.884
6.06253	14.2125
5.52756	14.2822
3.29008	14.7595
4.87203	14.8073
4.9322	14.7126
6.3134	14.9822
7.56928	14.177
4.18745	14.4241
6.35744	13.5437
6.64512	14.1773
6.37903	14.5891
6.15573	14.088
5.02449	14.4329
5.78089	14.798
4.41722	13.854
2.96269	14.7234
2.83064	14.9149
2.38293	13.5564
7.44862	14.4074
4.57438	14.5837
5.38284	14.1724
4.7323	14.2882
-5.26975	5.4243
5.24063	14.857
7.54636	14.9291
5.29501	14.8071
2.57936	14.7083
6.47609	12.6896
2.89811	14.9792
5.21197	14.1373
3.70708	13.6623
4.76533	13.8866
2.52998	14.9066
3.11164	14.7385
5.23212	14.2138
2.0208	14.9401
4.48384	14.7729
6.73197	14.0306
7.05416	14.851
1.78493	14.6493
5.44453	14.642
4.21772	14.6892
3.15131	14.4759
3.11455	14.6138
5.97503	14.8903
5.85107	12.7228
5.8889	14.9841
5.08001	14.9537
6.78029	14.2213
10.4148	14.6413
4.48068	14.3166
5.66482	13.8291
4.01614	14.836
2.94218	14.3704
2.82261	13.9906
4.81031	14.9346
2.4885	14.8187
3.28363	13.1788
5.44003	14.1911
3.21327	14.3228
5.07086	14.6248
5.88741	14.9058
6.6528	14.027
3.92429	14.9104
3.9053	13.9902
4.97087	14.9786
6.83599	14.3585
5.07316	14.8707
7.02988	14.3401
6.31585	14.091
5.12754	14.9675
5.64697	14.9587
5.06222	13.5414
6.3412	14.8433
5.72157	13.6231
4.3176	13.6243
4.36	13.8518
-4.15739	11.4226
4.95919	14.4206
3.10994	14.9575
2.68024	14.773
6.47898	14.2849
3.40552	14.942
2.90099	13.8424
5.9798	14.8614
4.44027	13.9143
5.57325	12.9835
5.04613	14.9584
3.84296	14.5872
5.25778	14.7805
3.36831	14.8119
2.59545	14.0325
3.71409	14.4869
2.1089	14.0372
5.45688	14.782
-14.9264	-0.868663
4.90155	13.7684
5.28232	14.3614
4.49649	14.9351
5.50472	14.7171
3.03835	14.1325
3.56875	14.8358
6.67854	13.767
4.65533	14.6656
4.5747	14.06
4.74191	14.6737
5.61135	14.4122
2.87814	14.8563
4.46669	14.7112
5.04514	13.5575
3.40993	13.0199
4.75099	14.3431
5.50907	14.7537
5.35504	14.8402
3.66979	14.5977
5.20966	14.664
5.30162	13.5957
5.34025	14.9585
1.36576	14.2163
2.53654	13.5614
3.5022	14.8526
5.07215	14.9205
2.59704	14.9852
5.51192	13.1931
1.90574	8.66995
5.15693	14.8233
3.8471	14.984
5.91504	14.7666
5.27213	14.8937
4.2922	14.6571
1.99556	14.1282
6.07287	14.9449
5.07622	13.9034
5.47976	13.9607
5.67907	14.4101
4.7064	14.8918
3.14931	14.5351
5.59602	14.2969
2.54892	13.8956
6.40468	13.9205
4.90791	14.9993
4.39252	12.6324
5.74532	14.8761
7.2636	14.8017
5.45312	14.558
3.81482	14.0006
4.92563	13.6345
2.08238	14.8985
4.9784	14.9278
1.57205	14.4128
6.40853	14.8697
4.92236	13.5997
5.33337	13.3588
6.41485	14.9264
7.46558	14.3459
4.36591	13.7614
7.08486	12.5802
2.11366	13.5141
5.03843	14.6352
3.58766	14.7663
3.40737	14.4345
4.85677	14.7708
3.62137	14.0714
5.93073	14.837
4.34774	14.0274
7.13597	14.9305
4.03194	14.4559
3.31322	14.6537
7.35575	14.8589
6.84768	14.1524
5.71611	10.1205
6.5655	14.0238
10.0621	13.228
4.56157	13.2683
5.05903	14.8395
5.79565	14.8761
5.06728	14.4403
-13.4401	-1.0538
3.66395	14.7665
3.36458	14.0743
4.49044	14.992
7.21536	14.2532
5.90741	14.7209
5.89614	14.9707
7.55641	14.566
5.19861	14.4761
5.39005	14.6733
4.47877	14.6071
4.16465	14.7311
2.54757	14.6169
5.63586	14.7631
4.04079	14.8821
3.84093	14.2358
3.98003	14.9691
4.57601	13.5362
4.84162	14.6765
4.93332	13.9076
3.15607	14.3734
0.694977	14.011
4.58324	14.0195
3.10885	14.1827
4.37123	14.8909
7.53613	14.5043
5.1258	13.4552
3.703	14.9499
4.02847	14.7441
2.1917	14.8395
5.63751	14.6165
2.00905	14.966
4.49245	14.8308
4.20707	13.8916
3.85711	13.0262
6.01611	14.6761
6.23583	14.7913
5.48075	14.6623
-13.4812	-6.17624
6.27255	14.7675
4.49961	14.0842
5.61434	14.9752
0.146097	14.1933
6.30741	14.9222
3.76412	14.5647
3.24621	13.7259
3.26001	14.6858
5.17246	14.1264
2.71743	14.4577
3.34729	13.3622
4.36666	13.9837
2.78911	14.7699
6.21692	13.8719
