-10.3753	-14.7447
-10.4205	-14.7847
1.02886	-14.1457
-8.02243	-14.7118
6.52944	6.8806
-9.70458	-14.0589
-10.2142	-14.2105
-10.1764	-13.3312
-11.7606	-14.7349
-9.35204	-14.9394
-9.65341	-14.5112
-9.29777	-14.1099
-10.5793	-12.8289
-11.0303	-14.8737
-9.23332	-14.9678
-11.5777	-14.9361
-11.7818	-13.9145
-10.4533	-14.9332
-11.1891	-14.6536
-9.71353	-14.8818
-12.0116	-14.8595
-9.40012	-14.7956
-9.79031	-13.2375
-10.3415	-14.4152
-11.9362	-11.8537
13.2613	3.77205
-10.8037	-10.8207
-9.75172	-14.9965
-9.43982	-14.9491
-11.5213	-14.7498
-8.65153	-14.743
-10.0684	-14.6588
-9.5407	-14.6173
-9.79907	-14.7414
-10.2746	-14.6774
-10.151	-14.6744
-11.2295	-14.9554
-9.10187	-14.8216
-11.7636	-14.2371
-11.7635	-14.9854
-9.95103	-14.62
-11.0089	-14.4639
8.03693	-3.86089
-7.75704	-13.2924
-11.0303	-14.9246
-9.70902	-14.0375
-10.7273	-14.4125
-10.5548	-13.2104
-10.6454	-14.796
-10.7979	-13.7233
-10.2593	-14.7668
-10.1872	-13.1197
-11.5678	-14.9831
-10.948	-13.5674
-9.18894	-14.7179
-9.9188	-14.3926
-8.6663	-14.7027
-11.1973	-14.3454
-8.76265	-13.6455
-9.48519	-14.5005
-9.01018	-14.5879
-10.236	-14.6518
-9.04435	-14.4634
-12.1221	-14.9972
-9.84649	-14.1466
-11.0409	-14.2909
-10.372	-14.4734
-10.367	-14.5253
-11.6772	-13.9744
-11.969	-14.9422
-10.1292	-14.4962
-9.71019	-13.4216
-10.5344	-14.8226
-10.9225	-13.9505
-10.7311	-14.8314
2.0354	-10.0259
-10.9672	-14.6834
-9.48153	-14.1372
-10.7439	-14.6043
-10.2677	-13.9677
-10.9984	-14.5004
-9.79884	-14.0598
-9.80518	-14.06
-8.7634	-14.9036
-11.0711	-14.9253
-10.2811	-14.3797
-11.6117	-13.262
-8.97723	-14.1943
-9.92206	-13.7448
-10.6668	-13.955
-11.3342	-14.1406
-10.6544	-14.3938
-9.58383	-14.8938
-9.12828	-14.5199
-9.44248	-14.2254
-9.395	-14.458
-11.2718	-14.7959
-10.8076	-13.9198
-9.28763	-14.4656
-10.921	-13.6518
-11.3068	-14.4772
-11.3228	-14.9253
-9.38361	-14.5803
-11.7253	-14.8956
-9.80783	-14.5986
-8.66792	-14.7225
-10.2421	-14.462
-9.84584	-14.7012
-11.0416	-14.6656
-8.97658	-14.4676
-9.74269	-13.3498
-10.6126	-14.4997
-11.3136	-14.3966
-9.49754	-14.6833
-8.78582	-14.953
-11.2702	-14.888
-10.5471	-14.1943
-10.211	-13.7953
-9.7811	-14.7913
-10.8521	-14.6962
-9.89262	-13.9144
-10.1033	-12.9789
-10.9668	-14.8693
-11.7053	-14.6263
-9.42769	-14.6881
-9.74804	-14.4235
-10.0894	-14.4322
-6.04518	-0.408414
-10.1631	-13.9867
-9.31521	-14.1949
-9.41225	-14.7364
-10.7587	-14.9497
-10.2956	-14.5655
-9.41001	-14.6309
-10.3819	-14.9118
-11.8511	-13.0435
-10.5964	-14.664
-8.85566	-13.7327
-10.4206	-14.9867
-10.4939	-14.9115
-8.5233	-14.2895
-11.6473	-14.7923
-8.94313	-12.7154
-10.8521	-14.7666
-10.2655	-14.5375
-8.28609	-14.3417
-10.3221	-14.2224
-9.22216	-14.6013
-11.1032	-13.6406
-8.80323	-14.5655
-9.78921	-14.5954
-10.2043	-14.5418
-10.2793	-14.6627
-10.9842	-14.3988
-9.29026	-14.6939
-10.537	-14.0834
-10.7162	-14.453
-9.35862	-14.8876
-9.25059	-14.9586
-10.6639	-13.655
-11.2346	-14.9759
-11.2812	-14.5227
-9.24322	-14.4994
-9.8129	-12.9101
-9.25869	-13.8643
-11.3409	-14.7733
-8.84963	-14.9307
-10.0575	-13.9545
-7.61715	-14.7236
-8.79372	-13.751
-8.53837	-13.7445
-8.59563	-14.7571
-10.1237	-14.918
-9.88043	-14.5259
-9.80662	-14.3169
-11.0796	-14.14
-2.0895	-14.4538
-10.5783	-14.8107
-10.9142	-14.9736
-11.9779	-14.4601
-11.4604	-14.0233
-9.94063	-14.9329
-11.4852	-14.7822
-7.83533	-13.8262
-7.0879	-13.8303
-10.7088	-13.7393
-10.5116	-13.747
-9.98046	-14.0261
-11.1994	-14.5693
-11.1212	-14.2299
-9.48437	-13.9553
-10.8509	-14.9174
-10.584	-14.2002
-9.48954	-14.2257
-11.4049	-14.726
-11.1548	-15
-10.2144	-14.71
-9.9039	-13.1758
-9.95415	-13.9296
-8.55607	-14.6957
-7.06251	-14.4639
-11.0909	-14.168
-9.79462	-12.7099
-9.84064	-14.9518
-9.95552	-14.128
-10.6062	-14.8262
-8.4594	-13.7394
-9.79251	-14.1225
-9.66249	-13.7149
-10.9287	-14.6386
-11.5556	-13.7484
-10.0983	-14.7207
-11.1916	-13.5909
-10.2824	-14.2319
-8.8143	-14.9128
-11.6076	-14.6519
-10.2834	-14.3083
-9.57733	-14.2675
-10.7301	-13.5256
-8.5789	-14.0739
-10.5936	-13.308
-9.43861	-14.9451
-8.95019	-14.8017
-9.72023	-14.654
-9.96478	-13.2962
-9.73915	-13.9527
-11.433	-14.0564
-9.09539	-13.7896
-9.94196	-14.244
-2.69022	14.6987
-11.705	-14.4016
-10.8665	-14.8322
-9.64414	-14.7593
-10.9752	-14.9931
-11.5588	-14.3504
-9.83553	-14.4986
-9.30487	-14.9437
-9.19073	-14.7598
-9.90867	-14.0445
-11.3222	-14.6145
-6.54933	-14.4852
-11.1235	-13.8638
-0.617271	3.37873
-11.0082	-14.8595
-8.78996	-13.0585
-11.5591	-14.6168
-9.47126	-14.7635
-8.50999	-14.2317
-9.13077	-13.7027
-10.7829	-14.7681
-11.3623	-13.5842
-9.65379	-14.9226
-8.99726	-13.75
-9.28629	-14.3227
-8.07931	-14.6589
-9.57366	-14.7766
-8.92035	-12.9862
-8.21623	-14.8624
-10.2611	-14.7081
-8.14786	-14.8176
-10.1489	-14.8171
-9.51884	-14.5224
-7.6015	-13.6663
-9.42008	-13.7023
-0.879311	-9.47378
-9.44186	-14.5316
-10.4822	-14.9529
-9.65229	-14.5517
-10.2557	-13.0069
-9.15053	-14.7457
-10.4914	-14.5543
-9.50898	-13.5645
-9.042	-14.9568
-7.0734	-14.2376
-9.39219	-14.9931
-10.934	-14.8408
-10.39	-13.7095
-11.6088	-14.1064
-10.3441	-14.6041
-11.121	-14.4974
-10.9097	-13.9807
-10.8037	-14.9728
-9.80928	-14.1598
-12.1777	-14.5732
-12.0185	-14.9014
-10.6496	-14.9975
-11.3111	-14.1375
-8.17714	-14.3707
-11.1568	-13.8484
-9.60257	-13.8576
-10.0497	-14.9724
-10.3691	-14.9723
-8.47707	-13.8786
-11.5225	-14.243
-8.8148	-14.9886
-10.5725	-11.8773
-9.42784	-14.5789
-9.8994	-14.4193
-11.3333	-14.8459
-8.25649	-14.4864
-8.98815	-14.9226
-11.2666	-13.4327
-10.3182	-14.7547
-10.4149	-14.4501
-10.5519	-14.9964
-9.91773	-14.4169
-9.45737	-14.0051
-10.0738	-14.9152
-9.40601	-12.9395
-10.4779	-14.1353
-9.62933	-13.4454
-9.0891	-14.3768
-10.6907	-14.9928
-9.6013	-13.8937
-11.968	-14.2834
-10.9963	-14.8041
-6.27362	-14.4949
-9.5949	-14.5674
-11.3441	-14.5509
-10.8981	-14.9792
-9.57733	-13.8916
-7.60144	-13.5258
-10.7605	-14.8736
-9.31639	-14.5988
-11.0626	-13.3943
-9.66677	-14.0794
-9.99967	-14.6701
-9.52617	-14.2126
-8.99293	-14.051
-9.89415	-14.9243
-9.70955	-14.491
-9.17765	-14.9424
-6.946	-12.134
-11.0085	-14.8723
-9.35202	-14.8498
-9.60652	-14.2308
-10.1344	-13.8199
-8.79286	-14.1938
-11.4418	-14.9548
-10.689	-14.5366
-8.81341	-14.2637
-9.18689	-14.8939
-9.65727	-14.5491
-10.1777	-14.6399
-7.11188	-13.4525
-9.67608	-14.5371
-8.9154	-14.6281
-9.69101	-14.5654
-8.57141	-14.6124
-9.27813	-14.7232
-10.2688	-14.3895
-8.16826	-14.1637
-7.99717	-14.9951
-10.3701	-14.8714
-9.26664	-14.2313
-10.5135	-14.6924
-10.0186	-14.3703
-10.0304	-13.292
-11.058	-14.4336
-11.4975	-14.7005
-9.77149	-10.9228
-8.73054	-14.6232
-10.6583	-14.9518
-9.41265	-13.8324
-8.58599	-14.8873
-11.4863	-13.1863
-8.98537	-13.9307
-9.00091	-14.7492
-10.9948	-14.7404
-9.52377	-14.934
-10.1624	-14.5016
-9.33059	-14.7808
-8.38164	-13.5059
-10.1888	-14.8673
-10.8098	-14.3792
-9.9863	-14.8897
-11.9181	-14.1186
-12.2821	-14.9417
-9.58699	-12.6914
-10.5215	-14.0608
-8.98963	-14.7746
-11.2133	-13.5579
-10.3107	-14.8424
-8.81477	-13.9372
-11.0316	-13.9289
-9.2237	-14.8289
-11.7661	-13.9207
-11.8619	-13.2019
-10.4169	-14.6819
-7.75424	-11.8053
-10.9021	-14.8389
-9.29464	-14.5812
-8.74109	-14.654
-10.9902	-14.6445
-8.39583	-13.8687
-9.04699	-13.8867
-9.01321	-14.0104
-9.91248	-14.8425
-11.1123	-14.362
-9.80995	-14.8938
-10.2769	-14.9252
-11.3734	-14.5119
-9.74114	-14.095
-4.27219	-13.1833
-9.71594	-14.9396
-7.91781	-13.8909
-8.77962	-14.6713
-8.39303	-14.8867
-6.79887	-14.4732
-8.712	-14.22
-10.0246	-13.5746
-11.5441	-14.9786
-8.19161	-14.5818
-9.34927	-14.9539
-8.29374	-14.9912
-9.74497	-13.693
-11.0234	-14.5882
-11.1957	-13.979
-9.64751	-14.6923
-8.76772	-14.6855
-9.37994	-8.59101
-11.0854	-14.749
-7.93575	-12.7051
-9.23904	-14.7176
-9.97396	-14.8323
-11.2183	-14.9329
-8.38643	-14.3271
-9.34505	-14.865
-9.67548	-14.8717
-8.21382	-14.6152
-9.6712	-14.8894
-8.73058	-14.7978
-10.1608	-14.7885
-10.7911	-14.0691
-8.82496	-14.082
-11.194	-14.9522
-10.2117	-14.8006
-11.0397	-13.6308
-8.71323	-12.2233
-9.00776	-14.6498
-9.36424	-13.922
-4.44225	-11.5299
-8.17284	-14.9383
-11.6186	-14.8494
-9.23246	-12.06
-7.28423	-12.3037
-10.6434	-14.9714
-9.44589	-14.7267
-8.06213	-14.7498
-8.85394	-14.0742
-9.07796	-14.8677
-11.1071	-14.8058
-8.37672	-14.0881
-10.1342	-14.3097
-11.8025	-14.0758
-11.4593	-13.935
-11.6333	-14.6685
-11.9441	-14.3894
-10.5836	-14.9456
-8.25926	-14.6572
-8.79763	-14.9177
-8.05382	-13.9665
-8.27458	-14.1465
-11.0825	-14.6003
-8.95013	-14.7018
-10.9745	-14.733
-11.298	-14.4659
-9.6998	-14.2668
-11.0522	-13.7136
-10.3665	-13.4166
-9.32085	-13.6474
-11.4989	-14.7324
-10.3539	-14.7111
-9.07943	-14.1966
-8.00025	-14.9696
-8.57354	-14.9562
-7.75265	-12.3885
-6.60876	-14.7914
-10.6933	-14.7425
-10.1324	-14.3786
-11.0921	-14.2857
-10.6902	-14.1992
-10.889	-14.9249
-8.00068	-14.7496
-9.92695	-14.6131
-8.82013	-14.1883
-9.73904	-14.7964
-9.66993	-12.2735
-11.3214	-14.9266
-8.60964	-13.5615
-9.77605	-14.3361
-11.2705	-14.664
-8.23672	-14.8568
-9.55624	-14.9841
-9.08938	-14.4573
-8.34132	-13.565
-7.47371	-14.2031
-9.75661	-14.8216
-9.68159	-14.7154
-9.94997	-14.3084
-10.4687	-14.9289
-12.043	-14.3324
-9.73712	-14.2558
-8.58626	-14.2737
-10.454	-14.8532
-10.7339	-14.6185
-9.52188	-14.3833
-11.369	-13.1624
-7.47745	-14.669
-10.8848	-13.7503
-9.91969	-14.8319
-11.026	-14.5747
-9.11518	-14.2536
-7.28698	-14.5835
-9.36363	-14.6975
-9.84646	-14.6207
-9.12538	-14.1454
-8.88204	-14.7601
-8.54904	-14.6882
-10.9776	-14.837
-11.7429	-14.1626
-9.99388	-14.6557
-7.75393	-14.9053
-10.443	-14.2982
-11.1645	-14.4672
-9.83754	-13.675
-11.531	-13.994
-9.36714	-14.5214
-11.0625	-14.8772
-11.5691	-13.9474
-11.2549	-13.982
-8.21409	-12.7264
-11.2708	-14.1358
-11.1623	-14.7721
-12.1384	-14.9138
-12.1796	-14.4418
-11.4673	-14.2805
-9.04243	-14.9181
-11.3997	-14.1069
-10.7769	-13.5325
-9.00605	-14.5662
-12.1382	-14.8379
-9.93822	-14.6122
-11.0998	-14.1841
-10.0376	-14.5108
-10.3348	-14.3358
-9.29807	-14.4773
-11.1636	-14.0506
-9.27475	-14.6125
-9.92868	-14.8743
-10.7181	-14.7912
-9.33549	-14.3673
-9.45012	-14.6898
-10.302	-14.5882
-9.7717	-13.5394
-11.4078	-14.9281
-10.948	-14.7052
-10.0282	-14.3654
-11.2611	-13.8701
-10.5695	-14.8246
-8.10256	-14.2028
-11.3347	-14.2127
-11.0338	-14.996
-6.63651	-13.2096
-8.45831	-14.6934
-9.58694	-14.452
-10.9115	-14.2791
-10.533	-14.7175
-10.2946	-14.6736
-8.2827	-13.9395
-10.5782	-13.266
-9.15207	-14.0715
-9.35011	-14.8389
-9.86372	-14.3223
-8.79492	-14.9069
-11.8323	-14.2546
-11.7272	-14.8354
-11.1602	-14.8105
-11.6049	-14.9565
3.1793	-13.4119
-10.1247	-13.9327
-9.28634	-14.8694
-11.8884	-13.5254
-9.43122	-14.3856
-11.3586	-14.399
-10.9677	-14.7896
-8.27764	-13.7382
-9.68371	-14.9979
-8.0523	-14.7673
-10.9397	-14.0075
-10.6709	-14.5048
-8.84759	-14.4648
-7.32836	-13.8436
-9.88245	-14.5054
-9.15862	-14.7658
-9.57734	-14.4573
-10.1316	-13.5146
-10.5342	-13.4224
-10.5042	-14.4408
-7.90558	-14.9593
-9.55358	-14.5184
-10.092	-13.8941
-9.64287	-14.4216
-9.56358	-14.0597
-10.3535	-14.1412
-10.9878	-14.8657
-8.19495	-14.1201
-10.5402	-14.9381
-10.2183	-14.3645
-8.69079	-2.83174
-10.8813	-14.9973
-8.35301	-13.9951
-8.96261	-14.438
-7.85683	-4.06438
-8.96309	-14.4633
-11.3195	-14.8934
-9.24896	-14.6956
-10.4049	-14.9065
-10.6611	-13.6887
-11.3826	-14.8498
-7.00829	-14.6677
-10.133	-14.252
5.67034	4.81221
-9.54397	-14.8643
-8.33774	-14.4342
-9.29233	-14.9014
-9.79681	-14.8888
-9.07041	-13.5916
-8.6893	-14.4302
-9.70579	-13.8638
-11.3056	-14.356
-9.5994	-13.8018
-7.26201	-14.4741
-10.4405	-14.8684
-11.2009	-14.2652
-9.05053	-14.7627
-9.81448	-14.7063
-10.3977	-14.6466
-11.2374	-14.9033
-10.6621	-14.9545
-7.38937	-10.5711
-9.51681	-14.7488
-10.5589	-14.5331
-10.4498	-14.7932
-9.9665	-14.8097
-9.63434	-14.9251
-7.36472	-14.7641
-9.6663	-14.7735
-8.81178	-14.7238
-10.3245	-13.6366
-10.7897	-13.5196
-8.28562	-13.8853
-10.3271	-14.9509
-9.91794	-14.7501
-9.56649	-13.8604
-10.0222	-13.9217
-11.735	-14.4379
-11.4086	-14.7489
-11.7197	-14.7784
-10.7788	-14.3881
-9.23893	-14.2947
-11.5508	-14.5743
-10.4019	-14.9673
-8.21522	-14.6109
-9.08824	-14.4975
-1.99821	-13.8819
-10.4584	-14.4093
-9.20553	-14.5842
-8.92593	-14.9604
-9.78615	-14.6626
-11.091	-14.4235
-8.40529	-14.6486
-11.3117	-13.9447
-10.5784	-14.8089
-11.7137	-14.6912
-10.603	-14.2411
-10.2952	-14.6766
-10.7478	-13.365
-11.585	-14.878
-11.0079	-14.1674
-9.14115	-14.7121
-7.31237	-14.9444
-8.50483	-14.7283
9.78828	5.74931
-11.5811	-14.357
-11.5064	-13.9066
-9.7965	-14.7925
-11.418	-14.9546
-11.2561	-14.9907
-11.9618	-14.9718
-10.3031	-13.7036
-11.0418	-14.3601
-8.08704	-13.0225
-10.8717	-14.9369
-9.57048	-13.9076
-9.20648	-14.0564
-9.74638	-14.4919
-11.9268	-14.6154
-9.14911	-14.3111
-9.46168	-14.6263
-10.6957	-13.7542
-9.21076	-14.2883
-9.37852	-14.9548
-10.6744	-14.846
-8.66588	-14.5823
-9.19137	-14.9592
-9.71774	-14.2664
-10.2527	-13.0616
-9.96718	-14.6114
-10.806	-14.6252
-9.3875	-14.474
-10.0945	-14.8208
-11.7028	-14.925
-10.1147	-14.9811
-10.6164	-14.6064
-9.91417	-14.6805
-9.66741	-14.8829
-9.62989	-14.5926
-10.0784	-14.9969
-8.2311	-14.631
-11.8302	-14.277
-11.2947	-14.9287
-9.2155	-14.2922
-10.6982	-14.393
14.055	-4.45786
-9.51736	-10.8678
-11.8526	-14.9528
-11.1442	-14.9758
-11.6799	-14.7928
-10.0318	-14.3916
-11.5513	-14.9706
-8.48369	-14.8858
-10.3155	-14.5937
-10.3079	-13.5715
-8.41995	-14.8908
-8.99018	-13.6156
-9.98441	-14.5556
-9.66961	-14.976
-10.8732	-14.7902
-9.49998	-14.3823
-11.4003	-14.6857
-10.6978	-14.7351
-9.01916	-14.5707
-9.52231	-14.6856
-9.76064	-14.1693
-9.63201	-14.7113
-11.8316	-9.9582
-8.76487	-14.8896
-11.559	-14.7217
-12.2098	-13.4328
-11.1411	-14.0536
-10.5976	-13.5387
-9.3746	-14.6206
-8.92569	-14.8376
-10.0722	-14.4292
-9.25108	-14.5576
-10.6429	-14.9467
-10.9125	-14.7892
-10.2648	-13.3095
-8.46206	-10.4912
-6.68248	-14.0247
-11.2376	-14.9339
-8.95492	-14.7905
