-8.85571	8.3302
-7.55344	7.8013
-8.58003	6.51189
-8.0746	6.3305
-6.53799	14.7618
-6.89087	7.68446
-6.36517	8.19462
-8.12386	6.26982
-8.32151	6.92919
-6.97254	6.63419
-4.9962	6.49092
-6.37411	8.54218
-7.73186	8.40648
-6.16257	8.43348
-7.02909	7.62401
-7.22838	7.31169
-6.07877	9.13531
-7.7483	7.32004
-6.26073	8.42425
-5.83249	8.11087
-8.29501	9.18865
-5.42838	8.56527
-6.60644	7.63342
-6.8316	8.74762
-5.78894	6.65973
-6.06933	8.32246
-6.35983	7.44192
-6.25312	5.86601
-6.1469	6.85144
-8.84933	6.25555
-8.10288	7.04453
-6.78261	9.19988
-8.67962	7.75561
-5.93231	6.24492
-6.76076	8.30115
-6.5026	7.27446
-6.08431	6.40939
-5.0055	8.96029
-7.95746	7.64257
-6.81305	8.70915
-6.20248	7.27462
-7.43259	6.1262
-7.52217	7.00124
-7.69881	7.13439
-5.84629	8.59467
-8.20283	8.29442
-7.25218	9.60986
-4.47895	7.04488
-7.40789	6.19777
-7.47677	10.8913
-6.58491	8.63782
-6.79278	8.6602
-4.56982	8.71143
-6.53446	8.86786
-6.27864	6.95387
-5.61985	8.47446
-4.5693	7.02976
-7.77678	8.78627
-9.02289	7.56637
-8.24342	9.80624
-7.26392	7.57304
-7.3615	7.93824
-4.02346	7.22861
-6.06245	8.34309
-5.5873	9.85348
-9.04818	7.92985
-6.39279	9.00328
-8.66517	6.53514
-9.13623	8.41516
-6.40422	7.36668
-5.48782	8.46946
-7.32928	8.49862
-7.35253	6.1722
-8.42549	7.75984
-6.69473	7.84327
-5.924	7.64577
-7.82123	6.41904
-8.37329	8.58538
-7.82002	7.78287
-7.72764	10.1225
-5.42249	9.53477
-7.71467	6.16992
-7.81116	6.87891
-6.9382	8.08755
-7.31936	8.62543
-8.62682	6.08419
-8.13381	8.7382
-7.15107	8.6077
-7.97637	6.65519
-7.26981	9.99349
-6.56006	7.49053
-7.87435	8.42975
-7.99583	6.79517
-5.92973	5.97723
-7.74554	7.13456
-7.59457	9.51967
-7.29287	7.95322
-6.47166	9.2433
-8.16177	9.55864
-6.20402	6.3091
-7.81091	10.0101
-6.68235	6.67275
-5.56057	8.14725
-7.61003	7.71404
-6.69982	8.03535
-7.65984	7.6175
-6.28158	8.57379
-8.59185	8.79877
-7.51729	7.00198
-6.00128	7.07926
-8.72212	6.59429
-5.44298	7.59037
-7.05334	7.67154
-8.7942	7.73937
-5.71204	9.34377
-5.84302	7.01377
-6.84186	8.02531
-6.15839	7.62947
-6.25677	8.48092
-6.46057	6.1214
-6.16429	7.9341
-7.16441	5.88261
-5.72025	7.01934
-5.17076	8.57112
-6.73672	6.82742
-6.69971	9.89517
-7.66988	6.87961
-8.28096	8.63868
-6.3754	7.85247
-8.02621	8.80354
-6.70984	6.90718
-7.35632	7.7895
-7.66175	7.2251
-6.02441	8.79446
-5.67285	6.64914
-6.98351	9.06341
-6.37346	8.45917
-7.18172	6.74373
-5.87052	6.72866
-5.46102	7.15764
-8.08861	6.79607
-7.76798	7.75249
-7.52006	8.49609
-7.71097	6.77706
-6.62487	8.87487
-6.56113	8.4753
-6.11057	6.81027
-8.24673	6.73946
-5.53108	7.40454
-7.75111	7.60216
-8.79179	8.55919
-6.25605	6.26546
-5.33319	8.52316
-7.76717	7.33112
-8.14987	6.77484
-8.74964	8.47683
-7.0826	8.93553
-6.03597	9.29141
-6.63667	8.18391
-5.80011	6.57195
-6.71809	6.95008
-7.55729	6.97606
-8.95707	7.25736
-4.40982	6.73324
-3.52778	7.99198
-5.88394	7.25225
-6.79829	7.74785
-8.43476	9.90949
-5.58659	8.54868
-5.73339	9.77444
-8.27669	6.19876
-8.73217	10.0048
-6.48081	8.62102
-5.70569	5.51177
-6.17515	7.00367
-6.29587	8.66158
-6.67947	6.92582
-5.93621	8.49545
-8.42264	6.8209
-7.23219	7.59904
-3.05006	6.2652
-4.63232	8.67072
-5.22287	7.72156
-6.25772	7.02822
-6.05061	8.96566
-6.33054	9.38428
-7.90094	7.10565
-6.49494	8.30503
-7.2116	7.91029
-8.36368	8.79614
-6.4604	9.33255
-6.8694	5.92459
-8.17766	9.93611
-6.10673	8.13396
-7.35111	9.99497
-9.28078	6.03867
-9.13462	6.42828
-8.93938	9.83402
-6.51499	9.20891
-6.89713	8.17271
-6.89676	8.30528
-5.91718	7.56291
-6.46654	6.99673
-6.52849	7.75339
-7.19228	7.78362
-7.6857	8.49421
-4.98388	8.27617
-7.03203	7.50427
-5.61024	7.87988
-6.44826	7.90596
-8.40617	8.5893
-6.76025	8.53976
-7.45572	7.39648
-8.62423	9.11973
-8.20698	8.67753
-6.07173	6.30124
-6.82561	9.96896
-6.60195	6.94518
-8.25561	9.30893
-6.74191	8.01198
-5.49551	10.8704
-6.93723	7.65218
-7.04605	9.40608
-4.69137	7.68503
-6.95993	9.0348
-7.37424	8.68217
-5.31142	7.98788
-6.1661	8.23758
-5.40205	7.72408
-6.93817	7.39081
-7.99637	7.27224
-6.9696	5.92038
-8.96222	8.50714
-6.80069	7.30387
-7.74103	7.10415
-7.97329	9.40949
-7.77104	7.62504
-5.93173	8.21927
-7.23103	8.6622
-6.67544	7.40947
-7.66877	8.48072
-6.14288	8.31466
-6.32596	7.46299
-8.1561	7.78865
-7.42969	6.77619
-7.79641	6.64308
-5.57158	8.97416
-6.72059	7.70074
-7.3693	7.53901
-7.82491	8.48781
-6.23957	6.5534
-6.57198	8.47428
-8.23732	8.74503
-7.5118	7.03903
-8.21215	6.68743
-5.81308	9.59294
-5	5.75646
-3.49454	10.5129
1.68794	13.4253
-7.95604	8.97888
-6.89684	7.55868
-5.28055	6.80025
-7.90985	7.91749
-7.82218	6.95114
-7.87409	8.26025
-6.1353	9.01012
-7.43651	6.4952
-7.28363	7.22554
-6.2971	9.68514
-6.72165	7.96716
-7.73699	5.93212
-7.6024	8.72658
-8.55116	8.6874
-5.26576	6.06524
-6.96181	8.38577
-8.20073	10.2213
-6.88619	9.48373
-4.72365	7.51233
-8.83156	8.41874
-5.6868	5.46466
-7.94511	8.43212
-7.12016	7.81709
-7.08077	8.86323
-7.73758	8.22791
-8.73871	7.79763
-5.49511	7.53213
-6.36941	8.49815
-6.7615	6.81959
-6.74902	6.63292
-7.08925	8.04753
-6.20323	7.31768
-6.95661	8.14474
-6.61413	6.26769
-6.60036	7.73843
-6.33344	7.21265
-7.09766	7.35889
-8.64966	8.19778
-8.02584	7.7588
-5.62728	6.43386
-4.32025	5.44609
-6.86801	7.56086
-6.30622	8.03778
-8.67575	6.95516
-8.75279	7.3065
-7.86425	7.95692
-6.50617	6.25144
-6.6336	8.98699
-8.42793	6.84033
-8.32038	8.77766
-8.4354	7.79009
-7.73102	9.77796
-5.37308	7.83341
-8.77268	7.68858
-6.33894	7.9655
-7.27486	5.97487
-7.70398	6.68016
-7.40984	10.2744
-7.77936	6.42385
-5.51229	8.3839
-6.11889	7.91595
-5.38587	5.74366
-6.83009	6.64473
-6.26585	8.31183
-7.46851	7.39453
-8.87155	7.9648
-7.62747	9.92567
-6.32904	7.48539
-8.56989	9.7533
-6.66968	9.54189
-4.22492	7.33644
-5.70842	7.64731
-7.42325	7.69023
-8.07303	7.67989
-8.36388	7.06538
-5.33323	8.69187
-6.61933	9.02389
-6.68827	8.30093
-5.84604	7.63754
-7.63489	7.05515
-7.40242	8.19537
-7.69938	10.554
-7.00251	8.08028
-4.56907	5.56323
-6.17723	7.23361
-8.83958	7.7723
-5.39391	6.98538
-8.69628	7.85359
-8.32881	8.14765
-5.05906	7.87168
-5.37048	7.30165
-8.51536	8.83341
-7.27524	8.38336
-8.88433	6.30746
-6.66873	6.9472
-6.02992	7.54028
-4.89803	9.27322
-5.75664	7.6966
-4.50661	7.58455
-6.54861	6.19392
-8.90259	6.94122
-8.87053	8.09234
-1.65754	5.39844
-7.46508	7.37196
-5.18937	6.95132
-7.59313	6.15754
-7.38289	6.65938
-5.07037	8.3923
-5.52612	6.15015
-6.89591	9.27809
-7.97698	7.86484
-7.67468	7.95313
-7.00656	8.71629
-7.85056	7.63904
-8.42792	7.83137
-6.81457	7.18346
-7.01957	6.74018
-6.90631	8.39928
-6.2096	8.7852
-6.98449	8.16395
-4.1347	9.00406
-8.68282	9.1512
-6.4302	8.10813
-6.2776	6.87425
-5.35379	8.71904
-7.32856	7.79365
-6.45251	8.95247
-7.7765	6.49427
-7.52275	8.00113
-6.15835	7.10288
-7.30541	8.52165
-7.8884	7.17479
-8.3032	6.33711
-5.06764	7.59646
-8.28028	8.19141
-6.69003	9.86267
0.0766839	4.33442
-6.70995	6.42634
-6.53212	9.19244
-6.54847	8.58824
-8.18432	7.80443
-7.19392	8.0273
-5.01881	6.86909
-5.90577	6.44939
-6.62689	7.8582
-9.08941	7.9243
-5.80679	6.80109
-7.42396	7.36764
-6.22291	9.30271
-6.31329	6.89044
-6.74215	8.49155
-6.20467	6.09964
-7.30846	6.90327
-7.09035	6.5194
-2.24929	8.43454
-6.33476	8.59528
-6.83865	8.81276
-4.98947	7.96174
-6.12293	7.24987
-7.65381	6.86524
-9.05765	8.38205
-8.21897	6.98407
-7.9275	7.21239
-6.46203	8.47449
-8.70539	6.64221
-6.98711	7.10094
-6.61555	7.25642
-5.69824	8.9182
-7.90251	8.78752
-6.92821	8.30615
-7.3369	8.28993
-5.85377	8.11548
-6.68706	9.07235
-7.14521	8.16262
-6.95961	8.94552
-7.19505	5.96865
-8.71288	7.44318
-7.99863	6.63038
-4.66425	6.5267
-8.46119	8.30985
-5.93576	8.49464
-7.06358	8.0177
-7.02153	6.6588
-8.67823	7.04724
-6.37973	6.68423
-7.05209	7.82916
-8.09409	6.84711
-8.33466	6.20595
-7.12099	6.80633
-5.84786	7.98924
-5.25052	8.92487
-6.14241	9.42601
-7.69622	7.71962
-7.92088	8.88352
-7.11332	8.20355
-5.66502	7.95943
-7.75609	8.77822
-6.4226	8.60389
-6.20887	7.81104
-6.82892	9.39005
-8.04372	6.26465
-7.04598	7.28782
-7.24393	9.68482
-8.73936	6.55598
-8.52387	6.78925
-7.78873	6.2354
-8.02992	7.33163
-6.87407	9.28317
-6.74718	6.62142
-7.13291	7.44269
-8.29766	8.92196
-8.38094	6.3157
-6.73289	8.90976
-7.27274	7.63508
-7.2713	7.05615
-3.68817	7.18487
-7.94159	8.35515
-6.64025	7.57849
-7.49216	8.09198
-7.06069	6.38248
-5.90999	7.64225
-5.11568	8.44949
-8.23468	7.757
-7.56359	6.35
-6.73031	8.09716
-7.04888	6.6777
-7.70353	7.17446
-7.22469	8.50528
-7.0131	7.02641
-7.24805	9.30453
-5.7798	8.55502
-7.67841	6.79096
-8.84876	8.17373
-6.36228	8.83682
-7.55561	8.34736
-8.52164	8.02708
-7.80219	7.28106
-8.37443	8.70018
-6.36376	8.79449
-5.96894	9.40546
-7.78594	6.97366
-5.52887	6.18538
-7.87156	9.29203
-7.49768	8.8781
-6.6072	10.4575
-7.51738	8.67784
-6.91875	8.21492
-5.76747	7.1673
-7.26541	9.35073
-6.69371	9.29243
-4.83579	6.47749
-5.80727	7.45917
-8.9394	6.97971
-7.15793	7.0619
-4.75003	7.10903
-7.0109	7.39363
-6.89941	7.57528
-8.77637	6.18987
-6.24473	8.87947
-7.29866	7.6124
-5.99695	9.54012
-6.69959	8.34222
-7.04907	10.1607
-6.62577	9.19996
-6.42408	7.12881
-6.90417	6.28878
-6.29775	8.03796
-6.72295	8.93008
-7.49378	6.094
-6.98052	7.22675
-6.36788	8.7649
-8.40719	6.47678
-7.18365	8.47495
-7.39684	9.36965
-6.57189	7.51378
-6.49861	8.56905
-8.33923	8.52188
-5.25562	7.63684
-5.5357	6.7776
-4.94975	8.72587
-4.31623	7.09179
-6.47665	8.92481
-8.86549	7.89465
-8.98986	8.07865
-6.23713	8.74982
-7.38791	6.8634
-5.22961	7.67125
-6.42791	8.94644
-6.98013	7.37613
-8.84555	8.51746
-8.03626	6.45702
-7.69697	8.95845
-6.49294	8.59323
-5.65104	8.06969
-5.30161	5.82413
-8.81978	8.20414
-7.13733	8.42836
-8.37675	8.06356
-5.76394	9.19075
-5.95963	8.19547
-7.13407	7.79787
-8.05863	8.64664
-6.86995	7.90581
-6.96767	9.5385
-5.79097	7.31239
-7.10554	7.97705
-8.12422	6.90369
-5.81868	7.54239
-8.28485	9.69797
-6.83601	8.2174
-6.87336	8.0844
-6.48394	7.08878
-6.64122	8.33299
-7.87117	6.52286
-7.2323	6.87067
-6.09306	8.89819
-8.6154	8.70165
-6.64359	7.91919
-7.24104	7.6188
-7.83409	8.80818
-6.52058	8.95289
-7.482	8.13769
-7.07343	8.69262
-7.39628	10.156
-7.213	7.25089
-8.74062	7.44196
-7.33508	9.17677
-5.51544	6.54132
-8.48461	7.24365
-8.03086	7.29984
-6.42548	7.05178
-6.29969	7.76755
-5.50998	9.69709
-8.19345	8.12308
-5.5251	10.8913
-8.00535	8.69567
-8.80104	8.0197
-8.15466	8.19491
-6.081	8.92796
-6.54906	8.64773
-6.41415	6.63632
-6.37834	7.81486
-6.84243	6.5933
-7.0729	6.78063
-7.9611	9.09641
-5.71593	9.19565
-7.22046	8.81006
-6.17684	8.91025
-7.30115	8.0268
-8.08541	7.77683
-6.72522	7.43408
-8.30741	8.56476
-6.73563	8.15838
-7.43629	8.18348
-7.40298	8.53611
-7.78123	6.92982
-8.15519	8.42332
-7.22682	7.34763
-7.16504	6.87306
-7.72099	8.45665
-6.70838	7.74197
-8.46408	6.52001
-5.60314	7.89446
-8.06584	6.49797
-7.10327	9.48082
-6.33283	7.40317
-7.43848	6.64321
-5.94878	9.28196
-8.37357	8.47682
-5.76283	6.9847
-5.90369	10.5306
-8.74254	8.74896
-7.34796	7.68688
-6.43232	6.05663
-7.10946	6.4599
-5.80269	7.70041
-6.20996	8.93503
-6.10663	6.98034
-7.14551	6.62602
-8.83896	8.96838
-5.32744	8.20287
-6.41753	8.42871
-7.00561	7.81754
-6.05331	8.17471
-6.89575	9.18453
-7.29174	8.98168
-8.43179	7.98935
-7.05888	8.08935
-6.15009	6.75602
-7.3976	8.66619
-7.49626	8.63099
-7.13766	7.38988
-8.34301	7.94554
-7.99044	8.37349
-7.22318	8.86406
-6.25122	7.27378
-5.80292	7.58705
-8.144	8.22276
-7.1239	7.93572
-7.86059	6.34194
-5.53899	7.91857
-6.47423	8.15044
-6.48144	9.05837
-8.86526	7.35357
-8.8914	8.61289
-7.61519	7.42628
-8.62628	7.27401
-8.54836	7.18508
-7.34611	9.4988
-7.27848	8.23596
-8.91934	7.00942
-6.20586	8.17589
-5.26418	7.29262
-8.45131	7.94471
-8.13619	8.25769
-6.19715	6.60271
-8.26974	9.24859
-5.41575	9.06943
-6.39731	8.37375
-7.46523	8.1165
-6.48462	7.69615
-6.62691	6.0908
-8.56152	8.48024
-8.37352	10.3113
-6.63018	7.38453
-6.96247	7.35216
-7.40596	7.93049
-4.34478	7.36479
-6.84191	7.39468
-7.29894	6.38545
-5.06942	9.40713
-8.30104	7.32181
-5.32697	7.32478
-7.33016	6.68078
-5.99849	6.83254
-8.0057	6.1746
-6.50295	8.13518
-4.81035	5.68794
-6.09639	7.5393
-6.52624	8.90567
-8.4974	8.58303
-8.8186	7.78913
-7.93865	8.44889
-6.05558	8.09851
-8.70898	7.31129
-6.39456	8.60094
-7.55659	7.86718
-5.92114	5.42804
-6.69961	6.65458
-7.32513	8.64378
-4.15949	9.75061
-5.11145	8.38301
-8.01569	8.0702
-6.78006	7.55998
-8.44875	6.72247
-7.33475	10.2348
-4.83474	6.22988
-7.42134	8.24483
-5.23078	9.40545
-6.93989	7.23017
-7.98346	7.83719
-8.29844	8.49223
-8.93698	8.67999
-6.19758	8.77533
-7.05449	9.35313
-6.29497	6.70765
-6.45293	6.61373
-8.98656	7.94126
-6.63271	8.61612
-9.07913	7.95506
-9.12255	7.31171
-5.2748	13.9427
-8.41951	6.95995
-5.34395	7.873
-5.95843	8.84258
-7.1765	10.0332
-8.13248	9.0907
-6.64972	8.82216
-8.78932	8.7053
-6.86746	6.53215
-4.30882	8.426
-5.46443	6.68087
-6.37775	7.50428
-5.72002	6.70804
-5.86441	6.92563
-6.82571	8.8599
-7.32378	6.49952
-7.18025	8.61908
-5.91318	6.94769
-4.11173	6.98097
-7.19297	6.40169
-7.19926	8.58024
-7.61121	6.08207
-7.39085	7.88296
-6.41518	9.29057
-7.17041	10.5441
-6.32959	8.63049
-7.77469	8.99695
-7.21422	8.31091
-7.40447	6.67091
4.21789	5.05718
-7.04261	6.45865
-6.72453	9.72606
-5.69919	8.80942
-5.85232	9.34448
-5.10925	4.92236
-8.33901	7.58218
-5.97938	9.1758
-6.41557	9.09512
-6.16798	6.96066
-8.53912	8.68355
-8.00241	8.59745
-6.71717	8.51432
-8.04259	7.13783
-5.40191	7.74288
-6.32749	8.0134
-6.6606	8.9897
-6.43771	9.58105
-5.89238	8.41146
-8.08807	6.76906
-7.61369	6.5667
-7.63717	6.33783
-7.87597	7.62079
-6.52566	8.35405
-6.69197	7.56817
-6.13595	7.62072
-6.94112	6.26865
-7.08035	8.35397
-7.26716	6.27293
-7.80923	7.17296
-3.86684	6.31151
-6.29067	8.08053
-6.01457	6.62864
-8.04205	10.243
-7.52062	6.62379
-6.22096	8.21719
-8.07748	8.17119
-5.79863	9.39818
-6.93246	9.47363
-6.95543	6.06622
-5.6673	5.70368
-7.07753	8.96446
-6.17354	6.18307
-8.71655	7.68387
-7.41637	7.18695
-8.69863	9.29048
-8.82127	6.93933
-8.58744	6.58117
-8.34695	7.65967
-5.92865	7.67944
-8.66195	8.57968
-5.48586	9.5454
-6.02818	7.83969
-6.41302	6.37897
-8.76597	6.3268
-8.62055	8.71867
-6.73369	8.81128
-6.06463	7.33195
-8.48176	6.77688
-4.85779	7.35318
-8.37348	8.48939
-7.87362	9.17248
-6.39027	8.23223
-8.96932	6.78066
-8.6139	6.62855
-4.83101	6.74186
-6.9867	8.56276
-6.2151	8.41601
-6.8144	6.07424
-7.81454	9.94053
-5.53715	6.38544
-8.50963	6.65909
-7.71308	8.48614
-6.17711	6.1005
-8.83049	7.84465
-7.96814	9.63937
-8.56142	6.80909
-0.198253	4.50159
-9.10737	8.23285
-6.08646	7.28366
-7.50263	8.89432
-7.46683	8.73232
-6.92657	6.78015
-7.25395	7.64217
-6.73007	8.85309
-6.16044	7.20132
-6.63257	8.95109
-7.64473	8.44979
-6.61118	7.76949
-8.19509	6.10656
-7.28626	7.72419
-6.64111	6.79002
-8.01273	8.26381
-8.5106	6.74202
-8.73345	7.09519
-6.15819	6.52536
-6.32704	6.65359
-5.27232	5.45904
-6.48594	9.57459
-7.24106	6.96994
-7.5436	8.32246
-6.08762	7.60316
-7.38716	8.38431
-8.56344	8.41168
-7.33711	7.5214
-7.87173	6.73912
-8.48734	6.50774
-7.7109	6.87743
-7.69807	8.09752
-6.50415	6.53489
-5.60458	6.89631
-5.45048	7.93313
-5.67507	6.82946
-8.10273	7.90513
-5.87543	7.04583
-7.63286	7.70424
-8.03254	8.78488
-7.55092	7.32663
-6.17365	6.76968
-7.62072	6.84411
-7.85748	6.26004
-7.94385	8.46323
-2.03499	5.45701
-8.06187	7.9571
-9.00032	6.46416
-8.97994	6.33881
-8.55989	8.58308
-6.77704	8.01334
-5.70538	8.32994
-6.96462	8.69389
-7.38874	8.35964
-7.29798	9.12027
-7.74726	7.19189
-8.23837	9.45967
-5.79912	9.71637
-5.43855	9.28124
-8.0982	8.00777
-8.21727	9.02314
-8.76223	8.03288
-8.1097	9.28522
-6.55447	9.50884
-5.88851	8.00395
-7.22139	10.6736
-8.31571	7.26929
-6.2889	7.7679
-7.4392	8.73954
-6.27005	8.68464
-6.02284	7.25874
-7.17417	7.09366
-8.04028	8.71502
-7.07337	6.62545
-6.76522	8.2371
-5.15531	6.35652
-6.15646	7.21329
-5.51505	7.74297
-8.05908	8.25731
-6.38204	6.63614
-5.96776	7.25984
-6.72458	6.39597
-8.06576	6.65175
-7.00453	7.81301
-6.51629	7.69661
-7.91527	8.76156
-5.77762	7.94388
-8.76857	7.81043
-5.57017	7.40061
-5.14972	8.20885
-7.03085	8.66868
-8.38758	6.11172
-8.49253	7.31829
-6.75899	7.28434
-6.45445	6.74801
-7.41819	7.69054
-7.72439	7.27041
-7.26908	7.83328
-6.62679	9.76997
-6.29084	9.31263
-7.01922	10.3284
-7.16124	8.77626
-5.84842	7.23103
-5.90824	6.68035
-6.10294	5.97393
-7.4258	7.23823
-7.93598	8.24172
-6.93744	6.97285
-6.49371	7.87361
-7.34825	6.57676
-6.56519	9.97319
-6.84766	8.55022
-7.70105	7.20567
-8.19683	6.81499
-7.45449	6.15441
-6.47031	6.42442
-8.17858	8.0812
-6.7656	7.12973
-0.677314	6.87681
-6.6242	7.21922
-6.41115	8.16299
-6.10099	7.94548
-5.86726	8.10043
-8.00387	7.08678
-7.30889	6.80912
-6.9992	6.97656
-8.07868	7.94363
-8.67653	7.16719
-7.60614	9.773
-5.83414	7.08064
-8.7459	9.77855
-7.56269	7.63926
-8.22388	8.6159
-6.24604	7.4114
-8.95019	7.23797
-6.64361	9.95769
-5.54443	8.33876
-8.92685	8.3787
-6.7289	9.52443
-8.06357	10.1311
-8.69968	7.50083
-6.77958	7.28248
-7.43663	8.82444
-7.5727	9.17326
-7.60766	7.90028
-6.36996	7.51654
-7.22411	7.62794
-5.74828	10.8406
-7.94673	7.13595
-6.14803	6.38626
-9.0941	7.96987
-7.78513	6.79073
-5.92088	9.14803
-6.56125	6.37832
-5.8301	9.25603
-7.91542	8.28935
-6.23265	8.66036
-5.87488	7.00035
-7.01909	8.09287
-7.73332	8.41172
-8.67689	6.36947
-7.83143	6.9733
-7.18125	6.96445
-7.80493	7.18654
-6.10632	9.10161
-4.49509	9.18596
-6.14199	6.08591
-7.4843	8.83971
-7.307	6.87385
-6.41004	8.17707
-7.8336	7.58514
-5.53217	6.80529
-8.19051	6.46419
-7.35862	8.55803
-8.26161	10.064
-8.19287	8.71724
-8.93613	9.56111
-6.78859	8.91461
-8.05773	8.07706
-5.83673	7.61983
-6.61259	10.1693
-7.5023	8.16322
-6.54052	6.69449
-7.44329	6.2127
-6.41284	6.35638
-6.1043	8.84567
-8.25447	8.32962
-6.57208	8.00659
-7.28602	8.05062
-7.04541	6.85401
-5.82875	9.43516
-7.88157	8.56542
-7.81623	7.4068
-8.35972	6.6332
-6.70719	8.38114
-7.80615	7.34406
-8.02531	9.12553
-6.26255	10.2231
-8.99637	7.933
-6.2579	8.73834
-8.58769	7.24872
-6.42673	7.98833
-6.94766	8.93037
-8.04749	7.89875
-7.1545	7.84194
-6.06773	6.15858
-5.43928	8.72021
-7.36187	7.51465
-7.89234	6.05042
-6.08528	8.29999
-5.26524	5.57016
-5.33204	8.4565
-6.4161	9.40508
-7.20493	7.04111
-7.82863	7.1246
-5.05188	8.99506
-6.49866	7.52532
-7.20485	9.00153
-7.49284	8.64859
-8.82453	10.5079
-7.79348	8.32312
-6.7484	7.29635
-5.43563	8.17835
-5.40773	9.13606
-4.80934	6.36395
-8.59841	8.99519
-3.7852	14.5874
-8.71407	7.77299
-8.09933	7.7353
-4.72074	9.97742
-5.57159	9.08433
-7.32652	8.08168
-5.59868	10.095
-7.42314	7.02891
-8.29966	7.16284
-6.89214	6.70422
-5.89816	7.23254
-8.37584	5.93028
-8.25177	8.39012
-8.57203	7.49444
-7.06845	8.64281
-4.81449	7.55977
-8.41928	8.59995
-5.73122	7.2493
-8.68502	8.83867
-7.46715	7.00471
-5.34281	9.62047
-6.74715	6.05595
-7.49471	10.0595
-8.05206	8.37585
-6.54649	9.81695
-5.97742	7.2277
-8.03725	6.70711
-6.21419	8.11236
-6.58145	9.60968
-6.92677	8.1155
-6.37642	6.21231
-6.38278	8.03738
-6.50254	6.59942
-6.53708	6.74231
-7.35954	6.37846
-7.25941	9.18006
-7.61027	8.54129
-7.91775	9.74416
-5.10106	6.39927
-8.23199	7.97295
-8.28923	7.9042
-8.26425	7.20625
-5.79561	7.26
-6.35373	7.19905
-6.45947	7.17932
-7.10609	7.8762
-7.48704	8.8102
-6.18467	5.91153
-7.24595	8.49369
-8.68363	8.04425
-7.66453	7.5343
-7.77054	8.93418
-5.49762	7.29854
-5.59901	8.20364
-5.0833	8.15958
-8.73742	6.96659
-7.77522	8.56054
-8.47742	8.84378
-7.2355	7.90468
-5.94186	9.00647
-9.11907	7.77296
-6.64283	8.92302
-5.10298	8.7602
-6.2472	6.3859
-7.14754	8.69904
-6.87762	9.7097
-8.39692	8.95905
-8.05152	6.68097
-6.04237	7.79845
-6.40026	8.07157
-8.24772	7.97539
-6.90228	7.79656
-7.27737	9.48008
-6.477	6.97252
-7.94037	6.99971
-6.35601	8.82695
-7.42282	7.12133
-6.689	7.01349
-7.70355	9.68361
-8.01075	8.00385
-5.66194	9.02628
-5.59883	6.24974
-8.27732	6.75244
-5.66169	8.14403
-5.27694	6.29539
-7.33749	7.20384
-6.78381	8.1684
-7.36653	8.74682
-6.02751	7.18944
-6.65496	8.18755
-5.73545	10.1449
-9.00274	7.39288
-8.58446	6.38655
-5.7694	7.24951
-6.21431	8.50784
-7.68008	8.16611
-6.79664	6.98258
-8.16927	7.58553
-6.60441	6.89689
-6.81149	8.89938
-6.70824	8.7532
-7.52168	7.17465
-9.14604	6.02594
-6.42777	8.98839
-7.88003	8.48901
-7.74799	7.89135
-8.37856	8.61078
-7.75578	7.04842
-7.71956	7.02372
-6.34643	7.57175
-8.43966	7.74005
-6.70263	11.0466
-6.39577	8.66217
-7.31891	7.73596
-6.12562	6.49675
-7.48053	7.66317
-6.03373	7.08499
-8.01339	6.95579
-7.00915	6.7376
-8.12491	6.69323
-5.54595	9.71622
-8.63492	7.73661
-6.17535	6.0837
-7.75002	6.86734
-6.61725	7.7666
-8.69831	8.01264
-6.96743	10.9136
-8.76749	8.10361
-7.36222	8.63418
-6.45825	8.57508
-7.71599	9.13324
-7.49295	8.85118
-5.75207	8.57035
-8.24514	5.98431
-7.08889	7.31302
5.79107	9.64396
-6.17465	8.9692
-7.77027	8.74893
-1.07896	7.94929
-7.9263	7.13867
-8.44108	9.23743
-4.32394	6.53907
-7.22997	8.3393
-6.58144	8.24723
-6.62463	7.27883
-6.90405	8.49786
-7.88448	9.4451
-6.5443	7.87822
-8.28745	6.12304
-7.78668	6.99506
-5.74188	6.5182
-7.2009	7.65783
-7.66238	7.27939
-7.77901	7.96635
-4.16796	6.05329
-7.87537	7.96025
-7.32977	7.25147
-5.95144	9.94454
-7.44694	8.81123
-7.5004	7.77856
-7.16615	9.74569
-6.56884	8.60053
-6.79467	6.18913
-7.98871	8.32343
-5.65048	6.51066
-8.75053	8.11277
-7.33077	6.56394
-5.44401	7.06162
-8.84301	7.92822
-6.89954	7.1481
-7.31601	6.5704
-8.06445	7.86379
-6.08827	7.87827
-6.31227	8.96417
-4.71513	11.3096
-6.04971	7.2596
-8.56919	9.29149
-8.43774	6.65259
-8.92425	6.81867
-7.32462	7.49771
-7.40014	8.32558
-9.03702	7.34299
-6.66028	7.92019
-6.11642	6.61752
-8.09906	7.07904
-8.68915	6.86677
-5.49877	7.13894
-7.0787	6.88944
-7.1791	9.16582
-7.02013	7.43308
-8.28434	8.45406
-6.40775	6.85787
-5.59827	9.33607
-7.76932	6.78651
-5.72353	7.75802
-5.21776	9.31585
-5.79636	6.45264
-6.94971	10.4273
-4.85049	9.01346
-8.36348	8.25452
-6.69873	8.03219
-6.71659	8.598
-5.72176	8.95517
-6.31152	9.69875
-8.22304	8.0526
-2.92207	8.055
-6.63748	7.19219
-6.07757	6.73172
-6.35897	10.2223
-8.01546	8.23543
-8.30817	8.14628
-6.93357	7.29798
-5.59005	8.31259
-6.4404	6.37342
-8.07802	9.96435
-7.34196	6.37456
-5.94582	7.89703
-4.38479	7.1971
-7.53025	7.30164
-7.36256	8.41391
-6.48506	7.18505
-7.08639	8.84091
-9.066	8.70748
-5.35798	6.86625
-8.28769	7.67235
-7.10165	6.91395
-6.81067	8.64279
-8.5873	7.26448
-6.5218	8.63589
-8.28671	8.71766
-7.32043	6.40397
-8.75404	8.97187
-7.69098	8.96721
-6.93077	9.1166
-6.75268	7.51048
-8.17733	8.56819
-5.71118	7.79918
-6.37095	8.22131
-7.08203	8.5702
-5.80143	6.77604
-8.70928	9.17734
-5.7069	7.30816
-7.66291	8.33527
-6.77154	6.25397
-7.79199	8.29606
-0.304661	10.2841
-7.23847	10.0157
-8.85297	7.52395
-5.30649	6.53059
-5.86446	9.5774
-6.88849	9.24057
-6.43252	8.41014
-6.46815	7.20835
-7.14187	8.13218
-6.35289	9.27618
-6.24805	8.96458
-7.5097	7.79361
-8.84914	7.49247
-4.91954	9.27641
-6.62021	7.6394
-7.4379	7.97119
-7.46918	6.52705
-7.68035	6.44342
-4.81297	4.65374
-8.77545	7.10454
-5.31911	9.82096
-6.6393	11.1721
-7.02314	8.42707
-6.15515	8.21368
-6.62801	8.90813
-7.87692	7.84371
-8.42539	8.87045
-5.06272	6.06299
-6.77305	6.99748
-5.54649	6.54844
-7.98821	6.68259
-7.00205	7.14904
-7.58218	7.44293
-6.67101	7.30919
-4.759	8.48795
-5.84255	8.28414
-7.44075	6.34256
-8.42355	8.19761
-6.60917	8.36415
-8.84167	9.41646
-6.3762	7.16152
-8.81798	7.66849
-5.21459	7.565
-6.32202	6.43688
-7.96682	9.27145
-7.31601	6.78269
-6.35138	9.1607
-8.90525	8.27075
-5.65359	10.5493
-6.41438	9.07608
-6.29893	8.63792
-7.84636	6.1457
-6.5508	6.30204
-6.29417	9.00599
-8.24941	8.00469
-8.92056	8.41238
-6.72246	8.70446
-8.03912	8.22594
-8.54233	8.30124
-8.82757	7.30413
-6.79893	7.47055
-6.62946	6.31963
-5.1961	8.97229
-6.72767	7.16396
-6.20992	10.9098
-6.57815	6.5615
-7.08987	9.03839
-4.28539	6.62546
-2.30902	12.8398
-6.03714	7.40211
-5.66387	8.79763
-6.02279	7.74869
-6.57835	5.92952
-8.01029	9.5469
-8.20223	6.36523
-5.56373	8.75685
-4.81609	7.65727
-5.4165	10.1067
-7.75599	9.22564
-6.55796	7.86795
-7.09793	7.79148
-7.27068	8.91316
-7.08519	6.74793
-7.34766	8.97761
-6.27952	8.21434
-8.94283	8.27322
-6.41243	8.41318
-6.40499	7.67044
-6.56492	8.26997
-6.73244	8.99825
-7.89338	8.69198
-7.59966	9.22182
-6.90372	7.65034
-8.92267	8.39108
-7.47891	9.84725
-7.59252	6.02963
-8.68682	6.26904
-6.77875	7.18783
-5.03341	5.7747
-5.41354	7.43553
-6.77195	9.08151
-4.87592	8.17918
-7.81016	8.05651
-5.63782	6.32074
-6.25958	8.56308
-6.42948	7.99728
-8.12288	7.09206
-7.22638	7.55712
-6.2993	8.31386
-6.48568	9.3196
-6.2786	6.05957
-6.13109	8.15622
-8.58482	8.98688
-5.98568	5.9357
-4.49504	8.57086
-7.64727	7.66371
-6.65394	9.6392
-7.76955	8.18266
-6.68288	8.74927
-8.50428	6.39625
-5.43444	8.8723
-7.62836	8.00546
-8.33583	7.52528
-5.96213	6.39191
-7.92225	7.45083
-7.82526	8.50309
-7.55597	8.76053
-6.83097	8.72114
-4.72475	7.59796
-7.25873	7.02201
-7.26305	6.37032
-8.57505	8.63506
-6.56435	6.37022
-6.53202	7.00559
-8.05012	7.32494
-7.11538	6.31682
-7.24049	8.78826
-7.56313	7.07017
-6.43939	9.41618
-4.9463	8.5148
-5.43787	6.36621
-5.9697	6.65931
-7.01462	7.22138
-5.96182	8.82165
-7.26354	8.56641
-8.02323	8.77153
-7.96908	8.49074
-7.13825	7.68988
-7.77243	6.30449
-6.39949	6.43073
-7.65766	9.49289
-6.32909	8.34087
-8.09458	7.42931
-6.85944	8.45584
-6.77903	7.24959
-6.5644	8.80578
-5.82704	7.7978
-6.7223	8.45669
-6.22941	6.55704
-7.07428	6.5385
-8.22618	7.63096
-7.50304	8.30921
-8.88452	7.14013
-6.07127	7.30303
-8.00359	6.52623
-5.03498	7.01565
-6.11799	8.62756
-8.1326	6.61366
-4.43842	7.16455
-7.79177	6.18466
-6.30709	8.83685
-7.75555	10.1613
-6.76635	8.29596
-7.06236	7.20179
-5.91817	7.01999
-6.61776	10.3319
-7.81509	7.78654
-4.67469	6.72687
-5.62749	8.09433
-7.94974	9.57617
-5.14563	9.0755
-7.65509	8.83518
-9.00499	9.56747
-8.42666	7.97159
-8.13092	7.92829
-5.70029	9.06723
-5.93216	6.86062
-7.70503	7.05084
-7.91368	5.95245
-7.12814	8.93348
-7.57725	8.06714
-7.79494	8.5961
-7.0919	8.97747
-8.27843	7.81738
-6.85231	8.15588
-5.84011	7.69595
-8.33195	7.48141
-5.58719	8.28628
-6.53733	6.18447
-7.27036	7.51935
-7.31615	7.29024
-8.54052	9.11539
-6.49395	8.10289
-7.52436	9.74694
-6.58919	6.70893
-6.41693	7.60933
-7.23299	7.64794
-6.40932	9.65651
-8.22941	7.04877
-4.75426	8.88071
-7.43222	9.65054
-6.98153	8.14135
-4.08678	8.49162
-5.28084	8.04396
-8.19846	6.58497
-6.94162	8.16944
-6.94894	7.66806
-8.59169	8.52609
-6.52183	8.03612
-8.34131	9.23884
-7.94757	6.48486
-6.39297	7.19828
-6.26828	9.87644
-6.05179	6.67775
-6.03377	8.86149
-6.7941	5.79673
-3.96288	6.56452
-5.65137	8.89499
-5.79494	8.40822
-7.47913	9.32236
-6.46456	7.02159
-8.52713	8.95724
-6.95302	7.09149
-5.92517	14.1722
-8.10405	7.96997
-8.39451	8.69061
-8.10209	8.35137
-6.82498	9.26758
-4.82705	7.24844
-6.31131	5.89545
-6.22668	6.26257
-5.97488	7.41051
-5.84759	8.80247
-7.19519	6.51704
-8.55248	6.9184
-8.57875	8.34348
-3.30427	8.6771
-7.84295	8.6395
-6.13182	8.26422
-7.68816	8.01784
-8.57725	7.06204
-7.85599	7.2162
-5.72525	8.05757
-8.35255	6.72344
-6.90542	6.74024
-6.05527	7.79207
-7.47142	7.52747
-6.10729	8.8499
-7.06511	8.33432
-7.33185	8.35125
-7.90449	7.12067
-7.31815	6.83301
-7.56674	9.27293
-4.02982	8.19113
-7.54535	10.4218
-6.53745	8.91715
-7.3673	8.07925
-6.62942	8.07632
-6.9394	7.3216
-7.36439	7.40812
-7.90966	7.03357
-5.86638	9.05967
-4.56884	7.51139
-6.4175	9.71041
-8.07648	7.14837
-6.86161	6.509
-8.34766	7.6254
-4.89016	8.40579
-8.06313	9.24019
-6.71551	8.46223
-6.27002	7.87091
-7.01343	6.51732
-6.67178	9.06959
-6.13109	8.59995
-7.4016	8.57796
-6.74193	9.90752
-7.41273	8.02641
-5.6289	7.24228
-7.80359	8.17062
-7.99282	7.5975
-6.76781	7.5798
-8.67542	8.27313
-8.19916	7.99192
-6.74004	10.2404
-7.65287	7.83011
-6.63011	6.75168
-6.54477	8.71494
-7.46894	7.77542
-7.35873	7.13504
-6.85724	8.63154
-9.11948	7.03657
-8.03278	7.49456
-8.12112	7.94936
-8.15731	6.56325
-6.52801	8.88812
-6.20364	8.76776
-7.47146	8.25052
-6.11477	7.76154
-7.88897	6.85837
-8.32224	8.26968
-7.18473	8.13771
-7.42195	7.61705
-6.01017	7.68354
-5.29991	7.91682
-7.54504	9.12849
-7.04134	7.67119
-8.60321	8.84393
-6.54689	7.74959
-8.14219	8.4406
-7.4267	10.3695
-7.15508	6.02581
-6.90014	7.04504
-8.23923	8.70914
-7.83453	9.67475
-9.00949	7.35283
-7.98388	8.77853
-7.71671	5.86715
-6.71314	8.86381
-6.37656	7.84114
-7.75237	9.49609
-7.06971	8.81074
-5.38504	8.55737
-6.47262	7.21631
-6.95844	6.5835
-7.32896	8.7924
-5.68986	8.84624
-6.54749	7.55253
-8.22883	7.40767
-7.17225	10.4026
-9.00885	6.42131
-7.489	8.85778
-6.60641	9.28378
-6.2957	8.02679
-4.57702	6.44728
-6.77505	7.3416
-6.5731	9.14643
-6.78784	8.8485
-8.37922	7.92109
-6.25785	7.49582
-6.07449	8.16094
-8.69025	7.14552
-4.60177	8.73902
-9.02398	8.91561
-7.30386	8.10404
-6.13603	7.25509
-6.26849	7.29317
-6.62519	8.1125
-6.81611	8.49283
-7.35958	8.90601
-9.19426	7.55469
-5.7925	6.60894
-6.71618	7.59217
-7.21653	9.09884
-6.21696	9.06854
-8.11636	8.54476
-8.52811	9.00236
-7.9057	8.9908
-6.30535	10.2645
-6.50675	9.63945
-5.35957	8.5371
-5.99409	6.76986
-8.80201	8.54819
-7.14373	6.85789
-6.254	8.31492
-7.10616	9.2808
-7.0667	6.21117
-5.86294	10.1688
-5.87762	7.57618
-6.53533	6.18658
-5.44873	8.28721
-8.22484	8.65169
-7.31597	7.54805
-6.22559	6.76144
-6.41126	9.91286
-5.40796	6.97047
7.21875	10.6193
-8.01527	7.07342
-6.92931	6.52299
-6.62434	8.99988
-6.71412	5.9595
-6.86364	8.19499
-6.31803	7.6826
-7.739	7.92871
-7.41812	9.68464
-5.48303	6.70047
-5.59089	6.79322
-6.28856	8.42531
-6.79334	6.51791
-7.86349	8.61401
-7.91569	6.76603
-8.02376	7.64698
-8.64131	8.70614
-6.26236	9.09584
-8.49993	10.1108
-5.22307	11.2268
-6.62288	6.48431
-7.50434	7.06394
-5.23532	7.60694
-5.05591	8.17649
-6.90403	9.15382
-6.36547	9.7391
-6.41452	7.30755
-7.91261	8.11691
-7.78654	8.19336
-7.51461	7.52032
-5.54891	7.94307
-8.30821	6.93768
-8.48042	8.6616
-7.85641	9.25741
-5.70552	7.01752
-5.4398	8.60823
-7.45329	7.5286
-8.01306	7.63507
-7.44782	7.61104
-5.00473	7.53706
-6.77628	7.1578
-7.20539	8.56244
-5.90017	9.72504
-7.10342	8.04352
-8.11753	6.8771
-7.37892	9.10988
-5.86746	6.06108
-4.38702	8.1008
-7.15189	7.27925
-7.25165	7.3147
-4.2239	8.21725
-6.72013	5.95277
-6.78415	7.15358
-6.67873	7.34225
-7.46233	9.20491
-6.32003	6.55932
-7.73941	5.85011
-6.2644	6.54549
-7.45716	6.52443
-8.06791	6.733
-8.29145	8.72444
-8.02149	7.08909
-5.21926	7.70311
-6.84597	7.94745
-6.51947	8.3915
-7.46596	9.8059
-6.18242	8.07769
-6.58837	6.89756
-6.208	6.86672
-7.29863	6.74804
-6.15552	7.39308
-8.82653	9.10902
-6.13984	5.43775
-6.43171	7.75179
-6.87756	7.20818
-8.7089	7.4296
-7.14401	6.7495
-7.23308	7.70873
-7.66226	9.04953
-8.39644	8.81522
-6.30121	8.03543
-7.13134	7.38365
-6.4124	7.83836
-5.93728	9.04964
-8.4305	6.95764
-8.91521	7.66493
-7.00635	7.7055
-5.57604	7.26197
-8.39589	6.36598
-8.36678	8.56386
-8.01201	6.96982
-7.08191	7.21637
-7.13051	6.77486
-6.816	8.37495
-5.4274	10.4889
-8.05598	9.03847
-6.59882	9.42732
-7.05834	7.99526
-5.96786	8.91087
-5.92791	8.36301
-8.09633	7.43723
-5.87353	7.57851
-5.88742	6.35857
-8.35019	6.34084
-6.88475	7.57561
-8.9753	6.4918
-6.34438	6.68316
-6.87681	8.67762
-7.89274	9.11791
-6.86816	6.41605
-8.46871	7.27722
-7.3125	6.3031
-6.48397	9.39302
-7.22094	8.63213
-8.17558	9.60627
-8.33146	7.22139
-6.05273	6.04753
-6.67603	7.20289
-7.66435	8.69327
-7.95584	7.66027
-6.78539	6.93685
-6.87986	6.08945
-6.69853	8.99536
-5.81835	7.63703
-6.11554	9.76671
-7.2347	7.99656
-7.70773	7.88592
-6.10883	7.89298
-7.88235	8.45804
-6.85662	6.69556
-6.76874	6.71024
-8.11399	7.87001
-7.55747	6.00764
-6.36584	7.86745
-6.62092	7.70053
-6.39958	8.23382
-5.85929	7.09806
-8.41406	7.6022
-8.87477	6.83545
-5.78291	8.80598
-5.8862	7.62562
-5.91213	6.02056
-5.71426	9.43012
-6.37881	8.94058
-5.57127	7.55498
-8.53265	6.67568
-7.91938	7.78075
-8.39931	9.37756
-8.40558	10.2204
-7.19346	6.06037
-8.64688	8.48513
-7.95054	8.7908
-7.98092	7.83346
-7.20307	7.669
-6.74052	7.82777
-6.26078	6.54733
-8.31256	8.97698
-6.55128	9.10919
-8.17757	8.22333
-8.97053	6.92748
-6.39033	7.56694
-7.71751	8.16779
-7.35629	7.43966
-6.63649	7.02357
-6.29559	7.46984
-5.32126	10.113
-8.80027	8.68758
-5.62031	7.41363
-6.04074	8.52545
-5.48021	7.00882
-7.14438	7.28742
-6.02307	8.90422
-8.82397	7.72619
-5.2311	8.11444
-7.92559	6.52408
-7.09798	8.52778
-7.85016	7.46585
-3.85892	7.73608
-6.23476	8.08148
-6.95462	8.30795
-6.78763	9.17466
-5.36534	9.30103
-8.37125	11.3162
-6.98518	7.15645
-6.37593	8.65861
-7.1854	8.07007
-6.7622	9.07662
-6.2983	8.2472
-6.49853	7.79062
-6.60631	8.67791
-7.10734	9.64595
-7.16059	8.43328
-8.70943	7.67095
-7.13461	9.47665
-3.33106	12.5392
-6.44927	8.10351
-8.71318	8.93134
-6.28184	8.86481
-7.79905	9.56769
-6.70694	8.35559
-6.37642	8.26129
-8.43882	6.6762
-4.2855	5.80219
-7.46302	8.16655
-7.80718	9.11844
-6.59374	8.34891
-8.12919	8.12949
-6.59671	7.40843
-6.22435	7.42152
-8.15361	8.95632
-8.5468	6.31366
-8.26692	8.4967
-6.99618	6.70451
-8.37347	7.61333
-5.80419	6.71296
-7.27762	8.02649
-8.44413	6.75957
-8.49768	6.75656
-7.55694	8.815
-6.28644	7.32576
-5.85496	9.60844
-7.59243	8.97832
-5.1643	7.73656
-8.99293	7.01363
-7.43886	7.62921
-5.98742	9.18064
-7.98124	7.88211
-7.51301	8.35594
-7.75865	7.8194
-7.56486	6.32926
-7.1333	9.93437
-7.98498	6.39421
-7.18599	6.31233
-6.51389	8.75889
-7.74397	9.44766
-8.86572	9.79319
-7.9872	7.33861
-8.43752	9.87439
-5.55449	6.17888
-6.80294	6.98437
-5.36932	6.39585
-6.14046	7.03898
-4.86468	9.03127
-8.13549	6.97765
-7.98726	6.79962
-7.41612	7.89367
-7.41862	7.56056
-8.27331	8.60175
-7.35126	7.78575
-5.37832	7.62654
-6.85034	8.12672
-7.57066	8.193
-7.12942	6.41361
-5.26734	9.16037
0.908014	4.61071
-5.54764	9.91796
-7.315	6.0801
-8.71639	7.75977
-6.38336	8.58667
-5.22553	4.91428
-8.53807	7.14962
-5.36395	6.80971
-5.9427	7.86175
-5.75754	7.30693
-5.37564	10.1909
-8.50647	8.95411
-8.41747	6.7804
-7.73497	9.15348
-8.33441	7.42758
-5.07803	8.3039
-8.09985	9.08249
-7.52258	8.62218
-5.5593	7.04956
-8.49774	7.20079
-7.1243	7.60796
-6.65888	10.0616
-7.69475	6.49452
-6.64853	7.71705
-6.36557	7.14625
-8.5622	7.07867
-6.34366	7.70128
-7.22681	9.30037
-6.93692	7.35758
-5.86296	5.01843
0.0889938	5.49421
-8.67984	7.06323
-7.69268	8.89859
-6.19958	6.06425
-7.64254	10.7158
-6.192	7.79156
-8.01258	9.03247
-7.65877	8.86105
-6.22596	6.95218
-9.05823	8.17308
-7.91492	6.59745
-5.6612	7.87673
-7.32835	6.15489
-8.1415	9.06118
-6.61318	8.89462
-6.1885	8.28999
-6.00807	6.8809
-6.82913	7.90197
-8.03973	7.33572
-7.94682	8.22655
-6.63604	7.01803
-7.00861	7.66404
-6.45239	6.87182
-6.37872	9.67691
-7.8543	7.30523
-6.01072	6.64128
-6.32218	10.2587
-8.78925	7.91692
-7.87652	6.53058
-7.23047	8.62124
-8.05092	8.82614
-6.77995	8.93785
-8.09915	6.6742
-5.90998	8.82501
-8.00815	8.53637
-5.12121	9.0676
-6.6159	8.57718
-7.53756	8.20206
-6.14971	8.91862
-6.05704	6.78436
-7.45969	8.53197
-7.74759	9.36178
-5.62549	6.9531
-7.29335	8.58891
-5.20511	8.66176
-7.75247	8.40967
-6.0446	6.0998
-7.28626	9.78604
-8.49125	8.78237
-5.71884	6.46644
-6.13298	7.24059
-6.89882	6.72429
-7.75741	7.37077
-7.89602	6.03592
-7.85893	8.28422
-8.07212	7.92445
-8.28983	8.02989
-8.59684	6.70394
-7.73978	9.00759
-7.58743	8.32782
-7.65123	7.20651
-6.6333	6.88999
-6.71895	6.59914
-5.34548	6.21474
-7.90254	6.04283
-6.93242	8.71479
-5.59452	7.67562
-6.17285	8.64605
-6.78346	8.21619
-6.91408	7.51265
-6.97317	9.32679
-5.38182	8.95435
-5.77235	8.22289
-5.23932	9.44866
-8.6299	7.2185
-8.26033	7.70308
-8.35539	6.41573
-7.40704	7.63412
-7.93358	6.24555
-4.19421	7.82046
-5.47515	6.96784
-7.80143	7.91571
-7.43706	7.32573
-5.29248	5.69586
-6.53495	8.88993
-7.92688	6.32809
-8.17661	6.64659
-7.93103	6.45379
-6.70574	7.30145
-8.71138	8.04571
-6.19632	6.30109
-7.28147	7.44852
-4.64923	7.64493
-8.04796	9.71937
-6.66207	8.34549
-6.70924	6.62992
-2.81663	5.68861
-6.76762	6.85591
-5.90765	8.58296
-5.3816	9.4612
-0.234753	10.1009
-7.27859	6.43272
-8.21383	6.40393
-7.32521	10.6332
-7.13137	7.69085
-7.63787	7.54668
-6.22175	8.57405
-6.82108	8.27393
-6.13053	10.9859
-7.52873	7.66239
-5.26952	7.93193
-5.24429	7.71007
-7.56117	7.44428
-4.20444	6.90038
-8.37909	8.83586
-5.81253	7.64415
-7.51515	6.67713
-6.7637	9.48498
-6.51833	7.142
-6.66583	8.41122
-6.54554	8.49332
-5.92736	7.71282
-6.15078	7.73257
-8.19245	7.74729
-8.56199	6.3376
-6.57461	6.4013
-6.73421	7.50417
-7.38775	8.81133
-6.59128	8.06658
-7.10053	9.06373
-6.74064	6.26725
-3.11897	4.60003
-6.01994	9.32723
-6.68752	7.4861
-6.18735	7.7848
-5.41208	8.34235
-8.63396	7.31312
-1.50355	13.8883
-6.42189	8.8026
-7.17106	9.31873
-8.89869	6.25061
-8.84433	7.3547
-5.87017	8.77702
-7.67163	7.26985
-7.47777	6.54985
-8.56309	6.19941
-7.16289	6.74287
-8.84146	8.20444
-4.54677	8.85959
-6.66527	6.42217
-6.16504	7.90739
-7.11581	8.2493
-8.76672	6.19094
-8.12927	6.06073
-6.82292	7.38811
-7.19572	6.81139
-6.91965	7.32163
-6.70905	8.9509
-7.39263	10.201
-8.61263	8.60661
-8.06426	8.10203
-8.98313	6.841
-5.43968	8.68069
-7.96134	7.68232
-7.45442	10.897
-8.86023	6.83941
-5.71788	9.34047
-6.66855	7.38276
-7.52123	6.5284
-7.35874	6.22936
-8.22648	8.16477
-8.74102	6.81862
-8.23902	5.88837
-7.7127	10.0132
-6.78033	7.27899
-5.9769	8.50811
-8.87818	9.06957
-7.72033	9.11831
-4.80188	7.61924
-6.25284	7.55067
-6.66117	8.58604
-6.69618	11.7042
-8.31185	9.3964
-6.20386	8.25136
-7.11946	7.56299
-5.78962	7.29571
-6.08213	9.00116
-7.78855	8.08777
-6.59904	6.91656
-7.43677	8.76595
-7.01548	7.55944
-7.2991	8.86563
-5.53045	8.84302
-6.54632	8.05247
-6.76282	8.70687
-7.99684	8.01549
-4.94232	9.10437
-8.62146	6.46915
-7.07927	7.5313
-8.0108	7.46806
-8.75333	7.60046
-8.13916	7.41067
-6.44146	8.57412
-6.73079	8.53844
-4.15612	9.4808
-3.2363	11.2865
-8.24816	7.88224
-7.38782	6.84136
-6.09088	7.28147
-7.90171	6.9291
-7.6895	6.87575
-8.06315	7.28406
-7.2363	5.94192
-7.36341	6.98153
-4.23408	7.17283
-6.90655	8.50914
-7.06877	7.74336
-7.43335	7.43376
-7.40428	10.9248
-5.64837	8.04457
-7.81954	7.53376
-6.02825	7.6664
-8.05939	8.03569
-7.12976	8.25045
-5.98919	7.47844
-8.31916	9.07591
-8.45067	7.70645
-8.46746	8.48697
-6.39172	9.71079
-8.14582	10.8153
-6.63102	7.70765
-8.72425	6.36331
-8.49462	7.7035
-8.96075	8.18425
-2.24653	6.32224
-7.37556	8.56345
-5.81593	7.63241
-8.21989	7.15437
-8.76852	8.49766
-6.97581	8.16306
-7.29898	8.38266
-7.93965	6.7869
-6.53057	7.714
-7.31982	7.0067
-6.20957	8.65214
-5.82759	7.01412
-8.64876	9.36785
-7.22239	6.65921
-5.18645	6.43415
-8.37643	6.82435
-7.13045	9.82687
-8.35892	6.62002
-7.97823	9.39253
-5.66414	8.75054
-6.77659	6.96532
-5.9317	7.70193
-7.06192	8.8811
-6.51609	7.21912
-7.19929	7.57981
-6.04975	8.227
-7.21739	8.38047
-4.52005	8.02355
-9.04192	7.38447
-5.60998	6.88975
-7.84206	9.6183
-6.63559	9.38003
-7.40564	7.1813
-6.27749	8.35913
-7.32277	8.4145
-4.57209	8.40385
-8.89981	7.40045
-6.47382	7.20044
-7.01042	7.74487
-5.59697	7.62603
-6.00835	6.5024
-6.13006	8.39347
-7.85403	8.75724
-6.76505	7.95062
-7.12004	8.6789
-5.83929	5.91753
-7.13504	6.2188
-5.89289	7.20289
-6.97693	8.00234
-6.65836	7.20594
-6.64035	7.50686
-5.2997	8.6446
-6.57017	7.6825
-6.99831	7.76578
-7.01406	6.07205
-6.24256	8.38348
-5.85086	6.18617
-4.87229	8.7846
-4.47342	7.73275
-6.66906	7.61063
-6.23381	6.99032
-6.5333	7.21652
-7.00313	6.2293
-7.1121	8.91615
-7.66645	7.35694
-6.25984	8.46051
-6.48289	8.93422
-8.72906	7.97389
-5.94388	9.6171
-6.36922	7.71815
-6.13163	6.68879
-6.71975	6.08718
-8.26316	8.27084
-8.16181	7.9625
-7.13265	7.81034
-6.68493	8.34187
-6.44549	7.27448
-7.53122	9.03687
-6.6173	8.44558
-8.37079	8.41133
-7.74061	6.9508
-5.51217	8.8431
-8.35196	8.70025
-6.64117	7.3086
-6.55231	8.16908
-5.32045	8.25739
-7.31681	7.79533
-6.55498	7.85855
-5.74171	9.40718
-8.24296	7.84337
-7.50817	6.34098
-7.18708	7.7174
-6.11317	7.3118
-8.27257	9.01727
-8.59853	9.0312
-6.42213	6.84085
-7.99208	8.01017
-6.45951	7.65364
-6.76807	7.81855
-5.48351	7.28351
-7.34379	7.46663
-8.12681	7.65628
-6.8872	7.34521
-7.83492	7.52239
-7.46578	8.05347
-5.94569	8.47007
-8.24321	8.13788
-7.63487	7.13975
-8.73566	7.495
-7.0931	6.42804
-5.59995	6.47663
-7.177	6.59706
-7.81836	7.25544
-8.54087	6.70121
-4.62648	5.94156
-6.48975	7.18296
-6.21448	9.42978
-6.98639	8.48802
-5.93559	5.97088
-7.39002	8.86974
-7.7165	7.50615
-6.67507	7.59311
-8.66105	8.12257
-7.20012	8.11309
-7.33893	7.1981
-8.76874	8.01252
-6.03676	8.60464
-5.61672	6.9985
-4.0633	9.32533
-6.21234	8.40767
-7.74098	8.85445
-7.22034	8.02664
-6.53335	8.88081
-8.74274	6.9394
-7.00942	6.88943
-7.00296	8.31081
-7.46072	9.58506
-7.77043	8.3038
-6.67647	8.81737
-6.39829	6.71518
-8.81429	8.73468
-6.63057	10.2407
-7.30341	6.30105
-8.46299	8.81249
-6.83252	9.73488
-7.09154	6.27192
-7.21863	6.69779
-7.40899	8.88426
-4.70593	5.24227
-8.27917	6.88809
-7.82056	6.67088
-8.72916	8.1387
-8.90643	8.47487
1.38141	12.005
-6.27658	9.63339
-8.23074	8.796
-8.4388	8.74909
-7.19665	7.02307
-7.4809	6.65486
-5.35157	8.19539
-6.90789	8.00824
-6.17207	10.5795
-6.75984	8.75442
-5.3317	8.95572
-8.60312	8.60727
-8.03023	10.4145
-8.32791	7.55286
-7.65766	6.42947
-5.85206	6.81805
-5.45071	8.1078
-4.93497	5.23937
-5.24684	8.13867
-8.00063	8.07476
-7.24559	9.46315
-8.46992	7.33777
-8.26803	6.97294
-6.67059	8.20862
-6.68244	5.83387
-6.70175	7.1478
-7.98264	6.70631
0.805431	-1.43559
-5.78107	9.48522
-7.46386	8.4363
-6.6471	9.32837
-5.35271	6.83783
-8.76176	8.0576
-6.56572	8.25149
-9.11264	8.98117
-6.85056	6.88412
-4.21633	9.93063
-5.99732	7.46297
-7.17513	9.12901
-5.48588	8.04452
-6.67325	6.5067
-7.24555	7.66831
-8.22276	6.06581
-8.21958	9.0055
-6.23044	6.38214
-7.39555	5.77942
-8.05758	6.61256
-6.87241	7.34247
-7.26049	7.3665
-6.67015	7.8032
-7.53484	6.36371
-8.60602	10.0196
-7.37642	6.20039
-8.10442	6.27458
-3.90841	6.9159
-6.85607	9.02214
-4.73283	7.40581
-6.05257	7.66289
-6.0853	9.08314
-6.19823	7.15189
-4.90773	7.8929
-4.89412	9.29169
-8.21288	7.36314
-5.57164	6.74982
-6.56419	7.31733
-8.19268	8.85674
-7.08686	8.65178
-6.64623	7.21387
-5.64221	9.69781
-7.99951	6.37096
-6.87666	8.98524
-4.8732	7.65518
-7.18521	8.02622
-7.78146	7.4884
-6.90352	6.86304
-5.6367	9.00152
-5.89945	7.00836
-6.84513	8.25544
-6.11262	8.62472
-7.41231	7.18961
-7.0855	9.20649
-3.1196	5.07761
-6.95829	9.2569
-7.37277	9.51945
-7.90201	9.09198
-8.05637	7.84622
-5.94718	7.31249
-6.96274	10.1766
-7.31873	6.31394
-6.4758	8.08059
-8.47683	8.29509
-7.52587	8.68446
-8.91637	8.1374
-6.41772	8.08037
-5.94704	8.54548
-5.86808	6.44739
-5.97694	7.94323
-6.55095	7.83803
-7.83875	6.05401
-6.62662	7.63267
-6.32271	8.04299
-8.56089	7.33556
-5.63527	8.23999
-5.83552	7.8276
-8.00336	9.31425
-7.32319	7.5692
-8.12516	5.90104
-5.75256	6.4815
-7.55893	6.48986
-4.72022	4.88471
-6.00374	7.35046
-8.07824	8.46983
-6.42396	10.4924
-6.0474	6.05078
-7.31625	7.49522
-6.41856	8.48368
-7.00518	8.87432
-8.50924	6.75255
-6.55469	6.84616
-7.63152	8.59564
-6.03025	9.31312
-8.25994	8.81351
-8.37046	7.9507
-6.92665	8.84046
-5.61847	7.07587
-6.58127	10.289
-7.36874	7.93362
-5.86988	9.83561
-7.32457	8.72773
-5.46621	7.37385
-6.0764	7.31686
-7.62154	6.76995
-7.91417	7.29307
-7.7054	8.2538
-5.22991	10.2111
-9.03044	7.29306
-7.04676	8.64338
-7.81613	7.26898
-4.86818	8.57674
-7.15411	9.02209
-8.29719	6.42053
-7.88088	8.50434
-6.75386	8.54192
-7.2862	6.46095
-6.95974	10.0175
-7.62403	14.6389
-6.44614	9.06454
-8.29522	6.80839
-7.1345	9.65272
-7.73109	7.16777
-7.45194	8.67275
-7.60937	7.0018
-7.12396	6.87581
-7.65722	10.4747
-7.48089	9.27132
-8.15112	6.80499
-8.36809	9.75132
-7.40263	9.96928
-8.44403	7.72723
-7.33694	7.14013
-6.74565	8.38338
-8.37427	7.42914
-7.63759	8.20365
-6.467	8.89778
-6.75769	6.40316
-6.97072	7.6499
-5.86684	6.808
-7.6832	6.98691
-6.60856	8.21071
-6.0371	6.50531
-7.20797	8.29784
-6.82855	6.69506
-7.5818	9.05808
-6.38614	8.57523
-6.29308	6.40144
-7.65133	7.32206
-5.14897	5.33276
-5.59721	7.86617
-7.57857	5.94238
-5.81681	8.88627
-7.00883	8.47116
-7.44049	8.74375
-3.62659	4.43708
-6.62253	7.90319
-8.01711	7.98873
-7.24678	7.78603
-7.54035	9.58181
-6.6564	8.03697
-5.69272	7.40715
-7.14176	7.57817
-7.91181	7.82417
-6.66152	8.65567
-8.19785	7.0286
-8.66441	9.20658
-6.1499	7.44344
-7.95926	8.54881
-7.86406	8.51269
-7.56903	6.64044
-8.59696	6.70557
-8.16242	8.6536
-5.58393	7.11238
-6.1496	8.82123
-6.32176	8.86804
-7.97427	10.2792
-7.36809	8.5814
-6.31435	8.81855
4.21412	14.7725
-8.42707	9.10406
-8.31048	8.78645
-7.37836	8.08249
-8.52073	7.68558
-5.6318	7.62661
-6.19013	7.55847
-6.43396	7.19082
-6.76888	8.03051
-6.71774	7.84885
-6.68649	7.26939
-8.2699	8.86271
-8.56799	7.15518
-8.07656	7.20823
-6.15315	8.55427
-8.57163	8.56617
-8.44464	8.53565
-8.4035	8.06861
-7.17116	8.117
-6.39646	10.6035
-6.02486	7.71482
-7.25662	8.59328
-5.96599	9.4023
-7.6099	8.73406
-7.05148	8.79693
-5.87192	8.18368
-7.97887	6.24552
-8.97683	6.91867
-5.6152	6.30362
-7.83574	6.89237
-7.05105	8.41765
-6.19197	7.1427
-4.82608	8.6625
-8.83576	8.98366
-8.85683	8.59675
-6.8262	8.87495
-6.28847	8.78216
-8.17677	6.54913
-6.02642	8.15216
-6.20361	8.83268
-7.88376	8.18079
-6.25898	6.09733
-7.06996	8.0085
-7.22443	7.15053
-5.34545	9.32523
-6.95139	8.91695
-7.40963	7.20327
-6.4673	7.76589
-8.50163	8.06599
-7.14294	9.5553
-5.6823	8.24679
-8.57253	7.77453
-7.92872	7.26437
-6.83836	8.03656
-6.10799	7.10063
-6.30472	8.39217
-8.78706	7.065
-6.74946	9.39831
-6.10102	7.90741
-7.00188	7.80524
-8.39814	8.1115
-6.8044	7.27578
-7.0571	6.94698
-7.35847	9.80709
-8.41961	8.43648
-5.51565	6.77104
-5.94212	7.65643
-5.09012	7.14295
-8.58064	6.25026
-7.22226	7.63301
-6.65211	6.9668
-6.63155	6.22344
-6.52916	8.1218
-6.53018	7.43295
-8.13655	6.80235
-6.81956	6.42556
-6.54601	7.91199
-8.07557	6.01059
-5.60692	7.9803
-6.98812	6.60211
-5.96635	7.38628
-8.18252	6.51367
-6.36918	9.94954
-7.49998	7.30727
-7.71785	7.71353
-7.58855	9.57671
-8.04066	8.76541
-6.34895	8.76927
-5.9472	8.95841
-5.8141	7.21114
-5.22148	8.81168
-7.56796	7.84965
-8.47204	8.10134
-6.47896	7.47205
-6.072	6.59746
-6.87242	6.61136
-6.39722	6.6232
-6.31527	8.02956
-6.36639	8.95794
-5.23261	7.63682
-4.36977	9.69598
-7.62006	6.67665
-5.99697	8.88668
-7.11499	7.40936
-8.24701	7.76253
-6.34595	6.01215
-6.71098	6.2338
-8.50714	8.06557
-6.48169	8.36811
-7.17643	6.75753
-6.15917	7.82228
-7.62582	7.86151
-6.57742	11.1872
-6.7948	9.82023
-7.21836	8.18607
-7.67517	7.53587
-7.42463	7.9991
-8.50035	6.63043
-8.17577	6.95399
-7.72428	8.19008
-6.93679	6.77081
-6.84065	7.27309
-7.1669	8.05095
-6.5345	8.75215
-8.1965	10.4565
-9.01608	7.19903
-6.80433	7.31457
-5.83277	6.59125
-7.15297	6.27116
-7.08375	7.63827
-6.15424	7.91415
-8.96438	9.07147
-6.46088	6.71101
-7.99091	7.45587
-7.56154	6.65334
-8.04453	9.8463
-5.11127	10.3115
-8.50328	8.58588
-5.65808	8.7896
-6.83607	8.02151
-6.78403	7.64932
-7.94516	6.81846
-6.91562	8.39495
-7.22896	7.90083
-5.53714	8.07734
-6.59642	6.26782
-5.58889	6.91753
-6.69836	6.80938
-7.80855	8.06276
-5.62419	6.66686
-7.75354	8.07671
-6.18769	8.86242
-8.95666	6.36795
-7.62922	9.13913
-8.40798	6.57778
-6.39182	8.01635
-6.19036	6.60572
-6.65094	10.8467
-6.9099	9.15974
-6.23447	7.56931
-6.56743	7.57871
-7.69973	8.79117
-5.70378	7.57728
-7.62673	7.30264
-7.32105	8.53441
-7.08012	7.17464
-6.79948	7.03999
-6.40033	8.4206
-6.79576	7.08211
-8.59294	6.90474
-5.20803	6.74141
-8.2069	9.2589
-6.16115	7.44888
-5.69711	7.84424
-5.39729	7.09692
-6.45211	7.47502
-7.5616	8.70414
-5.52129	7.63573
-5.86453	8.41373
-6.46979	8.16251
-8.17388	7.12486
-8.83087	5.79899
-7.53518	6.96462
-7.48778	7.05848
-9.02048	8.03036
-7.04922	7.08321
-7.84005	8.03042
-7.67963	9.48944
-8.39225	8.29691
-6.90474	7.89916
-6.08384	9.797
-7.17616	7.31239
-6.29912	9.04464
-8.00319	7.73763
-7.5667	8.11187
-8.55558	7.84203
-7.04408	9.32492
-7.28421	8.93501
-6.74882	8.4755
-5.98203	7.29473
-6.4459	6.964
-5.48951	8.04946
-8.01778	9.3604
-6.86583	8.06721
-8.56487	5.88283
-5.85407	6.55709
-7.34195	7.81011
-8.03107	7.732
-5.62575	7.17089
-4.82864	7.98812
-5.03235	8.5561
-9.0356	8.66356
-7.4974	9.51562
-5.70789	9.45599
-7.02267	8.44708
-5.37826	9.29216
-4.45818	7.3353
-5.52008	8.35367
-6.42008	6.92926
-6.38638	5.99327
-8.35138	6.24904
-6.27751	7.3709
-6.65449	7.98407
-8.32289	7.22058
-6.5671	7.26902
-8.11927	6.04097
-6.20292	8.75251
-7.21254	7.48747
-8.73292	7.15765
-6.17194	4.86947
-5.93466	7.83455
-6.13881	7.6396
-4.95332	10.1119
-8.28304	9.18104
-8.87509	6.75181
-5.59627	5.16929
-7.93561	7.17905
-8.79328	8.83563
-8.6561	6.70391
-5.66428	7.68521
-6.91167	7.15394
-5.71024	8.81415
-8.58585	10.2734
-8.45967	8.57892
-7.84597	8.57465
-5.83295	9.06407
-8.65248	8.52068
-6.19216	7.62762
-6.69104	6.2975
-7.13504	7.31248
-5.11479	6.34602
-8.39997	6.79687
-6.69071	8.22558
-6.71976	7.17067
-9.03373	8.90627
-7.72546	7.05415
-8.27236	8.72368
-6.10791	9.33016
-8.99728	6.2982
-5.58719	6.7447
-8.03888	6.98195
-7.36345	7.60542
-5.32616	7.73433
-6.94135	7.35936
-7.22777	6.96841
-8.10986	7.78211
-5.58723	8.13284
-7.70132	8.41533
-6.26189	8.74973
-6.30052	10.3023
-5.76587	6.90801
-4.5251	7.51968
-6.65204	6.70149
-6.9984	8.74965
-6.31882	8.94261
-8.21968	7.63622
-6.76178	7.9719
-2.97766	8.36086
-5.58974	8.64488
-4.74622	7.88621
-7.07125	7.973
-6.70897	7.40317
-5.29455	8.13463
-8.12647	7.17467
-6.51092	6.51149
-5.22314	7.9695
-8.02256	7.53934
-7.70303	6.0058
-6.12778	8.85109
-7.63245	6.5816
-6.79592	8.34704
-8.4909	6.33939
-8.21172	10.7019
-7.4185	7.55829
-5.57552	9.67326
-7.84159	7.13958
-0.938847	14.9667
-6.67002	7.04944
-8.15768	6.77291
-8.03625	7.00145
-7.56201	7.68999
-6.41404	8.59394
-6.57468	9.67556
-6.66526	8.36108
-6.22172	6.94011
-8.88764	8.02008
-5.30698	8.42623
-7.44077	8.60376
-5.49243	8.50186
-7.58983	6.90553
-6.41905	8.06208
-7.71916	10.1984
-8.99315	6.5483
-5.20426	9.20063
-5.64889	6.83772
-6.74925	5.95088
-8.91993	7.27809
-6.90884	6.0122
-7.03445	6.92115
-5.80022	5.38865
-8.27768	10.1645
-7.55292	9.09564
-6.36557	5.89291
-6.56871	9.38846
-5.81058	6.59999
-6.30388	8.51403
-7.23769	7.88048
-4.55228	10.5646
-5.88791	6.45389
-8.53362	7.96807
-6.78075	8.70248
-5.49897	7.00266
-7.88171	8.07088
-7.32803	7.31522
-6.91428	8.20715
-6.40112	7.61699
-7.17534	7.58019
-8.45229	8.59831
-6.78981	8.61445
-4.14981	8.70542
-6.21492	6.88684
-8.70391	7.58779
-7.274	8.34786
-6.30956	7.5447
-6.35832	7.7794
-6.85259	6.01994
-7.13409	6.24145
-7.87597	8.27528
-6.36947	8.85611
-6.11627	8.15336
-6.88206	8.82561
-6.55382	8.51022
-8.33931	8.74001
-5.9295	8.51885
-7.48534	6.31699
-8.96346	6.51373
-8.50879	6.51607
-7.36174	7.89747
-6.77417	7.06313
-7.01236	6.57846
-6.80035	7.59935
-4.0074	6.81546
-6.49776	7.34825
-6.74579	8.07723
-7.67417	8.08906
-7.21599	7.77868
-6.91264	6.42181
-8.15192	7.69994
-6.87202	7.31739
-8.42011	8.37243
-8.89553	8.88674
-7.97911	7.34298
-8.6846	7.62513
-8.37622	8.27407
-8.12537	7.55323
-8.38315	9.59241
-6.62543	9.08725
-7.33673	6.52213
-4.42657	7.94827
-7.57894	6.15369
-8.57498	8.83271
-7.44415	7.12101
-5.3605	7.56074
-6.95792	7.28737
-6.35423	7.37069
-6.08651	9.7127
-7.90829	7.7327
-5.33862	8.28121
-4.96473	7.69487
-7.16435	8.88044
-8.61534	7.38462
-7.69102	7.15824
-6.47925	6.06246
-6.06481	9.52654
-5.39574	8.45979
-8.53811	6.86925
-8.06292	9.01765
-8.35468	8.48331
-8.31729	9.27812
-6.58784	9.46824
-6.50235	7.43485
-7.25804	7.03161
-5.53654	8.52282
-6.71202	9.51054
-8.87903	6.69416
-7.88748	7.59044
-8.01881	8.32217
-5.82176	6.11707
-7.22206	7.46684
-8.54461	10.4019
-7.37763	7.81889
-6.28931	8.34065
-8.71941	7.58743
-7.59125	7.85055
-8.75054	7.48482
-6.61671	6.87703
-6.02336	6.4741
-6.09139	7.89254
-7.19182	8.12696
-6.48446	8.07333
-6.64156	6.72969
-6.28381	9.38102
-5.26941	6.51005
-6.54711	9.16018
-6.85893	7.33388
-6.20069	7.66652
-4.8279	8.38689
-9.06806	6.14262
-7.34205	8.81314
-7.02156	9.47102
-8.08186	8.29706
-8.07111	6.42144
-5.52463	9.28804
-4.3157	4.99073
-5.28304	6.76229
-6.59324	6.7434
-4.51423	6.79179
-8.69617	8.42698
-7.21791	6.48294
-8.93461	8.77194
-8.23607	8.4637
-8.5803	5.88559
-8.06468	7.55269
-7.89574	9.16611
-5.34247	8.72116
-7.63672	8.82983
-6.4594	7.96622
-6.58333	8.58448
-8.6797	9.73341
-6.7912	7.56272
-7.90661	7.77601
-7.65685	8.60809
-4.6187	8.22895
-7.9928	6.17491
-8.44241	7.5037
-5.5214	10.3481
-4.93403	9.22184
-7.11667	8.38467
-6.63458	6.04296
14.5399	9.84483
-8.66745	7.57689
-6.25546	7.22777
-5.37575	7.40311
-5.10917	8.44566
-6.49042	8.10366
-2.05563	1.94692
-5.32715	8.89398
-5.02449	7.04169
-7.03989	8.08083
-9.04286	8.80637
-7.39885	6.82072
-5.65947	-6.19375
-8.89632	6.83572
-8.42227	7.02931
-6.59002	7.05994
-7.31311	8.8033
-4.85983	7.93137
-7.26654	7.48942
-5.2438	7.31683
-6.13617	7.72104
-5.40718	6.21511
-8.93219	7.09128
-6.85455	8.63303
-6.80278	8.57148
-6.55927	8.25322
-7.17034	8.95854
-8.84546	6.50193
-5.97795	6.9967
-7.57321	8.75983
-8.75359	6.29911
-8.56237	7.54193
-5.17491	9.13398
-8.76977	8.93645
-7.49668	6.77441
-6.65429	9.72495
-8.70129	6.55418
-6.34098	8.02468
-5.10821	9.85334
-9.16858	9.45513
-8.5706	8.2064
-8.46835	9.44872
-5.64474	6.82225
-7.92373	9.03628
-6.5027	6.42756
-5.19946	8.10006
-7.12322	8.35389
-7.88421	7.62349
-7.67901	8.91646
-7.23415	6.75503
-7.45401	7.02339
-6.95998	6.88631
-8.46468	8.94748
-7.06592	8.08606
-6.08514	9.11349
-4.57686	8.2353
-6.98857	8.91786
-6.54235	6.51516
-5.32089	7.87396
-7.44267	8.62454
-7.32807	8.81844
-7.55256	8.0789
-7.37521	7.80347
-8.12936	6.03993
-7.66439	9.07389
-6.50419	6.43795
-6.76446	8.34164
-7.65385	6.18779
-6.31402	8.01045
-7.60183	7.56901
-8.16783	8.96676
-6.58304	8.40573
-6.31531	10.4158
-8.54153	10.9351
-7.5597	6.62662
-5.70655	6.42373
-6.35309	6.24441
9.02414	8.78005
-5.15685	6.38465
-6.83035	5.99832
-4.4871	10.7626
-8.16334	7.60918
-7.68087	8.9239
-7.61595	7.40248
-9.04355	8.42098
-7.31723	7.16577
-5.63218	7.73163
-7.72341	6.82434
-7.78086	7.46865
-5.94492	8.12933
-6.70009	5.79899
-7.11712	8.41478
-7.15279	9.4992
-6.84862	7.84586
-5.53006	7.58143
-6.34129	9.51272
-6.47947	8.60726
-6.66345	8.78896
-8.37962	6.11332
-7.99826	9.16643
-6.29677	8.39279
-7.20721	6.7379
-6.825	8.32222
-7.7522	7.17951
-7.81929	7.21017
-8.42072	7.55444
-5.8704	7.77092
-8.01316	9.69116
-6.76985	7.74398
-6.622	6.96893
-6.37397	7.93349
-8.27407	9.29246
-6.9917	6.48665
-6.51016	8.7977
-7.4358	8.68167
-9.03579	9.69034
-5.32201	7.99245
-4.33349	10.0134
-6.17341	6.49231
-5.65543	7.10222
-9.02806	7.45622
-8.58192	7.6696
-8.34488	9.79924
3.24041	4.93092
-7.59337	7.23009
-6.38689	8.14445
-6.28812	8.43762
-7.14044	8.09768
-6.7704	7.42082
-7.90284	6.05861
-5.75731	9.59351
-4.95068	6.48193
-7.42183	9.18152
-7.72704	8.81642
-7.72875	7.83922
-7.97254	8.88278
-6.89777	6.44579
-5.68073	9.6925
-6.09988	7.90478
-5.25826	9.69687
-8.61861	8.46448
-5.77298	7.33694
-8.99073	6.61247
-7.90082	9.67844
-5.45302	6.28127
-6.78664	7.06128
-6.65482	8.40331
-6.59333	7.70456
-5.75044	9.76421
-5.87633	7.23965
-3.89558	7.37833
-7.17068	6.57317
-6.88085	8.64454
-6.3277	8.69661
-8.2963	5.97641
-7.46322	9.74158
-6.77935	6.15504
-7.48092	6.03985
-6.24436	7.17391
-6.78832	8.48007
-6.05333	9.56505
-7.11011	6.01827
-8.31879	6.5368
-7.47257	6.83224
-6.61159	7.75835
-5.32503	7.8613
-6.36517	8.50175
-7.5705	8.07073
-8.14758	6.98486
-6.20621	7.53967
-7.53567	6.04684
-7.95526	8.32447
-8.68876	8.34506
-7.53475	7.06672
-8.04315	7.23613
-8.29512	8.49322
-7.17546	8.71509
-7.47834	6.22057
-7.31521	6.67664
-7.26833	6.29032
-6.64161	6.72912
-7.68467	5.91586
-4.93111	6.78322
-7.46821	7.62477
-4.43267	6.0096
-8.30881	8.93951
-5.03922	6.1493
-8.16564	8.06364
-8.68738	7.23936
-7.55238	9.82926
-8.34566	7.40118
-6.26314	9.84407
-6.91494	6.10754
-6.15475	8.82825
-6.6928	8.07319
-6.32927	6.22131
-6.99616	7.03063
-6.55148	8.53262
-8.00947	9.59369
-7.48555	8.3461
-4.15577	8.51499
-7.0929	9.33378
-6.54588	7.28382
-5.75544	9.08671
-6.94506	7.75617
-8.1991	8.20997
-8.48737	8.96162
-4.89881	7.94866
-6.19608	8.32444
-6.27513	8.29317
-8.79247	5.9798
-6.64804	6.21693
-6.51449	7.36335
-7.37778	6.53934
-7.19671	8.99486
-6.00502	7.68179
-5.93644	8.46638
-7.58919	10.5024
-7.78745	6.2631
-7.9054	7.64413
-6.87624	10.9188
0.197412	3.8507
-6.93498	7.30534
-7.38461	8.71235
-5.84729	6.54173
-6.76768	8.64762
-6.99707	8.05593
-5.30534	5.8387
-3.02701	3.74319
-5.91473	7.73625
-7.14393	10.4165
-6.05299	7.51959
-6.84684	8.12837
-4.92232	7.83139
-7.5301	9.65662
-8.33628	10.2584
-8.13911	8.23799
-6.51928	8.27384
-8.4629	9.73111
-7.36436	7.32718
-7.83542	8.2301
-5.64	7.37897
-8.84494	8.02987
-6.61636	8.38142
-7.05071	6.11196
-5.05288	10.8975
-7.86812	8.9052
-6.1103	10.3851
-8.38691	6.92052
-8.26722	7.17864
-7.38159	6.09063
-5.01695	7.11414
-8.93503	5.94264
-7.23234	6.61379
-8.64514	7.31218
-7.02929	6.1187
-8.30538	8.51934
-5.65343	8.03
-5.00011	7.37069
-6.48948	8.26692
-6.04429	7.47779
-6.11936	7.19048
-6.94283	6.81707
-6.23433	6.36212
-5.02782	7.8192
-6.5608	7.18619
-6.84249	7.14662
-7.00443	7.98897
-6.34231	9.6957
-5.7729	7.96193
-4.74883	12.6997
-8.75213	8.43136
-8.70788	6.94083
-6.63931	7.32412
-8.48975	6.14989
-6.80023	9.12445
-7.22936	9.1752
-7.87766	8.14006
-6.26102	7.41206
-5.54099	8.06623
-7.94528	8.27579
-5.63248	7.2377
-7.71978	5.98037
-7.82019	6.79543
-5.39278	7.37321
-6.67143	7.27371
-6.48296	9.32462
-6.17157	6.22804
-6.25123	6.35705
-6.53728	6.34145
-6.22147	7.04644
-5.21518	5.17772
-5.38494	9.19291
-7.24835	6.10738
-6.48329	9.88399
-5.91527	6.24719
-7.34511	6.82545
-6.38567	9.6217
-6.47424	9.4525
-6.39943	7.64788
-5.26206	10.2813
-7.07884	7.86044
-7.64705	6.59436
-7.43851	8.97731
-6.46377	9.25816
-6.97469	8.63638
-6.59553	8.27862
-6.37427	7.53815
-7.00351	8.7309
-8.30931	6.87344
-7.52772	9.16226
-7.1661	7.47229
-7.12693	6.54942
-7.5611	6.90412
-6.45202	8.94012
-7.72543	7.15511
-8.42768	7.69578
-5.20185	8.88608
-7.48135	8.42305
-6.82074	6.95441
-6.3603	6.62407
-4.90957	8.97587
-7.07111	7.67237
-7.47062	9.4807
-7.94434	7.23754
-6.95003	7.79623
-7.24971	8.01916
-6.26005	6.83754
-8.92415	7.56124
-6.68482	6.82247
-7.95844	6.10799
-7.93547	6.89693
-8.11637	9.00232
-5.4595	6.11887
-6.57146	8.80906
-8.62875	7.58895
-4.81244	7.13204
-6.78578	6.87243
-6.36118	5.88015
-6.84599	6.98804
-8.522	7.97772
-6.20316	8.62013
-5.05689	8.89091
-7.11215	7.55101
-7.1124	6.93346
-6.3579	6.5021
-8.42594	8.37784
-6.40214	8.66956
-7.5315	10.0782
-7.13788	8.43602
-9.11485	6.97244
-5.00356	6.05646
-8.30027	7.7878
-5.45701	7.39407
-5.87089	8.99546
-6.62138	8.06786
-7.2431	7.95673
-7.06352	7.54716
-5.36231	6.45339
-5.71359	7.81355
-7.1258	7.72011
-8.77358	8.56301
-7.14871	7.60738
-8.25258	10.7876
-6.53269	7.81094
-7.29754	7.85001
9.47477	-3.33269
-7.15048	8.16042
-6.2021	6.98145
-6.50005	6.42371
-8.13948	7.01354
-7.98733	6.03564
-7.61132	9.0162
-8.31438	7.14978
-7.62175	8.13841
-5.91737	6.92767
-4.7669	8.84093
-5.45946	8.39507
-8.45485	7.04271
-6.3204	8.76054
-4.9333	8.85322
-6.83304	6.89527
-6.41405	6.84112
-6.92686	8.82931
-4.10785	5.36656
-7.04098	6.49667
-7.63891	8.52124
-3.0232	13.4473
-7.36129	7.86887
-8.28362	7.485
-6.3444	6.68697
-8.96913	9.30109
-7.18963	7.7557
-6.98732	7.16754
-7.33372	7.32158
-7.02885	8.13082
-7.13053	7.98554
-6.86589	8.51696
-7.95038	6.07407
-5.05957	5.55644
-4.69344	8.02607
-7.12467	5.99115
-6.26539	8.25593
-7.81861	7.75447
-4.69862	8.00479
-6.94636	9.03825
-6.49068	8.58563
-7.80001	7.16231
-5.11809	8.25828
-6.4212	7.92535
-6.35559	6.97409
-7.18065	8.89662
-8.3951	6.73909
-7.3257	6.28478
-8.4367	9.4959
-7.71853	6.24687
-8.76827	7.55262
-6.57362	8.5485
-6.28216	8.69508
-6.32821	7.08954
-6.40877	6.40333
-3.04563	4.93558
-6.5821	7.41552
-8.08768	8.68868
-6.10478	6.48288
-5.39981	6.92835
-6.3001	9.26703
-8.57745	7.78934
-8.24525	7.90856
-6.75585	8.76625
-5.91837	8.49837
-5.39469	7.35703
-6.49408	7.70155
-6.24785	7.1554
-5.7453	8.36196
-6.66098	6.85683
-8.52364	9.74505
-8.70354	8.93214
-6.77667	8.88382
-5.41186	7.8484
-8.57273	9.0591
-8.76639	9.82399
-8.08464	7.01452
-7.01582	7.42453
-5.40962	8.85229
-6.24098	8.34691
-7.76173	6.75494
-7.24614	6.52323
-8.30643	6.99045
-8.78231	8.29786
-8.36899	8.11299
-8.2432	8.06889
-7.4296	8.82366
-5.10365	5.24909
-4.73401	8.25902
-4.83302	5.13114
-5.04533	6.59962
-6.00077	7.50027
-6.93286	7.54775
-4.77818	8.37378
-7.62309	9.553
-7.06353	6.29154
-6.02268	7.51616
-7.59828	8.80075
-6.70813	6.77221
-6.88202	7.23647
-7.43959	8.59523
-8.21643	7.33716
-6.22381	8.64798
-7.13087	10.0842
-6.85533	8.06611
-7.71117	7.55022
-6.07669	6.66931
-6.59731	7.63547
-6.88749	6.26818
-8.66137	7.58543
-5.84444	7.574
-5.49116	8.93024
-7.13171	10.1034
-6.1922	8.0951
-3.42179	5.70117
-7.17159	8.37072
-6.36193	6.59507
-5.46312	5.83496
-7.39572	9.54632
-7.4828	6.84333
-7.95985	8.84099
-8.17003	8.53709
-4.50038	5.80329
-8.26059	6.79004
-7.87175	10.0101
-5.57726	8.49728
-8.03698	6.34268
-7.59038	7.62253
-6.34863	7.64831
-8.70338	9.35783
-6.5147	9.06982
-8.44168	7.62452
-6.05911	8.08348
-8.05203	8.37325
-6.77394	9.63781
-5.26694	7.51663
-4.63444	9.69386
-6.09514	8.50834
-6.64008	8.67746
-8.83003	6.74857
-7.1044	8.68233
-7.1247	8.73401
-7.49982	8.31583
-8.12414	7.4138
-8.85244	6.22426
-8.30257	8.66813
-8.26107	7.38859
-7.63807	6.02688
-7.10709	10.2527
-7.86201	8.66824
-7.4545	6.59564
-7.04446	8.91104
-6.85841	10.7929
-8.41928	7.54031
-8.75897	6.43604
-6.67298	8.10539
-6.14153	7.96659
-6.88896	6.48808
-8.58264	8.92398
-8.59378	8.21679
-7.44607	8.19812
-5.21604	7.27244
-6.98982	6.85615
-8.10909	9.47527
-8.20651	5.88178
-5.69209	6.59889
-6.39289	8.71194
-4.83966	7.42073
-8.45095	6.49348
-8.53601	9.1424
-7.77443	7.85564
-6.6714	10.0339
-8.35053	7.2691
-8.31456	6.19718
-8.52555	8.72292
-7.61311	8.85244
-6.19613	8.16359
-7.31894	8.22869
-8.64996	8.32647
-6.20957	8.53613
-7.69799	9.31485
-7.07943	10.1902
-6.31322	6.67485
-8.85662	8.36266
-6.84033	6.33408
-7.27967	8.46712
-8.22519	7.91996
-8.58234	8.25904
-8.41969	7.03183
-7.72833	11.9399
-7.6907	8.25637
-5.68674	8.47787
-6.19408	7.72484
-6.40466	8.62915
-6.58634	8.72615
-6.50139	8.86359
-6.60653	8.49994
-6.69361	6.90531
-8.78461	9.67196
-7.2513	7.67993
-8.75577	6.292
-8.16806	8.05187
-7.44048	6.77321
-7.74084	6.73843
-5.51387	7.26672
-6.24083	8.40227
-8.59498	8.48084
-7.02145	7.5493
-7.81602	7.8842
-6.00922	7.88442
-7.71523	8.95125
-8.43591	8.81998
-8.53376	8.35404
-4.15534	7.77724
-6.53163	8.87723
-7.52796	7.06758
-7.84538	7.5905
-6.92453	6.8708
-6.77995	7.39175
-8.58035	8.24707
-6.73024	8.57901
-7.16771	6.76018
-5.46935	7.94298
-5.73885	7.26395
-6.3163	6.41196
-7.80838	7.53149
-8.48708	8.18547
-8.61494	9.85274
-7.58548	8.39113
-7.03548	6.63659
-4.51689	7.86095
-7.29808	8.44329
-7.70833	7.24225
-8.104	8.7567
-5.9627	7.41971
-7.24414	6.46081
-7.59732	7.12738
-7.52195	9.50531
-8.09668	6.64692
-6.6791	8.01503
-6.33519	8.20042
-6.22331	8.35623
-7.97268	6.27131
-8.37759	7.75765
-7.80922	6.57194
-8.85365	6.95677
-8.34001	7.94843
-5.53219	7.7491
-7.80939	6.0569
-6.38405	6.4751
-7.95284	9.15749
-8.26283	7.74003
-6.79958	8.2198
-7.04511	6.98148
-6.21202	6.88467
-8.29463	8.30594
-8.2729	6.15614
-7.25026	7.7064
-8.16151	8.85312
-5.64906	7.69843
-7.16666	7.43853
-8.46282	8.86663
-6.37219	8.20885
-4.71942	6.71539
-7.35267	8.1901
-7.87477	6.95328
-7.23857	8.00611
-6.49232	8.16045
-8.25035	8.47645
-5.35128	6.97376
-8.11689	6.39976
-7.96157	7.23828
-6.29516	9.17061
-8.80276	7.81848
-7.00634	8.52768
-7.78527	8.20194
-7.00324	5.89473
-8.10729	6.48691
-7.39413	9.58026
-7.24767	9.67571
-6.84995	8.10328
-5.39523	5.99906
-8.40083	8.69374
-8.05125	8.41625
-5.26238	9.48747
-5.77626	5.97895
-5.72292	8.31911
-7.87789	8.03607
-8.6795	9.26278
-4.52098	8.24373
-7.53576	6.48907
-8.1826	7.76227
-6.65928	8.6825
-7.57863	7.80355
-7.93036	7.37467
-5.26374	6.34605
-8.46883	7.2326
-5.87782	6.86753
-3.38943	4.68507
-7.33106	8.52029
-6.23588	6.8752
-4.88163	6.00644
-4.19887	7.69581
-6.76912	9.11999
-7.38593	7.1491
-7.6024	8.20483
-8.30937	9.42695
-7.27046	9.65234
-7.88372	7.66782
-4.94294	6.50255
-7.12602	7.53763
-5.91685	6.33514
-5.38317	7.49802
-7.31406	7.60252
2.16903	13.197
-5.35306	5.90384
-6.18553	7.24347
-5.7069	7.82996
-8.86102	9.49511
-6.75371	8.03638
-6.10431	6.86241
-8.10954	6.61076
-7.8507	7.81257
-4.54574	9.34669
-7.04533	9.39192
-8.2213	7.53971
-8.98955	7.31789
-5.80777	7.32424
-8.49822	7.35887
-7.95959	8.03158
-7.96227	8.67974
-6.25009	7.5015
-8.07257	6.88919
-6.73016	7.40499
-7.23737	6.24127
-6.52543	8.63857
-6.6345	10.0869
-6.09133	7.39913
-7.26163	9.15572
-5.13001	6.64876
-7.70963	7.99267
-7.88844	6.29547
-4.30802	10.6011
-8.05473	9.28961
-8.55716	8.18794
-3.85846	8.47556
-5.61065	8.15253
-8.26796	10.2386
-5.29611	7.07031
-7.83916	8.06616
-7.01929	6.88055
-6.37453	7.97447
-7.38542	6.17264
-5.12133	7.26733
-7.0127	6.40218
-6.55893	8.97287
-5.23224	6.60467
-6.56213	7.96134
-7.80102	9.0769
-8.80762	7.35336
-7.73436	8.23496
-5.96317	8.27765
-6.42693	6.39266
-7.87912	7.70861
-8.11458	7.47843
-7.10936	7.81535
-4.86353	8.74525
-4.74533	8.56414
-6.88603	7.69267
-7.52821	6.89634
-7.11979	8.04747
-7.92292	7.35551
-7.16784	8.91877
-7.27811	8.07935
-6.39801	8.35255
-8.97384	8.71651
-7.36292	8.68759
-6.7518	6.82532
-6.56251	7.84866
-8.25039	7.88417
-6.54174	7.80788
-7.70818	9.02523
-7.37979	6.71885
-7.6086	8.13401
-6.18889	8.27266
-8.62149	6.61385
-6.55166	7.35563
-6.8574	8.82797
-7.19905	6.1348
-6.48497	7.33519
-7.09757	8.80694
-7.83743	9.23442
-6.81532	6.38033
-6.59166	7.57034
-6.07564	7.94175
-7.84309	6.59698
-6.16174	8.32149
-7.90183	6.81181
-6.16755	7.19446
-7.50383	8.53405
-6.56404	7.17854
-8.1482	6.67962
-6.89718	5.85879
-5.30124	10.1314
-6.88492	9.05984
-8.97282	9.26582
-7.55151	6.94902
-6.45354	9.26755
-7.85686	9.68052
-6.08895	6.07944
-8.56994	6.42905
-6.57523	6.91445
-6.42256	7.27952
-6.54272	10.1214
-7.0297	7.16441
-4.48128	8.68388
-8.58348	8.54306
-7.12779	6.21532
-6.13969	7.36995
-8.5515	8.89263
-6.88201	8.7468
-5.61857	7.89723
-6.33986	6.27609
-7.26895	8.89174
-5.39852	8.12578
-5.79174	9.81754
-6.06502	8.89664
-4.66988	14.4436
-5.11513	9.23944
-8.29577	9.54076
-7.17145	8.76535
-7.32324	8.4519
-7.68565	7.49173
-8.18057	8.24823
-8.27488	6.31371
-8.63898	7.39413
-5.83689	8.21579
-7.00933	8.7265
-7.00421	9.26553
-5.60241	7.87047
-7.18384	7.51025
-7.21511	6.5712
-8.2128	6.12156
-7.31023	7.85058
-5.87202	7.52712
-5.44819	7.24964
-5.42732	6.83382
-5.96987	6.98689
-8.84389	6.63545
-5.70292	6.80141
-7.46157	8.35828
-8.54585	8.7584
-5.04567	7.57776
-8.4649	8.80374
-7.42826	7.71785
-7.9511	7.76863
-7.52506	6.29091
-5.04007	5.70934
-6.23213	7.3822
-6.41225	6.85541
-6.43817	8.65293
-8.36976	6.97149
-5.9396	6.59565
-9.20394	7.77859
-6.4234	6.64348
-6.98065	9.24009
-8.16778	9.10251
-6.98028	7.39012
-6.24405	6.05651
-8.56321	8.77362
-7.22801	8.29003
-6.15935	6.88753
-6.91038	7.21161
-6.83559	8.34359
-7.13691	8.8808
-8.04707	7.31499
-6.29797	8.53772
-6.22681	7.11245
-8.03345	8.07989
-6.45478	10.6937
-7.07236	8.19088
-5.7568	9.20864
-8.14564	7.34546
-8.64649	8.70815
-6.78691	7.92806
-7.18738	8.33721
-7.83193	8.58306
-7.08527	8.68114
-8.54597	7.71883
-6.1299	7.3792
-6.74574	7.35672
-8.85099	8.11262
-6.91028	6.25987
-7.64677	6.05597
-6.80514	6.20557
-8.33022	8.52231
-7.89982	8.05133
-6.08104	7.93068
-5.66132	7.93285
-6.14622	8.80043
-6.82434	8.08994
-9.05558	8.25686
-5.34669	5.79712
-8.75666	9.53234
-8.23391	8.17424
-6.76199	8.65239
-5.78173	8.51761
-6.0887	6.68331
-4.6879	7.61528
-7.46336	7.13509
-6.79218	7.31314
-5.70872	7.65859
-5.54971	8.14525
-7.69429	9.90814
5.51244	-4.84031
-6.9162	7.48656
-8.73523	8.18957
-6.5518	8.92411
-7.99043	7.81894
-6.40287	7.44114
-6.54817	8.49088
-7.41734	6.58384
-8.85309	9.00865
-8.19012	6.58255
-8.84349	6.77774
-6.83558	7.71314
-7.25366	6.72375
-6.2537	8.68507
-8.49421	8.10249
-7.7191	8.65883
-6.48831	8.28841
-8.62087	7.51712
-7.74575	9.28703
-6.64545	8.06116
-7.18984	6.69384
-6.90046	9.31401
-8.37957	7.91134
-6.24392	7.42382
-5.99043	8.75922
-6.47183	6.23354
-8.18536	9.39912
-7.3393	7.93352
-6.74548	8.4469
-6.96052	8.49607
-7.71101	9.767
-7.91442	7.76769
-5.18198	8.09206
-7.34702	7.22828
-5.70875	7.76319
-8.66584	6.30951
-7.66	6.38114
-5.14037	5.43761
-8.74358	7.58431
-7.5217	8.09596
-7.05026	8.14234
-7.49018	6.93434
-8.60294	8.35081
-6.88019	8.66121
-6.11879	8.52987
-6.18775	9.25993
-4.36781	6.79523
-5.88784	8.17756
-5.51832	7.4838
-8.31073	8.14063
-7.90968	9.15878
-4.78071	7.23474
-8.29234	8.12885
-5.32969	8.02805
-6.26341	6.0228
-7.80308	7.51941
-6.69667	6.49627
-7.58185	8.87942
-7.94256	7.08569
-5.19279	6.60253
-8.20412	6.19058
-7.28093	8.17924
-4.39141	8.25816
-7.29724	7.51361
-6.55545	6.36293
-7.64065	7.64504
-7.09914	9.73506
-6.61543	8.69421
-5.90664	7.78092
-6.8736	8.93196
-7.13253	6.28892
-7.55779	7.77127
-7.14982	7.06183
-7.18832	8.6594
-7.90189	10.5749
-7.52185	8.25092
-4.81229	5.95559
-6.00036	8.01637
-8.54486	6.78466
-6.67928	8.03979
-8.15378	8.59356
-6.17678	8.64472
-6.17259	6.58042
-6.00189	6.2318
-7.49809	7.85857
-6.32639	6.87687
-4.42225	7.45175
-8.64355	7.72738
-6.39131	7.90184
-7.39481	8.91129
-5.69136	8.08102
-8.47255	6.99892
-6.37624	7.34634
-6.66046	8.32433
-7.15198	8.35362
-6.90756	8.01437
-7.80887	8.6898
-9.0014	8.24898
-7.06256	6.7155
-1.31599	7.33626
-6.40093	9.59688
-6.19078	6.59199
-6.0766	7.73004
-8.76929	7.53032
-7.34647	8.16805
-7.34932	8.24643
-6.25746	7.12029
-7.49474	8.38675
-7.59548	8.57895
-7.68924	8.25241
-7.53092	8.31786
-6.16088	7.97437
-6.55913	7.45431
-5.89768	9.10998
-6.19394	8.38482
-7.69403	8.06911
-6.6386	8.68693
-4.67888	6.98443
-7.64854	7.89108
-6.57727	6.32904
-7.75251	5.87879
-8.17913	7.74181
-7.83314	8.01428
-5.72015	6.4081
-8.50513	6.87396
-7.42363	7.07266
-8.56968	7.9591
-7.79534	7.54406
-6.38256	6.03385
-6.93417	6.99614
-5.70767	7.7324
-7.30227	9.1442
-6.5965	8.41738
-8.21244	6.82313
-8.68911	6.4668
-7.57072	7.69385
-6.47121	9.96416
-6.63848	9.21903
-7.2276	8.10526
-8.02802	6.38535
-6.76644	8.54342
-5.37043	8.80174
-8.17402	6.7698
-6.07496	6.67064
-6.29536	9.30645
-6.44113	6.08336
-6.3925	7.69509
-7.15952	8.02412
-6.71697	9.2511
-8.07738	6.98387
-4.01411	8.94782
-4.45836	11.2907
-6.80766	6.4472
-4.63215	6.07477
-7.9302	8.78531
-3.52094	7.6453
-6.04703	9.70226
-8.98649	8.03195
-5.85655	7.19093
-6.64868	6.40923
-5.464	9.29545
-7.63103	7.82233
-6.69351	8.50801
-8.55004	9.0995
-9.15157	8.05334
-7.05416	6.49769
-7.55987	7.68728
-8.02123	10.1969
-7.49601	7.9791
-6.10137	7.0198
-6.87347	9.27613
-5.66788	7.3206
-6.88346	6.7326
-8.77501	8.64719
-5.10122	7.08169
-7.07933	6.7306
-5.69054	7.51141
-5.42009	8.93272
-9.09529	8.69653
-5.25523	7.55547
-7.05399	6.51997
-5.7545	7.46994
-8.17339	6.31423
-7.52628	7.26597
-8.488	6.69735
-6.14272	6.96933
-8.07874	8.66989
-7.03508	7.6936
-5.98654	7.52906
-7.01071	9.53152
-5.72253	7.54927
-5.69456	8.32006
-7.1084	8.10363
-6.10229	6.85571
-6.7774	10.5784
-7.25406	7.91068
-4.68251	5.95647
-4.39122	8.02498
-5.86353	8.28841
-7.45684	9.57153
-6.65707	9.2971
-5.27878	6.94382
-7.56904	6.86435
-7.91789	8.86539
-6.67688	7.78468
-8.46204	8.13167
-5.75545	6.50066
-5.80446	7.24166
-6.4027	7.95518
3.62307	8.17728
-7.87814	6.56027
-5.78843	9.43234
-5.20703	9.10323
-7.35475	6.72872
-6.52171	7.68287
-7.31345	6.36171
-6.41326	8.72639
-7.55521	8.18052
6.43781	1.63295
-6.39787	9.17053
-7.22919	8.82815
-5.57013	8.60496
-7.98934	8.53
-7.15113	7.60354
-7.92426	8.95533
-6.17894	6.39625
-7.00659	6.80554
-6.58123	7.52002
-8.08758	7.75193
-5.93753	7.7085
-7.95753	7.22056
-7.11331	7.32248
-7.94661	9.18323
-7.93532	9.30595
-6.20974	9.69107
-5.62133	9.41604
-7.1824	9.01662
-6.38053	7.11629
-6.05734	8.48788
-7.32593	11.2788
-8.35421	7.08528
-8.2351	7.37741
-8.74299	6.35588
-7.9864	8.35969
-7.24436	8.52836
-9.05016	7.38331
-7.39886	7.85517
-7.27692	8.42956
-6.98994	7.85864
-6.78086	9.30701
-7.38296	8.85882
-6.6587	9.53066
-8.77267	6.60775
-6.12518	6.79601
-6.51257	7.89448
-5.66887	7.16506
-8.52193	6.11824
-7.54426	8.77577
-5.64719	8.19283
-7.24674	6.48435
-5.98896	9.51705
-5.44017	10.2629
-8.81861	7.20838
-6.44101	7.33806
-8.0075	8.21405
-8.71171	9.95684
-6.20175	8.60161
-8.70813	8.77153
-7.53698	7.64153
-6.44363	8.19929
-7.83534	7.25951
-7.32504	14.194
-6.75161	6.58624
-5.1312	8.22534
-7.02651	7.71623
-5.81198	7.76037
-7.49643	6.07233
-6.70919	8.29855
-6.51336	6.91068
-7.08234	9.31454
-6.27053	8.1678
-5.26785	9.96074
-8.6796	8.13998
-8.56512	7.80386
-8.88677	8.58707
-6.10207	8.33869
-6.93013	9.64956
-6.38549	7.81047
-8.62062	9.30429
-6.1142	10.0292
-7.53291	8.5973
-6.27834	7.63575
-8.29789	6.76414
-7.59956	5.89443
-7.76944	9.11106
-4.37233	8.52465
-8.07719	7.77545
-7.20578	9.07488
-9.16911	8.73794
-7.43649	8.69121
-7.49486	8.03197
-7.30093	8.54472
-6.71906	6.22939
-6.57029	6.49346
-6.88114	9.99178
-7.88806	7.44451
-7.61879	9.19282
-1.95509	8.72909
-8.21686	6.64605
-3.42909	4.7122
-7.22978	9.19406
-5.3576	8.07457
-6.18147	8.93048
-5.56566	6.15575
-8.07901	6.63881
-7.15441	8.07411
-6.53747	7.22043
-8.14705	7.94182
-6.01232	8.44196
-3.3371	5.84488
-5.43954	8.80237
-9.22545	7.1981
-6.88358	8.91762
-6.71033	9.52026
-5.48303	6.48238
-6.97214	8.5317
-6.27498	8.00377
-6.61201	8.23313
-4.94924	7.90953
-6.20504	8.70925
-5.8014	9.36803
-6.70838	7.79767
-8.78065	8.62079
-6.04541	8.92595
-7.45024	7.35414
-6.38071	8.184
-5.39167	9.20541
-5.96059	6.416
-7.10653	8.75276
-6.75506	8.74532
-8.33068	9.26693
-7.83758	7.15285
-6.04956	8.67412
-7.08745	6.21373
-7.32199	8.4887
-6.58638	6.94739
-7.18245	8.87632
-6.43462	7.78252
-7.45202	8.78774
-7.82851	8.83451
-6.17059	9.17367
-6.59486	8.09213
-8.5289	9.19027
-6.55505	9.30503
-8.01547	8.23331
-5.89454	6.57781
-7.62207	9.48009
-7.33326	6.82973
-6.14739	8.01151
-6.38943	6.94977
-5.29306	6.53053
-8.81922	6.23175
-7.31493	7.91752
-5.66468	8.78206
-8.46241	7.29537
-7.0064	8.04779
-6.91365	6.09172
-8.78761	9.7909
-3.2121	12.3559
-6.18667	8.44658
-4.79851	-0.466052
-8.69972	7.57252
-6.57122	7.54893
-7.66915	7.17843
-7.17438	8.33514
-7.98436	8.20103
-6.97358	6.36472
-6.53538	11.2543
-6.57529	9.24039
-7.19561	8.34977
-5.1051	8.0619
-8.63711	9.54858
-6.02305	7.02682
-8.84496	7.08647
-8.54336	8.05254
-7.32626	7.90496
-0.0603888	12.963
5.81248	-9.52837
-7.69329	8.6814
-6.38439	6.29965
-6.70424	9.3222
-7.9083	8.05596
-8.01926	8.80097
-6.47631	7.80243
-6.07595	7.30314
-8.54886	7.50365
-5.80963	7.20976
-5.41798	9.14067
-6.65858	8.02739
-6.55922	8.4092
-8.67032	8.61556
-6.78981	9.68965
-8.64275	6.45031
-7.50944	6.20174
-7.2181	7.57935
-8.0578	7.5364
-5.59232	5.95196
-6.98053	6.3189
-6.16092	6.85214
-8.23368	9.97834
-5.78907	5.55753
-8.26989	8.35145
-6.75689	6.77322
-7.28616	8.37822
-5.22955	8.20818
-5.82046	7.39146
-4.9999	9.59546
-6.85235	7.68781
-7.1597	7.26694
-5.57764	9.6276
-7.16132	6.59933
-6.28097	8.38986
-8.67164	6.75681
-8.94031	7.98778
-9.04559	8.7539
-8.65553	9.47557
-3.48284	7.59559
-7.40029	8.94056
-5.76754	9.07609
-6.58827	6.49548
-6.54532	7.56043
-8.5055	6.48946
-6.60416	7.30086
-7.56106	7.08692
-6.26703	7.34543
-7.54773	12.1799
-6.4426	7.8402
-8.52719	8.63498
-6.39746	7.15796
-5.81028	7.46991
-8.05491	8.37762
-6.33721	7.03798
-7.61618	6.91609
-6.3661	7.35771
-8.33739	7.86787
-8.65547	7.41076
-7.5572	6.78447
-5.50281	9.42731
-7.80773	7.04421
-6.78709	8.72303
-9.00549	7.66802
-8.65644	6.91383
-8.30087	7.22187
-8.7844	8.18302
-4.3804	6.78706
-7.62169	7.67728
-5.77666	5.94788
-6.63402	8.48174
-8.61497	8.5195
-6.42692	7.02993
-6.07652	8.71961
-7.26861	9.03332
-4.74567	6.24211
-7.12076	6.35116
-5.91173	7.31687
-6.75734	8.11479
-6.98597	7.40268
-8.25325	7.18411
-5.20583	5.88412
-7.95417	8.10646
-7.77522	8.00333
-8.61332	8.63041
-6.79695	9.02537
-7.34822	6.8884
-9.13437	9.5434
-8.36949	6.95851
-8.06966	8.51193
-6.73837	8.66573
-8.20805	10.7697
-7.46306	6.50355
-6.86689	8.08619
-8.00593	6.7633
-6.09216	6.76872
-5.87554	8.71763
-6.11817	8.19237
-7.3356	6.66309
-7.35979	10.1697
-6.57233	7.74701
-5.3388	6.92526
-5.00402	6.60708
-6.28344	10.0761
-8.26577	6.74513
-6.68529	7.94701
-7.36266	9.41456
14.0582	5.44399
-5.31261	8.37094
-5.91628	7.70219
-6.99742	7.8489
-8.51008	8.99491
-8.87553	6.66421
-7.86066	9.26781
-8.10394	8.87189
-7.82499	7.50145
-6.53879	7.7759
-7.90083	8.65063
-7.62365	7.03436
-6.54194	7.16
-9.0484	6.00287
-8.24176	8.88571
-4.53798	5.14731
-6.18007	8.61811
-8.33716	9.21239
-7.59398	8.01233
-7.06711	6.38086
-8.49108	9.27146
-6.20769	7.14319
-5.76751	6.79276
-6.20273	7.42384
-6.23121	9.25058
-6.34151	8.75797
-5.69586	8.4458
-8.5426	8.79984
-6.67557	6.28666
-6.71149	7.64886
-8.14146	8.25277
-8.46558	8.10862
-9.06545	8.41549
-6.98842	8.0015
-8.11726	6.88966
-9.05335	5.95851
-6.13117	8.45503
-7.10579	8.88525
-6.58633	9.04104
-6.40145	8.57605
-2.46094	5.6709
-8.44122	7.48565
-7.9196	8.40565
-7.42164	7.97384
-6.76658	7.88027
-6.12542	8.87234
-5.03448	8.05561
-6.67043	8.69459
-6.26629	7.94871
-7.83562	6.98831
-7.09381	6.99318
-5.33284	13.086
-7.40169	10.4249
-7.91799	7.97465
-8.31791	7.30564
-6.0693	8.84211
-8.31264	6.83892
-6.42708	8.08637
-7.9309	7.463
-7.083	7.18549
-5.2984	8.38256
-7.20826	8.5022
-7.52177	6.40676
-9.07916	6.4684
-6.55938	8.77849
-6.48485	7.60865
-8.74614	7.37292
-6.42054	8.00806
-8.43412	6.66177
-8.71408	6.91134
-7.86558	5.92883
-5.215	6.41791
-5.33415	6.97778
-5.49217	7.08275
-8.60077	8.63646
-0.894685	3.9615
-6.28315	8.27059
-8.09077	9.97125
-7.72151	7.73245
-4.83793	7.09466
-3.93216	11.3847
-6.00288	8.28126
-7.22571	7.6394
-6.0864	7.31452
-8.7619	7.36099
-8.25961	8.72276
-7.45279	8.70667
-4.67731	7.58021
-8.61129	7.45792
-6.15414	8.13127
-6.17168	9.23164
-6.59737	8.7599
-6.32835	6.1558
-7.52998	7.61282
-5.67581	9.06293
-7.4181	6.11914
-8.74245	7.7653
-4.98178	6.96975
-7.61956	8.26754
-5.34492	8.27971
-8.74946	6.06905
-7.49587	7.52792
-5.42445	7.89714
-6.8501	7.29275
-7.15972	9.23536
-6.05904	8.67297
-8.01942	7.34628
-8.49544	8.20821
-7.99404	9.25535
-6.37222	8.69896
-7.94412	6.12921
-7.36445	10.9583
-6.81862	9.24765
-7.52812	6.28047
-6.52043	6.43869
-7.21936	6.59935
-7.28075	6.62605
-7.51009	6.01482
-7.60161	7.4915
-7.94632	8.74829
-8.56879	7.36568
-6.85034	7.87502
-6.90337	9.05442
-7.89306	8.87781
-7.9174	8.17184
-8.09271	8.5061
-6.49943	6.9544
-7.42964	8.5241
-7.80962	9.17943
-7.8988	7.05391
-8.00436	8.2402
-5.8402	7.31371
-6.1602	7.89087
-5.71929	9.24994
-6.36695	7.60874
-6.81201	8.32759
-8.85967	8.38008
-4.36847	8.75864
-7.68296	9.78411
-8.01354	9.90062
-6.73672	6.9697
-7.32268	7.76637
-7.47691	9.0657
-8.02951	8.53867
-7.05629	7.55336
-6.84485	9.08245
-6.81243	8.89083
-6.62238	8.21907
-7.07336	8.48769
-8.36112	7.28336
-6.49306	7.44473
-8.33089	7.14016
-6.3235	8.11137
-7.23854	6.6317
-7.03028	7.12495
-6.99089	7.55358
-6.89525	6.58048
-7.84727	6.21037
-5.53976	7.01135
-6.14008	6.16547
-4.2834	7.93998
-6.95596	9.02038
-7.90629	7.8501
-7.43496	9.65217
-7.00187	6.55986
-7.58144	7.6483
-8.58476	8.5252
-8.43684	7.68146
-7.59409	8.70188
-5.82945	11.0959
-8.16754	9.74124
-4.8852	7.51178
-6.76551	7.79888
-5.73307	8.69698
-6.8738	6.78425
-7.88281	5.91737
-7.43999	6.02306
-6.05875	8.76514
-6.8703	9.39118
-6.90066	6.79806
-5.87875	8.53926
-5.09444	9.85243
-5.07703	7.88769
-8.50278	8.72081
-6.50485	7.20044
-8.39532	7.55941
-8.5499	8.8129
-7.79808	8.4393
-6.31043	8.10701
-7.7848	9.47081
-7.1426	7.64548
-5.92526	8.60469
-4.93815	6.63672
-7.36968	8.80905
-8.68374	8.28517
-7.10155	8.04984
-5.55589	7.80057
1.03295	10.137
-6.89345	7.05046
-6.34838	6.72018
-8.7576	8.73491
-8.0564	7.15643
-6.24839	6.30605
-5.86278	6.44014
-5.14546	8.07365
-7.72584	7.66185
-7.01925	6.98154
-6.58163	10.2023
-8.6257	6.76758
-6.94565	8.60923
-6.36362	9.62976
-5.93879	6.95258
-7.74674	7.45284
-8.29697	7.33391
-6.163	8.22829
-6.2621	9.24304
-7.22067	7.35928
-5.42509	6.15933
-4.18147	8.59801
-7.0073	10.4412
-6.26066	9.15733
-6.72852	7.31999
-8.66093	7.8073
-7.1896	6.28512
-7.38539	9.11034
-6.95514	8.85691
-5.00959	8.04863
-8.49512	6.35666
-7.68744	8.67626
-8.60699	6.39414
-7.01327	7.93426
-8.44864	7.80775
-6.23251	6.6524
-6.6801	6.63013
-8.0236	7.88391
-7.97346	8.60871
-8.32466	6.53963
-7.23293	7.41459
-7.72628	6.46129
-6.0726	6.69227
-5.44654	9.02659
-7.0443	8.77976
-8.15936	9.98625
-7.53406	8.28745
-6.4081	9.0847
-6.46577	6.95576
-3.82725	-4.23896
-5.54185	8.57758
-5.00542	7.91683
-6.54422	8.04492
-7.79158	7.31376
-8.44721	8.61499
-8.91692	10.2552
-6.21187	9.10755
-7.12646	8.82109
-7.3717	8.69717
-6.16511	7.41382
-7.28344	8.6919
-8.37869	8.497
-5.92076	8.74863
-8.829	8.80547
-8.39456	6.52218
-7.27849	7.57301
-4.21548	6.29199
-8.81683	8.24311
-7.49325	7.55964
-8.06306	6.70016
-8.2128	9.07469
-6.99435	8.04944
-7.93595	8.22349
-7.05534	7.53646
-8.20486	8.93823
-7.47915	9.40434
-8.27265	8.04861
-4.3813	7.56737
-6.10523	8.24974
-6.95998	9.40238
-7.0934	8.78647
-7.31495	6.2461
-7.21427	9.17468
-7.9777	9.30527
-6.36692	7.07265
-6.93672	8.35569
-8.15835	8.41049
-6.13675	8.92098
-5.86863	7.06939
-8.58549	9.55657
-4.72531	7.12728
-8.18723	10.3135
-6.16499	10.0759
-5.80499	7.2641
-7.92609	7.32105
-6.87706	7.7339
-7.84374	6.47659
-6.79569	6.18287
-5.17915	9.16824
-5.50774	8.94118
-7.47823	7.99322
-5.98665	6.63848
-8.26221	6.79548
-7.35314	10.5312
-6.55128	9.27965
-6.19248	8.33651
-7.73834	8.22134
-8.93901	7.59204
-2.29462	9.59967
-8.53058	7.20463
-6.37171	6.12085
-7.34428	8.70657
-8.77213	8.06516
-7.36868	11.4918
-8.25358	9.85604
-6.25042	7.17972
-6.22053	7.86777
-7.12032	7.55831
-8.13802	8.00352
-7.57053	9.01988
-6.67012	8.00761
-6.55584	8.03739
-8.00622	6.4007
-7.20655	9.68731
-7.26855	7.0609
-6.35174	6.17316
-7.45708	6.4237
-7.13327	7.42091
-8.05765	8.18298
-6.86051	11.6639
-7.68666	8.47638
-8.96421	6.2754
-6.9984	7.28243
-8.55774	6.20958
-5.8976	7.64798
-8.26902	7.59075
-6.66658	9.28877
-8.89019	9.46781
-7.48038	7.54018
-6.35153	9.94074
-7.55772	10.8372
-7.29776	7.08248
-6.1828	6.30492
-5.73941	7.58695
-5.41012	10.2573
-8.53579	7.99336
-6.99701	7.81549
-6.16774	7.75261
-7.45177	7.22642
-8.86872	8.5778
-5.99633	6.69956
-7.18165	8.85886
-4.24708	8.0233
-4.66947	8.2712
-8.44337	8.09343
-6.6968	7.77123
-7.1858	8.82802
-2.58667	8.26644
-7.09323	10.138
-8.01614	7.00163
-5.9661	9.29383
-7.604	6.48612
-8.98552	8.77277
-8.05886	7.08824
-8.20212	10.6867
-7.76235	8.25021
-7.80518	8.5432
-4.67719	7.96285
-7.02644	8.56025
-7.09451	7.62975
-7.03445	6.82983
-6.09978	8.82687
-7.07585	7.28984
-8.47081	7.52585
-7.34978	6.26458
-5.94832	8.19708
-7.3653	9.27457
-7.1261	8.11447
-7.35091	8.15647
-7.90586	8.82778
-7.36537	6.13315
-5.55065	7.69536
-5.32904	14.3658
-6.71135	8.82793
-8.90213	5.92253
-5.97249	8.60244
-6.00421	8.45925
-8.95134	7.09019
-7.7077	8.40476
-6.46088	6.98243
-6.66586	8.20109
-8.04153	7.73739
-6.14336	7.10027
-7.15084	6.44196
-6.65557	8.74306
-7.09275	8.28996
-7.50857	7.22447
-7.79337	9.87411
-8.15325	7.38529
-4.33493	5.89667
-8.28496	7.99525
-6.97744	8.27698
-6.39064	8.93122
-6.27578	8.56348
-7.19967	8.20595
-6.34672	7.14361
-7.84009	8.25414
-7.68865	7.96667
-6.31499	9.90438
-7.62057	6.21296
-6.67009	14.8857
-8.42424	6.50717
-4.27389	8.77369
-6.65747	7.074
-8.48535	6.79252
-7.20644	8.65427
-8.60629	5.82769
-6.08295	9.76951
-7.3271	12.3627
-5.95114	8.57211
-7.20635	7.89018
-5.96656	9.09078
-7.7483	6.32679
-5.24353	5.55108
-8.09679	8.20287
-6.11426	7.6653
-8.849	6.05736
-7.24277	8.52704
-5.91014	8.36914
-8.48163	9.65985
-6.90389	7.02177
-5.91691	8.92186
-6.56813	8.99616
-8.83749	8.43391
-6.52715	8.24428
-8.23446	8.47243
-5.31888	8.97599
-6.61922	6.97851
-5.30568	7.13323
-5.79854	6.3434
-4.82659	8.48184
-7.83057	8.86016
-6.76417	6.11219
-4.57322	8.54645
-6.23576	8.14972
-6.05262	8.30978
-8.35808	9.58536
-6.78574	10.3905
-6.53857	8.11893
-7.19779	6.13734
-6.75678	7.34791
-5.38359	9.75734
-8.39144	8.51636
-6.60226	7.2728
-6.81751	6.51488
-8.40592	7.98036
-6.63116	6.89428
-6.41346	8.25096
-6.42513	7.07868
-5.40207	9.88146
-6.48871	9.12736
-7.06656	9.5887
-6.87204	9.84007
-7.27699	9.16945
-6.59967	8.63066
-7.42584	6.71204
-7.50251	7.75141
-8.29886	8.00938
-6.851	10.2952
-7.76687	8.03474
-5.72615	10.3231
-6.77503	7.76958
-8.48674	8.00713
-6.90736	9.04967
-7.50056	7.60153
-8.07358	7.8818
-6.55129	8.95118
-8.21886	9.38587
-9.018	7.97312
-7.03399	7.72052
-5.64226	5.84942
-7.68557	8.69201
-7.88601	7.99891
-7.60961	8.11347
-8.04383	6.67521
-8.42894	8.69765
-8.09919	7.04075
-7.41408	7.48588
-6.57629	6.65244
-6.27057	7.49854
-8.6985	9.57037
-8.44047	8.60042
-9.09396	6.46769
-8.06165	6.94612
-7.71095	6.78001
-6.96155	7.40329
-7.69689	8.85986
-6.81253	7.28865
-6.4545	7.28123
-7.32861	6.60013
-7.08837	8.69159
-8.32053	8.01274
-8.06522	7.22289
-8.07041	8.50732
-7.35479	7.86277
-7.58616	7.92507
-8.24629	8.88063
-6.21082	7.41263
-8.71286	6.93752
-6.26184	8.38623
-8.02242	9.10169
-5.93275	9.44322
-7.76227	7.33427
-5.92959	7.86177
-4.72664	7.2636
-5.81281	8.95243
-7.76208	8.632
-4.16323	5.98681
-5.25348	8.91821
-6.05772	8.24605
-7.27659	7.94394
-2.07192	9.45028
-7.65193	7.9468
-6.30682	7.93699
-8.1468	6.52215
-5.76598	8.7066
-4.6812	8.42475
-5.80461	7.04959
-5.41824	11.2129
-8.0391	9.60042
-6.65632	10.6134
-6.2489	7.12566
-6.35488	8.8771
-6.43283	9.77515
-8.09442	6.88537
-9.08238	7.69063
-6.75935	6.56879
-7.4737	6.5856
-8.83736	8.92991
-8.35859	7.94276
-6.54565	7.71851
-6.23332	7.62078
-8.40183	6.22336
-7.57922	7.2967
-8.69817	7.35101
-5.47252	7.55904
-6.54303	8.98759
-0.567733	7.76068
-7.67031	10.5585
-8.39207	8.1222
-7.99006	8.42969
-6.56113	6.33317
-5.95772	9.70223
-7.07356	8.34878
-6.07713	9.47719
-7.81745	7.83686
-8.57874	8.54915
-8.68397	7.46494
-5.93081	8.46074
-5.48095	8.72974
-6.57911	9.68767
-6.42117	6.42187
-7.2609	7.06143
-6.55504	7.10526
-5.53229	8.72813
-6.31143	8.60013
-7.14704	8.57899
-7.43836	6.53395
-6.66078	6.45633
-6.5852	6.92041
-6.95854	6.87109
-7.56895	7.5543
-8.1711	7.02108
-6.21116	7.19076
-8.89325	7.80422
-8.79872	6.56626
-4.31667	11.4505
-7.0575	7.63354
-7.26088	9.60713
-6.15859	7.83485
-7.5637	7.96995
-5.93794	8.16509
-5.13521	8.02171
-6.25478	8.73671
-8.42184	6.48966
-8.46441	6.9755
-8.84051	8.91227
-7.71481	8.51767
-8.54257	7.76411
-6.69154	7.95579
-7.07964	10.6206
-6.9149	7.09411
-5.84676	9.18804
-5.64591	7.86532
-6.68561	6.12653
-7.68863	8.77103
-8.75934	7.11852
-6.4671	6.69285
-4.9332	7.09565
-8.89646	6.82536
-6.53468	6.88874
-5.82252	8.50429
-6.3142	7.06245
-7.02344	7.48713
-4.74496	7.45096
-8.07655	8.08665
-8.65024	9.63283
-5.82254	6.09002
-6.32717	7.02882
-7.23807	9.95632
-7.49771	10.3764
-5.73231	7.42248
-8.21268	8.26595
-7.29226	8.63618
-8.19387	8.37217
-6.2291	8.7217
-5.0204	8.36877
-6.39715	8.88328
-8.13355	7.91894
-6.30202	6.72854
-5.42271	8.37004
-7.61025	7.52621
-6.7262	8.26863
-7.59319	8.99198
-8.00943	7.33275
-6.25726	8.42025
-7.85428	8.25782
-6.75724	6.88523
-7.84174	6.50323
-7.23462	7.76952
-7.25222	9.79718
-8.67574	8.86646
-6.60645	6.94459
-7.47793	7.70601
-6.84046	8.73867
-6.62337	7.71152
-8.3562	8.68927
