9.86599	3.38125
9.26911	3.66299
13.2933	5.59468
11.1365	4.41601
11.8644	4.82019
11.6662	5.42729
10.8718	4.32486
10.1553	5.3554
10.5634	5.72585
11.4952	3.77107
9.6756	6.92968
10.8838	4.03207
11.3497	3.28993
9.43553	5.83525
11.1593	2.88988
11.3973	5.6409
9.45508	3.87117
9.18063	5.90411
9.05987	6.3783
10.4681	4.78504
9.3322	4.69085
10.2932	4.03113
12.6174	4.38934
10.3218	4.02434
9.1801	5.8183
11.8546	6.8679
10.231	3.26669
10.1758	5.90104
9.84255	4.94223
11.0146	5.79993
11.1682	3.56764
12.5814	12.5365
9.3979	2.97996
12.1655	5.39173
10.8558	5.63823
11.4514	5.16577
12.5578	4.0403
12.0354	4.52541
12.316	5.80544
10.3788	4.60268
9.32334	5.06145
11.3107	5.87685
12.6882	4.09674
9.40218	5.26124
11.4336	5.46223
10.8948	3.16131
12.1165	4.7204
11.4672	6.05741
8.72801	4.91245
11.566	5.35082
10.7384	5.25589
12.6462	2.62859
10.4465	4.34009
11.2477	5.13453
9.86081	5.86157
9.78838	5.75799
10.9395	2.88277
11.9862	5.50021
10.6229	5.92713
10.1571	6.74904
9.57753	5.78462
11.353	6.90649
12.6975	5.08617
11.2766	5.70574
10.7075	5.81239
11.9712	6.19694
10.7011	5.03366
10.3952	5.22401
10.9697	4.98181
9.65204	5.71073
11.8594	6.45842
9.23062	3.71534
9.12884	4.16632
10.1086	3.32271
10.9678	3.51613
10.3571	3.98718
11.6369	5.34043
11.7432	5.33384
8.86145	5.79833
11.7156	5.83356
9.38657	5.51943
11.1341	5.29834
13.0976	3.84432
11.2906	5.26722
11.6303	4.93022
11.5918	4.35436
10.4019	3.21174
10.0937	5.73217
11.3525	5.0607
10.9499	3.61066
11.6696	5.01668
8.90544	3.43092
11.8099	3.81996
9.71944	3.86558
9.49353	6.35281
10.0221	4.70965
13.106	4.26955
11.7053	4.64458
10.5201	3.20601
9.69878	5.25397
10.587	4.22357
11.3675	4.16341
11.9755	3.19049
9.60987	4.99465
10.7834	3.59778
10.5709	2.86402
12.0524	5.64437
11.3604	3.13311
11.9793	5.83882
9.61366	3.40333
10.735	4.76155
9.15213	6.53151
9.796	5.77825
10.5977	4.83288
10.4109	5.12982
10.855	4.53612
10.3955	4.78895
9.59959	6.2788
10.0612	6.70321
9.70239	6.1469
13.6731	5.00943
11.6497	4.40641
9.81714	4.85917
13.361	5.07912
10.8683	3.6291
11.912	4.38832
11.5852	4.26284
13.2331	2.99391
11.8523	7.2662
11.9371	6.20414
10.5354	5.89261
10.7525	4.41561
9.17668	2.94551
13.0319	4.81871
11.0798	5.28196
10.5288	4.96823
11.0101	3.92402
9.72346	4.5998
11.3432	5.53098
11.8171	4.38837
11.0908	4.39314
9.56383	4.68971
12.4782	4.41411
11.973	4.07068
9.14929	4.96776
10.9719	4.16582
10.7334	6.86496
11.8848	4.37522
11.4573	4.45316
12.1473	3.88614
10.087	6.86257
11.3874	4.18644
13.088	5.66547
9.645	4.10886
11.3576	2.879
11.2473	5.76587
10.1195	6.06256
11.1011	5.33448
12.7981	3.81405
11.4751	4.76161
9.09023	5.91755
12.2158	4.6688
9.19573	4.89253
10.1461	5.78999
11.3547	5.50549
9.32639	5.68246
9.75154	4.32661
10.5754	7.23117
10.3831	6.13321
10.4295	6.75577
12.5515	3.37246
11.0242	4.21319
10.9041	5.80661
12.9855	3.83277
11.6367	5.11394
10.3852	3.08312
10.6486	3.70414
9.08333	4.56308
11.5407	3.62359
11.0714	5.75187
9.07256	5.03173
9.74748	3.79934
10.9981	4.17443
10.2651	6.20565
9.41568	5.18202
12.6403	5.38623
9.96152	3.43821
11.0668	5.06813
10.0527	4.43735
9.11076	3.04775
9.03902	5.87139
10.3615	4.20514
9.91834	5.15125
11.2197	4.75409
12.9543	3.43457
12.6194	4.22044
12.7199	5.58356
11.8454	4.23256
10.8489	5.59662
8.93677	4.60633
10.9587	3.28392
13.444	3.31143
13.0083	4.54181
11.1572	3.04823
10.8563	4.95304
12.7605	5.45381
10.5065	3.88098
11.1994	5.26394
9.86471	3.10813
10.0607	5.35511
9.66916	5.5295
10.4736	4.79502
10.4101	3.11978
11.7521	5.3316
12.7159	3.69597
12.1856	5.06189
9.25815	5.49815
11.3259	5.46443
10.1958	5.46125
11.4987	3.44738
11.1733	4.18489
12.8923	4.30611
9.45238	3.61092
10.0105	5.23169
11.0776	3.10598
9.31938	5.88833
10.7257	3.27096
12.1035	6.11904
10.2802	4.63181
9.7824	5.95663
13.7163	6.1564
11.4775	6.6897
10.4074	3.81851
12.1373	3.83317
11.84	5.31276
10.3973	4.28799
11.5879	3.80592
10.3114	3.45506
10.5613	5.11161
11.812	4.69648
11.9564	4.44582
11.0677	4.39673
10.8424	5.80475
11.9059	5.36976
10.1054	4.01903
10.7665	3.95547
12.4572	7.20268
9.83215	4.99883
10.7137	5.37373
11.9241	3.88761
11.8609	4.09548
11.1894	3.12391
11.6209	5.71204
12.0995	7.60792
10.4697	4.0773
11.393	5.09184
9.67096	4.86966
11.0788	5.31274
9.71968	3.80195
11.2957	5.42711
10.0226	4.26809
10.8141	5.19966
12.319	7.47418
10.624	3.78377
11.755	5.62552
10.2833	6.30484
10.232	5.81748
11.6375	4.33312
10.6998	6.06875
9.21264	7.54917
13.4753	3.33275
11.9726	4.90269
11.6862	6.10623
11.0589	6.28478
12.0391	4.83405
12.2914	3.24942
9.16916	4.07755
11.6925	4.25961
9.70085	5.35726
11.6727	3.80738
10.4862	5.41599
9.02929	3.97718
10.2635	8.06562
11.9995	6.22847
11.199	4.04413
12.1098	6.80722
9.95958	4.98855
10.7424	4.76723
10.5234	4.2559
12.1085	5.82877
12.9543	4.24725
11.1229	5.19263
9.30791	6.29421
10.1328	4.56109
12.1625	4.58582
9.88928	5.32802
9.58357	4.93407
10.4562	7.44247
10.8422	5.09297
11.8676	5.21173
11.5106	3.01904
11.3332	4.5716
11.7235	4.78946
12.2873	5.47074
10.1801	3.28459
9.85376	5.23369
11.4606	6.16239
12.7816	4.90739
11.4915	4.88535
11.2876	5.02785
9.18339	4.85362
11.056	5.09327
12.0128	4.4951
11.6175	5.4764
9.85579	4.37208
11.6363	4.80181
11.4104	4.03238
9.63834	3.80725
10.8717	4.92532
11.7908	5.86593
10.9418	5.13037
11.6378	5.08545
11.1994	4.85254
10.4636	4.30636
12.6126	2.79377
12.1498	2.90688
11.3682	6.42758
13.2991	5.00923
11.884	5.53087
9.73496	6.5728
9.56176	5.90562
12.1397	4.21657
10.6241	5.69133
10.4233	6.46449
10.7623	5.82287
11.7453	6.70015
11.2793	4.64429
11.1187	3.14047
10.9146	4.86767
11.0364	6.75395
10.7084	5.83599
12.0462	2.89305
9.77731	5.94927
10.0124	6.23586
12.0226	4.45675
10.7935	5.35533
10.5862	6.76216
10.3192	6.62927
9.9662	3.60171
14.6698	5.49036
9.37389	3.30818
12.5227	7.305
10.7193	3.24001
12.0692	3.41836
13.3134	4.20264
12.7026	5.9393
12.3986	3.03658
9.94005	5.48301
11.9663	6.2541
11.4718	4.93157
9.70524	5.86871
11.6129	3.64297
13.093	5.21499
11.3632	5.25867
10.8707	5.72877
11.4494	4.54904
11.116	4.84928
10.2369	4.18355
13.7674	5.83853
10.5794	4.9377
9.74372	5.93306
9.68827	5.39267
11.2626	4.0053
10.4975	5.99682
11.4387	7.22939
11.4564	7.13356
8.93462	7.00483
12.479	5.36084
10.9843	7.2441
11.266	2.95452
9.90643	6.5152
9.46439	3.91123
11.1208	5.65344
11.8281	5.86109
10.0994	3.15555
11.276	5.41501
13.5249	6.71025
10.8267	4.183
10.5669	3.62037
11.7655	5.02195
10.3526	3.84613
9.88642	3.96428
9.34573	5.16247
10.9001	4.44742
11.2469	5.10922
10.8631	5.00912
11.3998	4.62808
11.4766	6.0044
11.2053	4.03504
9.49704	4.50479
12.0226	4.82912
10.9342	4.11645
10.0396	5.4469
12.2072	2.88489
11.3019	3.46806
9.38944	5.68043
11.4118	2.92148
10.2864	6.68118
9.71738	6.02467
10.3758	8.14378
10.2704	5.38688
10.9011	5.32022
12.6581	3.56375
10.1193	3.17081
11.7245	3.26108
11.6499	4.96023
11.9414	6.03856
11.5324	5.26395
11.0314	5.69622
9.89563	2.97186
11.0086	4.87445
9.95859	3.87765
13.3796	4.46993
11.5649	3.46517
9.39976	3.57705
10.1167	4.82372
11.5298	4.21198
11.4998	5.32655
11.4303	7.25638
12.294	3.4376
12.4039	6.37237
11.1089	5.61464
12.0707	5.43995
11.8905	3.47025
9.97625	3.81839
11.4388	3.15207
11.4671	3.41454
9.43858	2.8758
11.3316	6.73992
10.0296	5.59607
9.09152	4.92246
9.04355	6.38169
12.0908	8.88729
11.4413	6.12758
12.1582	3.31192
10.9112	4.49422
12.5615	4.29131
10.2998	5.9193
11.6266	4.71198
11.4115	4.13351
13.415	3.32615
10.9528	3.20964
12.1856	6.45685
12.4045	6.25717
10.7872	4.64403
12.2134	6.28008
12.0304	3.46961
10.5013	5.52443
11.4973	4.63398
10.8149	3.60169
10.0713	4.75928
10.8132	4.72458
12.204	5.00885
11.5909	4.24366
10.7012	3.65325
9.7251	4.93321
12.6254	5.14223
11.2143	3.37447
10.6374	3.91068
9.2047	3.63095
10.7651	4.38414
10.5306	3.91744
10.2304	5.95782
10.0351	4.11977
11.3969	3.18154
11.4164	7.50135
9.88648	6.50041
9.81166	3.85017
11.5547	4.26052
11.1261	4.67359
9.7554	4.28182
11.2952	4.00284
13.0504	4.13526
10.1663	4.93167
10.0713	5.10034
11.1567	3.84474
11.0872	5.32654
12.0692	3.72213
9.01555	4.78552
11.514	5.79123
12.051	4.00651
10.3574	5.13622
11.6332	4.65104
13.2961	3.4365
11.0999	4.00565
13.3308	5.70095
9.89133	5.90768
12.2117	4.73676
11.1125	3.30664
12.3019	5.79333
9.66962	6.79736
12.1263	3.63785
13.9604	3.43518
10.5897	3.16612
11.411	5.75681
10.9686	5.47668
10.311	4.48608
12.3199	5.48322
11.9055	3.65911
10.305	4.78896
9.80367	3.53333
9.55979	5.94995
11.6195	3.5654
9.57589	3.83065
10.8407	6.43876
12.4667	4.88586
10.9575	3.88288
12.9692	4.72708
10.9804	4.98019
12.1481	4.3159
10.0631	6.36235
9.66701	3.50324
11.916	7.37117
12.4701	6.41174
9.44101	4.75392
10.5989	5.94566
11.303	5.23912
11.6839	4.54838
11.8145	5.75423
10.2871	6.34996
12.6464	7.67767
9.42902	5.60054
10.3327	5.57134
9.28943	6.49481
11.6423	4.52116
12.0399	4.62057
12.0263	3.49603
12.145	3.54401
12.6103	5.45966
10.9137	4.95438
13.1892	5.85931
12.9751	3.09603
12.2734	4.61109
10.7197	4.64634
13.3624	6.70299
9.93464	7.01601
10.7404	4.91209
10.8137	3.83001
11.5761	3.96866
9.19214	3.64547
11.1102	3.70151
10.7768	3.80426
10.8437	5.13202
10.0734	4.61067
10.1312	5.87891
10.356	4.1787
13.4602	4.71916
10.9557	4.8796
14.1284	7.87328
13.5655	2.80115
12.343	4.69636
10.0107	4.82688
10.8593	4.35083
11.0108	5.56672
10.5629	6.27703
11.3132	5.99068
9.20992	5.47584
10.4386	4.47725
13.4895	5.71967
11.9656	5.52232
11.2484	5.25094
12.4504	4.92342
12.492	5.79881
11.4139	6.00682
10.2543	4.66738
11.1691	5.7672
9.58651	4.85187
10.7924	6.24563
10.1714	3.93014
12.2622	5.86309
9.14328	3.94561
9.72084	7.53063
10.6605	5.55911
11.6876	4.47039
8.83521	5.44085
11.5405	3.27391
9.53285	5.1604
10.5752	3.55522
12.1022	4.2438
11.36	4.4955
13.12	6.13616
9.21532	5.24514
11.3771	3.22593
11.7356	4.48547
9.6906	4.73019
11.9761	7.01414
11.4347	4.47534
11.7776	3.98912
10.4819	4.78983
11.2139	4.09417
9.70077	5.44365
10.5946	3.9859
11.19	5.07636
13.6356	6.85615
9.68954	3.3745
12.1248	4.92637
12.2629	4.8319
9.53396	4.15657
10.6613	4.29583
9.7813	4.63045
10.1745	6.43804
11.1814	4.31354
9.41854	4.09459
10.6603	3.25408
12.2126	5.6014
11.136	5.29059
11.5077	4.83911
11.7882	5.91114
12.3075	2.63655
9.86781	6.28109
10.4028	5.96944
12.8088	4.9036
11.6788	5.00843
11.0711	5.4686
11.5789	3.12489
9.99064	5.24107
11.7241	5.51861
9.68732	3.38848
9.37091	5.52981
12.3784	4.93716
13.7816	5.69566
11.273	4.78421
10.9189	3.89529
10.6129	3.52406
11.9194	5.11243
9.95967	4.25354
9.6904	5.61927
12.3295	5.10385
9.33646	5.49268
9.78295	5.56223
9.84512	7.2009
11.593	3.43896
11.2	3.94214
10.2953	5.57946
12.1631	2.83359
10.0066	3.48983
11.1432	6.32022
9.87	5.03236
9.06896	4.98655
11.6223	4.39206
9.20443	5.06408
11.8423	4.45482
11.0939	3.90474
9.90401	7.09302
12.8532	3.70679
12.0843	5.222
9.88894	5.94586
11.3963	4.1103
14.1371	2.8248
11.7792	4.87932
10.1504	3.22852
12.2251	4.34779
11.0245	3.39782
10.6328	5.27926
11.2191	5.46408
11.1961	4.82371
12.7004	8.75047
9.85793	5.84667
10.522	5.25366
11.8879	5.51963
11.4911	6.29965
9.64007	5.97843
12.8356	6.35817
9.42409	3.37741
11.4949	4.63542
9.17706	4.46057
11.6528	5.35786
11.8902	3.03711
11.4234	4.13285
10.2234	3.33763
9.88471	4.4689
11.3471	5.70963
10.2909	4.92533
9.53854	5.77543
10.02	3.99985
11.066	5.40173
10.2505	4.80097
11.7811	4.59913
11.3141	4.25679
11.7194	5.11701
12.5331	4.02656
11.5425	4.39107
9.62609	3.7396
11.1484	6.53944
10.7901	5.49146
11.2115	4.374
10.3898	4.32515
11.1831	4.78003
9.42979	3.49346
9.56396	5.22931
12.1529	4.50243
8.9621	5.77407
10.3196	6.10207
11.9137	3.98043
9.8096	4.72147
11.9652	4.07825
12.9205	6.39533
11.5351	5.15423
10.8215	4.02206
9.54309	4.21368
11.2489	4.23623
11.7315	5.66441
11.1054	4.3048
12.4819	5.44266
9.82311	6.57913
11.1757	4.2729
12.9902	3.37192
11.2287	4.64717
11.362	5.75352
9.43875	5.2736
11.7182	3.47859
11.2357	3.6618
9.68762	6.23892
11.6653	4.19125
10.9275	4.84637
10.8903	3.64454
12.0274	4.33364
9.96402	5.99059
10.3257	4.46538
8.93614	3.82985
12.1784	5.27368
10.2844	3.93132
11.8882	5.90067
10.296	5.54178
11.3512	3.7443
9.57764	5.84598
11.4607	3.0807
13.9469	6.54782
9.08803	5.48734
10.2851	3.01221
9.88245	6.69756
9.30439	5.39724
10.2407	4.25197
11.6777	3.95408
10.6637	5.66143
11.7422	5.66295
12.6853	5.10851
13.2414	5.01199
12.4239	3.46245
10.2822	4.78001
9.58447	2.98872
9.59301	3.92626
12.73	4.60562
11.4659	3.52226
12.1265	4.29592
13.1028	5.84089
11.0787	5.12464
11.0983	6.00014
10.2853	3.06511
11.8274	5.0951
11.2213	6.76965
14.3556	6.31892
12.0136	3.66085
10.4741	4.83263
9.09221	5.6531
10.1888	5.58458
10.6874	3.96358
11.576	5.04653
9.3172	5.94868
9.19522	4.56762
10.259	5.21256
12.1458	3.02035
11.2931	4.76111
10.784	3.50245
10.0652	3.55411
11.6249	3.85522
11.3763	4.88393
12.4449	4.05153
10.3462	5.15288
12.1035	5.29656
9.63642	3.67738
11.8793	2.50544
9.62969	6.4622
11.9963	4.14844
11.8928	4.47895
11.9172	4.79971
10.3717	4.8179
10.2846	4.30776
10.2872	7.12117
11.7796	5.40145
11.8469	6.22322
12.0084	4.80925
11.741	4.29505
11.9059	4.9352
10.5813	3.10298
11.6922	5.01123
11.6236	4.17073
11.4702	4.28264
11.0108	4.94965
12.7769	5.62384
9.17938	3.2772
10.379	6.36188
11.2916	4.87257
11.7917	5.93134
11.0794	4.18636
10.9862	6.02413
9.19311	5.52975
12.3733	4.14519
9.1391	5.88898
10.2353	5.32226
11.8584	5.70363
12.3477	4.80257
11.4556	7.69244
11.0177	4.98414
11.2038	3.28994
9.70812	5.76047
11.7203	3.31897
11.4657	5.50887
11.9354	5.51537
9.33733	5.99058
10.6297	4.58747
9.28713	3.63402
11.6501	6.34829
10.2363	5.76851
12.7876	3.97919
11.7436	5.25132
10.8846	3.28729
10.6281	6.06341
9.06782	4.93454
10.5642	6.36515
10.9652	3.88222
10.0468	5.05358
11.4344	5.7146
10.974	4.61313
10.1082	3.44912
9.59109	5.28199
9.24696	6.22843
11.7039	5.759
9.55875	4.79974
10.1481	4.79197
11.1639	5.50637
10.7141	5.05376
12.4987	4.80991
13.7085	3.68694
10.5024	4.3175
8.95407	4.24832
9.45516	7.09956
10.4456	3.49292
11.1419	5.42675
12.2576	5.23654
10.9205	4.78119
11.8464	4.15091
11.8419	3.89239
10.6327	4.18728
11.8498	4.96819
10.0812	3.49198
11.3093	4.6055
9.90543	5.50774
10.5085	5.51818
9.45525	3.12981
10.5988	4.73424
11.5698	5.94474
9.18555	5.1152
11.3977	3.31932
11.5158	4.09021
11.0736	6.01017
12.3835	7.22979
10.6695	3.14697
9.24224	3.17452
10.2798	3.04807
11.4613	3.54693
9.87096	3.56822
10.2291	4.05984
13.7947	3.42004
11.2983	5.27339
12.648	6.3068
12.0755	5.59696
9.16041	2.95039
11.5828	7.00866
11.304	4.81022
10.8625	8.13102
10.7282	5.41814
10.3443	4.32314
13.7311	2.67444
11.1082	5.72517
11.1173	3.50073
11.3055	4.80765
9.39942	3.21272
11.0491	6.0176
11.2068	5.61096
10.6183	6.15943
12.0152	3.43058
11.8803	6.26929
10.37	4.05922
9.8161	5.45317
11.3489	4.7065
11.5402	6.68278
11.3501	5.13618
12.3331	3.10504
10.64	6.16249
11.9842	5.60728
9.82921	3.80926
9.84267	5.07561
11.4114	4.87948
10.2822	4.58017
11.8439	6.94579
11.5035	4.28234
10.513	3.97687
10.7991	3.98355
11.4575	4.34881
11.4614	4.70856
9.87803	3.43397
11.2186	4.8193
12.8668	3.62906
10.5164	6.05038
10.7762	5.11254
11.5092	4.21502
9.63333	6.16504
11.2547	5.52326
10.143	4.08186
10.0112	6.05455
10.6595	5.95555
10.9361	3.99001
10.2177	5.53519
12.2645	5.38429
11.168	4.33635
11.4142	4.19259
9.27008	3.68691
12.5212	5.06615
11.8719	4.28965
12.258	5.54766
10.2664	3.97585
11.6438	5.99816
10.7627	4.56577
11.8022	5.31561
9.81304	3.28485
10.2993	6.83515
12.0402	5.34518
11.7408	3.67268
9.95422	5.08608
13.6529	3.87733
11.1924	5.79973
9.89437	6.15325
13.268	4.91801
10.5005	6.04323
10.3751	6.55094
10.5285	5.49586
12.3008	3.83165
11.6265	4.78296
10.7617	3.79487
10.4318	4.64456
12.0218	3.1661
12.6316	3.18241
11.4272	3.97848
11.2975	2.8527
10.4834	6.10783
9.96048	4.33396
10.641	6.47664
12.2669	2.82636
10.1012	4.77998
11.3293	3.71685
10.7828	5.05668
9.92113	4.67273
11.2631	4.50654
13.0332	2.29536
10.9147	2.9262
11.0384	5.60612
10.105	4.39809
11.2017	6.64677
10.9898	4.64279
10.9059	5.38202
8.97891	4.76355
12.3263	5.59223
10.5551	5.54423
12.1744	4.18869
12.7774	4.68211
10.4831	5.07788
11.4662	3.03878
9.78991	4.03619
11.7555	5.47357
10.0007	4.01509
11.7303	6.62748
9.60256	6.62654
10.1941	4.30669
12.4294	3.58037
11.2518	5.09587
11.4316	4.93348
10.1584	3.58154
9.44261	4.68918
10.7511	6.0618
10.0354	5.04902
12.3032	3.96894
10.8762	5.03951
11.6043	6.70937
13.2693	2.46022
11.3844	4.12451
9.43178	6.43593
10.0319	4.9628
10.291	6.43147
12.48	3.66592
9.10536	3.83081
12.0048	3.73499
12.4429	4.13571
11.4246	3.09614
9.56925	5.40107
11.1268	6.40071
12.4787	5.11421
10.6605	4.88245
12.7525	2.79709
11.9379	5.87894
10.0809	4.84222
11.6868	4.66125
13.2887	4.98529
10.2266	3.91905
10.8887	4.88277
11.266	4.2327
12.2047	3.65441
10.0875	5.14182
11.4928	3.04726
10.5664	3.88048
12.892	5.18304
12.7236	4.53586
10.1292	5.64449
11.13	4.15251
11.9031	2.67822
11.9482	4.93599
10.7901	4.37162
10.7073	5.51094
10.5405	8.57039
12.2033	3.57898
10.5715	5.27566
9.82544	5.25296
11.0463	5.78824
11.527	3.20414
10.472	4.51577
10.2998	3.81107
11.5851	5.00444
11.8059	4.44698
10.1774	3.77678
9.86075	3.75451
10.8276	6.11122
10.3694	6.11905
11.6386	3.54811
9.61798	4.74451
10.8768	4.2948
9.9364	6.36768
10.4798	4.33679
11.6429	5.06312
10.8163	3.41655
11.4934	3.35415
11.0112	4.41687
12.1072	6.346
9.4012	4.25694
10.9968	5.73497
11.2471	6.53287
11.2174	5.79487
11.9624	5.91696
10.5643	3.46114
10.7253	5.40981
10.3444	6.09905
10.6649	4.83293
10.7447	3.64161
11.1753	6.08331
11.3313	4.56157
9.57103	5.34943
11.4191	4.76652
9.76909	5.27316
11.9031	6.00625
13.5714	6.67794
9.17023	4.76716
11.1592	4.50973
10.6815	5.00487
11.4601	3.64026
10.4528	5.85783
11.7626	3.43096
10.3769	4.94256
12.0308	5.1078
10.5098	4.91924
11.2957	3.64189
10.6161	5.61386
9.7643	5.70011
10.2062	4.1938
11.559	3.61165
11.3923	3.37553
11.299	3.74697
10.9802	6.45159
10.9702	4.50324
10.8003	4.98368
12.263	3.47875
12.0685	6.35598
9.21317	5.01906
12.333	5.42759
10.9382	4.85882
9.32221	4.27983
10.3358	5.74986
10.784	4.44552
9.03296	3.17579
13.5863	3.42234
11.8665	3.48105
10.3203	4.86419
13.4109	5.32159
11.8958	5.25716
11.4609	3.7981
9.79916	5.07986
11.5415	6.99245
10.5155	5.67386
10.9414	3.4986
12.8058	5.32797
11.127	4.69163
10.8499	4.65786
10.4566	3.96793
10.7446	5.96805
11.3144	4.69047
11.3976	4.25405
10.9234	5.91387
13.2811	5.69724
11.995	3.82083
13.0896	3.5669
11.6145	4.3415
12.1737	5.08438
10.8366	4.86583
9.51007	6.64849
10.9045	5.52136
10.177	5.76591
12.3319	4.28451
9.99382	3.47745
9.858	5.74906
10.9326	3.28926
11.9457	4.09166
9.98324	6.00604
12.1629	2.84798
9.1863	3.87695
12.47	5.9945
9.71679	3.87644
10.7567	5.77543
10.1961	6.03169
9.37459	3.77287
11.5842	5.18304
11.6951	3.90124
9.76953	5.35832
10.1655	4.23076
12.6516	6.77496
12.1355	5.55404
11.1648	4.72311
11.6417	5.25179
9.34137	5.32365
9.16691	5.68574
11.6005	3.83441
9.56238	3.50106
10.5163	5.71369
9.65472	6.07814
11.5513	4.5844
12.1279	4.72145
9.40612	5.80725
11.3122	4.61078
11.85	5.31313
10.648	5.81362
10.7721	4.95516
9.35441	4.38931
10.1	4.0089
12.3449	4.02704
10.724	4.53775
12.3304	3.9022
12.2353	3.64341
11.8515	5.62873
10.6963	5.04626
11.6693	4.12674
12.8944	6.57259
12.5199	4.39735
9.38507	3.69983
9.86078	5.72335
11.5077	5.51786
11.4024	5.76549
10.6661	6.80268
12.4828	4.76725
12.9442	4.25773
11.7551	5.74169
10.745	4.74986
10.4673	4.62223
11.2675	5.42415
10.8318	3.3091
10.7601	5.72575
10.1782	6.05603
10.7136	5.29676
11.4959	4.09626
10.5305	4.86234
9.99188	5.43259
12.9332	3.83786
9.19213	5.5813
11.0796	4.68251
11.1148	4.42656
10.6487	4.90181
10.7805	5.60555
12.364	6.38732
13.2832	5.01992
10.7243	5.41028
11.4258	4.61806
9.99372	7.00387
11.3288	5.85762
10.8689	3.09466
9.25907	5.18173
9.59896	5.58181
11.3642	5.87315
11.0319	5.71558
10.7438	6.08932
10.4912	4.36417
10.2427	3.93826
12.4458	3.18172
10.5996	5.49102
10.1125	4.99785
11.0939	6.0063
9.07018	5.55432
10.0647	6.11598
11.3291	6.42949
12.1616	5.1046
9.23919	5.65177
10.8177	3.31309
11.6237	5.01545
12.0473	5.5829
11.4512	4.09531
9.78578	6.57433
11.9979	5.36642
9.11294	4.95003
11.2679	5.52357
10.0632	5.4981
9.47664	5.74241
10.1954	7.19336
11.6683	5.45361
11.2089	4.67217
11.4353	5.75416
9.60042	5.13662
9.16045	4.4134
13.1161	5.70548
10.9529	5.40772
11.8307	4.40875
9.82732	4.84822
10.4744	5.04222
11.0676	3.22861
11.68	5.09268
13.0773	5.97599
14.8973	1.95498
13.6849	5.85848
10.2457	3.74125
10.982	2.78968
10.9041	4.72566
11.5437	5.11158
11.3209	5.16987
12.7239	5.14092
10.875	7.5403
12.3371	6.11511
10.6718	4.11421
12.8214	6.22773
11.223	3.04819
10.3814	5.57028
11.4201	6.49888
10.8048	4.55588
11.0029	5.07798
11.2404	4.03048
9.03465	4.42219
9.48439	3.9252
13.8753	3.44389
10.6848	3.46767
10.589	3.58074
13.6123	1.25283
10.7422	5.81094
10.8594	5.07362
12.1054	6.3058
11.3703	3.28091
12.997	5.3439
12.6058	3.91725
9.8996	5.49231
11.3805	3.44856
11.524	4.44306
11.3795	4.42341
11.1851	7.07343
9.94202	5.6363
13.8325	2.25185
11.5582	6.2482
11.3498	4.34188
11.6256	6.13395
14.6626	3.33479
10.1262	6.66697
8.99181	4.68299
11.4361	5.09176
11.6935	4.05178
9.62803	4.0803
12.8644	2.29299
11.313	5.36931
10.2062	4.35762
11.2761	3.48586
9.2002	5.54324
13.3156	4.41395
10.4508	4.59187
11.9445	6.02255
10.3931	3.63688
11.0407	4.71653
14.9586	2.89839
12.5388	5.51269
12.8732	4.56458
10.4563	5.78113
9.31178	4.44131
12.1858	6.35426
11.3161	5.67106
11.3733	7.34394
11.6328	4.57405
12.7729	5.55327
14.0718	2.66427
10.8387	4.17807
10.5503	4.0399
11.0252	4.77489
11.2199	4.4887
10.7935	4.42116
13.1734	3.88938
10.2871	3.46195
9.76687	3.66012
10.8749	4.64012
12.001	4.66975
9.16933	6.0302
11.0612	4.96519
11.9575	4.05582
9.96153	5.68158
11.8043	6.39382
10.097	3.92578
9.73167	4.05514
10.2494	4.88264
10.0981	6.13425
10.7134	4.09748
10.5266	4.43941
10.0643	3.95117
10.7721	5.93139
9.99087	3.33476
13.1264	3.19136
11.0535	4.31391
10.5137	3.64488
12.3715	7.07714
12.1128	4.45112
11.0151	6.15481
11.543	5.16511
11.8732	6.07909
9.88892	4.6672
11.7558	5.67242
10.4614	5.3241
10.8728	7.34088
10.971	6.78459
9.50675	3.49542
10.1674	5.74748
11.1535	4.80417
12.8707	3.6138
11.2361	3.35516
10.2273	4.44445
10.3269	6.10987
10.014	4.64432
10.1059	4.61368
10.0279	4.25288
10.5413	3.5792
10.9455	3.11661
11.57	3.25638
9.57602	5.05634
10.3557	6.75524
9.8199	3.15911
11.0718	4.63108
9.67915	3.15018
11.2443	5.36207
12.7372	6.14983
10.9053	5.64476
9.67905	6.62678
11.8651	4.75586
9.75212	3.49959
9.38463	5.32222
13.92	3.20434
9.27008	4.27144
11.4672	5.63228
10.7168	5.22909
13.322	4.65792
11.3759	4.38336
9.22868	4.49907
10.1277	3.49445
10.0695	5.37792
10.0261	4.37694
12.1353	4.90415
9.95708	3.92415
12.105	6.19869
10.1929	5.79293
9.98416	5.43129
10.2707	4.5005
9.76476	4.34757
13.2372	5.99448
12.1535	5.32731
10.5774	4.71324
9.13677	4.49603
9.6911	3.71484
13.116	4.08009
14.3686	-4.29218
9.84747	4.5123
11.421	3.14645
12.3074	5.97839
10.7654	6.20678
10.1976	5.45121
10.6125	5.50956
10.5341	2.93389
11.6075	4.70298
13.6154	8.7003
12.0012	4.03419
11.7409	5.39047
13.1633	2.6124
11.1056	5.45562
11.6227	4.35157
11.5586	4.69749
12.3388	4.86076
8.90033	6.38933
11.872	5.39087
9.13021	4.70692
8.84812	4.81902
9.2268	3.20809
9.7857	5.94561
11.6456	4.16048
9.76686	5.28722
8.77831	4.03332
10.0976	3.60404
10.4617	4.73793
11.0869	4.78878
10.3756	4.47377
10.992	6.85295
12.9258	2.90935
9.30394	6.51639
11.1659	3.34885
11.5118	4.87819
10.8834	5.59723
11.8271	4.24692
11.613	4.58451
9.17653	5.13879
12.2076	4.59509
13.5861	3.98925
11.4669	5.0697
11.7144	7.31573
11.2501	3.65284
10.6396	5.3136
13.436	1.93645
10.8976	3.05371
11.4053	4.0239
11.6013	5.23467
10.5677	4.93707
11.6627	7.16312
11.4851	3.69657
10.2725	3.7527
12.5804	6.42165
11.6827	3.2804
10.2436	5.03394
10.7236	3.77412
11.6046	5.84073
12.982	4.62839
10.8115	3.68517
10.5507	3.83258
14.4015	5.59268
13.5799	5.11649
10.982	4.94076
12.081	6.08828
10.84	3.09852
11.8569	4.58735
12.9264	4.63857
11.3739	3.7359
10.5028	3.53828
11.5617	4.93207
10.5991	3.39655
11.9586	5.21535
9.88002	3.5037
10.8739	4.83913
11.2163	6.51599
11.0875	4.06337
14.316	3.48213
10.7394	5.91568
9.94917	5.33548
10.9383	3.6553
11.2299	4.68462
9.99501	6.50275
9.97765	3.40448
9.61521	3.30932
11.0763	5.60091
12.3114	5.52371
9.92875	3.53667
11.6447	5.96877
9.86249	5.30759
12.3026	4.82211
11.1173	5.35586
9.87591	4.80228
11.6344	5.10256
11.0588	6.53534
11.2094	5.61045
11.9119	6.31302
11.6738	4.78276
8.8798	3.97903
11.008	4.63666
10.0834	5.89174
10.4408	4.59811
12.5666	3.9835
8.80026	5.43722
11.811	2.97146
9.65813	4.27405
10.7247	5.05355
10.6907	4.91579
11.8004	5.77539
11.152	3.6036
9.48716	5.72253
9.53894	6.19098
10.9416	4.80992
13.0746	4.17629
11.4149	2.91774
11.1161	3.93254
10.8866	5.9943
10.281	3.27543
9.78112	5.72823
11.9382	4.25575
10.5454	3.76916
13.3407	5.06349
12.5442	2.78085
10.9243	4.66579
11.548	7.76979
10.4218	4.85496
13.2412	3.34817
11.0767	4.11356
10.0495	7.67176
10.9186	5.66215
9.80473	4.66031
9.03225	3.46073
11.4474	5.05818
10.8984	5.91449
11.0899	3.85923
11.3458	4.59552
10.0334	5.03222
10.0081	4.25237
11.8568	4.50982
8.99353	4.03216
11.8219	5.72646
13.8814	3.05753
11.3907	3.78804
10.2293	5.81216
12.3008	4.47318
10.2957	5.05582
11.6882	4.48261
11.5608	4.59751
11.8885	5.86103
10.3551	4.27748
12.8812	5.98371
12.81	4.87008
11.3997	3.95832
11.2831	4.50589
10.9068	3.84888
8.99701	5.8452
11.0983	6.11047
11.9461	6.0776
9.56356	4.16341
12.1536	4.42872
9.11531	4.00639
11.1737	3.82252
10.237	5.30353
9.31105	3.82147
10.0762	5.21844
10.2525	3.53859
11.307	5.12616
10.4549	5.87989
10.6908	4.8101
9.5965	3.3263
9.7808	4.92508
12.0594	7.42082
11.3572	4.35891
11.9047	4.34539
12.5726	6.0875
12.6415	4.65308
9.53734	5.95314
12.1717	4.44923
10.0248	4.09945
11.2224	3.01035
10.1681	5.36968
9.94645	5.8269
10.2183	6.10898
10.6498	3.40349
11.1971	4.75258
10.1893	5.3575
12.2501	4.11226
10.1578	4.34728
10.8024	5.20306
10.1317	6.32729
13.0207	1.97439
9.5339	4.65693
11.4191	6.62965
11.41	4.08572
11.96	3.68001
11.3197	3.73498
10.793	5.06339
10.6469	4.0863
11.2197	6.19541
10.4146	3.41644
10.4556	4.092
12.1746	4.75232
12.1326	5.26927
9.96486	3.15306
10.239	5.04823
11.0663	3.9925
10.9495	3.44734
11.6728	3.33368
11.7047	5.03286
10.9897	4.11129
10.7921	5.51703
10.4992	5.15879
9.2345	5.88983
9.31811	3.26256
10.7188	3.95693
10.4477	3.7816
10.5029	4.80017
10.2667	5.14228
13.3211	1.44605
11.5032	6.29228
10.5536	3.4987
11.0154	3.46876
10.1959	3.70612
11.8908	4.88759
11.5269	4.71391
10.7066	6.6895
11.3121	4.60868
9.40971	4.7074
11.2021	5.95583
9.31797	5.29005
10.7838	4.74871
9.94589	4.32162
9.28695	6.70309
12.4371	5.59259
12.0359	4.75168
10.7445	6.07084
10.3095	4.77326
10.1361	3.48245
10.0816	4.34981
12.0906	3.51636
12.1033	4.0103
10.2864	6.02512
11.0919	4.69781
10.3871	5.00154
10.461	3.80187
9.55485	4.52717
11.4086	5.33614
10.889	4.41388
11.6036	4.64233
12.7796	5.81307
10.1805	5.33304
10.9183	4.66036
12.6294	4.26732
10.8027	4.65177
9.63813	6.2226
9.73242	5.32825
9.2626	5.58843
11.6623	3.35039
9.66817	3.64325
11.8015	6.19212
13.4496	6.96146
10.0558	5.82158
12.7435	5.89452
11.9177	5.4876
9.14725	3.67274
11.1276	4.16973
9.7944	3.40305
11.9491	3.50032
12.2524	5.04445
12.4106	4.28174
11.7585	4.43303
11.1863	3.37844
9.90056	4.65051
13.2585	4.66191
10.452	5.40625
12.5192	5.35211
9.36254	7.29996
9.38546	5.07183
9.86399	3.45696
9.19666	4.70528
11.1961	8.15619
11.824	6.05665
10.4844	7.31018
9.68372	4.56781
11.2828	3.34588
10.2433	5.02993
10.2646	4.54092
10.5866	4.61821
11.3453	5.95865
9.82431	3.5792
12.3182	5.64589
12.7309	4.46791
10.8121	6.27898
11.5285	5.43406
11.2693	5.22646
9.96894	5.78743
12.1076	5.22261
11.9091	4.87927
9.95193	3.98654
10.8871	4.75619
9.70728	3.4051
13.0357	5.73665
10.1913	6.24518
12.6929	4.56875
11.9261	5.43721
11.9218	4.26573
12.2649	3.62498
9.17792	5.45777
11.4639	4.34359
11.7775	4.41595
9.51019	4.9036
10.874	3.65722
10.1796	6.25992
10.0007	5.54268
10.8238	4.83928
11.4614	3.13164
11.125	7.83583
11.461	4.52978
9.6078	3.2507
11.6085	2.98033
12.3269	5.68449
10.8885	5.01108
12.4342	4.30594
10.5904	6.7536
10.7792	6.43393
12.371	2.13611
10.3065	7.5225
10.533	5.76331
10.8386	5.53771
12.4692	4.4391
11.3393	4.6034
10.385	6.66257
9.49354	7.27451
11.625	5.17142
10.3635	5.32256
12.4654	6.40098
10.6083	4.75134
9.59121	5.38474
12.3392	5.30555
11.0211	4.74074
11.9294	4.99892
11.8396	4.73487
12.5427	4.74988
11.2767	4.38328
11.452	3.36749
11.9414	5.3103
11.3148	3.38391
9.88641	3.79788
9.8322	5.49206
9.19841	3.57742
12.1783	3.67847
9.04592	6.13461
9.7465	3.43741
9.92886	4.71811
10.0535	5.27934
14.7789	4.24244
10.73	4.40453
12.3098	5.95332
10.8386	3.40552
10.1504	5.17894
9.36175	7.62153
9.70413	5.04868
10.2064	3.27883
9.32882	3.81536
11.8915	5.67356
9.47562	3.49881
10.4725	5.2318
10.9074	5.74062
12.1743	4.26041
12.3548	3.56158
12.6227	4.36345
11.1763	4.2197
9.99249	3.95718
9.99227	5.88498
11.4386	5.32723
12.287	4.58579
12.0506	6.62293
9.57973	3.66063
9.60804	2.92683
11.9721	4.0119
10.5853	2.89794
12.9798	5.87176
11.5978	4.02896
11.7823	4.0598
9.88088	3.93225
11.3297	7.28981
9.32474	3.46924
10.5858	3.7537
10.4201	3.62641
11.4151	4.86817
11.4872	5.72505
10.679	5.06739
12.4556	5.84934
11.3241	6.84803
9.94949	3.15046
12.2633	5.20443
11.3134	3.79773
9.92966	3.56992
9.94982	5.71211
10.1092	5.02561
12.5237	5.60847
11.5245	8.47084
12.1942	6.4826
10.8672	3.8548
12.0163	5.19358
11.0617	3.76989
11.2114	4.36522
11.7338	5.69304
10.6586	4.47217
9.82896	4.80523
10.8782	4.90629
9.07196	3.10259
10.8988	4.41802
9.90986	6.48704
11.1418	2.91941
10.068	3.41364
10.364	3.07869
10.7319	4.18561
11.3071	5.84923
9.94576	3.70289
11.3588	5.73291
9.27594	5.65873
9.00329	4.83512
12.8533	3.8443
9.84513	5.3827
11.4014	5.85052
11.0656	3.46928
12.3785	4.35501
10.9027	5.07016
10.9171	5.25452
8.83944	5.76286
11.5012	4.63863
10.9077	4.90914
13.6781	4.39827
9.90777	3.27705
9.74289	7.3749
12.61	3.68679
9.34617	5.15141
10.9438	5.6137
12.7487	6.9571
9.54564	5.14658
9.71409	6.00442
9.46141	4.93801
11.4081	3.59081
11.7887	3.81236
11.8794	4.84023
12.0655	3.33311
11.0948	5.38738
10.7247	3.51941
11.438	5.23047
10.565	5.65052
11.8066	5.31492
10.2267	5.47262
9.11896	6.02789
11.9401	5.03715
12.517	4.93592
8.96212	6.2803
10.4996	3.81269
10.4715	3.78852
9.75046	5.43302
10.9505	6.71466
10.93	5.0099
9.07868	3.17656
11.8415	3.74349
11.7854	3.4485
9.40763	3.746
12.4211	4.91068
11.9437	5.42651
9.43817	6.36681
11.3429	3.96946
10.4556	5.92531
9.32995	6.48433
10.0973	3.89923
9.63238	5.37022
10.0554	4.21493
12.2873	2.52814
11.3714	5.39594
12.2399	5.72072
9.77633	3.87169
11.0305	5.82715
11.466	4.78147
11.3398	5.83572
11.2404	3.1786
11.0243	4.39968
10.3732	6.70153
10.6863	4.91002
9.57119	4.09976
11.0662	3.43555
10.9737	3.56397
9.79177	6.36461
11.1742	6.94252
9.67307	4.49869
13.9532	6.80554
11.0372	4.39953
11.3649	3.66384
10.562	5.80603
11.933	3.45913
10.4531	4.07814
11.2659	3.41968
11.1757	3.32925
10.1929	5.56713
10.4783	4.09018
10.7777	5.50813
10.1059	4.62002
9.43118	3.62801
10.074	4.77632
11.1342	3.22944
11.075	3.12445
11.2935	5.57356
12.3236	4.26621
12.1031	2.8629
11.0315	4.37377
10.7241	5.33873
10.9521	5.39769
10.0175	3.28648
9.03555	5.17327
12.2034	4.01273
9.85458	4.50905
12.1768	5.82979
10.425	3.85559
11.4334	5.70029
11.8729	3.02866
12.678	7.50041
10.0239	4.88729
10.1874	4.23151
12.7806	4.98172
9.88424	5.81265
14.7981	3.87039
11.5462	5.27548
10.0165	3.47463
12.3108	5.52588
11.8158	4.39352
10.2091	6.46443
11.0168	5.5141
14.4338	12.5665
10.6463	7.26052
10.2795	6.87128
12.7837	6.51388
10.6296	5.4259
11.4773	6.0114
10.2757	5.40711
10.4686	3.88834
10.2836	3.74494
9.79248	3.95046
11.9853	4.48242
11.7601	6.04623
10.0605	5.25487
9.36003	4.81597
8.88112	6.18051
11.2628	3.43559
12.6742	2.93325
11.7614	4.59925
11.239	4.49846
11.7272	5.07635
10.9734	5.74389
10.904	3.72801
11.542	5.88893
12.4018	5.70724
13.0497	3.60395
12.2238	4.94036
11.5511	5.09075
11.2079	5.02538
9.45534	6.3077
10.9009	4.83953
10.7478	4.62937
13.4153	5.40586
12.2662	2.71816
10.6251	5.07257
11.4093	4.58284
10.7519	5.08273
10.735	5.19236
10.2556	5.46884
11.739	6.35608
9.57875	4.71151
11.7793	5.59759
12.7426	5.89343
11.2883	5.43638
9.74579	3.25057
11.7437	3.06174
9.79918	4.14666
11.3245	5.60247
13.0768	3.93183
10.1027	5.94474
12.7664	3.47722
12.8807	6.62218
11.9212	5.33279
10.7073	4.48124
11.3883	3.92814
12.1593	4.75142
9.99769	4.85462
10.6052	6.03694
9.98254	4.90567
10.8495	5.79813
11.4394	4.8363
10.8692	6.09025
11.0494	6.45951
9.84239	5.00692
11.9146	5.04343
11.8386	5.08641
11.9297	5.71498
11.9436	4.41682
10.6763	5.11095
11.3793	4.1116
10.6909	3.63823
11.1773	5.88575
10.5667	4.64477
11.7475	5.8988
11.7566	3.9861
10.1595	4.83304
11.2304	3.30678
8.9941	3.21064
9.04826	4.18306
10.9163	4.0155
10.2434	5.24978
11.2726	7.39268
11.3378	3.80496
11.6228	4.02146
10.718	3.56553
12.4538	4.92171
12.7152	3.14809
10.9102	4.49845
10.2631	4.55277
12.2795	4.85375
9.69494	4.27675
12.274	4.84743
11.1046	4.76459
12.4993	4.23119
11.7758	4.05422
11.2132	5.14677
11.6408	4.22334
11.0639	3.68529
10.6805	6.57003
9.54456	4.59853
13.2992	3.72083
9.96742	4.81457
11.9085	5.29313
13.5457	4.4283
10.5494	4.9057
11.4146	3.85495
11.2809	5.47483
9.35834	7.03564
10.2973	5.60377
11.586	6.65288
11.1402	3.51434
11.4974	4.16571
11.7764	5.14415
9.50485	6.39862
8.91374	5.45406
10.6187	4.83466
12.3758	4.96703
11.5637	5.16275
10.526	5.15988
11.7069	5.57862
12.0523	5.66399
9.71695	4.47516
11.3156	5.87344
10.0826	4.49996
9.89366	4.96782
12.4993	4.201
11.5071	4.63629
11.121	6.77917
10.2357	5.62671
10.3995	5.99227
9.03519	5.57203
12.1845	5.12963
10.7347	5.00618
10.4864	5.20432
10.4351	3.23579
9.6877	4.886
11.099	5.99646
12.4695	3.78581
11.4551	4.11881
9.14105	7.68905
10.3984	4.23275
9.94733	5.6481
12.4819	6.86193
9.83302	4.51171
11.9478	2.09076
10.4835	6.06738
10.5461	4.94564
12.1738	6.08023
11.4798	3.88161
11.149	3.29985
10.9587	5.14331
11.4234	5.4892
9.40567	4.15526
10.8802	5.79527
10.8207	5.7982
10.3001	3.7331
10.7996	4.93622
12.1079	3.84732
10.505	6.48947
13.017	5.82472
10.3566	4.9394
12.4765	4.64411
11.0427	5.30874
11.6149	6.33849
12.1736	6.25966
9.2626	5.32701
9.11409	4.81244
8.98528	5.0586
10.6512	5.24326
10.4296	5.42148
9.86481	5.43147
9.52782	3.9441
11.6027	5.57079
10.1558	5.30016
10.7546	3.61285
9.82214	5.67609
11.5533	3.49815
11.5754	4.2098
9.77443	3.14744
11.3058	5.49402
10.2206	4.46286
11.4468	4.65296
12.7744	4.44503
13.2389	2.90136
10.8349	3.12278
10.3464	4.41579
10.2082	4.06876
10.4014	3.31136
9.21996	6.46037
13.0789	5.53583
12.2236	4.13149
10.352	5.47347
11.7294	4.44263
10.4792	4.464
11.3437	4.70364
9.29287	3.91531
9.35808	4.78711
11.3962	3.0624
9.2949	3.55479
9.45595	4.03008
11.5627	5.00089
9.49294	4.80863
9.61511	5.91603
10.2676	5.24109
10.3225	3.81963
11.2888	4.7718
11.0729	5.58699
10.6838	5.83127
9.24907	3.75797
11.2253	3.49912
9.03718	4.49468
9.19521	3.04706
11.5686	3.26208
11.8499	5.23483
10.2833	6.94479
10.844	5.0292
10.6278	5.15811
11.2102	5.84004
11.9517	5.44984
10.2809	5.59852
10.7892	3.84921
11.1725	4.46292
10.568	4.80271
11.3813	4.9797
13.9823	4.1678
10.63	5.99412
12.0072	4.85211
9.92625	4.56598
9.11712	4.58701
10.4263	3.65886
12.3688	6.42137
9.61539	5.35894
12.6591	5.76722
11.8388	4.27471
11.3027	5.75509
9.9706	3.47915
10.0346	5.58344
9.64358	5.43858
9.17469	5.13149
11.2396	5.72758
9.93291	5.13219
10.1866	5.55994
11.767	3.66387
12.0125	3.96256
10.3989	4.10185
9.25784	5.47607
11.6465	3.93366
10.598	5.4875
11.2839	4.6503
12.2014	4.41369
10.2009	4.10682
10.5412	4.49015
12.0328	7.32632
9.69946	3.76558
13.0073	3.36575
11.8217	4.59997
10.1451	4.76825
10.0184	5.78335
12.4107	3.01501
11.9731	5.07618
10.6001	5.54604
10.2272	5.70588
10.1652	6.00691
9.82326	6.45639
10.2869	4.50883
11.9743	3.44328
12.6729	5.43976
11.1385	5.57293
10.4937	3.51764
11.7172	3.23085
10.0294	4.81368
10.6269	4.93255
9.85416	4.96111
10.3329	3.81734
10.0267	4.46194
9.94589	5.0366
8.87023	4.07617
12.0261	6.01082
10.7762	5.79367
10.9278	5.63019
11.467	3.81104
10.652	3.53381
10.7568	3.42107
11.9921	4.25002
11.8574	5.71742
10.5052	7.38179
11.5125	4.39046
12.0704	5.43742
11.9304	4.85143
9.28918	3.87229
11.2698	5.0844
9.52778	5.00966
11.6922	4.36344
12.2119	6.26226
14.2121	2.84371
9.87605	4.90407
13.1171	5.71257
11.1209	5.38122
10.7553	5.7542
11.5461	6.33626
10.0542	5.43871
11.3854	4.8233
11.0065	4.52495
11.8445	4.33315
9.73771	5.8557
11.7312	3.90196
13.2283	6.21976
10.2701	7.6417
11.6024	4.40869
8.78139	5.66777
10.7521	5.15812
9.68401	3.49592
10.8493	4.68607
13.0994	5.48604
10.4115	3.25672
9.10259	5.80374
9.5344	4.59468
10.1651	4.11146
11.7871	5.73797
10.8434	3.55297
12.617	5.81041
10.8252	5.99584
10.5531	3.40722
10.7025	6.62784
9.0993	5.54221
10.1037	4.58976
9.54688	5.61983
12.5649	7.15146
11.8811	6.66583
12.1371	2.84077
9.89175	6.5914
11.38	4.849
12.4237	6.53623
10.7823	3.04807
10.7653	3.50682
11.9363	6.85236
10.4687	5.83303
10.4877	3.56572
9.09993	4.62457
9.2652	4.51122
12.5532	3.81879
9.138	5.41654
11.251	5.52568
9.91946	6.2846
9.04905	6.17396
12.8315	6.50339
10.9958	7.112
9.00295	4.92685
10.1063	6.22983
12.5989	4.09034
10.0597	5.98464
9.01061	5.77483
11.0023	4.08175
11.4915	5.95897
9.13315	3.67894
9.17589	4.58127
8.85731	4.91308
11.2339	5.88176
10.5147	4.02228
10.0504	5.10218
10.681	4.83439
10.5825	5.88244
11.8125	5.21003
11.4404	6.25464
9.63142	5.373
11.7638	5.40031
12.4779	3.62447
9.60882	4.69355
11.3268	3.0665
10.0745	6.6277
10.5177	4.84812
12.4544	4.00122
12.1816	3.65801
10.8321	3.96785
12.1055	6.86506
10.224	3.28464
10.5858	4.86475
11.9119	6.04339
9.75856	5.55895
11.9948	5.20862
11.8823	4.25986
10.5774	3.92353
10.098	3.66144
12.7966	4.23257
10.4737	3.65286
11.3392	2.93587
12.5452	2.90047
11.4632	3.59442
11.1826	6.60588
10.7142	6.08344
11.8091	5.36126
10.9843	4.86744
10.6454	5.0186
9.40379	7.13879
12.4589	4.39806
10.0591	4.76624
9.53422	5.46188
8.97401	6.07452
11.2646	4.4854
10.1769	4.52659
10.3337	6.64647
9.48236	6.07006
10.7892	5.46169
12.119	5.75635
9.86105	5.2194
11.7517	4.45035
11.0378	4.66423
13.1822	4.72635
10.9727	4.5448
9.83789	3.32477
11.5476	4.31535
10.8447	5.53169
10.9579	3.69805
10.7563	3.30486
11.8633	3.83492
12.3481	5.01209
11.8854	3.23861
11.2373	5.21278
9.78547	3.55563
10.9146	6.06698
11.8456	4.92827
10.971	5.5112
11.011	7.03928
10.5187	4.17903
10.5838	6.20666
10.0877	5.28206
10.1301	3.1814
9.91034	4.51665
11.1236	3.22471
9.47765	7.2766
11.2498	4.61605
11.8944	5.37555
11.5784	4.3994
10.2206	6.04682
9.79202	5.03166
10.5278	5.44707
10.65	6.15778
10.9917	4.86146
11.7799	3.46634
11.9868	7.34809
10.3455	4.13804
12.2184	5.24439
9.26751	5.56419
11.9267	4.01185
11.1008	4.71892
10.6365	4.91732
11.5002	3.75008
11.8914	4.04675
13.4211	4.11671
9.87284	5.0346
11.0048	4.17209
11.4006	5.7218
11.0028	4.70122
12.073	6.54942
11.1764	4.19585
11.0389	5.71588
10.0805	5.71088
10.9082	4.00028
9.75165	3.46852
12.3951	4.32688
11.061	4.22931
11.1528	5.71035
10.7679	4.52854
10.1482	4.7925
10.5086	7.80629
11.5786	3.82583
10.108	6.01008
9.3331	3.75254
9.42029	4.15781
12.8471	4.94479
10.713	5.97405
8.89271	4.04648
9.68387	6.81041
10.8398	4.34454
10.828	5.70211
9.18416	5.1026
10.7893	3.56252
11.563	3.81597
10.0139	5.43606
10.4622	6.7813
11.5097	4.15153
11.2745	4.32231
11.9027	1.08621
10.5524	3.74885
11.7561	5.14814
9.17751	5.05048
10.3655	6.08918
9.50001	3.66693
9.80261	4.48843
10.6756	4.12589
10.9576	6.62992
11.0606	6.59342
11.8279	4.79958
11.1267	4.65078
9.9812	6.2294
11.5626	4.65511
11.1604	4.25622
12.3044	3.15371
10.5614	4.21685
9.44928	6.16914
9.93069	4.64842
9.65615	3.3344
13.5962	3.18079
11.0461	5.92722
10.9637	5.17554
12.1283	2.94854
9.68388	4.09322
11.4432	4.80464
11.7074	6.18931
10.3413	4.57919
12.5021	5.97881
10.7293	3.68942
9.58246	4.27291
11.7698	4.10974
9.67236	3.64643
11.433	6.52518
11.2589	5.72394
10.7086	3.11477
10.7588	4.86653
9.94118	3.80895
11.3673	3.50299
9.34495	6.44264
10.8992	4.35416
10.2027	4.37543
11.4899	4.83878
9.58197	5.50632
10.9411	4.74414
10.1377	6.32743
10.3416	3.63693
9.32403	3.98929
10.5585	7.38434
11.3603	4.37656
11.8064	4.5832
11.2039	3.71103
10.7334	4.69902
12.6438	3.97158
9.66279	3.86234
11.3406	5.11193
10.2748	4.74469
12.3389	6.16307
10.1468	6.4483
11.0833	3.42795
13.0714	4.1645
10.4077	6.08727
10.396	5.88766
11.9128	4.00125
11.7148	5.83673
11.3121	5.38705
9.25955	4.98216
9.17483	3.74035
9.88136	3.1611
11.5843	3.47757
10.5824	5.49594
11.1762	5.16851
12.7312	3.70059
10.1201	6.13878
9.86293	5.94064
11.5857	5.83154
11.6174	5.19502
9.88006	4.52836
11.6564	4.04491
9.77595	5.78943
11.9805	3.28978
11.405	5.97982
11.2955	2.92598
9.87545	5.27463
10.4995	6.07682
11.9699	5.98603
8.96865	3.69372
9.8072	2.94873
10.5906	5.01262
11.7129	3.75852
9.19298	4.27628
9.55861	4.76524
10.3332	4.11433
11.7454	6.58053
11.8718	5.84211
10.9262	3.14045
12.0988	5.16818
11.5954	5.74515
10.3408	5.21974
11.03	4.92919
12.3417	4.69747
11.0079	6.30482
12.0212	5.16267
10.2082	8.38133
12.4038	3.31771
9.05185	4.18109
11.3849	3.03461
10.8339	5.44529
10.5925	5.17536
10.4776	4.41295
11.3584	4.9908
11.4604	6.29061
12.1548	5.45781
11.2035	3.4269
9.55398	5.99688
9.78069	4.98037
10.2052	5.7066
9.9785	5.08413
10.2008	5.87303
11.9606	4.61098
10.249	6.22002
12.0887	6.34568
9.20373	3.27245
9.87177	5.71864
13.7417	4.52522
11.5132	5.73571
9.59684	6.22021
11.9852	4.34999
9.47757	3.80971
9.88588	5.36418
10.2498	4.60452
12.6739	6.02146
11.674	4.47976
11.111	3.18772
11.1785	3.73881
10.7288	5.10544
12.3952	6.95599
8.97789	4.02186
11.0166	6.66463
9.93188	12.0672
10.9865	3.83111
10.7964	5.00003
9.23217	5.61894
11.4425	2.83897
13.2494	5.98646
9.29649	4.15688
8.95824	5.85448
11.5916	3.8352
8.97113	6.36352
10.5576	4.22055
8.96762	5.79167
12.0899	4.40497
12.3458	4.99928
11.8897	4.6134
11.1366	4.40867
11.1057	7.94642
13.9855	6.08024
11.8604	7.58214
10.6397	5.5528
9.62989	5.28622
10.0088	6.18788
11.0001	5.75624
11.0818	6.95193
11.4357	4.69249
12.3123	4.63775
10.042	3.74476
11.7973	5.09821
9.08329	5.52596
9.13428	4.77123
9.85416	5.93529
9.46877	3.39504
10.1642	5.81615
11.8597	3.44426
11.1446	7.18866
10.542	5.63319
9.92226	5.19637
11.7012	4.52446
10.1221	7.01771
9.3971	4.34051
10.4004	4.34981
10.6552	3.28561
10.9116	3.5483
10.6474	4.83696
9.59392	4.14031
12.4522	3.50331
12.1518	5.42157
12.1911	4.45171
11.9387	3.43263
12.6683	5.96716
10.3757	3.15009
11.3302	7.07744
12.2465	4.25157
12.2345	3.53196
9.73554	5.14209
12.2619	5.89826
10.7463	5.84456
11.0065	3.69214
10.8513	2.99144
10.2059	4.39703
10.61	4.28656
11.7745	5.00862
9.29086	6.36879
11.5154	5.07416
10.8717	4.29668
9.67043	4.26486
9.593	4.31961
14.3998	4.89646
12.0366	3.62388
10.1389	3.90504
11.2922	5.69038
11.9685	3.98396
10.8616	7.0403
10.8922	6.0042
11.4817	5.01921
9.50941	4.56493
11.9337	5.23066
11.5394	3.98129
11.2483	3.03606
9.03783	5.15372
11.4013	5.38314
11.6738	3.69452
10.1191	4.30154
9.07678	4.82994
11.1824	5.15109
9.68314	4.89217
9.06099	5.47674
11.3604	5.05412
10.7278	6.32682
11.1648	3.14768
10.703	3.65182
9.7475	4.19194
10.1362	3.59011
11.5282	3.20703
9.72515	3.31969
12.1136	3.12688
10.7585	4.26161
9.62296	6.07568
9.27223	4.18637
11.7052	5.92087
10.0709	4.46845
10.4108	5.00381
11.5095	4.48459
9.512	5.15428
11.7466	3.16542
11.9678	5.69602
11.9278	5.68106
9.3848	5.24027
12.6336	5.4587
10.0024	5.8495
10.6374	4.19892
10.8918	4.32975
11.8005	6.96976
9.17898	5.01173
11.418	5.48653
9.3067	5.70495
10.0911	4.26774
9.58354	4.28094
9.92551	3.93857
10.6786	5.43094
10.6709	3.53197
11.3996	5.51433
10.3722	5.61673
11.6247	4.83058
10.3272	4.24971
9.82607	4.58573
10.3143	7.03391
13.0906	5.15395
13.3042	5.96851
10.211	4.63857
9.93518	4.71551
9.33504	4.60011
10.6906	5.0023
10.6498	5.16203
11.2594	3.16754
12.2684	4.11092
12.8288	4.73799
11.811	4.84995
10.0835	4.47238
12.3029	5.72952
12.4819	5.33293
9.96774	7.38521
10.2703	11.6599
11.3247	5.29698
10.6701	4.38502
11.7229	3.97249
9.77972	2.99631
11.6936	7.41517
9.49646	6.27084
11.2	3.42115
10.5392	4.8493
10.0141	5.03447
10.6806	5.9694
11.9888	3.28617
9.34385	5.57563
12.4707	3.19642
11.5779	4.2619
10.9399	3.93672
10.4804	3.25523
11.7825	5.63913
9.91365	6.63689
11.4374	5.45941
14.4594	4.75322
9.34269	5.2163
10.0383	3.79107
12.1145	3.85988
12.3735	2.76712
8.89136	4.57051
10.3606	5.55675
9.57872	5.03461
11.0476	3.83648
10.8695	3.3881
12.1165	5.18246
11.7489	5.46364
11.8638	4.71438
9.42367	4.79839
9.765	4.04162
9.4484	5.88438
10.9139	3.83996
11.5406	3.88671
10.9678	3.00405
12.2557	4.54415
10.4314	4.63308
10.2637	4.84093
11.4647	3.92817
9.96811	5.47669
11.5923	4.99089
11.327	13.9159
9.58943	4.83599
13.8773	5.52882
11.068	4.40164
11.6224	5.83499
9.49769	3.90034
10.8554	5.43613
10.905	7.29615
12.3339	2.60369
12.0294	5.91074
11.3765	3.75178
9.78115	5.30648
12.8072	4.89496
10.1466	3.71706
10.7814	5.33414
10.8846	3.73006
12.6301	3.67596
11.3666	5.8995
11.3003	5.67581
11.6519	5.26858
11.7436	2.99987
11.9067	5.21804
11.3842	4.81223
13.4682	5.32082
13.8007	6.31756
12.1804	4.54356
14.1308	2.87863
11.7236	4.81412
11.3079	3.8085
9.61034	5.76272
9.61214	4.82876
9.9771	5.67941
10.8095	4.11141
12.5276	4.80193
9.91357	3.25296
9.48845	5.3406
11.7336	3.99392
10.8227	4.53309
10.4825	5.18704
13.1107	6.87581
9.60357	4.94271
10.6413	3.10078
12.9904	6.66171
9.85985	4.69247
12.3233	4.88259
12.3055	3.62169
11.4876	5.32895
9.90701	5.77662
11.4909	4.25124
11.9576	4.96497
9.68457	5.95284
13.044	4.03247
9.20694	4.25966
9.55045	3.49732
9.44012	5.65734
11.4251	5.4051
12.205	3.24052
11.2502	3.80329
12.7728	4.29866
9.90908	3.91161
11.3862	4.98818
10.8489	6.58832
13.0959	3.93455
10.7585	4.69477
11.7862	3.45273
10.0987	6.0054
11.5557	6.79422
9.22956	3.60951
11.6733	5.32427
11.3128	7.79096
9.26219	6.84195
11.7093	5.78171
11.9047	5.5893
9.07919	5.14212
12.6335	6.63757
11.7674	5.97471
9.31631	3.98009
11.2766	8.97258
10.0921	5.77574
11.3858	3.70793
10.685	5.20586
11.3408	4.9692
12.9552	3.41463
10.3588	5.26153
12.5979	3.60013
9.07247	4.74013
10.9806	5.3114
8.98439	7.19779
10.7174	4.66438
10.7654	5.4569
11.3315	5.1349
9.73916	3.52339
10.2507	4.12862
12.1752	5.12927
10.1163	3.53278
14.7457	14.0127
11.9777	5.99676
10.9122	4.973
11.7675	4.43578
10.4796	4.401
10.0847	3.66261
12.1406	2.90779
11.1768	6.36137
10.8789	5.21744
11.8049	4.94359
10.1386	5.46272
10.9808	5.76963
9.90406	4.89017
9.24953	4.08166
9.59262	5.98762
11.599	5.85807
10.2797	5.33094
10.6857	5.11734
10.1146	3.57582
12.6927	5.66796
11.0685	3.88174
11.8448	3.19921
10.8081	5.23927
11.5591	3.90813
10.1336	3.17292
10.7839	4.79645
11.0092	5.37642
11.6411	6.552
10.4337	4.13711
12.2511	5.11135
12.938	5.00411
9.02381	3.44143
11.6755	4.51248
11.3272	5.07099
11.5213	4.49359
12.0666	6.99762
9.99563	4.66618
10.0822	3.83364
10.6456	3.65347
9.4284	6.10943
12.5062	2.94268
10.8261	7.1854
12.6999	5.86727
9.55606	5.93435
11.5718	6.45568
11.3872	8.04164
11.2182	7.02095
10.5408	3.41789
10.8739	4.52923
11.7638	5.46295
11.2768	7.27639
10.6897	5.75833
9.0098	5.09857
12.4792	5.12498
10.3114	4.30148
11.5629	5.48408
11.4059	5.13216
10.8351	5.87409
10.3427	7.38145
9.39928	5.96512
12.5362	5.14633
8.94534	5.22588
10.4578	5.91757
8.92974	10.4631
10.7598	5.88887
10.6006	5.13327
12.0925	3.96773
11.485	5.55856
11.8385	3.19843
11.7961	4.76954
11.1964	3.94882
9.68248	3.50013
12.1949	4.47918
9.70754	5.56423
10.689	4.91297
10.8316	3.73309
10.0451	4.59466
9.58069	4.93693
9.82199	6.09933
9.39678	5.86483
13.6517	5.91522
12.88	4.81536
9.52373	5.10769
9.41171	4.08804
11.0215	5.63908
11.6635	4.50939
10.1488	4.70806
13.5722	2.70687
10.7733	7.82543
11.7792	5.15334
11.4095	3.52388
10.6804	4.9701
11.8879	5.65206
10.6841	4.45901
11.3723	3.59115
11.3541	3.76191
10.7853	5.30214
10.5769	5.26559
11.7537	4.81157
12.5497	4.88114
11.9365	3.49411
9.37349	3.82589
12.4339	3.66761
9.9142	4.14649
12.3379	4.28654
9.02996	5.31788
12.5251	4.02858
12.5109	3.43574
10.6098	4.72001
10.0184	2.949
11.0588	3.82348
12.176	4.36274
11.9532	4.7272
10.264	4.44957
11.6502	8.51971
10.3763	4.03096
10.2735	4.62187
10.0888	5.36123
10.2817	5.89534
11.1838	5.64809
10.0608	4.47292
12.0753	6.05793
9.06231	5.24276
9.30489	5.54951
11.2736	4.52177
11.6134	6.71301
10.1192	5.15945
10.3221	4.5017
11.149	4.93666
9.54543	3.64536
11.5518	3.48335
9.9983	5.71388
13.0509	3.9329
11.4017	5.65715
9.5381	4.51009
12.394	3.59352
11.0831	6.34247
11.3382	6.96607
12.4537	6.44116
8.97247	4.47456
11.7287	6.94878
11.5497	3.9017
13.0254	6.03017
11.544	4.28776
9.90749	3.5595
10.8345	7.35644
9.83799	6.13828
11.8804	3.69589
11.5728	5.51841
12.7544	3.30996
10.6184	4.19524
11.7717	4.4993
9.12854	5.64437
11.2601	3.29113
10.1152	6.07386
9.28733	4.16876
12.6395	3.29888
9.94312	3.78526
12.3741	3.79892
11.8695	5.80009
10.8633	4.46912
12.2216	3.65597
12.4242	5.25187
12.3073	5.14102
10.7503	5.48614
10.4094	4.62003
11.8294	3.29375
10.2877	5.15193
11.7606	6.64187
9.8716	5.4492
14.5816	4.73354
11.9762	5.94647
9.50094	6.6298
9.85943	4.78723
10.8094	4.45471
10.9017	4.18267
10.2059	6.06973
11.6814	6.17158
11.9037	5.98988
10.32	5.70857
10.6407	4.49164
11.2633	3.61909
10.8042	5.44937
9.85497	4.91051
10.9608	4.429
10.3118	5.39561
10.1145	5.43337
10.8594	3.56988
12.4748	4.69596
8.7774	4.42636
11.4706	5.57572
11.7238	5.37201
10.8211	4.23036
10.3391	4.95031
11.8238	3.3275
8.87353	7.80105
11.0696	5.7446
9.48234	4.79649
12.1827	3.97013
10.8294	5.31351
9.99946	3.03949
10.0295	6.44518
10.2002	3.31097
13.308	6.14501
11.6966	3.56678
11.0915	3.83821
10.5854	5.72749
12.6329	3.74855
9.10795	6.59516
10.6439	4.5844
9.84317	3.86945
11.7572	3.57764
12.9385	7.35036
11.3954	3.18413
9.6305	3.36535
13.0939	5.14591
12.5422	5.33223
12.779	4.20228
10.6533	3.97115
9.51449	6.35907
9.95188	4.44821
10.0033	5.16407
12.1059	5.23372
10.0691	3.53029
11.7926	5.09348
11.2141	5.50892
10.9268	6.01951
10.6584	4.21418
10.4061	5.2832
10.7251	5.99593
9.64297	5.95422
10.8125	3.59244
10.1325	5.02295
11.8446	4.86331
10.7094	5.71401
9.15419	5.83341
10.6449	5.21503
11.4892	4.22908
9.0767	3.73963
11.0425	3.36195
9.75897	7.23807
9.17228	4.41318
11.718	6.30799
10.9498	3.86874
12.1065	4.43698
10.8965	5.62555
9.37978	5.3265
12.3629	4.85758
9.08075	3.51572
11.1088	6.50709
12.4845	5.25878
11.2955	3.88827
9.65748	5.67051
9.94889	5.89994
9.89211	5.65712
9.76137	5.07032
9.82958	8.38461
10.7007	5.53844
9.31832	3.165
9.5986	3.40348
10.0449	4.4542
11.7046	4.18639
11.3757	4.9411
11.6525	4.98981
11.2989	3.57465
11.2071	5.28671
9.51272	4.09384
9.02488	4.42557
12.1744	3.61243
9.57567	3.95764
9.64482	5.21989
10.7546	2.92108
12.1621	5.01291
12.579	4.40329
10.7787	4.26628
10.4522	4.00808
13.3836	4.92662
9.3609	3.71567
10.246	4.14714
9.75092	4.09147
13.0953	4.54168
9.25323	3.27639
11.0808	7.1956
11.7045	5.28862
10.216	5.1155
11.4975	6.52781
12.9182	3.84592
9.19008	5.40719
10.9753	4.30438
11.3009	3.56348
9.84539	6.10788
11.4487	3.45913
12.5436	3.78912
12.4857	5.91377
11.8133	3.85913
10.198	4.67099
10.2826	5.12954
10.9332	4.53255
10.1379	6.31585
11.5715	4.60067
11.1749	5.64604
10.0461	4.89784
11.4365	4.09994
9.1172	4.82081
9.69056	3.93531
10.4974	6.69687
9.79945	3.14086
10.4496	4.57033
12.1944	3.67152
11.1808	6.29619
9.76137	14.6008
11.763	3.23478
11.8843	4.7433
12.7861	5.39593
10.3161	6.35297
11.6439	4.12401
11.6276	4.79649
9.10486	7.35333
9.26218	5.37729
10.9894	4.05006
12.5907	4.95078
10.5245	5.01673
9.96079	5.57989
9.27946	8.22328
9.81549	5.4582
9.29615	6.35772
11.8357	3.19411
10.0511	6.71324
12.2958	4.74121
10.2338	4.8566
10.3036	4.96619
13.394	3.90386
10.0803	4.16489
11.8442	4.74843
11.6533	4.32532
9.18112	6.24144
11.4694	4.93636
10.2576	4.76487
10.8143	5.16696
12.3998	5.25894
12.2182	5.66323
10.9511	3.07508
10.8544	4.71659
9.90753	5.62016
11.6477	4.22796
10.6908	4.77992
11.7311	5.70452
11.2571	5.72047
11.8264	5.6914
9.31453	5.3089
12.5766	4.03389
10.0071	4.9524
10.1178	5.77521
13.6819	5.01915
10.3284	4.6534
10.2648	4.1373
11.9666	4.73218
11.5931	5.00323
12.7891	4.54092
12.1358	5.02132
9.00012	3.62651
11.6376	5.20639
10.1957	5.56369
9.78238	4.94781
9.23706	6.07808
10.5033	5.12263
12.2377	5.35709
11.9515	5.40277
9.19986	5.88396
11.5872	4.21133
10.6717	5.49253
11.751	5.56466
10.466	5.94479
11.9753	3.26898
11.0994	5.61688
11.1173	5.04981
11.2676	5.61832
9.92322	4.11786
12.5043	6.68
12.0048	4.29005
10.0938	5.95787
12.2278	4.21189
13.1465	4.60781
10.7734	5.22087
11.5999	5.15202
10.9777	6.67427
11.388	3.94149
10.474	4.81664
11.6147	4.61653
10.3309	6.82049
11.7932	6.02967
10.588	3.89383
11.7902	3.28443
10.4423	4.42877
11.5093	3.42802
9.94015	5.07786
10.7467	5.44653
11.173	5.43261
10.3672	4.64931
9.83875	6.35162
9.60448	5.04797
11.2602	4.5094
14.8099	3.99532
9.82651	5.29716
10.5903	6.59761
9.07612	5.09432
9.62043	5.37247
10.0242	6.04989
11.0588	3.61548
12.3241	4.10285
9.2996	7.12576
10.4356	3.53035
9.81566	5.11286
11.2965	5.09427
8.88877	5.15744
9.46622	4.58172
12.0945	3.74139
9.60457	6.22016
9.97341	4.28726
11.5355	4.72009
10.3496	3.46445
12.1336	3.76332
10.0627	4.54943
12.4491	2.77986
10.7204	5.66657
9.5378	5.73548
11.6005	5.12217
9.1684	5.51025
9.42157	5.33758
10.0665	3.24859
11.8696	5.45973
10.1053	5.0294
10.9956	6.56093
10.2679	3.56306
10.8116	3.71423
11.0955	3.71324
12.7208	5.28576
11.5483	3.17843
10.4136	5.43823
12.1258	5.06771
11.1295	3.01293
11.2141	6.20399
11.1405	6.04722
10.8879	5.53971
10.9181	4.49293
12.0798	4.17056
11.156	5.83127
10.6137	3.62944
9.52536	4.3122
10.2922	4.90881
10.3784	5.6378
10.3226	4.47161
10.2452	6.86121
9.58261	5.70395
11.7869	4.94352
13.2316	0.285432
9.2598	5.03386
12.7126	2.96791
11.7986	6.21377
11.8315	3.79779
10.7836	6.34658
9.99965	4.6723
11.2399	5.22151
10.7845	3.73683
11.4798	5.68225
10.6822	3.42753
10.7453	3.94209
12.2177	5.293
13.2154	3.65345
10.3777	4.04694
9.59405	3.05028
9.69861	4.06316
11.7548	4.05849
11.0819	3.92979
9.03337	4.88073
10.4553	5.14551
12.4742	5.80783
11.3918	4.68684
10.9113	5.44052
13.1248	4.70666
10.7835	2.91073
10.3015	4.57066
9.0396	4.07436
11.4966	5.22738
10.6871	4.1807
11.1982	5.49083
9.2115	4.76253
12.1237	3.38037
11.9956	4.56704
10.4014	4.01748
10.3334	3.93525
11.5358	6.17413
11.3689	4.73534
11.7605	4.72739
11.4334	3.89585
11.7928	5.25795
13.0686	6.28033
10.8868	5.5376
11.614	3.7731
12.0043	4.32516
11.055	4.31912
9.87095	4.36892
10.4709	6.00391
9.79277	4.93933
13.1752	5.6427
11.7301	5.49735
10.2812	5.05752
11.8372	5.2146
9.24716	6.93489
11.2788	4.61877
11.1142	4.56611
9.27056	5.63288
9.53046	6.14803
9.54558	5.25142
10.0535	6.32055
10.4611	3.22148
11.5711	8.50823
10.1325	3.24081
10.069	4.0287
10.6814	7.73842
11.8185	5.57593
11.8033	3.7496
10.4387	5.64433
11.7512	3.17538
12.4552	7.2866
10.6583	5.43626
12.6923	5.99422
9.45324	3.60718
11.3145	3.93291
9.99801	4.22447
9.62731	4.88756
9.47459	3.98748
10.1717	4.89049
9.28299	3.53608
12.2254	5.69106
12.0624	5.11459
9.60457	4.71893
9.2824	4.91534
9.13788	3.28017
10.3069	5.06131
11.6787	3.92206
10.6635	4.54246
8.60835	3.15955
10.1326	3.92584
12.7586	4.96516
11.0367	6.37267
11.4818	5.4311
11.0118	5.11085
10.9458	5.09556
10.6357	3.26265
10.6148	4.88534
10.5127	4.93752
9.267	5.0511
12.265	5.40418
10.0605	4.76496
10.6249	5.77967
11.4199	5.19093
9.23128	5.73919
10.7613	6.36601
10.3479	5.1704
10.3605	4.58595
9.2706	4.36227
11.8906	6.04429
10.7559	3.20808
10.8405	4.2513
11.0815	5.86778
10.8608	4.24354
10.9742	5.42626
10.2348	6.23002
11.6294	6.1954
11.3417	6.4046
12.6806	5.36672
11.1523	3.41616
8.94066	5.12662
11.0694	5.33107
10.5941	2.86545
9.9813	3.97354
11.2748	5.3658
11.0483	7.17806
12.139	3.56265
11.5376	5.54537
11.2096	3.19488
10.1042	3.73189
9.45097	7.85936
10.624	4.21035
11.9083	3.43536
10.9318	3.86282
10.7727	4.82583
9.43052	3.81976
9.82168	5.48375
13.2521	4.23343
11.8999	4.33348
11.5857	3.77133
10.4453	4.98994
10.4856	3.99895
11.8247	5.50024
11.574	3.0508
9.0141	2.82898
13.4587	7.35903
10.6561	5.75179
11.1258	3.34837
10.9223	5.84861
10.0036	6.161
11.2722	3.14779
13.0662	2.77899
9.86599	5.49679
11.2991	3.47235
9.51905	3.41988
12.2017	4.78432
11.0702	6.41613
10.5533	5.21249
9.72994	6.36381
13.4728	3.83535
11.5227	3.10985
11.6394	7.22772
12.7932	4.32182
10.5823	6.52205
11.8254	4.73
10.5597	5.02662
9.72682	5.14358
12.161	6.80534
11.0009	3.81445
10.3819	3.13913
11.7645	7.11118
12.0875	3.96127
12.8967	3.59599
11.9379	6.83524
12.1537	4.73281
11.0836	4.68961
10.2228	2.9784
9.82575	5.66497
9.09164	4.36964
9.81541	3.52543
11.4311	5.71622
11.0608	5.90403
13.7044	2.78857
10.6839	6.17004
10.7066	4.78718
9.35378	4.42951
11.4368	5.28684
10.9985	4.16143
10.0851	5.3387
11.8823	4.94182
13.0685	5.40146
12.2039	6.29405
10.7253	6.10989
11.1525	4.71331
10.0868	6.51894
9.49585	4.41939
10.2181	5.29102
10.5199	5.08052
13.7694	3.71328
11.5554	4.89612
10.0845	6.15453
11.522	6.53206
10.6268	3.28414
10.9948	4.36743
11.2579	4.9089
11.763	5.50564
10.1743	6.85435
9.73945	5.39539
10.0867	4.12833
10.832	5.70247
10.3012	4.45988
12.4151	3.46646
10.8517	7.30175
11.0435	4.75038
10.3755	5.72062
12.1581	-2.73585
11.4464	5.95088
9.78478	4.84269
10.1848	3.51113
10.2387	4.08511
9.9352	5.1013
10.8432	5.50327
9.98298	2.96379
11.2973	4.54115
11.2941	3.57161
11.6886	4.48374
9.09039	3.52377
10.6056	4.61188
11.7655	4.74606
11.8062	4.69164
9.30869	5.31776
12.0481	5.10622
12.4713	4.97544
10.3424	5.70168
9.08803	3.58543
9.94595	3.46607
10.57	4.88115
10.2496	4.401
9.87029	4.89537
9.02444	6.31174
10.2369	3.70562
10.8822	5.37146
11.2103	2.9675
11.4793	5.82845
10.1058	3.1733
10.3826	5.78555
10.3044	6.17009
9.31811	6.44492
9.26847	5.80675
10.1444	3.29031
11.335	5.77148
11.6759	4.45912
9.09188	5.88412
10.5747	5.13992
11.4028	5.90029
10.0116	5.3027
11.2183	6.78113
10.4543	6.23723
12.0586	4.68144
12.3709	5.32087
10.085	3.82777
9.44852	3.98133
10.9166	3.62474
10.7995	5.14665
9.35534	4.93367
12.2465	5.03714
10.7711	3.92676
12.8691	4.5032
12.1892	5.22808
9.29426	6.6735
12.3113	5.48831
11.8376	4.57189
9.7959	3.9422
12.3216	5.88027
9.09262	3.71389
11.0218	5.21763
11.4874	4.63313
8.88232	5.99459
12.3984	5.84579
9.26423	3.92728
12.8231	5.10013
10.2898	2.75409
11.1487	6.41063
9.92267	3.16186
11.8155	5.22513
10.584	5.50069
10.9641	3.50233
8.84911	5.57788
11.6151	4.58473
9.67567	4.13232
11.4432	6.15236
10.4387	4.55251
10.9609	5.46663
10.1575	6.25466
9.57176	5.29356
10.1891	3.03293
10.8727	3.92042
11.4271	5.07882
10.646	4.45495
9.25162	7.04932
10.9189	4.78694
9.65866	5.51793
10.6657	3.88153
12.0284	5.39211
10.0468	3.87634
10.91	4.33318
10.9001	6.55118
12.7658	5.58665
10.8675	3.40103
12.517	5.95511
9.00649	4.92235
10.7417	7.40113
9.76849	4.82666
9.06057	3.87856
9.22608	3.62533
11.5623	4.55688
10.8784	6.63374
12.1216	4.46378
9.70401	5.41927
10.1777	5.46965
9.05067	3.08398
11.8765	4.79061
11.0487	2.68915
9.04347	3.77995
9.69149	3.38707
12.2287	6.54515
10.1733	4.85977
9.79077	4.04719
11.188	4.64922
9.72317	4.53814
10.1922	5.92099
9.02023	3.99308
12.2508	4.1852
11.6525	4.43165
11.296	5.41371
9.90321	2.91673
10.8748	5.86435
10.0747	3.3913
10.2902	5.85714
10.526	6.37412
11.8022	5.49585
9.88074	5.97
11.5586	5.70731
12.2832	3.10353
10.3015	4.10981
10.972	5.75343
10.2228	4.71324
11.9719	4.01584
10.2336	3.13386
10.2919	5.23056
8.95851	4.31728
10.0224	5.22182
10.4778	6.71487
11.7986	3.64407
11.3762	3.94977
9.41803	5.73855
11.4763	4.30435
12.1075	3.49826
11.1968	4.42949
9.31706	4.30767
11.8127	3.90388
14.9261	1.66883
9.8694	4.45902
8.98406	4.53671
11.1475	3.76595
10.9762	6.37532
11.0951	5.42361
10.7751	3.45397
9.70859	5.65462
10.1604	4.36356
9.81641	5.9511
11.015	5.68368
12.3681	6.00056
10.2676	5.02683
11.8067	3.21745
12.4979	5.5022
8.96421	3.24902
9.8603	4.01164
11.5371	5.66511
10.7823	4.24879
10.0559	4.6407
10.8071	3.05322
11.745	3.4615
12.3684	6.31988
11.3976	5.17942
9.33011	5.17837
10.2639	5.256
10.0813	4.92614
10.0419	6.27277
12.5129	4.66953
12.7398	7.65978
10.569	4.20209
11.5572	7.42277
10.5821	4.50891
9.89861	5.39569
10.4167	3.20046
10.9088	6.0865
12.2888	4.77776
11.142	4.53476
10.8707	5.02529
11.1255	5.33723
9.67855	3.4831
11.0515	3.27492
10.2326	5.37608
12.3464	5.23975
11.2338	6.45633
11.6268	4.44048
12.2296	3.553
10.5705	5.56357
10.3571	3.83168
11.0391	5.33918
11.0194	3.21843
9.54916	5.49106
12.121	5.03576
9.23299	4.75846
11.199	5.96122
11.3482	6.12431
9.79904	4.29214
10.6122	6.3981
11.8357	4.58137
10.275	6.66986
9.6523	4.31083
10.9327	4.12076
13.1181	5.23628
9.34189	4.64835
9.69998	3.2639
9.44501	2.97876
12.4988	4.409
11.7353	3.19171
11.7014	5.82883
11.009	4.56642
11.8069	4.09742
9.7116	5.57938
10.5973	5.26201
13.2246	3.97749
10.2071	3.21805
11.3613	3.46371
10.1989	5.50362
11.897	4.19154
9.65946	3.64069
9.72378	8.47774
10.3788	5.79342
12.6892	5.87343
10.5385	5.54018
10.0173	4.47791
10.1708	5.26313
11.6366	4.67069
10.9511	5.61979
12.2278	5.36043
10.8127	4.8669
8.93584	5.23768
10.4858	5.69643
9.73598	3.77607
9.43706	3.69641
10.9851	5.78245
12.7268	4.24439
11.1207	3.10039
11.6934	3.6912
10.4233	5.45265
12.0004	5.95441
12.8573	5.62165
9.38611	3.65534
9.4694	4.25616
11.3899	5.66708
12.5868	3.48891
9.42989	5.56149
12.0224	5.24277
10.7167	5.65684
11.3803	3.97544
9.43951	3.26066
11.4462	3.79781
13.2562	4.24591
11.8415	5.71571
11.1639	4.13323
11.6996	5.49493
10.2823	4.29818
11.2773	6.28339
11.1559	3.9574
11.1928	6.02588
10.2346	4.666
10.1689	4.29354
12.3548	5.70251
9.79429	5.35774
9.93137	7.04329
11.0134	5.33516
11.5116	5.20114
10.5183	5.64094
11.6182	3.44031
9.13958	5.03784
9.6558	6.64898
11.2653	5.6397
11.1372	3.89778
12.1278	3.36855
9.81158	3.67165
9.78861	4.98113
10.8101	4.67999
11.9455	4.92573
9.98342	3.36457
10.0166	3.51472
11.8816	4.53441
11.4181	5.41093
11.6891	5.35739
9.72303	5.91143
11.9026	3.76731
11.3046	6.03337
10.7189	4.18085
10.0887	5.4344
12.2863	5.85492
12.3505	7.21283
11.2981	5.48325
9.82462	7.67302
11.4228	4.68938
10.6412	4.63866
11.7263	3.38985
9.04235	5.53136
9.98139	4.69264
12.8862	4.96473
9.59975	5.47466
12.8977	4.06937
9.23632	4.63838
9.31192	4.67584
10.0487	5.60969
11.2643	5.28413
11.4659	5.47168
12.6673	6.76865
11.4944	7.86237
11.3877	5.73651
9.62753	3.62746
10.334	6.08781
12.369	6.29373
11.6133	6.63316
9.37938	6.09298
9.87784	6.62032
10.7805	4.11544
11.7943	5.28402
10.2061	4.8803
10.1803	4.41121
9.3171	3.33936
10.6636	6.04792
10.6492	4.33217
11.5218	3.42638
10.9716	4.98058
11.85	5.07651
11.6998	5.05339
9.7627	7.92514
11.4767	5.30745
9.47025	6.75967
11.9004	5.75477
10.5908	3.41623
10.7152	3.87275
10.5065	6.1911
11.2709	5.67348
12.3416	4.93481
10.0762	4.12727
12.0329	6.1298
12.6786	3.34311
9.96908	4.89976
10.8626	5.35868
13.4368	6.93532
12.4579	6.94894
12.9493	4.72983
11.5816	3.70017
12.3692	4.74238
12.1126	4.33345
9.85826	5.46947
10.5699	4.72386
11.5864	3.99129
9.65595	4.57192
10.253	3.0033
11.3779	2.91657
10.584	3.4139
10.9953	3.89047
10.8809	3.59174
13.2776	3.98301
10.9394	5.79458
9.58648	3.77812
12.0174	4.17591
9.33371	7.70685
10.2805	4.28795
11.481	6.62586
10.8894	3.11964
9.42865	6.22312
10.2233	6.05646
11.9	7.07242
12.9818	3.20209
10.4907	4.73722
12.6652	5.96349
11.0016	6.28212
11.6353	3.75952
11.0677	5.97178
10.3663	8.13493
10.7022	5.12893
10.621	4.64298
8.98243	4.20236
9.65575	5.70013
11.4469	2.90008
10.8942	5.58389
10.915	5.44961
10.1999	5.3535
13.3744	5.65848
9.38184	7.10546
14.445	5.54796
12.0512	6.05391
8.95918	4.74039
13.8627	4.72354
10.4066	5.61109
11.2921	5.41877
10.2512	6.46701
11.0844	6.30219
10.1319	4.06785
10.8725	6.82588
11.2437	4.69263
10.3806	5.0399
10.3052	5.31385
13.1275	4.84744
10.6973	6.06101
10.8729	6.57276
11.1052	5.39341
12.5626	3.23485
11.8761	3.95825
10.876	5.00949
9.67179	5.30773
11.8674	4.0763
10.072	5.53224
11.0408	5.78523
9.07023	4.88699
11.9292	2.99641
12.5649	4.24729
11.6503	3.6914
12.3339	4.26935
12.5239	3.67469
10.8568	9.42601
10.6281	5.01859
13.0102	4.49788
9.43813	5.29696
11.8975	4.87395
11.1114	4.51226
11.685	5.89741
9.88853	5.66163
10.0976	3.76096
9.12387	4.39278
12.2299	6.24748
11.4684	3.13181
12.0034	2.85434
10.5003	6.34826
13.6463	3.88293
11.125	6.44313
12.5469	2.36671
10.4386	4.98732
9.28313	3.68175
9.93653	5.63803
11.0771	4.91107
10.4282	5.4026
10.0048	5.18322
11.9588	6.58506
11.7377	4.42318
12.1732	4.21756
12.9794	3.90349
12.8652	6.46966
10.4877	4.96699
9.52738	5.70793
10.7726	5.82393
10.188	6.93685
9.21951	4.41423
10.5918	4.45517
11.5127	4.75133
13.49	2.53791
11.6528	4.60331
11.3919	5.32035
11.1769	8.4665
10.7793	5.46001
9.38747	5.19819
11.6501	3.54197
12.3515	7.58385
10.8673	5.5348
10.4524	5.91749
13.2377	-6.17371
11.0645	5.63176
10.6493	7.89543
12.2812	4.89506
11.5588	5.85407
10.5675	3.53755
11.4055	4.59699
10.9255	5.55518
11.3191	5.13914
10.998	3.04237
8.75126	4.46355
11.8448	3.56423
11.1707	5.63097
11.9234	3.12793
10.8876	4.33112
11.963	4.44445
10.6074	3.8031
9.37471	4.85869
12.0864	5.32056
9.2595	4.99876
11.9153	4.89093
12.6236	4.76982
9.94747	4.68386
10.7427	3.74746
11.3641	3.80405
11.5031	4.52849
11.9638	2.66769
9.51596	3.76082
10.7353	5.8264
11.8831	5.176
10.6482	3.39045
10.5094	4.03613
11.3241	5.32941
9.63773	5.92956
10.299	6.53205
10.7451	7.15208
11.2707	6.81129
11.4258	5.05732
10.864	4.09517
10.065	6.01065
9.39451	3.67986
11.3478	4.91448
11.7298	3.48472
11.7909	3.69055
12.0992	1.8055
10.8565	3.10249
9.28368	4.33699
9.22645	6.12672
11.4902	6.70089
10.7864	4.0753
11.3039	3.71257
12.2414	1.78675
10.9462	5.98386
9.62937	5.23976
11.6922	3.91534
11.0825	3.78976
10.6763	5.60431
10.0431	5.22569
11.7971	5.14547
11.7488	4.79528
13.2743	6.87292
11.291	6.07455
10.9557	4.19544
8.75122	6.43964
9.94144	5.74663
12.5157	4.19066
9.83605	4.99915
10.0286	4.3393
9.22652	6.9585
10.3088	5.88569
11.9563	6.92023
11.1602	5.58139
9.38956	5.93166
12.8517	4.43223
11.1519	4.77413
11.5215	6.99574
11.9241	4.85731
10.6945	7.79283
10.4825	4.37017
10.8416	5.75555
11.6965	4.1002
9.9247	3.26454
11.4545	6.12655
9.09436	3.5716
11.4733	6.53169
12.5683	2.65012
11.8239	5.44702
13.7262	5.69648
9.322	4.00974
10.1845	5.59306
10.2878	3.33699
10.0993	3.03762
9.30765	4.27213
10.0447	5.55545
13.6539	4.46531
10.4835	3.36312
10.8602	5.57129
11.9718	4.38338
8.99179	3.53555
9.56714	4.10193
14.0757	6.25323
10.739	3.33019
9.64884	5.15295
10.2028	6.01401
13.0133	2.5119
11.5547	5.41154
12.7494	6.80262
10.7321	6.42667
12.898	5.14129
12.4186	5.32746
11.8152	6.14418
10.7695	5.9447
12.4396	2.52412
10.798	4.1688
11.5198	4.97696
11.3454	3.39286
14.7949	-1.55802
9.63589	4.39571
10.629	5.98874
9.60501	5.31424
11.8896	3.65191
10.4829	5.29075
13.6221	3.93885
9.81161	5.76926
9.62651	4.1657
11.7532	3.76212
11.7552	5.90264
13.3821	6.22331
9.92998	4.15794
10.0804	4.43177
12.1736	4.24492
10.183	4.3069
9.5104	5.05228
10.9967	4.97691
9.55751	5.39195
10.4827	6.21418
9.55234	4.42688
10.1512	4.22995
11.233	4.89894
10.8299	6.00485
10.413	4.94133
9.3092	5.65626
12.7842	4.19212
9.34056	3.23085
10.7602	3.2581
11.1125	6.15494
9.26349	5.77197
11.5183	4.1483
11.4844	4.1727
12.1031	5.27195
12.4331	3.75991
11.7784	3.2539
11.9661	3.33293
9.29166	3.96477
10.0407	6.42476
10.1135	3.48384
10.8632	2.95708
10.4412	3.64746
9.56437	4.21216
10.8007	4.36132
11.3357	3.16766
11.6764	4.41581
9.68169	6.14594
11.4941	3.61424
9.69743	3.17363
12.6498	6.49228
9.87312	4.26747
9.40909	4.67539
13.7508	3.94223
9.97479	5.44266
9.53177	4.9777
12.9929	1.68671
9.76616	6.18882
9.99385	4.05196
11.2231	4.3477
11.2168	5.21506
11.1275	5.62774
11.1493	4.95128
9.78515	5.64987
12.0342	3.3311
11.6118	4.2483
10.9871	5.29867
12.4996	4.19995
11.3674	3.73737
11.4197	5.43516
12.1964	4.67927
12.8994	7.70573
12.4146	4.3609
10.9776	6.47067
10.9184	5.15275
11.3266	5.25167
11.9144	5.03689
11.4808	5.59669
12.675	4.24797
10.7799	7.05421
11.8951	4.15197
12.8616	2.94547
9.03904	4.05027
10.4754	4.26809
11.0242	5.88811
11.7438	3.9612
11.9446	4.36572
10.9388	5.70961
11.5534	5.64949
10.5762	4.21905
10.9306	4.0165
11.2389	5.17797
11.154	3.84726
11.495	5.36973
11.6642	7.0068
9.86177	6.45936
12.6065	7.08988
10.6949	5.27087
9.90624	3.73025
9.24347	3.47454
10.6961	4.19792
11.2216	4.42662
10.2458	4.34485
11.3949	4.22143
10.9527	3.72663
9.35085	3.95298
11.0514	5.80674
10.632	3.95127
10.0416	5.57514
9.80876	5.26604
11.6681	4.34301
11.4905	5.59189
11.5595	4.03372
9.76535	4.97008
10.8424	6.06477
9.81055	4.38448
12.0745	3.98167
10.5248	3.86384
11.7333	5.17229
10.0054	4.72154
11.9561	4.24344
9.69851	3.35499
10.9789	3.5472
10.3466	5.75576
10.7767	4.30342
11.2021	4.89163
13.7605	3.95671
10.2815	6.11753
11.6028	5.37903
12.3412	3.43873
11.3275	3.14851
11.5263	4.46091
10.3535	5.29375
10.8789	3.75782
12.4704	5.95801
10.3955	3.4752
10.3802	6.4163
10.8185	5.87914
10.9795	6.55145
11.4781	5.90852
12.689	5.68127
13.0716	3.94345
11.7062	3.55676
10.1546	5.2859
10.063	4.64036
9.63264	4.31028
10.4773	5.41233
10.3882	4.09994
9.48386	4.59182
13.1153	3.70765
10.263	4.62477
9.98973	6.23376
10.4559	7.33206
10.9851	4.01987
13.0148	4.46642
11.6033	3.86487
13.9802	4.15969
12.1338	5.23688
11.393	3.25147
12.4789	4.18089
10.6206	4.26433
10.6164	6.19454
11.8223	7.85143
10.4053	5.55262
12.7885	5.15545
9.67178	7.37751
11.9237	4.09227
11.7428	5.54204
10.266	3.94446
11.2534	2.97818
10.3304	5.56294
11.0001	5.56332
9.68935	5.33359
11.7684	6.91906
10.5416	4.41451
10.1745	4.62491
12.1227	5.16896
11.6249	5.22496
11.387	4.56235
11.2728	4.6384
9.83251	3.62832
10.8051	6.04485
10.6685	5.07432
9.66885	6.04314
10.9806	3.59009
11.5953	5.34472
11.3683	5.25934
11.5437	4.47593
13.0468	5.93706
11.2476	3.57109
11.689	4.51527
10.5826	4.5562
11.6306	7.07407
9.31442	6.13494
11.714	5.55618
10.2088	4.39362
10.9142	5.14909
12.3175	6.08789
10.9514	6.76766
9.87995	4.53514
9.6469	5.54066
9.49536	4.24832
11.9509	3.30134
11.2237	4.73945
10.1351	3.80664
9.51673	7.40583
10.4193	5.50826
10.8504	4.99976
10.8092	5.83267
10.7599	3.65478
11.5394	5.24113
10.0475	3.55637
11.0465	4.87371
10.8669	4.17867
11.2209	4.57243
10.3625	4.0331
10.8753	4.21305
13.9921	6.16572
10.9572	4.43976
10.7151	3.24522
9.87184	5.15147
11.45	4.07468
10.8052	3.78574
11.8656	5.25044
9.46987	5.62368
11.1347	5.59749
13.5364	4.86344
10.1731	5.12662
11.9695	4.42366
10.704	4.60625
10.8385	6.85856
10.2664	5.38152
11.9284	4.54513
11.5214	3.95995
10.3807	3.34321
10.7704	5.20443
11.3386	7.39796
11.3171	3.4596
12.8967	2.47397
9.73894	5.6498
11.4864	6.57006
10.334	6.18824
11.8774	3.14175
11.3302	4.19698
9.17988	5.65729
11.5953	4.77787
9.42129	4.36995
12.8528	5.42052
10.9454	3.11506
13.0756	2.58639
9.37782	3.46899
10.1041	5.64112
9.58148	5.10741
12.5979	7.03781
10.4303	4.65702
10.8601	4.90783
11.5256	4.25522
12.5502	4.49064
12.2388	5.02196
11.5724	3.14326
9.35776	4.79981
10.3006	6.27965
11.8738	5.86887
10.3506	3.76934
13.2878	4.50727
9.45288	5.4941
9.15896	4.55753
11.0048	4.20499
9.97258	6.87201
10.8879	4.40416
11.6018	3.67124
11.8952	4.16694
11.7121	12.2354
9.17697	5.6914
11.6464	6.38106
13.9527	3.25841
10.3715	3.24369
9.98494	4.29294
9.68921	5.23395
11.1761	5.0434
9.63971	6.08067
12.895	4.58497
10.1863	6.48293
11.5409	6.05103
10.2416	4.57279
11.2279	3.8731
13.2791	4.59054
10.9823	4.06891
9.64976	7.27632
12.0034	5.1404
12.5249	5.24654
10.5043	3.07976
11.3745	5.49083
12.1658	4.31478
9.37187	5.76017
10.2925	4.97492
9.92104	6.32724
10.5913	5.68894
11.0989	5.77695
9.55419	4.65525
10.2582	5.68182
12.7533	5.16793
11.7103	3.78671
10.7971	4.47203
11.6402	4.4574
10.8945	5.85577
11.9025	4.52729
10.3808	4.93614
9.76436	5.07518
9.24303	4.70914
9.98704	5.60624
10.253	5.47352
11.5276	4.85463
11.2416	3.87955
11.4326	4.03161
11.878	4.78716
14.7402	5.28713
10.9238	3.74958
10.5125	6.26972
8.83611	6.56544
11.5349	4.529
9.56371	4.92686
10.4305	3.6553
12.523	2.36268
10.1759	5.34242
9.30483	6.57095
12.8632	5.67882
9.1104	5.60076
10.3883	6.09573
11.6085	3.88711
10.636	3.7199
11.5921	6.19459
11.8183	4.7721
11.3074	5.84461
9.47241	3.89741
12.8097	4.34023
11.1052	4.85008
10.1102	5.77577
11.1837	3.70565
9.61056	3.80757
11.5758	3.08025
11.6411	3.73688
12.0719	4.54778
11.6753	4.81499
11.2347	4.46053
8.99658	5.2246
10.85	3.83306
10.9871	6.50222
11.3378	6.07449
9.47879	4.59007
13.7592	5.44748
9.71786	5.29299
11.3524	3.49494
9.49002	3.96288
10.749	4.04517
9.0396	3.71858
10.7186	3.37492
11.048	5.17989
9.84739	4.97484
9.56344	4.12484
10.5854	4.82044
10.0757	3.6605
12.0861	6.50492
9.91555	3.97801
10.4725	5.21112
11.2591	3.31531
10.8259	4.71212
11.0264	4.68806
9.76497	5.23795
11.7699	3.38503
10.2537	5.94623
9.04224	4.27044
10.9756	5.63275
9.48738	5.25523
11.8526	4.96362
11.8575	5.58014
11.3748	5.77901
12.576	7.28079
10.7161	6.50391
9.44723	5.98782
10.0311	5.66356
12.1225	3.94669
10.565	4.16261
10.1384	3.96638
12.6725	5.05502
12.8881	4.28113
10.6849	3.87735
11.168	4.64613
12.3542	5.32426
12.5852	3.102
11.6113	3.69856
10.9567	6.3816
8.90041	5.58982
10.6453	3.90043
11.2726	3.73575
10.4067	4.07894
10.0069	3.5234
11.3811	4.48757
8.93685	8.34617
11.3042	4.66279
12.7332	5.45679
11.3764	3.99405
10.6328	7.13944
10.4111	3.59797
9.75565	4.86216
10.9169	5.4942
10.8322	8.34438
10.0168	3.4092
9.04122	5.44586
9.2488	4.45452
12.293	4.3461
9.47368	5.31578
9.49785	5.48617
11.0071	3.79969
11.2077	6.51127
9.93999	3.52587
9.03878	3.00426
10.018	6.37406
10.471	3.65678
11.5835	6.51128
11.6289	6.1546
12.1539	5.59742
10.5295	3.08743
10.4522	5.24453
11.7537	3.32452
9.43638	4.58951
11.708	3.7191
11.2668	5.50442
10.8239	5.77244
11.2806	3.28778
10.5937	4.66989
10.9924	3.80697
11.9299	5.29948
11.5335	3.19583
9.93502	5.47096
12.1301	3.96965
9.83173	4.91035
9.57967	3.48092
9.98342	7.27242
10.9142	5.87677
10.4751	3.89473
10.1274	4.77331
11.8937	6.89068
9.58258	4.64069
11.6124	6.85135
8.99178	5.30681
9.26629	3.61493
9.91277	3.8328
10.0508	3.62813
11.3543	4.30765
11.4845	3.74687
11.0719	6.06605
12.3793	3.9564
10.5972	5.50626
10.6122	5.57067
9.48818	5.23745
12.7935	3.52615
10.6948	5.36193
10.0321	5.56056
11.057	4.38132
10.0989	5.39285
9.70868	5.375
10.6999	4.38185
9.98695	4.27358
13.0464	4.77272
10.2302	5.12764
11.1656	4.36361
12.4141	4.27353
12.0185	2.15858
10.914	4.86441
11.4149	5.8144
10.5735	4.63596
8.79152	2.8522
11.7266	5.10037
12.2994	5.38577
10.1409	5.52255
12.2385	4.68856
11.1538	5.72268
11.6423	5.5001
11.6358	4.68115
11.988	3.89015
11.0532	3.27014
9.76509	4.12611
10.9863	3.62623
9.89739	4.68426
11.3694	5.86715
10.4189	4.49894
11.1032	6.01873
10.4893	3.48518
12.0237	6.31198
9.04019	5.13829
10.4021	3.28147
11.7405	5.91143
10.9565	5.57736
11.2855	3.81728
9.83911	5.17393
10.9345	5.24822
12.4666	3.73852
11.063	3.59326
11.2696	5.67634
10.1133	5.94665
10.843	4.15611
11.83	6.42474
9.06354	5.06548
11.3714	4.3589
12.1878	5.69648
10.5273	5.16268
10.9104	3.09178
11.7422	4.443
9.58458	5.5464
11.6036	5.5944
8.92168	4.36069
11.154	4.88256
11.0366	4.76119
9.30942	5.24742
12.3667	5.73709
13.1458	10.498
9.21126	4.98806
11.6653	6.8575
11.2966	6.22884
9.25351	4.06076
11.3865	5.8588
9.80225	4.38215
11.5153	4.3003
11.7743	5.04404
10.7919	5.9236
9.09483	5.64393
9.02675	4.3986
12.1126	3.97346
10.8752	5.12466
12.691	4.86857
12.5431	6.97077
12.1405	3.46681
10.304	6.25946
11.1187	4.61515
10.3304	3.03136
12.6898	6.95056
8.87022	5.58806
10.3891	3.59127
11.4358	5.18706
11.5	4.99507
9.57256	3.50742
11.1487	4.30667
10.6857	4.87555
11.2337	4.36513
9.65039	3.06456
10.5545	3.82968
10.4635	3.96448
10.7394	4.14502
11.3678	5.52933
9.39898	8.97758
9.59993	4.50159
9.10187	3.92018
11.7268	5.67964
13.8085	3.70446
12.0919	4.89235
9.84188	5.61507
10.8583	3.85755
11.0137	3.91735
10.1323	4.1928
12.815	2.83827
10.4515	3.45785
11.2137	2.95775
10.9887	5.08555
11.4013	5.57868
10.1334	4.48101
13.6225	4.55603
13.9468	4.91566
11.3773	3.68498
9.0341	3.38333
9.28516	5.86321
10.4006	5.08075
10.748	3.51891
11.496	3.86739
10.8426	4.13114
10.0889	3.02643
11.5598	3.98833
11.5218	4.65835
11.8451	6.12341
10.8988	6.68018
10.8961	7.42646
9.93396	3.9624
13.8005	3.34328
11.5802	4.50632
11.495	3.88558
10.0577	5.17701
12.3648	4.72553
10.7018	5.88069
11.0091	6.80338
8.96361	3.28174
10.0598	5.26674
9.9147	4.74684
11.3555	3.34734
9.59987	6.5422
13.1914	6.95365
10.478	5.26045
12.025	4.6844
12.2334	3.32967
10.1316	4.41535
9.57146	4.36682
10.3788	4.05813
12.078	7.40475
9.26767	6.3944
11.8305	4.88541
11.5774	5.68357
11.8042	3.87891
11.3934	6.63257
10.4558	6.87104
11.4312	4.6267
10.5516	6.17308
10.9789	4.0917
9.30447	3.38454
11.4558	5.11377
10.7504	6.35043
10.5103	5.22798
9.3975	4.59822
12.3462	4.74623
10.6375	3.14178
9.42101	4.50047
9.8966	6.15912
11.7846	3.39097
11.5142	4.83745
12.1389	6.66472
9.82231	7.2056
9.81072	4.27602
11.7362	10.8363
12.8898	3.16998
9.80366	4.96404
9.79258	6.067
12.7749	7.12903
9.30692	5.78018
11.4634	6.19074
9.21542	7.35885
9.23258	3.39496
10.1249	5.33079
10.4697	6.02311
10.5588	4.11356
12.8386	4.29001
10.8801	4.70574
10.7822	6.16448
10.1087	5.63136
10.9797	3.73271
9.35659	2.82909
10.8261	5.46598
10.0792	6.31697
10.9587	5.52979
9.03528	2.8397
11.1868	6.56219
9.76922	3.39116
9.75734	3.67587
9.80096	6.15958
9.27623	6.42739
9.77138	5.36915
10.3648	5.8801
11.5262	4.80322
10.401	6.87354
9.47151	4.89648
10.927	4.11105
11.8747	6.11392
10.2626	5.1171
11.0546	4.8195
12.8623	3.7968
12.5306	5.36974
11.988	6.73331
11.0987	4.33008
13.0589	4.30062
10.0455	3.15848
9.58029	5.26595
11.2698	5.70334
10.386	5.45965
12.1457	5.71631
10.8234	5.44828
12.3681	6.14663
12.0032	5.11784
11.5279	3.58013
11.2917	6.41935
10.1361	5.20546
11.6958	3.90468
10.9934	3.29188
10.4148	7.49996
10.7391	3.34093
10.196	4.65538
12.3494	4.53142
10.358	5.13644
11.7027	3.28007
11.1134	4.84775
9.93171	4.24651
10.8352	5.15492
12.2886	5.03614
8.92968	2.93688
9.82798	4.82046
11.1489	5.68209
10.3619	3.69212
9.81503	5.82188
11.4511	4.46717
12.8407	4.88978
11.7457	3.8435
8.8769	3.09314
10.4819	4.76942
10.5939	3.67644
10.2365	6.58498
10.5054	6.23143
9.66277	6.39109
9.99586	6.33457
12.9157	5.64955
9.03085	5.60281
10.9231	4.69218
11.2715	4.31314
10.3609	3.25131
9.49744	6.68837
11.7092	5.48828
11.7648	4.97019
12.0466	4.61637
13.1973	2.89564
11.5811	4.18094
11.9667	2.19132
10.62	5.5685
11.529	5.16629
12.5162	4.57778
12.1957	3.65174
8.83748	4.61121
11.7499	3.3101
10.0231	3.29015
11.4894	5.66598
8.99783	6.57303
10.5447	5.57717
11.6807	2.87462
10.081	4.70036
11.268	5.77162
9.32246	3.64876
9.38943	4.986
9.19914	5.20604
10.1087	7.47922
10.2561	3.41266
10.4121	6.29647
13.1153	7.5229
12.3427	4.66219
11.4179	4.26995
10.0644	4.58229
10.5043	3.33868
10.7092	3.4756
10.0428	5.09405
11.3269	6.76274
11.1885	6.13334
13.2395	3.68717
11.7445	3.84041
10.4607	4.92679
9.36533	5.40345
11.4399	4.94664
11.4103	5.97797
11.3925	4.1843
9.63444	5.57475
11.2451	5.12024
12.5494	6.10378
8.82124	4.83783
13.1122	5.7223
12.2159	2.88915
9.57418	3.02672
12.0433	3.65329
10.3406	4.50052
9.72255	6.72702
9.50049	4.49503
12.0321	5.03995
9.8453	6.48544
10.2427	3.77283
9.88424	3.47649
10.3055	6.24693
10.581	3.95473
9.6667	4.30356
12.3063	4.36052
10.6852	5.14678
10.6608	4.03459
9.40061	3.2154
10.619	6.45034
9.307	4.38555
9.79001	4.29258
11.0406	3.85554
12.3979	1.97031
10.5567	4.58238
12.1958	7.85698
10.5386	3.92456
10.9699	4.50659
10.983	3.41465
10.2355	3.71277
10.6418	5.79107
10.8947	3.71978
11.3638	5.07027
12.9761	4.3529
11.681	4.78177
9.73758	5.48205
11.3481	5.08975
9.91602	4.88843
9.37458	4.81885
11.0235	3.43559
9.7501	4.05285
10.2849	3.13087
11.6889	5.96038
9.71461	4.32357
13.252	3.83432
9.49507	5.96746
10.5565	5.08349
10.2111	6.33132
10.5281	5.37026
9.83133	4.33611
13.601	4.22578
11.7332	3.99553
9.33982	4.32417
12	4.53099
11.6746	4.31768
9.36501	5.23368
11.8895	3.81794
13.5407	5.23829
12.0346	6.0226
11.4511	5.08099
10.7275	4.32108
11.3355	5.47325
9.5808	5.91141
11.8769	6.53494
9.29493	4.47716
10.5992	3.73018
9.41153	6.19001
10.2803	5.42162
10.8701	5.8549
11.1226	5.15163
11.3661	5.07498
11.6019	4.36377
11.1754	3.92223
10.3339	3.91684
12.3303	5.3408
12.1999	5.51357
11.5711	5.63149
11.4532	4.25647
11.555	6.85428
10.1782	4.29815
9.10991	3.30266
10.7235	5.25538
10.2637	3.08789
11.0417	6.12917
12.8789	3.61175
10.2837	3.77569
11.413	4.96126
10.6796	4.76611
9.63452	5.38075
10.8855	5.20735
9.99391	3.66517
