-12.9914	-12.9258
-10.0477	-13.4309
-12.6864	-13.0485
-13.6327	-12.8443
-13.9343	-12.0289
-11.9768	-14.3589
-10.7913	-12.751
-13.9209	-13.5308
-14.2166	-13.1529
-10.4432	-14.9299
-12.3724	-11.4105
-11.7049	-14.0654
-13.7479	-12.7218
-12.3671	-13.2366
-14.17	-14.2481
-10.4081	-13.17
-12.7949	-13.263
-12.6515	-12.9593
-11.7158	-14.3045
-12.9474	-13.1805
-11.465	-12.6841
-13.9013	-13.0322
-12.0606	-12.1037
-13.5401	-12.4442
-12.674	-13.9883
-11.9996	-13.7407
-13.9724	-13.1313
-13.0607	-12.831
-14.1117	-13.8779
-12.0578	-13.9782
-11.5751	-13.3154
-14.8864	-13.877
-12.3559	-14.8071
-12.2663	-13.1564
-12.8198	-14.4739
-12.4116	-10.9744
-13.3364	-12.6092
-12.3388	-11.1732
-13.4654	-11.5825
-8.1912	-3.0627
-14.3273	-12.7399
-12.7381	-13.4947
-13.5719	-13.3604
-12.5698	-12.2081
-13.6602	-13.0688
-14.3282	-13.4022
-12.6777	-12.5845
-12.4865	-13.5886
-12.5104	-10.4633
-13.4155	-13.6262
-13.1546	-13.8601
-12.4101	-13.9672
-14.0036	-12.5429
-14.8199	-14.573
-13.0056	-12.5869
-13.3225	-13.443
-13.3445	-13.073
-14.306	-10.8614
-13.1684	-11.253
-13.8796	-10.402
-11.6403	-14.32
-13.5508	-13.5007
-14.3159	-12.5344
-12.37	-14.7361
-10.7258	-12.7192
-12.5749	-14.128
-14.2055	-11.579
-13.2691	-12.6148
-14.7696	-12.1496
-12.3031	-11.9856
-12.5776	-11.8603
-14.7281	-11.6556
-14.0806	-14.8244
-13.2845	-11.0997
-13.9519	-13.9464
-12.8853	-13.489
-12.4356	-12.6484
-13.9495	-13.9194
-14.0764	-10.3777
-12.098	-14.302
-12.2267	-13.9374
-13.3238	-13.8181
-11.612	-11.5705
-14.0456	-14.3054
-13.5043	-13.6172
-14.3722	-13.3254
-14.2181	-13.2516
-12.5603	-14.4298
-13.188	-14.1244
-12.5983	-12.1365
-12.2404	-12.9512
-12.8592	-12.4178
-13.0993	-13.0993
-12.9941	-14.1887
-11.4883	-13.5704
-7.91697	-9.5276
-12.9866	-13.9211
-12.4998	-12.2702
-13.4111	-14.689
-11.525	-12.2242
-8.53324	-9.43001
-13.7082	-13.4501
-12.9273	-13.586
-13.8697	-11.9745
-12.5712	-12.1317
-11.2754	-12.7701
-12.5035	-10.6914
-12.1207	-14.5845
-11.2072	-13.2305
-13.3062	-12.5866
-13.1779	-14.7401
-11.7978	-10.5079
-12.9095	-14.4267
-13.3449	-11.4271
-13.1399	-12.7012
-13.2411	-12.6193
-14.3719	-12.0141
-13.9152	-11.1221
-13.0428	-12.3815
-13.8176	-13.8347
-13.4159	-13.8579
-13.8284	-12.2125
-12.9689	-12.9647
-14.3341	-14.6209
-13.1616	-12.1245
-5.1112	-2.55518
-13.041	-13.9687
-13.2413	-11.5835
-11.3235	-11.2825
-12.4339	-13.2627
-12.8069	-13.7677
-12.2315	-13.8546
-13.292	-14.4925
-12.7262	-13.3819
-14.7127	-14.4947
-13.5629	-14.9097
-13.9313	-13.8667
-14.71	-13.8913
-12.989	-13.238
-12.3269	-14.2078
-12.3551	-14.3031
-12.8987	-13.9133
-12.326	-14.014
-12.8415	-11.8019
-11.8717	-12.5991
-12.3253	-14.0657
-14.1779	-11.0157
-13.8447	-14.2831
-11.9443	-11.9263
-14.4436	-12.7302
-14.5584	-12.2153
-13.3079	-14.0183
-12.7278	-11.6792
-7.50465	-9.14394
-12.8613	-12.0569
-13.6086	-10.9438
-14.6906	-13.7711
-14.0145	-12.0407
-13.3395	-13.7806
-13.3399	-12.6203
-13.2142	-12.2474
-14.2335	-14.5573
-13.9171	-11.6304
-10.0885	-14.3203
-12.0856	-12.5223
-9.95229	-14.3441
-13.4666	-13.2218
-10.7752	-14.2209
-12.3843	-13.206
-14.0054	-13.7053
-12.3736	-12.4375
-14.3936	-13.625
-13.9066	-14.5528
-13.1356	-14.5375
-12.4415	-10.5685
-14.3841	-12.8159
-14.2699	-13.2722
-12.7059	-12.5239
-12.3957	-12.198
-10.6154	-12.6235
-12.5554	-13.1259
-13.9334	-11.3568
-12.096	-10.73
-11.5985	-13.935
-11.3563	-13.1792
-14.0756	-12.5319
-12.2136	-13.4585
-10.7368	-13.3451
-12.4674	-11.0498
-12.9384	-11.4607
-12.9682	-12.3935
-14.4824	-13.4562
-12.3315	-11.1577
-13.9188	-12.412
-14.7771	-14.1135
-12.2057	-12.6419
-13.1332	-14.8488
-13.389	-12.1212
-12.5365	-13.8651
-14.3961	-10.9663
-12.0905	-12.9554
-13.1373	-13.1473
-12.7559	-13.2904
-12.7579	-10.0125
-13.1483	-14.0581
-11.0062	-11.8747
-12.0183	-14.9011
-13.7512	-10.5656
-14.8022	-14.3543
-14.1225	-12.361
-13.7572	-12.7319
-11.8811	-12.7099
-13.0651	-13.0383
-12.1205	-12.5888
-12.9304	-13.0362
-11.6747	-14.0886
-13.0877	-11.7818
-11.7025	-12.9251
-13.8694	-14.9892
-11.7525	-13.753
-14.0901	-14.9339
-11.4406	-14.2055
-11.1909	-11.9362
-12.6618	-13.1681
-12.9318	-11.4134
-12.3554	-13.1438
-12.7382	-14.4274
-13.8337	-12.8858
-11.1813	-13.2394
-14.1164	-13.8525
-13.6908	-13.3222
-14.1358	-12.1236
-14.5045	-12.505
-14.0299	-14.6309
-13.223	-12.9323
-12.5097	-13.9363
-12.343	-12.3097
-13.4148	-12.7547
-12.2005	-13.6575
-12.2838	-13.5727
-13.5779	-14.3631
-13.4184	-13.7121
-13.288	-12.5152
-11.4722	-13.4805
-13.4075	-14.229
-14.3906	-14.4804
-13.6839	-13.362
-12.667	-12.9629
-13.24	-12.7493
-12.7379	-12.4102
-14.0269	-12.9419
-12.5832	-11.7661
-13.6574	-13.9672
-14.2809	-10.1491
-13.0416	-14.4724
-12.6174	-13.9898
-14.7459	-13.1514
-13.7762	-12.3033
-12.0095	-12.2523
-14.3863	-12.1014
-13.4366	-11.7188
-11.8619	-11.5189
-13.2653	-12.7364
-12.293	-13.5854
-10.5541	-12.4825
-13.1061	-12.8104
-12.748	-12.0754
-13.0002	-14.3133
-14.4044	-11.4927
-14.0921	-11.9853
-11.4085	-13.9798
-13.0167	-13.5057
-12.4983	-14.5557
-12.9365	-13.5125
-14.1787	-14.9362
-12.6829	-11.0346
-13.3757	-12.4995
-11.7135	-12.6636
-10.8199	-13.4414
-13.8421	-11.8871
-13.842	-13.2084
-11.9507	-12.2985
-13.9519	-11.4672
-14.3574	-12.9679
-13.9027	-11.6515
-13.8638	-14.0806
-12.8288	-12.4724
-12.1513	-13.9886
-13.9926	-14.7763
-14.1437	-11.7009
-11.2491	-12.6664
-13.3902	-14.0815
-13.2247	-12.684
-12.5688	-13.4665
-13.0556	-12.8602
-13.2726	-12.7133
-12.9728	-14.1504
-13.0984	-11.697
-12.1041	-14.2915
-11.6678	-12.3054
-13.3321	-12.1879
-13.0014	-12.5251
-11.787	-13.2296
-11.3129	-12.1498
-11.1522	-13.1973
-13.9912	-14.062
-11.4542	-11.8433
-12.3657	-12.8132
-14.1662	-11.4124
-10.9491	-11.3989
-11.936	-12.2745
-12.9959	-12.627
-12.6075	-13.0813
-11.5473	-14.5069
-12.2341	-10.9916
-12.2175	-12.5745
-12.863	-13.0488
-13.4854	-13.9082
-13.3156	-14.3875
-13.5769	-13.8781
3.4464	-5.96394
-11.5156	-12.0223
-12.4034	-12.2835
-12.8656	-13.7069
-14.2429	-10.6285
-12.291	-13.1798
-14.9104	-12.2362
-14.5977	-13.0219
-14.2039	-14.7415
-12.4391	-12.2292
-13.27	-14.015
-13.2207	-14.4094
-12.93	-13.1175
-13.558	-13.1455
-12.1244	-13.7046
-11.6515	-14.6622
-11.863	-13.0559
-14.3959	-13.1042
-12.7969	-11.2246
-11.401	-11.4801
-10.0827	-11.2004
-11.1694	-12.6697
-13.4948	-12.9312
-12.2515	-13.9082
-14.9119	-12.1716
-12.6484	-14.6278
-10.9153	-14.2209
-14.4718	-14.1176
-14.0273	-12.6389
-14.027	-12.7386
-12.2841	-12.914
-12.3395	-13.8796
-12.6717	-14.8292
-11.9972	-13.6146
-11.9558	-13.2863
-12.2823	-12.8489
-13.5231	-14.2921
-14.5536	-12.0636
-14.8419	-11.3886
-12.8635	-12.1245
-11.0656	-12.687
-12.8936	-11.7504
-13.7667	-11.9009
-11.8349	-14.9704
-13.3578	-13.8712
-13.7589	-12.3363
-11.6783	-13.7397
-13.5947	-12.4428
-13.4215	-11.8463
-13.7788	-14.7447
-12.5463	-13.8937
-14.8941	-14.8891
-13.5869	-12.0081
-11.499	-13.862
-11.4676	-10.9796
-13.8173	-14.0426
-12.4308	-12.0353
-13.2316	-12.766
-12.2771	-13.6476
-12.373	-12.0521
-10.9673	-12.6401
-14.1539	-11.7883
-13.9708	-12.4615
-11.9089	-11.6862
-13.1552	-13.0778
-14.6095	-12.1596
-13.4867	-13.0795
-13.9226	-12.3073
-13.4257	-12.144
-13.7956	-13.5961
-13.2055	-14.5883
-11.4344	-13.3145
-12.2102	-14.9176
-12.7087	-14.2702
-13.7698	-12.6609
-13.3616	-12.3774
-12.2471	-13.2616
-11.337	-12.3491
-12.3371	-14.0958
-11.4513	-12.5852
-14.5785	-13.2029
-13.9848	-12.7373
-12.1751	-13.4512
-11.807	-13.0672
-14.7091	-14.1244
-12.5241	-12.1369
-12.9582	-11.6532
-13.3539	-11.9518
-13.494	-13.729
-11.5488	-11.3907
-12.6127	-13.6308
-12.364	-12.8522
-14.7712	-12.7826
-10.9655	-11.5484
-12.2726	-12.8913
-12.8582	-14.8136
-13.4978	-11.8235
-10.2573	-14.1367
-12.4648	-12.7006
-13.4332	-12.9635
-12.0138	-11.4249
-14.1431	-12.3629
-13.7187	-13.4151
-12.4848	-14.4443
-13.574	-12.5766
-14.2904	-14.7356
-11.722	-14.0782
-12.2543	-13.5261
-14.615	-13.5912
-14.4604	-13.4257
-11.0313	-12.846
-12.3287	-13.1547
-13.211	-13.9317
-12.4678	-13.7181
-12.0653	-13.3898
-13.6771	-13.6484
-12.3952	-13.5865
-12.2091	-13.4235
-14.0756	-14.3996
-10.6364	-12.8011
-10.0564	-14.9471
-12.8928	-12.8259
-12.9199	-13.1576
-11.6495	-10.6182
-12.0368	-14.9995
-14.1481	-12.5043
-12.1873	-13.1798
-14.6729	-13.0236
-12.4482	-12.2519
-13.1168	-14.5787
-13.9306	-14.36
-13.3493	-14.2169
-13.2438	-13.9546
-11.5449	-14.703
-13.0486	-12.0824
-11.7708	-14.2006
-14.5577	-14.2268
-14.8018	-12.9527
-11.991	-14.5412
-13.0602	-12.2736
-14.782	-13.881
-14.1577	-14.1188
-13.8091	-12.7464
-13.0642	-13.2509
-10.494	-13.2658
-14.6	-11.8162
-12.7928	-11.9214
-12.7916	-13.4597
-12.956	-14.1338
-13.2744	-13.64
-11.1551	-13.4297
-13.4954	-12.4871
-12.9043	-11.8586
-11.9196	-12.6539
-13.9343	-12.7404
-14.216	-13.9471
-12.6332	-13.0388
-13.9691	-11.5955
-12.9448	-13.0705
-14.8514	-13.6583
-13.0384	-13.9502
-12.1883	-13.3647
-12.6299	-11.9519
-14.5755	-14.6886
-14.6568	-14.9552
-13.4261	-12.0336
-13.5819	-11.1901
-12.9965	-12.5307
-11.9467	-14.9432
-13.8761	-11.3353
-13.2252	-13.2246
-12.0641	-13.6629
-12.2281	-12.2013
-13.7443	-12.2639
-13.5338	-13.0825
-13.932	-14.2588
-13.8349	-11.756
-11.1846	-13.6553
-13.8294	-12.2365
-14.2788	-12.773
-14.4833	-14.9369
-13.7315	-13.2943
-14.2027	-12.5448
-14.194	-12.6976
-13.6999	-11.5509
-13.5334	-13.3476
-11.9705	-12.27
-11.3225	-14.2823
-14.5945	-13.7595
-11.3501	-11.5782
-12.9735	-11.9507
-11.7788	-11.8657
-13.5907	-14.3889
-12.6018	-13.6325
-12.1501	-12.277
-13.4797	-12.7385
-14.0891	-10.6931
-11.9628	-12.3216
-14.6072	-12.2661
-12.981	-12.4108
-13.1884	-13.5967
-12.7282	-12.6816
-13.7389	-14.7846
-13.7602	-11.729
-13.5695	-12.465
-12.6096	-12.9224
-11.6444	-12.7329
-13.2086	-14.7012
-13.3884	-12.7372
-14.3133	-13.5939
-13.4457	-12.2603
-12.3555	-13.2165
-13.8724	-14.9502
-14.131	-14.9624
-12.7062	-11.5691
-13.9909	-11.7672
-12.4748	-12.9534
-14.6653	-11.5281
-12.7372	-14.5152
-13.1268	-11.7283
-12.2853	-12.4485
-14.5475	-13.7856
-12.5784	-13.0812
-11.299	-14.189
-11.5323	-13.7171
-11.9496	-14.2846
-14.5459	-13.4675
-12.7174	-13.1282
-11.6356	-13.1408
-14.173	-13.4819
-12.3156	-13.5916
-11.6907	-13.1944
-14.8261	-13.1636
-12.9331	-13.5224
-13.9274	-13.0433
-12.3276	-13.7704
-11.9202	-14.0183
-14.3502	-10.9343
-13.9069	-14.5991
-12.3351	-14.9375
-14.5912	-12.4595
-13.4634	-13.5165
-12.3682	-12.1231
-12.2846	-11.9178
-11.4345	-11.5094
-14.591	-13.3545
-11.8985	-12.2982
-11.6677	-13.0492
-13.9029	-12.4776
-14.3436	-12.075
-13.4442	-14.0695
-14.7132	-11.9432
-14.0622	-13.6462
-13.8619	-13.1985
-13.2453	-14.2635
-11.5362	-11.7474
-13.642	-10.695
-12.7902	-14.1708
-13.4953	-13.5141
-11.8666	-12.7509
-14.3271	-12.3506
-12.7273	-14.6898
-12.2163	-13.3275
-12.8273	-13.1673
-13.7998	-12.0884
-12.2708	-13.3393
-14.7279	-14.6168
-12.5901	-13.4693
-13.2043	-13.54
-14.5393	-12.1807
-13.2881	-12.8452
-14.465	-12.4165
-14.0687	-14.9282
-12.3131	-13.5863
-13.2614	-13.4038
-12.5125	-14.6539
-13.1959	-11.9779
-12.3758	-11.9807
-4.67973	0.921123
-11.94	-14.2289
-12.5787	-12.0722
-11.9173	-11.2045
-12.1321	-12.797
-12.3407	-12.1663
-10.6651	-13.5171
-12.7928	-14.2029
-14.2457	-13.1093
-13.3189	-14.2478
-10.2822	-14.0921
-14.4605	-12.9362
-12.2736	-12.0028
-13.5149	-12.6438
-13.6942	-13.1749
-11.4315	-13.4547
-13.5404	-12.3538
-12.2159	-11.991
-14.5479	-12.653
-11.252	-11.8125
-10.6727	-13.0457
-13.7836	-10.9684
-11.6894	-13.8077
-14.9032	-12.6068
-12.8824	-13.8363
-14.8275	-11.4194
-12.5772	-13.3799
-8.47187	-5.70213
-13.2709	-13.368
-14.0728	-13.859
-11.3657	-12.1219
-12.1966	-12.6692
-12.7298	-12.167
-14.5663	-10.9944
-12.4219	-12.436
-13.5571	-13.1637
-12.1597	-13.8523
-14.714	-14.0881
-14.3243	-12.3061
-13.2352	-12.7096
-14.2107	-12.5933
-14.2064	-13.7573
-11.4954	-11.5974
-12.2641	-13.3789
-11.9144	-11.5134
-11.9562	-13.6627
-13.1111	-12.4171
-13.5415	-11.3026
-12.4523	-14.4128
-11.9487	-11.6221
-12.1535	-14.3957
-12.2845	-13.5524
-12.4114	-12.7443
-14.5861	-13.408
-14.6563	-13.3609
-13.1549	-13.0078
-13.2455	-11.435
-12.4493	-14.0426
-12.5686	-14.4346
-13.3465	-11.7542
-11.9998	-11.7313
-14.2576	-12.7188
-13.7729	-13.4857
-11.6664	-13.2387
-12.1521	-13.7686
-13.3758	-11.316
-12.1518	-12.4623
-11.9838	-11.6789
-13.0441	-13.4339
-13.1936	-13.6134
-14.1503	-11.2668
-14.066	-14.7997
-13.2246	-13.8949
-12.4441	-12.4392
-14.3308	-13.3832
-12.4813	-13.4427
-14.3298	-12.3867
-14.286	-12.7036
-12.106	-11.4695
-12.988	-14.9206
-13.2503	-13.8201
-13.8447	-11.0966
-12.334	-14.4686
-14.8816	-12.6311
-13.7943	-13.3431
-12.3172	-12.2428
-13.3662	-13.0475
-14.0321	-14.4382
-11.8435	-12.6169
-13.7387	-11.8441
-13.9997	-12.3627
-14.3795	-11.475
-10.3313	-12.2837
-13.6271	-13.3786
-13.8111	-12.4864
-12.0885	-13.9692
-12.9206	-14.0821
-13.6902	-11.1615
-14.1724	-12.7563
-12.6538	-12.1492
-12.5141	-12.4385
-12.3626	-13.7756
-13.8136	-14.4559
-14.9633	-13.8308
-13.6292	-12.0097
-13.6415	-12.4297
-13.3427	-13.3238
-10.7272	-13.7827
-11.0644	-12.4454
-12.8399	-14.3629
-14.1259	-12.6329
-13.3341	-13.7065
-12.476	-11.4992
-12.9336	-12.6447
-12.7545	-11.8895
-13.2545	-13.6093
-14.5826	-13.8678
-12.6106	-14.9263
-13.7054	-13.9548
-14.9085	-12.7134
-13.5916	-12.4064
-13.794	-12.6528
-11.5645	-12.6933
-12.1519	-13.3479
-11.7605	-12.899
-14.8499	-11.3379
-12.1594	-13.7272
-12.6442	-13.3001
-13.3503	-11.9198
-11.0191	-11.7356
-11.3053	-13.8571
-14.3928	-14.8813
-12.352	-13.5142
-13.7014	-13.7963
-13.585	-12.7418
-12.9227	-14.4017
-13.5742	-12.3093
-13.4742	-12.9709
-14.1096	-12.0602
-13.6601	-14.059
-13.8487	-13.1556
-9.14513	-9.54753
-12.8665	-11.9931
-13.2595	-13.7702
-13.1834	-13.5827
-13.2168	-12.9841
-12.4569	-12.9511
-13.1458	-12.1162
-14.8343	-13.4996
-12.8255	-11.3312
-13.09	-14.7213
-14.3664	-14.3311
-14.257	-10.3863
-14.8257	-12.4178
-12.2135	-14.1312
-13.3632	-13.5237
-13.2837	-13.7585
-14.2562	-14.8473
-11.8378	-13.6668
-13.2878	-14.2968
-13.4789	-14.6289
-13.5872	-11.809
-13.3782	-13.6667
-12.7409	-13.9747
-10.4201	-14.7798
-12.6457	-13.1643
-13.196	-13.8624
-12.5412	-13.9569
-13.7087	-13.5026
-11.938	-13.6634
-13.5468	-14.8099
-12.8047	-11.7665
-14.8121	-13.6087
-12.4583	-14.2916
-12.5209	-11.5815
-13.9711	-11.4946
-12.9083	-14.836
-13.7455	-12.0256
-12.4464	-14.4283
-12.2438	-13.1214
-14.3455	-12.5011
-12.0098	-11.2537
-13.0726	-13.4231
-13.805	-9.97128
-11.1417	-14.2104
-11.3498	-14.8463
-13.4275	-14.5585
-13.7206	-13.2897
-13.712	-13.6544
-13.1399	-13.0559
-11.827	-11.6222
-12.8172	-13.2201
-13.709	-13.073
-14.1192	-14.0303
-12.6367	-13.1048
-12.9199	-13.3504
-12.9837	-14.5922
-13.1828	-13.8339
-14.5469	-13.2177
-14.1185	-13.5523
-12.9782	-12.3177
-14.4021	-12.981
-14.0866	-11.2507
-12.64	-13.4263
8.37305	12.7741
-13.4634	-11.9787
-12.5523	-12.3009
-11.9945	-13.0159
-13.1231	-11.8098
-12.5988	-12.8136
-14.9537	-13.0143
-14.4311	-13.7599
-13.0016	-13.2565
-13.0555	-12.9593
-13.7651	-12.5278
-14.3152	-13.1612
-12.774	-12.7325
-14.6052	-14.9294
-14.3599	-12.9179
-12.304	-12.6463
-13.2095	-13.1156
-13.2512	-12.345
-13.658	-13.6242
-13.7789	-12.3768
-13.0135	-11.971
-11.5067	-13.9518
-12.6855	-12.0206
-12.9505	-11.8635
-14.0307	-11.5328
-13.6393	-11.7688
-12.4331	-12.2213
-12.9348	-11.2592
-14.6207	-12.409
-14.1957	-13.7198
-14.9949	-14.358
-14.6909	-12.0669
-11.3831	-12.6895
-13.3747	-14.3779
-14.0256	-11.5905
-10.8659	-12.8878
-12.0832	-14.2587
-11.8904	-14.1892
-11.7125	-14.3451
-12.7256	-14.9115
-13.8694	-11.824
-11.7718	-13.9088
-12.4962	-11.2189
-12.8315	-13.5758
-14.2959	-12.7657
-14.0854	-12.5727
-13.871	-11.8648
-13.161	-12.9871
-13.6939	-14.2281
-12.2915	-12.1522
-12.4615	-13.4484
-14.7986	-13.2273
-14.249	-12.8807
-12.6408	-12.4975
-12.4707	-13.8735
-12.4801	-12.5494
-12.1065	-11.6301
-14.539	-13.8097
-14.891	-13.8409
-12.1813	-12.2665
-12.8942	-13.4214
-13.5877	-11.8376
-13.69	-12.0887
-11.1024	-14.1905
-11.9943	-13.3476
-14.5807	-13.0747
-12.9921	-11.9537
-12.2087	-12.7646
-10.7967	-13.0238
-11.3807	-14.4356
-12.6173	-13.8077
-12.9522	-13.511
-12.5377	-14.8369
-13.4666	-12.6108
-12.1638	-13.7762
-13.8505	-13.4626
-11.9303	-12.5576
-13.611	-12.2396
-14.0421	-14.3685
-13.0406	-12.907
-11.7989	-14.518
-13.8696	-14.7016
-13.6406	-12.3532
-13.1698	-11.1474
-13.2456	-14.8889
-13.5813	-12.9459
-10.5428	-12.4603
-14.3664	-12.144
-11.8753	-13.2843
-12.5461	-12.2116
-11.4531	-12.9734
-11.5784	-12.6114
-14.1296	-12.764
-10.8181	-10.5946
-12.9266	-12.9038
-12.7412	-14.3972
-13.0208	-13.6841
-12.4044	-14.2723
-12.6637	-13.071
-13.0535	-14.6869
-14.0245	-12.3483
-12.6504	-13.8543
-12.0432	-14.0339
-12.2745	-14.0815
-12.6942	-12.2547
-13.5581	-13.3081
-14.698	-13.041
-13.5782	-13.5516
-11.9159	-12.4583
-11.7222	-13.3902
-12.8824	-11.4369
-13.995	-14.2472
-13.2031	-14.7882
-13.3394	-14.4563
-14.4814	-13.6929
-14.803	-14.2619
-14.389	-13.6635
-12.3819	-11.7292
-12.6622	-12.1807
-13.0803	-14.3351
-12.9435	-13.1094
-12.6754	-13.4272
-11.7436	-13.5324
-11.3832	-12.488
-12.3626	-13.3495
-14.513	-14.9731
-13.3913	-13.0727
-13.0833	-13.2955
-12.6287	-14.4202
-13.3136	-12.8372
-13.6977	-11.9299
-13.5787	-14.7289
-11.3366	-11.9792
-12.0806	-13.4365
-14.3786	-11.8429
-13.386	-12.7885
-6.96686	-8.90762
-12.8082	-12.0027
-12.2255	-11.6017
-13.5353	-14.9779
-13.6653	-14.6273
-14.0668	-8.8908
-10.9735	-12.3452
-14.0766	-11.6906
-14.5208	-12.9844
-13.3398	-13.5216
-13.264	-13.6323
-13.3377	-13.761
-12.1502	-12.7903
-13.9078	-12.039
-12.5296	-12.9723
-13.3224	-14.1526
-14.7867	-12.2691
-11.587	-11.3984
-12.619	-12.6652
-13.7924	-12.8464
-13.4107	-13.5211
-14.3571	-13.583
-12.4598	-14.4541
-13.9304	-12.1627
-12.3481	-13.7349
-12.6111	-13.3619
-13.3226	-13.0684
-13.7699	-12.5454
-13.4531	-13.2468
-13.5555	-12.8676
-6.09554	-9.96512
-13.6075	-13.0442
-11.5561	-14.1421
-13.2988	-12.6732
-14.8475	-13.276
-14.2729	-12.7212
-12.5797	-11.8886
-14.3722	-12.4449
-13.9182	-12.5427
-12.5397	-13.5162
-14.1911	-12.1281
-12.8675	-12.6045
-10.6438	-13.5045
-14.2717	-13.2935
-12.9717	-13.1643
-13.0154	-12.9277
-10.3477	-11.7887
-13.7453	-12.2318
-12.4491	-12.345
-13.1748	-12.0556
-13.4797	-14.3639
-10.3923	-13.6989
-13.3788	-12.1641
-11.8549	-10.7539
-12.6225	-14.2121
-12.1074	-9.30545
-12.6511	-12.2385
-11.5937	-12.1613
-12.7437	-14.0822
-14.3956	-13.2301
-11.9346	-12.205
-13.807	-12.8359
-12.4737	-11.6372
-12.1587	-12.8064
-11.9903	-14.2811
-9.26433	-14.6763
-13.8466	-13.4651
-13.6809	-14.3914
-13.9111	-14.1251
-14.5744	-13.8101
-12.621	-13.876
-13.3533	-13.0766
-12.6348	-13.7335
-14.3696	-13.0302
-13.1272	-10.5689
-13.7407	-13.7739
-12.0141	-14.2098
-12.2474	-14.6394
-13.0445	-14.0856
-14.7622	-11.2828
-14.62	-14.2394
-11.338	-14.1427
-12.2452	-10.6469
-14.6297	-13.7052
-14.4744	-14.3252
-14.4366	-14.027
-12.4112	-11.6551
-12.0936	-13.1812
-12.9778	-14.3983
-12.6373	-10.2409
-12.7528	-14.4584
-13.4433	-14.2882
-11.5806	-13.0274
-14.0269	-11.229
-13.1204	-13.3347
-12.2957	-12.9769
-13.7625	-14.2358
-13.1779	-14.1098
-12.4757	-14.2159
-12.5392	-12.4152
-14.3574	-12.1691
-12.905	-13.1878
-13.6372	-12.7344
-11.8971	-14.5716
-13.01	-10.9595
-13.8908	-11.9225
-12.7796	-11.7956
-11.6705	-14.8324
-13.8842	-12.5552
-12.5819	-12.7278
-14.5835	-13.2603
-13.2536	-13.9955
-12.2522	-12.2957
-14.5715	-14.8321
-13.0169	-12.8338
-13.7828	-13.927
-12.9236	-14.2151
-14.2713	-14.0132
-13.0969	-14.8055
-13.6901	-12.7768
-12.6258	-12.1769
-14.8435	-14.662
-12.118	-14.4973
-11.6963	-12.2841
-13.9173	-12.9176
-14.3971	-13.1048
-11.0081	-14.2569
-13.5036	-12.545
-13.7145	-13.398
-12.5016	-14.7894
-14.2762	-14.4086
-13.339	-12.6089
-13.4879	-13.1407
-14.4787	-14.7402
-13.4304	-11.8756
-13.196	-12.1209
-12.2776	-11.2016
-12.6274	-11.9095
-12.5834	-12.4495
-12.5682	-11.9075
-11.8962	-14.5743
-11.8278	-13.4557
-12.1259	-12.3358
-13.5707	-13.0136
-12.4417	-12.5863
-12.4571	-13.0652
-11.3281	-12.4404
-12.9727	-13.3809
-12.5805	-13.9093
-14.8101	-13.2635
-11.9261	-12.2608
-13.9894	-13.3015
-13.2809	-14.5912
-12.0822	-10.4001
-13.7414	-12.7695
-11.7626	-13.8502
-13.1247	-11.8474
-12.9981	-14.4676
-12.2871	-11.4765
-12.0203	-11.4321
-12.2378	-11.8267
-13.8444	-12.8229
-12.1454	-13.2253
-14.2177	-11.5771
-11.9905	-13.1906
-12.5846	-14.3837
-11.8413	-14.3507
-13.4103	-13.7147
-12.4895	-13.5532
-14.2374	-12.6396
-13.8907	-13.6771
-11.5944	-12.6681
-13.4878	-14.0916
-13.5477	-12.2165
-13.4104	-11.9496
-9.89207	-14.5287
-12.441	-12.3801
-13.8146	-13.9374
-13.6345	-14.6535
-14.7034	-14.532
-12.2057	-13.3053
-10.4648	-14.1115
-14.0726	-12.3722
-12.2589	-12.0954
-13.3722	-13.836
-12.8631	-12.8139
-14.2144	-12.6199
-14.3196	-13.7116
-14.7513	-12.3775
-14.0886	-13.4321
-12.0494	-13.4475
-12.4471	-12.0623
-13.6254	-14.7609
-12.011	-10.3669
-13.2697	-12.2308
-13.1471	-13.9475
-13.236	-12.0302
-11.0833	-11.1903
-13.6793	-13.4969
-11.5094	-13.5577
-12.4877	-12.3057
-14.6341	-12.6941
-14.3678	-14.6889
-12.121	-10.9695
-14.2244	-13.5946
-12.9476	-11.9302
-13.1932	-12.5542
-13.6721	-10.6714
-13.2026	-12.0646
-11.9673	-12.6691
-14.285	-11.3432
-9.77076	-10.1104
-14.9598	-11.8426
-11.0858	-14.5269
-12.1765	-12.0036
-13.2436	-11.6384
-12.5097	-13.4005
-14.6273	-12.2183
-11.5351	-12.8763
-14.2496	-10.5837
-10.9338	-11.938
-11.8341	-12.9748
-11.45	-12.6676
-14.0744	-12.9172
-12.2141	-14.0404
-13.0159	-14.5598
-13.009	-14.1525
-13.8076	-12.1053
-12.4458	-13.7581
-13.0679	-14.525
-12.8325	-13.7155
-13.1712	-11.358
-12.6731	-12.5536
-14.376	-13.11
-12.9041	-12.4422
-12.443	-12.9901
-13.3389	-14.2406
-13.5676	-13.6675
-11.5864	-12.1926
-13.7267	-12.2014
-13.0229	-13.4512
-13.5168	-12.5663
-13.1011	-13.5179
-11.9885	-14.3207
-10.6857	-13.7172
-11.4102	-10.7676
-14.7909	-11.9635
-10.678	-13.8111
-12.9757	-13.9767
-12.1212	-12.2483
-12.7808	-14.5189
-9.97711	-14.406
-10.8534	-11.4599
-13.8877	-12.9263
-13.376	-12.5215
-14.0938	-13.2554
-14.7974	-12.5562
-14.4368	-12.8497
-12.1066	-11.9769
-12.4458	-12.577
-13.6927	-12.8071
-9.75805	-11.6366
-12.835	-12.0963
-13.4352	-12.9442
-12.8254	-13.49
-14.9551	-11.9541
-13.6745	-13.61
-11.2638	-12.3784
-12.8789	-14.7768
-12.0816	-13.4487
-14.009	-12.9061
-14.8948	-14.5157
-12.1421	-12.9695
-14.3957	-14.1088
-13.65	-14.7731
-14.8005	-11.2553
-14.5168	-11.3011
-13.4436	-12.9003
-11.6444	-12.9794
-13.4693	-14.0796
-12.4503	-14.3095
-14.1506	-14.2083
-11.5079	-13.6313
-10.2202	-14.3394
-11.3867	-13.5214
-12.4766	-13.5492
-11.9884	-12.7611
-13.1087	-10.9698
-12.9894	-11.6418
-11.0375	-13.5717
-13.4662	-13.5438
-12.9278	-12.9872
-10.7815	-14.3043
-14.1377	-12.8395
-14.2504	-12.8761
-12.1917	-13.2172
-14.0996	-13.161
-14.7277	-12.2363
-12.9275	-12.6426
-12.2895	-12.7352
-13.126	-13.4984
-13.8165	-12.8755
-14.4488	-12.3262
-13.6742	-12.6471
-13.3357	-14.1509
-13.9352	-13.5922
-13.63	-11.8037
-14.4335	-13.4153
-12.7658	-12.8775
-14.0538	-12.5279
-14.1953	-12.4053
-13.3966	-13.3124
-13.3589	-13.4979
-13.3458	-12.6059
-12.2355	-12.1863
-12.1033	-13.6991
-12.8898	-12.6079
-10.5826	-13.4205
-12.106	-13.8065
-11.6383	-13.5875
-14.0876	-12.3497
-12.8572	-14.4148
-12.1879	-10.8655
-12.3743	-11.0562
-12.7576	-13.6645
-11.9004	-12.2266
-12.1433	-13.6671
-12.4583	-11.9242
-13.7637	-14.1499
-12.8133	-13.1345
-14.4313	-12.882
-13.9138	-13.8695
-11.9291	-13.1883
-13.6737	-13.916
-12.3363	-12.1187
-12.7713	-11.6721
-14.5516	-12.7522
-13.0504	-12.0276
-14.7646	-14.2607
-12.3226	-12.28
-12.5111	-12.9074
-12.8448	-12.2655
-11.4065	-13.2807
-13.4453	-13.9048
-13.6882	-13.8305
-14.7526	-14.8114
-11.7331	-12.8019
-14.3162	-12.8931
-12.7799	-12.6186
-14.2835	-14.8671
-14.0046	-13.5347
-13.7258	-12.6743
-13.0735	-13.6015
-13.7416	-12.1128
-13.4584	-12.3567
-14.1153	-12.7111
-13.5287	-14.2029
-12.8978	-12.7917
-12.2394	-13.2703
-12.1664	-12.222
-12.1895	-14.8832
-11.3651	-13.9559
-12.0798	-14.772
-12.7906	-11.8469
-12.472	-12.0923
-11.9385	-14.5381
-14.1348	-13.5761
-13.8033	-13.4046
-12.5115	-12.5483
-13.2339	-12.656
-13.9916	-13.2304
-12.0786	-13.9469
-11.2215	-12.2125
-12.5297	-13.6772
-13.9361	-14.5051
-12.3809	-12.8251
-12.1991	-12.7569
-13.4592	-11.4935
-13.7772	-13.3983
-13.7261	-12.2502
-12.4995	-13.4527
-13.8071	-14.6685
-13.8691	-13.3365
-13.6698	-12.9811
-14.7163	-14.3283
-13.3333	-14.5691
-12.977	-13.0739
-14.0624	-12.52
-14.4563	-14.2809
-13.4004	-14.477
-12.5343	-11.9835
-11.3556	-11.3544
-13.6736	-12.6401
-12.682	-13.3533
-12.5457	-11.1522
-14.5504	-12.5857
-12.6183	-13.1074
-13.8871	-13.2424
-11.8256	-13.5815
-14.5885	-12.312
-13.1803	-11.8994
-14.817	-14.6029
-12.9397	-13.5772
-11.6203	-12.7823
-13.0081	-12.7391
-12.8636	-12.6143
-13.1777	-13.2427
-12.3855	-11.827
-13.4811	-14.725
-14.9368	-14.1314
-12.3227	-13.7838
-13.6848	-11.9672
-12.4122	-12.311
-10.9509	-11.2767
-12.398	-11.213
-13.2116	-12.8153
-12.6625	-13.8616
-12.4007	-14.9394
-14.4064	-12.97
-11.5505	-12.8803
-13.7793	-14.0874
-14.0142	-13.1502
-14.8292	-14.5146
-12.4124	-12.3709
-13.691	-13.0759
-13.0807	-11.3659
-12.7649	-13.1868
-12.0114	-13.1309
-11.9976	-14.3438
-12.146	-14.745
-10.5902	-11.2446
-13.5052	-13.7663
-13.6244	-12.781
-12.7002	-10.7076
-13.5471	-12.0372
-11.4354	-12.3319
-13.3541	-9.79237
-14.6784	-13.6354
-14.3658	-12.7124
-10.7249	-12.7777
-14.926	-14.5446
-12.7425	-12.4598
-14.7142	-13.1622
-14.3379	-14.6203
-11.58	-11.1376
-12.2843	-13.0836
-13.0937	-12.0805
-14.2639	-13.953
-13.293	-13.8194
-13.309	-11.7914
-14.072	-14.7784
-11.7657	-13.6963
-14.0644	-13.0986
-12.8521	-12.4784
-12.2213	-14.0017
-13.9259	-12.1088
-11.995	-12.2881
-12.4302	-13.7962
-12.6258	-14.2852
-13.9263	-13.5765
-10.9465	-14.4786
-13.1358	-12.487
-13.7726	-13.6301
-4.61569	-6.01932
-12.8618	-10.7032
-14.7487	-13.7325
-12.8629	-12.565
-14.4672	-13.1662
-14.0739	-12.2661
-14.2081	-12.0447
-12.8667	-13.9207
-12.9589	-11.837
-9.10525	-12.0356
-12.82	-14.2204
-14.2402	-14.7269
-14.0506	-12.1395
-12.9559	-13.401
-13.9084	-12.1509
-13.8785	-11.7072
-11.0846	-14.6536
-11.9456	-12.5841
-11.8296	-3.04278
-13.0373	-14.3343
-13.6858	-11.0021
-11.3381	-12.6777
-13.0116	-12.6197
-14.0533	-13.4452
-13.4758	-12.4005
-12.0844	-13.9215
-12.8541	-14.0588
-12.0294	-10.1868
-12.2524	-13.6994
-12.5219	-13.0361
-13.7739	-13.7808
-13.0452	-12.8093
-14.3639	-14.9404
-13.116	-10.7046
-11.0396	-13.5872
-13.3695	-12.7371
-13.1954	-14.3781
-13.9966	-14.4559
-14.0852	-14.4477
-14.9724	-14.0849
-13.0281	-10.8619
-14.2305	-12.6853
-11.1045	-14.7064
-13.9847	-14.3175
-14.9888	-13.1535
-14.2015	-14.6913
-12.0165	-10.8813
-12.1973	-14.6671
-13.6393	-13.2315
-12.5957	-11.7278
-13.4247	-11.7006
-11.6681	-14.2424
-13.7316	-11.8838
-13.621	-14.2245
-13.8528	-13.6978
-13.2043	-12.2036
-12.6301	-12.194
-13.9074	-11.9833
-12.2966	-12.7057
-14.2203	-13.5461
-14.5926	-13.9191
-12.96	-13.9656
-14.5694	-12.3214
-13.5715	-10.7789
-13.4286	-11.8047
-11.6583	-11.7563
-13.8716	-12.5386
-14.4009	-14.2263
-12.04	-13.9406
-13.5523	-13.4632
-14.5557	-12.3168
-12.3473	-10.4778
-11.5363	-12.2495
-10.2048	-13.4811
-13.1807	-13.1132
-12.5728	-11.2575
-14.1461	-11.8663
-13.9957	-12.7785
-11.6869	-14.9647
-12.5341	-10.8856
-13.2051	-14.2731
-14.7503	-14.4067
-13.2456	-12.9725
-12.8017	-13.4851
-13.8082	-9.98572
-14.868	-11.6456
-13.2811	-11.0229
-14.2607	-12.3106
-9.63233	-9.18598
-12.2022	-12.2185
-13.1811	-12.5584
-12.263	-13.3768
-13.4481	-13.8967
-12.7076	-11.8201
-12.9363	-13.8059
-13.1971	-14.5178
-13.4595	-12.2056
-13.9669	-13.0962
-13.0572	-12.8435
-13.5606	-14.3651
-13.7431	-13.8741
-13.5967	-12.4717
-12.2263	-13.1754
-12.5128	-12.2897
-14.5428	-11.3044
-14.0853	-14.2003
-11.8973	-14.2574
-14.7514	-12.7748
-12.365	-13.4257
-12.2241	-12.8737
-11.5453	-11.6741
-13.7891	-14.5135
-14.2625	-13.4445
-12.4394	-12.8547
-13.1408	-12.4509
-14.9055	-12.5942
-10.4351	-14.3814
-12.2728	-13.1164
-14.7617	-13.3401
-12.5243	-12.2095
-13.5332	-11.9364
-13.1913	-14.9916
-11.6769	-12.2665
-13.178	-14.2218
-12.9287	-12.5065
-13.4209	-11.5907
-13.3026	-12.8712
-12.4143	-11.9485
-10.2677	-13.8909
-12.1527	-14.4173
-12.5143	-10.7761
-13.7151	-12.7135
-14.4752	-11.5422
-14.0653	-11.4585
-11.5144	-10.4022
-13.4723	-13.8061
-12.2738	-9.44625
-12.6675	-12.2199
-14.6708	-13.4433
-12.0825	-12.838
-12.356	-11.0183
-14.0143	-12.2223
-12.8463	-12.4442
-12.7729	-13.3349
-12.5259	-13.3723
-12.6387	-12.5577
-11.7713	-11.8279
-11.8329	-13.2621
-12.3779	-11.9935
-14.6521	-14.2711
-12.6169	-13.8501
-14.0811	-13.7028
-13.6284	-13.0849
-13.7069	-12.5411
-13.1065	-11.832
-12.175	-12.5033
-10.9488	-11.729
-13.4961	-12.0535
-14.3586	-14.8967
-12.0383	-10.3397
-11.6721	-13.4543
-12.5071	-13.7456
-12.7836	-12.6436
-13.5851	-13.8204
-14.5709	-12.3722
-12.7645	-13.2573
-12.5441	-14.3538
-13.4488	-11.7204
-14.2249	-12.0313
-12.5068	-13.3804
-14.9	-12.5682
-11.5747	-14.9475
-13.0303	-12.6561
-14.4349	-12.8301
-12.0237	-14.258
-14.3158	-14.6693
-14.7119	-12.9525
-11.9766	-11.7959
-11.821	-12.2284
-12.3874	-13.9668
-12.9953	-11.0297
-12.4481	-12.4353
-12.7627	-12.1523
-13.2977	-12.7994
-10.275	-12.2105
-13.3522	-12.0231
-14.2253	-13.1021
-13.8078	-14.4398
-13.7313	-13.5826
-13.0291	-13.7723
-14.478	-14.1324
-13.2569	-14.81
-14.0634	-14.6143
-13.0705	-12.242
-12.6357	-13.1869
-12.1551	-12.4846
-12.9989	-13.9601
-13.0991	-13.162
-14.3506	-14.6333
-12.1815	-13.8492
-12.0492	-14.3829
-12.1314	-12.4632
-11.4381	-12.2086
-14.466	-11.9176
-12.4074	-14.469
-13.8589	-12.4104
-14.4483	-13.433
-12.1589	-12.5583
-11.4946	-14.8399
-13.524	-13.0855
-14.6254	-12.6899
-12.9974	-12.0495
-12.2886	-14.189
-12.8798	-13.3656
-13.3786	-13.7687
-14.6006	-13.1601
-12.3555	-12.3405
-12.2469	-13.1888
-13.7283	-12.4016
-9.37513	-13.9931
-12.9239	-14.291
-12.0791	-14.8818
-13.9394	-13.263
-12.4208	-14.7766
-13.5976	-14.5443
-13.7162	-12.5785
-13.1656	-14.9122
-12.8125	-12.929
-12.3236	-11.5334
-12.1982	-13.5715
-11.8206	-12.9726
-12.4507	-11.9714
-12.7117	-12.3464
-12.1957	-13.4256
-13.3064	-14.2412
-12.6668	-14.9337
-11.7547	-12.1561
-13.3661	-13.1982
-12.7397	-11.4009
-13.7319	-11.9914
-12.6757	-13.9862
-12.1369	-13.4025
-11.848	-11.938
-14.7303	-12.5877
-11.2654	-13.5653
-11.4495	-12.7373
-14.8479	-13.7212
-11.3679	-14.0774
-14.1636	-13.5001
-11.3818	-13.0669
-13.0803	-13.8542
-13.2939	-14.5421
-14.078	-12.8513
-11.8806	-13.2196
-12.9894	-12.7297
-12.0736	-12.1004
-13.2087	-11.5787
-13.04	-12.5894
-11.9873	-14.2373
-14.5502	-14.794
-11.5159	-12.6852
-14.5427	-13.5637
-13.3674	-12.7284
-14.4813	-13.4141
-11.8185	-14.3637
-13.9816	-12.1081
-14.7396	-13.0109
-13.2667	-14.9205
-12.8425	-12.6424
-11.9341	-11.0446
-13.6394	-13.8737
-13.1463	-13.5503
-11.7928	-13.619
-13.2282	-13.0009
-14.1428	-13.1733
-13.9785	-14.7064
-13.7765	-12.0576
-13.8496	-12.7286
-13.0282	-13.3999
-12.9486	-14.2576
-14.6124	-13.0126
-12.3327	-12.4371
-11.5102	-14.6643
-11.9958	-12.6609
-12.7512	-12.8563
-12.4624	-12.3408
-13.3195	-11.6013
-14.9433	-11.9396
-12.2717	-14.5561
-11.1932	-13.8875
-14.3432	-13.8894
-13.1638	-14.3581
-11.9237	-11.9227
-12.7858	-13.3099
-14.9163	-12.3021
-13.0035	-14.1872
-13.4232	-13.2991
-13.0091	-11.9658
-14.5416	-12.2315
-12.7135	-14.1387
-12.5442	-12.8304
-14.5482	-12.3222
-11.7112	-12.5188
-13.1583	-13.0214
-14.7393	-12.0968
-14.4703	-12.3022
-12.8371	-13.8173
-12.8345	-12.118
-11.6487	-13.8804
-11.5007	-12.0164
-13.1004	-13.7426
-12.0856	-11.4894
-12.082	-12.2723
-13.9538	-13.7546
-12.1474	-14.5852
-12.3676	-13.319
-14.4146	-13.1329
-12.7985	-13.4835
-13.3706	-13.6575
-12.9557	-13.2646
-10.5347	-13.7089
-13.7633	-11.7062
-11.9613	-14.6306
-14.7619	-11.4201
-13.118	-12.9837
-13.3542	-13.2068
-13.6227	-12.1027
-13.5329	-6.43112
-14.4129	-13.7902
-12.1172	-14.2007
-12.0434	-13.7959
-10.4727	-13.8261
-13.3787	-13.4635
-13.9245	-11.7416
-12.258	-13.6706
-13.4201	-11.8651
-12.9289	-13.4951
-11.9856	-14.1275
-14.7335	-13.8289
-14.5412	-12.3328
-12.0275	-12.3682
-12.173	-13.6547
-13.421	-13.6596
-14.1916	-12.6038
-12.9848	-12.1128
-13.7147	-13.1877
-12.3395	-14.491
-13.2066	-14.1943
-12.8944	-11.4698
-12.9965	-11.2639
-12.9947	-13.2446
-14.5685	-11.4151
-14.1525	-12.678
-11.6348	-14.5286
-13.805	-13.1273
-12.5603	-10.2751
-12.8799	-12.589
-13.2277	-12.7746
-14.7172	-12.468
-12.7548	-11.8169
-12.6463	-13.9537
-13.8751	-13.4111
-13.1561	-13.8547
-11.0314	-12.1296
-11.4435	-13.8295
-13.2109	-14.5898
-13.9456	-14.2108
-13.233	-11.5472
-13.2664	-14.3706
-13.2787	-13.1881
-13.8233	-13.113
-13.258	-13.5549
-12.2654	-12.6263
-11.6697	-14.8498
-10.3444	-13.8923
-13.296	-14.9964
-11.9068	-14.8715
-11.4822	-12.3581
-14.2615	-12.5487
-14.5212	-14.3369
-13.365	-11.6548
-12.8672	-12.3441
-13.0509	-12.8826
-13.1167	-12.9559
-11.8583	-12.6925
-13.4532	-14.1721
-12.7745	-13.4159
-12.9311	-13.4058
-13.7975	-12.6053
-12.9421	-13.5524
-12.0803	-13.5702
-13.2925	-14.418
-13.0516	-13.4217
-13.7509	-13.2658
-13.8952	-13.8096
-12.115	-10.4476
-13.195	-12.2366
-13.476	-13.5909
-13.2576	-14.5776
-13.5567	-13.6626
-12.2511	-12.6185
-12.8916	-13.2879
-14.6173	-11.535
-13.9078	-12.1418
-14.1706	-13.7129
-11.5027	-13.1897
-12.0775	-1.81926
-13.5861	-14.4179
-14.6493	-12.5407
-13.4218	-12.7897
-13.6228	-14.9904
-13.7372	-13.2437
-11.2588	-12.876
-13.4958	-12.6222
-14.1042	-14.5327
-13.3417	-13.2695
-12.1781	-11.8548
-14.6241	-14.9811
-13.9604	-13.8677
-11.526	-14.4967
-14.7287	-14.7263
-12.709	-12.7097
-11.9671	-11.5848
-14.5123	-13.8488
-13.4637	-14.618
-13.8377	-12.1888
-13.7584	-11.9435
-14.1986	-12.3145
-12.8075	-12.4408
-13.1306	-14.179
-12.2583	-11.783
-12.9634	-13.8024
-13.2286	-12.399
-14.416	-14.2797
-12.5396	-14.3669
-13.5983	-13.2273
-12.9147	-11.3128
-13.4602	-14.6584
-11.6695	-12.7676
-13.8388	-12.1964
-13.5266	-12.2004
-14.0593	-14.7624
-12.199	-14.2078
-14.4581	-11.7423
-14.15	-12.8075
-12.3733	-10.9617
-12.2261	-13.2278
-13.393	-12.5452
-11.1227	-12.9144
-12.7622	-12.938
-14.1692	-12.6188
-12.9893	-13.0564
-12.0568	-13.7175
-14.4708	-12.0726
-12.5404	-12.2042
-14.0204	-14.63
-11.5888	-14.2269
-14.4628	-13.5426
-14.7112	-14.779
-14.6669	-12.1702
-14.853	-14.8078
-11.1827	-13.8043
-13.7901	-14.2713
-11.1007	-13.7087
-12.8932	-13.2936
-13.4067	-14.587
-13.6683	-12.9889
-12.0917	-13.0161
-12.2259	-13.2773
-12.0242	-12.1606
-12.8173	-12.2605
-14.2902	-12.7723
-14.2047	-13.9658
-12.771	-12.1412
-13.0833	-13.3558
-12.4172	-14.6098
-12.5542	-11.1457
-12.5982	-14.301
-14.5711	-11.8153
-13.8359	-12.8867
-13.0016	-12.3243
-12.3456	-11.6451
-9.54905	-13.2891
-14.8401	-13.1264
-12.9031	-13.6933
-13.0738	-13.1896
-13.824	-13.7375
-12.2577	-12.9958
-13.4388	-12.7248
-12.3463	-13.2237
-13.9711	-11.919
-11.9943	-11.0091
-14.1244	-11.5689
-11.7171	-14.5095
-14.9625	-13.4093
-14.1346	-14.2162
-12.6731	-10.1184
-12.8077	-12.376
-13.0398	-13.6144
-12.7156	-10.4676
-12.531	-11.6735
-13.9378	-11.3317
-13.6149	-12.9545
-12.002	-12.5272
-7.28729	-14.6643
-11.8098	-14.7311
-12.2986	-13.1683
-13.7963	-14.2017
-14.3671	-12.4165
-12.6256	-12.4021
-14.8437	-13.4508
-12.4172	-12.1315
-13.2037	-13.8954
-14.2092	-13.5839
-12.4841	-11.9731
-13.4768	-14.491
-12.4809	-14.1304
-12.154	-12.0328
-14.5153	-12.763
-13.4656	-12.5522
-14.2104	-13.4745
-11.8708	-14.0714
-14.5947	-10.9706
-13.5202	-11.947
-14.7273	-11.7686
-12.2676	-12.497
-14.8186	-12.6317
-13.1273	-12.9721
-11.6374	-14.8432
-12.6145	-11.614
-12.9481	-13.2255
-12.6379	-14.4223
-14.1857	-13.2295
-12.7179	-13.6598
-14.5174	-12.7915
-14.6368	-13.7395
-12.4877	-12.1338
-13.3813	-13.2175
-14.1035	-13.835
-13.6627	-12.8274
-11.859	-11.9245
-13.4663	-14.3153
-12.5385	-12.0309
-12.7325	-12.7355
-14.7818	-14.2688
-14.7498	-11.8505
-12.4019	-13.9768
-13.7386	-13.2551
-12.5981	-12.4649
-11.5959	-11.5716
-14.0392	-13.3011
-13.1928	-13.1867
-13.1863	-13.585
-12.116	-14.346
-12.3989	-13.6393
-12.2112	-13.3981
-12.368	-13.5216
-11.8879	-12.4201
-14.6255	-11.1565
-12.7128	-12.8439
-12.2413	-13.9443
-13.5916	-11.5509
-13.8751	-11.9012
-12.6242	-13.4244
-11.1687	-13.0366
-12.4654	-12.7291
-12.9059	-13.7581
-14.3713	-13.0968
-12.6703	-11.5395
-13.9599	-12.159
-13.3357	-12.4288
-11.7368	-11.3175
-11.9891	-13.7743
-12.6994	-13.6601
-11.8782	-13.9996
-12.5312	-12.9754
-14.4178	-12.0218
-12.4419	-14.3267
-13.1083	-14.7926
-13.8583	-14.4127
-13.6711	-12.3471
-13.284	-13.4054
-12.1248	-12.8053
-12.883	-13.8554
-12.9603	-13.2164
-14.0565	-14.8298
-13.522	-14.3983
-13.9866	-11.9903
-13.0596	-14.1105
-12.468	-14.6671
-14.0757	-14.679
-12.1145	-12.4346
-12.887	-14.1725
-12.9021	-13.3604
-12.7742	-10.357
-14.955	-13.4101
-13.3728	-14.2362
-10.7923	-13.9318
-12.7909	-14.2674
-11.918	-14.9478
-13.7726	-12.0051
-12.508	-12.8858
-11.6453	-11.7142
-11.8453	-12.1902
-11.3455	-12.5098
-12.7798	-12.4431
-11.8871	-13.2457
-12.7736	-9.50118
-13.8055	-12.9398
-11.7939	-12.1922
-13.2305	-14.6181
-12.9383	-14.9595
-12.2425	-13.3699
-12.3693	-12.2508
-11.906	-12.8192
-11.4663	-13.4757
-12.2035	-12.7752
-12.7951	-12.6757
-12.4029	-12.4704
-11.2528	-13.9003
-14.0166	-13.7515
-4.01364	-7.83756
-12.7888	-14.3006
-11.7285	-12.0097
-13.4825	-13.1105
-14.5078	-13.1933
-12.1282	-12.1145
-13.016	-12.6322
-13.6169	-11.6206
-13.1728	-13.4663
-13.8162	-12.1984
-13.1606	-11.5662
-10.323	-13.7812
-12.9233	-13.376
-12.7228	-12.035
-12.0049	-13.1248
-11.8138	-13.1858
-11.4684	-12.2007
-11.7861	-14.2153
-12.7248	-11.9696
-13.8652	-12.6056
-13.8869	-12.9487
-12.1273	-13.0378
-13.1114	-12.7435
-13.4345	-14.4597
-11.8803	-14.9225
-14.5151	-14.6402
-10.7117	-4.78469
-12.6474	-12.1856
-14.1572	-12.5582
-13.9846	-12.2446
-14.7638	-12.6301
-11.7355	-14.021
-12.3366	-13.5621
-12.3458	-14.0551
-13.7253	-12.2386
-13.2427	-13.3374
-14.1506	-12.9261
-12.0794	-12.0417
-12.6533	-13.2476
-13.6439	-12.3527
-12.161	-12.9586
-14.5738	-13.508
-12.2652	-13.6764
-13.7727	-13.8604
-12.3052	-13.6809
-12.1162	-14.993
-12.7896	-13.1342
-14.4203	-14.7674
-12.1806	-14.3788
-13.8512	-13.4481
-12.1667	-13.6162
-12.6842	-12.7449
-12.2967	-12.8995
-13.7105	-12.5822
-14.4053	-13.682
-13.663	-13.9404
-12.557	-14.5356
-12.3559	-12.1559
-11.6845	-12.8642
-11.0829	-12.0677
-13.3417	-14.7556
-14.1465	-12.7564
-13.025	-14.6115
-12.7461	-12.1187
-12.6397	-13.8663
-13.4454	-12.0406
-12.5411	-13.4254
-11.6131	-14.6437
-14.69	-12.4691
-12.0131	-12.2723
-14.395	-12.931
-13.8459	-14.3362
-13.8364	-13.2632
-14.6333	-14.0367
-13.8326	-10.5266
-10.9758	-12.2695
-12.788	-13.0277
-13.1291	-13.8222
-12.8761	-11.0772
-13.1828	-12.6928
-13.3059	-12.962
-12.638	-14.7317
-12.2752	-13.8437
-14.6477	-14.3052
-14.4403	-12.1065
-14.1582	-11.245
-12.8846	-13.9355
-14.2332	-12.1367
-14.3648	-14.4084
-12.7204	-13.8215
-13.9219	-14.5287
-12.7443	-13.6423
-14.3889	-14.5521
-12.0478	-12.5469
-14.9311	-13.3771
-13.5684	-14.6177
-13.4612	-14.7661
-12.0406	-14.3505
-12.9321	-12.9571
-13.1295	-13.8042
-12.2084	-12.4533
-12.4013	-12.4782
-10.8877	-14.0161
-13.2997	-12.1315
-12.8787	-12.6412
-12.9129	-10.551
-14.8627	-12.5922
-13.9092	-14.4154
-14.6287	-14.5463
-12.0067	-14.6202
-13.667	-12.6709
-14.2924	-12.553
-12.4995	-13.3916
-12.2624	-14.1608
-11.6272	-11.6492
-12.1235	-11.9476
-12.6163	-12.4355
-14.0882	-12.3984
-13.9948	-13.719
-14.7424	-14.4654
-11.6677	-11.8578
-12.3331	-13.1632
-11.7371	-13.1742
-14.0249	-14.3248
-14.0084	-13.7778
-13.9452	-12.5591
-13.1949	-12.8931
-14.1862	-13.4063
-13.1543	-13.8727
-14.7792	-11.7518
-13.0819	-12.6874
-13.0605	-13.3382
-13.4948	-13.6146
-13.9786	-13.4507
-13.7037	-13.6394
-12.9627	-12.7007
-14.3386	-12.4729
-14.4889	-14.9471
-13.076	-12.8689
-12.3266	-14.9427
-12.8715	-12.4868
-13.824	-13.3016
-14.0687	-12.6479
-11.5602	-12.5207
-12.3665	-12.6457
-11.3515	-12.6806
-12.3751	-13.086
-14.1128	-12.2058
-13.8958	-13.6851
-13.532	-12.4502
-14.4667	-14.2632
-12.6155	-13.7919
-13.1204	-14.7548
-13.0751	-12.4482
-14.2245	-11.7392
-12.0892	-14.7386
-12.6148	-12.8575
-11.2336	-13.6925
-12.291	-12.0672
-14.0051	-13.0528
-12.4654	-13.3426
-13.497	-13.528
-12.5915	-12.9789
-12.8242	-12.6959
-12.041	-12.5364
-13.7595	-14.2226
-13.9332	-13.159
-14.0126	-14.2669
-11.5956	-13.2302
-12.9679	-12.6401
-11.0463	-10.8292
-14.1971	-9.64469
-12.0332	-12.4664
-13.1742	-12.2906
-13.1433	-12.8083
-11.8723	-11.3627
-12.9021	-11.8012
-14.3397	-10.7435
-14.4612	-14.0933
-13.424	-13.058
-13.4045	-10.8833
-13.6329	-10.3157
-13.4164	-11.126
-12.1574	-13.6194
-12.2539	-10.8644
-14.5873	-11.6446
-12.0584	-13.0965
-12.4181	-12.4665
-13.8448	-12.7609
-14.4848	-14.0829
-12.6317	-14.5175
-13.8136	-13.3558
-12.2006	-12.3455
-12.7083	-12.2525
-13.9804	-12.2373
-12.9631	-13.6308
-13.9965	-12.0662
-13.3987	-11.4196
-11.9843	-12.534
-13.0684	-11.4609
-11.792	-13.2137
-13.1134	-13.7178
-13.1663	-12.5477
-14.4588	-12.8378
-13.22	-12.4762
-13.1792	-14.6495
-9.92048	-10.3267
-12.1839	-12.9754
-12.7095	-12.7116
-13.2392	-14.7061
-11.6854	-13.4544
-14.8664	-12.2273
-14.6852	-14.6091
-12.3109	-12.0137
-14.7139	-14.5146
-14.547	-11.8765
-12.8224	-12.7379
-13.3069	-14.0473
-14.6802	-14.3711
-13.651	-13.2044
-13.9217	-14.1269
-11.3538	-10.4878
-13.4288	-14.2545
-12.6759	-11.5877
-14.265	-14.8547
-12.8294	-12.0223
-11.5428	-11.373
-13.1789	-14.7653
-12.7018	-14.6928
-12.9319	-11.9883
-14.1092	-11.8294
-11.9731	-13.0777
-12.33	-13.0683
-13.7168	-14.6262
-11.2191	-14.3848
-14.3442	-13.0916
-14.7562	-13.854
-12.3457	-12.4612
-13.9367	-14.0067
-11.3255	-12.5999
-14.5461	-11.4136
-12.4648	-12.0515
-11.7993	-11.7648
-12.3329	-13.5451
-12.5824	-12.8865
-14.5675	-13.9138
-10.7261	-13.6018
-11.6499	-14.1177
-12.866	-14.8582
-11.9453	-12.9297
-13.9563	-12.9779
-12.5184	-11.7342
-14.1755	-13.3122
-11.6985	-14.6069
-12.6936	-14.1725
-10.5163	-14.7701
-10.9663	-14.8205
-13.4305	-13.6114
-12.3129	-11.6565
-12.9135	-11.304
-13.0085	-14.1153
-12.7606	-14.6743
-13.2454	-12.9785
-12.6357	-14.151
-12.6001	-9.94594
-12.7168	-14.0664
-14.218	-13.0018
-11.2521	-11.8108
-14.7489	-12.5687
-11.1076	-10.342
-13.1198	-13.2353
-12.5068	-13.0704
-14.7376	-12.4535
-12.6945	-13.9302
-13.4494	-13.9951
-13.8277	-13.0157
-12.4395	-13.6433
-12.439	-13.017
-13.0021	-14.8964
-13.827	-13.5425
-12.7448	-12.9136
-12.3245	-13.3125
-10.6489	-11.5402
-12.2434	-13.5404
-10.8643	-12.7614
-13.294	-12.243
-12.501	-13.8949
-12.7181	-14.2782
-13.6333	-13.9715
-13.922	-13.5398
-13.6903	-12.6265
-11.7564	-13.4559
-10.8745	-14.8564
-14.9052	-12.4259
-14.398	-13.3745
-14.0488	-12.8276
-12.7256	-10.9462
-12.4737	-12.4149
-12.2326	-14.7828
-13.0921	-13.7515
-14.3878	-13.2086
-12.1192	-13.012
-12.6912	-13.088
-13.9572	-13.2583
-11.7814	-14.3081
-12.6667	-14.6852
-12.385	-14.3374
-13.8711	-10.516
-13.3486	-13.5835
-13.404	-13.3617
-12.0106	-12.8577
-11.6473	-14.8482
-13.6753	-14.1161
-11.1289	-13.4105
-14.3349	-10.5085
-13.036	-14.4926
-13.0619	-12.5606
-14.3849	-12.5959
-12.8529	-14.3646
-11.7949	-11.0437
-11.4812	-14.407
-13.1964	-11.8527
-11.6864	-13.2446
-12.0981	-12.5129
-12.1439	-10.229
-12.5505	-12.1294
-7.20584	-14.8474
-13.7506	-13.3284
-12.716	-12.649
-12.7237	-13.679
-13.7431	-13.9014
-13.8094	-12.7527
-14.4412	-10.2903
-13.7017	-14.3993
-12.6788	-13.1366
-12.586	-13.2532
-13.3586	-13.7074
-12.4072	-12.7137
-11.978	-12.275
-11.6507	-12.4713
-12.8099	-11.9531
-13.6941	-14.6725
-11.7238	-11.7987
-14.8451	-13.3446
-14.0924	-12.9793
-10.2587	-12.0339
-13.2457	-7.03892
-12.1021	-14.9177
-11.6405	-13.2293
-12.5547	-12.4378
-11.4241	-12.844
-13.9308	-12.2244
-11.1955	-11.6698
-12.3092	-12.7329
-13.4217	-11.9264
-12.9847	-12.4459
-12.8626	-13.6789
-10.7437	-10.3022
-13.2418	-13.0604
-13.2932	-11.9088
-14.3413	-12.2923
-13.0768	-13.1346
-7.33696	-13.291
-12.8583	-13.0958
-12.4748	-13.8295
-13.027	-12.9856
-12.0897	-11.8946
-14.6197	-13.9393
-13.1335	-14.5144
-12.1367	-12.9764
-13.3843	-14.7715
-13.8212	-11.8196
-11.036	-14.6905
-10.8875	-13.3356
-13.6286	-14.1768
-12.1969	-14.0472
-11.7604	-12.913
-13.1075	-14.4769
-12.3634	-12.8719
-12.5568	-12.1967
-14.4526	-12.4012
-13.9261	-13.6974
-11.8878	-12.8376
-12.7655	-12.9199
-11.8927	-10.0813
-14.1266	-13.7931
-14.1092	-12.082
-11.2982	-14.1638
-10.388	-11.2034
-10.9568	-12.4023
-14.3953	-12.3348
-12.8736	-14.5502
-12.2634	-13.7891
-11.252	-13.5465
-12.6253	-12.0669
-12.679	-14.2429
-13.5142	-11.4828
-13.893	-10.4599
-11.7875	-12.5554
-11.6688	-10.5056
-13.8056	-14.3408
-14.1937	-11.5685
-14.7446	-12.2736
-11.2306	-11.2357
-12.716	-13.231
-11.6993	-12.9433
-13.701	-14.7445
-11.3924	-11.2629
-13.8396	-13.327
-12.144	-13.3859
-12.7447	-12.1832
-11.1745	-12.4169
-13.4428	-11.349
-14.6343	-12.6682
-13.9067	-11.6772
-11.798	-10.9272
-11.7828	-11.9754
-13.4889	-13.6818
-14.4419	-14.0642
-11.6226	-12.6104
-12.9707	-13.3354
-11.7869	-13.8996
-12.7499	-14.6614
-13.2368	-12.9913
-13.7376	-12.265
-12.617	-13.5125
-11.1603	-11.6446
-14.1656	-13.5255
-12.9823	-12.869
-11.7623	-13.1153
-13.8706	-13.8652
-14.6168	-13.1302
-13.709	-13.7669
-13.474	-12.4481
-13.3462	-12.3105
-11.494	-11.5842
-14.14	-13.4184
-14.3586	-12.9352
-12.3958	-12.6203
-13.0079	-13.4153
-13.6436	-14.5117
-12.5529	-14.4634
-11.7724	-13.2127
-13.1872	-12.736
-14.8023	-13.4898
-12.259	-13.8777
-13.012	-13.9067
-12.7079	-14.272
-11.7395	-14.5793
-12.8271	-11.4056
-12.5113	-10.8062
-12.0226	-14.2121
-14.3225	-14.7003
-13.5063	-14.3101
-11.9735	-14.4354
-13.0318	-11.8565
-13.256	-12.9108
-14.0213	-13.0781
-12.2168	-12.4225
-13.1986	-13.5055
-13.2759	-13.912
-14.8639	-14.4816
-11.7598	-14.1265
-12.2356	-12.3633
-12.6989	-11.5434
-12.5613	-13.0899
-11.3136	-14.6289
-13.2811	-12.3999
-14.2445	-13.3582
-14.0748	-13.1943
-13.6124	-11.6666
-9.43432	-10.0744
-14.4776	1.17129
-13.6231	-11.5942
-13.0633	-14.2397
-14.0135	-11.6199
-14.7385	-12.9273
-12.3082	-12.4447
-12.0655	-13.2599
-14.3022	-13.3712
-12.0557	-14.6302
-11.7466	-13.3842
-13.2519	-14.1554
-14.3786	-11.3409
-14.0017	-12.9314
-13.0244	-12.479
-14.7822	-12.7377
-12.5628	-12.928
-13.1991	-14.1401
-13.9416	-13.5938
-14.83	-11.1571
-14.249	-12.6949
-12.5407	-13.5685
-12.7332	-13.7063
-13.2253	-14.254
-8.8922	-12.1686
-13.7144	-13.9647
-12.5842	-14.8445
-14.7243	-12.8784
-13.8449	-14.1487
-11.7844	-11.0615
-12.3306	-13.9282
-12.2977	-11.5103
-12.5097	-9.65884
-13.6719	-13.0113
-13.6327	-10.812
-13.5373	-13.8418
-12.4108	-12.71
-13.7914	-14.5401
-12.5535	-12.4612
-14.313	-12.5501
-14.4475	-12.571
-12.975	-14.8197
-11.0899	-13.356
-12.5665	-12.5558
-12.2006	-11.5236
-14.9599	-12.7068
-11.995	-10.6401
-14.7574	-13.1456
-11.7877	-12.0946
-13.5263	-13.2341
-12.2294	-12.4844
-11.5864	-12.7946
-14.9292	-12.283
-14.0545	-13.7834
-12.462	-12.4026
-14.5179	-12.8285
-14.0862	-13.3919
-11.2418	-12.7859
-14.965	-14.468
-13.982	-12.0693
-12.5785	-13.899
-12.9777	-11.4619
-14.5069	-12.8642
-11.6823	-14.0401
-13.9244	-12.8116
-13.2271	-13.3359
-14.2301	-13.9792
-13.0767	-11.5387
-14.0289	-3.46804
-13.8556	-12.4379
-13.5369	-13.2572
-14.3949	-12.8528
-14.6927	-14.8065
-14.3455	-12.1648
-13.5103	-13.3238
-13.0701	-10.882
-13.5117	-9.59592
-13.0059	-13.2071
-12.8302	-13.2281
-13.2597	-14.2417
-11.6913	-13.7267
-14.0538	-12.9793
-14.3389	-13.1171
-12.8577	-13.8199
-13.1546	-12.5675
-13.4701	-14.8155
-14.027	-14.2912
-12.6907	-14.0864
-13.1368	-12.5528
-14.7128	-13.1702
-13.0442	-13.8245
-12.5386	-13.4928
-12.38	-14.087
-12.5486	-13.6324
-13.077	-12.2597
-14.6334	-12.5755
-13.2968	-11.6237
-14.4694	-13.4197
-11.8958	-12.0652
-13.6848	-12.0043
-12.4031	-12.1095
-13.7838	-14.9715
-11.5868	-11.9794
-12.5074	-12.3203
-12.3286	-13.5947
-13.2686	-12.9131
-13.505	-14.2162
-14.1163	-12.75
-14.179	-13.1708
-13.2748	-11.2502
-13.0337	-12.5054
-14.1893	-13.1635
-13.142	-13.2916
-13.2164	-13.2016
-14.2679	-12.3482
-13.9775	-12.3174
-14.3694	-14.2027
-12.6994	-14.6013
-14.8272	-12.6194
-12.2391	-12.5664
-13.3349	-12.5069
-13.0899	-12.7763
-13.4427	-12.5816
-13.9657	-11.9928
-13.7302	-13.4453
-14.4258	-11.3949
-12.2321	-13.1169
-13.2888	-13.5872
-12.6423	-12.9811
-12.534	-13.3309
-13.435	-11.9683
-14.2866	-14.0417
-14.1766	-13.8784
-13.1021	-14.5917
-13.5299	-13.5123
-14.6057	-13.447
-12.8957	-13.5372
-12.6007	-14.5893
-14.6182	-14.2626
-12.302	-12.2606
-11.9155	-11.4269
-14.2516	-14.1477
-11.4591	-13.0837
-13.4694	-12.7696
-12.3628	-14.3756
-14.4156	-10.5865
-14.5152	-12.2353
-14.1585	-13.0868
-13.1706	-13.6512
-11.4935	-14.9745
-11.8501	-13.7146
-13.5846	-13.3108
-14.0842	-14.0476
-13.5501	-12.8354
-13.2987	-11.9126
-11.5747	-13.0028
-13.373	-14.4241
-13.6391	-12.4751
-12.9344	-12.2373
-12.9895	-13.7007
-13.3004	-13.5629
-12.489	-13.6663
-14.028	-12.5728
-12.7318	-11.8875
-13.93	-13.7381
-13.3811	-11.0238
-13.409	-13.3668
-12.9315	-11.9134
-13.3962	-12.2221
-12.5641	-12.2548
-13.2952	-12.5515
-11.9496	-14.2506
-13.7862	-11.8027
-11.763	-13.7702
-11.3392	-11.6301
-10.5795	-12.586
-13.5175	-14.0241
-11.7709	-14.7064
-12.5434	-13.9064
-13.4822	-11.9834
-14.5321	-13.0917
-11.2801	-13.6999
-12.5368	-11.0198
-14.2453	-11.1151
-14.9502	-13.0788
-10.8825	-12.7477
-14.2656	-12.8131
-12.119	-12.8228
-11.2329	-12.5751
-13.3977	-12.0002
-12.6854	-12.9596
-13.905	-14.7627
-14.66	-13.1366
-13.0382	-12.548
-12.3247	-14.9283
-12.093	-14.0387
-13.7606	-13.6146
-11.5954	-14.3107
-13.4208	-12.1914
-14.0684	-13.0235
-12.2048	-12.7732
-13.006	-12.8099
-14.2063	-14.3553
-12.8747	-13.9106
-12.4097	-12.2182
-12.0892	-9.94677
-11.3412	-12.9867
-13.2764	-12.4982
-14.3122	-13.5269
-14.2259	-14.929
-12.9156	-12.084
-12.6511	-12.6307
-12.5287	-12.5538
-12.3453	-11.4895
-12.6139	-12.2548
-13.1114	-11.9254
-14.7637	-11.1957
-14.9252	-13.4595
-13.8925	-13.3809
-14.0555	-13.3486
-13.9046	-13.0944
-12.3384	-12.1796
-14.3626	-12.993
-13.8767	-14.6807
-13.5179	-13.0172
-12.0824	-13.8678
-12.0228	-13.1823
-13.8105	-13.0657
-12.3792	-14.7339
-12.1418	-11.2318
-12.9278	-12.5354
-12.5227	-13.5211
-13.7033	-13.3844
-14.6096	-12.5875
-13.4413	-12.0727
-12.3814	-10.9251
-11.9056	-12.5332
-12.9804	-12.1014
-13.6289	-11.0733
-14.8955	-13.3777
-13.5801	-14.7252
-12.9886	-14.2834
-12.0737	-13.709
-12.8829	-13.4784
-14.1401	-13.1138
-13.7067	-12.698
-12.0845	-14.3029
-13.6961	-13.8469
-10.9694	-12.1944
-14.6937	-11.7465
-14.187	-13.8252
-13.6451	-11.6027
-12.8212	-12.0643
-12.074	-14.0109
-12.0015	-12.5103
-12.7871	-12.1686
-13.4215	-13.638
-11.7307	-12.3242
-12.4068	-14.3862
-11.4752	-12.9562
-12.1158	-13.877
-14.1903	-12.3926
11.2953	-1.21101
-12.7997	-14.2803
-13.7994	-14.5051
-11.3631	-12.2726
-13.9192	-14.0391
-14.1583	-14.984
-12.7941	-11.2754
-12.0223	-13.1997
-11.8751	-14.3184
-14.9079	-11.3451
-12.6948	-11.6995
-13.9894	-14.4498
-13.0176	-13.4716
-13.9877	-13.3532
-14.0121	-11.9617
-12.425	-9.68548
-12.7742	-14.2389
-14.7056	-13.5047
-11.7723	-11.3941
-13.689	-11.7301
-12.1955	-14.3733
-13.8118	-12.2001
-11.8376	-12.7946
-12.5314	-12.7544
-12.074	-12.7977
-10.6317	-12.2731
-12.669	-13.0584
-13.7807	-12.0508
-14.5794	-12.4241
-12.755	-14.1317
-14.0955	-12.3326
-12.2111	-14.4984
-14.3445	-13.9294
-11.6034	-12.3681
-14.8138	-12.7627
-12.6024	-11.5146
-14.8787	-14.1041
-12.9399	-14.401
-11.201	-14.9009
-11.5356	-12.3204
-12.3831	-13.8801
-12.3842	-12.3936
-12.5765	-13.6623
-13.8549	-12.3295
-12.9637	-11.9517
-13.5764	-10.9944
-13.422	-14.0606
-12.2601	-12.3382
-11.9982	-12.5975
-12.7233	-13.1379
-10.3715	-14.6335
-11.8966	-12.5834
-14.6443	-12.587
-13.3808	-14.0375
-12.4859	-13.3004
-12.8678	-12.2372
-11.6835	-13.6645
-13.5334	-12.4463
-12.3958	-14.1092
-14.5091	-13.4078
-11.8236	-12.8677
-13.3654	-13.6275
-12.5162	-14.3359
-13.5994	-13.4827
-13.0552	-12.1864
-13.8178	-14.277
-12.7241	-11.8977
-13.9767	-12.2275
-11.8022	-11.1256
-11.1635	-11.7802
-12.6726	-13.4713
-13.5305	-12.8166
-10.4284	-13.3164
-14.6622	-13.2987
-12.8405	-14.0109
-12.4664	-12.8784
-12.8606	-11.141
-14.1431	-12.8816
-14.3858	-13.72
-13.8066	-13.3478
-12.0605	-13.999
-12.3005	-11.1761
-12.9869	-11.1839
-12.8067	-13.5822
-12.4532	-11.179
-14.0214	-11.7294
-11.3114	-10.8747
-12.1231	-9.55819
-12.3737	-14.464
-13.0523	-12.5077
-13.9444	-12.9786
-12.6451	-14.0956
-14.9939	-14.4529
-12.4004	-12.2535
-12.966	-13.9892
-13.9445	-12.483
-12.7646	-14.1202
-11.1029	-12.6647
-13.0354	-12.075
-13.8101	-12.7545
-12.1549	-13.9425
-14.214	-14.4976
-12.1742	-13.1981
-12.987	-13.3685
-13.003	-12.3834
-14.8297	-13.2813
-14.3273	-14.5135
-13.9258	-14.0244
-12.5829	-14.0526
-13.8435	-12.4833
-14.0454	-13.6213
-11.3013	-13.9802
-12.657	-11.8242
-13.5677	-13.2396
-14.3813	-13.705
-13.3712	-13.5191
-12.149	-14.112
-14.8722	-14.2635
-12.7844	-14.2157
-13.6222	-13.6985
-12.0478	-12.7744
-14.996	-12.382
-12.5801	-14.3439
-13.132	-12.1425
-13.8238	-10.7095
-13.727	-13.4786
-12.7803	-12.5629
-12.9702	-14.464
-11.5783	-10.9587
-11.5531	-12.4726
-13.7028	-13.1464
-13.2186	-13.6348
-13.39	-12.8011
-10.2578	-14.3295
-13.4578	-12.2131
-11.6266	-13.0776
-14.9687	-13.1434
-13.1014	-13.0202
-14.5429	-12.7981
-14.6281	-14.0805
-14.6105	-13.3647
-12.9809	-14.5115
-12.4112	-12.3871
-13.4925	-13.378
-10.7119	-11.2907
-13.7002	-12.1946
-13.7079	-13.0288
-13.6556	-14.1515
-12.8518	-12.7604
-12.229	-12.6221
-14.1138	-11.4347
-11.0604	-13.2321
-11.9482	-14.3188
-12.5772	-13.14
-12.3154	-14.797
-13.85	-12.4771
-12.1567	-14.3163
-12.1194	-14.4225
-12.3337	-14.752
-11.9997	-14.5541
-12.1165	-13.0787
-14.9714	-13.0659
-13.7658	-12.4643
-12.2249	-11.9306
-10.9287	-10.0707
-10.3101	-14.0888
-11.4427	-14.7194
-12.225	-13.9332
-13.4179	-10.9737
-13.1513	-12.3698
-14.4724	-14.5107
-12.5701	-12.9265
-14.3725	-13.9119
-14.0398	-12.732
-14.098	-12.9596
-11.5705	-8.82266
-13.3826	-13.8424
-14.718	-13.0354
-13.1335	-12.418
-14.1955	-13.6062
-14.5207	-12.5812
-11.5456	-12.7881
-12.2513	-12.5692
-13.151	-12.1825
-12.4313	-14.7191
-13.3782	-13.225
-13.3348	-13.5991
-12.9773	-13.9145
-12.2059	-13.7131
-12.471	-11.794
-14.3124	-13.4006
-13.8274	-12.2187
-14.0884	-12.1528
-13.35	-12.8039
-12.09	-13.3947
-13.2022	-14.9192
-12.29	-14.3502
-14.7062	-14.3671
-13.6123	-11.2839
-12.0659	-12.5231
-12.7825	-11.7782
-13.327	-12.4052
-13.0355	-14.62
-12.3918	-13.9563
-12.5821	-13.4954
-14.4768	-14.8142
-12.8432	-12.0866
-14.624	-13.5192
-12.0478	-14.0293
-10.4897	-13.7161
-12.6545	-12.7891
-14.7722	-10.2954
-12.6432	-14.0585
-12.7157	-11.8083
-12.7056	-14.3705
-12.5509	-14.1933
-13.5001	-11.2469
-14.118	-12.8981
-13.6795	-13.4883
-10.3077	-14.0426
-12.6445	-12.2662
-13.7728	-10.7164
-11.382	-12.2211
-13.407	-13.1695
-13.5995	-12.1803
-11.7634	-12.9747
-12.8832	-13.6894
-11.6642	-10.8969
-13.1835	-13.5102
-13.8696	-12.6909
-11.5758	-14.2084
-13.1562	-13.9435
-11.98	-14.147
-13.4321	-6.28911
-13.2064	-12.3065
-12.6012	-12.5595
-12.7892	-13.003
-14.6394	-13.194
-13.4667	-14.6119
-13.4115	-13.5537
-12.5658	-13.4168
-14.872	-13.9908
-13.4621	-13.0841
-12.5061	-14.463
-12.5604	-12.0675
-12.7779	-14.291
-12.7583	-12.3661
-11.8797	-12.7104
-12.27	-12.19
-11.2539	-13.8994
-14.2106	-12.5327
-12.7855	-13.4165
-12.5002	-11.639
-14.4811	-12.5167
-14.1804	-14.4645
-11.6628	-14.7008
-13.7287	-11.12
-13.4369	-12.5145
-13.0145	-12.398
-14.7354	-12.6948
-12.2138	-12.5635
-14.6362	-11.6002
-12.4407	-13.884
-14.4178	-14.2809
-12.8085	-11.6613
-14.5361	-11.692
-12.6114	-13.9321
-13.9142	-14.8137
-12.716	-14.4212
-14.7406	-12.0797
-12.6648	-12.3041
-14.5065	-12.9167
-12.0702	-11.4889
-12.8963	-14.3134
-13.0687	-14.234
-11.9438	-13.8533
-12.8898	-14.2725
-11.2373	-12.8786
-11.6836	-13.3398
-13.7768	-12.251
-11.8785	-12.7548
-13.1496	-13.5566
-13.2003	-13.3846
-12.6801	-11.6614
-12.3683	-12.7313
-13.8154	-13.6395
-11.9392	-11.0245
-14.9854	-11.9896
-13.9685	-13.9091
-13.9269	-13.3018
-12.391	-14.1417
-13.4628	-12.2527
-10.7069	-14.5289
-13.5726	-14.5724
-12.7808	-12.3936
-13.6225	-14.0367
-12.7276	-11.3471
-12.6891	-13.0432
-12.4083	-13.3971
-13.9109	-12.7811
-11.4503	-14.0717
-12.4993	-14.1608
-11.0762	-12.7028
-13.0373	-14.4918
-13.469	-12.8096
-11.9425	-14.8442
-13.7421	-12.2229
-14.5351	-14.2479
-11.9358	-14.5725
-14.8411	-12.7896
-12.4057	-11.6421
-12.7371	-13.0581
-11.07	-14.2993
-11.5459	-14.746
-12.3001	-14.8437
-14.6311	-14.8016
-12.2793	-13.799
-14.6595	-13.4094
-12.8955	-11.9275
-12.4975	-12.8648
-14.8799	-12.5814
-13.1946	-12.7716
-13.3857	-14.264
-12.8234	-14.1521
-12.804	-13.7809
-13.677	-12.5247
-14.158	-12.4721
-11.6183	-12.9288
-11.8679	-12.9818
-13.8802	-11.6013
-11.7655	-14.1115
-12.5297	-14.5779
-12.9583	-14.6736
-13.3433	-14.1945
-13.6022	-12.6983
-12.765	-13.7037
-12.1673	-13.9383
-12.5408	-14.4812
-13.1517	-14.0888
-12.6654	-14.2269
-13.8773	-12.0674
-13.3231	-11.6863
-13.1736	-14.0475
-12.0491	-11.4696
-12.4913	-13.512
-12.9677	-12.8807
-12.2173	-14.562
-14.6826	-14.0749
-13.0651	-12.184
-12.3816	-11.8037
-13.195	-13.5276
-13.0597	-14.0946
-13.9872	-14.9996
-13.7095	-13.6523
-12.2594	-13.9123
-12.9801	-12.4069
-11.811	-12.1213
-13.319	-13.5872
-12.4625	-14.3152
-12.1496	-13.0883
-10.1767	-13.6156
-12.8918	-12.0288
-11.424	-13.4568
-12.6805	-12.737
-14.0132	-11.7314
-14.3289	-14.7033
-14.6657	-12.2317
-13.4471	-12.1709
-10.551	-13.7766
-12.7196	-11.9648
-11.2158	-13.1267
-13.4351	-11.4114
-14.2474	-14.1648
-12.7526	-13.2602
-13.43	-13.6219
-13.2204	-12.7014
-11.4244	-12.2456
-12.5588	-14.5908
-11.3973	-11.8313
-13.2038	-12.1213
-12.4101	-12.3356
-14.2478	-11.0642
-14.0822	-13.2555
-12.4185	-12.7671
-13.4477	-13.2963
-11.787	-13.5056
-11.2373	-11.503
-14.0092	-12.4989
-13.1933	-13.6904
-12.3032	-11.9974
-10.3637	-11.9395
-14.0676	-10.2131
-12.3515	-12.0795
-12.4192	-14.5927
-12.4088	-14.3014
-13.4764	-13.0358
-14.8658	-12.1963
-12.8305	-12.5561
-12.4205	-11.159
-13.1914	-12.4
-12.6637	-14.3988
-12.2488	-13.4526
-12.1116	-14.5438
-14.6532	-13.3482
-14.4279	-12.8203
-14.2496	-12.3264
-14.7268	-13.0014
-14.6853	-10.1319
-13.2626	-13.42
-14.8329	-13.5105
-11.2714	-14.2315
-12.2264	-14.4155
-13.0321	-13.0788
-14.3429	-14.3274
-12.9224	-11
-13.3427	-14.3177
-12.0219	-11.2659
-12.8705	-12.8976
-13.0498	-12.4982
-12.3751	-14.5253
-12.5843	-14.5372
-13.6148	-12.3653
-13.4032	-12.7747
-11.8638	-12.9496
-14.5747	-11.6299
-13.4047	-13.969
-12.2304	-13.88
-12.5217	-14.0003
-13.9464	-13.9335
-13.1581	-12.8566
-12.3978	-13.2643
-13.5298	-11.9878
-12.8349	-12.2072
-13.7117	-11.809
-10.6816	-13.5393
-14.6692	-13.3683
-12.8752	-12.1995
-12.6096	-13.682
-11.6254	-13.0472
-12.7303	-11.4512
-12.228	-14.4705
-12.1041	-12.3364
-14.8693	-13.9601
-13.7948	-12.9621
-12.3487	-13.8578
-13.4022	-14.3552
-14.7749	-13.9019
-11.9367	-12.3891
-14.0788	-12.5865
-14.0127	-13.1704
-13.8475	-12.1187
-13.1484	-13.3436
-14.4134	-12.4499
-12.4853	-13.1622
-12.8007	-13.6241
-12.9103	-14.5462
-13.2349	-13.731
-13.8828	-12.3594
-12.701	-13.6681
-12.2418	-12.5646
-14.2316	-11.9902
-12.317	-14.474
-12.8689	-13.727
-14.3634	-12.0952
-14.9331	-11.6608
-8.98666	-11.2305
-13.683	-13.9553
-13.3574	-14.0003
-12.6132	-12.5048
-14.183	-12.2366
-14.3856	-14.7368
-12.247	-13.5061
-12.8041	-12.127
-13.6466	-13.0276
-13.5125	-14.6762
-13.058	-13.9824
-12.6806	-13.2008
-12.0181	-13.7317
-12.5023	-12.5857
-14.9649	-11.4175
-12.2356	-14.6255
-11.6354	-14.7015
-13.1873	-13.5065
-10.8421	-11.5326
-11.8453	-10.4278
-11.9052	-12.6735
-13.8633	-14.4721
-14.2126	-12.2739
-13.5076	-12.5183
-12.3665	-12.063
-13.0308	-13.4863
-13.2864	-12.3162
-14.0039	-12.4874
-11.9063	-12.7116
-14.5481	-13.3831
-13.7384	-14.2004
-14.5832	-12.1372
-12.7789	-13.5602
-12.8812	-12.9202
-12.6482	-11.7226
-12.331	-13.5319
-11.4441	-12.6716
-12.4271	-12.3662
-14.7543	-13.3274
-12.3786	-14.5075
-9.84166	-14.9538
-14.1765	-11.6264
-12.2235	-14.7171
-12.5167	-13.7469
-13.9456	-14.0534
-14.2698	-12.3874
-12.4123	-11.1365
-13.4739	-12.9789
-14.0252	-13.8961
-12.6305	-14.8154
-13.4462	-13.9478
-13.2293	-12.1341
-11.8058	-12.7264
-13.7618	-14.9327
-14.8659	-14.8771
-12.777	-14.6064
-13.7167	-13.4091
-12.7076	-11.9688
-12.5525	-14.3725
-13.3015	-11.8702
-12.9043	-13.7298
-13.0403	-11.8377
-12.5491	-12.8157
-11.6741	-13.128
-13.4201	-14.0406
-12.8806	-12.3823
-13.6721	-12.2276
-11.7315	-11.1681
-11.4355	-14.527
-14.0138	-13.6532
-14.2288	-12.8587
-10.8126	-13.3402
-13.3452	-14.1678
-14.0971	-13.0268
-13.601	-12.8456
-13.0753	-12.4436
-11.4611	-14.9153
-14.033	-10.5406
-12.5113	-13.729
-14.6824	-13.398
-10.7524	-13.1092
-14.7679	-13.7297
-12.6503	-13.5004
-13.7071	-13.3269
-13.9561	-13.3694
-13.9554	-13.0283
-12.7214	-14.2706
-12.1079	-14.7611
-12.4456	-12.3228
-13.4044	-14.2564
-14.4633	-11.7094
-12.7726	-13.3111
-14.9215	-12.3818
-12.3995	-14.1724
-14.9488	-12.5295
-14.1333	-11.9385
-13.8028	-11.2319
-12.874	-14.594
-13.7806	-13.2001
-11.5411	-14.0236
-11.2833	-13.6934
-12.4483	-14.7754
-13.7313	-12.5361
-13.0631	-11.1897
-14.5379	-14.3451
-14.0534	-12.1723
-13.4519	-11.8612
-11.6018	-13.7786
-14.7804	-12.5133
-14.8829	-14.443
-13.4302	-14.42
-11.9204	-13.0594
-13.0658	-13.1479
-11.4744	-14.3984
-11.5236	-14.4249
-12.3044	-12.3257
-13.8475	-12.6334
-14.317	-11.3902
-12.5527	-12.3039
-11.9309	-12.9151
-13.7938	-13.2291
-13.7488	-11.2316
-13.8162	-13.8214
-14.1789	-13.6594
-12.2501	-13.1658
-11.4179	-13.7573
-14.54	-7.26737
-13.093	-14.0831
-11.9775	-13.8199
-14.9075	-13.4956
-12.6758	-14.4252
-13.244	-12.6277
-13.5917	-12.4202
-13.3669	-12.6094
-11.7465	-11.8641
-13.3065	-10.6591
-12.3125	-12.988
-12.081	-14.7983
-14.1646	-12.9507
-12.3927	-12.5259
-13.6961	-12.4444
-14.5354	-11.6511
-14.4604	-11.5887
-12.7692	-12.9675
-13.3582	-12.7825
-11.8302	-13.2693
-13.8347	-14.9159
-12.261	-12.6425
-11.4244	-12.1304
-14.0814	-12.1228
-10.9521	-12.4528
-12.8327	-12.5269
-13.3248	-12.7953
-14.713	-11.8221
-14.4963	-14.7967
-11.859	-13.4071
-13.4335	-13.7245
-12.5648	-12.0991
-13.5887	-11.5704
-13.7469	-13.356
-12.8832	-12.4918
-14.7856	-12.1315
-11.8195	-12.7068
-11.919	-13.3749
-14.0516	-13.1818
-12.522	-13.3177
-13.8966	-14.3905
-12.8785	-14.5245
-12.1318	-12.9928
-14.3326	-13.2814
-12.3407	-13.0831
-13.8407	-10.7467
-8.74428	-10.4262
-13.7186	-11.558
-12.4293	-11.029
-12.4357	-13.8934
-12.021	-14.3683
-12.0925	-13.3022
-13.1184	-12.9764
-11.7358	-11.5181
-13.9255	-12.6101
-11.9115	-13.4892
-14.4833	-14.5127
-13.2059	-11.7999
-14.6512	-12.2845
-12.4477	-13.1624
-13.4511	-13.4676
-12.6519	-11.0037
-12.4655	-12.0905
-12.2634	-11.5621
-10.5652	-11.1862
-13.5283	-12.738
-13.8778	-12.2334
-12.5823	-13.4761
-13.2491	-11.0602
-14.2726	-14.1373
-12.2486	-13.7719
-12.3328	-12.8467
-14.4663	-12.4742
-13.5211	-14.6973
-12.1453	-13.0388
-13.8117	-9.92888
-13.8833	-12.1184
-12.2371	-10.7779
-12.1703	-14.5186
-14.4152	-11.5018
-13.3235	-12.7055
-12.7853	-14.0376
-11.9623	-12.5532
-13.6881	-14.1352
-14.5429	-12.5527
-14.8605	-11.8773
-12.2788	-13.7352
-12.8091	-14.1321
-14.1842	-12.6655
-12.5617	-11.2203
-12.818	-14.2897
-13.2964	-9.4257
-13.6052	-14.2631
-13.8843	-14.627
-12.2665	-14.3394
-13.32	-11.7511
-12.8538	-12.0781
-13.4786	-12.5199
-12.2105	-13.7414
-13.8378	-13.3507
-9.39745	-11.9025
-12.6463	-11.6036
-13.4961	-14.3088
-11.696	-14.6966
-13.1115	-13.7018
-11.7129	-14.5654
-13.6846	-12.1472
-11.1249	-13.2195
-13.0878	-14.0992
-14.8657	-14.445
-12.8447	-13.3955
-11.2647	-13.3396
-13.3281	-13.7071
-13.9858	-11.4384
-14.3763	-13.1779
-11.8234	-14.1503
-14.0082	-11.1978
-12.4239	-14.0679
-13.7926	-12.5994
-12.3839	-11.8233
-13.2181	-13.3103
-13.0395	-11.8897
-14.497	-13.6561
-13.2869	-13.3822
-14.0365	-11.804
-12.4092	-14.9269
-13.6191	-12.4861
-14.6595	-13.9388
-13.5461	-11.8593
-12.5714	-13.6255
-14.0102	-12.6671
-12.2088	-14.0174
-12.3983	-12.6961
-13.9701	-13.9089
-13.8486	-12.7552
-11.2703	-13.4855
-12.7264	-12.6349
-12.6635	-12.0327
-14.1294	-13.9224
-12.6633	-12.6431
-13.4472	-14.5352
-13.0101	-14.8869
-12.1331	-12.3134
-13.0368	-12.5532
-13.1037	-11.5936
-12.5368	-14.0805
-12.6349	-13.9259
-11.6414	-12.727
-12.8636	-11.693
-10.6587	-9.31474
-13.4241	-14.3444
-12.8478	-11.5995
-13.1711	-13.3697
-12.5831	-11.9787
-12.4718	-13.9054
-12.4535	-13.8599
-14.8499	-13.6841
-12.1092	-13.8646
-12.4785	-14.1913
-12.1839	-14.7194
-12.5335	-13.0848
-11.951	-14.2216
-14.7752	-13.4254
-14.4096	-12.3423
-13.0835	-12.1506
-13.2531	-13.5443
-14.0955	-12.2076
-13.0787	-12.9874
-14.3591	-12.3456
-12.2704	-13.3323
-13.0418	-13.3931
-14.4387	-12.8952
-14.4681	-13.6148
-10.993	-14.2314
-12.0162	-11.8955
-13.3758	-14.802
-12.8409	-14.3379
-11.5348	-12.3094
-11.0503	-14.4278
-12.8052	-12.3988
-14.2959	-12.9489
-12.2632	-13.6323
-12.9037	-14.608
-12.1191	-13.4695
-13.4239	-13.9783
-14.6453	-13.4462
-11.5723	-11.8091
-12.1334	-12.6077
-8.76682	-13.416
-14.4363	-13.1724
-12.7175	-13.9168
-11.6824	-12.3762
-12.023	-14.7986
-12.9558	-13.2485
-14.2619	-13.2892
-13.8337	-14.0843
-13.0614	-14.1265
-12.5997	-13.1954
-11.2332	-13.9688
-13.6846	-13.6437
-13.596	-12.1962
-12.5797	-11.9191
-12.5984	-12.5279
-11.9709	-11.7006
-12.8022	-13.9
-12.3936	-13.743
-12.7762	-13.8514
-13.5934	-13.3555
-14.048	-12.8243
-13.2813	-12.9206
-12.8767	-12.3545
-13.1905	-11.8091
-12.1749	-14.7626
-14.8299	-12.2678
-12.224	-12.5961
-13.5777	-11.8285
-12.7134	-13.1762
-13.4755	-13.5287
-12.1652	-14.7706
-11.6759	-12.892
-11.037	-10.6579
-12.3585	-14.2312
-12.7623	-14.187
-12.3985	-12.8309
-11.2563	-12.6296
-11.5309	-11.1948
-12.0278	-12.9111
-13.6224	-13.3299
-12.2434	-11.9251
-12.5932	-13.3864
-12.4848	-10.2717
-11.9682	-11.7119
-13.3998	-11.1806
-11.5955	-12.6523
-14.2868	-12.9793
-4.26138	-14.856
-11.7001	-13.8445
-12.25	-12.5407
-13.886	-13.1341
-13.104	-8.25332
-11.2094	-11.4207
-13.3241	-13.8738
-13.8922	-12.3682
-12.6688	-11.0211
-12.9675	-14.3013
-14.3225	-14.747
-12.9557	-13.6647
-12.8825	-13.7031
-13.3917	-13.6663
-11.6523	-14.0886
-12.1539	-13.9109
-11.3531	-14.3104
-12.3273	-12.8074
-13.6642	-12.4292
-12.2778	-12.554
-12.9212	-14.562
-11.9087	-13.6983
-11.6503	-12.797
-12.0282	-12.226
-10.8595	-12.4616
-13.4958	-13.498
-11.6045	-12.2088
-13.2601	-12.8271
-11.4595	-12.2471
-14.0454	-14.0194
-13.9585	-12.9348
-12.0854	-12.796
-12.7484	-13.898
-13.3208	-12.9286
-13.049	-14.574
-11.6934	-13.6226
-12.9273	-12.5389
-13.0924	-13.782
-14.8616	-11.5123
-13.3761	-12.8787
-11.6161	-13.0265
-14.4177	-12.2258
-13.8097	-11.4122
-9.64925	-11.0526
-13.3538	-13.171
-13.6019	-14.077
-13.5436	-13.4593
-12.4333	-13.0453
-11.7959	-12.7333
-11.9581	-12.7958
-7.9375	-10.9081
-12.1135	-14.4532
-14.1239	-12.8956
-13.2709	-13.0151
-13.5819	-12.0128
-10.1267	-13.1939
-11.6998	-13.7363
-10.8642	-12.2868
-13.2943	-12.9912
-12.2967	-12.7148
-12.5273	-13.9354
-13.5073	-13.0246
-13.0951	-9.73052
-13.5629	-12.8039
-12.3718	-14.7495
-13.0675	-11.7397
-14.2108	-10.7375
-12.2876	-13.7737
-12.5092	-12.9261
-13.4935	-13.2922
-13.8544	-13.3806
-12.6217	-13.4902
-14.5646	-13.4494
-14.4391	-13.9299
-11.1027	-13.5733
-14.6495	-13.8161
-10.7112	-14.2573
-14.0821	-14.2958
-13.9282	-14.5052
-11.5341	-11.1785
-14.1537	-13.8775
-12.0965	-13.1656
-12.3394	-12.5719
-14.1001	-10.5244
-14.0151	-13.0613
-13.0036	-14.4509
-13.2246	-13.6448
-12.0254	-14.1006
-12.4117	-12.7909
-14.3764	-11.5597
-14.4962	-13.5758
-11.3658	-14.2744
-14.3443	-13.7089
-13.3328	-13.2838
-13.1894	-12.6871
-13.1649	-12.2274
-12.8052	-13.9549
-14.5885	-13.8416
-12.7844	-12.3848
-13.0434	-10.7352
-9.46664	-13.9911
-13.6463	-12.4646
-14.4853	-11.2766
-14.4248	-12.8655
-10.9831	-14.0165
-14.3251	-12.8449
-11.7065	-13.6018
-11.3514	-14.6276
-12.1988	-12.3374
-13.511	-12.1473
-13.9665	-14.1502
-14.829	-13.6531
-12.6493	-13.2902
-10.7749	-14.9329
-11.8543	-12.2434
-11.0004	-13.0361
-14.1449	-12.4055
-12.7359	-13.856
-13.7235	-11.8605
-13.7093	-12.2506
-12.3495	-13.2001
-11.5045	-10.8652
-13.2044	-12.4719
-12.6123	-14.8926
-13.0684	-11.3542
-13.4924	-13.6613
-11.7073	-13.6241
-11.9556	-12.3003
-13.4125	-12.8277
-13.9858	-13.6287
-12.8064	-14.4281
-12.8495	-13.9426
-12.5749	-12.9691
-13.0775	-13.2904
-13.4831	-14.3446
-14.0577	-11.8714
-14.3886	-14.589
-12.6198	-13.6774
-13.9727	-12.5582
-12.1783	-13.1944
-14.0099	-13.886
-11.5386	-12.2246
-13.8363	-12.1196
-14.557	-14.89
-10.4389	-12.4656
-12.922	-12.739
-14.5174	-13.5356
-14.9665	-14.6351
-12.1186	-13.8121
-14.1326	-13.6485
-12.5838	-13.5314
-12.6736	-13.819
-10.7715	-12.9776
-14.5753	-13.6175
-13.8381	-14.8916
-13.2746	-14.5433
-12.1999	-14.2776
-12.8373	-13.832
-13.06	-14.2099
-12.328	-12.7543
-11.1599	-11.2231
-13.2515	-12.5895
-13.9643	-13.0411
-12.626	-12.9669
-13.623	-12.7078
-13.4104	-12.3413
-13.475	-13.63
-14.9144	-12.0825
-11.9488	-14.593
-12.6734	-13.1557
-14.7743	-10.676
-12.8808	-13.5932
-14.8507	-12.1177
-12.9032	-12.4371
-12.7854	-12.3626
-12.8511	-14.0969
-14.9636	-14.268
-12.0704	-12.4028
-10.1453	-13.221
-14.0662	-13.9065
-12.537	-13.3587
-13.3727	-14.5135
-13.3751	-13.3389
-12.4868	-12.9953
-12.2883	-13.3635
-14.0116	-13.07
-13.724	-12.2279
-8.19858	-8.76037
-14.4172	-12.5828
-14.1831	-12.9413
-13.8144	-13.4947
-11.9356	-12.9214
-11.9577	-13.352
-12.328	-13.6286
-12.4791	-13.886
-13.9145	-14.3195
-13.2451	-14.5075
-13.5475	-11.5463
-14.3111	-13.2416
-11.9532	-13.3461
-13.1264	-12.7479
-14.4994	-13.2577
-9.42375	-13.2484
-11.3469	-11.4984
-12.4004	-13.4283
-14.4612	-11.6351
-12.6552	-11.6763
-14.147	-10.598
-14.2706	-11.9405
-10.5071	-13.2623
-14.9983	-12.3688
-13.4603	-13.4823
-13.7668	-12.791
-11.5502	-12.3698
-14.5614	-14.0119
-13.7888	-12.476
-11.3897	-14.7932
-13.8444	-12.7751
-13.3767	-14.9956
-12.4018	-12.5237
-13.7234	-12.3512
-11.7878	-13.3021
-14.3007	-13.2327
-11.0907	-13.2002
-12.891	-12.2021
-14.7347	-12.1551
-14.1821	-12.0953
-13.2645	-12.6677
-13.7837	-13.8555
-13.6603	-13.6535
-12.6655	-13.3844
-13.4582	-13.76
-12.3448	-13.6953
-11.2391	-13.4234
-13.8624	-12.7693
-11.9326	-13.2443
-12.4803	-12.3001
-14.3175	-14.476
-13.0432	-13.6961
-11.8001	-14.5963
-13.8771	-14.5999
-14.9115	-13.3794
-12.7682	-14.1148
-14.8076	-11.907
-12.8579	-14.2573
-14.2863	-12.6895
-11.2165	-12.5298
-12.5209	-13.3294
-10.2587	-12.4685
-14.2748	-12.1742
-14.493	-10.8733
-13.0701	-14.1916
-13.8237	-14.9854
-13.6778	-13.7625
-12.0573	-13.7397
-12.7208	-13.7632
-11.4165	-12.4625
-12.7492	-13.7074
-14.283	-14.6793
-14.7204	-13.1076
-13.9853	-13.598
-12.1191	-12.0781
-12.7685	-12.6289
-12.5288	-14.3448
-12.2846	-11.9313
-11.4096	-13.7214
-13.3632	-14.1466
-12.2635	-13.5554
-14.1553	-12.4095
-12.3605	-12.5665
-12.1786	-12.0572
-14.4669	-13.2728
-14.7318	-12.0967
-13.8594	-14.1623
-12.8873	-13.7263
-14.6211	-13.7829
-13.7597	-13.0202
-11.6598	-14.1271
-13.1147	-11.5584
-12.1748	-11.5581
-12.533	-12.8081
-10.2294	-6.91188
-11.2092	-13.5802
-12.6699	-11.8191
-13.1384	-13.413
-11.5679	-12.9537
-14.022	-12.9839
-12.0784	-12.7014
-12.9623	-11.3028
-13.2875	-12.4267
-12.7696	-13.5269
-12.4766	-13.8141
-12.6494	-11.9852
-10.6486	-13.2611
-12.6709	-13.3393
-11.5889	-11.5075
-12.5488	-11.0161
-13.7689	-13.4918
-13.7567	-11.3143
-11.6808	-14.8788
-13.6594	-12.3349
-14.6694	-12.0084
-12.9517	-13.8692
-13.9274	-12.5688
-12.8919	-13.7893
-11.5936	-14.7481
-13.3974	-12.9974
-13.328	-11.7659
-11.2769	-11.9816
-13.5955	-10.7311
-13.2237	-13.2587
-13.7667	-13.0419
-11.1403	-12.9866
-13.9264	-13.5503
-13.5897	-13.6787
-14.442	-14.2255
-11.645	-12.9474
-12.4832	-12.9151
-12.2803	-12.2255
-12.8547	-12.7291
-12.2826	-13.2385
-13.4962	-13.7336
-13.5982	-11.8145
-10.7562	-11.7831
-13.7279	-11.813
-13.4822	-12.8456
-12.4809	-13.76
-13.2848	-14.8169
-14.7875	-14.6604
-12.4108	-11.7322
-12.5684	-12.9334
-14.0229	-12.1351
-14.1614	-14.5574
-13.2575	-12.5078
-13.4105	-12.8966
-10.7954	-12.6092
-12.0428	-13.8559
-13.7891	-12.0635
-12.4549	-14.7106
-14.9031	-11.3
-11.7778	-14.6954
-12.4231	-14.2074
-12.5438	-14.1695
-13.2699	-11.1596
-12.8679	-10.9872
-13.198	-13.5543
-13.4309	-14.1779
-14.0913	-14.9644
-12.3781	-12.019
-13.705	-13.1304
-13.6075	-12.4923
-12.8812	-12.1232
-12.2418	-13.6333
-13.3699	-13.4143
-11.4785	-12.8328
-14.5732	-12.4623
-12.5794	-14.3777
-12.0243	-12.5059
-13.325	-12.5185
-14.6015	-14.0122
-12.137	-13.9815
-13.1533	-13.3993
-11.2732	-12.572
-11.9241	-13.1063
-12.5444	-13.7007
-14.8243	-13.6838
-10.3487	-13.0772
-12.0195	-11.1522
-14.3941	-12.6362
-11.6438	-13.8455
-12.5053	-12.1264
-14.0548	-14.8157
-12.2491	-14.0211
-13.4826	-11.9331
-14.8758	-11.0891
-12.6555	-14.7988
-13.953	-14.7695
-12.6572	-12.9271
-12.3872	-12.7334
-13.6394	-12.8203
-14.9718	-13.0992
-12.4267	-14.5278
-12.4335	-13.3946
-12.3581	-12.5777
-13.2218	-13.4866
-12.5133	-14.4677
-13.0545	-14.2278
-12.8935	-12.9976
-10.9682	-11.2358
-11.3443	-14.2425
-12.2015	-12.1605
-14.9029	-14.3299
-13.7637	-13.6103
-13.3988	-13.0871
-12.7721	-12.0189
-13.4614	-14.3693
-14.4231	-14.395
-9.5948	-13.3583
-14.0136	-12.4221
-12.9193	-12.5395
-12.5923	-14.5184
-11.3441	-13.9483
-13.1582	-13.0549
-13.4486	-11.9109
-12.4807	-14.3891
-11.6621	-13.0022
-13.1521	-11.9902
-11.8156	-12.6177
-12.6139	-14.2239
-13.2854	-14.5228
-12.3812	-13.9431
-12.6772	-12.2589
-14.5479	-13.8773
-14.576	-14.5717
-12.1047	-13.2216
-11.8518	-13.7562
-12.4465	-12.7613
-10.4174	-13.8985
-13.2951	-13.3475
-13.6205	-14.1567
-13.977	-12.3151
-11.305	-13.604
-13.6987	-12.0689
-13.2649	-14.4195
-11.8214	-13.1277
-14.7184	-14.4149
-14.083	-11.8744
-14.1903	-13.4391
-14.154	-13.6652
-13.1216	-11.8046
-12.6363	-11.9181
-11.6852	-13.8755
-12.3393	-12.8911
-12.3287	-11.9466
-12.9955	-12.5056
-12.1203	-13.1447
-12.7301	-12.2419
-13.0346	-13.306
-11.8375	-14.1784
-12.1565	-13.1071
-12.5018	-13.5877
-12.5553	-13.6726
-13.3325	-14.2079
-13.2205	-13.5175
-12.5567	-14.0459
-13.841	-13.5251
-14.9911	-10.5969
-11.488	-13.127
-13.9982	-14.3103
-11.0347	-8.09246
-13.6458	-14.6389
-11.2389	-12.8819
-13.035	-13.8605
-14.234	-12.9106
-11.6799	-13.2914
-13.2487	-12.3171
-13.5053	-13.8105
-12.5336	-12.8605
-12.6125	-12.9515
-12.4948	-12.8099
-12.7649	-14.8808
-12.6835	-14.6049
-12.4562	-14.1926
-12.6262	-12.3353
-12.7806	-13.2066
-14.6167	-12.6824
-13.3219	-13.4932
-12.2905	-13.6528
-12.1183	-12.2933
-13.6394	-14.3967
-13.3183	-12.5722
-10.4433	-13.5222
-12.6219	-10.7135
-14.9792	-12.1337
-14.4416	-13.6389
-14.3535	-13.3821
-12.1715	-12.3929
-13.4513	-13.8782
-13.7786	-12.7776
-10.8686	-13.4654
-12.8545	-11.1127
-13.2352	-12.1621
-11.1301	-13.1502
-14.2037	-10.5998
-11.5948	-13.6369
-13.9171	-13.9539
-10.6778	-12.7517
-14.3585	-11.2146
-14.5382	-12.5865
-14.5633	-13.1244
-11.7435	-12.1
-14.8416	-12.6006
-12.6791	-11.665
-12.8193	-14.5397
-11.1636	-13.05
-14.0349	-13.4745
-11.6827	-13.0956
-13.9497	-14.4546
-14.2694	-11.9649
-14.7049	-11.9653
-13.1161	-11.3258
-13.9636	-13.2213
-14.0126	-13.1254
-13.5409	-10.7191
-14.1888	-13.2694
-12.9718	-12.993
-13.6152	-13.272
-13.9416	-13.2167
-14.7817	-13.7059
-13.4624	-12.3952
-12.7474	-11.3125
-12.0266	-13.2657
-14.1239	-13.5805
-14.5649	-13.6078
-13.0957	-12.511
-13.9725	-14.8597
-12.5964	-12.4263
-10.7723	-12.2201
-12.0585	-12.262
-13.6163	-13.0868
-12.8219	-12.6769
-13.5205	-12.0886
-14.5015	-12.2564
-7.66933	-6.87671
-12.5527	-13.6166
-13.6436	-13.1259
-14.1237	-12.5534
-13.4499	-12.7817
-12.4129	-11.9354
-14.0388	-11.0844
-13.8614	-11.1604
-13.3246	-13.8321
-12.3062	-11.4121
-12.0932	-14.2532
-12.4886	-13.2495
-12.9816	-12.27
-11.7338	-10.9723
-11.6913	-12.6811
-13.3827	-12.2781
-13.1124	-14.7708
-13.1155	-11.7227
-12.8954	-11.0463
-13.2095	-12.3082
-13.6037	-11.9592
-12.841	-12.4075
-11.2545	-13.2016
-14.3895	-12.2491
-13.6797	-12.0673
-14.4104	-14.2464
-13.6206	-12.8315
-12.7452	-12.4356
-11.9271	-12.236
-11.9069	-13.8311
-13.1532	-13.0066
-13.6839	-13.5988
-13.6965	-12.831
-13.7232	-11.4154
-12.1538	-12.8591
-13.8806	-13.0495
-13.9184	-14.1266
-13.0053	-12.9534
-12.8205	-12.7439
-12.912	-11.4669
-12.1256	-13.233
-14.126	-14.3007
-13.8946	-11.9971
-12.7083	-14.7971
-13.2714	-13.9329
-13.5204	-11.0619
-12.2593	-12.9527
-10.806	-12.8485
-9.60485	-14.0644
-13.6307	-13.6243
-12.3672	-11.8617
-12.1032	-14.9382
-11.043	-12.5211
-14.4554	-14.5436
-12.2214	-12.877
-12.8196	-13.4675
-13.8177	-11.8623
-14.9004	-13.4234
-12.3407	-12.3767
-12.0606	-12.0051
-12.9609	-12.0403
-14.2831	-14.6054
-14.6083	-13.7182
-11.7975	-14.4302
-13.8287	-11.8214
-14.9917	-13.1719
-13.7552	-13.9039
-12.8142	-13.002
-11.9529	-14.2488
-13.897	-12.0808
-10.8646	-13.2166
-10.4752	-13.5278
-12.7903	-14.9505
-12.585	-12.6812
-12.9418	-13.825
-12.2322	-13.9946
-14.1918	-13.881
-11.4918	-13.8525
-14.5614	-12.9806
-14.0152	-13.7684
-14.928	-10.7616
-12.0134	-14.6602
-12.5969	-14.886
-12.3694	-12.7956
-10.9259	-14.0482
-13.2458	-13.691
-14.5217	-12.8122
-12.8808	-14.2753
-12.2439	-13.0222
-12.4553	-10.4835
-12.1543	-13.0906
-14.3522	-14.5364
-14.285	-14.5043
-13.2581	-14.7038
-11.7734	-11.6376
-12.7068	-14.1637
-13.8807	-12.2372
-12.0462	-12.4262
-11.6737	-12.8723
-11.8821	-14.3881
-12.5107	-13.5806
-14.4783	-12.1102
-14.4074	-12.7568
-12.9718	-14.2621
-11.9862	-12.0158
-13.524	-11.6753
-14.9473	-12.2973
-12.4248	-14.3282
-12.3867	-12.7054
-11.6384	-13.8225
-12.4825	-12.9318
-12.9556	-13.3569
-7.11829	-6.19523
-12.1208	-14.4355
-14.4371	-14.7002
-13.7742	-13.8424
-13.6598	-12.1984
-12.8291	-14.3611
-13.7592	-13.8014
-13.4406	-11.0954
-12.3836	-14.6641
-12.1663	-11.9764
-13.0565	-13.1605
-13.4545	-13.1952
-12.9128	-10.3801
-14.6323	-12.7364
-13.1571	-10.8602
-12.1793	-14.2819
-13.4522	-11.3927
-11.6733	-11.5939
-12.2557	-12.9846
-13.9223	-12.5407
-13.1743	-14.8324
-14.2812	-11.9822
-12.1915	-13.3883
-14.2122	-12.4061
-11.4775	-14.1093
-13.978	-11.7603
-13.2294	-14.161
-12.7842	-12.0616
-10.553	-13.6764
-13.2012	-12.58
-10.9025	-12.2558
-10.3578	-14.0032
-13.5057	-13.4972
-14.8668	-11.6555
-14.1583	-14.1879
-13.4989	-14.5124
-13.3163	-13.5287
-14.4826	-14.8165
-11.3231	-10.5179
-13.0584	-13.5381
-11.4262	-13.4067
-13.6184	-12.3704
-13.3925	-13.1794
-13.9592	-10.8351
-11.137	-14.0646
-14.0823	-12.8605
-14.8628	-14.8038
-14.2806	-10.8732
-13.9779	-12.9022
-12.7046	-13.5813
-13.1122	-13.966
-12.697	-12.6623
-13.5702	-12.3306
-11.487	-10.5669
-12.1724	-14.1622
-10.8124	-13.946
-11.8458	-13.77
-14.6888	-13.8549
-12.372	-14.6804
-14.5921	-12.0108
-13.9505	-12.6699
-12.247	-14.5127
-12.8215	-11.1796
-12.0572	-14.7252
-13.7243	-13.8251
-12.9063	-12.3959
-12.855	-13.4287
-12.5888	-12.2759
-11.2462	-12.2319
-10.79	-12.9822
-12.3883	-13.4058
-12.7402	-13.7261
-14.3136	-13.9161
-14.9887	-12.3716
-14.678	-12.2854
-13.9275	-12.7025
-11.9755	-10.8412
-12.4831	-12.4744
-13.6229	-13.9636
-13.5865	-13.6399
-11.549	-14.7788
-13.3214	-12.9389
-14.2953	-13.3466
-12.4482	-12.5443
-13.3897	-14.7167
-13.2199	-13.3622
-11.3251	-13.0144
-13.1852	-13.2194
-14.6798	-12.1507
-11.04	-12.4008
-11.9234	-13.9894
-13.4203	-12.7455
-14.9156	-12.2591
-12.1019	-12.9877
-14.9806	-12.6819
-13.3944	-12.3639
-12.7826	-11.3422
-14.109	-13.0636
-12.8761	-12.8405
-12.4905	-14.2022
-12.8906	-12.8094
-11.4718	-13.1593
-10.8794	-12.498
-13.562	-14.5665
-13.3703	-12.118
-14.9909	-12.2336
-12.5207	-13.475
-11.2459	-12.0765
-12.0548	-13.512
-12.1818	-14.4762
-13.5096	-11.32
-12.8121	-14.7733
-14.1695	-11.6167
-11.833	-11.4041
-13.1855	-14.8361
-14.267	-13.4676
-11.9173	-12.5224
-12.6752	-14.9807
-11.2047	-14.8153
-11.6989	-12.2822
-13.6138	-13.6604
-11.0318	-13.0525
-14.1216	-14.0777
-13.0476	-11.9988
-14.5805	-13.6216
-12.3713	-12.3142
-14.0139	-12.5968
-13.1372	-13.4104
-14.7945	-14.8036
-13.34	-14.1213
-13.3587	-13.307
-13.9583	-11.8326
-11.9422	-12.4815
-14.6725	-12.8383
-11.872	-14.1068
-13.8062	-10.6246
-14.1197	-12.5448
-14.0554	-11.8841
-12.6017	-13.8257
-14.5985	-13.5332
-12.095	-14.3678
-11.2231	-13.3073
-13.8222	-12.8281
-11.8517	-14.4151
-14.5235	-12.6105
-13.197	-13.0427
-13.9794	-12.532
-12.8481	-14.2391
-13.5598	-13.2067
-12.9286	-13.1474
2.04149	-1.03004
-13.8609	-13.2453
-12.1877	-12.8617
-13.7212	-12.5452
-12.705	-12.6558
-13.7104	-11.781
-14.5599	-10.902
-14.5447	-12.5724
-13.1848	-13.7625
-13.5196	-13.661
-13.2849	-11.6327
-14.4237	-12.4559
-12.0106	-11.9179
-11.8017	-12.2376
-13.3528	-13.3605
-12.9216	-14.0409
-11.8626	-12.826
-13.2503	-13.2812
-14.8891	-14.1439
-14.2781	-14.1075
-12.7867	-12.1772
-12.7717	-12.3423
-12.8125	-14.0071
-11.2322	-12.5947
-12.385	-13.9861
-13.616	-13.2783
-12.053	-13.0748
-13.5754	-12.2792
-13.6049	-13.3846
-14.8467	-12.2947
-13.9973	-12.9825
-12.2008	-13.8164
-12.8675	-14.6366
-12.6188	-13.2774
-12.5212	-10.8319
-13.1329	-13.3809
-14.3599	-14.804
-13.0603	-12.8003
-13.6313	-12.6146
-12.7075	-14.0744
-11.3504	-13.9328
-13.5401	-12.7265
-13.9329	-12.9629
-12.7236	-12.0253
-12.7195	-14.7165
-14.672	-13.305
-12.9531	-14.0335
-10.7089	-13.5516
-13.5261	-14.2435
-14.6596	-14.6899
-11.9916	-14.8987
-14.2057	-11.816
-12.5584	-12.0881
-12.2916	-12.2466
-13.0194	-13.4891
-11.996	-14.3133
-12.7125	-13.0991
-12.5085	-11.7053
-13.5578	-13.7746
-13.4068	-14.3794
-13.7227	-12.8525
-14.0277	-12.4434
-14.5264	-14.2071
-12.6942	-13.4316
-12.5402	-13.0161
-13.1027	-14.8994
-12.3826	-12.5426
-10.4068	-14.3217
-12.5376	-13.7804
-13.7943	-13.0585
-12.5354	-13.3556
-12.0825	-13.7112
-14.7203	-12.7945
-14.326	-13.9581
-12.52	-14.3452
-14.8113	-14.0042
-13.6755	-13.5626
-13.0301	-13.2394
-12.434	-12.3084
-12.9144	-14.4278
-13.42	-11.2604
-14.273	-12.0589
-12.7889	-14.4978
-12.5318	-14.1906
-12.2422	-14.8543
-12.885	-12.7731
-13.3303	-13.388
-12.4201	-11.8038
-12.7848	-12.683
-13.7823	-14.0488
-10.8356	-14.2893
-11.6493	-14.0018
-12.9414	-14.2921
-14.6474	-13.1479
-12.9364	-11.6812
-12.3706	-14.7227
-13.7587	-14.7882
-12.1932	-13.6166
-11.0317	-14.7523
-12.2047	-11.9249
-12.5362	-13.1566
-14.7709	-13.7265
-14.35	-13.3595
-11.7875	-13.9434
-11.3591	-11.9567
-14.2721	-13.3958
-12.6101	-11.0943
-12.3017	-12.7638
-13.2524	-10.6714
-13.1298	-12.3935
-14.2506	-12.7677
-11.6719	-11.6758
-10.2469	-12.7617
-14.2292	-12.2047
-13.9378	-12.4856
-13.6584	-12.0449
-14.6118	-13.9777
-12.0214	-14.0249
-13.0428	-13.1843
-12.8832	-11.8068
-13.0779	-11.1397
-14.4638	-12.505
-11.7555	-12.3333
-14.1532	-12.279
-13.2212	-13.53
-14.1393	-12.4193
-12.4074	-12.0164
-12.9259	-14.7846
-12.9735	-12.2351
-14.3522	-14.6847
-12.7765	-12.786
-14.9199	-12.0615
-14.6694	-13.8188
-13.3011	-14.6231
-13.5141	-12.7059
-14.3062	-12.1949
-12.6251	-12.6205
-12.8633	-12.4396
-12.1132	-13.4984
-10.6377	-12.6371
-14.6807	-12.2524
-14.2064	-10.8225
-12.2017	-14.101
-13.0882	-12.1039
-12.7246	-12.7972
-13.1762	-13.7902
-12.3113	-14.5847
-14.5871	-13.067
-12.5105	-12.2051
-11.818	-12.1825
-13.6109	-12.9279
-13.48	-12.0772
-13.45	-13.7051
-13.9857	-13.6515
-13.2156	-11.3038
-12.452	-13.0147
-14.7658	-14.5626
-12.5813	-14.3757
-12.702	-12.0147
-14.4399	-13.7746
-13.4527	-13.3132
-13.8452	-14.7046
-13.1136	-13.5264
-11.5106	-13.6034
-14.4049	-13.4741
-12.4095	-11.3422
-14.6424	-12.168
-13.2123	-13.4423
-13.9145	-12.9311
-13.0321	-11.83
-14.4766	-13.1321
-11.6203	-13.3552
-14.9456	-13.6539
-13.4328	-14.5744
-14.5821	-13.2306
-13.1191	-12.352
-13.1893	-12.1002
-12.17	-12.2558
-14.8571	-13.9616
-12.983	-11.2984
-13.2841	-13.7623
-12.9843	-12.3538
-14.0313	-12.2845
-12.253	-14.1538
-14.4836	-13.0553
-13.2333	-12.8413
-13.9798	-12.7819
-13.7435	-11.9548
-13.1811	-12.7677
-10.981	-11.0861
-12.6653	-11.7072
-14.5803	-13.1249
-13.2266	-14.6711
-11.1754	-12.6395
-11.0973	-12.4545
-11.8944	-11.5582
-14.0959	-13.2099
-12.0538	-13.1731
-14.2576	-13.1535
-14.6709	-12.029
-11.7032	-13.3237
-14.4168	-13.392
-13.8651	-14.1044
-13.3951	-14.083
-13.3936	-9.42703
-12.3506	-14.6021
-12.3712	-12.4519
-12.2032	-13.7726
-14.5931	-12.4498
-10.1682	-12.9227
-14.259	-13.5134
-13.9138	-13.3734
-12.6766	-11.6454
-12.6291	-11.7523
-12.7395	-14.2771
-12.321	-11.8261
-13.6374	-13.775
-12.5805	-13.2904
-11.0035	-13.6888
-14.6422	-12.8733
-12.4713	-14.4024
-14.211	-12.112
-12.1886	-13.0045
-10.6735	-13.6236
-12.7274	-13.1359
-12.3701	-12.9902
-14.9614	-14.4268
-12.8013	-14.8518
-13.3563	-14.7202
-12.4654	-14.3321
-13.5888	-11.6463
-12.2475	-12.9632
-13.0801	-12.7982
-12.2327	-14.0095
-13.3716	-14.0687
-14.1372	-12.9936
-14.5191	-13.5574
-11.9814	-12.8677
-12.1919	-13.5731
-12.7346	-14.9508
-14.2501	-14.0309
-13.3981	-13.2992
-13.8011	-13.0145
-11.9401	-14.3847
-14.9758	-12.978
-12.3221	-12.9098
-13.6437	-14.4308
-11.1987	-14.8212
-12.2999	-12.1691
-10.9533	-13.6712
-14.5267	-14.1233
-13.6873	-14.2336
-12.8836	-12.5927
-13.1302	-12.6071
-13.879	-14.1597
-11.341	-14.1507
-14.2258	-14.4761
-13.4986	-12.308
-11.9862	-14.3654
-14.3746	-13.3527
-14.4857	-12.438
-14.3009	-12.325
-13.1293	-14.8327
-14.8447	-13.6306
-14.2666	-14.9602
-13.9796	-13.6348
-14.6617	-13.3771
-12.7774	-12.1829
-13.4172	-13.5589
-12.8101	-12.9563
-12.9485	-12.8242
-13.2624	-12.7618
-13.5109	-13.3752
-14.6024	-12.7021
-14.0742	-11.0094
-11.4321	-13.4466
-10.5195	-12.8356
-12.9323	-14.538
-13.7528	-12.1214
-11.8675	-13.5694
-12.1606	-12.1324
-13.2336	-11.6368
-14.1118	-14.5072
-12.6912	-13.035
-13.3644	-13.6802
-12.9533	-12.5307
-14.5543	-12.6138
-12.0209	-13.2881
-12.9079	-14.2914
-12.0685	-12.0821
-11.7056	-13.2754
-11.5029	-11.4217
-12.2639	-13.3975
-12.8331	-11.5834
-11.9688	-14.551
-11.8714	-13.3354
-10.3667	-11.6188
-13.0063	-11.1517
-12.5153	-11.7324
-13.0484	-13.2927
-12.1022	-12.8948
-11.9363	-12.3525
-13.7206	-12.1488
-11.7874	-9.98044
-14.576	-11.7928
-11.0107	-13.0373
-11.3248	-14.7938
-11.1102	-13.1422
-14.313	-14.1724
-13.7183	-13.8857
-12.652	-12.7964
-11.9916	-13.448
-12.6032	-13.4888
-14.0995	-12.4405
-14.28	-12.6593
-10.789	-10.8816
-12.1554	-12.3832
-13.1518	-13.6111
-12.0596	-13.6863
-13.8704	-14.2527
-13.8044	-13.3314
-13.5082	-12.5417
-12.8508	-13.8336
-13.5044	-11.5742
-12.844	-12.9621
-13.3837	-12.7547
-14.7565	-12.9836
-10.5395	-14.0821
-12.7145	-14.0585
-14.7934	-13.8852
-12.3132	-13.8691
-14.288	-11.4391
-13.274	-11.9766
-12.6966	-12.1571
-13.8993	-12.8045
-12.7488	-14.88
-10.676	-14.9187
-12.5196	-12.0913
-1.95867	-12.7926
-11.2603	-12.7445
-14.353	-14.2625
-13.3373	-12.9809
-12.0127	-12.5283
-13.5796	-13.3268
-13.1226	-12.5758
-12.7967	-13.9666
-12.5158	-11.0882
-13.6676	-12.7879
-12.6002	-12.8393
-14.5952	-13.6765
-13.6863	-13.648
-11.2786	-13.4454
-14.3427	-13.138
-13.9291	-13.9141
-13.9688	-13.1307
-12.6719	-14.2192
-12.3781	-14.6269
-13.9642	-14.6745
-12.2946	-13.0557
-12.2013	-10.6428
-12.2571	-13.7193
-13.5949	-13.8189
-11.5573	-14.0015
-13.664	-14.2792
-12.0005	-13.5855
-14.3506	-14.3842
-12.9285	-12.3609
-14.9146	-11.8588
-11.767	-11.6366
-13.2167	-11.7336
-13.0652	-12.8745
-13.7316	-13.3145
-12.868	-13.4389
-14.0742	-12.4263
-14.7808	-12.3457
-8.01652	-14.6596
-14.0323	-12.6208
-11.9438	-13.7525
-14.7349	-12.5235
-14.0322	-13.0358
-12.741	-13.1201
-13.0752	-14.8509
-14.1656	-10.6648
-13.3282	-13.2714
-13.3596	-11.2137
-13.2156	-8.37912
-12.7471	-13.1095
-12.8524	-12.68
-12.9481	-12.3028
-13.1724	-13.0271
-14.1656	-13.8476
-14.7565	-13.6437
-11.977	-13.093
-12.7984	-14.7252
-12.1882	-10.3986
-12.65	-11.4552
-14.5319	-14.8221
-12.9176	-14.1676
-10.4228	-14.6322
-14.2301	-14.0873
-11.904	-12.7758
-12.1353	-13.1053
-11.5277	-14.2986
-12.4906	-11.7247
-14.7153	-12.98
-13.0342	-14.5237
-12.3469	-11.5495
-12.1158	-14.7379
-11.6041	-13.5173
-13.5908	-13.0555
-14.5729	-11.8144
-12.8593	-13.2519
-13.1502	-13.5328
-13.8558	-13.4133
-12.3396	-14.7747
-10.9355	-11.7798
-14.8867	-13.2027
-13.1728	-13.495
-12.8329	-13.7433
-13.6803	-12.7406
-12.657	-14.4922
-13.9579	-13.7817
-14.8842	-12.5768
-13.1789	-12.6268
-13.2999	-14.6392
-14.7781	-11.1325
-12.5943	-11.9541
-14.0407	-14.312
-12.5978	-12.9951
-14.3003	-14.092
-14.1399	-14.8128
-14.4814	-10.9842
-12.4881	-12.8227
-12.4732	-12.1196
-10.5041	-14.1814
-13.4276	-13.7753
-11.2146	-13.7208
-14.1307	-13.481
-11.5842	-11.1025
-13.4085	-12.0915
-12.2376	-11.4193
-12.8018	-13.7318
-11.7085	-12.2951
-13.8133	-14.1068
-14.1926	-13.4928
-12.315	-13.5147
-14.6988	-12.8246
-11.8235	-12.4854
-12.5927	-11.1436
-14.8617	-12.9057
-12.8098	-11.8701
-14.626	-13.6027
-11.9031	-12.1609
-12.8876	-13.3012
-11.5992	-11.8191
-11.9751	-14.0286
-14.114	-11.1336
-12.2946	-14.9127
-11.4614	-10.4477
-12.9883	-11.6859
-12.4348	-13.5283
-13.3259	-13.4053
-14.7413	-12.085
-11.7031	-12.0931
-12.5986	-12.5651
-11.9258	-13.5643
-14.0286	-14.5876
-14.1747	-11.7903
-12.0935	-11.8729
-14.0434	-14.7405
-14.3209	-11.1072
-12.6579	-12.1926
-11.6318	-14.0028
-12.7036	-14.0623
-12.6294	-14.456
-13.43	-14.4838
-11.1121	-13.926
-12.6366	-12.3903
-11.6689	-12.2781
-12.3488	-14.6032
-13.0659	-12.9082
-14.9408	-12.9912
-14.0621	-14.2706
-12.4215	-14.6611
-12.3788	-14.1014
-14.6392	-11.316
-12.0738	-10.6447
-13.8692	-13.291
-14.4144	-13.2524
-13.4689	-12.1616
-14.4622	-13.0249
-12.68	-11.7851
-14.0717	-12.8432
-11.6544	-14.0731
-11.868	-14.5478
-12.3041	-12.5919
-14.3115	-12.7671
-12.2303	-12.4085
-12.9701	-12.5027
-13.4473	-13.8233
-12.1445	-12.5075
-13.2999	-12.4785
-13.3541	-10.8438
-13.2119	-13.219
-11.9721	-13.1732
-12.3818	-13.6354
-13.0278	-13.4723
-12.7023	-11.693
-11.5198	-12.8267
-14.5144	-14.6138
-11.3946	-11.7515
-13.0674	-11.1499
-12.1375	-12.6026
-11.2876	-13.1176
-13.0888	-14.9771
-13.4873	-13.5421
-13.4761	-12.5576
-12.0244	-12.6612
-12.5034	-12.1051
-14.3756	-14.2243
-13.6311	-14.3571
-14.3481	-12.9896
-13.5594	-11.3541
-11.7169	-12.8304
-12.9775	-13.4203
-13.3686	-12.7444
-12.8787	-11.9698
-11.4071	-14.3004
-13.6082	-13.7222
-13.7794	-12.533
-14.1151	-13.473
-14.3727	-13.5305
-12.2918	-12.6807
-14.0197	-12.3117
-13.1335	-13.6198
-12.3411	-10.2061
-9.65403	-13.6596
-12.2607	-10.6727
-10.7792	-13.3868
-13.4506	-14.3539
-13.4586	-13.0531
-14.6186	-13.0819
-10.7915	-2.29167
-14.806	-11.8936
-13.8217	-12.8187
-12.1613	-11.7808
-13.4401	-12.8178
-12.2651	-13.204
-12.0703	-9.74678
-13.0968	-13.3033
-12.5498	-11.6872
-11.9394	-12.8799
-11.9546	-13.9757
-12.7643	-14.612
-13.3114	-11.8382
-12.1346	-14.1598
