6.66736	13.9986
6.38373	13.7426
9.69152	14.6519
7.72427	12.4296
10.0235	11.9812
8.54035	12.5206
6.23632	13.8473
7.41431	14.6533
6.56081	13.2468
7.99307	14.3352
7.24602	14.591
8.79811	13.6778
8.61216	12.7004
8.28912	14.9301
8.25851	12.7263
9.0192	13.7657
8.81668	12.6184
9.90088	13.0438
8.54549	13.9428
8.37835	13.8759
5.97483	14.1859
7.59278	12.7791
8.89158	12.8345
6.39119	13.638
9.00235	13.9752
7.82828	14.3742
8.83284	14.4058
8.74389	14.543
9.54977	13.7549
8.69773	13.6188
8.7698	13.4872
8.3403	13.9709
7.26923	14.5192
7.68418	14.6774
7.15283	14.0205
7.76175	14.4893
6.09284	14.5407
8.16034	14.4618
8.0986	14.5766
9.23499	12.8553
7.84515	14.1853
8.61209	13.0236
7.59884	13.5237
11.1188	14.3522
7.42966	13.4321
9.02167	13.6679
7.33334	12.5489
8.45186	13.4128
11.3884	12.7367
11.3476	14.5957
8.35919	13.609
7.21963	12.824
9.97295	11.5094
8.24749	12.9095
6.08286	12.5009
8.91372	12.1421
8.47196	14.6423
8.13889	13.1446
8.82949	14.2102
9.86924	11.9108
7.25027	13.6925
7.14108	14.8374
6.98639	13.9276
7.20052	13.4521
6.08402	13.9259
8.11352	14.091
9.18565	14.4614
6.72189	12.7428
7.84781	14.2307
8.638	12.4619
8.29901	12.9927
8.31899	13.836
8.53237	12.8239
8.68117	13.0827
9.41438	11.2544
8.40356	13.4973
8.07597	12.7924
6.06306	12.3444
7.43861	14.1303
8.27613	14.508
8.61713	13.9632
7.02711	14.6162
8.17867	12.6482
7.14245	14.9226
6.65527	14.9043
7.53086	14.6136
8.52508	14.6007
5.84604	13.3187
7.26322	14.6443
7.65653	14.2029
9.04024	11.9057
5.95632	13.1168
7.45075	13.3192
8.45998	13.8763
9.10224	13.1738
9.25275	13.7286
7.96282	12.8672
7.72346	12.9573
8.27877	11.8973
7.28798	14.3537
9.38046	13.9077
7.21351	14.3204
7.48569	13.3132
8.79141	12.1464
8.50594	14.6109
6.19358	13.7154
8.06178	14.1088
7.4349	14.6599
6.342	13.3851
7.54508	13.7303
6.89955	14.1677
9.97987	12.556
7.92392	14.3288
6.85733	13.198
7.69208	13.2564
6.93585	13.5152
7.97477	14.1527
7.14521	13.5858
6.90201	14.5348
10.0775	13.165
7.60696	12.6908
8.05142	14.1963
8.76877	12.7398
8.31057	14.3316
8.79556	14.6698
8.90567	13.8661
8.50745	14.2389
9.75159	-2.44337
11.182	14.9965
6.32224	13.1415
8.44506	13.218
8.13341	11.968
8.27424	13.1175
6.63234	14.5655
8.98928	14.6219
6.45306	12.8382
7.35121	14.0558
7.60315	12.1556
7.71324	13.4942
7.43676	13.3334
7.32304	13.5241
9.24375	12.6197
9.6813	14.6435
7.48763	14.6536
8.35957	13.0295
7.6156	13.8949
8.89936	14.1728
8.03232	14.9897
7.30509	14.8975
8.56	14.2926
6.20425	14.5354
7.0601	14.0357
6.62052	14.1834
8.47724	14.5395
8.26866	13.124
8.41661	13.6283
8.46472	13.8496
7.38823	13.1867
6.93887	14.989
6.82789	13.5403
6.83059	13.9654
14.8944	12.4222
6.88165	12.8186
6.66239	12.6775
8.58057	12.7632
7.93438	13.1815
7.95966	13.6423
8.51714	12.3444
7.18749	13.8435
7.79374	13.7038
5.87828	14.7723
5.99139	12.5921
7.50094	14.7114
7.93615	12.4153
7.36641	14.6982
6.26541	12.307
9.2904	14.369
6.88905	12.9435
8.11538	14.8724
8.67605	13.5724
10.3915	12.7219
7.99022	12.2675
9.30891	13.1853
7.67991	14.5523
7.98256	14.0541
6.28402	13.3844
7.35165	13.2371
6.20933	12.1052
7.88765	12.3859
10.0982	14.0743
7.23028	12.193
7.85722	14.9663
6.43961	14.382
7.93322	12.9883
7.09417	13.7505
6.77448	13.1405
7.63878	13.0174
6.35803	12.1514
8.32774	13.7944
6.25651	14.0615
8.80454	12.9385
8.83475	13.0642
9.33919	13.0062
6.86027	13.1868
8.28324	13.4189
7.62582	13.8546
8.13607	13.4995
7.02613	14.4526
7.5676	14.4759
8.47616	13.5805
6.45813	13.6973
7.78534	12.6325
10.1535	14.6906
6.88428	12.0747
7.33911	13.2289
9.46828	14.6318
6.97632	14.1667
7.62251	14.4653
6.26745	12.9496
7.54508	13.941
7.9655	12.4924
7.65261	14.2177
7.0704	14.655
13.2395	13.9809
9.557	14.444
8.12123	14.1149
7.61295	14.1804
8.64307	13.9583
7.50645	13.9318
6.97329	14.3088
6.96156	13.0873
9.40183	12.5281
9.15318	14.9312
7.1257	13.5362
8.09716	14.438
6.62345	14.7522
8.92096	13.5023
8.00393	13.7245
8.35886	14.1235
7.96983	14.2497
7.9971	12.4969
7.66378	13.6648
7.76862	12.9907
8.03761	14.6786
6.28479	14.0759
9.69562	11.572
8.784	11.8362
9.29114	14.4771
9.78562	12.8153
8.75805	12.97
7.54953	14.1304
8.87395	13.2478
8.10349	11.7856
9.0425	14.6456
7.89028	12.1399
7.67771	14.8302
7.05704	12.9328
7.17071	14.3724
7.276	12.7477
9.86019	10.0851
8.26458	13.2741
10.3025	10.8918
7.68771	12.8772
8.52834	11.8977
9.20875	13.5686
7.48005	14.839
9.6554	12.9545
6.38472	14.1989
7.72108	13.0229
7.2726	14.268
7.78703	13.3214
7.93172	13.4636
6.6044	13.1804
7.9131	14.1668
9.73849	12.7396
7.14254	13.9581
6.58587	14.7272
8.45951	13.9161
6.64818	14.5125
7.80154	13.5447
9.29218	12.996
6.06302	13.5354
7.79813	13.8411
8.94397	13.4007
6.77052	12.4505
9.38799	14.7948
9.08333	14.8972
8.70853	13.9434
8.38671	14.2553
9.49373	14.2565
7.79284	13.3943
8.07552	13.4717
6.44745	14.8852
7.50805	13.0044
7.41238	14.6125
6.88317	14.6873
6.15714	14.7731
9.03996	13.527
7.86643	13.3576
7.93683	11.979
7.48669	14.4818
8.6117	12.988
6.87563	14.2732
9.0133	14.2137
8.62516	14.1269
6.2675	14.7553
8.41977	13.7968
8.88701	14.0794
8.41852	13.6744
8.66751	11.8891
9.25508	12.6513
8.73395	14.7279
7.31525	12.5948
8.54033	13.1852
9.14205	14.9123
7.00553	12.3243
7.70456	13.9013
7.60205	13.3402
7.22605	14.3891
6.31133	14.6395
8.78296	12.2672
7.22317	14.6888
6.96656	14.5837
9.60162	14.789
6.97008	12.1217
7.66202	14.5448
10.1053	12.3685
8.1306	13.5339
8.64898	14.3047
9.13373	13.9779
7.39387	13.6085
8.76627	12.3843
8.89321	14.8689
7.31942	13.6112
7.5543	13.9964
7.73034	13.1926
9.06878	12.9796
6.48643	13.5599
9.34122	14.2436
7.85942	12.3079
8.76606	14.4364
8.45727	14.6612
8.51187	12.0121
8.43375	14.9197
9.37862	12.9784
8.13582	13.3792
8.34833	14.538
11.0719	11.5871
9.15279	12.5849
8.36965	13.6848
8.0577	14.0244
8.78145	14.7107
7.50245	13.4795
9.06239	12.1382
6.93968	14.3087
10.6544	12.4875
9.56882	13.2777
7.14237	11.948
8.86366	12.7754
7.45118	14.4394
8.8458	12.4291
6.24784	14.0093
6.83849	14.064
8.79366	14.6545
8.47042	14.4614
8.09752	12.0467
7.96451	14.4201
8.03435	13.3891
9.42385	14.7426
8.11994	13.5437
6.53135	12.654
6.6084	14.5886
10.1103	11.6598
8.43299	14.353
8.08574	14.4055
9.21436	12.3997
8.0171	13.3825
8.90609	14.1022
8.88784	13.9132
7.06087	13.8705
8.32256	12.5614
7.19518	14.6069
6.38233	13.6596
7.92858	12.5665
8.84839	14.8553
8.45558	14.1512
6.50778	14.906
9.3827	14.0892
8.43804	12.988
8.61765	12.2262
10.1356	14.4258
8.68957	12.6724
7.19345	12.6394
5.94843	12.9011
9.72321	13.6907
8.78789	11.9193
8.73276	12.056
9.51665	13.6928
7.59093	14.9906
9.3301	12.5086
6.55242	13.246
7.7589	13.4114
8.76065	12.2016
9.34704	13.0339
8.88565	14.6664
10.7368	9.31625
8.20278	14.2704
9.86185	12.3682
5.97651	13.0329
9.31568	14.0805
8.73397	13.6806
6.20448	13.9738
6.49061	14.1753
6.83077	12.4389
7.9	12.2712
7.09094	13.0488
9.40225	14.0089
8.46704	12.5742
7.27321	12.4202
6.42641	14.1474
9.48055	12.7407
7.63243	14.5538
8.22438	14.9864
6.94672	14.7751
8.6986	12.4244
7.70697	12.467
8.60148	14.7081
7.50709	13.4522
10.3044	13.6803
6.74178	13.705
6.86801	11.8958
8.97902	14.3453
6.48684	12.58
6.56222	12.992
8.53337	12.6934
7.15125	13.6273
8.82894	14.3101
6.9371	14.5017
8.12384	13.1348
8.35908	12.2946
8.71065	14.4672
7.24721	12.9719
8.5054	13.2755
9.04053	14.6051
7.81807	13.3558
8.74387	14.279
8.52563	14.1517
8.10535	13.5297
8.89578	13.3595
8.78864	13.0601
7.42059	12.9053
7.62486	12.3545
6.07798	13.5103
7.92605	13.1678
7.96364	14.4822
8.37405	14.2791
9.46234	11.6378
6.95659	14.7511
8.44532	11.9578
8.31436	14.6545
6.87789	13.3766
7.53323	14.1451
6.93016	12.7065
8.63776	13.0189
8.93117	14.1367
9.59391	14.1626
8.32661	13.9568
10.5897	12.9178
6.89031	14.119
7.91378	12.5642
8.09946	12.4999
8.62423	13.1069
9.49193	14.4658
8.33345	14.8335
7.49098	14.456
7.43326	12.336
7.39385	12.4218
7.8319	13.6508
6.29181	14.9669
7.38753	12.1507
6.35726	12.3097
8.84523	12.6335
6.76048	13.9132
6.54673	12.8118
7.99893	14.2999
8.2746	13.125
6.82655	12.4854
7.07464	14.8992
7.71293	12.1991
8.31326	14.2054
9.53972	13.2012
8.95646	14.4745
6.97618	13.3336
6.90422	12.2645
7.0152	14.324
9.04923	13.9367
8.4929	12.2203
6.90564	13.6324
6.05262	13.2506
6.94456	14.4926
8.80293	13.36
7.52614	13.5563
8.35643	12.7049
6.55573	14.2894
6.82888	13.7888
6.22375	14.3689
8.58138	14.4653
6.6534	11.8239
8.13716	13.5066
8.53955	13.8629
8.75294	12.0705
7.17878	13.3002
7.61585	13.8192
8.9197	14.5435
7.65843	14.1037
7.30897	14.797
7.70044	13.1003
6.70463	14.498
8.27249	13.9753
6.51576	12.8061
8.13672	12.1685
8.55892	12.2123
7.68363	13.8887
6.74933	13.0745
6.63257	14.0626
8.79764	13.5897
10.2574	14.3705
9.18264	13.4918
9.40694	11.958
8.29082	13.0438
8.16494	14.1625
9.47538	14.7998
6.85333	12.6906
8.13976	14.739
9.10078	13.7222
6.0357	13.9364
11.4122	13.9738
9.88308	10.8669
8.86617	14.2206
6.30811	13.0714
6.82647	14.9268
8.04283	12.8006
6.64313	14.9797
9.08996	14.6161
10.0805	11.9403
8.45942	12.0656
9.01513	13.4553
8.42912	14.4496
8.55606	13.006
7.31886	12.6905
8.1218	14.5046
8.53478	14.785
7.77191	13.197
6.72181	13.5435
7.7803	12.4384
6.43925	13.7512
8.25772	12.4602
6.63386	13.7904
8.65926	13.3544
8.05454	12.5702
7.088	13.6307
7.15338	13.2278
6.8514	12.2683
6.31329	13.4767
7.76004	14.5036
7.48746	14.4921
8.85865	12.189
7.73486	14.4233
9.51009	14.9533
9.08768	10.9865
8.04844	12.932
8.18063	13.5673
8.00877	14.9637
8.79575	12.2707
8.54277	12.449
7.69325	14.2737
5.99696	12.618
10.8924	12.7053
9.03463	12.7631
6.83563	14.7546
7.22685	14.488
9.03478	13.8086
8.64998	13.825
7.97194	14.6587
7.29497	14.1639
8.96508	13.3774
6.11576	13.8698
8.02683	13.6415
7.55941	12.88
10.5889	13.1645
7.60284	13.1197
6.55542	13.5524
7.26661	12.8112
6.63894	12.4826
6.80911	13.4957
7.97963	14.4197
7.82569	13.5616
9.04577	13.5619
7.73052	13.3865
8.58494	13.9981
8.34171	14.374
6.05392	13.2362
7.23678	12.713
7.4783	12.372
7.09899	13.3171
8.99854	11.8072
10.5258	11.9446
8.54349	12.3759
8.92193	12.6133
7.68271	13.823
7.19	13.343
9.008	14.6538
7.84753	13.0351
7.68702	13.5389
8.10542	14.5853
7.69866	14.1555
7.83632	12.6784
7.2713	14.9823
7.66825	14.808
6.03496	13.0073
8.64846	12.2221
7.61924	13.3429
8.56152	12.5244
7.14127	12.8838
7.42434	14.5392
7.02579	13.9344
8.98364	14.5301
8.51026	12.3858
7.07524	13.6207
7.67169	14.4377
9.96439	13.3843
6.78695	14.1143
8.64158	14.7124
9.96834	13.8006
11.0054	13.2349
8.74251	13.6141
6.14447	13.2313
8.81985	14.0763
7.10048	13.4482
8.66975	13.7435
7.29055	13.5372
8.13217	14.2787
7.49714	14.8458
8.09964	14.1839
10.4511	13.5934
9.37256	14.951
9.3366	13.6125
6.37762	14.165
7.18652	12.9559
8.41355	12.7378
7.25766	13.8018
6.78552	14.5305
8.45141	12.9769
8.6232	13.4136
12.2578	12.6153
9.58117	14.5623
9.53111	13.0575
9.80042	14.388
8.46873	13.1373
7.26805	12.12
6.73322	14.6355
6.44885	14.0672
8.31244	12.6294
8.98988	13.5854
6.98773	13.2019
8.41651	14.1375
6.96006	13.9196
7.68494	13.489
7.38231	13.151
8.97797	14.895
8.9004	11.9573
8.00131	12.682
8.73879	12.4121
9.80624	14.4109
8.72998	14.7264
8.0397	12.0766
8.1342	13.8095
7.17028	14.7816
6.71904	13.1569
8.68977	13.3976
8.94642	14.4253
10.4413	12.7286
6.0787	13.9506
8.55696	14.1085
9.6429	12.6868
7.73461	14.2908
7.04113	12.822
8.32882	12.6192
6.60484	14.6314
6.69621	14.7661
6.41444	12.4155
8.58935	13.0961
7.98956	14.032
7.87464	13.0181
8.06611	14.6511
6.47714	14.5161
8.46188	14.5384
8.94673	14.9651
9.5297	12.9768
7.97915	13.3705
8.96095	14.5373
8.59888	14.9994
6.87679	14.8441
10.2504	14.596
7.2771	14.3494
7.03481	12.0713
6.92045	14.7981
7.83542	13.9628
8.4052	13.607
7.21443	14.0077
6.37599	14.3585
7.92713	14.6082
7.9291	13.5895
9.00793	14.1114
8.67629	13.7274
6.61258	12.8658
13.0835	10.4087
8.43358	11.9601
7.64936	13.1568
6.55853	14.1842
7.68658	12.9565
8.20985	14.3004
8.8387	13.4877
8.25883	13.1723
6.62465	13.5895
5.95784	13.9077
7.98537	13.3605
7.24493	14.8382
9.06267	14.3531
9.91576	14.572
12.1575	7.76293
6.86431	12.5895
8.3224	14.8712
6.6298	13.5075
8.32526	14.4555
8.73307	14.3851
8.19769	13.1604
5.93777	12.7362
10.5891	13.5823
7.25829	13.7542
14.0723	14.7682
6.82118	13.5165
8.68497	14.0637
5.82595	14.1655
8.61477	13.2782
8.62835	12.8802
7.59642	13.2202
9.02187	12.749
6.29231	12.3036
7.42983	14.3191
9.06626	13.6214
9.53063	13.6572
7.14774	12.7555
7.24032	14.882
7.35638	12.7955
8.10989	13.1391
8.94342	11.9395
7.94588	14.9819
6.45303	13.7228
7.06511	12.8708
8.23466	13.5904
8.74507	12.2726
6.59698	13.709
7.41833	12.8143
7.09824	14.2168
7.21754	14.6929
8.17075	13.6084
8.80527	13.6627
10.166	13.8805
9.8213	13.3952
7.84922	14.6405
6.52875	13.0809
7.93308	13.6678
9.12482	14.8559
6.69101	14.9989
8.11577	12.3742
7.77061	13.6241
8.26651	14.2947
6.96742	14.2809
9.10686	13.478
8.55126	13.4451
6.87121	13.8817
8.14555	13.919
6.95949	13.6943
7.65787	13.5179
8.3905	13.2158
8.94785	12.9996
6.84374	12.6474
9.56018	12.9814
6.2937	13.7372
8.96982	14.0938
6.94102	14.8865
7.935	13.068
7.78562	12.738
6.79379	13.161
6.98278	13.7882
7.90186	12.2306
9.41962	13.0796
9.81948	13.5907
6.25555	13.6226
7.84797	13.2557
6.23542	13.0736
8.94804	12.753
7.91292	13.285
7.77706	12.9008
6.30274	14.1266
7.49327	12.5285
7.70657	12.6578
8.35642	13.4424
11.1838	13.3474
7.50037	14.3945
7.82393	12.4086
9.9178	13.972
8.71212	13.6463
6.06875	13.1634
8.29768	14.135
7.20497	13.6144
8.59987	12.7341
8.78646	14.7045
7.07485	12.993
8.73395	13.9096
7.04002	11.9902
8.43472	14.1836
6.87624	12.0316
6.36885	13.0216
8.46692	13.1647
8.4727	13.9844
6.96857	12.9717
6.13713	13.9459
8.87649	13.3835
6.61173	14.6297
9.05351	13.5604
9.83473	13.0737
7.96885	13.0899
6.99933	12.0646
8.27387	14.5231
9.1243	14.9755
6.52129	14.773
8.14519	12.8353
6.12316	12.0407
9.21136	12.3489
7.84135	13.0098
7.41604	14.1921
6.54624	11.8836
8.50891	13.5634
6.14548	13.9278
8.79896	12.9467
6.65176	14.242
6.11283	14.6707
8.71998	13.3913
7.62034	13.5939
8.92104	13.5248
6.75786	13.1503
8.57791	13.2603
6.14458	13.1166
10.0329	12.5158
6.03793	12.1884
8.71499	14.062
10.4174	14.8429
8.43926	12.4776
7.84278	13.4918
7.11952	11.9844
9.20225	13.9347
8.45907	14.5213
7.82165	13.8152
8.22375	12.1287
8.40878	13.4845
9.24013	14.5043
6.54626	13.1213
8.47707	12.3741
8.07574	12.1816
7.2807	14.6914
6.63999	13.142
8.00076	12.7756
8.80797	12.7653
7.72876	12.2456
7.32139	14.1757
8.27583	14.4156
8.49297	14.5104
6.7958	13.7503
6.88775	13.1088
9.23767	13.473
6.68474	12.6669
7.02215	13.1422
8.51064	14.331
9.42207	12.7627
7.48956	12.7645
9.88969	14.3558
8.75149	13.4494
8.71785	14.4841
7.19933	12.7048
6.79376	13.2231
8.45463	13.338
6.77045	12.876
7.17518	12.0147
8.01105	14.5672
6.66459	13.4777
9.50385	13.4028
7.96551	12.9227
8.26673	12.41
7.35206	14.3405
7.83039	13.0488
8.18095	14.6488
6.11722	13.913
7.58795	13.8499
7.46092	14.6962
10.2634	14.5235
7.40276	13.4613
6.79053	13.8175
8.87798	13.9683
7.6792	13.9187
7.27123	13.8584
8.24538	12.746
7.26496	13.4071
8.39533	14.6156
9.05261	13.6408
6.51621	13.1647
8.47628	12.4649
7.1846	13.6876
7.35679	13.7887
8.49868	12.7147
7.65044	13.6357
7.56876	12.7053
6.98583	12.8965
8.2393	13.0857
7.32136	12.2771
8.80713	13.2464
7.71093	12.8314
7.19458	12.8913
6.94764	13.6709
8.49804	14.5968
8.66498	14.7282
7.44587	13.4307
8.80611	14.129
8.51648	14.8644
7.54522	12.9333
9.27805	13.9976
7.4278	12.5271
7.7067	14.5762
8.03181	14.083
9.34802	14.5547
6.6602	12.9793
6.65678	14.4213
9.23288	12.5943
10.0818	13.4901
6.64122	14.3894
7.01854	12.0563
8.40411	13.5549
7.26852	12.5184
7.38966	12.9201
7.08459	14.8189
7.14281	13.999
8.39019	13.4263
9.07036	12.9155
8.4022	12.7179
7.8316	14.6686
6.42021	13.1101
7.59543	14.8841
8.03229	14.1339
9.47556	12.0872
7.81543	12.9323
8.68564	14.9387
6.31371	12.8743
11.0915	12.7839
7.93713	14.3318
7.09007	14.2435
7.35805	13.9767
8.26333	12.594
8.40965	13.5789
8.74551	12.3652
6.98299	12.7554
7.48147	14.6503
8.60247	14.05
8.10839	13.7985
7.65635	14.9074
9.997	12.8824
8.51412	12.7376
8.44494	14.6759
6.51859	14.3884
8.46583	14.7978
8.5419	12.5239
7.85198	13.2773
8.78737	13.6165
8.79092	14.8352
8.59225	12.4343
7.55659	12.7235
7.93923	14.7706
6.94099	14.5424
7.60324	14.3033
7.85275	14.4288
6.47769	13.7772
7.83323	14.2771
7.57402	12.3803
6.80754	14.5575
7.21862	12.3258
9.23194	14.6523
9.86883	14.3224
7.57669	13.6262
9.17774	12.0676
9.01215	13.2624
6.84011	13.8262
8.27872	12.2996
8.21596	12.2644
6.69907	14.7509
8.79973	13.6317
7.09841	14.5549
8.59199	14.4675
8.94424	12.6948
6.11639	14.5626
9.12941	12.6349
8.72639	12.9154
8.8145	12.6301
7.26188	14.5689
10.3155	14.3757
8.47615	12.1596
8.19681	14.8258
9.07098	12.5411
9.59076	14.1926
6.50874	13.9384
8.99696	13.1663
7.69775	14.18
6.06363	13.2259
6.46627	12.9348
10.8667	12.6031
9.32972	13.954
7.64703	13.4381
11.7733	12.5419
7.29413	12.935
6.40271	12.963
8.69653	13.5048
8.74725	14.1992
9.59655	10.8486
8.79296	14.3399
9.90193	13.6028
7.93566	14.2725
9.36363	14.6258
8.3548	13.0244
7.5814	13.3622
8.29481	13.7043
6.75955	14.7832
6.23931	14.7487
8.42802	14.6974
9.79951	14.8931
8.19269	14.3623
6.76618	13.8096
7.78398	14.6511
7.0271	14.6001
6.3635	13.6923
6.41622	14.5856
8.10109	14.3611
7.72172	13.1053
6.49827	13.469
11.4499	12.3344
7.8776	14.9733
9.09251	13.3675
8.21026	14.6038
8.93634	13.997
9.76329	14.5767
6.39112	13.5441
8.1141	13.2694
8.91736	12.8089
7.16116	12.1365
7.3259	13.9874
6.96057	14.3829
10.1023	14.9556
7.15042	12.4277
7.15253	13.1112
8.48391	14.6883
7.73673	14.778
9.23439	10.9497
8.02958	12.0213
7.02408	12.1146
7.35137	12.6245
6.71863	14.0947
9.35512	14.3122
7.14245	12.916
7.04293	12.632
8.6196	13.9984
8.02911	13.5963
8.13025	14.9913
7.82518	14.8802
7.53648	14.6502
7.33929	13.5226
8.65596	12.8944
6.57432	12.6354
6.60478	14.5595
9.36326	13.9422
9.13686	14.4244
8.86423	13.8443
8.64871	14.1722
6.71255	12.6264
8.49236	12.979
6.61364	13.1372
5.84274	14.7983
8.63824	12.5394
6.95977	14.1098
10.5609	13.5153
6.95319	13.4776
9.46352	14.2964
8.01401	14.6999
6.99196	12.38
8.06597	12.9722
7.78216	13.6271
8.63516	14.5986
5.99847	14.7731
7.30154	14.0933
9.56621	12.6396
6.69075	13.6978
6.20013	14.2899
6.47943	13.0041
6.33408	12.5076
8.16006	12.4987
6.17642	14.5379
7.92282	14.5874
8.19217	12.1247
8.8727	13.4667
7.74641	12.4378
7.45861	13.7607
9.70694	12.1859
6.80623	13.6792
8.05393	12.2784
6.49304	13.1447
8.44246	12.9868
7.31857	14.2327
8.72924	13.3922
7.57203	14.6673
6.55291	14.3286
7.12705	13.2128
8.65568	12.7251
7.85953	13.5969
6.99609	12.3951
7.47089	12.8041
7.59678	13.9955
9.23701	13.81
8.34262	14.2679
8.36855	14.8715
9.26136	13.3601
7.68583	14.398
9.29	13.8896
7.1435	13.2138
7.02026	14.7155
6.87777	14.0216
10.1568	14.0683
7.67368	13.3729
6.42564	13.3655
8.48086	12.7975
8.60565	14.3836
8.54727	14.8493
9.01577	12.3977
8.38993	14.7634
7.00221	14.0894
8.59175	13.1411
7.336	13.4168
8.58435	12.0843
7.65135	13.769
8.44395	13.2007
8.03	13.3349
6.23295	13.3287
7.13267	13.6345
7.92408	13.664
9.5617	14.6814
7.56628	13.4266
9.3383	14.7644
7.63046	12.8059
7.66601	13.0063
7.43954	14.8019
8.11835	13.7752
8.57115	14.1085
7.16153	12.6842
8.42867	14.4449
6.82354	12.9815
7.92422	14.4937
7.34169	12.7545
7.39284	13.1904
8.61505	13.7943
8.92286	13.6651
7.15638	14.4347
7.47157	14.8974
8.39379	12.6626
7.28576	14.5907
9.33909	14.097
7.78307	14.5642
7.4444	12.0603
7.56591	12.5161
6.78897	13.1913
8.85936	13.5116
7.94003	13.6291
8.34069	12.6943
6.65096	13.0648
8.98884	13.2123
8.07343	14.1367
8.66287	12.2495
8.26396	12.9853
6.39562	13.7308
6.53142	14.5907
10.6069	12.2707
10.5549	12.963
8.51684	12.9039
8.18636	14.1347
8.20659	12.901
7.61756	14.384
7.146	12.5524
6.22092	14.5796
7.34985	13.8832
7.4764	13.4583
8.33127	13.6276
9.27757	12.847
6.98188	13.7842
9.24775	12.8337
7.93122	14.4599
8.23721	13.8018
7.71372	13.4118
6.6467	13.7988
8.17935	12.9392
10.0421	14.8665
8.28756	13.7009
7.90831	12.0637
8.77468	12.4007
6.1491	12.1242
8.85187	14.8505
7.28344	12.8949
6.13386	12.3769
7.47043	14.5222
8.98856	13.1008
8.18637	14.642
7.42077	13.9188
5.87932	14.461
6.40651	13.4062
8.10208	14.7853
8.07346	14.7
6.65091	14.8135
7.35123	13.1452
8.9831	14.7759
7.87167	14.0566
8.89142	12.8147
6.95218	13.0961
8.3035	14.8288
7.76662	14.6405
8.31152	14.5095
8.35997	14.8402
8.76617	12.2304
8.77065	14.9498
6.88338	14.4623
7.08169	13.1449
8.47655	13.3388
9.24536	13.6127
8.70743	12.406
6.72093	14.0461
7.21014	12.1583
8.85075	12.1277
7.35796	14.3687
7.3758	13.6209
9.59661	13.0172
8.05345	13.741
7.77539	12.921
8.35974	12.7155
7.14136	14.762
9.48502	13.4639
8.60637	14.7449
8.08808	14.4603
7.67776	13.4404
8.87626	14.7075
8.78189	14.5121
11.0652	14.0765
8.52089	12.0881
7.63902	12.4764
8.911	12.7962
6.09024	13.2607
7.90257	14.3393
10.772	14.9314
6.87135	14.719
7.35351	14.9137
9.76164	10.922
7.809	14.1868
7.38428	13.7813
7.84626	12.5038
6.38221	13.8431
7.40442	13.2836
6.65593	12.3604
9.7735	12.627
6.80811	12.9532
9.2926	13.0848
6.75505	14.3282
9.26694	12.5594
8.16116	14.1628
7.78302	13.2687
8.25102	12.685
7.26243	14.6981
8.81278	12.1579
7.99076	14.7223
8.83491	13.1153
10.1069	12.0529
7.60322	13.914
8.12114	14.9654
6.63352	14.7338
7.41546	13.4958
8.01704	14.634
6.97626	14.3387
9.60222	11.9483
9.0074	13.6739
6.23538	13.8095
8.42713	12.4939
6.21984	12.4623
7.94547	14.9009
7.37628	12.9657
7.84894	12.3696
11.9371	11.8606
8.57696	12.6756
8.75205	13.1566
8.34457	14.3501
8.49365	14.6272
10.2379	13.2985
6.30531	14.5589
7.53438	13.8215
5.87116	12.8298
8.15482	12.8965
7.96586	12.3059
7.75155	12.3884
7.74815	12.9248
7.44037	13.2889
9.08997	10.8269
7.95185	13.7446
8.11872	13.2897
8.87575	13.3163
6.99683	12.5578
7.21115	14.0516
6.32606	13.6205
7.93844	13.9966
5.92832	12.8467
6.10499	14.018
8.75667	14.862
7.93911	14.4357
7.14232	12.3129
7.72608	14.5705
7.83723	13.6496
8.00137	13.5447
7.6718	13.3521
6.08367	14.2414
10.1679	14.0198
7.60913	13.0925
7.46048	14.2361
6.60974	14.6209
8.90122	14.1345
9.80686	14.6833
7.46908	12.3851
8.27191	13.5883
7.75123	12.8634
6.53062	14.6538
7.311	13.0921
8.55385	14.0347
6.93864	13.1467
8.79063	12.8024
8.05972	14.1073
9.26809	13.4853
8.21642	13.0018
9.47428	14.9661
6.5758	13.9802
9.01251	9.93473
8.67961	12.8013
9.17274	12.6055
8.47969	14.474
7.13477	13.2438
8.36521	14.1224
9.12866	14.0315
8.36475	12.9704
7.92233	12.9673
6.74948	12.9571
7.62861	14.9225
9.09076	12.4017
8.54968	14.8741
6.59048	14.2766
7.64037	14.9091
6.3923	14.8106
8.68578	12.8616
8.34175	12.4221
7.64069	13.4201
7.65239	14.1551
8.18544	14.6824
8.36646	14.0942
8.54039	12.6336
6.48684	14.6171
7.5031	12.5163
8.47696	13.4552
11.4446	13.8913
7.42292	13.1889
7.81093	13.1664
7.96098	13.7545
8.08569	12.6875
9.96224	11.8482
7.39357	14.4963
7.93414	13.3875
6.73064	12.8399
8.29043	13.8266
6.1933	13.5276
7.7135	13.164
7.25776	14.7987
6.28999	11.974
7.40793	14.4023
8.06883	13.2679
8.21111	13.5904
9.06721	12.5299
6.78032	13.2797
8.28298	12.2633
6.75934	13.6321
7.76015	12.7939
7.33492	12.9381
9.43274	14.3621
6.715	14.5418
8.82014	13.5903
10.4178	12.331
6.59502	13.0631
7.47639	11.7456
6.82867	14.2018
7.71752	11.9498
7.54721	14.3267
6.36962	14.242
8.74781	12.7266
9.83287	13.4302
6.67422	14.3661
7.31454	13.707
6.56677	13.7316
8.02351	13.0122
7.39922	12.2092
7.55812	13.5537
8.9437	13.0868
9.49839	13.6664
9.27453	13.5895
7.86784	14.7265
7.95131	13.8711
7.3336	12.7716
9.54716	13.4761
8.8196	14.6981
6.71534	14.7143
6.96855	14.0988
7.36056	14.4708
8.94598	12.8311
7.10668	12.6321
8.59187	13.6167
5.85625	14.7443
7.82673	13.8835
8.24015	14.3035
9.93763	14.9621
9.26217	12.9349
9.76501	14.3004
6.49895	12.0362
7.8212	12.1683
10.3504	13.0839
6.30711	13.8218
9.63503	12.8719
9.05102	14.6708
6.83894	14.0031
7.09288	12.8796
9.48628	13.323
7.31489	12.4611
9.45008	11.4056
7.33989	12.5948
8.63476	13.8863
7.62471	14.839
14.2381	14.6125
6.6991	13.2124
6.38097	13.0459
6.12264	12.3887
5.83639	12.814
6.28946	12.562
7.27375	12.343
8.55038	11.7789
10.2445	14.084
7.62188	13.1229
6.4918	12.0555
6.60624	13.7207
9.22573	12.2754
7.83262	14.2019
11.4808	13.4155
8.27556	14.3799
5.84006	13.9569
9.37198	14.9536
6.29021	14.0301
6.81624	12.8407
11.0186	14.5861
12.974	10.2741
7.81183	12.4264
8.36721	14.9108
6.71418	13.3924
7.29524	14.7149
6.99229	13.1442
6.83475	12.4163
9.93489	13.369
7.44815	14.0098
8.49794	13.4958
6.04985	13.6195
6.17844	14.4569
7.82402	14.8594
8.70038	13.7382
10.3391	14.2359
8.76757	12.5444
8.63709	13.0264
7.33844	14.447
7.91752	12.3967
7.38134	13.2835
6.63586	14.1492
8.13107	13.61
9.4821	13.9937
8.99045	13.1935
5.8657	13.8681
9.31447	13.2733
9.14408	13.6685
8.21967	12.6279
6.38107	14.6851
7.1194	12.3184
7.41629	13.5794
9.8702	14.5994
8.19212	13.7872
8.5605	12.6522
9.17082	12.6081
8.67983	14.1787
9.84903	14.0471
6.73436	14.2671
7.91758	12.741
8.56083	14.7488
7.58698	13.4415
8.33648	14.8704
11.1052	13.2003
7.8383	12.2816
8.19337	14.7013
8.89943	13.1156
7.20483	14.5489
6.78956	12.5746
6.58579	13.157
8.87963	12.7836
6.6484	12.9346
11.7336	13.4005
8.35019	14.2746
6.73012	13.8548
6.87361	14.1197
5.9315	13.4172
7.82904	14.1334
6.59572	14.8461
6.5617	12.941
8.13169	12.3799
7.44791	14.3443
8.04948	14.1483
7.77783	13.1779
7.39257	13.6476
7.37521	13.7825
6.60621	13.8195
7.78793	13.9432
6.44205	12.8426
8.88717	12.8738
7.26704	11.9937
8.20151	13.4638
8.24046	12.3185
6.64377	14.8493
6.62247	14.4375
8.0356	13.6546
10.3813	13.4862
10.2524	12.7246
6.93655	13.4947
7.79396	13.9055
7.38878	14.1102
6.08816	14.9593
6.35703	13.3189
6.33678	13.2935
8.3584	12.7385
7.05301	13.2601
10.2496	13.1368
8.72286	14.9314
5.82968	12.1126
7.41743	14.1434
9.25219	11.6849
6.06319	13.8626
10.8675	13.9056
6.83802	13.8552
7.86865	14.1874
6.72833	14.0464
10.3353	14.3151
8.44309	13.3383
7.57468	13.8296
8.53232	13.8082
7.2842	14.4698
7.22605	13.6382
7.55299	13.9431
7.70469	13.4484
8.34374	13.0518
7.95622	12.7836
7.83647	12.3064
8.64835	12.2472
6.38507	13.601
7.91376	13.366
9.60082	13.6507
8.73894	12.8903
7.9111	13.6486
9.84425	12.1463
7.78586	12.1079
7.18968	13.9187
7.21665	13.6087
5.98813	13.4012
7.95796	13.4568
7.27234	12.6899
6.28156	13.8401
8.86588	13.4681
8.54433	13.251
8.89869	13.9172
6.57098	14.3058
10.1559	14.374
7.27477	13.8379
8.27359	13.9968
6.87765	12.949
8.58269	13.0269
6.91292	12.959
7.85526	13.983
7.68491	13.9264
7.67321	14.0746
7.08581	12.9029
7.82684	13.7686
8.9169	13.9201
7.73464	12.2974
7.83236	12.4976
7.89759	14.2459
11.1126	14.3218
9.04624	14.4529
7.10485	13.5337
8.11175	14.3417
8.06888	13.2961
6.77007	13.8735
6.04354	14.5327
10.4133	13.0958
8.46227	12.7968
8.59511	12.4853
10.7223	13.4047
8.65614	12.6303
8.7297	13.6752
7.77789	13.0612
7.80171	14.093
8.25155	14.4555
9.39843	12.9137
7.77973	13.2312
7.61413	14.5339
7.01942	13.8924
8.57273	14.0259
8.20354	13.4034
7.6574	14.6498
8.30869	14.0949
7.86918	12.6541
9.3185	13.9132
9.36949	13.6013
6.10244	12.66
8.37214	13.2878
7.49773	12.901
7.84492	14.3709
6.78093	12.7475
8.02148	12.7167
8.35212	11.8188
8.34687	13.7396
7.04621	14.9651
6.06194	13.846
9.27677	11.4349
7.53493	14.1352
9.98574	13.0687
6.05614	13.8051
9.01914	12.7828
7.05964	14.5986
7.91114	12.6433
7.95371	13.2258
8.53541	13.5165
7.87835	13.4762
8.57133	12.3394
8.60829	14.7235
7.07768	13.353
7.29169	12.8503
8.56705	12.8216
8.33936	12.6716
8.28658	12.3154
7.64697	14.6515
6.11803	13.5701
9.56392	11.3056
9.33908	13.9832
9.48459	13.4173
8.15364	12.5078
6.28507	14.6162
9.50599	13.1499
7.23179	13.3958
8.21525	14.5882
7.29015	13.3986
9.47606	13.6118
6.63505	14.1496
7.90239	12.2838
8.84174	11.9307
7.48979	13.9473
6.76575	12.3396
9.31089	14.4232
7.82465	12.5854
6.36868	14.7562
6.83966	12.995
7.29731	13.3526
7.39367	14.303
9.29966	13.5791
6.13571	12.9167
7.21151	12.8472
9.17833	12.6055
6.1658	12.0538
6.22502	13.5202
10.1706	10.3202
7.18223	14.7716
8.4263	13.1969
8.14603	13.4749
8.50648	13.9035
10.3987	12.8243
6.38876	12.3819
8.4151	14.9169
7.50366	13.2271
6.08009	12.1065
7.16801	13.7158
8.00488	14.4122
7.16181	13.0491
8.01084	13.5085
8.7284	13.0799
7.93383	14.3508
8.42842	14.601
6.81454	14.2547
7.06063	14.6729
8.51896	14.9696
8.40977	12.9147
8.09598	13.0217
9.02727	13.6235
8.88916	14.2741
6.65206	13.2531
10.7241	12.6625
9.17178	14.2696
8.27418	12.2423
6.31011	13.3008
9.02898	14.622
6.55317	13.5104
8.71393	13.7791
7.16641	14.1669
7.15853	14.2474
6.57683	14.2601
6.34562	13.5048
6.13666	12.6585
10.2697	13.3414
6.02569	13.6669
9.04152	13.1142
7.41092	12.9555
7.50993	13.5647
8.69304	12.6654
9.32053	13.8553
7.55005	13.8952
7.35296	12.7286
7.85139	12.1193
7.19294	12.3322
7.58133	14.742
7.83657	12.4474
7.36976	13.3631
7.65805	13.3708
7.57127	12.5081
9.36156	12.3312
6.77382	14.4649
8.54976	14.9649
7.17484	13.4729
7.80885	12.0097
8.88887	14.5014
7.85016	14.6723
7.95915	12.2044
7.16324	14.8542
8.3332	14.5208
6.98568	14.1696
8.11083	14.2954
6.7301	14.7145
6.64266	12.5846
7.65365	12.4593
9.27628	13.6266
9.60201	13.654
8.60607	14.8868
7.24031	14.1169
6.93044	14.0646
8.21722	13.8324
6.448	13.5123
8.29581	12.575
7.37863	14.4631
7.16192	13.3351
8.0122	14.6523
7.52456	14.3595
6.29655	13.3193
6.11755	13.8599
8.1895	14.1277
7.77459	14.3725
8.46391	14.9643
6.82666	12.6986
10.4543	13
6.05802	12.9448
8.96413	13.1035
8.13307	12.7459
9.16007	12.6355
7.76531	13.646
8.33488	14.7524
8.48582	14.0432
7.66129	14.7532
10.4117	13.1148
9.21608	13.3581
7.34693	14.1874
7.90114	12.6094
9.53026	14.2001
7.49674	14.1217
8.86328	12.6904
9.39861	14.5583
7.55122	12.5883
8.5193	13.2576
7.25626	12.7386
9.00983	12.9867
8.42536	12.7324
8.37276	14.5962
7.48095	13.0678
6.30573	14.6967
8.82968	13.2346
8.62932	13.5647
8.04953	13.0774
6.36641	13.2364
6.50352	13.8237
8.48318	13.6335
7.61861	12.6271
8.13375	13.151
6.93604	13.6999
8.80419	14.114
6.8236	12.0507
9.36639	14.7422
5.99186	14.0382
8.93553	12.8499
7.29741	14.7409
7.70639	13.4843
5.94011	12.5946
8.80834	12.348
8.40202	12.664
9.29934	13.0635
7.6152	12.4919
9.09925	13.6991
10.0817	13.8148
8.64679	14.0062
7.07822	13.8754
8.55558	14.4641
7.35274	13.1201
7.71487	13.5857
9.19354	13.3409
6.29312	12.0618
7.45709	12.4126
8.67504	12.4708
8.45222	14.5464
8.14548	13.4092
7.94039	13.2152
6.68378	13.2784
6.01544	12.3508
8.13354	13.971
7.17896	14.022
8.49513	13.319
8.28512	14.0636
8.32637	13.7572
9.56022	14.6873
9.38711	12.2314
7.13236	14.4852
6.15213	14.8416
6.84122	13.7823
6.63063	13.1045
7.15987	14.4133
8.19657	13.2045
6.67382	12.9961
7.78384	14.4258
8.23636	14.1039
7.68668	14.9578
8.66054	14.1243
8.37299	12.5426
8.27377	13.5893
8.05085	11.9571
6.98631	14.1244
7.01531	13.8186
7.3521	11.818
8.06024	14.5852
9.11178	14.7858
9.04904	13.9841
8.85906	13.0466
6.43915	13.6615
8.92588	13.2072
8.73293	14.4612
8.09158	12.6423
6.67599	14.4601
9.32184	13.2048
6.79368	12.7949
8.05583	13.7834
7.35853	14.0112
8.67861	13.4168
8.05713	13.7017
8.59853	13.5775
9.33642	14.57
8.53336	14.6747
7.66297	14.5461
7.32016	13.8892
7.88733	14.6274
7.55587	14.5204
7.53081	13.7956
9.00998	14.0157
11.8698	11.9306
7.31317	13.9206
6.74238	12.9232
8.52485	13.5781
8.63331	13.8318
7.98974	13.3277
6.71723	14.8267
8.14795	14.4318
8.13132	14.0558
6.35678	14.934
8.45921	14.09
8.34077	13.4608
8.41905	12.7923
7.73136	12.4087
9.17657	12.2149
7.33122	13.2343
6.89196	12.447
9.96804	14.8903
13.6332	12.2348
9.85756	13.4831
6.78538	14.4709
6.34756	14.8179
7.50294	13.3103
8.78696	14.3455
9.58084	14.1548
8.04622	14.0452
6.92921	14.3002
8.66775	12.9714
6.15603	14.2988
9.44049	14.5424
6.0247	14.1307
9.29041	14.1757
6.65951	12.7421
8.03822	12.1337
7.74658	14.0695
6.83548	12.7395
9.6787	14.0656
8.78168	13.7954
8.14976	14.0532
8.50748	12.8403
6.95275	13.9892
6.60218	14.4606
8.26245	13.2655
7.85136	12.3793
6.06047	13.3753
6.75108	14.2782
9.11541	12.4431
6.39854	14.2991
9.12575	14.6959
8.10661	14.654
6.48234	14.0793
7.0133	13.9339
9.37959	13.6177
8.54875	13.6848
6.53492	12.8512
6.69256	12.4229
6.36603	13.269
5.97312	12.7239
8.52134	13.3871
6.1932	13.6725
6.47105	13.8762
9.69453	13.6238
7.749	13.8052
8.93641	14.7393
8.62349	12.9167
6.79274	11.9795
7.32078	12.9908
7.62193	12.6541
8.29692	13.981
6.2313	13.9201
7.14012	14.9527
8.64184	14.0866
7.76227	14.562
7.97307	13.3032
7.41889	13.3762
6.34196	13.658
8.09272	13.9092
7.75123	13.434
7.79286	12.6662
6.60496	13.216
7.83186	14.3858
6.29229	14.0528
8.44908	12.4397
9.10092	14.5213
9.00905	14.8068
8.074	14.6821
7.02735	12.5616
8.86754	12.698
6.41527	13.8533
8.63406	12.6577
7.44721	12.4694
8.22966	14.5963
8.3875	14.4401
7.13396	13.2231
8.52456	13.3678
9.07089	13.6774
7.37759	14.5337
6.73998	12.1296
9.65293	13.0581
7.64852	14.6051
8.48584	13.8148
6.63433	12.4617
7.84073	12.3761
8.73534	14.9178
7.32728	14.1601
9.98045	11.7554
6.51444	13.5539
6.64475	12.8866
8.30724	13.8393
6.52494	13.9545
9.93927	8.33863
8.78305	12.4956
9.12437	14.1662
7.01703	13.1771
8.41249	13.0515
8.24947	14.1013
8.86213	14.4851
6.60742	12.4948
8.55165	12.794
6.61121	14.7046
9.17973	14.5253
9.09032	11.9079
8.85263	14.0671
7.54461	13.0989
9.92846	12.5772
8.34846	13.3066
8.65703	14.1004
8.25147	13.3128
8.84856	12.38
8.04262	14.5026
9.16088	12.0469
7.33618	12.2777
8.42057	14.1931
7.38339	12.7746
8.66284	14.7231
7.21862	12.2906
8.19169	14.2599
6.24795	14.1227
6.45855	12.9279
9.60462	14.5616
7.5051	13.7716
6.51993	12.3892
7.93802	12.3132
8.5145	14.7401
6.50008	13.041
7.90516	13.3335
7.49181	13.6928
8.36598	12.3634
8.46524	13.9417
6.28666	14.6612
7.64226	14.6432
7.01514	14.088
9.39043	12.6721
7.48368	12.5896
8.18851	14.9493
6.6015	13.213
6.04786	13.3612
8.93128	14.2228
8.64801	14.949
8.06371	12.4007
7.34788	12.9047
9.02107	14.0265
8.85418	14.2776
7.59659	11.9597
7.75743	14.8168
8.52645	12.6393
6.47208	14.4966
6.10112	14.4315
7.34378	14.8677
11.1765	11.8198
5.96206	12.2979
7.84532	12.4423
7.59244	14.7647
8.17474	14.9531
6.03329	12.0855
6.46787	12.2954
5.87123	13.5276
8.8525	14.2979
8.23176	12.2172
8.11859	11.9927
9.35454	14.9099
9.51276	13.5915
7.91461	13.5175
8.79371	14.8092
7.83861	14.8973
6.52742	13.4965
7.1544	14.7995
7.17224	14.2905
8.33243	14.8318
8.01626	11.9671
8.48301	13.4423
7.97889	14.6042
7.36281	12.9184
7.39509	13.6788
8.70233	14.6518
9.73423	14.7924
9.32916	12.0225
8.70817	13.9574
9.60941	13.0015
7.37269	13.3058
7.98776	13.8823
8.87492	14.2651
8.07316	13.2871
7.50176	12.43
7.18549	13.2954
7.74515	14.5031
6.12107	13.2204
7.19322	12.9811
8.90075	14.7088
8.92419	14.963
10.0591	14.0348
7.20995	14.7549
11.3995	12.9656
7.01839	14.1675
7.21245	14.7898
7.06657	14.5975
8.66288	13.3668
6.2862	13.0582
6.83508	14.6933
7.48148	14.2761
8.27275	13.3327
7.75748	12.5507
7.10279	13.9355
6.86961	14.7165
8.9566	12.0864
7.26611	14.3128
7.90104	13.8139
9.15156	14.2159
6.028	12.9005
9.27432	12.4527
6.79582	12.609
7.23501	14.6087
9.06423	12.7491
9.08594	12.1178
6.96054	13.3203
8.68393	13.122
7.74848	12.8012
6.98564	13.6336
8.67445	12.4263
7.66737	13.5509
7.64752	12.1656
9.62897	13.4229
8.37625	12.776
8.89587	12.2851
7.98396	13.6751
6.26094	14.6968
6.85897	13.6289
6.35744	12.2292
8.46893	12.5585
8.49466	13.416
7.66269	13.9165
9.09882	12.5342
8.56473	14.4564
8.13204	14.4688
8.11715	12.3901
6.03662	13.2505
6.85371	14.4256
8.25583	12.5167
7.68014	12.529
8.3245	13.2682
8.85985	13.5291
7.94051	13.5465
7.02998	14.4689
10.6226	12.8606
8.25367	13.8814
7.9711	12.6201
8.73158	13.4475
8.32342	13.9875
6.87626	13.9053
7.69135	14.29
9.28957	14.773
10.4096	14.8548
8.91819	12.7455
8.89862	13.9459
7.79267	14.3855
7.61526	13.5202
9.33188	14.8109
6.45476	14.4998
6.82036	13.7608
5.86393	14.0846
8.48723	13.2708
6.04293	14.3927
8.07177	12.595
6.21226	13.1942
8.17038	13.2017
9.22495	14.8726
7.51972	13.8823
6.60107	13.5263
8.46543	13.3225
7.20946	12.4707
10.1503	14.8319
8.92097	14.6371
6.26952	12.2929
7.09859	12.1866
8.10628	14.8375
6.20535	12.976
8.50806	14.4848
10.2429	11.0304
11.6375	13.4976
6.91617	14.2487
9.4585	13.041
8.95304	13.2232
6.59359	12.6817
9.09989	13.3859
7.07781	13.7977
7.95526	13.6531
8.40426	13.4963
8.57266	12.3922
6.04995	13.1553
6.87962	13.4756
7.93845	13.5723
6.90351	13.7212
7.85494	12.7074
7.9788	14.1733
8.20211	13.4594
8.1934	12.9548
8.33982	12.0331
6.64201	13.4432
10.8888	10.9258
7.43892	14.811
7.39628	14.3215
8.95645	14.355
7.15157	14.5686
6.83284	13.3232
6.96905	13.9086
7.10605	13.1739
9.35685	14.6047
6.4301	14.9431
5.73339	14.2356
9.07024	13.3713
9.10335	14.5736
9.34439	12.1304
8.11548	14.8333
9.66743	14.4901
6.11756	12.5505
7.7032	14.6927
8.03061	12.1078
7.64168	14.552
9.90474	12.3322
8.07216	14.6429
7.49905	14.8655
8.54405	12.8312
8.5509	14.7466
8.79506	12.1656
7.55934	13.8444
8.43069	13.7232
8.35461	13.3636
10.3357	8.5285
7.05859	14.8124
6.9521	13.5972
6.34757	14.3401
9.20319	14.1593
6.07806	14.3673
8.29695	12.6171
7.97629	13.9583
8.03234	13.1352
7.88743	13.3251
9.05405	14.3264
8.92609	13.0042
7.21222	14.6313
8.03524	13.2105
8.23528	12.7687
7.454	13.0244
6.93879	14.4625
7.99887	12.9831
8.87824	13.8253
8.77357	12.7583
9.07639	13.8597
9.85308	13.1742
6.57635	13.8954
8.08354	13.2759
7.14913	12.1465
5.87386	13.5372
9.22805	13.7999
8.23379	13.1868
8.3598	14.1184
8.57083	14.6828
7.55026	14.2322
7.84211	14.7836
6.65128	14.2148
8.09089	13.9903
8.0284	13.6213
7.24185	12.6875
7.31654	12.181
5.88753	12.7922
7.96164	11.8062
6.56593	13.3301
7.08513	14.7943
8.5022	14.6337
7.09027	14.6705
8.00579	12.7727
6.61574	12.2196
10.8239	13.3411
8.88754	12.4479
8.02822	14.7031
7.50445	14.7274
7.80906	13.1501
5.90751	13.5932
7.91783	13.9568
8.44469	13.8106
8.99542	14.9206
7.8996	12.9199
7.71642	13.045
6.97257	13.6822
8.75178	12.7297
7.85589	14.0786
6.45185	13.0628
7.22298	13.5449
8.67235	12.2846
8.08791	12.0188
7.84651	12.4096
9.03986	12.5191
7.37286	14.8211
8.46121	14.4497
6.04772	12.2478
8.14881	13.4396
9.52979	13.9042
7.46135	12.1462
6.78307	12.0197
7.66366	13.8063
8.976	14.0021
9.78905	10.4646
7.21773	13.6579
7.26637	14.6407
6.39609	13.8135
9.20608	12.4272
8.07802	13.4625
6.70456	13.0995
7.04768	13.8138
6.74677	14.8802
6.41629	12.2632
8.73412	13.6702
6.62973	13.1492
7.60675	14.0689
8.99892	13.8412
8.46656	13.1225
9.01522	14.2752
8.09425	12.2302
7.42434	14.0094
7.72535	14.547
7.34689	12.6113
7.80207	14.8092
7.4057	12.2107
7.8325	12.1904
8.555	12.2296
9.7565	12.859
9.11726	12.2564
8.40309	14.1774
6.29696	13.137
8.64557	14.371
9.53561	12.9545
6.8334	12.9372
9.92703	12.2746
6.49731	14.8875
8.12975	13.1483
7.76169	13.8788
9.92833	14.4145
8.92051	14.2161
8.39322	13.0409
7.15644	14.1589
7.92399	14.0394
9.14566	13.986
8.07784	14.5623
6.71188	14.3851
9.37113	12.4302
7.72005	13.3336
8.80405	14.8992
8.35879	14.9637
7.69899	12.6011
9.04471	14.8232
9.26392	13.2095
7.28711	13.4656
7.66759	12.2417
6.74077	13.7249
7.44277	12.3987
8.30101	12.8825
9.32717	13.4643
9.17795	12.9446
9.12452	13.562
6.7964	14.1739
7.45374	12.7451
6.72907	14.5279
8.76535	13.7381
8.79331	13.9194
7.58194	13.7226
9.11476	11.9698
9.72821	12.3195
8.79367	14.3014
7.0781	14.7441
8.60785	14.8309
6.3938	14.8149
7.63322	14.1464
9.22484	14.0871
7.69181	12.2206
8.03137	14.5695
9.09034	13.3138
8.18966	12.4778
8.44222	13.3818
8.35991	14.608
9.08314	14.0786
7.90519	13.5689
8.40265	12.7371
8.82918	12.2287
9.12714	14.9104
7.72828	14.6231
8.16177	12.4348
7.04275	13.4417
6.0675	13.4985
7.76626	13.3115
7.67285	14.4449
6.55765	14.5057
9.21811	14.6
8.6295	12.9777
6.69583	13.3461
8.40218	12.7886
8.25837	12.1152
8.97771	12.0459
7.45299	14.7733
9.27515	13.0016
7.55553	14.7315
7.44364	13.0345
7.71007	14.6749
8.47126	14.5202
7.1856	14.0649
8.95347	12.2466
7.56059	13.8078
6.74004	13.7857
8.0711	14.2075
6.7314	13.6754
6.53155	12.5715
7.58106	12.8914
8.74277	14.3696
5.99848	13.4175
7.03356	12
9.07637	12.582
9.04951	12.9433
7.85704	14.2506
8.26467	12.7345
7.90709	12.2984
6.15691	12.6548
8.49992	14.0272
9.0756	14.4545
9.00443	14.1348
7.51016	13.2724
8.1105	12.9685
7.20881	14.8572
7.2025	12.364
6.42003	14.0213
7.89286	13.7123
6.83944	13.4771
7.23028	14.2279
6.24199	13.6606
8.19607	13.9652
6.08131	12.4446
7.97168	13.5661
7.143	14.0841
7.69825	13.6859
9.11909	13.2944
7.42429	12.4171
9.54585	13.4228
8.70572	14.7295
7.75107	14.328
8.29108	13.1369
7.82168	13.7828
7.77921	13.8278
6.19868	13.3575
7.80516	13.7945
8.62999	12.03
8.74157	13.9699
7.35837	14.2095
8.22565	13.6394
8.55379	14.7118
8.13439	14.2396
8.81311	13.9652
8.93732	11.7846
9.05013	12.7466
7.28895	12.8756
6.66205	14.3073
8.36851	12.2329
6.76517	13.161
7.75764	14.5902
6.7725	12.5036
8.37115	13.4113
7.1849	14.2116
7.80566	12.418
8.34161	14.4238
7.73411	12.8948
9.00542	12.8319
8.88649	14.344
6.89191	14.073
6.23348	14.5086
6.97269	13.5038
8.75344	14.1803
6.60875	12.0193
5.9838	14.7627
7.82373	13.9617
7.34984	13.6739
9.38842	14.99
7.4931	12.8236
6.14361	12.3127
8.62167	14.3116
6.931	13.4012
6.68087	13.1868
8.81087	13.7356
6.72521	11.8625
6.28861	12.8434
8.33167	11.9314
6.86073	14.3627
7.25337	14.139
7.7872	14.3819
6.40785	11.9515
9.82518	14.4732
7.38847	12.5208
8.31033	14.3569
9.87742	12.517
6.31374	13.6129
10.1427	14.1746
7.8268	13.7565
6.63139	12.9111
6.96933	14.1501
8.75386	12.6552
6.93347	11.9604
6.24188	14.1297
9.62327	13.4202
5.87453	14.0518
8.61072	13.9883
7.96745	14.2494
8.59548	12.9299
8.36486	14.1034
6.14311	14.91
8.06676	12.7168
8.26758	14.1884
9.81006	12.653
7.96408	13.7177
8.40613	14.7581
8.73157	13.2047
6.80576	12.3612
9.17841	12.1067
9.12739	13.2928
8.34679	12.8176
8.74865	12.9796
9.74774	13.9062
7.39878	13.2275
7.55498	13.017
8.08087	12.1105
7.99824	14.9559
8.88783	14.4684
7.75982	13.2301
9.61713	14.3935
7.90791	14.0341
6.79918	12.465
8.88516	13.7228
8.0701	13.7137
6.75151	14.8819
8.23066	12.2197
8.87889	13.9147
7.96895	14.0849
7.61284	12.5898
7.29038	14.2465
6.48648	14.5299
8.9061	14.9034
8.56326	14.3648
8.73111	14.342
7.10549	12.9026
6.39462	12.3353
6.9656	14.6501
8.41474	14.8324
6.70794	12.857
6.29331	12.9093
8.77059	14.7663
6.41885	12.519
8.57216	14.8194
9.03362	14.0097
8.14119	13.7285
6.63325	12.2265
11.5502	11.1513
8.26743	12.9104
6.93031	12.9283
8.36136	13.4125
8.45943	13.1104
8.86182	12.0873
8.35618	12.3993
7.84466	14.3918
8.90767	12.7447
7.34465	13.4397
7.50128	14.0068
7.73038	14.2277
8.67397	13.9581
8.33749	14.8381
8.04057	14.623
8.16205	12.8874
7.14238	14.9694
8.69427	12.3548
8.03683	13.509
8.55852	14.1286
7.74768	13.1548
8.79262	13.6352
7.68428	12.6615
8.92543	13.7192
6.91473	12.3018
7.33854	13.0409
8.06061	12.1739
8.36957	14.4679
8.11302	13.6968
7.17811	14.5931
8.27946	12.8642
10.584	12.4478
8.33436	14.2805
7.49838	14.1471
8.40727	12.7796
6.95339	13.3965
5.83772	12.6251
6.31647	13.2782
9.31074	12.4868
8.3282	13.3184
10.3831	12.6518
8.56559	14.4617
9.41387	14.8568
6.37112	14.9039
6.93126	12.6596
8.92746	13.5286
8.21961	13.0311
7.39795	12.9891
7.43808	12.903
6.73922	12.1626
7.11657	14.8707
9.17413	14.0471
8.15053	14.823
7.67898	14.5489
8.54949	13.4416
9.67383	12.7387
6.79799	14.4692
7.79474	12.7046
6.49514	13.0393
8.51195	14.2584
9.24786	12.4681
8.43917	13.1716
7.78285	13.0461
5.8699	13.7944
6.78964	12.1257
7.0118	13.4936
8.23982	12.9329
8.9361	14.7362
8.47267	13.2124
8.94465	13.1549
6.64604	14.8013
8.06525	14.679
8.10431	12.9619
7.18119	11.979
6.75407	13.6273
11.0855	14.0509
10.553	14.5727
6.76153	12.1366
8.18121	14.273
8.10088	12.6598
8.84455	14.1294
8.86332	14.4596
8.01458	12.2293
9.03163	13.6504
10.6005	13.675
9.29127	13.1337
9.42834	14.2077
8.32993	12.7247
9.84894	14.28
10.1555	13.9829
9.53505	13.4036
7.99339	13.6024
8.62636	13.4175
6.90309	14.0882
6.60221	12.4179
6.14271	12.8623
8.10238	13.7923
9.70065	14.4882
7.50768	12.7639
6.81178	13.7624
8.92764	13.4501
9.49616	13.4731
8.55431	12.5702
9.86854	12.3726
9.07737	12.2963
7.80047	14.4536
7.028	14.8645
6.41899	13.7424
7.85762	12.5751
8.40337	13.0092
7.47777	13.7188
6.71336	13.0236
9.48275	14.0245
6.63465	12.4585
7.96931	14.1411
8.79675	12.634
6.93899	13.2668
9.27392	13.062
8.77395	13.9089
8.26898	13.9141
10.2259	12.4909
9.1446	13.0495
6.69131	13.7397
8.85451	13.8089
7.78878	12.2253
8.53353	14.5882
6.94638	14.9341
7.18653	14.6633
8.36224	14.2484
7.17206	12.1279
8.70069	14.5231
6.52901	13.514
6.18633	13.1304
8.29082	12.9727
7.32106	14.102
7.63436	14.3437
5.93307	12.73
8.38601	12.4632
8.02737	13.6352
8.20796	13.7108
7.90246	13.6037
8.88247	13.4671
7.47973	14.0185
8.44797	13.0622
6.74592	13.2814
7.75724	14.2703
7.95934	12.1819
7.3672	13.391
6.95692	13.5476
6.04404	14.9834
6.95545	14.4855
7.8663	14.6614
9.36285	13.0189
6.51814	12.323
8.6433	14.1231
7.93404	13.5328
9.36461	11.9996
9.28697	14.25
8.19808	14.4852
8.17463	12.6774
8.66812	14.953
7.88558	13.2162
7.90698	12.4352
8.15896	12.7261
8.79501	12.8303
8.06583	14.5485
9.20227	14.569
7.3532	12.4491
9.06564	11.8856
7.24754	12.1484
10.1132	13.7056
9.62724	12.1694
7.80299	13.118
7.31364	14.3043
8.6137	13.2947
7.63131	14.8881
7.52776	12.2502
8.38241	13.3315
6.44255	13.7301
8.86251	14.8187
7.19601	13.4639
7.88473	14.3018
7.14028	13.3509
8.23467	14.0745
7.15717	14.4332
7.84094	12.5187
9.24166	14.4993
8.7778	14.9131
7.13627	13.5971
6.99952	14.0567
8.52321	13.72
6.93744	14.3277
8.26496	12.9568
7.58443	12.5608
8.31095	13.4411
7.60374	13.0512
7.63928	13.6252
5.98976	12.1767
10.019	11.6272
7.59079	13.9283
7.93708	13.7657
8.85848	13.8115
6.87808	12.8389
7.75268	13.5013
7.11876	12.4822
7.42044	14.5041
9.30607	14.7932
7.45786	13.6049
9.36284	13.6434
9.07858	14.2717
8.74623	14.4178
6.88765	14.2371
8.67909	14.6545
7.31757	13.0407
7.53366	14.5926
8.367	13.4409
8.9269	14.0792
7.53249	14.9431
9.79273	14.2318
9.60497	13.362
8.40711	13.1683
6.39338	14.3682
13.4852	-7.34415
6.8841	14.0241
7.92805	12.5742
7.04505	14.3227
7.03614	13.1306
6.61531	13.2672
7.97057	13.1348
6.01157	13.8135
6.64014	14.621
9.48678	12.2231
7.6198	14.9024
7.46099	13.7693
7.51927	12.9781
7.66118	14.9013
7.15249	12.1644
7.29736	13.5187
9.23533	13.9886
8.43169	14.93
6.04969	14.8917
9.06602	12.5915
7.31915	12.8298
9.42735	12.4544
9.65733	11.6044
7.26681	12.381
7.81249	13.2299
8.1296	12.2392
11.5729	14.6392
8.98166	14.0604
7.45184	14.9363
6.80809	14.5213
8.86792	13.4489
7.27164	14.2177
8.33376	13.3217
8.65383	12.3828
6.37118	12.5697
6.3122	12.0284
7.67837	12.4656
7.6243	13.0105
6.69552	13.3673
9.63417	13.4501
8.84063	14.2771
8.26437	11.8047
6.72007	12.9824
6.0861	14.6108
7.02933	12.9876
6.93529	12.5717
10.1888	13.2858
7.86178	13.5905
6.70229	13.7304
8.83573	13.553
9.51818	13.9123
8.23499	13.5537
7.17726	14.2851
7.4681	12.4291
9.68389	12.0123
8.81811	13.0282
8.3839	13.4484
10.6272	12.3324
6.23504	14.0055
7.0216	11.9351
6.44919	13.9522
7.94569	13.7499
6.07565	13.4844
8.47339	14.1844
6.58867	12.7123
7.97402	12.4386
9.58772	12.7787
6.13218	14.2102
7.31333	14.8723
7.41887	13.7129
6.05449	12.8166
6.51768	12.7384
8.32486	13.2902
8.15755	13.2311
8.24649	14.8974
7.13855	13.4602
8.32512	14.4435
8.45254	11.9659
7.59088	14.2107
8.80734	14.3355
9.44655	14.4525
6.96072	13.947
6.98449	11.9582
6.90586	14.7553
14.3395	14.9034
6.83522	12.855
6.86981	12.7791
8.24615	14.7528
7.99618	12.6474
9.93176	12.5719
8.08619	14.2727
9.12073	14.32
8.51852	14.4832
11.268	3.41791
7.73589	13.6492
9.24674	12.6784
7.3841	13.236
6.03345	12.8873
7.22157	13.0387
6.38404	14.714
7.63012	13.7451
8.35526	12.4111
10.2378	13.2069
8.89569	14.6132
6.30004	13.9088
7.36225	14.3257
8.81268	13.8713
8.18266	13.6917
7.65502	12.7092
7.28466	13.2651
8.12599	11.7366
7.54184	14.3927
7.60523	13.8506
7.16233	12.4714
8.35354	13.7216
6.98958	13.7066
8.87549	13.6868
9.00873	12.8565
7.58092	12.1905
6.86282	12.5228
8.61558	13.6595
6.44652	13.5516
7.08743	14.3374
8.40899	13.8204
8.34386	13.2373
6.55354	13.6614
6.41206	13.2981
8.41037	13.3855
9.7024	12.8499
5.79765	12.9324
8.73212	13.549
7.49784	13.7412
8.13671	14.3967
9.35261	14.6881
7.42196	13.0093
8.27007	13.021
7.32748	13.2053
10.7563	10.5655
9.89289	12.6383
9.48802	13.5033
8.2503	14.7145
10.652	13.4047
8.20027	14.7837
6.13639	12.9574
8.35224	13.433
8.30154	12.5592
8.35131	12.0869
8.40308	13.6552
9.31002	12.4043
9.10992	14.3582
7.76283	12.9681
7.13087	12.885
8.74936	13.6937
8.23247	14.0366
7.64277	13.1329
8.67554	12.6291
8.07366	14.9036
9.32882	13.8461
10.2875	13.667
7.06661	14.4513
6.63805	14.6587
7.73585	13.6779
6.39066	13.8356
8.95712	14.8937
7.20484	14.9235
8.55064	14.0744
9.34496	12.6913
7.11749	13.7095
7.53784	14.6456
9.02695	14.0024
7.56536	14.3418
8.65822	13.6871
8.45532	12.0077
7.66036	12.7791
6.90441	14.4053
8.81435	12.8365
10.3783	12.8206
6.94429	13.3378
9.73401	12.2759
10.1976	12.932
9.01419	14.6872
8.83491	13.1851
9.03967	14.9585
6.79678	14.514
6.27723	12.7299
8.79711	13.6449
7.77102	13.5537
8.80317	12.5348
8.15905	13.3035
9.20136	13.8997
7.81317	14.4717
8.2556	14.9074
7.43834	14.7735
6.40554	14.4742
7.09026	12.3893
9.03034	13.1319
8.40227	14.8084
7.94791	14.4541
6.35616	13.0685
8.47876	14.3538
7.78548	13.9449
6.35973	13.6947
7.37173	14.6449
9.17411	12.144
7.79543	14.55
8.74656	14.0666
8.92497	12.267
6.60112	13.9075
6.59908	14.3631
7.25155	14.3134
7.46881	14.3947
9.14781	14.0842
8.48706	12.8749
10.951	12.9179
6.30565	13.9584
7.02174	12.726
6.24736	13.2904
8.45269	12.9827
9.26592	14.7414
7.56175	12.3422
9.90772	14.0666
8.51341	12.5514
8.9039	14.6708
8.94274	12.5407
8.21933	12.1696
6.43133	14.468
6.03355	14.2881
7.50556	14.9165
6.31932	14.39
9.95146	13.6279
8.07727	13.7611
9.53402	13.517
9.37399	14.4706
8.79253	13.6728
7.98542	14.0211
9.1795	14.3233
8.55616	14.0446
7.58269	14.2136
7.59487	14.8762
7.48958	13.7275
8.34242	12.4786
6.91996	13.26
8.62648	13.5701
7.0629	13.9275
6.67676	12.7456
7.80031	14.6513
8.75046	12.2018
8.64756	13.1585
8.8233	13.652
6.58547	13.3394
10.0032	14.8724
9.46851	14.7529
6.37634	13.1988
8.28075	13.0229
8.83314	12.2089
8.40114	12.5319
8.07456	13.8015
7.99553	14.3963
8.58535	12.3177
7.50626	14.4703
8.46777	14.7745
8.39749	12.9167
8.94804	14.4201
8.53172	13.1854
8.29597	14.9704
8.70165	13.7049
6.95482	12.608
9.12693	14.5946
8.99371	14.4399
7.59717	12.6972
8.62289	14.6622
8.05381	14.1981
7.95045	14.7098
7.0437	14.0537
6.14265	12.7996
7.08884	13.9264
9.51073	14.1912
8.43643	14.4073
8.23234	14.3912
9.06693	14.5918
8.25625	14.5449
8.41675	13.0604
7.61876	13.765
6.99101	13.1648
7.89355	14.9648
8.61392	12.5863
6.45554	14.9011
7.22789	14.7345
8.29923	12.2223
6.31716	13.6727
7.0404	12.0167
8.23986	14.0715
9.56174	12.9705
6.57862	14.8122
8.64465	13.6657
8.77089	14.2017
7.29455	13.665
7.76038	12.6629
8.97384	13.8288
6.25374	13.5601
8.59553	13.6942
7.76647	12.7741
9.8749	11.911
7.47455	13.8445
6.78387	13.6265
8.48714	12.8592
7.28176	14.4161
7.58233	12.8883
7.54305	13.4213
6.70456	12.9787
8.27609	14.1608
7.47025	14.597
6.20789	13.5451
7.45423	14.5337
7.97721	14.7373
8.76055	14.5881
6.8968	12.2819
6.76982	13.8227
9.69517	14.4967
8.10698	14.3329
6.75825	14.3684
8.63653	12.9966
8.29518	14.3817
7.31897	13.8306
7.15949	14.9815
6.79841	14.5692
7.97181	13.3082
7.25662	13.9132
6.8656	12.8016
6.78506	13.857
7.59585	14.0964
9.28271	13.2071
9.67266	14.6186
7.33969	14.2228
6.42637	13.884
7.37217	14.116
6.95705	14.6887
8.58163	13.9772
7.46384	13.6181
6.64933	14.2984
8.29317	12.5448
8.27117	13.9677
7.57064	12.2156
9.40571	14.7366
7.08971	12.2395
6.36947	14.1209
6.7869	12.2534
8.3336	14.4119
8.40583	13.7145
7.13395	13.2245
6.59459	13.8135
7.40707	14.2288
7.84245	13.1622
7.37853	13.9897
7.7077	14.0945
8.27455	13.5633
10.1898	13.4133
6.63505	13.5739
12.1083	10.243
6.54914	12.695
9.35987	11.7695
7.60391	14.8035
7.04302	13.9287
7.36561	12.6568
9.07427	13.868
6.48327	12.895
8.52211	12.3343
6.09826	14.6465
8.02097	14.2487
6.32525	13.701
7.22753	14.6008
7.34242	13.5622
6.02221	14.3938
9.01588	12.3438
9.13024	14.3603
7.82369	13.3913
10.1064	13.4171
8.89468	14.3824
8.05106	14.9629
8.12517	14.0164
8.27452	13.0722
8.07376	14.862
8.55031	13.5454
7.03901	13.9053
7.89436	13.8871
6.90084	13.2812
8.59397	14.6369
7.67465	14.2459
7.58342	13.624
8.65773	13.3473
9.5466	13.458
7.42783	13.4162
8.6747	13.7505
6.80781	13.542
8.54002	14.1307
7.80111	13.0119
8.40658	14.1615
7.51061	13.0741
7.51849	14.3925
7.59165	14.7807
8.83405	14.4437
7.79589	14.2201
9.93086	13.1298
6.66939	14.6373
8.36357	14.9076
8.31739	13.8579
10.0792	13.6143
8.60788	13.9791
8.68638	14.5136
8.20305	13.6962
7.61034	12.5882
8.4985	12.8527
7.27041	13.6112
6.6554	14.2049
7.97633	12.8402
7.99692	14.7177
8.00562	12.6835
8.37535	13.3372
7.68741	13.2469
10.1109	12.9384
9.45528	12.0825
8.6412	14.164
7.06997	13.1719
8.57049	12.4035
8.23044	14.7903
7.74882	14.8506
9.32432	14.1385
8.41939	14.6691
6.4883	13.9673
7.58053	13.2519
9.17588	12.6825
7.06674	13.5458
6.2337	14.5355
8.72554	13.9024
8.62655	13.0463
7.97774	14.5167
8.52801	11.9255
7.85534	13.5986
7.86707	12.8233
9.99205	14.0901
8.33775	14.919
7.45266	12.6922
7.48755	12.6241
10.0437	13.1927
6.68968	14.6691
8.77494	13.3816
8.03902	13.2233
9.34485	13.6226
8.83713	12.7747
9.06355	12.5693
8.82973	12.6884
9.7562	7.83067
6.95532	12.8158
8.13212	13.5134
8.03713	12.735
9.06492	12.8484
7.67168	12.1777
6.49832	12.7547
7.15953	14.9402
6.53294	13.9666
8.48859	12.6656
8.49961	12.562
7.4961	14.7376
9.00351	14.3471
6.78402	14.852
8.06184	13.4456
9.46905	13.0482
10.8374	12.6778
6.5835	12.8568
8.61489	14.3066
8.79433	13.6326
9.4536	13.9498
7.62533	13.2502
7.65194	14.0613
7.00442	14.475
8.33768	14.1194
7.64412	13.7405
9.07119	13.3945
7.04755	13.2415
7.84619	14.8077
8.59341	14.1417
10.0216	12.5997
9.11146	14.4527
6.26921	12.0598
7.73117	13.9638
8.64035	14.7568
10.0914	14.2387
9.84186	13.9388
9.41665	12.8765
9.48426	13.25
10.0345	14.0829
8.48894	13.6154
6.71798	14.0944
9.86516	12.0796
6.79891	14.8972
10.6616	13.3266
7.12143	14.0273
6.78225	13.9199
6.94506	12.74
8.64513	12.7375
8.92758	13.2819
8.15742	14.0873
9.45245	13.288
10.136	14.0942
8.16944	12.586
9.04479	14.502
8.70114	14.0234
8.87141	14.882
10.1295	13.4827
6.94942	13.9176
7.25703	14.1225
8.5239	14.9229
9.20488	14.2808
7.38181	12.4464
7.81681	13.881
7.33422	14.9812
8.2358	13.4917
7.87142	14.4881
7.47542	12.9791
7.18402	14.1262
7.32706	12.1267
9.51106	12.8856
7.87883	13.4888
7.96226	14.7927
7.68171	12.7511
7.31715	14.3254
7.02958	14.4239
7.09228	14.9835
8.23818	12.9974
7.74596	14.1179
7.67079	14.2354
7.01934	14.8707
6.12635	13.7079
7.01695	13.5045
8.78929	14.7847
7.36671	12.5148
6.03072	13.4901
7.52339	13.8089
7.55069	12.9326
7.47588	12.9678
7.77029	14.476
6.28771	13.0029
7.88214	12.6233
6.22497	13.1383
7.80586	13.1009
8.45229	12.5603
9.35404	13.4352
9.51151	12.1311
8.41292	12.578
7.50296	14.654
8.49397	14.3879
6.48895	13.4109
7.56764	12.997
8.15458	11.9878
6.34726	12.2364
7.18899	14.6447
7.21795	13.046
6.97146	13.5617
8.75006	12.7656
7.30571	13.7884
8.35212	13.4598
6.2261	13.6106
8.43416	12.6156
8.63401	12.7911
9.49581	14.7431
8.21871	13.047
6.39101	11.8712
8.09492	12.9822
7.02665	14.2421
9.60298	13.5166
7.03827	14.8388
7.36533	12.8634
7.2492	14.4925
8.71539	13.6517
10.0932	13.8547
9.04852	14.984
7.64032	13.21
6.36893	12.5595
7.84831	12.3713
9.65078	12.1635
10.5351	14.0589
7.77734	13.1838
7.46179	12.2273
8.03362	12.6602
7.46738	12.4372
7.63508	14.8974
6.94922	13.0839
7.07463	14.0982
9.06644	14.6389
8.91401	13.9775
7.86786	13.3999
9.85609	12.4849
7.69623	14.7358
8.64384	14.2097
6.67525	13.6455
12.288	6.69865
8.87307	13.7543
6.47746	12.6135
7.61318	14.8677
7.8042	13.1744
7.56691	14.8273
9.30037	12.5264
6.57881	13.3493
8.10157	13.3203
6.65846	12.5525
7.6598	14.1386
6.60317	12.2579
9.09058	14.6916
8.44976	12.1454
10.1592	14.6674
7.82595	13.8485
8.2006	13.2097
6.17766	13.8637
7.28358	14.162
7.51747	13.1165
8.59259	12.9343
14.9054	12.628
8.07179	14.6001
8.37822	13.5274
7.50445	14.5531
7.8434	12.6993
8.07299	13.3774
7.51894	13.9336
7.14517	14.7181
6.99758	12.8193
9.56605	12.4802
8.66397	13.7282
7.84104	14.4357
6.50545	12.8942
6.24833	13.4381
9.08644	14.3466
6.01963	12.1994
7.97604	13.1285
7.75045	14.4703
10.3368	12.75
6.36456	14.819
7.18272	14.2103
8.78309	13.4076
7.36201	13.5567
7.29201	12.919
6.03316	13.9433
7.83679	14.8197
8.73144	13.254
8.42511	12.1395
8.10091	13.6226
8.47678	13.3892
6.07761	12.0641
8.64662	11.9799
7.90568	12.219
9.71136	12.4808
6.5856	13.6018
8.31691	14.4736
7.17811	14.4999
6.23085	13.5092
8.89222	13.0633
8.76236	12.473
7.98701	14.4407
7.71517	14.8885
8.0385	12.1887
6.65463	13.5342
9.18502	13.1564
10.2029	14.4275
7.06801	14.299
8.11802	14.0801
6.17612	13.9004
8.67129	12.2689
8.08812	12.6977
8.8284	13.7134
7.22438	14.9458
8.19104	13.7391
6.9451	12.9797
8.10108	14.0609
8.42539	12.228
8.48358	13.926
8.15107	13.4769
6.2735	12.7305
8.70356	12.7012
13.348	4.66589
7.96623	14.8855
8.71268	14.8694
6.07746	13.2902
7.48075	13.9902
8.1886	14.1328
6.42786	13.0641
8.3124	14.9315
8.6477	12.2409
9.37519	13.418
8.03972	14.7811
9.52316	13.1078
8.21553	14.3307
7.90231	14.0313
7.79525	14.1714
7.87627	13.0889
9.73367	13.4467
7.99471	12.959
8.99718	11.671
7.00705	12.8327
7.75796	14.7504
6.88647	14.1084
7.71375	11.8484
8.90756	13.8683
6.38779	14.1043
6.11838	14.6773
8.83893	12.4241
8.67828	12.8615
8.3259	12.4617
8.31853	14.0118
9.09484	14.396
6.01354	13.1338
7.96336	13.0891
7.13889	13.6599
8.42882	13.7168
8.99829	13.9592
7.06288	14.3577
6.49946	13.6393
8.3257	12.8492
8.75989	12.5249
7.98365	14.7954
7.73238	13.5159
8.64413	14.668
6.7758	12.5412
10.5599	13.1805
8.09949	14.5039
7.2907	11.906
8.86307	14.3269
7.9586	12.4254
8.87012	12.3901
9.28388	14.6505
8.2661	13.4555
8.55295	14.0716
8.47357	13.3792
7.55545	14.4194
7.93295	13.391
7.02265	13.6323
6.76892	12.8564
8.34083	14.0912
8.20602	14.6525
8.61123	12.2031
8.66855	13.1418
6.79959	14.4218
6.73907	13.7965
6.76558	12.9941
8.54223	14.871
9.71525	13.5989
7.89913	12.108
7.50168	14.8617
7.19398	13.056
8.16354	14.1367
7.20604	12.2343
8.47664	14.4706
8.97078	13.539
11.5627	8.19878
7.3443	14.2541
9.82394	13.425
6.18375	12.9909
8.6951	12.9812
8.62449	13.0042
6.33088	12.984
7.52018	14.3922
7.21057	13.4776
6.10352	13.8199
7.04667	13.8753
8.09876	13.6122
9.14514	13.5422
6.83177	13.7787
6.66663	13.9013
9.80302	13.2631
7.33678	13.3466
8.35782	14.0054
7.7828	13.65
8.94512	12.028
8.50766	12.3466
6.07122	14.2991
8.36957	12.619
6.11583	12.3149
9.37118	12.7602
6.64602	14.1249
8.44307	13.4726
8.27614	11.944
8.16706	13.3191
7.14412	12.7628
9.05273	14.1933
9.3414	11.9318
8.87828	14.3576
10.2449	13.2458
6.48677	12.1127
8.98946	11.9709
8.06533	12.1374
6.4913	13.9638
7.81926	14.5712
8.80064	11.3771
9.18495	13.6362
7.20141	14.5876
8.45891	14.7024
10.2791	13.9139
7.26463	13.684
10.3378	14.4558
7.8736	12.7113
8.50326	13.8451
8.344	13.3857
8.32797	14.1408
8.2485	12.4073
8.79834	12.4592
8.27011	13.6196
7.96696	14.3783
9.16081	14.3036
8.53843	13.9753
9.91004	13.6047
7.14882	11.8771
8.70807	13.7214
9.1346	13.8124
8.30594	14.9708
6.92876	13.0389
9.48155	13.6213
7.7917	14.7587
7.09309	14.1526
8.18439	14.3129
9.68652	12.8615
8.62962	14.4154
8.49991	14.832
8.1215	14.2204
7.68575	12.6544
8.59181	14.0741
6.96153	12.8843
6.56007	14.6401
7.10738	14.7365
8.84773	12.1974
6.33695	12.9907
6.56645	14.8641
7.37085	13.279
8.75353	13.6723
11.5107	12.7121
9.37466	11.9327
7.09237	12.4011
7.20752	14.2175
8.83154	12.5438
7.07824	14.4148
6.91384	13.9257
7.77103	14.058
8.42793	13.4753
14.0039	7.12799
6.41685	12.8823
7.60239	12.9218
6.88936	12.2626
6.276	12.2976
7.80158	13.9582
7.85756	13.2161
7.45269	14.4056
8.6492	13.5317
7.49285	13.1879
8.83247	13.4361
12.1663	12.5804
6.29974	13.9536
8.35937	13.4112
8.13701	14.6384
8.33262	14.0229
7.49554	12.9799
7.39571	13.5143
9.32822	13.0731
8.45763	14.2024
8.35434	13.988
7.72197	14.2909
9.11759	13.1327
8.88026	12.9425
8.83061	12.2705
7.63565	12.963
6.79811	12.4623
8.99997	12.8944
8.18636	13.5675
7.19463	13.978
8.21805	13.8588
9.94426	12.5208
7.5359	13.1899
7.19072	12.4124
8.7164	14.1338
8.33335	13.438
7.15671	13.8153
7.72445	14.7362
7.93783	12.054
8.6739	12.8102
7.40219	11.945
8.30945	12.962
7.67943	14.7307
8.29088	11.9257
7.19289	14.3439
7.86363	13.3789
9.48137	14.9021
8.38124	13.1639
8.31102	12.7303
9.03385	14.822
8.62505	12.5316
8.28916	13.9258
8.2467	14.6026
7.47056	14.5311
6.48417	12.8786
8.20837	14.0726
9.1267	13.8298
7.00281	14.6544
8.61819	14.7858
9.27663	12.7505
6.02289	12.7322
7.42973	12.1143
7.25439	12.3332
7.71989	12.2745
6.87636	13.2502
7.89803	13.2029
7.51446	13.3176
8.96168	13.6105
7.45286	13.1713
8.16092	13.7323
9.07017	13.7784
6.41181	13.9011
7.75569	13.2508
10.1503	13.6983
9.6526	14.2443
8.2483	13.3959
7.19484	14.947
11.6266	14.5735
7.69456	12.5446
7.22405	11.9798
6.37134	13.8242
9.61217	14.5577
6.77653	12.8876
6.20606	13.6995
7.46191	12.733
8.88875	13.0046
8.2036	14.2865
7.81514	13.6397
10.1696	14.2475
7.33741	13.314
8.59145	12.2176
9.5772	12.1795
6.08826	13.6654
7.38745	14.297
10.3301	14.4952
6.84954	14.6649
6.5961	14.6167
8.38602	12.5231
8.93631	14.7487
9.24892	14.0204
6.27231	14.308
7.74657	13.4578
7.29691	13.9879
10.0918	14.6267
8.94783	14.4054
8.82264	12.997
6.88827	12.6862
6.2078	13.413
10.3506	13.3247
8.13131	14.8898
9.19222	13.8476
9.02515	13.8046
7.23159	14.0445
8.86654	14.661
9.67561	12.9979
8.50094	12.5162
8.18678	13.8687
7.32056	12.3289
6.44172	13.5218
8.70721	14.0376
10.199	12.929
8.7499	13.623
7.97613	12.9206
6.33154	12.7762
8.48349	13.1879
9.20902	13.2369
8.33246	12.7849
8.2028	12.7086
6.70452	12.1544
8.86689	14.8494
8.11846	13.1986
7.67521	14.2584
9.78508	14.6766
7.39412	14.1729
8.80005	13.215
7.89906	12.4156
7.28932	12.4795
8.32716	12.7075
9.22751	13.4128
7.63349	13.255
7.79565	13.9625
6.70903	14.876
6.22406	12.7728
8.79594	14.8234
7.14907	13.895
7.32779	13.0012
8.88306	14.0647
6.78938	13.6435
8.62698	14.6072
6.68802	13.0627
7.50875	12.8066
7.78586	14.5592
8.6636	13.1759
7.63463	14.5035
8.77361	13.02
6.6078	14.3446
6.47574	12.1666
9.1749	14.9641
6.98672	14.3384
8.80262	13.3512
7.0807	14.6659
8.88112	12.0927
8.74194	12.2564
7.19164	13.3757
5.87566	13.0676
6.80934	12.5258
7.40137	14.2011
6.6553	13.3902
8.1325	14.5738
8.94403	13.6726
12.7817	14.2614
6.71487	12.5868
8.65256	12.9472
9.30518	14.0793
8.61919	14.9252
7.82109	12.3254
6.8472	13.1856
8.60539	12.2904
7.55024	12.0934
7.94205	12.643
7.70116	12.4517
7.27495	12.4893
6.51279	14.4409
9.35101	14.0788
8.18945	14.2332
7.30393	13.0732
8.55869	14.9866
9.57453	12.4182
8.7093	14.2919
8.15471	12.8737
7.97973	12.144
8.10897	14.4621
9.69399	12.0531
6.32038	13.1188
8.38945	12.5773
6.4233	13.3109
9.9706	14.6292
6.57758	14.5679
8.47487	14.7837
8.04021	13.3614
9.25054	14.9306
8.75987	14.4621
7.01285	13.3697
7.727	12.9819
7.32961	14.7588
8.99756	14.7955
8.07278	12.4612
8.90172	12.9965
7.11039	12.5437
9.10295	14.8557
7.40341	13.1022
8.48325	14.0927
8.50679	13.7179
6.94302	13.6169
8.09342	13.6834
6.55056	13.7768
7.79177	13.6627
8.70512	14.8289
8.55824	14.847
6.478	13.2591
8.00446	12.9433
9.19302	13.6618
7.38675	12.9635
10.2619	12.9287
8.00266	12.6956
6.59186	13.5746
7.93813	13.0084
8.06983	14.6506
7.66956	12.6811
7.50839	13.4616
5.97215	14.6462
6.35244	13.8577
8.79513	13.5918
6.92636	13.98
8.93386	14.3105
8.70294	14.7326
8.25082	14.5618
7.71501	13.1744
6.6235	14.1691
7.76324	13.0495
9.02052	14.8075
9.82155	13.0857
9.50714	12.6773
7.79514	14.9448
8.94942	11.9522
7.73503	14.3753
8.37993	13.2605
6.91489	12.7277
6.23462	12.8602
6.72038	14.0164
7.65463	13.6325
7.49834	14.2354
8.16673	13.8368
9.50611	13.1811
8.93032	14.2663
8.10773	14.4395
9.78161	11.4304
10.1919	11.384
9.28622	14.0312
9.75079	13.3874
8.62395	13.3419
9.19667	13.6698
8.18037	13.9332
7.90494	13.1418
8.25374	13.9024
7.75173	14.9587
7.79663	13.4866
7.15952	14.3734
7.54425	13.9973
7.11154	12.2113
8.60295	14.1398
8.70011	12.6027
9.24354	12.5269
9.25346	12.3447
7.53987	13.0347
6.95121	12.9693
9.93749	13.6034
6.86507	14.6621
8.47134	13.1178
10.2155	14.9554
9.45709	13.4372
9.22626	12.7238
8.55615	12.4474
9.28154	10.2377
7.94395	12.4062
7.30959	13.6191
6.50677	14.6503
6.79742	12.2363
6.90683	13.9691
7.21141	14.3354
8.46073	13.8368
10.0836	13.2872
8.30315	13.0567
6.39451	12.4887
9.77168	13.2517
8.09554	14.2679
8.90299	13.5246
8.75214	14.4117
8.34697	14.4684
6.18132	14.0996
10.5389	13.529
8.07304	13.7211
10.5601	12.7585
6.71719	13.0864
7.15595	14.4749
9.13431	12.3008
9.46241	11.056
7.06589	12.6957
8.28221	14.771
8.5039	12.3802
9.62411	10.8719
8.28026	13.3053
8.93549	11.9866
9.58745	14.4675
8.18303	12.7311
8.93179	14.9175
8.92431	12.5127
7.58453	13.826
6.33861	12.5114
9.50845	13.9872
6.47528	14.7403
6.11029	13.622
8.98372	14.571
7.18525	14.5077
9.64781	13.094
7.8487	12.4281
5.96829	14.1919
8.9897	14.8294
6.36024	13.0264
6.78703	12.7007
7.31812	13.3873
7.70366	14.1451
8.76509	12.4902
7.98948	13.54
7.52123	13.2117
9.55586	13.3434
8.01651	13.4692
7.10749	14.021
8.99779	13.7257
8.13562	12.4651
7.49484	12.862
8.33435	14.4578
7.48161	14.0147
8.20649	14.1342
9.28551	12.1897
9.63705	14.3488
8.02926	13.0009
8.53011	12.9946
6.20529	14.9432
10.2718	13.5736
8.59493	13.4474
8.64105	14.7208
8.4986	14.1216
8.59113	12.9142
7.28217	13.5448
8.59452	13.4702
8.64731	14.874
8.73458	14.0865
8.1624	12.0684
9.59209	12.2704
7.59332	13.8302
9.37876	12.844
9.10727	13.4567
9.47986	14.9659
7.4668	12.998
9.90761	13.2331
7.248	14.9107
7.41942	12.6978
6.46797	14.4524
8.00004	14.079
6.77093	13.8738
7.22273	12.2853
6.82053	13.3242
8.97241	12.1602
8.89833	12.7804
9.16412	13.1247
9.06053	13.6239
6.81833	13.1662
7.85938	14.0191
8.3276	14.2691
7.88379	14.5191
9.38634	13.7071
8.81054	13.2622
8.40525	14.938
7.07221	14.0931
9.8946	12.3549
8.75643	13.1622
8.51326	12.5213
6.25614	13.8645
6.85549	12.2796
7.39451	14.6419
7.87568	14.3306
6.72717	14.3705
8.55605	14.5972
7.77079	14.7994
9.53568	13.1947
6.29087	13.5854
10.134	14.1954
6.59229	14.719
7.19995	14.1603
6.85859	12.3624
10.0359	13.8601
8.51004	13.5856
6.49852	13.9229
9.46568	11.8895
6.44952	14.2931
7.44394	13.8122
7.50061	13.8784
7.41822	13.2119
7.7062	14.0876
6.765	13.358
8.36273	13.6468
6.75839	13.5489
7.57644	14.7156
8.33771	14.7864
6.31056	13.5897
9.13273	12.3573
6.41195	14.082
7.3036	13.6418
7.92722	14.253
7.48644	13.3127
8.90053	12.5685
8.17399	13.258
5.93976	13.495
6.82089	14.0827
7.51914	14.3302
6.94456	14.1437
7.5194	12.1199
8.98592	14.4436
8.89797	14.0059
7.91193	13.7694
7.83077	14.1147
8.53268	12.5937
7.72854	13.9846
7.71785	13.5968
9.21793	13.927
7.35019	13.3671
8.37591	13.6413
6.99547	14.4258
8.58851	13.27
9.63453	12.8482
9.36212	14.036
5.91539	13.6961
7.34987	12.6908
6.91436	12.0146
8.40589	13.8516
6.35381	13.5628
8.02322	13.7518
8.52645	12.9277
8.95069	14.6503
7.43173	14.0292
6.72929	13.0293
8.37334	13.7118
6.81851	14.2006
9.62673	13.884
10.0077	11.9168
7.98651	14.7449
6.16598	13.6566
6.51232	13.0416
6.30548	14.9735
8.99646	12.242
8.74976	13.7795
7.67638	14.9973
6.68598	13.0002
8.89677	13.2999
8.08202	13.472
8.94407	13.1803
6.2934	13.7853
8.08771	14.5563
9.18081	12.9396
7.11418	13.1806
10.2885	14.3695
8.40939	14.2677
7.83599	13.3978
6.20323	12.55
9.47565	11.7688
7.587	13.1682
6.85894	13.0766
9.05659	13.9125
7.46066	13.3064
6.15821	13.872
6.9139	14.0085
6.77205	13.9358
8.14801	14.485
8.25785	13.0353
7.04538	13.8816
8.81995	13.9741
6.16601	14.7008
8.9075	12.6572
8.80648	12.2848
6.32206	12.9472
8.57911	13.2195
6.71624	13.2293
8.18935	13.0807
8.41696	12.4701
8.14362	14.6817
8.31278	12.1211
9.31201	11.058
8.38237	12.2525
8.54252	14.9713
8.52878	12.0802
8.20039	14.8571
7.49292	13.1831
7.65258	14.2695
7.67054	12.5704
8.71358	14.8526
8.24405	14.8416
7.77977	14.1757
7.47481	13.1456
8.55596	13.0011
7.05785	13.831
9.40518	13.214
8.86205	14.8099
6.14054	12.6291
10.4167	9.89058
5.99013	14.7776
7.34365	12.0818
8.15607	14.722
7.52269	12.2235
8.27431	12.3281
8.30136	13.2212
10.3521	13.7704
7.98895	14.7973
8.47896	14.6538
8.35994	14.6862
8.00919	12.9409
8.80282	13.4084
8.32193	14.8175
7.67621	12.3755
7.92328	14.9963
10.3946	12.6489
9.07097	14.833
7.89624	14.0357
7.04862	14.7122
6.37812	12.9241
7.16449	12.9809
7.62667	12.8618
6.52129	13.8516
8.23596	14.0452
6.52708	14.2769
8.00648	12.052
7.08025	14.5266
8.39079	13.1687
6.62145	13.6548
7.91784	13.118
10.1026	14.1653
9.4122	13.7964
9.80927	13.4124
9.39474	12.8222
7.44401	12.9465
6.52772	13.9751
8.51586	14.5359
6.29699	13.842
8.46082	12.9561
6.27289	13.8317
7.18436	13.7478
7.30698	13.2373
9.3896	12.0679
8.11621	14.3146
8.69694	14.3025
8.57134	12.3222
7.98554	14.3811
7.10501	14.9628
10.2012	11.7897
6.92174	12.7543
8.91811	12.5007
8.20481	12.9823
8.06192	14.7529
8.71187	13.4585
8.33822	14.3313
8.42283	13.9967
7.72799	14.9548
8.71577	12.3145
8.27768	13.4765
7.43226	14.5977
9.82538	13.7837
