6.66736	13.9986
5.61758	14.4481
5.97483	14.1859
8.74389	14.543
7.26923	14.5192
7.76175	14.4893
7.56387	14.0094
7.59861	13.8614
8.6899	13.9768
11.1188	14.3522
5.21592	14.8421
8.61253	14.8857
7.14108	14.8374
9.18565	14.4614
10.5161	14.2748
7.53086	14.6136
5.84604	13.3187
7.26322	14.6443
7.21351	14.3204
8.50594	14.6109
6.81616	13.9176
5.13201	13.2483
7.98004	14.2004
6.93585	13.5152
9.46637	13.8098
6.90201	14.5348
8.05142	14.1963
6.32224	13.1415
5.70782	14.7087
4.41098	13.7777
4.49274	14.7802
7.48763	14.6536
8.03232	14.9897
7.30509	14.8975
7.0601	14.0357
8.5303	14.9487
7.89449	14.396
6.96857	14.4858
6.93887	14.989
9.02073	14.9555
10.264	14.9388
7.79374	13.7038
7.50094	14.7114
7.36641	14.6982
9.2904	14.369
5.46029	14.7114
7.98256	14.0541
6.43961	14.382
7.09417	13.7505
4.93547	14.6455
12.6455	12.0229
9.00439	14.129
6.45813	13.6973
7.78534	12.6325
9.46828	14.6318
6.21119	14.1919
8.64757	14.8323
6.96156	13.0873
8.09716	14.438
6.62345	14.7522
7.96983	14.2497
8.03761	14.6786
9.92629	14.9355
7.67771	14.8302
5.93581	14.1034
5.85508	14.7439
7.81885	14.8075
5.34106	14.8141
2.1616	0.414596
5.77431	13.6652
6.81289	14.9655
7.14254	13.9581
7.80154	13.5447
8.4035	14.9789
8.70853	13.9434
6.74661	13.3944
7.41238	14.6125
6.15714	14.7731
9.0133	14.2137
7.94504	14.9457
5.71482	14.4273
9.14205	14.9123
7.22605	14.3891
6.31133	14.6395
7.22317	14.6888
4.73284	14.9883
9.00587	14.673
8.68072	14.9706
7.31942	13.6112
7.5543	13.9964
9.60747	14.9979
5.97493	13.8502
8.34833	14.538
7.12653	14.938
6.31633	14.8337
5.66527	13.841
-12.3703	13.2968
8.08574	14.4055
9.7324	14.6487
7.3355	14.3639
8.84839	14.8553
6.50778	14.906
9.3827	14.0892
9.13325	14.96
5.96169	14.2205
7.7589	13.4114
2.75299	9.24016
-4.29068	2.95716
8.5709	14.9742
7.78088	11.4288
9.59686	14.9409
7.63243	14.5538
6.94672	14.7751
6.9371	14.5017
8.71065	14.4672
8.31436	14.6545
6.18464	14.8313
8.32661	13.9568
9.1437	14.418
0.969204	9.99623
9.49193	14.4658
8.33345	14.8335
5.65401	14.8804
8.62197	14.988
7.99893	14.2999
7.07464	14.8992
7.0152	14.324
4.64209	8.30293
5.25241	14.5707
7.61585	13.8192
7.65843	14.1037
7.30897	14.797
6.70463	14.498
7.68363	13.8887
9.84567	14.2472
8.79764	13.5897
6.54253	14.7375
8.13976	14.739
11.4122	13.9738
6.30811	13.0714
6.82647	14.9268
6.64313	14.9797
9.08996	14.6161
6.89703	14.7345
4.96105	14.55
7.48746	14.4921
9.51009	14.9533
8.00877	14.9637
-0.953967	9.65057
6.83563	14.7546
6.93347	13.6467
7.22685	14.488
7.97194	14.6587
7.29497	14.1639
8.02683	13.6415
7.97963	14.4197
7.4783	12.372
9.008	14.6538
7.69866	14.1555
7.2713	14.9823
7.66825	14.808
7.61924	13.3429
4.61033	13.8233
8.30251	14.1243
7.42434	14.5392
7.07524	13.6207
4.51905	14.676
8.64158	14.7124
9.18536	14.7569
9.96834	13.8006
5.20646	13.7432
8.13217	14.2787
8.09964	14.1839
9.3366	13.6125
7.25766	13.8018
9.80042	14.388
9.50181	14.9704
6.44885	14.0672
8.98988	13.5854
6.96006	13.9196
10.2879	14.8247
8.97797	14.895
5.85352	13.6547
8.72998	14.7264
8.1342	13.8095
6.69088	14.7925
6.71904	13.1569
6.69621	14.7661
7.98956	14.032
8.59888	14.9994
7.33952	14.6493
6.87679	14.8441
7.67644	14.9379
7.2771	14.3494
6.92045	14.7981
13.7239	4.36125
7.92713	14.6082
9.08633	14.7459
8.20985	14.3004
6.03076	13.9143
8.68497	14.0637
6.59205	13.6917
9.06626	13.6214
7.24032	14.882
8.10989	13.1391
6.41752	14.6422
7.94588	14.9819
7.68495	8.51896
10.1119	13.4096
7.21754	14.6929
10.166	13.8805
9.8213	13.3952
7.84922	14.6405
6.94102	14.8865
7.99174	14.9404
7.50037	14.3945
8.43472	14.1836
5.14198	13.7953
6.61173	14.6297
8.50891	13.5634
5.11822	14.2162
6.65176	14.242
10.034	14.5244
4.70039	13.6853
9.24013	14.5043
6.92453	14.8158
8.49297	14.5104
6.7958	13.7503
8.51064	14.331
9.90671	13.7276
9.33078	14.9801
8.45463	13.338
8.01105	14.5672
7.58795	13.8499
7.26496	13.4071
8.39533	14.6156
7.77644	14.6814
7.35679	13.7887
5.84665	14.0334
8.51648	14.8644
5.17986	14.2179
6.65678	14.4213
9.23288	12.5943
7.08459	14.8189
7.14281	13.999
7.8316	14.6686
9.78135	14.8394
8.68564	14.9387
6.31371	12.8743
7.35805	13.9767
7.65635	14.9074
6.75155	14.9533
8.44494	14.6759
11.4558	14.8515
6.47769	13.7772
7.83323	14.2771
6.80754	14.5575
4.65575	13.5439
9.23194	14.6523
4.95764	14.1012
8.79973	13.6317
7.09841	14.5549
8.59199	14.4675
6.11639	14.5626
6.06073	14.5719
4.92357	8.99455
8.19681	14.8258
7.64703	13.4381
7.11127	14.4939
8.80376	14.9566
8.74725	14.1992
7.25899	12.8031
5.2853	13.3913
6.75955	14.7832
8.19269	14.3623
11.6208	14.4334
6.76618	13.8096
7.78398	14.6511
7.0271	14.6001
8.21026	14.6038
8.93634	13.997
10.1023	14.9556
8.48391	14.6883
7.73673	14.778
9.35512	14.3122
8.6196	13.9984
7.33929	13.5226
8.64871	14.1722
9.37047	14.3308
5.84274	14.7983
8.61887	14.8821
9.46352	14.2964
7.78216	13.6271
6.06022	9.48715
7.30154	14.0933
6.17642	14.5379
6.55291	14.3286
8.34262	14.2679
7.68583	14.398
1.24988	14.3251
9.29	13.8896
6.00564	11.6467
7.00221	14.0894
7.13267	13.6345
7.92408	13.664
9.5617	14.6814
9.3383	14.7644
4.40086	14.1112
7.43954	14.8019
6.53257	14.7742
7.92422	14.4937
7.47157	14.8974
8.03512	14.8885
7.28576	14.5907
7.94003	13.6291
8.98884	13.2123
5.16771	14.9816
6.53142	14.5907
5.56535	14.6214
9.24775	12.8337
8.36886	14.7269
10.0421	14.8665
7.22575	14.2569
13.7563	14.932
5.9705	14.061
7.47043	14.5222
8.18637	14.642
5.87932	14.461
7.87167	14.0566
8.3035	14.8288
7.76662	14.6405
6.80963	11.7172
7.14136	14.762
2.33994	14.6499
8.08808	14.4603
8.87626	14.7075
10.5048	14.8697
11.0652	14.0765
7.82289	14.9462
7.38428	13.7813
6.54803	14.6716
6.41039	14.9371
2.6151	11.5241
6.75505	14.3282
7.99076	14.7223
7.41546	13.4958
9.40165	14.4292
8.34457	14.3501
6.30531	14.5589
10.7789	14.9872
7.95185	13.7446
7.21115	14.0516
7.93844	13.9966
7.73271	14.8405
7.72608	14.5705
10.8824	13.5809
2.22727	12.0629
7.52874	13.8334
7.13477	13.2438
6.59048	14.2766
6.79184	14.8742
7.64037	14.9091
6.3923	14.8106
8.18544	14.6824
5.85861	12.207
6.48684	14.6171
6.95978	14.88
6.1933	13.5276
7.25776	14.7987
5.55723	14.6193
9.43274	14.3621
7.54721	14.3267
7.92875	14.7752
6.67422	14.3661
9.54716	13.4761
5.21349	14.1498
6.71534	14.7143
4.88409	13.9851
5.85625	14.7443
5.53029	13.5552
9.93763	14.9621
6.55725	14.6144
6.7883	14.7588
9.05102	14.6708
6.86445	14.7684
4.94933	14.3525
6.60624	13.7207
8.27556	14.3799
9.37198	14.9536
6.81624	12.8407
8.36721	14.9108
7.29524	14.7149
9.93489	13.369
6.97515	14.2541
5.5359	13.5456
4.01165	13.5256
5.4325	14.8045
6.17844	14.4569
11.3459	10.738
7.4375	14.5874
5.9923	14.8876
9.8702	14.5994
8.33648	14.8704
11.6453	3.8878
6.60059	14.1495
8.19337	14.7013
7.52288	14.9862
-7.56768	11.0484
7.37521	13.7825
5.85198	14.7303
8.20151	13.4638
6.64377	14.8493
5.85435	12.985
-5.23715	10.4393
6.80501	14.2531
6.06319	13.8626
6.72833	14.0464
7.2842	14.4698
8.73894	12.8903
7.18968	13.9187
6.28156	13.8401
4.92005	14.3091
7.27477	13.8379
7.19887	14.8562
7.67321	14.0746
6.90164	14.8149
6.77007	13.8735
6.45319	14.3623
7.80171	14.093
8.20354	13.4034
7.6574	14.6498
8.37214	13.2878
5.6125	14.4504
7.04621	14.9651
5.07993	12.1643
6.05519	14.7761
7.87835	13.4762
5.71039	14.9608
8.60829	14.7235
8.25134	14.8995
7.64697	14.6515
6.91862	14.3352
6.36868	14.7562
6.83966	12.995
7.29731	13.3526
5.8142	14.8422
7.18223	14.7716
8.4151	14.9169
5.99158	14.5926
6.80002	14.9368
8.42842	14.601
5.35508	14.6592
9.00532	14.4278
6.31011	13.3008
7.15853	14.2474
8.55124	14.5995
5.43342	13.9295
7.19294	12.3322
3.67707	14.674
8.88887	14.5014
7.85016	14.6723
8.3332	14.5208
9.22761	14.8139
8.60607	14.8868
6.4736	14.9573
7.37863	14.4631
8.0122	14.6523
7.52456	14.3595
8.46391	14.9643
5.68246	14.9261
7.76531	13.646
8.33488	14.7524
4.6962	14.4057
7.66129	14.7532
8.37276	14.5962
7.38146	14.9728
5.63624	14.8781
9.36639	14.7422
5.50415	13.3309
6.66962	12.7299
8.64679	14.0062
7.07822	13.8754
9.88653	14.944
8.45222	14.5464
8.14548	13.4092
7.17896	14.022
6.15213	14.8416
7.15987	14.4133
8.23636	14.1039
8.06024	14.5852
9.11178	14.7858
5.4545	14.3614
10.8708	14.3539
9.04904	13.9841
8.63086	14.8976
-0.0591053	0.844602
6.43915	13.6615
8.73293	14.4612
6.67599	14.4601
7.34775	14.9204
9.33642	14.57
7.88733	14.6274
7.53081	13.7956
7.98974	13.3277
6.71723	14.8267
8.14795	14.4318
6.35678	14.934
8.45921	14.09
7.33122	13.2343
9.43913	14.2393
7.74658	14.0695
6.83548	12.7395
8.02712	7.42944
10.353	12.9795
6.60218	14.4606
6.10101	14.1126
8.69418	14.9108
3.78243	14.8695
6.75108	14.2782
6.39854	14.2991
6.03065	13.5684
6.47105	13.8762
7.26962	14.9285
7.56724	14.7756
7.76227	14.562
6.83761	14.9925
7.83186	14.3858
9.00905	14.8068
6.83494	14.445
4.94935	14.8134
5.59252	10.314
8.22966	14.5963
9.07089	13.6774
7.53552	14.4264
8.73534	14.9178
6.77243	14.7909
10.12	14.6422
9.17973	14.5253
6.40299	14.3552
9.04347	14.2075
6.28666	14.6612
7.64226	14.6432
9.34493	14.5718
7.91436	14.9872
6.18447	14.9676
7.34378	14.8677
8.17474	14.9531
9.35454	14.9099
7.83861	14.8973
8.33243	14.8318
9.33722	14.7806
7.97889	14.6042
9.73423	14.7924
8.92419	14.963
7.20995	14.7549
4.58617	14.3049
6.49835	2.49532
6.86961	14.7165
9.82604	14.9507
4.22248	14.9682
7.23501	14.6087
7.74848	12.8012
7.98396	13.6751
6.26094	14.6968
6.4347	14.4658
5.69199	14.9626
9.28957	14.773
6.0122	14.9637
7.79267	14.3855
6.45476	14.4998
6.82036	13.7608
4.83351	14.2353
6.04293	14.3927
5.71892	14.9799
10.1503	14.8319
5.29114	14.2143
8.10628	14.8375
8.17412	14.962
8.50806	14.4848
9.4585	13.041
6.6671	14.8654
7.9788	14.1733
6.96905	13.9086
-10.4929	2.60102
9.66743	14.4901
8.5509	14.7466
11.0222	6.6409
7.05859	14.8124
5.91091	13.3617
6.00082	14.6128
9.20319	14.1593
5.52225	5.89902
7.97629	13.9583
5.90691	14.4155
8.21804	14.8591
-6.11663	13.9536
3.75786	14.5042
3.95414	13.8602
7.84211	14.7836
7.16301	14.576
8.09089	13.9903
5.58671	14.6718
9.16396	14.7495
5.14023	14.1446
7.09027	14.6705
8.02822	14.7031
7.50445	14.7274
5.52011	14.9943
9.72935	13.3533
8.99542	14.9206
7.85589	14.0786
7.34436	14.684
7.37286	14.8211
8.46121	14.4497
9.52979	13.9042
7.59069	-5.07747
9.84982	-5.24889
6.40424	8.0597
7.26637	14.6407
5.5117	14.12
6.74677	14.8802
7.72535	14.547
7.92399	14.0394
8.07784	14.5623
6.7964	14.1739
5.67283	13.6926
8.60785	14.8309
6.3938	14.8149
5.76694	14.7342
9.08314	14.0786
7.90519	13.5689
7.99028	14.4543
5.8498	10.1493
7.45299	14.7733
5.66396	14.3423
13.4568	12.8498
7.85704	14.2506
6.24199	13.6606
7.97168	13.5661
7.143	14.0841
7.04876	14.9752
4.70927	14.8094
6.19868	13.3575
7.35837	14.2095
8.22565	13.6394
8.55379	14.7118
7.1849	14.2116
8.34161	14.4238
7.48035	14.8719
6.23348	14.5086
9.7373	14.9284
5.04138	13.7286
7.7872	14.3819
6.96933	14.1501
6.14311	14.91
5.63767	13.4875
7.77017	13.9072
4.87764	14.6168
8.34679	12.8176
7.99824	14.9559
3.36113	14.1125
8.88783	14.4684
8.88516	13.7228
6.75151	14.8819
5.53908	14.199
8.77059	14.7663
8.57216	14.8194
8.14119	13.7285
7.84466	14.3918
3.09401	11.1302
8.33749	14.8381
8.55852	14.1286
8.79262	13.6352
5.75521	13.5664
9.20213	14.8293
8.36957	14.4679
3.41817	13.2413
10.0917	13.8175
6.37112	14.9039
8.92746	13.5286
7.43808	12.903
7.11657	14.8707
4.15081	13.6478
8.15053	14.823
8.13919	14.906
7.78285	13.0461
8.9361	14.7362
6.64604	14.8013
8.06525	14.679
10.553	14.5727
8.18121	14.273
4.07664	5.27335
9.70065	14.4882
6.81178	13.7624
7.35383	14.5824
9.48275	14.0245
7.96931	14.1411
8.77395	13.9089
8.26898	13.9141
6.7317	10.8669
8.85451	13.8089
6.94638	14.9341
7.18653	14.6633
8.36224	14.2484
8.29082	12.9727
7.63436	14.3437
10.7769	6.25796
7.47973	14.0185
1.52811	6.37049
9.28697	14.25
8.19808	14.4852
7.53066	14.9274
8.66812	14.953
8.06583	14.5485
7.11624	14.6077
7.31364	14.3043
9.72655	14.7545
6.17266	13.8187
5.4502	13.535
5.40356	14.8261
5.73605	14.9898
9.34178	14.9457
9.30607	14.7932
8.74623	14.4178
5.84847	14.9763
7.53366	14.5926
9.79273	14.2318
6.99857	14.7151
5.79534	14.5177
7.6198	14.9024
7.46099	13.7693
7.66118	14.9013
7.45184	14.9363
7.27164	14.2177
7.34261	14.9063
8.26349	10.9317
1.87378	10.5725
-1.57677	12.2573
7.86178	13.5905
7.94569	13.7499
7.97548	14.9552
6.13218	14.2102
7.31333	14.8723
8.32512	14.4435
6.34469	14.7553
8.69311	14.8959
8.24615	14.7528
8.51852	14.4832
6.22992	14.1659
-6.70263	14.2829
6.39768	14.933
8.35526	12.4111
7.60523	13.8506
6.55471	13.6394
9.48802	13.5033
4.83523	13.9386
8.20027	14.7837
9.2806	14.0775
9.77509	14.9878
8.40308	13.6552
6.82092	14.882
9.10992	14.3582
8.23247	14.0366
7.64277	13.1329
8.07366	14.9036
7.53784	14.6456
8.36281	14.9049
9.03967	14.9585
6.79678	14.514
-4.5192	6.00112
6.40554	14.4742
9.0712	13.7981
5.04359	13.9604
7.46881	14.3947
9.90772	14.0666
6.43133	14.468
7.50556	14.9165
5.61469	14.536
3.9729	12.7796
7.80031	14.6513
9.31774	14.9324
5.62828	14.1863
9.46851	14.7529
7.99553	14.3963
7.50626	14.4703
8.46777	14.7745
8.99371	14.4399
8.62289	14.6622
7.95045	14.7098
7.0437	14.0537
4.17437	14.3552
6.09747	13.8851
8.55641	14.7767
8.43643	14.4073
8.23234	14.3912
9.06693	14.5918
6.74918	14.0073
7.89355	14.9648
6.45554	14.9011
8.77089	14.2017
7.29455	13.665
5.48412	14.9011
5.12222	14.4016
7.47025	14.597
7.97721	14.7373
8.10698	14.3329
7.25662	13.9132
6.95705	14.6887
8.58163	13.9772
8.27117	13.9677
9.40571	14.7366
-1.25848	8.66614
10.1898	13.4133
7.60391	14.8035
4.44721	12.4975
4.34697	13.8644
6.57101	13.0904
6.02221	14.3938
9.13024	14.3603
4.61749	14.8252
5.41827	14.7565
8.07376	14.862
8.55031	13.5454
7.89436	13.8871
7.24878	14.7671
7.59165	14.7807
6.66939	14.6373
10.8867	14.9961
8.68638	14.5136
6.6554	14.2049
8.37535	13.3372
7.6891	14.1788
7.74882	14.8506
8.41939	14.6691
8.39795	14.8788
6.28306	14.2524
7.58053	13.2519
4.77019	14.794
7.97774	14.5167
6.51599	14.3651
9.99205	14.0901
8.33775	14.919
4.5731	14.7904
8.98297	14.9645
6.68968	14.6691
10.2117	14.9606
7.15953	14.9402
7.4961	14.7376
8.61489	14.3066
8.79433	13.6326
8.33768	14.1194
9.07119	13.3945
7.84619	14.8077
9.11146	14.4527
6.06253	14.2125
5.52756	14.2822
8.64035	14.7568
4.87203	14.8073
9.82375	14.1725
4.9322	14.7126
6.3134	14.9822
6.64512	14.1773
8.87141	14.882
6.37903	14.5891
4.0338	7.80822
6.15573	14.088
5.88863	12.388
8.5239	14.9229
5.78089	14.798
7.33422	14.9812
6.10713	13.1194
8.2358	13.4917
7.87142	14.4881
7.09228	14.9835
7.01934	14.8707
8.78929	14.7847
7.52339	13.8089
8.49397	14.3879
10.0969	14.0166
7.30571	13.7884
7.63508	14.8974
9.06644	14.6389
8.91401	13.9775
6.47746	12.6135
9.09058	14.6916
6.05394	14.6016
7.54636	14.9291
7.2859	14.9441
5.29501	14.8071
7.51747	13.1165
9.54338	13.7634
7.50445	14.5531
7.14517	14.7181
7.14658	14.8609
7.84104	14.4357
9.08644	14.3466
-9.58479	13.8437
7.18272	14.2103
9.71878	11.6365
8.31691	14.4736
7.17811	14.4999
7.71517	14.8885
10.2029	14.4275
7.06801	14.299
6.17612	13.9004
6.73197	14.0306
7.05416	14.851
9.29507	14.862
8.71268	14.8694
3.11455	14.6138
8.03972	14.7811
5.97503	14.8903
5.08001	14.9537
8.90756	13.8683
6.38779	14.1043
6.11838	14.6773
6.78029	14.2213
9.09484	14.396
10.4148	14.6413
7.96336	13.0891
10.3276	14.5959
8.09949	14.5039
8.86307	14.3269
9.74824	13.8061
9.07512	14.7299
7.6557	14.6673
7.55545	14.4194
7.93295	13.391
8.20602	14.6525
8.66855	13.1418
6.79959	14.4218
8.54223	14.871
5.88741	14.9058
8.22881	14.9128
6.6528	14.027
8.47664	14.4706
7.3443	14.2541
8.62449	13.0042
6.83599	14.3585
6.10352	13.8199
7.02988	14.3401
5.12754	14.9675
6.07122	14.2991
6.3412	14.8433
-5.21143	10.3626
9.05273	14.1933
7.60351	12.5898
6.4913	13.9638
3.9747	6.38035
6.47898	14.2849
5.08214	14.2983
5.9798	14.8614
5.67239	14.9353
5.57325	12.9835
9.1346	13.8124
8.30594	14.9708
7.7917	14.7587
8.1215	14.2204
7.80592	14.8913
6.56007	14.6401
4.79064	13.1356
7.20752	14.2175
5.45688	14.782
14.0039	7.12799
5.63448	11.4846
11.4419	12.0401
8.13701	14.6384
5.50472	14.7171
8.45763	14.2024
8.35434	13.988
9.40822	14.482
9.10154	14.9521
4.65533	14.6656
8.7164	14.1338
7.67943	14.7307
9.76387	14.8813
-4.38046	6.90629
7.64364	14.9425
8.15996	13.9665
8.2467	14.6026
7.47056	14.5311
6.48417	12.8786
5.35504	14.8402
10.0703	14.4283
5.50325	13.8915
7.19484	14.947
5.90023	14.8516
7.26826	14.918
8.2036	14.2865
7.81514	13.6397
6.08826	13.6654
7.57209	14.8829
6.84954	14.6649
6.5961	14.6167
8.93631	14.7487
7.23159	14.0445
8.86654	14.661
5.27213	14.8937
8.70721	14.0376
8.86689	14.8494
8.42074	14.6905
7.14907	13.895
4.94899	14.343
7.63463	14.5035
8.77361	13.02
8.97087	11.1976
9.1749	14.9641
5.59602	14.2969
7.40137	14.2011
7.42344	14.9674
8.61919	14.9252
9.35101	14.0788
8.55869	14.9866
9.25054	14.9306
8.75987	14.4621
7.32961	14.7588
7.2636	14.8017
5.45312	14.558
8.70512	14.8289
6.40853	14.8697
6.41485	14.9264
7.46558	14.3459
6.92636	13.98
6.6235	14.1691
7.65463	13.6325
9.03414	13.4906
8.93032	14.2663
9.70265	14.9951
4.01496	11.3531
8.60295	14.1398
6.86507	14.6621
7.67405	14.8722
7.13597	14.9305
8.34697	14.4684
7.15595	14.4749
7.35575	14.8589
6.47528	14.7403
6.5655	14.0238
8.98372	14.571
8.9897	14.8294
7.24696	14.7602
8.33435	14.4578
7.48161	14.0147
5.79565	14.8761
6.20529	14.9432
8.64731	14.874
7.248	14.9107
10.4836	14.6195
9.8537	14.968
7.21536	14.2532
6.46797	14.4524
7.88379	14.5191
6.25614	13.8645
5.89614	14.9707
5.19861	14.4761
8.55605	14.5972
7.77079	14.7994
9.53568	13.1947
7.70849	13.694
10.134	14.1954
6.59229	14.719
5.8366	14.8123
7.19995	14.1603
5.63586	14.7631
9.22246	13.1355
3.84093	14.2358
8.33771	14.7864
6.41195	14.082
7.92722	14.253
8.89797	14.0059
12.0561	12.7274
8.37591	13.6413
5.91539	13.6961
7.43173	14.0292
-10.9524	-5.94704
7.98651	14.7449
-7.50853	-3.48141
8.08771	14.5563
5.63751	14.6165
6.85894	13.0766
7.04538	13.8816
8.81995	13.9741
6.32206	12.9472
8.14362	14.6817
6.01611	14.6761
8.71358	14.8526
9.30467	14.591
5.48075	14.6623
8.86205	14.8099
6.27255	14.7675
1.41619	14.9804
5.99013	14.7776
9.18533	14.85
7.98895	14.7973
8.32193	14.8175
6.30741	14.9222
7.89624	14.0357
6.52772	13.9751
5.03843	14.4103
8.69694	14.3025
9.03007	14.8193
0.963253	9.87179
7.10501	14.9628
8.33822	14.3313
8.42283	13.9967
7.72799	14.9548
