-10.1478	14.6076
-9.10763	13.1211
-8.18695	14.9983
-10.756	13.6633
-9.84245	14.6768
-7.90809	14.3453
-9.83634	14.6094
-10.027	14.7232
-10.1902	12.4349
-10.6416	13.3334
-10.7847	14.474
-9.81444	14.3609
-9.22409	12.9212
-11.3768	13.4818
-9.9844	14.5567
-8.17967	5.57507
-9.58897	14.442
-10.4376	14.0634
-8.89097	14.3841
-7.32136	10.7012
-11.1662	12.9854
-11.0456	13.4626
-11.0554	14.198
-9.06396	13.3459
-10.3858	12.746
-9.10382	14.6992
-10.5788	13.4671
-9.49394	14.1282
-10.1452	14.884
-9.64825	13.6215
-9.29555	12.5548
-9.59512	13.9767
-10.5278	13.4824
-9.18405	12.9347
-8.71553	13.0186
-10.6553	13.6956
-9.53393	12.7426
-9.413	12.4809
-10.7707	14.2835
-9.33775	12.7955
-8.45388	14.5104
-8.57815	13.0758
-10.2351	13.8551
-9.36078	13.3857
-10.4377	12.8939
-8.98867	12.9101
-9.25454	13.7761
-11.6147	14.218
-8.76539	14.0619
-9.8183	14.4035
-10.7135	14.7311
-7.92485	14.2616
-11.002	14.7508
-10.7967	14.5364
-8.88917	14.0587
-11.011	13.8842
-10.6843	13.1608
-11.3817	14.4849
-10.4176	14.7373
-11.2148	13.7793
-8.75539	13.2607
-9.00525	13.8082
-11.2416	14.0773
-8.04383	11.7832
-7.64116	14.9279
-7.28913	12.4658
-9.64999	13.8896
-8.95617	12.2806
-10.5235	12.3378
-10.9624	13.3317
-9.22131	14.519
-8.05981	12.5964
-11.2498	13.6275
-10.3851	12.9601
-10.6314	14.9114
-10.8358	13.1665
-10.4926	13.9114
-9.58291	12.7998
-9.2642	13.6703
-10.1993	12.7895
-11.9088	13.5675
-10.0807	14.8113
-8.10862	13.5726
-9.75572	14.0893
-10.1975	13.6222
-10.0666	12.3804
-10.1332	14.0428
-9.20662	14.2458
-10.0303	12.942
-9.66981	13.6899
-9.922	12.7675
-10.1028	13.0568
-9.9522	14.1799
-11.3698	12.1649
-11.0815	13.7591
-9.49642	13.5301
-9.63011	13.7799
-11.1015	14.2122
-10.6802	13.5689
-11.5991	14.925
-10.2601	12.8321
-8.17564	11.9123
-11.4916	14.8428
-9.55695	14.2955
-9.29714	13.4305
-9.26511	13.7397
-8.94069	13.1066
-9.72798	12.9897
-10.5776	12.8627
-10.7626	13.903
-7.14716	12.0766
-8.6137	14.7339
-10.2046	12.9834
-10.0817	12.3555
-10.5167	13.4812
-11.0403	13.9191
-9.42531	12.108
-9.59038	12.8468
-9.06124	12.063
-11.4364	14.731
-7.70018	11.5272
-8.09945	12.3552
-9.20878	12.3764
-10.0055	12.17
-8.93719	13.6145
-9.28084	14.6597
-9.38993	13.7805
-9.66018	13.9038
-9.30642	13.1133
-8.91713	13.9588
-10.0991	13.8162
-10.4106	14.7258
-9.1212	13.841
-10.6268	13.4579
-10.0111	14.6683
-11.3472	13.4602
-9.79193	12.7843
-8.81963	12.9124
-12.0058	13.4005
-11.6114	13.8047
-11.4694	12.6943
-8.60577	13.3015
-7.66158	13.091
-11.0322	13.4929
-3.05862	11.5468
-11.0131	14.0605
-10.4717	13.3186
-8.76045	12.7269
-10.6969	12.7489
-9.63995	13.5287
-9.48079	12.2311
-9.75172	14.4235
-10.416	12.2828
-10.3745	13.227
-8.82423	14.1074
-10.3508	14.7536
-11.6061	14.5621
-11.8469	13.5411
-8.88289	14.219
-10.3299	12.9625
-9.31826	13.1392
-10.7502	14.7138
-11.2025	14.1874
-10.4534	14.7636
-11.6978	14.2601
-10.6423	12.728
-11.1417	13.0865
-9.16147	12.617
-11.4606	13.9244
-7.97593	14.3269
-11.7914	14.1806
-9.87672	14.7136
-8.52144	14.735
-4.4951	5.93141
-11.2284	14.5357
-9.56001	13.8998
-11.0425	12.7446
-9.61653	12.14
-7.87486	14.4953
-10.6009	13.6824
-10.7092	14.3864
-9.26656	13.7575
-8.83974	13.3227
-9.2417	14.4054
-9.18072	13.6672
-9.17657	13.0061
-10.357	14.2907
-9.86274	13.4491
-11.1352	14.775
-11.4803	14.4618
-8.42123	13.3631
-10.3709	11.9812
-10.1904	14.6172
-11.4442	14.5664
-10.8902	13.7483
-9.2322	13.5196
-11.8349	13.011
-9.82144	12.815
-9.78308	14.2607
-9.27666	13.5393
-11.4867	13.4531
-8.90711	14.3288
-9.40378	12.6007
-11.6486	12.1575
-9.14651	14.6266
-12.0164	13.8718
-10.1061	14.0193
-10.9616	13.6158
-10.9845	12.4685
-8.1001	12.6668
-10.0334	14.0568
-11.4924	13.8999
-10.4422	13.5975
-10.557	12.8969
-10.8225	12.8222
-11.811	13.603
-10.3448	14.2894
-9.0864	13.8487
-11.48	12.7049
-10.6986	13.8229
-11.1643	13.4359
-8.94645	13.024
-9.44923	12.2177
-10.7073	12.2779
-9.44128	12.7566
-8.66697	12.8585
-9.4203	14.9911
-10.5717	14.9166
-9.36319	14.2631
-9.88116	14.4754
-11.7162	14.1173
-9.60119	11.9887
-9.94073	12.2473
-10.7471	12.8515
-7.55628	14.3801
-9.57031	11.8368
-9.31301	13.8126
-11.1967	12.7385
-7.55917	12.0106
-8.46677	13.5036
-10.9001	14.6832
-10.7913	12.7529
-9.89744	11.8968
-7.11603	13.7391
-10.6934	14.9301
-11.0868	14.6945
-7.69584	14.7395
-10.3972	14.427
-10.4948	14.4482
-9.61254	13.1625
-9.92869	13.3757
-9.96213	12.9029
-10.1114	14.9037
-11.1601	12.9446
-9.06969	13.2941
-9.07439	13.0963
-9.3161	13.4519
-9.98191	12.5797
-11.7588	13.7154
-11.515	13.7204
-10.8326	14.4222
-10.0558	13.1964
-9.69778	13.3772
-9.63178	14.5153
-11.2868	14.3819
-9.31154	13.8999
-10.628	14.8135
-10.9841	12.0592
-9.04019	13.1148
-8.9825	13.1988
-9.90863	13.8193
-11.1425	13.3946
-11.5809	13.1115
-8.18212	14.6452
-9.60358	12.917
-11.7995	13.1156
-9.49044	14.7573
-8.94916	12.4615
-10.8679	13.6264
-11.4773	14.7179
-10.3881	13.1392
-11.2999	14.9769
-9.16108	13.9216
-10.1128	12.7638
-10.8055	13.1823
-8.27939	14.1847
-11.7505	12.0268
-9.23554	14.8272
-9.29242	12.3654
-11.5911	14.4274
-10.0061	14.3807
-12.0302	12.6438
-8.80438	12.4583
-7.69003	14.5589
-10.9254	14.1401
-10.7849	12.7651
-9.50737	14.1655
-9.50419	14.069
-9.21856	14.5169
-9.99732	14.1403
-10.6948	13.638
-9.64151	13.842
-10.7912	13.2434
-10.1845	13.7175
-11.7635	14.2922
-11.7305	14.1462
-7.79452	13.6657
-10.939	13.7131
-10.2692	12.1124
-10.3418	13.9174
-10.8528	14.5192
-10.6737	13.1001
-9.42805	13.5631
-8.70658	12.4495
-8.20055	12.9717
-9.7855	12.7047
-9.55207	13.5451
-9.64218	14.8876
-9.63125	13.9606
-9.67494	12.2267
-8.94164	14.1032
-10.1015	13.2416
-12.0801	13.9363
-11.6585	14.8409
-9.56315	14.0186
-10.0616	13.6246
-11.4374	13.3195
-8.97988	12.8299
-8.74248	12.9311
-10.1287	13.5959
-9.197	13.5248
-10.0113	14.3926
-10.2375	13.2205
-11.7886	12.3031
-10.4635	14.8138
-10.6196	14.6988
-9.47942	13.8284
-11.2351	14.3696
-10.4717	12.9895
-12.0061	14.4708
-7.49584	14.1792
-11.7337	14.7473
-9.96487	14.9749
-9.20778	14.3592
-9.21894	13.9992
-6.39238	9.99947
-9.4072	14.6491
-9.74581	13.6728
-10.3969	12.8308
-9.62167	13.7381
-9.04926	14.9989
-10.5701	13.1574
-8.69735	14.2092
-7.74249	12.0742
-11.5323	14.7487
-7.80071	14.7578
-9.36508	14.1164
-9.27464	14.0281
-11.7016	13.8279
-10.1476	13.8779
-9.10668	14.7294
-10.2412	12.8503
-9.89919	13.6601
-7.65853	14.2131
-8.98793	13.0688
-10.0435	12.7814
-11.5444	13.6812
-9.46063	12.5939
-8.05643	14.2298
-11.8099	14.6924
-9.36388	11.8772
-8.54972	11.9492
-10.5354	12.6496
-11.1463	14.0954
-11.9063	14.6718
-10.6608	12.7585
-10.0759	13.7373
-9.77015	12.3076
-10.5935	14.6836
-9.1146	14.3464
-10.0254	13.4781
-7.33568	9.77102
-10.1056	14.2136
-9.81545	13.3969
-10.7882	12.4639
-10.3393	14.5636
-11.1438	12.9845
-8.58781	12.9996
-8.99484	12.7634
-9.619	14.9262
-7.78981	13.6549
-9.22373	13.0856
-9.35606	13.3293
-7.40457	14.4762
-9.25159	14.2689
-9.51028	14.3865
-11.7874	14.6765
-10.766	12.9724
-11.6574	14.8376
-9.7611	14.7067
-10.9335	12.3646
-10.4612	14.0422
-9.18502	13.0479
-9.73784	13.9919
-10.4979	14.4863
-11.4796	14.4418
-10.3464	14.6055
-11.1739	14.1088
-8.74279	13.1241
-10.1856	13.8123
-8.10531	14.7374
-7.52594	12.6183
-11.2623	13.1817
-10.454	13.9905
-9.04387	12.9149
-8.5929	13.8553
-9.07613	14.6003
-9.66122	13.8184
-9.29576	12.7258
-9.2021	12.9425
-8.77974	13.8537
-11.3283	13.1282
-8.28148	12.5704
-6.19893	11.2412
-9.95488	12.0048
-8.37778	12.5019
-9.59243	14.9848
-9.87559	12.8005
-9.52132	14.8729
-10.6242	14.3492
-9.69103	12.2683
-9.29666	13.8431
-8.74054	12.6019
-10.3542	13.3577
-9.47327	13.5652
-11.5029	14.5923
-10.6877	12.7369
-8.51111	14.4052
-9.29603	14.6029
-7.98534	11.6217
-10.8183	14.5821
-7.3702	12.3044
-11.6329	13.9154
-10.2028	12.2071
-10.2204	12.2309
-11.7773	14.6445
-11.6436	13.8713
-9.33536	13.202
-8.28396	14.5421
-10.1506	13.7642
-10.2456	14.3161
-11.3478	12.5837
-11.0179	13.0284
-8.7253	11.8745
-11.5264	13.7192
-9.61813	14.2201
-12.1592	14.4746
-11.9856	12.641
-8.44681	14.6133
-10.8093	13.2964
-10.0544	11.9354
-10.3911	14.1645
-11.7364	14.0981
-9.75636	12.891
-12.1263	13.073
-9.83662	13.6244
-9.23269	13.5091
-10.6648	13.4803
-10.4188	12.2944
-9.89061	14.4505
-8.89444	14.7369
-10.9451	12.8972
-10.7687	13.9798
-11.6423	12.7488
-11.0838	14.3026
-10.0739	14.3652
-9.55367	13.0186
-9.1066	13.4379
-11.4409	12.2762
-10.2767	14.3603
-10.2934	14.847
-8.44445	14.1648
-9.20539	12.9395
-8.44731	13.9892
-9.76898	13.8898
-10.7495	12.9186
-10.4192	13.1334
-9.73539	13.6604
-10.2563	14.0254
-9.76814	13.4409
-12.0265	14.4242
-9.55034	14.0821
-9.61084	14.1189
-7.37171	14.008
-10.475	14.0313
-10.563	14.5856
-11.9286	13.3685
-10.6899	12.3756
-9.76422	13.7538
-8.73778	12.8916
-9.90717	12.9504
-11.5096	13.234
-9.8414	13.8342
-6.65671	12.0369
-9.62335	12.8905
-9.30354	14.0216
-11.624	13.5052
-9.38212	14.9047
-11.0398	13.4594
-11.9989	13.9097
-10.3595	14.0531
-10.2066	13.4674
-8.50959	13.7899
-10.6012	13.4654
-10.8411	14.1587
-9.60331	14.8899
-9.44827	12.7966
-12.0295	13.5619
-10.6028	14.8946
-10.2719	12.2142
-7.67621	13.2337
-8.49698	13.4677
-10.0675	14.2699
-11.9491	11.8608
-7.53572	13.6748
-11.6477	13.861
-10.5859	12.6531
-10.0946	13.4162
-9.38454	13.0492
-9.43479	13.2697
-10.0646	14.3937
-10.3176	12.2004
-9.43602	12.1337
-11.0783	13.8514
-10.3812	12.658
-9.38999	13.5408
-10.1379	12.9086
-9.07243	14.5445
-8.97319	13.3963
-9.79564	13.2521
-9.17565	14.0617
-9.91085	14.4679
-10.6297	11.8267
-9.62368	13.637
-11.0671	14.4556
-10.7827	13.232
-11.1261	12.2013
-9.65591	13.2453
-10.3374	14.1225
-10.8866	13.3279
-9.19844	14.8901
-10.4286	12.4409
-11.3255	13.0912
-8.22215	13.816
-9.00588	12.7161
-11.3722	14.3235
-8.95399	13.8269
-10.3575	13.064
-10.6871	14.0421
-9.64651	12.2856
-9.34459	13.3344
-9.07734	12.7438
-10.3748	12.8422
-9.43256	14.6208
-9.24355	13.5337
-9.23091	12.8678
-9.67516	12.3419
-11.1944	13.4924
-11.1751	12.6121
-11.742	14.0896
-9.44505	14.5366
-9.43545	12.5891
-7.51713	13.0449
-9.52075	13.5705
-11.3403	12.6927
-10.4549	14.5444
-10.2408	13.9691
-7.63193	13.4732
-11.6872	13.5147
-10.0288	13.9188
-10.8321	12.9251
-10.6903	14.4041
-10.5718	12.3365
-9.67367	14.5055
-8.13265	12.2771
-9.62064	12.7282
-11.0507	13.4205
-8.31944	12.8323
-6.93424	10.5597
-9.90202	14.096
-8.2075	12.2307
-10.5244	12.665
-8.65917	11.6258
-9.35623	14.6084
-9.70682	14.6798
-10.444	14.2666
-11.4795	14.8209
-10.5527	13.6911
-10.1868	13.9022
-10.3222	12.2887
-10.6668	13.6198
-10.0481	13.1805
-7.72965	13.0862
-9.27602	12.942
-9.86942	14.8538
-10.8935	14.9282
-9.26927	14.8634
-11.1616	13.6309
-9.76936	14.0589
-9.74061	13.3449
-10.9038	14.0687
-10.3099	14.5912
-11.2259	12.0897
-8.33583	12.4936
-11.7181	12.5911
-9.34264	14.4329
-11.2074	14.7971
-10.438	13.4832
-10.286	11.9631
-8.17523	14.7044
-10.3027	12.7022
-11.7094	12.2965
-11.0123	13.1171
-9.56338	12.7304
-10.0812	14.0935
-8.81522	13.6724
-9.46343	14.7308
-9.95147	13.192
-10.6723	14.1742
-9.96534	14.3317
-11.202	13.3946
-9.23531	13.2267
-9.36424	14.5588
-10.8893	12.273
-10.5656	13.8573
-9.53122	12.8951
-11.878	12.1901
-10.6778	12.6231
-8.92649	14.553
-7.81327	11.8361
-12.0197	12.7961
-10.9016	12.5886
-9.88361	13.99
-11.0084	13.5007
-11.3685	14.94
-11.3823	13.6464
-9.12097	12.939
-11.4034	12.4844
-10.6294	14.5311
-11.4682	14.4026
-8.96347	13.2324
-9.05255	12.2163
-8.54333	12.5363
-10.7146	14.5389
-10.773	13.8438
-9.08731	14.5524
-10.3566	12.504
-10.8452	13.9989
-11.3425	13.1592
-11.6188	14.8799
-7.70287	11.8379
-9.93206	14.5051
-11.7908	14.7462
-11.8911	14.3331
-9.98176	12.4167
-9.84317	14.873
-8.82378	13.8267
-9.90704	14.0584
-9.06335	14.9091
-11.3062	13.6908
-11.0703	13.232
-11.9221	13.6617
-8.58253	12.428
-10.2363	13.5286
-11.6487	13.019
-4.98821	12.8799
-9.23952	13.8545
-8.53701	14.5316
-7.85358	13.3754
-11.073	14.2588
-9.14849	13.8206
-10.1579	13.8893
-9.6676	12.5646
-8.72864	13.6469
-7.88165	14.3269
-9.04085	12.5756
-8.60962	13.3739
-11.2585	13.7671
-11.0159	13.0498
-9.48585	13.9648
-10.3172	13.0749
-8.11554	13.0936
-9.65516	14.6436
-11.6817	14.5363
-9.91198	13.4905
-8.09396	12.6806
-11.7947	12.6358
-9.55605	14.5527
-8.47055	14.9702
-9.96883	12.5569
-8.94147	14.749
-10.5944	12.8317
-6.09159	13.8746
-11.752	14.6414
-12.0929	12.5603
-8.84121	13.4333
-8.71416	11.744
-11.1858	12.5515
-8.99432	14.5951
-10.6197	13.6012
-9.66239	13.2195
-10.4054	14.5805
-11.3414	13.6904
-4.19887	11.9513
-9.93438	12.5199
-10.4957	14.7909
-11.2544	14.8638
-9.14756	12.5221
-9.49081	12.6803
-11.04	13.6879
-8.07899	14.7431
-10.2413	13.5125
-9.75084	13.3903
-9.10257	13.2532
-9.80177	13.4488
-10.1044	12.7195
-10.2994	12.3673
-8.2031	12.0329
-11.3818	12.0714
-11.4634	13.1539
-10.0299	14.495
-10.9215	12.5689
-10.6524	13.8382
-8.8119	13.2559
-8.39886	12.0748
-8.72837	14.676
-11.4943	12.5506
-11.3889	12.1842
-10.4035	13.9124
-8.72596	12.342
-10.2497	14.7158
-11.5219	13.7684
-9.87525	13.0971
-10.9127	13.2202
-9.27461	12.9396
-10.4645	13.5904
-8.38763	13.6586
-10.3804	14.4935
-10.8648	12.489
-9.13669	13.884
-9.11064	12.3784
-9.77693	12.5355
-8.68826	13.1025
-9.16707	12.9012
-11.9975	12.3742
-8.24895	12.3101
-8.79157	12.7382
-10.2998	13.2663
-9.43147	12.2177
-9.08013	12.1349
-9.99527	14.2041
-9.98462	13.7954
-11.7315	14.5104
-10.6873	13.3939
-10.4733	14.8429
-9.47707	14.1272
-10.3925	13.9869
-7.47096	11.7671
-11.7065	13.6928
-10.5737	12.1317
-10.3312	12.7953
-11.6975	14.1139
-11.5729	14.8547
-10.63	13.3532
-9.79059	14.2892
-10.3439	11.7832
-10.8527	14.6724
-10.065	14.1969
-9.07928	13.42
-11.0885	12.7799
-10.7915	13.0767
-7.50956	13.0139
-9.15434	13.0585
-9.50644	14.2042
-11.1215	14.9671
-9.86439	12.531
-9.80201	14.781
-9.53864	14.4318
-9.10981	14.0081
-10.8291	13.1568
-11.3608	13.3828
-8.81039	12.8944
-11.2405	14.5185
-10.7367	12.7339
-10.4714	14.4187
-9.46884	13.3631
-10.0663	14.7764
-10.8597	12.3934
-11.3163	12.993
-10.0596	13.685
-7.33976	13.7403
-11.4052	13.6157
-11.3093	12.5556
-8.99307	13.5822
-11.4697	14.9743
-10.4193	14.2801
-10.3238	12.8832
-9.60635	14.8322
-9.08283	11.9867
-10.3551	13.9786
-9.19587	13.9412
-10.4953	13.0691
-8.66727	14.7644
-10.9507	14.1838
-10.8825	13.0902
-9.38517	14.6408
-11.8025	14.3349
-10.0214	12.8294
-11.2384	14.0994
-11.4689	12.8107
-10.9629	14.6005
-9.83429	13.817
-8.78978	12.1932
-9.76599	13.347
-11.8228	12.8718
-9.82393	13.8944
-8.23622	13.5267
-10.5224	13.7431
-9.7154	14.9567
-8.55571	14.0019
-10.062	13.722
-10.2078	14.0663
-11.1793	13.6662
-9.65475	14.7707
-10.8722	13.2268
-8.96006	13.592
-9.05834	13.1364
-9.46315	12.0891
-9.32831	14.0906
-9.82586	12.9505
-9.78802	14.4281
-9.95407	13.9206
-10.6906	14.1355
-8.46929	12.8212
-7.7051	11.2312
-10.2925	14.9331
-10.573	14.2009
-10.4954	13.9373
-10.3075	13.0776
-9.48208	14.5651
-9.28244	14.1766
-9.27335	13.3438
-11.8142	13.6865
-11.1034	14.8063
-10.4477	14.144
-10.2263	13.2828
-8.55856	13.8218
-11.6599	14.9551
-8.95992	12.1615
-10.5035	14.2222
-10.3313	12.402
-9.69373	12.077
-10.0744	14.025
-10.4289	12.8986
-10.0333	12.6431
-11.1849	13.1669
-9.39845	12.784
-9.32728	14.5498
-9.77407	13.1242
-9.90419	13.667
-11.3009	12.9414
-12.0251	13.8776
-8.46055	14.4803
-10.7699	12.2223
-11.0775	13.8178
-11.0892	13.1807
-10.4333	13.5177
-11.5213	14.2128
-10.6722	14.19
-10.995	12.7087
-10.3108	12.6985
-10.038	13.6005
-10.5657	12.7029
-11.8952	12.0868
-10.1645	12.9268
-10.5659	13.2281
-12.1461	13.6011
-9.60149	13.5022
-8.01619	13.6598
-11.3368	13.4423
-11.2174	14.2637
-9.81003	13.0676
-8.95328	13.4374
-9.85392	12.2515
-11.4422	13.2933
-10.939	12.8051
-4.26898	6.55218
-10.7911	12.4658
-9.57308	12.9566
-10.1279	13.2919
-10.734	13.3733
-9.16056	14.3587
-10.6616	14.4001
-9.21006	12.8212
-8.79151	13.0823
-9.78856	13.9547
-11.2725	14.1087
-9.60222	14.5281
-10.5352	13.6042
-8.78214	14.8394
-9.12351	14.6857
-10.2866	13
-11.5003	12.8843
-9.83826	14.6248
-9.24054	14.1084
-11.0832	11.994
-9.5558	14.0631
-8.87802	13.9992
-7.44575	14.8289
-10.3333	13.3524
-10.4109	13.1021
-11.0387	14.3021
-10.6075	14.0061
-10.6754	13.4426
-8.43306	12.2421
-10.0166	13.0275
-9.78036	14.9273
-9.63602	14.446
-8.77988	13.8482
-9.47075	14.215
-10.222	13.8105
-8.51912	14.8488
-11.0292	14.2838
-9.85023	14.6626
-11.0849	11.7522
-12.2696	14.7464
-8.97852	13.2283
-10.8479	13.2602
-10.0762	12.2105
-11.1696	12.4631
-8.98328	14.1426
-8.17585	13.3385
-11.3141	14.9508
-8.21775	13.7762
-9.97589	14.5187
-10.3499	12.7696
-8.89771	12.3876
-9.46786	13.6276
-8.68138	14.2396
-10.5496	12.189
-9.19363	12.5285
-11.2318	13.117
-8.38245	13.903
-9.79905	13.3972
-10.2234	14.5898
-9.00049	12.2838
-10.1138	13.3747
-10.3856	12.3954
-11.5209	12.9595
-10.2488	13.2885
-11.8457	12.8527
-9.60249	13.6815
-9.5116	13.7151
-9.07442	13.1806
-7.85424	12.2326
-8.58952	13.1636
-9.38915	12.5036
-10.4018	14.1555
-9.62553	13.7848
-9.53776	14.3223
-9.33967	14.2285
-9.73857	13.3854
-10.936	12.9305
-11.1378	14.0975
-9.3263	14.3698
-10.9819	13.8653
-9.61284	13.5535
-10.0306	14.7599
-9.18237	14.7306
-9.18754	13.865
-8.61874	11.9801
-7.35743	13.0323
-11.6908	13.1872
-10.6078	13.0444
-7.22234	13.7972
-9.80596	13.0369
-8.8424	14.4228
-10.2117	13.8818
-10.0745	12.9515
-8.44632	13.1896
-8.94743	12.5892
-10.7013	14.1749
-9.27138	13.0752
-9.60053	12.317
-9.72369	13.2583
-10.9654	12.4785
-8.05561	14.6944
-9.56408	13.048
-9.5569	12.7912
-11.5011	13.0039
-9.45563	12.8072
-10.8482	14.3526
-10.772	14.4658
-12.0763	14.7263
-11.0938	13.2657
-9.41739	12.6259
-9.60457	13.6651
-11.7319	13.2028
-10.3381	12.8185
-10.485	13.836
-8.94725	12.337
-11.4812	13.0406
-7.74177	11.8503
-10.6007	14.9074
-9.72368	13.6206
-10.0595	11.9822
-9.8791	14.3292
-10.665	14.1512
-7.42749	11.8855
-10.46	12.9992
-11.1471	12.885
-8.9276	14.7163
-11.7487	14.1978
-10.6064	13.9123
-9.82919	13.8816
-9.09742	14.3595
-9.54268	12.9322
-10.9158	12.3873
-8.02774	12.9862
-10.6526	13.0723
-9.12644	14.3748
-11.4918	12.9354
-9.88537	14.5923
-10.7358	13.5748
-8.96733	12.3735
-9.12834	13.8739
-10.8441	13.8729
-8.65651	13.1738
-11.3918	13.8969
-11.5446	14.0754
-8.9448	14.3819
-9.37834	14.8403
-11.156	13.7825
-8.69933	12.8671
-11.2421	12.6701
-7.96806	12.4819
-8.68373	12.8033
-10.7682	12.7003
0.383999	7.98431
-11.972	12.1053
-8.68731	12.6013
-11.1231	12.8129
-10.1817	14.5522
-9.31313	14.7388
-9.6977	13.1859
-9.80557	14.4522
-9.56955	13.4588
-10.362	13.4059
-11.0423	13.0225
-9.6095	14.0877
-8.81411	13.6727
-9.27028	13.6595
-11.6475	13.1405
-11.0906	14.1326
-10.2692	14.89
-10.6292	14.9475
-11.6646	13.9058
-10.5032	14.8981
-8.64428	13.0957
-10.7005	14.065
-4.34946	7.43672
-9.79026	12.6732
-10.9117	14.0288
-10.879	14.6008
-9.88519	13.9295
-10.4174	13.6868
-9.79984	14.8328
-11.0596	12.4296
-9.30429	13.2606
-7.81172	14.69
-11.1283	14.8023
-8.92654	13.8215
-9.58369	13.4989
-12.0923	13.9555
-9.76122	13.8701
-8.95452	12.5124
-6.08375	13.7207
-9.84564	14.8687
-10.237	13.467
-11.9239	12.7855
-8.6832	13.6754
-10.3098	12.5527
-9.50499	14.115
-9.12507	14.7437
-8.34321	12.5379
-11.3826	12.6758
-9.28858	12.0365
-11.5411	13.523
-9.94797	12.6575
-10.9805	13.8807
-11.599	12.6031
-11.6569	14.9215
-10.1831	13.2394
-8.37844	12.7613
-11.1499	14.1861
-11.251	14.5761
-11.8129	13.0458
-11.1828	14.0081
-10.2081	13.4945
-10.8591	14.4022
-9.30525	13.8719
-8.2786	14.9535
-10.6799	13.1567
-9.27989	13.8769
-8.89566	14.7156
-10.2733	13.6591
-8.40129	14.3584
-9.85542	12.585
-10.6179	12.6237
-10.2984	13.3235
-10.8466	14.1113
-11.7369	12.615
-11.6396	14.5385
-9.65359	13.264
-8.62648	13.8262
-9.27182	12.8728
-8.73945	14.211
-9.73944	14.4048
-10.9109	14.3163
-9.44443	13.9204
-8.98949	14.7608
-11.4423	14.281
-10.1305	14.8669
-10.63	13.486
-7.74468	11.0297
-8.29252	14.2435
-9.04513	13.1261
-11.6289	13.5213
-8.41531	12.3224
-10.063	14.2922
-10.8541	13.2541
-9.82521	12.9789
-9.63512	12.9236
-9.89716	13.233
-11.4313	13.7399
-9.33801	12.5773
-11.0767	11.822
-8.50144	14.7928
-10.0196	14.4875
-10.4699	13.4878
-9.25088	13.2878
-11.2835	12.7235
-11.2434	14.5755
-10.8134	13.2119
-10.3193	14.5389
-8.42226	11.6652
-8.54079	12.9548
-7.97173	13.7856
-12.189	12.1608
-9.09511	14.94
-10.4787	14.9608
-11.1636	14.3341
-10.2705	14.423
-7.83688	11.9396
-9.60967	13.2573
-11.0879	12.7537
-10.3261	13.8728
-9.43667	12.2949
-11.25	12.4323
-9.55077	13.7227
-10.3987	14.7106
-9.43056	13.2025
-8.34275	13.221
-10.4319	13.8708
-9.71301	13.197
-10.096	12.9933
-11.3513	14.027
-9.82582	13.1899
-9.40682	12.1803
-10.7732	14.1228
-10.8489	13.0491
-10.2093	14.9329
-10.2593	12.6414
-7.6153	14.6145
-9.45508	13.149
-10.0522	12.3197
-9.02614	13.3252
-9.85627	14.9383
-9.83103	14.5649
-9.18707	12.3996
-10.4129	12.8461
-9.11053	14.8766
-11.9902	14.5498
-8.91911	4.3641
-9.84476	14.9161
-9.80723	14.4156
-9.37241	14.895
-10.0498	14.614
-10.191	12.819
-10.9795	13.116
-9.2303	13.4533
-10.3295	13.9406
-10.8269	14.7877
-10.9398	13.366
-9.74165	14.7079
-10.177	13.727
-8.81983	14.1003
-9.55355	13.3742
-9.87986	12.9399
-10.5871	12.8089
-10.3733	13.9503
-9.90884	12.6936
-9.48971	14.0896
-9.10271	12.9797
-7.37631	13.8114
-11.2463	13.6159
-8.63404	13.0325
-9.47582	13.3097
-10.3803	14.4292
-10.4534	12.5638
-10.6989	14.5948
-10.2506	14.5072
-9.97629	13.6306
-8.17441	14.9282
-10.0067	14.0095
-10.6105	12.8888
-9.60382	14.5565
-11.7323	13.7641
-9.68936	14.8107
-9.81676	13.5398
-10.0897	14.1966
-9.13922	13.6062
-9.6157	14.4327
-8.18102	13.8146
-11.463	13.9961
-8.87322	14.4395
-10.7861	13.3091
-9.87254	13.948
-9.82035	12.4252
-11.2364	12.8435
-9.45899	13.5086
-11.2147	13.1149
4.49367	4.47571
-9.24671	14.0957
-9.27088	13.0982
-9.89344	13.1354
-10.3647	14.1492
-9.80983	14.3099
-11.5983	12.1788
-9.57279	14.2722
-11.0904	12.0257
-10.304	13.9074
-9.34433	14.7106
-8.58309	13.1654
-10.9405	13.5426
-9.65617	11.9909
-11.1268	14.5139
-10.1693	12.5961
-9.894	13.7144
-10.5644	14.1143
-8.92633	13.4865
-11.6632	13.5835
-11.2698	14.9648
-11.0209	13.183
-10.4329	12.8989
-8.43624	14.2897
-1.39804	6.79377
-10.0898	13.5392
-10.0087	14.8071
-10.8321	12.4487
-11.1932	14.1164
-9.01983	12.2052
-8.40853	12.1683
-9.53668	12.6291
-11.2925	14.8257
-9.29982	13.0654
-8.30716	12.2752
-10.9092	13.9033
-10.3544	14.0095
-9.84337	12.7676
-9.55741	13.8488
-11.2109	13.5474
-11.5047	13.8068
-10.3315	13.774
-10.7292	12.6974
-9.70784	13.9822
-9.83475	14.2994
-12.1598	14.9136
-7.60457	14.0925
-11.2439	14.358
-9.93695	14.4296
-11.0208	13.9384
-7.72656	14.6422
-9.91194	14.5582
-7.67317	14.0433
-11.699	13.4477
-7.84217	14.1287
-8.70709	13.2961
-3.28387	10.2525
-7.80636	13.3654
-10.4853	14.0181
-8.94052	13.515
-10.8785	14.5781
-9.98972	12.806
-9.45408	13.9398
-11.3417	14.2781
-9.90244	14.8275
-10.6391	13.2578
-7.6302	12.6509
-11.4512	12.9068
-9.71321	14.4547
-7.77322	14.2102
-10.818	13.0464
-7.84656	13.3515
-10.4104	13.0904
-10.0204	14.7153
-9.45512	11.909
-10.5758	13.7937
-9.2014	13.567
-7.63439	13.2669
-11.9668	13.3357
-9.41415	14.8124
-9.3286	13.304
-10.4778	14.6788
-9.57584	12.2817
-9.89619	12.9021
-10.8466	14.2681
-9.15211	12.8877
-8.79741	14.9589
-10.2328	13.3664
-9.3438	12.3661
-9.7098	13.1503
-8.86595	12.5269
-8.44499	12.0042
-8.50059	13.1652
-10.3463	13.2687
-10.721	14.4122
-11.2419	14.0771
-10.7222	12.1627
-8.48247	13.796
-10.348	14.7302
-9.17896	12.52
-9.91993	13.3489
-10.0631	14.7771
-9.8042	12.9069
-6.80659	8.38701
-8.3492	13.6719
-9.33854	13.7575
-11.5386	12.7214
-9.35008	13.1046
-11.8886	14.1347
-10.7556	14.6003
-11.8128	13.5582
-9.97135	14.1357
-9.88877	13.4312
-10.0053	12.7821
-10.9526	12.9006
-8.77312	14.6185
-9.83645	12.8938
-11.6124	13.2869
-11.1967	11.8188
-9.57536	12.6995
-11.4904	14.8581
-8.3943	13.06
-8.32643	13.811
-9.96895	13.5179
0.119246	10.029
-10.6592	14.8435
-10.1612	13.2497
-10.8105	13.6638
-10.4225	12.2051
-11.0633	14.5211
-11.9137	13.1375
-10.743	13.0398
-9.27009	11.9341
-11.857	13.8317
-10.608	13.023
-9.15763	14.8771
-9.48736	14.8129
-11.0292	13.8876
-11.0478	12.783
-8.89935	14.6704
-11.8575	14.3681
-10.5467	12.9832
-10.6618	13.7449
-11.0866	13.0309
-11.4801	13.3994
-9.96397	12.9394
-11.6903	12.9923
-6.9174	8.22369
-8.08584	12.2988
-9.71513	14.5814
-9.10671	13.0186
-9.54156	14.2276
-9.1528	12.6438
-9.52417	12.6992
-9.16921	13.5855
-9.14917	14.301
-8.16363	12.3845
-9.9227	14.0328
-9.6784	13.0507
-10.7414	13.0765
-7.27288	14.9735
-11.1827	13.3507
-9.72355	13.3384
-10.5625	13.5382
-10.2566	14.7292
-11.0536	14.4783
-11.9134	14.2904
-9.78313	12.7221
-9.64015	12.9368
-11.4054	13.6073
-9.5742	14.508
-6.98388	13.2482
-10.8593	12.8954
-10.2437	13.0319
-10.2606	14.7642
-10.1017	14.8208
-11.1016	14.7449
-9.71918	14.6753
3.58706	-0.845168
-8.14544	13.9129
-10.2164	14.38
-8.68344	9.89536
-11.1717	12.7179
-9.93571	13.599
-9.8706	14.0126
-9.08833	14.1902
-9.09915	13.4958
-10.6682	13.409
-9.01836	13.5737
-9.4291	14.2901
-9.72835	12.6241
-9.39758	13.8834
-9.82606	14.7492
-8.23597	14.5121
-9.09255	12.5273
-9.44244	12.4421
-9.25726	12.4848
-11.7912	14.099
-10.29	14.716
-9.63949	14.817
-11.5555	14.8309
-9.36519	12.7907
-10.6965	13.4116
-10.4799	13.4368
-8.76394	13.0097
-11.0485	13.2944
-9.91733	14.2962
-9.95631	14.5238
-8.95986	11.7673
-9.91379	12.4204
-9.08918	12.8742
-9.56416	12.8673
-11.1363	13.829
-10.1843	14.438
-11.1103	12.3947
-9.36138	13.9646
-10.4779	12.6355
-9.55373	14.8082
-10.4771	12.8145
-9.63633	12.2268
-7.35472	12.4526
-9.57801	12.7025
-10.397	14.1186
-11.6087	12.1292
-11.7109	12.9151
-10.5961	13.5412
-8.14316	13.0337
-11.5113	13.9193
-7.16033	13.9039
-9.84666	14.7365
-6.02369	11.7575
-10.5293	12.1372
-9.99288	14.9535
-11.6755	13.2799
-9.60695	13.8539
-9.8029	12.75
-10.3378	12.1384
-9.91626	12.8518
-11.361	13.6917
-11.5043	12.974
-7.60791	13.6713
-11.2437	13.8627
-9.76812	12.6514
-8.78441	14.6864
-11.0494	12.9152
-9.76392	14.624
-10.6151	13.686
-12.0784	13.2781
-9.0051	14.051
-9.25004	13.749
-9.3945	12.842
-9.3524	14.7024
-9.57192	13.7733
-9.5229	12.4673
-7.56295	11.5033
-8.96579	14.705
-9.53203	14.4862
-8.96017	13.6917
-8.80455	11.7474
-8.78894	13.1983
-10.5526	14.0226
-9.58771	14.3204
-9.59267	14.1224
-9.04093	13.535
-8.70481	10.7747
-10.3926	13.4967
-11.7651	13.0108
-10.3362	13.5697
-10.0158	12.9651
-11.727	12.6358
-9.92678	13.9473
-9.41689	12.2447
-10.5034	14.3411
-9.87305	13.1266
-10.4269	12.9914
-12.1685	12.3302
-9.14018	12.0854
-9.98036	13.7172
-9.48352	13.4298
-9.33304	13.6727
-9.27203	14.5873
-10.5155	14.0451
-11.0784	14.2141
-9.43234	13.5483
-11.1592	14.1943
0.815007	4.58501
-9.27326	13.1792
-9.75134	14.3516
-10.9176	14.7418
-10.0459	13.3421
-11.9964	14.4322
-8.41202	11.8718
-6.81866	13.1899
-10.4127	14.3923
-9.16646	12.4137
-9.04664	13.0379
-9.77033	14.0118
-10.874	14.7626
-11.0846	14.5642
-9.49481	12.2704
-9.10447	14.2696
-8.87216	13.5298
-11.6464	14.5484
-8.70352	12.7713
-10.3069	12.5312
-10.3933	13.1154
-11.6767	14.5315
-9.57495	13.1533
-9.80989	12.6837
-9.9601	13.8188
-9.73423	13.8955
-11.6102	12.1428
-9.61681	13.158
-8.36145	14.8534
-8.61044	13.1791
-9.43249	14.6265
-7.74564	14.8794
-9.40932	12.0201
-10.2715	14.3235
-10.1672	14.5183
-9.72202	14.0609
-7.99444	13.1711
-11.0098	13.9399
-8.51797	13.5533
-8.5415	14.0943
-11.2736	13.3585
-11.5829	12.9995
-12.0484	12.2084
-10.6125	14.9272
-8.98297	14.1438
-11.509	14.0498
-11.4421	14.4349
-8.91472	13.7929
-10.1976	13.8488
-8.89919	14.2797
-9.7573	13.9337
-8.7647	13.8971
-11.2036	13.3272
-9.21063	14.411
-10.0518	13.2945
-11.413	12.0159
-8.77057	13.7823
-10.7511	14.855
-9.32786	12.2719
-9.53484	12.6535
-10.5073	14.0497
-7.92709	14.086
-9.86477	13.1482
-11.2893	14.5838
-9.60834	13.6218
-9.56885	13.003
-10.6297	13.7407
-8.5902	14.0389
-11.8805	12.445
-11.5663	13.8403
-9.84707	13.2389
-10.6875	14.8786
-11.4343	12.9125
-11.3374	12.1177
-11.1536	14.981
-10.945	14.3453
-7.52297	13.7546
-9.1737	13.1008
-9.8967	14.3626
-10.7423	13.895
-10.8132	14.3515
-8.25883	11.5173
-9.39638	14.8502
-11.544	13.2649
-10.4671	12.5802
-7.99108	11.8584
-8.80105	13.8297
-11.1156	13.181
-9.7328	14.6072
-8.91624	13.3493
-10.4798	13.1897
-9.42733	13.483
-8.91985	14.7853
-10.8271	13.5643
-11.3603	13.1929
-11.4681	13.7294
-9.92684	13.8511
-10.6218	12.9771
-10.4323	13.9499
-9.82224	14.7717
-11.5472	12.817
-10.5367	14.2339
-9.1422	14.4027
-10.867	13.8521
-11.235	13.3005
-11.729	13.1944
-10.4954	12.3285
-10.1045	14.562
-9.47448	14.675
-10.5992	14.34
-11.5925	13.2263
-7.75839	14.407
-8.09115	14.0154
-10.6337	13.0115
-10.2686	14.1148
-10.8878	12.8351
-10.6374	13.8214
-9.882	12.7962
-11.3973	13.2437
-9.05471	13.7069
-11.1514	14.0768
-11.4046	14.8539
-10.0564	14.692
-11.5487	13.4174
-10.516	13.1646
-10.2378	14.7741
-7.63767	13.1892
-9.07507	14.9746
-10.8374	14.9802
-11.6018	14.3446
-10.4409	12.7423
-10.7881	13.9794
-10.8929	14.4806
-9.91422	14.2884
-9.17925	12.3395
-9.99371	13.8878
-9.86429	11.9954
-8.71794	11.7974
-9.80318	13.8404
-10.154	14.7509
-10.2327	13.6388
-9.74958	14.6162
-9.26541	14.9634
-9.5862	14.0475
-10.5473	14.0556
-9.49947	12.8632
-9.25106	14.7271
-10.0074	12.5518
-11.8531	14.007
-9.77199	12.4249
-9.30785	12.3513
-7.60424	12.365
-10.0175	14.3017
-8.96404	14.0995
-10.0382	14.4878
-10.7947	14.5136
-11.6504	13.3214
-9.95968	12.8246
-8.28145	11.6588
-10.4232	12.7254
-11.5709	14.6303
-11.7251	13.6471
-11.3373	14.137
-9.62816	12.5137
-11.3428	12.9871
-8.77522	13.4005
-9.37948	13.4577
-11.9931	12.8318
-9.94174	14.2133
-8.51396	13.074
-9.63126	14.4073
-8.08296	12.5081
-9.73751	13.5111
-8.9088	14.799
-8.69276	14.6148
-11.3885	13.5295
-9.13007	14.1206
-10.9888	14.0842
-9.559	14.1463
-9.04379	13.9844
-11.4503	13.6543
-10.4374	14.7642
-9.80399	14.5805
-10.4484	14.6244
-11.9029	12.6003
-9.02918	14.5167
-7.4589	12.919
-9.15073	12.9373
-9.2866	13.2506
-10.2979	14.8129
-11.0509	12.6778
-10.6579	13.2222
-8.97344	14.6131
-10.5235	14.2445
-10.6582	13.5633
-8.79576	13.7346
-10.5491	14.1613
-10.3794	13.5778
-7.63046	14.1186
-3.21626	14.5399
-9.02361	14.3936
-8.538	13.4523
-10.7881	12.8975
-10.9352	14.5299
-10.7343	13.7137
-10.1998	12.7666
-9.92294	13.2633
-9.32078	13.3131
-10.3723	14.8961
-10.6891	14.7525
-10.2705	14.0931
-9.93369	14.2222
-10.2763	14.2631
-10.009	14.6017
-8.72545	13.6964
-10.5553	14.2151
-11.5315	14.8294
-10.6872	14.7841
-10.708	14.4595
-8.91245	13.3469
-9.16854	12.1954
-8.70848	13.1029
-11.6812	14.1088
-10.8716	12.4909
-9.75496	14.7581
-12.0772	14.2439
-9.52715	13.3487
-10.5339	12.3134
-8.98771	12.1921
-4.02462	4.95632
-11.1175	14.8588
-9.10112	13.1756
-11.9243	12.2003
-11.0953	13.2043
-10.3572	14.8559
-10.1279	12.5492
-9.91131	12.7937
-11.4164	14.6255
-7.95688	12.3656
-10.5601	12.9446
-8.24898	13.174
-11.5406	13.8642
-10.457	13.3165
-11.6516	12.2024
-11.5654	13.8497
-10.1972	12.734
-10.1428	13.6147
-9.72419	12.908
-9.06167	12.5051
-9.48597	13.6248
-12.0753	14.3619
-10.4286	13.1066
-10.132	14.3489
-9.45017	12.8625
-11.6333	14.569
-11.0085	12.2878
-11.6454	13.6155
-10.2293	13.6222
-10.0592	12.6291
-7.90304	13.1265
-10.6806	13.3336
-9.95903	14.9549
-11.4328	14.7358
-8.88957	14.6867
-10.6578	14.7699
-9.07203	13.0598
-10.729	14.277
-8.52614	12.4446
-10.5527	12.9833
-11.493	13.4963
-9.70155	12.9526
-10.5309	13.6131
-10.3142	14.4278
-9.53871	12.6103
-10.9318	12.885
-9.05889	13.3012
-9.02571	14.5616
-11.5383	12.9676
-10.4588	14.0977
-10.6052	14.6865
-9.22249	14.9201
-11.6225	13.4707
-10.9094	13.568
-7.64676	12.1017
-11.6803	12.8204
-10.4042	14.7159
-9.00167	14.8096
-7.851	11.6568
-9.1119	13.1144
-7.55312	13.8904
-8.73098	12.8422
-11.9852	12.0343
-11.252	12.0701
-8.7653	13.5496
-10.0667	13.5204
-9.57519	14.3581
-10.9796	13.0156
-8.60104	14.4181
-11.7741	14.5535
-7.40944	12.3637
-8.5146	13.859
-9.075	14.5442
-10.8265	13.2754
-9.27699	13.5772
-9.73992	13.6567
-8.85424	13.3391
-8.98712	11.407
-9.84086	14.4833
-9.8051	14.6185
-9.5512	13.3821
-10.834	11.9383
-9.85852	12.2531
-10.5871	13.6952
-10.278	14.2566
-10.0803	14.7823
-9.09956	14.0514
-10.0182	14.4971
-8.53148	13.5472
-10.501	12.545
-10.5294	13.0724
-10.9262	12.9329
-9.2042	14.7607
-7.51	13.7974
-9.774	12.0847
-10.9667	14.8387
-9.78923	13.9257
-8.82115	12.5755
-10.6457	14.0695
-9.58344	13.7058
-10.0491	12.5949
-9.60183	12.5841
-10.2346	14.8856
-11.0953	13.214
-9.70713	12.9587
-11.1613	13.0959
-11.2506	12.299
-10.5249	13.7899
-11.304	13.1536
-9.17349	14.0518
-9.27744	14.0364
-10.0959	13.2849
-8.8627	13.8905
-10.2733	14.5649
-10.8421	12.3141
-10.7733	13.9483
-11.9093	13.1819
-11.591	13.4073
-9.52019	13.2911
-9.37221	13.327
-11.4167	11.7753
-10.3647	14.0343
-10.2955	13.6188
-9.50973	14.4905
-8.40923	12.3136
-9.09646	12.4959
-10.121	14.9994
-7.83215	12.8161
-11.3598	13.9981
-9.58789	12.3328
-10.1577	14.0064
-10.2855	13.0276
-11.843	12.1931
-11.8268	12.9555
-11.7597	13.7923
-8.45471	14.5786
-9.73509	14.0553
-9.66278	12.9369
-9.4079	12.287
-11.3658	14.455
-10.4366	13.1514
-8.35195	13.3487
-11.9386	14.0652
-9.81044	13.4224
-10.0455	13.9103
-11.0918	14.4649
-10.0781	13.3435
-10.6564	14.4539
-8.72246	13.5434
-10.3231	14.1111
-10.9202	12.1612
-10.8364	14.2017
-9.21867	13.6756
-11.7141	13.2107
-10.8091	13.4229
-11.0478	14.1886
-10.4964	13.3188
-7.3692	13.85
-9.56178	12.746
-10.0706	14.1054
-10.734	13.6298
-10.3901	13.6385
-9.56823	14.8231
-7.12823	11.4591
-12.1081	14.0109
-9.11433	13.1323
-9.8239	14.5562
-11.659	12.9811
-10.6163	12.8424
-10.1202	13.7066
-10.6897	14.6771
-10.9043	12.9609
-8.8862	13.488
-9.68403	13.0243
-9.99729	13.9449
-8.96433	12.878
-10.981	14.1369
-8.88265	12.7033
-10.2363	14.6826
-9.88557	13.2066
-10.3097	14.9933
-9.79973	13.8603
-10.0047	12.4367
-8.58118	13.6225
-8.23273	13.3596
-10.2547	12.5982
-9.82107	12.4873
-9.78097	14.1403
-11.9841	14.2656
-9.06824	13.7023
-11.8716	14.5208
-10.2114	13.7773
-10.9182	12.7635
-9.48854	13.5281
-11.7363	13.2091
-10.5859	12.3056
-9.42483	13.4822
-9.55946	12.9274
-9.78625	14.2203
-9.17279	14.3224
-8.6356	12.4415
-9.19551	13.9125
-9.85359	12.5704
-9.06623	14.1147
-10.9492	14.1079
-9.7051	12.7028
-11.165	13.9993
-9.2077	14.1278
-11.1891	13.5969
-9.56933	13.3041
-9.63778	14.7177
-11.2109	13.9903
-10.913	14.586
-9.01396	14.357
-5.44097	-6.65885
-8.19143	11.9341
-11.2842	13.6057
-9.38168	14.775
-10.2418	14.0556
-10.6271	14.5462
-9.61384	13.1067
-11.1037	14.4781
-10.6193	14.1456
-10.6929	13.8862
-9.61526	13.2669
-8.56552	13.4699
-9.50596	13.9133
-9.13276	14.8466
-9.74198	13.9907
-8.89614	12.5751
-9.11142	14.7225
-9.47667	12.5743
-10.0204	12.7629
-8.22777	14.3015
-10.1945	13.8442
-9.20691	14.5176
-11.251	13.1934
-9.79375	14.6404
-11.6088	13.7505
-10.3256	14.977
-9.38787	14.2338
-7.78257	12.6185
-9.54913	13.3344
-10.5616	14.2537
-9.65056	13.7508
-9.37547	14.6238
-10.4131	13.1164
-10.2724	13.1588
-8.31936	12.971
-10.3118	14.5491
-12.1326	14.2416
-11.3551	13.0679
-11.2445	12.8863
-9.76254	12.9895
-11.4515	14.3132
-10.2594	14.5
-9.45039	12.9964
-9.84066	13.192
-10.1273	13.7494
-9.45801	13.9598
-10.3282	14.8894
-10.9824	11.9936
-10.6465	14.0963
-10.4894	12.9478
-11.8647	14.5327
-9.19855	14.4754
-9.32619	13.3709
-9.27385	13.2828
-11.0815	14.4006
-10.6909	14.1149
-9.68131	13.1585
-11.466	12.6139
-10.7425	14.7602
-10.51	13.9927
-10.2017	13.8582
-10.2921	12.835
-9.35125	12.3223
-10.3478	14.0627
-9.57108	14.3628
-9.37848	14.253
-11.7107	13.0173
-4.69165	11.6233
-8.24774	14.7765
-8.71842	13.5575
-10.9853	14.1581
-10.9094	13.5516
-9.44397	12.5768
-11.6266	13.9779
-8.98095	13.2366
-10.2188	14.8159
-10.429	13.5026
-9.39714	13.605
-9.85154	14.3283
-10.4324	12.5765
-9.22272	13.8285
-12.0291	12.8629
-11.6523	12.784
-9.48501	14.7163
-11.3656	14.5627
-11.3537	13.0795
-10.5499	12.2984
-8.13263	11.1454
-9.25627	13.7937
-10.0534	14.8435
-10.477	14.6958
-9.38679	14.5082
-11.7564	13.1326
-11.1825	13.4214
-8.55523	14.519
-10.6856	14.3916
-8.77568	13.3055
-10.285	14.0382
-9.21377	13.9204
-8.86347	13.9222
-11.5658	13.4348
-10.5554	14.8083
-10.0348	14.0241
-9.79593	13.0548
-8.74734	13.7875
-8.56321	12.3626
-10.2445	12.1365
-9.83433	13.584
-11.2262	12.5
-10.8397	13.0882
-10.6743	14.6902
-10.5256	12.8672
-9.86749	12.6354
-9.99986	12.4494
-11.3063	14.1413
-11.9988	11.9743
-9.51473	14.7439
-11.2647	14.1713
-10.8284	13.9492
-8.16165	14.5278
-11.4328	12.9602
-9.20352	12.8724
-11.2439	12.9325
-8.25536	12.7658
-9.10888	12.4571
-8.98409	14.9003
-11.8878	12.712
-10.2127	13.9096
-8.93301	11.543
-10.3549	14.163
-10.4025	14.706
-9.46933	14.157
-9.26776	13.7483
-9.88388	13.5273
-9.69824	14.4295
-9.57175	14.6755
-9.2627	14.3596
-5.88085	12.9288
-9.26275	12.1064
-10.3951	12.8531
-8.17258	14.6455
-10.7013	14.0494
-9.05585	14.0506
-11.2895	12.2198
-9.62611	14.6499
-9.50961	13.4366
-9.44245	13.6473
-10.6176	14.9856
-8.49168	14.4244
-10.9561	12.6408
-8.21972	13.4018
-11.6864	12.0127
-11.5851	12.9384
-8.19347	14.8783
-8.92132	14.6489
-9.30231	14.9176
-11.3824	14.0076
-11.065	12.4216
-10.2518	14.0819
-10.4399	13.5553
-10.5836	12.754
-10.3989	14.498
-9.38284	13.1121
-10.9782	12.1906
-11.0093	14.9489
-10.9275	12.9377
-9.33044	13.999
-10.9981	14.5155
-11.0653	13.4602
-10.7055	12.9564
-8.80337	14.9899
-10.8967	14.7228
-9.47468	12.3358
-9.22201	14.6365
-9.33752	12.7216
-10.1333	13.3164
-10.7057	12.3005
-9.53943	14.3037
-7.47286	13.3563
-10.8507	12.4386
-10.2437	14.6731
-9.76414	14.6273
-9.23903	13.9402
-7.21545	12.7205
-10.1715	13.9068
-10.1055	12.9262
-10.7909	13.1387
-10.7143	13.0858
-8.67873	13.0742
-10.1012	13.4961
-9.47783	12.2688
-9.67482	12.6977
-10.6981	12.4964
-10.0987	13.6005
-6.82209	13.7458
-10.048	14.0919
-9.36798	13.6684
-7.74836	13.0586
-11.1936	13.8485
-11.6268	14.8107
-10.6129	13.469
-10.0918	12.9726
-11.396	13.7039
-8.47032	14.203
-10.7418	14.3691
-9.53883	14.9309
-11.1603	12.2438
-9.86773	14.2323
-9.82464	13.7849
-9.76803	13.5896
-10.8077	13.9546
-9.75342	14.6461
-8.63354	13.319
-8.65207	13.2923
-11.2485	13.5149
-10.6076	12.7398
-10.3264	14.666
-11.4959	11.9013
-9.80032	12.686
-9.20502	14.4136
-8.41647	14.1295
-11.4557	12.6838
-9.48862	13.6832
-10.1687	12.9613
-10.1377	13.3796
-9.65054	12.3589
-11.9339	14.15
-8.8018	12.9998
-9.565	12.3476
-8.20364	12.3746
-11.25	14.1703
-10.297	14.4713
-7.73114	13.8062
-12.0153	14.6559
-9.31385	14.0131
-9.21559	14.0647
-11.3743	14.5079
-10.1191	13.2433
-9.1128	12.7501
-9.9602	13.9576
-9.30736	13.8094
-10.4035	14.4598
-10.7158	12.7644
-9.46372	13.9913
-10.4422	14.2691
-11.1927	13.4393
-8.33743	14.9981
-7.92011	10.9882
-8.23727	12.9165
-11.4689	13.1086
-10.041	14.6949
-10.0114	13.1527
-11.5414	14.9378
-9.74518	12.9806
-11.3309	13.6732
-10.8409	14.3668
-9.72158	13.7019
-10.9794	13.6184
-8.86564	14.3846
-11.0793	12.8633
-10.3048	12.7476
-11.5816	12.6305
-10.2593	13.4993
-9.34949	14.3561
-9.97649	14.8446
-9.68324	14.716
-11.5555	14.7458
-7.30099	13.0612
-10.0973	13.9338
-9.29996	12.0115
-9.63617	14.9946
-8.67293	13.6024
-10.319	13.0063
-11.8504	12.3709
-8.42779	13.0601
-10.4852	13.0433
-10.0837	14.8399
-10.6743	14.6051
-10.1177	14.8922
-9.21988	14.9534
-10.3463	12.7058
-11.5989	14.6607
-10.5244	13.8587
-8.49801	11.2054
-11.181	14.5841
-3.44635	11.4463
-8.60272	12.2763
-10.0611	14.5716
-10.3941	14.2135
-9.93827	13.7371
-10.5152	14.567
-7.94052	13.0927
-9.31939	13.5875
-10.1294	12.925
-10.5518	13.2059
-8.72701	12.8959
-7.40314	13.3671
-10.7028	14.5378
-8.87017	12.7718
-10.0578	12.5644
-8.68003	12.0748
-10.2396	13.3984
-9.78462	13.7144
-10.5563	13.9129
-9.7435	12.827
-11.2665	12.9979
-8.03872	13.5256
-9.15701	13.8604
-10.1444	14.0764
-8.10501	14.2145
-11.384	14.9018
-10.2937	14.1985
-11.6556	13.9967
-9.00559	13.7213
-9.93501	12.1137
-11.7363	12.9439
-11.9339	13.0701
-11.3062	14.4003
-10.3568	13.7385
-8.16695	14.9495
-7.84495	12.2301
-12.2424	14.4371
-10.5203	14.824
-10.7643	12.5584
-10.3239	13.6975
-11.7972	14.6928
-10.8942	13.0104
-10.9869	13.7271
-9.03689	14.7918
-10.7486	12.6155
-11.56	13.5719
-9.11856	14.07
-6.37169	13.4151
-9.44035	14.4272
-12.1098	12.4334
-7.19083	12.6399
-8.35963	12.1231
-11.0466	12.3766
-9.40457	14.5576
-9.11374	12.7891
-7.53272	12.0436
-9.00367	13.0926
-8.38152	11.8177
-7.49715	14.9638
-11.0997	14.4528
-10.2942	13.0841
-11.1817	14.5194
-8.99589	13.2692
-11.4442	13.0862
-10.3914	12.4257
-9.31116	14.1801
-10.9221	12.8275
-8.64644	13.5609
-10.5807	14.2617
-9.61822	13.928
-9.09553	14.3527
-10.2004	13.5903
-10.7805	13.006
-10.2144	14.6974
-7.72379	13.5496
-9.56294	13.9518
-10.7931	14.075
-8.51941	13.3112
-11.5079	13.5434
-9.06203	14.8113
-8.65177	14.6099
-11.3292	13.2762
-9.71358	13.18
-9.7008	12.4994
-9.86774	12.5609
-11.2725	14.7233
-8.31654	12.3671
-9.80431	14.2446
-10.9531	12.3895
-10.7461	13.7136
-9.7609	13.2895
-10.9287	14.0425
-9.60404	14.5194
-9.73908	12.0924
-12.1401	12.2242
-10.5049	13.4978
-10.3966	13.0904
-9.57124	12.3714
-8.91032	14.7807
-8.79351	11.9071
-9.55892	13.3648
-10.8365	12.2906
-9.62126	12.1922
-8.21432	14.9805
-5.43354	1.08145
-11.4436	13.2422
-10.5392	13.8296
-8.67737	12.0364
-9.86957	14.8201
-9.5457	12.4393
-11.3756	12.6619
-11.1809	13.8882
-11.5376	14.7712
-9.45722	14.4232
-8.80266	14.5876
-10.9716	12.844
-10.1701	13.0044
-9.83445	13.9099
-8.9197	14.3064
-10.3733	14.713
-10.1523	12.2981
-9.80572	13.1585
-8.23045	12.4937
-10.9606	13.5747
-9.20065	13.1034
-8.89066	12.2084
-11.1458	12.2079
-9.94651	14.2688
-8.77349	12.6807
-10.6159	14.0781
-9.26283	12.4335
-9.03195	12.216
-8.94213	14.248
-9.8626	12.2248
-10.8514	12.7912
-11.47	13.1108
-10.7571	14.8746
-11.3495	14.9667
-9.32147	13.816
-8.97074	14.6992
-10.7658	13.4968
-11.3521	13.9359
-9.83548	14.6683
-9.33949	12.6276
-10.6141	13.9063
-9.17467	14.6815
-10.3084	14.5143
-11.4025	14.4481
-9.93048	13.884
-7.94579	14.5779
-11.5423	11.9354
-8.03689	14.0669
-8.08704	13.1898
-8.89922	12.9965
-10.5759	12.6875
-9.22843	14.1093
-10.4039	14.4562
-7.63822	13.1923
-11.4792	14.8073
-11.1069	13.1757
-9.247	13.4958
-9.3284	13.5385
-8.06738	12.2567
-8.88188	12.7938
-11.7332	13.8381
-9.50102	12.062
-10.5253	14.0876
-9.06742	13.048
-10.6511	13.7281
-10.5567	13.9367
-8.03222	14.6163
-11.3052	12.4683
-11.4284	14.2433
-8.73655	12.506
-9.40177	13.9676
-9.04866	14.0319
-10.7317	13.3615
-9.30751	12.1496
-11.1438	14.9376
-0.274538	11.8813
-9.25273	14.8086
-10.7815	14.5368
-9.6564	12.6334
-11.384	12.7973
-7.64239	13.0004
-7.95748	12.8567
-11.7344	13.2274
-10.3974	12.3226
-11.0652	14.717
-10.36	14.3683
-10.6543	12.9254
-11.3486	13.3219
-11.9046	13.4261
-7.97064	12.65
-11.8495	13.0919
-9.06682	13.102
-10.7657	14.1434
-8.60682	13.6183
-9.15194	13.968
-7.9686	14.2884
-9.75489	13.9955
-10.7762	14.4594
-10.2363	13.9651
-10.0939	11.9627
-11.104	14.0242
-9.19022	13.2496
-10.4613	12.7154
-9.60134	12.3966
-9.04144	13.104
-11.9802	13.4522
-11.1601	12.3119
-10.5549	12.6086
-11.6465	14.0181
-10.7282	14.6676
-9.41213	13.066
-9.57431	12.6897
-8.32075	12.7891
-9.98594	13.8677
-11.2731	14.7725
-9.83841	13.424
-10.0547	13.9079
-7.58767	13.6318
-7.68983	12.8916
-9.05874	14.9669
-11.3414	14.4579
-10.3669	14.9647
-10.8304	13.5641
-9.88217	14.3564
-9.3092	12.2274
-10.6126	14.7585
-10.9648	14.6723
6.32712	1.69169
-9.21796	14.2497
-8.3956	13.3118
-9.51252	13.4124
-8.98388	13.7033
-9.40277	14.8389
-9.30778	13.3916
-11.6504	12.2497
-10.0418	12.9723
-11.2557	12.0582
-11.395	12.8953
-8.02579	12.9881
-9.73523	14.2113
-10.2038	13.2721
-8.97353	13.7569
-10.665	14.3179
-9.38614	12.0519
-9.15051	12.7027
-11.698	14.1226
-9.63152	14.5835
-9.20897	14.2926
-8.59333	13.1492
-9.18629	12.9117
-10.8599	14.4642
-10.316	13.6337
-10.8318	14.4304
-10.4163	13.523
-10.1068	13.2695
-9.43631	12.297
-7.9495	13.2008
-11.761	13.1991
-9.14379	13.6871
-11.1767	12.6326
-12.1543	13.0792
-9.06055	13.2934
-9.48724	13.6095
-10.2448	12.6033
-9.31734	14.6967
-9.77565	13.5045
-3.86386	10.8567
-11.5401	14.3972
-9.07642	13.4473
-11.6036	13.2876
-9.60681	13.6413
-9.18667	13.5316
-10.4229	13.953
-10.4272	12.843
-9.3115	12.0148
-9.69477	13.5318
-9.9308	12.663
-12.154	13.3434
-8.76407	14.3816
-9.35477	14.4531
-9.63607	11.9852
-8.5664	13.2911
-9.81033	13.1871
-10.5257	12.9101
-8.57856	12.5789
-10.9478	14.6747
-8.8483	13.0967
-11.1922	14.406
-9.84325	12.5905
-8.62181	13.2245
-8.63102	13.0254
-11.2887	13.7683
-9.37923	13.9743
-11.6862	14.9531
-9.15811	14.3893
-11.0861	13.4483
-9.30794	13.9641
-11.2127	13.2482
-11.294	12.0579
-9.79096	12.6156
-8.7434	14.098
-8.96171	13.8412
-10.6336	14.025
-10.562	12.509
-9.88404	14.8525
-10.1638	13.3725
-10.8484	13.6232
-9.68743	11.959
-10.9736	12.5465
-11.3695	13.6572
-11.8423	14.9947
-11.7513	14.5979
-10.1942	13.5944
-11.4585	14.5689
-9.87068	12.3764
-9.33422	13.2532
-11.3838	13.8327
-11.0719	13.1978
-10.3478	13.0893
-10.9995	13.588
-8.79311	13.5975
-10.0232	12.8149
-10.6872	14.4385
-9.44667	12.993
-11.7113	13.4104
-10.4714	14.6886
-8.67619	12.7014
-9.69693	13.3283
-11.4638	13.8302
-11.2451	13.5243
-7.38489	13.4082
-9.34492	14.5147
-11.1226	12.3253
-9.30864	14.7849
-11.2137	13.2204
-8.30931	11.2639
-8.87603	12.6507
-10.4707	13.6175
-11.5128	14.6823
-9.74505	13.6226
-7.93918	14.2176
-10.1614	14.2979
-10.6477	14.0958
-10.8604	12.948
-8.52554	12.1185
-10.8613	14.0761
-9.73556	12.1642
-11.8371	13.7441
-10.1034	13.7834
-9.92764	12.4209
-9.62086	13.6498
-11.9745	14.5385
-9.74751	13.5039
-9.37309	13.426
-11.4475	14.9442
-10.3484	13.9487
-9.67915	13.8811
-9.19856	13.7155
-10.6216	12.2361
-11.5308	13.6326
-8.55	12.7764
-9.66319	12.3755
-10.1006	14.8002
-10.8588	13.519
-11.889	14.6364
-8.46582	12.5274
-9.43681	14.1845
-10.6849	14.9007
-9.32453	12.4102
-11.8251	13.5666
-10.8115	14.9136
-9.31957	14.0043
-9.50341	14.0328
-9.64511	14.0088
-9.20533	12.8348
-10.5424	13.2044
-10.0486	14.0825
-7.6256	14.6032
-11.4693	13.2879
-9.98396	14.1165
-9.94739	14.7669
-10.5249	13.4499
-11.771	14.0542
-6.64612	12.2772
-12.1177	14.4974
-9.70484	13.7884
-11.3797	14.9618
-10.9435	13.4243
-7.94034	13.518
3.2748	1.59149
-11.1425	13.2988
-8.61614	11.8923
-8.59709	13.26
-9.41029	13.6945
-9.62817	13.0453
-9.70592	14.5968
-10.1001	14.6266
-10.3474	13.8999
-8.98484	12.9346
-8.14051	13.6898
-9.05288	13.4139
-10.1674	13.5386
-10.1768	14.3219
-10.2455	13.8085
-9.5719	12.9024
-9.77466	14.3216
-8.74449	12.5336
-9.64114	13.9059
-10.4121	14.8559
-10.856	13.9159
-8.16609	14.7652
-8.56801	11.2338
-8.97389	13.4698
-10.0298	12.459
-10.9364	13.9097
-9.97077	14.9147
-8.59503	12.9904
-10.1046	13.0364
-10.6379	14.5745
-10.846	14.6928
-10.5285	13.8867
-9.87826	13.6464
-10.4335	12.049
-9.30443	13.8245
-8.71005	13.0014
-8.09343	14.6292
-9.63008	13.4723
-8.98814	14.57
-9.59346	13.1407
-9.15241	14.1173
-10.718	14.4272
-11.6341	13.8209
-9.82759	11.9941
-8.43361	13.9953
-9.67523	14.6937
-9.18977	11.8982
-10.8222	14.3501
-9.45588	14.6725
-8.31873	14.4238
-9.2203	13.046
-9.2002	12.0822
-10.7114	13.4703
-11.5139	14.3345
-8.81289	14.8467
-11.2421	14.8931
-10.1163	13.0636
-9.44692	14.8306
-8.02464	12.929
-10.8005	14.5046
-11.1762	14.966
-10.4261	14.2418
-10.7123	12.6619
-11.6298	14.0411
-9.74909	13.7782
-11.2656	14.6692
-10.1794	14.478
-9.27617	11.7504
-10.7024	13.9595
-9.59339	13.5739
-10.9144	14.7792
-10.4358	13.3941
-8.83593	12.2214
-11.4257	12.9587
-11.0214	14.4834
-10.6722	13.7539
-10.3408	11.883
-10.975	14.8836
-11.2378	13.5637
-4.22314	13.425
-10.6756	14.985
-9.87093	13.9364
-10.5913	12.2224
-9.66143	13.057
-10.4719	13.2745
-9.14151	14.8126
-8.42162	12.801
-9.2023	14.5981
-11.5356	12.8961
-10.3042	13.9693
-10.6008	13.3182
-11.045	14.6026
-9.0097	12.3713
-8.23381	11.8221
-10.8473	14.7214
-10.5999	14.4782
-9.19544	12.4432
-8.28646	12.9271
-10.8452	13.3281
-11.0679	13.2587
-10.1669	14.5307
-8.36019	13.2176
-9.49458	14.7517
-8.71713	14.3163
-11.8981	13.7546
-9.64515	13.1431
-11.239	12.8438
-11.1792	12.6108
-11.5085	13.9286
-10.4413	13.7643
-10.0968	13.4706
-8.84186	14.5837
-11.3064	14.0818
-9.81247	13.16
-8.14308	13.3451
-11.3481	14.1344
-7.9473	14.4048
-8.31897	14.2176
-12.0982	13.8424
-10.477	13.0656
-10.2443	14.5878
-9.58134	14.1211
-9.21919	12.8234
-9.43773	12.4185
-8.35217	13.6916
-9.77535	12.3229
-8.21061	12.0177
-11.7434	14.6328
-9.34726	12.741
-9.53811	14.6842
-8.74057	14.0257
-9.63288	13.8076
-9.89559	12.9676
-10.166	14.7419
-10.6214	13.1646
-10.1095	13.4437
-11.4538	13.6325
-10.9027	13.4093
-9.30599	13.126
-11.1295	14.1961
-10.6712	13.708
-9.31119	14.132
-9.43222	13.4967
-10.7267	12.9919
-10.0928	14.4185
-10.1329	13.9929
-9.20432	13.5901
-9.80564	14.9579
-6.11138	14.2383
-11.8075	14.0606
-9.69174	12.8723
-11.5781	12.8259
-9.28224	13.6118
-9.30676	12.4479
-8.96367	14.2337
-11.4942	13.7956
-10.1096	14.4289
-9.24579	14.8797
-10.8485	14.9395
-9.62184	14.7412
-10.9359	12.7559
-10.8234	13.6926
-11.3412	12.7285
-8.04484	13.1647
-9.61176	14.6474
-11.4177	13.4365
-10.7051	12.3776
-10.7955	13.9294
-10.2984	13.6829
-9.1253	12.6267
-10.0644	13.6495
-12.019	14.0014
-11.288	12.9754
-9.27074	14.2364
-10.8112	14.9783
-10.4675	12.5376
-11.393	13.0697
-9.68592	14.5949
-11.6733	13.2423
-10.6678	13.0871
-10.0833	13.4025
-9.87072	14.2674
-10.0792	13.9916
-11.342	13.9663
-10.4703	13.7457
-9.50367	13.9444
-9.49598	14.6303
-10.1332	14.8049
-10.2496	13.5384
-10.4303	13.6117
-11.1445	13.2743
-9.7991	13.0898
-7.76197	13.1171
-10.2728	14.0785
-10.3104	12.6776
-11.0921	14.9249
-9.87569	14.0962
-10.0544	13.4295
-11.6439	13.4446
-9.32019	14.6666
-10.8855	13.2852
-11.6166	14.8101
-8.47593	11.7714
-8.69099	14.1976
-11.1089	14.1637
-11.9617	12.2787
-8.91343	12.7594
-9.42042	12.385
-11.3997	14.7905
-9.96177	13.0692
-8.62336	13.7965
-8.90459	14.1486
-9.74672	13.6078
-9.06848	12.4407
-9.4622	13.5978
-9.44419	14.2244
-9.30771	12.3218
-9.40841	14.0306
-8.72416	12.0022
-11.6641	14.59
-9.11701	13.4646
-11.2568	13.5181
-9.09009	13.5529
-9.35304	13.0654
-9.40562	12.3562
-10.655	12.632
-10.9648	13.4425
-11.1121	14.8645
-10.9613	14.2095
-10.7585	13.9752
-10.5195	14.4612
-11.6165	13.5518
-8.10679	14.29
-9.92588	14.0298
-11.0261	12.0892
-9.13564	13.2874
-9.13133	12.7913
-10.4925	13.1564
-9.8411	11.9033
-10.6104	14.9709
-10.7489	12.5694
-9.80455	12.9135
-8.29553	12.2424
-10.7211	14.772
-12.0214	12.7897
-9.8859	14.3395
-11.9408	14.4919
-10.6405	13.9071
-10.502	12.9862
-8.92281	13.3026
-9.15843	14.0626
-9.55702	12.6576
-11.1032	12.9155
-9.57739	14.6767
-9.11415	13.2024
-8.62336	14.9457
-10.6361	14.1688
-10.9065	12.6748
-10.556	12.5495
-8.41767	13.2106
-10.2485	14.5134
-10.6856	12.7116
-10.7298	12.8111
-9.38858	13.9539
-11.0543	13.9566
-9.13105	14.7815
-11.1609	14.7743
-9.24368	14.2609
-10.5609	13.8807
-8.9595	12.9079
-9.37224	12.5627
-9.69604	14.8882
-9.86831	14.9422
-10.5665	12.3515
-8.65384	14.0763
-9.45769	13.6646
-10.3646	14.3896
-8.846	14.1204
-11.8805	12.2072
-9.57944	12.8668
-10.1684	14.8069
-11.483	14.1771
-10.5472	13.2552
-9.04167	12.277
-8.53271	14.9517
-10.8923	14.8912
-10.0699	12.6265
-10.0064	12.9421
-10.062	13.4867
-10.0894	14.2475
-9.50407	12.0269
-8.7254	12.4732
-11.8921	13.2418
-9.28073	13.5978
-10.2292	12.1267
-9.97089	14.9212
-10.3158	13.7256
-10.7709	13.97
-11.462	12.7
-8.8926	14.5175
-8.13031	14.5266
-9.47984	14.1615
-9.92259	13.538
-9.74973	12.4965
-1.6962	14.9851
-11.0116	13.9096
-9.84705	14.4798
-9.41668	13.2206
-9.57097	12.5888
-9.31448	12.8918
-9.1645	14.7132
-10.2444	12.8786
-10.5545	13.2049
-11.8032	14.7252
-9.08461	12.5753
-11.5352	14.8388
-8.48259	13.3855
-9.91878	14.1961
-8.60089	12.543
-10.9126	14.4577
-10.9014	12.0988
-11.7856	13.8254
-8.50378	12.8481
-10.105	12.7951
-10.9028	13.6272
-9.40428	13.033
-10.7573	12.0123
-9.80222	13.7089
-9.65403	12.2866
-11.2884	13.9941
-7.45573	11.2714
-11.4844	13.0764
-9.44227	12.8057
-10.5432	14.0894
-9.75419	12.806
-10.3359	14.6869
-9.92476	13.2052
-8.23663	14.5216
-10.7226	13.4202
-11.35	13.407
-8.09843	12.7954
-9.82417	12.2917
-11.3494	12.398
-9.41198	12.7655
-9.16345	13.7796
-9.36715	13.4526
-9.25378	14.4707
-11.641	12.1848
-10.9079	14.6419
-10.2632	12.5003
-10.3692	12.8314
-10.1998	14.2007
-11.5467	13.8248
-11.9673	14.2451
-10.2156	12.2415
-9.3181	13.5012
-7.25491	14.5711
-10.6065	14.5172
-9.4557	13.9679
-9.56163	14.4421
-8.34428	12.9327
-8.45943	12.6829
-10.9847	14.0105
-9.62087	14.0889
-8.80166	13.0122
-8.68182	13.2312
-11.0426	13.5313
-8.93247	14.2163
-8.3515	13.4238
-11.0245	12.0676
-8.91087	12.8921
-11.2732	13.07
-8.89732	14.7398
-9.35527	11.9878
-8.88205	14.5446
-8.48289	13.3982
-11.9978	14.3026
-8.6849	13.9035
-10.4211	13.1782
-9.71907	12.4252
-9.68721	13.0112
-10.2771	14.7851
-10.4005	13.8113
-10.3093	13.3562
-11.3587	14.4633
-10.6786	13.9274
-9.76191	14.7036
-3.52764	9.18729
-9.47176	12.9653
-10.2488	14.5912
-9.12589	13.1163
-8.57038	14.9202
-11.6851	14.0284
-11.6396	13.0466
-10.8863	13.5429
-10.3026	12.8812
-9.48499	13.037
-10.1104	13.0165
-12.2	14.0771
-9.81225	13.5947
-11.4987	12.6833
-9.16468	12.8525
-9.11135	14.8275
-9.13039	14.5485
-8.42088	11.6707
-10.4873	14.1667
-8.21937	14.001
-9.05156	13.9742
-5.65582	11.4669
-9.55509	13.4716
-8.39588	14.7154
-7.22406	12.4937
-10.1076	13.7452
-9.48447	14.6139
-11.8139	12.5367
-1.59136	-12.5557
-10.9495	13.9568
-9.27468	14.8173
-11.2935	12.4358
-10.0669	12.7112
-10.5848	13.8146
-9.95957	13.5577
-10.6437	13.4698
-10.781	13.9119
-9.78718	13.4738
-9.77949	13.3103
-8.44687	11.5298
-9.31816	14.5765
-7.94896	14.2835
-9.55184	14.189
-10.4961	13.3154
-10.4665	13.6178
-11.0713	13.36
-10.0379	12.1768
-10.824	13.9323
-11.0395	14.4398
-9.96262	13.3451
-9.58164	14.5814
-8.95636	13.402
-11.5168	13.3159
-7.63834	13.0873
-9.49756	12.3809
-11.7232	14.9587
-9.28999	13.6487
-10.2175	12.6978
-8.49088	13.4981
-11.3005	12.58
-7.42705	12.3234
-11.8828	13.9181
-11.5992	12.0405
-9.98826	13.6593
-9.83691	13.6587
-10.2706	14.7637
-9.35979	13.9694
-8.87635	11.8532
-7.82345	11.794
-8.68215	12.9016
-9.89097	13.3344
-10.4939	14.668
-10.3438	14.172
-10.2142	13.1914
-11.6869	14.3294
-9.59167	12.726
-11.8739	12.9188
-9.98699	14.6482
-11.0437	13.7751
-9.15774	13.6979
-9.02361	14.4381
-10.6456	12.5899
-10.5934	14.972
-11.1963	11.9312
-10.3199	14.0312
-8.33083	11.264
-10.0412	14.395
-9.11925	13.9487
-9.60688	14.4199
-11.4899	13.6267
-11.4682	14.0254
-10.6161	14.2544
-10.5273	13.0183
-9.3739	14.8688
-9.54357	14.6101
-10.6492	12.9114
-10.498	12.3214
-8.34236	13.9392
-9.20573	13.2365
-9.55989	14.3662
-10.4715	14.5234
-8.49965	12.5247
-10.5099	13.8862
-8.89326	12.4587
-7.92801	13.2591
-11.657	12.5475
-10.8129	13.0017
-10.5361	14.0021
-9.57798	13.1741
-11.1842	14.1822
-6.15315	13.5063
-10.8986	12.4432
-11.3626	13.8921
-11.0234	11.8953
-9.50598	13.7376
-11.111	13.305
-11.3359	13.72
-9.59657	13.8757
-9.38344	13.0301
-11.5701	14.713
-9.88437	14.1039
-9.76482	13.6385
-9.21344	14.0854
-11.0998	13.4794
-8.55952	12.8429
-6.9059	11.501
-9.88584	12.8993
-12.0014	12.4571
-10.4883	14.1927
-10.1986	13.8546
-11.0701	13.3075
-11.3007	13.4248
-9.22849	12.7843
-9.27594	13.4166
-9.2464	13.0236
-11.1598	14.4155
-7.41957	14.0955
-10.0764	14.7464
-9.50772	14.8139
-9.26824	14.0446
-9.63789	13.0624
-9.80315	12.3215
-12.0695	14.7587
-8.31104	12.9002
-10.8197	14.0611
-9.59208	14.0369
-9.21699	14.3312
-11.9453	12.8684
-9.35801	14.3472
-10.8663	13.9015
-10.0589	12.7612
-11.5436	14.8713
-10.8319	11.9469
-8.45891	14.6557
-8.24201	14.3732
-9.32802	13.8311
-9.33699	14.0748
-9.63396	13.1507
-10.3148	14.6561
-8.96586	12.4795
-8.15776	12.2396
-9.11332	12.9646
-10.8457	14.0927
-11.8128	14.3518
-9.52078	14.8351
-9.76332	13.8484
-7.9956	13.0476
-10.1799	13.1521
-10.7251	13.9042
-9.22166	14.4117
-10.1004	12.808
-12.0976	12.9741
-11.799	13.6558
-10.0984	14.5558
-11.2877	14.9837
-9.3616	13.5947
-11.8837	11.9394
-9.8579	14.7987
-11.6841	13.9818
-12.0112	13.1762
-10.397	12.9103
-9.06599	13.9478
10.3217	11.0888
-10.1847	12.1276
-10.0491	13.1483
-9.0778	13.4462
-9.25538	14.253
-7.88356	12.9542
-11.0329	13.4966
-11.6654	12.2938
-10.7944	13.0061
-11.6098	12.9407
-8.5861	13.1196
-10.968	13.2006
-9.13202	13.0422
-9.09394	14.1355
-12.0237	13.2747
-9.3851	14.9281
-8.38506	10.9568
-9.16998	14.9018
-11.9358	13.3984
-11.0835	13.706
-10.6106	14.957
-10.0548	14.2067
-10.9509	13.2122
-9.52144	14.8327
-8.88066	14.3908
-8.05844	14.2847
-7.55053	13.0282
-10.4688	12.5934
-11.9909	14.7127
-10.8616	13.461
-8.78798	14.9622
-8.834	13.0541
-9.32754	14.9048
-9.37061	14.2805
-9.08953	14.193
-11.4249	14.6671
-11.3671	14.538
-11.0207	13.6683
-10.4237	14.6854
-11.7683	14.2191
-11.3171	12.7902
-9.52604	13.2756
-10.5301	12.0745
-8.46216	12.147
-10.7808	14.8854
-9.30861	14.7896
-8.9044	13.013
-11.4731	11.9183
-11.1152	12.1783
-8.37766	14.0616
-10.0873	12.2855
-10.8316	14.8532
-11.6884	12.3041
-10.0803	14.9953
-9.81998	14.287
-10.3702	14.6067
-10.1381	13.423
-11.0741	13.1545
-10.0628	13.0634
-10.9819	12.3866
-10.2997	13.472
-10.3178	12.2533
-12.0123	14.7736
-9.68745	12.1361
-10.5846	14.2398
-9.14191	13.959
-10.0769	12.8821
-9.51754	12.8034
-9.64502	11.7646
-10.2387	14.161
-10.0572	14.5648
-10.5391	14.3377
-10.1991	14.9688
-9.68811	14.3758
-9.92472	13.9347
-10.5921	13.6647
-9.60111	13.3382
-11.5668	12.3673
-10.0437	13.5971
-11.7518	12.8086
-8.88467	12.7908
-9.90556	12.8148
-10.3526	12.4325
-10.4062	14.8548
-10.7649	14.7667
-8.25463	14.6411
-9.58416	14.3645
-10.0128	14.6457
-10.2766	13.8767
-9.47739	13.6776
-9.81201	14.5074
-9.54576	13.1899
-10.073	14.1279
-10.7333	14.1953
-8.47472	13.639
-9.1336	13.9864
-10.1924	14.7808
-9.5699	12.7226
-11.3795	14.695
-11.3569	12.541
-11.7389	12.7659
-10.4498	12.365
-11.787	12.8757
-11.9946	12.9034
-8.44373	11.7257
-7.88999	11.495
-10.4997	14.8599
-8.89196	14.2071
-7.47166	12.2335
-11.7665	14.5516
-11.883	13.9123
-12.0515	12.6596
-10.1206	14.3155
-10.965	14.297
-10.4534	12.013
-9.92473	14.5891
-9.36677	14.1155
-9.84089	13.1894
-10.8956	14.1563
-10.5677	14.4256
-9.23346	13.6991
-8.52218	14.2028
-10.3366	12.1814
-9.28362	12.5286
-10.1817	13.229
-10.3934	12.8576
-10.0231	14.9668
-9.3344	12.8618
-7.44561	11.1722
-7.84468	13.9087
-11.775	12.9671
-9.60644	13.9812
-9.55199	13.3538
-10.6276	12.6238
-10.7318	12.3589
-8.48016	14.8398
-8.38971	14.2046
-9.99052	14.8774
-9.38614	14.2753
-10.3312	12.1528
-10.3601	13.4377
-10.1538	13.5503
-8.41666	14.1558
-11.3987	14.474
-9.69355	13.3625
-7.12422	12.4314
-9.99532	13.2785
-9.42908	12.8091
-9.64067	13.6877
-10.9169	14.5986
-9.5133	14.9961
-11.8193	13.3021
-11.8076	13.9655
-10.972	12.5811
-10.0169	13.7272
-8.55367	14.9391
-10.5919	14.9351
-10.7042	14.528
-7.95096	13.1658
-12.1764	13.4549
-10.8506	13.9308
-11.4606	14.7606
-8.91316	13.3621
-8.40156	12.7114
-10.6909	13.1584
-10.5903	14.5804
-11.9072	12.5897
-8.74684	14.0498
-10.0519	13.7336
-11.9196	13.1527
-9.13562	13.8144
-11.6418	12.7867
-10.8062	13.0984
-11.1156	13.5068
-9.47362	14.4758
-10.1325	12.6057
-9.30539	11.7862
-9.07989	12.7462
-10.1939	14.574
-10.9862	14.7803
-9.43169	13.4168
-9.68367	14.9964
-9.02208	13.3245
-11.2115	12.8297
-11.0922	12.8076
-10.8788	14.9185
-11.9089	13.597
-9.60278	14.5247
-10.6173	12.3979
-12.0468	12.296
-8.62686	11.4844
-10.4125	12.022
-11.5951	14.4501
-9.21627	13.6807
-11.429	12.7863
-10.4707	12.9648
-11.6901	13.1178
-8.84138	14.9214
-9.27901	12.2248
-9.7971	12.8438
-10.4603	13.7217
-9.18839	13.6561
-7.76562	14.176
-7.62034	14.3941
-10.6475	12.1578
-8.34122	14.5974
-10.5594	14.7773
-11.2412	12.5537
-10.4953	13.2481
-9.97097	13.7114
-10.924	13.5029
-10.4273	12.2513
-11.3316	12.973
-10.3212	13.0355
-8.00213	14.1375
-11.6119	14.4651
-10.4634	13.3742
-8.55683	14.834
-10.8422	14.1153
-9.88859	12.8485
-11.1797	13.9878
-11.9576	14.7969
-11.5805	14.0207
-9.5954	14.88
-10.7734	14.162
-9.70524	14.5959
-10.6981	14.727
-9.54508	14.8416
-9.48425	13.089
-9.43035	12.6213
-9.5156	13.8185
-10.9793	14.6739
-10.5577	14.9999
-11.352	13.0702
-9.97399	13.0927
-10.9859	13.7397
-7.59788	14.5735
-9.74776	13.4967
-8.50135	14.8398
-9.33023	13.1765
-11.3184	12.5482
-10.4072	13.092
-9.24558	13.3797
-10.5729	12.3792
-11.4143	14.4779
-8.52692	13.8359
-11.4609	12.0268
-9.58479	13.8437
-9.60998	14.2905
-10.93	13.844
-8.17254	14.9193
-9.85246	12.5018
-9.72237	12.3099
-8.78009	13.4941
-9.62511	12.4719
-8.68872	14.6696
-11.5779	14.0562
-9.39095	14.5945
-9.74131	12.4549
-8.37506	13.1056
-9.53102	14.0551
-9.70576	12.7303
-10.133	13.272
-11.3513	13.3024
-8.12098	11.7814
-9.83824	14.7965
-10.0509	14.3307
-9.4182	14.6058
-8.94817	13.0629
-9.11611	13.7481
-10.4041	13.7847
-8.8008	14.8997
-9.31362	14.6286
-10.4588	13.0639
-8.97626	13.266
-10.8499	11.958
-11.3419	14.7234
-6.29922	12.293
-11.5594	13.1795
-11.3909	14.3329
-9.5389	14.6951
-10.1872	12.5091
-11.2596	14.8198
-9.82538	14.2613
-9.91845	13.9801
-10.7429	14.5676
-11.3981	14.615
-9.747	12.6857
-10.9373	12.229
-9.84641	14.1122
-7.90639	13.7021
-9.38009	14.2991
-9.11165	12.9043
-10.8703	14.6632
-10.5099	14.6305
-9.18357	13.6363
-9.48989	14.367
-10.5448	12.7996
-9.68261	14.5295
-11.2388	12.3025
-1.30786	4.96023
-8.81978	12.2212
-8.12332	14.666
-10.3428	14.3053
-10.9808	14.5418
-9.9132	14.2797
-8.60392	14.3315
-9.98901	12.2989
-10.0658	14.2432
-11.8841	13.0313
-11.228	14.6315
-9.59202	13.9536
-10.6206	13.1489
-10.4065	14.396
-8.14339	14.2207
-11.8349	14.6909
-9.13513	13.1213
-11.1761	14.3727
-11.3992	12.5747
-9.96626	13.7305
-9.43917	12.9869
-10.8206	14.2626
-6.78683	13.6133
-11.3886	12.9146
-9.39572	14.3307
-11.9484	14.6465
-10.129	14.0956
-10.9219	13.4957
-8.80427	12.5505
-11.5948	12.3673
-10.3095	14.664
-9.7843	13.3454
-11.7227	13.2541
-9.89481	13.6146
-9.2332	12.0923
-8.31979	13.1956
-9.24011	14.1131
-10.1498	13.8918
-9.90797	13.861
-11.1719	12.0211
-9.34543	13.3712
-9.13525	14.8538
-11.5149	14.6618
-7.98647	13.2123
-9.76795	13.697
-11.8302	12.4355
-11.086	14.9589
-9.21331	14.4238
-11.7303	12.9692
-10.7528	13.1564
-11.143	13.1773
-9.49994	12.0353
-9.22343	13.2705
-9.10089	14.5178
-10.3994	14.78
-11.2862	12.99
-8.97834	12.925
-11.5953	13.8864
-8.45188	12.7442
-9.76423	14.7137
-9.11423	13.9239
-11.8563	14.2489
-10.0825	12.8075
-10.4889	13.5451
-11.4015	12.605
-11.7787	13.2245
-8.37917	12.2457
-11.801	14.0174
-11.1264	13.1081
-10.0432	14.3831
-10.8664	13.307
-10.6014	13.7893
-11.9383	12.0132
-10.4394	13.4914
-10.4786	14.4395
-11.4741	13.6507
-9.1204	12.4514
-9.82569	14.0688
-9.51651	13.708
-9.05947	14.114
-9.04762	14.4308
-8.2835	12.5315
-10.2107	12.5252
-9.54874	12.5624
-9.7137	12.3998
-11.4042	14.1583
-10.9433	12.4892
-11.1367	14.3729
-11.8805	13.4338
-8.71018	14.0491
-9.74566	13.412
-9.18026	14.9117
-11.3859	13.1678
-7.7494	11.3082
-9.53564	14.0513
-9.18996	13.8123
-10.4964	14.7042
-11.6617	12.4617
-9.81965	14.8179
-10.4018	14.2355
-9.99472	13.3644
-10.711	14.4314
-7.67174	14.362
-10.0616	13.8255
-8.57535	13.6748
-9.82282	13.315
-10.787	14.5011
-9.97	13.5261
-11.7957	13.8976
-10.8867	13.6859
-10.945	14.2419
-10.3094	13.2479
-9.22755	12.6911
-8.97449	14.1035
-9.55793	14.1949
-10.1764	14.4799
-11.6867	14.8333
-10.5745	14.5431
-11.0258	13.8783
-11.4573	12.3109
-9.14739	13.8681
-10.1709	13.7285
-9.2833	12.6135
-10.5897	13.8806
-10.4309	13.0813
-10.6815	14.6616
-7.99184	14.1088
-9.17252	13.063
-11.923	14.7797
-9.04379	13.1711
-9.29748	14.3631
-9.07668	13.7082
-8.14065	13.4159
-9.29771	14.8931
-9.46009	13.0457
-11.3306	13.5574
-9.74269	13.5268
-12.063	13
-11.0824	13.5498
-11.4656	12.9276
-11.2671	12.4103
-11.1876	12.1339
-10.9209	14.2592
-10.4318	13.2978
-10.4978	13.37
-11.107	12.3084
-8.65336	14.3028
-9.55281	13.8354
-8.29272	14.7419
-7.94416	13.9868
-11.5731	13.9768
-9.54299	13.9833
-11.2287	11.992
-10.1425	12.7379
-10.9405	13.1951
-11.4102	14.4166
-7.98066	13.6616
-9.3773	13.5283
-9.04188	13.9132
-9.44411	12.4028
-10.981	13.753
-10.7361	14.3201
-11.885	13.2067
-9.17586	12.0316
-11.1088	13.5648
-11.028	12.4738
-11.2892	13.4405
-11.6098	13.149
-9.84831	13.3332
-9.61841	13.8016
-9.41428	12.2317
-10.0645	14.4672
-9.92458	14.8004
-10.0999	13.6107
-10.4532	12.2777
-10.8711	14.7805
-8.63092	12.5258
-10.3354	13.3408
-10.8292	12.2988
-7.82427	14.6535
-10.3511	13.8862
-9.17376	14.8035
-11.9067	13.8482
-8.75609	13.6051
-10.5736	14.4422
-10.2681	14.6985
-8.3257	13.3062
-7.59366	13.717
-11.268	12.9335
-9.7863	12.5942
-10.7391	13.4908
-9.51935	14.0722
-9.51231	13.3945
-9.61501	14.1693
-7.86342	13.9931
-9.23691	14.5448
-8.60012	14.362
-11.6319	13.0948
-8.40796	13.3479
-9.00939	12.1374
-9.70554	14.8745
-9.74022	14.7696
-9.87866	14.4505
-9.03511	11.9299
-10.0926	13.9934
-9.94689	13.2683
-11.0925	12.4013
-9.65988	13.641
-12.0284	14.0805
-11.4354	13.6597
-11.082	14.3233
-11.2427	14.286
-8.04352	13.65
-9.5392	14.378
-11.3975	14.4014
-10.0455	14.8516
-12.0368	12.3089
-10.3873	12.9448
-11.3686	14.5565
-9.07051	14.777
-9.93466	13.4403
-11.6587	14.4875
-9.64246	12.5999
-9.51341	12.2906
-9.89838	12.5353
-10.5025	12.0588
-8.38466	13.447
-8.61947	13.469
-9.6516	12.8619
-9.65616	14.2114
-8.88188	12.8874
-10.0645	14.1765
-10.0569	14.1694
-9.34671	12.0808
-11.9439	12.4527
-11.6035	12.2829
-10.6658	14.2529
-11.1421	14.1306
-9.06314	14.8095
-11.8308	14.1309
-10.501	14.3452
-9.68947	11.8902
-9.789	14.3149
-7.48797	12.9319
-9.29082	13.7926
-8.73866	14.9113
-10.8804	13.9875
-8.96752	12.8638
-8.69921	13.1685
-10.4399	14.7841
-10.7663	14.4656
-5.09956	11.3515
-9.21755	13.0992
-7.69678	13.7531
-9.10511	14.3379
-11.0586	11.9454
-10.1083	12.747
-10.3152	13.9439
-9.44973	13.4029
-11.4824	13.1821
-11.4266	12.4788
-9.46768	14.7566
-12.0907	12.2541
-10.1156	13.9693
-10.1865	13.4641
-11.7395	13.5182
-11.0405	12.5109
-10.8	13.7106
-10.9353	14.2273
-9.75414	13.7049
-9.50725	14.4986
-10.2728	12.7208
-10.3999	12.0489
-9.7612	13.2571
-10.2053	12.3391
-8.89311	13.9676
-10.273	12.9627
-8.95032	11.7903
5.85184	-5.14806
-10.4333	14.2566
-9.81543	14.236
-9.88266	12.7331
-11.8598	13.8226
-9.37741	14.237
-9.08602	13.0069
-9.40904	14.0162
-9.4029	14.0367
-8.92398	12.7717
-9.03511	12.7811
-8.93302	14.7591
-10.7496	14.7029
-8.37881	13.6921
-9.87587	13.9032
-9.21467	12.4164
-10.6185	12.5926
-10.4616	14.3048
-8.56053	14.5903
-11.0498	12.7214
-11.038	13.3894
-7.83781	13.7738
-9.11838	12.2072
-8.55421	14.8237
-11.8239	14.6038
-9.84395	14.5694
-11.8589	14.0449
-11.4269	12.8837
-10.8623	13.868
-11.2531	12.286
-11.2259	14.8492
-9.27068	13.3495
-10.9593	13.7335
-11.1505	14.6644
-7.54221	14.8221
-9.96432	13.7942
-11.5228	14.3877
-9.8025	13.6324
-9.65753	12.2821
-11.3716	14.0334
-10.293	12.9913
-9.78263	12.4072
-11.4896	12.9491
-11.3927	13.7329
-8.30491	14.1568
-8.8832	13.7394
-11.4041	13.7121
-9.23945	13.4604
-7.39049	14.1544
-11.787	14.6962
-11.3144	14.6215
-9.72963	12.5268
-9.69733	13.9685
-10.7064	14.5657
-10.8854	14.8836
-9.03083	14.6736
-9.08579	13.0183
-8.94077	14.1138
-9.37642	13.8116
-10.6605	14.5431
-9.51529	11.9052
-9.2834	14.1925
-11.2687	12.4228
-7.22599	14.1151
-10.357	13.1399
-11.6088	13.7954
-8.51575	14.2118
-10.0095	13.788
-9.53879	13.2334
-11.5325	13.1053
-10.5543	14.6878
-9.12918	12.3007
-7.86484	14.0409
-8.82958	14.8092
-10.5798	14.6142
-9.33544	13.4148
-9.03646	11.9251
-8.52981	14.7882
-8.01664	13.3017
-10.2383	11.8194
-9.36653	13.3204
-12.0353	12.8786
-9.03534	12.7482
-10.1384	14.2361
-10.9438	14.1866
-10.4368	12.4985
-9.56815	12.2865
-6.77675	13.7314
-8.11045	13.3399
-10.4087	13.962
-7.90101	11.1007
-10.7474	12.6012
-11.0481	13.4777
-10.1716	12.756
-10.9072	12.9788
-9.58569	13.9454
-8.37586	13.8885
-10.3332	14.0619
-11.5416	12.1243
-9.12298	14.6354
-10.1671	14.8291
-10.7823	13.6433
-11.3573	12.7185
-11.5451	12.9899
-9.82285	12.7713
-9.36797	12.7525
-8.67826	12.4792
-11.1053	12.0111
-8.88741	12.7911
-10.8256	14.8448
-10.8272	14.6559
-11.3675	13.5015
-11.6064	13.7236
-11.9513	12.3898
-8.40672	14.1908
-9.3207	13.5251
-11.8767	13.2638
-9.26164	12.0494
-10.6854	14.7305
-9.0768	12.8758
-10.4738	12.7112
-8.51202	12.3419
-9.28452	14.0737
-8.72627	12.4193
-8.06063	13.3683
-11.5689	13.9189
-10.9568	13.752
-9.20608	12.5534
-9.96679	12.4503
-10.8089	13.7692
-9.23912	14.6542
-10.6154	14.5825
-8.79043	12.099
-10.1945	14.9709
-9.35096	14.1201
-10.1911	14.8382
-10.3452	12.3678
-12.0732	12.7385
-9.00903	13.2071
-9.67205	13.3161
-11.2811	12.8478
-11.8489	14.909
-9.77149	13.4592
-11.1425	14.1024
-11.6634	13.8728
-8.53835	13.2581
-9.365	12.0359
-11.4669	12.313
-9.37105	12.1959
-10.2105	13.4943
-7.23781	13.6126
-9.05456	14.5455
-9.91966	13.1548
-9.67588	14.3424
-9.58256	13.3041
-11.179	13.8926
-8.46107	12.7865
-9.82185	14.7641
-11.3809	13.6533
-10.928	13.3956
-10.5114	14.8443
-9.87167	12.4054
-9.97593	12.3442
-10.2502	13.3101
-11.0446	14.0938
-10.7695	13.3677
-9.53081	14.0862
-9.60572	14.7108
-10.2144	13.92
-11.6139	14.5711
-9.6903	12.2814
-10.4144	12.1853
-8.59843	13.3835
-11.4934	14.6388
-8.1409	13.7593
-11.6228	13.277
-10.1086	14.7067
-9.6302	14.7872
-10.005	14.3557
-10.2845	14.8496
-10.1915	13.2957
-10.6401	14.8547
-11.6023	13.3601
-9.55599	13.8347
-11.3486	14.6082
-10.7023	11.9355
-9.5969	14.8658
-10.985	13.1516
-11.0759	14.584
-11.0138	12.382
-10.4188	14.9922
-10.128	13.0405
-9.07279	12.6635
-10.9971	14.6576
-8.53823	13.029
-10.1541	13.545
-8.21225	13.801
-10.292	11.9227
-10.2867	12.5485
-10.1584	13.3719
-10.4935	13.3134
-10.6889	13.508
5.34362	3.03128
-9.48393	13.5181
-8.90104	13.1238
-9.69958	14.4615
-8.94284	13.6207
-8.53135	12.9284
-11.6309	14.2809
-10.0419	13.2205
-9.57417	12.2159
-10.0897	13.5054
-10.2908	13.7099
-9.93447	12.7646
-9.00327	12.7563
-11.7399	14.7204
-9.41462	14.6215
-11.4514	14.5796
-9.39859	12.7147
-10.8579	13.6228
-9.65089	14.2438
-11.3421	14.3442
-11.6259	14.8424
-11.5418	14.3764
-10.9368	13.8717
-8.91894	14.7498
-10.3912	13.6052
-11.329	11.8213
-7.86933	13.2962
-11.6149	12.7718
-12.0413	14.1132
-10.4479	14.2466
-9.88963	13.8558
-8.58076	14.3864
-8.93926	13.4529
-9.24547	14.8605
-10.0654	12.8641
-8.56695	12.2911
-11.2899	12.0285
-8.24521	11.8919
-11.0796	13.1825
-11.2964	14.7395
-10.8231	12.9342
-11.6779	14.9207
-9.26873	12.0739
-8.9417	14.3333
-11.7855	14.5412
-10.2231	13.6464
-10.1133	13.2428
-11.0519	13.1357
-10.3581	13.2301
-8.77034	14.0421
-11.1918	13.4699
-11.286	13.8875
-9.50623	14.1929
-7.83798	12.3347
-10.28	12.2117
-9.6565	13.2756
-12.025	14.0521
-10.2064	14.9487
-9.78256	12.2907
-9.8663	12.2711
-10.299	13.2204
-8.13964	14.4132
-9.92576	12.7023
-9.04663	12.5406
-9.42584	14.2508
-9.45608	14.3707
-8.39112	14.5474
-12.2111	14.2892
-11.737	12.5164
-11.2502	13.7908
-9.99344	12.9636
-12.1164	13.7843
-11.2372	13.3414
-12.0019	12.8092
-9.77532	14.0042
-11.5649	13.9618
-10.7758	14.6963
-9.89807	13.941
-10.9789	14.4227
-9.64188	13.2031
-9.88335	12.6273
-10.1912	14.718
-11.5612	12.3259
-8.97288	11.2682
-10.7459	14.0439
-9.29937	13.1035
-10.047	12.5319
-9.14403	13.3343
-10.8168	12.4177
-10.7632	13.6989
-9.14854	14.7397
-11.3698	12.7899
-11.9139	13.3198
-2.47403	-6.55973
-9.12916	14.2836
-11.045	14.1473
-8.91199	13.9445
-10.0146	12.1635
-9.51923	12.5292
-6.61821	3.19688
-7.95804	13.1901
-8.58829	11.786
-9.47561	13.0344
-8.49304	11.4725
-10.6889	14.3883
-9.49199	12.8914
-8.82526	13.4943
-9.65835	13.0107
-9.57765	12.3797
-9.85631	14.205
-9.93095	14.164
-8.84237	12.7944
-7.35479	8.24579
-10.5194	14.117
-10.3164	13.0995
-9.65079	14.3908
-10.1184	12.6798
-10.874	14.1456
-10.5554	12.4667
-9.66151	13.6411
-10.3703	12.6865
-10.0744	14.5335
-9.49914	14.1654
-10.629	13.1593
-9.16513	13.741
-10.6138	12.511
-9.15502	13.6946
-10.0974	13.7867
-9.88844	12.7694
-9.81886	13.3483
-9.21628	14.041
-11.1434	14.2396
-9.77194	12.9535
-10.4105	13.2113
-8.7003	13.1315
-11.4513	14.5118
-11.3597	14.3624
-10.7229	12.9375
-7.39985	12.3702
-10.3217	13.6203
-11.8133	14.2414
-11.4677	13.2906
-9.55167	14.4583
-11.0175	12.6932
-8.3362	13.6202
-9.29495	14.1209
-9.16435	13.0363
-7.80327	9.91394
-10.862	12.6427
-7.5272	12.6282
-9.50951	13.4327
-9.19498	14.2339
-11.0895	12.7236
-8.02035	14.7818
-7.91705	12.8675
-9.55475	13.4192
-10.9671	13.1684
-8.31496	14.0757
-11.3996	12.055
-10.2849	14.0242
-11.5843	14.3397
-11.0798	14.9219
-11.3381	13.6228
-9.64509	14.7259
-10.5104	14.0688
-9.03443	12.4609
-11.6338	14.2423
-9.42365	14.1706
-9.43989	13.4357
-11.6499	14.8145
-10.8217	12.2968
-11.4666	14.5886
-11.4572	11.878
-10.2599	13.9346
-10.5481	12.0377
-9.78495	13.6753
-7.8864	13.7084
-8.00916	13.5243
-9.62801	13.8525
-11.1434	13.3636
-7.57693	12.2896
-8.34409	14.4984
-11.4527	11.8952
-10.9466	13.9391
-8.86152	13.1555
-9.8184	14.8876
-8.9081	12.3516
-10.1835	14.2471
-11.7402	14.1864
-8.32439	13.2231
-9.65531	14.7247
-9.46984	13.1201
-10.6083	14.6863
-9.03663	12.8792
-9.10945	14.6398
-9.93001	14.7681
-11.3162	13.1188
-10.1069	12.9226
-9.29618	13.0369
-11.0801	11.9574
-8.08217	12.8393
-11.0236	11.9652
-10.1777	14.1681
-10.7043	14.3345
-10.4006	14.7342
-9.78438	12.3736
-10.8692	14.1711
-9.15261	14.6738
-8.49087	14.7256
-11.4192	12.6992
-10.3714	14.3328
-10.0679	14.6041
-11.314	13.2432
-11.645	14.1409
-9.49815	14.366
-11.3513	14.2996
-10.7201	13.9156
-4.12979	12.1455
-11.1726	14.4104
-9.53385	13.8727
-10.7302	14.0389
-11.9398	13.0058
