2.57344	-6.42888
2.6548	-6.06003
1.44637	-5.90913
2.16853	-8.54282
0.295528	-7.73462
0.917504	-7.15859
2.63207	-8.66821
2.01501	-6.09593
2.76282	-7.63411
0.495097	-6.15864
0.644234	-7.84931
0.822331	-7.679
2.79301	-7.1464
1.97745	-5.62793
2.57927	-6.88442
2.92885	-5.68892
0.981276	-4.98231
2.28445	-6.36119
1.52331	-7.12249
2.97873	-8.00498
1.47377	-6.7115
2.71927	-6.87151
0.41701	-5.83164
0.619098	-7.89499
3.94607	-10.4538
3.0826	-7.75283
2.78259	-7.75501
2.12971	-6.97043
2.0011	-7.70692
3.24511	-7.5218
1.14437	-7.19165
0.757595	-7.63491
0.928672	-5.99688
1.10454	-7.59789
4.40562	-7.55474
3.25796	-7.37772
2.09784	-6.23468
0.129741	-7.08838
0.104817	-6.11066
0.803246	-8.4383
2.61285	-6.01432
0.859537	-5.64438
1.82422	-6.7537
3.60123	-4.41301
2.72172	-6.59251
0.440989	-8.81174
3.42651	-4.15365
1.26046	-7.24883
1.21863	-6.8546
2.59989	-6.96349
0.231231	-6.65371
2.36371	-6.78419
0.22852	-5.04769
3.75797	-7.5485
3.07051	-8.2793
4.46072	-6.27348
3.07636	-7.24562
0.624195	-8.60231
0.605747	-7.15866
0.318722	-8.06041
1.71039	-7.4443
0.168204	-7.21141
1.48149	-6.19361
2.05431	-7.95575
3.16681	-6.96417
1.52818	-7.26101
1.91547	-5.69439
1.0409	-8.31739
2.55968	-4.83488
2.42832	-7.34515
2.56361	-7.88411
1.77097	-7.74018
2.98137	-6.39931
0.74498	-7.47781
1.06108	-6.23053
2.42519	-7.49062
2.32092	-8.95964
0.339039	-6.70764
5.28337	-6.37632
2.28222	-8.76419
0.713327	-7.88291
2.59371	-7.31548
2.66945	-4.52377
1.57345	-6.72633
1.64183	-7.58956
2.02992	-6.62721
3.45713	-7.05375
1.29968	-5.54683
3.84901	-7.85243
0.742105	-6.48699
1.34776	-6.2919
2.25626	-7.16509
6.33629	-7.51521
2.67607	-8.47177
0.669453	-8.23289
1.93787	-7.10212
2.73778	-8.58006
1.79728	-6.67937
3.01041	-6.60815
1.67235	-7.1613
2.02083	-5.99412
1.31348	-6.9878
2.1896	-7.99442
1.4687	-9.09308
2.60299	-6.59319
1.08745	-8.64157
0.722928	-9.02893
3.2089	-7.17791
1.25455	-6.28868
3.12296	-7.073
3.42711	-6.63564
1.15919	-6.49159
3.45561	-5.8586
1.83376	-7.81579
1.7751	-5.6159
0.964019	-6.40975
2.21301	-4.74015
0.94482	-7.19661
3.21536	-8.04346
2.69892	-8.36483
4.30508	-7.14149
1.46204	-7.09893
1.22851	-7.62391
2.67656	-7.0221
1.08404	-6.18126
1.70833	-8.24624
2.82443	-7.29034
2.14425	-8.52631
2.89716	-8.79356
2.02244	-6.31334
2.6405	-8.12343
0.313838	-8.36289
1.96983	-6.17551
9.11917	-7.05527
1.57574	-6.22722
1.68969	-7.40053
2.62911	-6.42575
0.961857	-8.07227
2.14967	-8.09233
1.73383	-8.2243
0.998531	-7.21902
2.25034	-5.73445
1.64669	-6.47231
0.715069	-7.57278
2.56474	-7.11782
0.832094	-7.34934
1.44899	-7.43447
4.42204	-6.90914
4.48588	-7.78505
2.86685	-5.60633
1.75386	-6.05309
1.24051	-7.65119
0.650682	-7.27399
2.20825	-6.46439
2.91046	-6.09061
1.92802	-7.05057
0.557898	-6.811
2.88634	-8.71449
1.22884	-7.60452
0.889278	-7.3202
0.782758	-7.32788
3.17697	-8.57782
0.846825	-7.28291
1.11875	-7.45072
2.41485	-7.8932
1.13927	-7.22848
0.410686	-8.53696
11.4455	-5.43382
2.04318	-7.13109
3.20592	-6.28845
4.13059	-6.22126
2.59896	-6.36579
3.18213	-7.18961
3.01373	-6.99424
0.984488	-8.26177
1.62338	-8.04006
0.636334	-8.92437
1.40761	-7.12849
2.64488	-5.98214
0.7898	-6.35751
0.994683	-8.79894
0.144969	-8.04392
2.14313	-8.79487
1.7616	-5.87598
2.99751	-8.76858
1.96695	-5.61218
0.466467	-6.35115
1.72286	-6.98869
2.18471	-8.21978
3.51144	-7.08152
0.944254	-7.26312
1.3811	-6.88007
1.70123	-6.02683
3.17221	-7.48486
3.07598	-7.7502
0.781224	-5.48356
0.59741	-8.1256
2.43687	-6.43753
3.90164	-7.69099
1.77884	-9.05117
3.24306	-7.76138
1.98934	-6.60254
0.963683	-8.32229
4.12776	-7.67667
0.0297784	-6.61708
3.26132	-6.5459
2.96417	-5.87605
3.29279	-5.83534
1.93546	-7.12141
1.005	-8.30304
-0.0837404	-6.87052
0.954233	-6.5531
2.99169	-7.23195
3.6299	-7.69066
3.16331	-6.55687
2.15192	-8.05859
2.9766	-5.45911
3.08558	-7.22227
2.90226	-6.68831
0.976041	-7.64791
0.511691	-5.20935
3.55353	-7.82278
2.18597	-8.28261
1.87517	-6.61144
2.52666	-6.42024
1.87079	-5.84188
4.22052	-9.33378
2.60774	-4.93841
3.23512	-6.86049
1.8548	-7.67318
2.12614	-8.28145
1.44988	-8.41085
1.19112	-6.65263
1.26222	-7.20748
3.00488	-8.34338
2.32361	-6.55084
0.792132	-6.38878
1.84725	-7.18743
0.415371	-6.23765
2.60282	-8.72299
2.32366	-8.41343
2.62546	-7.08148
3.01264	-8.29778
1.58276	-7.28178
0.626583	-4.96303
2.06341	-8.27488
2.06382	-6.02169
3.37677	-6.18374
0.205171	-6.48875
1.01013	-8.57936
1.53114	-7.414
0.599548	-7.38333
2.02377	-9.10974
2.30207	-5.00596
1.12661	-7.07384
3.0556	-8.01447
3.34005	-7.90211
2.15323	-6.2169
0.317078	-6.41021
4.61824	-8.59424
1.55881	-8.80278
1.72578	-7.52292
3.09341	-6.73373
3.264	-6.38764
1.25387	-7.63697
1.70851	-7.50871
2.28667	-5.46781
2.3556	-7.03596
3.00571	-6.53638
2.68382	-7.13543
0.690839	-6.84605
2.10812	-6.69073
2.53161	-7.1759
0.931126	-6.77686
2.13848	-5.7879
2.17498	-7.28784
2.66023	-7.24819
1.39646	-8.59233
2.00274	-6.62432
0.224773	-7.33497
0.84779	-7.77237
2.3373	-7.8569
2.02325	-7.11368
3.23869	-8.82713
1.49094	-6.63008
0.171051	-6.20736
5.7141	-7.43296
2.80711	-4.8878
2.26252	-7.8543
1.56381	-8.98156
2.84043	-6.83976
1.67997	-5.54942
1.75256	-7.85635
2.53205	-8.04324
1.66235	-5.2387
4.2155	-6.75071
2.38272	-7.82628
2.78546	-5.92878
3.58466	-9.52486
0.243326	-9.14382
3.70567	-9.61943
0.996489	-8.65381
2.88382	-8.4407
3.36072	-6.52482
2.82072	-8.99628
1.20943	-8.87107
2.47123	-6.41452
1.12696	-6.08763
1.07634	-6.23133
2.58636	-9.18624
1.01931	-7.84302
2.88433	-7.16679
2.65898	-8.90521
1.23111	-4.24617
-0.356269	-7.55817
1.84646	-6.25426
2.59294	-7.49274
2.25723	-8.6217
1.5814	-6.40558
2.47008	-7.96395
3.89212	-6.38276
0.791454	-6.51431
2.0245	-5.91811
3.1606	-8.70341
0.768435	-6.9858
2.5653	-7.35643
1.8796	-5.63219
1.97128	-7.31115
0.26227	-7.27435
1.16993	-7.24185
2.29267	-6.46382
0.922125	-8.06067
2.6138	-8.4206
3.34293	-7.65038
2.79558	-6.85456
5.2766	-6.99048
3.8926	-8.85255
2.72169	-6.15784
0.057903	-7.13693
0.299953	-5.06701
1.06492	-7.83674
0.311568	-6.96261
3.67065	-9.10958
1.29899	-6.9576
1.72571	-8.30068
2.72118	-6.32763
1.51979	-7.26394
1.97792	-7.50468
3.52489	-6.50451
2.60495	-6.92023
1.40848	-6.81485
1.40628	-8.4202
1.13267	-7.75358
2.29812	-7.9617
1.02593	-7.01864
0.715999	-4.07442
0.729795	-5.14707
3.85399	-6.10091
1.31476	-7.69114
2.23305	-6.99719
3.39398	-5.23159
3.17614	-5.28993
2.33577	-8.05321
2.20621	-6.81481
3.52122	-8.15341
1.0728	-6.59226
1.39247	-8.44707
3.40147	-7.77044
2.40188	-6.0447
0.920942	-6.90516
2.01456	-7.76802
2.32113	-6.85873
0.583642	-7.37638
2.0404	-7.13954
2.73402	-8.46828
1.38778	-7.30018
1.82974	-7.41267
2.27496	-4.89243
3.9791	-7.10814
0.46638	-6.56625
1.07749	-6.80338
0.859839	-6.15196
1.0182	-8.77775
2.79906	-7.26315
-0.22409	-7.0771
1.63818	-7.72913
2.82885	-8.72335
0.132323	-7.06088
1.74994	-6.62659
3.57392	-5.96872
2.25212	-7.10117
0.651321	-6.68062
1.00353	-8.61263
0.534642	-5.044
2.5045	-8.99392
4.78636	-7.34885
2.64916	-6.15654
0.706838	-5.83527
1.71134	-7.86233
1.89232	-5.10808
2.08687	-8.67811
1.3726	-6.39876
2.66411	-5.93735
-0.0495255	-7.40378
2.74302	-7.23039
1.68275	-7.35829
0.662334	-5.55429
0.890035	-8.30733
2.85499	-8.72223
3.08359	-5.71744
2.43228	-7.06162
1.2678	-5.35825
1.55267	-8.60662
0.849943	-6.81513
1.26662	-5.82092
2.03467	-6.89217
1.55337	-6.66064
1.48231	-6.10326
1.1144	-7.98195
2.04911	-7.58211
0.0213948	-5.76976
3.07786	-7.32069
3.24849	-8.69012
3.17856	-6.1933
1.69134	-6.44085
2.93336	-7.06628
2.5495	-7.98995
1.3892	-7.53042
2.10831	-6.10083
0.901067	-7.09511
0.973897	-8.08771
0.981848	-4.53991
1.07303	-5.96086
1.89361	-7.09682
1.6274	-5.17547
2.78683	-7.00024
1.71194	-7.53543
2.21204	-6.79988
2.42063	-8.11515
3.42232	-6.39382
-0.119963	-7.15726
1.23222	-8.41536
0.610701	-8.52526
0.638257	-6.98576
4.99644	-6.3576
2.75397	-6.45062
2.0548	-7.8169
1.27879	-6.60816
0.36621	-5.06631
1.53566	-7.98651
0.268116	-5.3923
3.96861	-7.32275
2.43045	-5.27447
2.28084	-5.77709
2.72875	-8.08151
2.96327	-6.16618
0.963824	-7.31519
4.06258	-8.42294
2.1821	-8.45212
1.07082	-5.34303
0.966479	-6.68555
2.71329	-7.10987
5.49261	-9.44974
2.76938	-8.88279
0.258167	-6.62326
2.57347	-7.66208
3.60627	-6.24691
1.38276	-5.72004
1.81823	-7.0966
0.598322	-9.01806
1.73183	-7.8083
4.26977	-9.46917
1.26574	-5.48726
3.26669	-5.5321
1.66607	-7.76951
2.5115	-5.3924
3.75062	-8.64902
0.14258	-5.98227
2.84402	-7.81863
2.90256	-8.99246
1.02505	-7.30026
0.399958	-6.71262
2.41872	-5.12122
2.56234	-5.63231
1.39398	-6.50696
3.15729	-7.66104
3.6908	-8.09739
0.797797	-7.88635
4.79777	-9.50649
1.20086	-7.52658
2.84428	-6.0208
2.88839	-6.51667
2.2211	-8.71146
2.17915	-8.83837
-0.11201	-8.14927
2.10682	-8.31191
0.901822	-7.85885
2.21854	-5.78856
3.13821	-7.49341
0.375798	-8.3601
2.28531	-8.84052
4.28836	-7.43457
2.28586	-7.33928
1.6102	-4.7095
4.22694	-5.6661
3.21151	-6.70372
0.582803	-8.96537
3.35321	-8.96367
2.11164	-8.12055
2.07053	-7.44723
2.09538	-8.34697
0.961954	-8.14109
1.95168	-7.94992
3.03616	-8.12623
1.32818	-5.80111
1.82675	-8.53984
0.426257	-8.91657
1.34648	-6.22018
1.36352	-5.24023
2.96674	-8.15438
8.19726	-3.78224
1.73331	-7.56951
3.4624	-6.21517
6.90376	-7.94566
2.20436	-6.41559
0.834877	-5.75962
1.48415	-9.0827
1.10008	-7.35066
0.963459	-7.34317
2.01897	-6.64972
1.1846	-7.47847
2.31207	-6.77211
1.58031	-6.64488
4.58396	-8.68243
2.43443	-7.18213
3.3321	-8.31736
0.70193	-7.01984
0.650717	-5.16869
1.12372	-9.05291
3.31772	-8.38168
2.27782	-6.66181
4.18848	-8.29393
1.08232	-8.21803
2.95906	-7.0862
1.15325	-8.63199
4.4602	-7.06003
1.00683	-7.26401
1.61846	-8.56437
1.31593	-6.08177
3.03956	-7.27426
0.209875	-6.19246
2.09	-7.65907
2.78915	-8.62722
2.9717	-7.96709
2.45241	-5.35791
0.77059	-3.99937
2.27191	-7.16166
1.92047	-6.55675
1.51274	-6.68136
4.30395	-8.13193
1.02575	-6.04808
2.8557	-7.70144
2.52503	-5.93349
2.58435	-8.86067
0.294448	-6.36669
2.24104	-8.88323
3.1031	-5.2481
2.51389	-6.34148
1.02411	-6.99915
2.67362	-8.00025
0.498594	-4.24754
1.57309	-5.5242
0.973432	-8.57605
2.73114	-8.5735
2.82681	-8.92343
2.35688	-6.27216
2.58127	-7.89334
3.5424	-6.8818
2.39209	-6.65532
0.956979	-7.00882
1.52594	-7.80127
1.16368	-6.1874
0.942485	-6.85037
0.0772276	-8.88666
0.110734	-7.45526
4.27642	-7.7626
3.18522	-9.13017
2.24077	-8.56289
-0.0250863	-8.36871
1.77674	-7.91649
0.995824	-8.31372
2.45603	-7.02235
1.28491	-6.73899
2.43631	-5.5414
1.05768	-8.68072
1.81916	-9.03835
2.49598	-6.12607
2.1064	-7.24619
0.623039	-5.24693
1.65091	-6.49933
0.0669725	-6.98907
0.653174	-5.4351
0.966701	-8.71059
2.15788	-7.40479
0.434933	-7.44724
2.4171	-4.86256
2.58525	-8.36418
1.74613	-6.18185
0.699495	-4.43662
0.61217	-6.27381
1.84231	-8.04667
0.941302	-6.74728
2.36056	-5.90695
1.59527	-6.95945
0.658827	-7.48141
1.6512	-8.11537
1.2618	-7.07884
3.23001	-8.07048
2.46764	-4.0613
4.04639	-7.21684
2.21552	-5.93666
4.02046	-5.42446
2.75658	-7.0249
2.07151	-6.79991
2.2156	-6.86676
2.45111	-7.71502
2.40503	-8.07918
4.23078	-8.78763
2.57073	-5.8289
3.25836	-8.15239
0.94398	-6.35933
0.567973	-3.63653
2.84716	-4.50314
1.41448	-6.8202
2.01398	-6.56173
1.30578	-7.84337
1.31758	-6.16249
3.78792	-5.07043
2.72716	-7.1025
0.919714	-8.75592
1.92154	-6.72327
1.19323	-8.8655
1.32905	-4.1869
0.0934299	-6.48469
2.64112	-7.96383
2.08157	-6.53248
2.98028	-6.93408
3.75873	-7.12043
2.68403	-6.02893
3.12893	-7.86828
0.333918	-6.25009
1.27061	-5.38865
1.06909	-6.4862
2.89207	-6.37044
3.34577	-6.82978
6.94068	-7.78304
3.16171	-7.08815
1.65923	-8.84908
1.73161	-7.89982
1.4532	-7.08646
2.64547	-3.93877
0.0127798	-7.24485
1.62321	-6.98746
2.67979	-8.83593
1.07677	-6.68702
2.90325	-6.9698
1.92075	-7.65445
2.71868	-8.54777
0.930446	-6.94546
0.375224	-8.26954
3.30241	-5.7574
2.76565	-7.78839
1.15307	-7.87864
3.63926	-7.90385
1.52737	-8.22412
4.41478	-5.19787
2.79542	-7.26567
4.08321	-6.61381
1.27555	-8.41702
2.20488	-7.07578
4.97966	-6.46841
3.0936	-5.42918
2.71196	-8.21163
2.75458	-5.59075
0.915946	-7.9066
3.0712	-5.68848
2.64013	-6.10975
3.67452	-5.98869
0.910752	-6.31104
3.30196	-6.30855
2.33707	-8.32327
2.27595	-6.77638
0.381767	-5.95794
1.26167	-7.71138
3.38384	-6.1249
0.452309	-6.54058
1.74562	-8.8797
1.70072	-7.20632
0.0567795	-7.333
4.39351	-8.14632
0.570202	-8.22422
0.115141	-6.68517
0.658595	-6.97432
0.93778	-7.38092
2.92234	-6.11546
2.73357	-5.71114
3.94872	-7.79662
0.71335	-5.3791
4.35768	-6.56594
2.42477	-7.53971
1.85468	-7.5329
0.654292	-7.15217
1.94112	-8.03096
2.7358	-7.15217
1.34241	-7.49235
2.35881	-6.72007
1.85592	-6.4694
3.03246	-6.4405
1.98123	-7.53766
4.01603	-6.26353
3.22904	-6.37411
2.04076	-7.16152
3.13874	-6.7018
1.68603	-5.05149
2.77659	-7.57806
2.2675	-5.3739
1.26847	-6.84065
0.285489	-4.62074
2.48451	-7.11303
2.08018	-7.14302
1.19949	-6.92072
0.346658	-9.02114
1.91419	-7.88191
1.50326	-5.29373
1.42878	-7.70724
1.75295	-7.46438
2.76762	-6.25079
14.5006	-10.1087
3.5249	-6.07
-0.102085	-5.91075
4.36965	-7.77523
3.51297	-8.6754
1.93527	-6.54374
0.908993	-8.06907
0.342468	-8.88576
1.01362	-6.83542
1.01686	-5.10718
0.159011	-7.80604
2.17438	-4.72833
1.16258	-4.57049
2.80284	-7.13777
0.0312666	-7.0312
1.12408	-6.6928
0.1168	-7.09851
1.99217	-6.24628
2.37557	-7.71406
4.54505	-7.36713
2.65809	-6.24177
4.36204	-14.05
2.22549	-5.14515
0.00368411	-8.6338
2.54415	-4.63396
2.42206	-6.06785
1.88344	-7.70148
0.228463	-6.34998
3.6435	-5.60168
0.694826	-5.9197
1.89293	-6.63816
1.82313	-7.92646
0.396652	-6.71984
0.464367	-8.22041
2.89877	-6.72009
1.95318	-6.94465
1.00905	-5.51653
0.177876	-6.5513
1.9611	-6.7532
2.76095	-6.25504
0.501526	-6.24821
1.32087	-6.14642
1.31858	-6.01235
2.88673	-5.97456
1.06165	-8.03548
0.658258	-7.27501
2.56024	-5.88401
3.70633	-5.20737
2.81014	-8.88562
2.59686	-5.99101
2.6802	-6.89789
8.19663	-8.20635
0.549409	-5.50509
3.067	-7.07983
2.25242	-5.96719
2.23827	-7.64386
1.46354	-7.78402
1.68656	-7.7537
3.70338	-6.78322
1.5508	-7.90263
1.4031	-5.54375
1.82656	-5.72508
0.18769	-3.68598
1.49887	-4.53108
0.735038	-7.18991
1.81455	-7.38275
0.588311	-6.59925
3.37939	-6.32882
2.03952	-8.17701
3.85636	-5.75779
-0.140059	-5.01105
1.43887	-6.18415
1.12104	-7.63002
2.68136	-9.03544
1.57926	-5.89399
1.49105	-7.27452
2.92934	-8.90888
1.32778	-4.99471
2.55579	-6.39545
2.49696	-6.75242
0.776368	-5.61544
2.06592	-7.69016
2.65423	-6.16785
2.1183	-8.30073
1.5247	-7.30911
0.958923	-6.08114
0.479095	-6.13874
2.11973	-7.36985
3.23576	-9.10256
1.59	-7.51463
3.70411	-5.61526
1.33579	-4.74732
1.09276	-7.29553
0.39885	-4.97429
1.75839	-6.58019
1.09854	-5.8178
1.89906	-8.50328
1.67778	-7.65801
3.63721	-7.97467
2.62532	-6.23996
1.43498	-7.55295
2.29693	-8.49989
0.0117499	-8.49435
3.5127	-6.93945
1.7183	-8.84781
1.19153	-6.21845
1.7167	-6.34305
3.9451	-7.19147
2.16768	-9.02719
4.44191	-8.92935
2.53042	-7.34998
0.573199	-6.39954
0.843854	-7.75072
0.449089	-8.22292
2.23226	-6.5538
1.3943	-7.88593
1.59021	-7.72294
0.959375	-8.03962
1.67312	-8.82024
3.31932	-6.96397
0.97804	-4.74206
2.10233	-5.58971
0.748957	-8.54339
2.60198	-6.07058
2.92304	-6.05835
2.23709	-7.16716
3.8577	-7.1965
1.17835	-6.20229
2.12183	-6.28141
3.98835	-7.24447
2.79572	-8.70686
1.44803	-7.02701
0.00208866	-8.48793
1.67918	-6.93458
0.965382	-5.19477
2.17176	-6.30582
1.57347	-6.0292
1.11262	-7.74519
0.929255	-8.50084
1.94256	-5.53136
1.01658	-7.07473
2.72611	-7.05287
2.94296	-6.47241
2.60925	-8.43341
3.67773	-6.96876
0.769423	-7.08806
2.00257	-4.35253
3.40021	-8.34355
0.424264	-8.25206
1.23002	-7.83479
6.08322	-4.53096
2.84376	-7.34504
0.89832	-8.61515
1.33995	-8.3644
2.50257	-6.65989
1.83864	-7.62023
1.00397	-6.37299
1.90091	-7.78351
1.72635	-5.31111
3.46226	-8.54586
0.82347	-7.77451
2.8631	-7.03376
2.29084	-7.43888
3.32625	-6.98813
1.43923	-7.3392
1.73038	-8.50966
2.16514	-6.20149
1.39224	-7.30092
1.74613	-7.72143
7.14552	-14.3389
0.0736676	-6.74538
1.24923	-8.57356
2.44558	-7.81421
1.60546	-6.59047
3.29465	-6.74623
0.986927	-8.97126
0.835054	-6.06502
1.18048	-4.13036
0.433872	-5.15307
2.14753	-7.97634
-0.156228	-7.48073
1.44945	-7.9851
2.13193	-7.18236
3.22775	-6.7622
2.45195	-5.92494
3.14635	-5.48605
1.95086	-8.04793
3.22176	-8.77056
1.77982	-6.81757
1.35721	-6.8324
2.26976	-8.46124
1.51007	-8.59688
2.24378	-7.22314
0.24973	-7.10839
1.08968	-7.78323
2.85249	-7.27933
3.82973	-8.42801
2.94869	-2.68857
0.327403	-6.91448
0.860092	-8.85009
0.991794	-7.30692
1.99499	-6.06222
2.87617	-8.90065
2.92357	-6.65301
2.96303	-5.05261
3.69553	-7.6924
2.37611	-6.8224
0.796619	-6.8571
1.07325	-8.64987
2.11856	-8.65317
2.94113	-8.07067
2.66488	-6.23024
0.022291	-7.54964
1.33714	-6.38219
2.72009	-8.087
1.70987	-6.23425
0.827849	-6.28592
3.34105	-7.28898
2.40704	-7.24687
4.87613	-6.19757
2.47618	-6.27257
2.04863	-6.49897
2.52978	-7.89652
2.308	-7.86292
4.2268	-5.92387
1.31152	-6.52386
1.41421	-8.45165
1.59727	-5.67785
2.06365	-7.98468
1.99973	-5.32109
1.16307	-8.26497
3.80638	-6.02713
1.73379	-7.77244
1.69488	-7.08059
0.946121	-8.91877
0.703158	-8.12274
1.71685	-7.54398
2.6851	-8.155
2.75677	-6.67228
0.442105	-6.37927
0.790068	-7.33077
1.98836	-8.55318
-0.194162	-7.89686
3.0435	-8.39099
3.70244	-4.81281
1.9248	-7.06452
1.06183	-8.56752
1.42955	-7.46631
0.413674	-6.21046
2.74767	-5.5277
1.96969	-6.85301
2.03569	-7.11413
2.77118	-8.59632
2.31124	-8.51168
4.2572	-7.28344
1.97667	-6.93328
2.44325	-7.36233
2.91774	-6.97853
4.5032	-8.89408
1.06041	-8.4746
2.91196	-8.17079
1.39319	-7.88804
2.71825	-8.17365
0.104937	-7.83093
1.75626	-8.04297
0.721942	-8.73739
0.732574	-7.74015
1.79364	-7.45471
2.68701	-8.24603
0.683172	-8.32914
0.281542	-7.46161
1.99034	-5.7367
4.35407	-6.88428
1.37351	-6.30222
2.38729	-5.1481
1.86136	-8.72425
4.76804	-8.83809
2.38537	-5.26066
2.40836	-8.16045
0.445303	-6.21494
2.23145	-5.55005
1.36102	-8.18473
1.58881	-8.14623
0.5131	-7.03499
1.08716	-6.56825
1.35823	-7.23065
2.65288	-8.69967
4.04853	-8.68553
2.87623	-4.75739
2.41564	-8.59673
0.904418	-6.09274
3.62733	-7.64305
0.318269	-7.7908
-0.106355	-7.40961
0.524624	-7.90294
1.97245	-7.40805
-0.062483	-8.67446
0.240529	-6.51209
0.214421	-6.17509
1.53378	-7.89138
2.09913	-4.67784
2.45462	-6.3872
1.74601	-7.11263
0.915953	-8.15995
0.209074	-5.86445
3.49347	-7.61302
1.76282	-6.78647
2.60368	-7.18155
2.98395	-7.11769
1.66395	-7.14154
1.31065	-6.86593
0.917016	-6.82972
1.87573	-6.8997
2.85472	-6.91337
1.07762	-6.46924
2.52393	-6.04956
2.44237	-7.91535
0.899384	-7.79922
2.51556	-7.02932
1.39638	-7.74392
1.17512	-8.34891
2.28725	-8.45366
0.966032	-7.5466
0.310119	-7.76987
0.433726	-7.34909
1.95425	-7.39724
3.8846	-8.28874
0.542935	-8.90292
1.76477	-8.09395
3.63275	-8.38198
1.70391	-7.40995
0.549968	-6.27887
2.02334	-8.62899
2.24386	-6.97651
2.51181	-5.5726
1.71963	-8.39326
3.91189	-10.3463
1.64839	-6.04956
1.58659	-7.51749
4.29489	-6.96623
1.32474	-7.0768
2.83426	-7.58525
2.81043	-6.2121
3.06471	-6.22593
1.23778	-3.48096
4.15216	-7.03617
3.85825	-9.3256
2.31017	-6.78734
2.5462	-6.59336
2.04757	-6.53131
1.45093	-4.46521
3.14136	-8.5234
9.3234	-5.21576
2.39473	-8.47752
1.74808	-6.3987
2.04949	-8.04292
0.780011	-6.56004
1.67005	-6.54582
2.44214	-7.24749
1.77825	-7.21572
1.51612	-7.10226
0.620929	-8.06722
1.04138	-6.12119
2.78543	-9.10427
1.46404	-7.073
0.392429	-6.82427
0.0565262	-5.9647
2.80867	-8.14174
3.21922	-7.10441
2.77826	-7.22665
0.608493	-7.54191
1.55805	-7.61712
-0.211234	-5.5453
2.64959	-6.80312
2.32726	-6.32071
1.68798	-7.80151
0.739524	-6.72731
0.816486	-6.33875
3.78054	-6.99723
2.25373	-6.31563
1.98102	-7.84762
2.53418	-6.00974
0.161816	-6.37523
1.18541	-6.8131
2.57921	-6.64942
4.04898	-7.07478
3.13845	-5.27895
1.88278	-8.54773
1.7352	-6.09788
1.22172	-7.13254
4.40124	-9.24529
2.11571	-7.50222
2.27627	-6.54477
1.45277	-6.8529
1.85425	-6.16709
1.58569	-7.30512
1.115	-6.80176
2.71159	-8.84042
0.584636	-7.82282
0.632817	-6.78721
0.562921	-7.67193
1.43883	-7.81315
1.90283	-7.82155
2.15345	-6.69807
2.86295	-6.69862
1.67025	2.57878
1.33342	-7.34702
0.841686	-7.95636
2.13478	-7.66688
3.45165	-9.76157
0.910021	-5.87824
2.49405	-7.8177
3.90267	-7.20017
1.43513	-7.2933
1.50948	-5.72098
1.51076	-6.8876
0.301367	-8.45182
0.765611	-6.61918
1.73619	-5.61061
2.59705	-7.54076
0.977774	-6.81325
2.96964	-6.65793
2.0319	-8.60196
3.27708	-7.13095
2.4492	-6.4745
-0.141167	-7.169
1.45089	-7.14472
3.60343	-8.31202
4.75618	-5.23564
4.24053	-5.7205
3.09821	-6.09559
0.81272	-6.6269
4.40746	-8.64507
1.55963	-6.76502
1.8321	-6.63688
6.46454	7.23866
1.3277	-8.61805
1.70981	-6.70091
3.57019	-9.37272
2.19093	-7.79641
2.73457	-7.51805
4.49455	-8.05815
4.15251	-6.11888
0.972137	-6.92996
1.51295	-7.7863
0.804262	-8.13082
2.33325	-6.399
1.77053	-8.89472
2.28929	-8.42171
2.9702	-7.56592
3.64767	-8.0926
2.99208	-9.11537
1.2341	-5.97708
4.21055	-8.43609
2.35977	-6.42705
1.32852	-8.51372
3.61184	-7.62706
2.47389	-7.60798
1.26054	-6.17921
2.06053	-6.61083
1.99053	-7.04531
2.0282	-7.78327
2.82555	-8.13665
0.465203	-7.25919
2.77399	-6.97296
1.19153	-6.60059
2.81513	-6.97421
1.05759	-6.04665
2.05069	-5.20756
1.8828	-6.67009
1.79716	-6.53711
1.28463	-7.5523
3.24733	-7.13226
3.46153	-6.37561
4.24259	-5.137
1.408	-7.49055
2.4291	-7.44427
1.53732	-6.78393
4.56365	-8.37317
1.31278	-7.55627
2.79108	-7.21478
2.21225	-8.87332
1.35047	-6.55356
-0.00760958	-4.84766
3.53457	-7.47564
2.82957	-8.87662
2.16655	-7.25786
1.07885	-6.93293
3.09468	-8.65546
1.00137	-6.83182
3.22093	-6.69283
0.658314	-8.93004
1.90198	-5.46147
2.51762	-7.19829
0.213938	-8.49723
2.8628	-7.23194
2.88912	-8.45871
2.21106	-6.061
2.96804	-8.17038
0.883393	-7.32805
3.41374	-4.99321
0.75201	-6.44408
1.94897	-6.01516
2.24303	-7.76869
2.43456	-4.6813
4.69831	-5.40375
1.13694	-6.34462
3.44808	-6.72811
3.30826	-8.94289
2.91061	-7.81286
0.541594	-8.27962
1.52536	-7.06776
3.75997	-8.26339
2.46924	-7.52456
2.05574	-6.09537
1.89366	-7.07027
1.34319	-7.64948
1.50969	-6.27175
-0.101618	-7.83497
2.8144	-7.88607
2.95501	-6.12446
0.141834	-7.85959
0.382247	-5.73064
3.65454	-7.22902
2.17226	-7.58518
1.88702	-5.77535
1.1644	-4.23281
2.96305	-7.52474
1.97926	-5.30364
1.94269	-7.48396
1.99393	-7.22682
1.56369	-7.84176
2.75526	-8.49575
0.0687186	-5.9278
2.72325	-8.03564
4.97988	-8.27461
3.51372	-6.42246
2.01543	-8.07859
5.46464	-6.61325
2.87492	-6.69131
1.09716	-5.8813
2.10712	-7.62299
3.9573	-6.34736
-0.0923377	-8.7655
3.50695	-6.99807
2.53002	-8.25938
1.11503	-7.68624
0.226056	-7.45138
3.17623	-5.16689
3.70205	-8.76544
2.08315	-7.32404
-0.0384409	-8.87288
1.78065	-8.4295
1.12615	-8.62706
2.39393	-5.94302
0.490329	-5.63049
0.168562	-6.77457
3.05	-5.76468
2.25458	-5.70495
0.152243	-6.86825
2.82867	-5.97706
0.416949	-8.14728
2.40224	-8.79141
0.944468	-7.48632
2.34557	-6.15569
1.7838	-7.00773
0.789154	-6.6561
1.09886	-8.20236
2.34967	-6.25729
1.51306	-6.62538
1.17675	-4.75266
3.19263	-8.74569
1.75184	-8.29543
2.42537	-6.6277
2.74049	-7.25936
3.15095	-4.20368
2.2015	-7.14452
1.68759	-6.83306
2.61812	-6.57769
0.434838	-7.87565
1.55223	-6.56745
0.790246	-6.13144
3.13104	-7.50265
0.391456	-7.03655
0.0283989	-8.32891
1.13911	-5.86452
3.02488	-6.5968
0.483703	-7.66252
2.38799	-6.07447
2.41225	-5.92185
3.05374	-8.04619
2.30359	-7.62213
2.78422	-6.89584
0.273349	-6.15806
3.16149	-7.53279
2.12191	-5.65582
0.61251	-6.36717
0.47891	-7.5545
1.50397	-7.87463
1.2855	-8.78942
1.68634	-5.70847
2.15022	-8.65333
3.24334	-8.60924
3.4219	-5.91958
1.09965	-9.05875
2.57625	-6.01882
-0.115723	-7.256
2.88342	-5.39323
1.66597	-8.26745
0.964651	-5.57495
1.64422	-6.0203
2.63178	-8.34059
0.705777	-6.5779
2.0563	-8.29005
0.347365	-6.22855
1.17537	-5.62565
4.43852	-6.93794
1.1715	-5.93846
0.724853	-6.85155
2.94985	-5.9241
2.91645	-8.90232
0.641631	-5.72564
2.02135	-7.30812
2.48543	-8.58519
0.524025	-6.33589
3.28378	-5.51955
9.06103	-10.9464
4.48136	-6.0127
2.7715	-6.16118
2.64469	-7.79804
1.90215	-8.49097
0.246509	-8.93146
1.47423	-7.2541
3.39965	-7.08501
2.73365	-8.30269
0.0493259	-6.35929
0.000690503	-8.81238
0.293686	-6.28994
1.65671	-6.06068
2.36415	-7.22588
2.12189	-7.47589
3.3893	-9.17363
0.769174	-7.26446
2.21807	-5.51314
4.06708	-9.71201
2.50595	-8.86865
1.81683	-7.90889
1.61238	-7.35213
1.97948	-8.5581
2.16566	-8.7453
1.56275	-6.38657
3.25795	-6.5241
2.2191	-6.22387
2.78113	-7.09767
1.66726	-8.16571
4.11802	-8.16979
2.06506	-6.50878
2.6077	-6.44902
3.67619	-6.84903
1.62604	-8.19754
1.10621	-8.68296
0.721309	-7.84506
2.40338	-8.44514
0.156455	-6.03058
2.46054	-6.72573
3.78412	-5.61009
3.67911	-6.54919
3.54429	-6.35384
3.35894	-7.16804
2.0166	-8.42527
1.73227	-5.52639
1.71154	-6.24592
1.05338	-5.65363
2.2588	-7.31328
2.58397	-6.72736
2.87813	-8.1014
2.91403	-8.78093
3.56172	-8.80812
2.41606	-5.98788
1.82424	-7.38838
1.92239	-6.32601
0.879653	-6.34631
1.0961	-8.46815
3.92226	-8.54555
3.02574	-6.74938
1.71883	-7.57621
2.4041	-7.98112
0.70191	-6.7436
2.76971	-7.92275
2.79101	-7.65964
2.3855	-6.77703
3.1316	-6.26773
0.382319	-6.59543
0.284514	-7.47726
2.85773	-6.63146
0.499584	-6.7301
13.3492	-7.45926
3.76235	-8.08988
2.59429	-6.91482
3.28558	-6.49592
4.68807	-6.75917
1.20896	-8.19984
0.332697	-8.0584
0.705459	-5.16286
1.04006	-6.05906
0.764303	-8.12632
2.33551	-8.72269
2.56855	-7.3467
0.930606	-8.13894
2.5519	-8.12984
1.36192	-8.56798
0.587384	-7.92074
3.00529	-7.85548
2.51008	-6.31497
0.132681	-6.15223
1.80046	-7.7395
3.51076	-4.43306
2.83147	-7.7763
0.789733	-7.81047
2.91108	-8.80273
0.263812	-8.29788
2.42865	-6.7226
1.85122	-6.15961
1.94807	-4.98078
0.551506	-5.72065
2.70187	-6.47238
2.63278	-8.21812
3.11064	-9.18177
0.700278	-5.02157
1.51782	-6.40168
0.333564	-6.9283
0.537971	-8.89956
2.36984	-7.794
4.27285	-5.76155
1.98303	-7.44765
1.33326	-6.72507
0.438606	-7.00676
1.57706	-7.99025
1.06997	-6.40957
0.997226	-6.95567
0.634873	-7.62739
1.83213	-6.61994
3.07368	-5.58333
0.985597	-7.89331
5.32909	-10.8054
9.47828	13.4051
1.22455	-7.84672
3.10172	-7.04575
2.41679	-7.60885
0.428625	-8.15095
1.1566	-7.01669
0.541734	-5.70919
2.25109	-6.22425
0.626601	-6.36087
3.48419	-6.79351
2.13019	-7.39126
2.47298	-5.036
1.59318	-7.38457
0.468035	-8.15291
3.51008	-6.84215
2.86558	-6.0562
2.49907	-6.77077
2.54776	-7.35621
1.85753	-3.85055
2.97342	-7.78628
4.38703	-6.55147
2.17877	-7.74483
2.59531	-7.91108
3.31104	-7.02637
1.90878	-8.48878
3.17374	-8.2989
2.32019	-7.9026
0.720765	-5.2193
2.84618	-7.03248
3.26619	-13.2972
2.33567	-6.39296
0.969762	-7.7718
2.87383	-7.54422
3.24211	-6.56387
1.75703	-8.0745
1.33527	-6.65061
0.643767	-6.00591
1.10898	-8.42982
2.17356	-5.65971
1.29338	-8.63973
1.7232	-6.96153
1.99578	-6.23185
0.428832	-7.83976
4.90916	-6.78527
2.93293	-5.89714
0.509131	-6.61918
1.1158	-7.114
0.99815	-8.45778
0.218681	-7.44266
3.07309	-6.62528
2.90449	-6.37038
2.31816	-7.62297
2.34161	-7.41136
3.00189	-6.38862
1.55181	-6.37101
2.68463	-6.37759
4.22828	-9.25931
2.22962	-6.40731
1.01777	-7.25757
3.2481	-8.26472
0.300801	-6.22397
0.736226	-7.1636
2.05359	-7.69259
2.13783	-6.43532
1.33817	-8.41137
2.59878	-6.67333
3.78418	-7.28048
3.27582	-13.2795
2.5036	-7.1029
3.5098	-10.4917
1.91625	-8.36076
0.748455	-8.12503
2.34698	-4.66624
2.53991	-8.77737
0.201217	-5.93256
1.53651	-8.8519
3.8472	-5.92182
2.47523	-8.67194
1.52249	-8.33701
2.42529	-7.70548
1.20442	-6.21946
0.40365	-5.94262
3.14299	-7.33198
0.462085	-7.62402
2.64271	-6.09221
3.36437	-6.11256
0.0408499	-7.97558
2.3707	-6.33194
1.18193	-7.16225
1.37192	-8.25662
2.00935	-5.88036
0.8636	-8.47307
2.45262	-7.69007
2.35126	-6.8173
1.81789	-6.86676
3.84406	-9.56141
4.94392	-7.82777
1.6598	-6.09933
1.7637	-7.48851
1.63071	-5.86527
-0.137097	-7.56924
3.29689	-7.58272
7.64856	-6.21236
0.961457	-6.29359
1.43218	-6.92956
1.78631	-7.69867
1.90234	-7.02173
1.13218	-8.14426
2.67318	-9.45779
2.42345	-8.21056
0.157964	-6.85576
0.7828	-7.30412
1.30417	-4.79636
3.33063	-8.36005
1.10922	-6.70175
2.76925	-7.85725
3.20553	-7.50571
2.23176	-6.92409
1.9846	-5.26916
3.72268	-6.4592
2.3494	-8.17563
0.508845	-6.44796
2.41593	-8.71323
3.02129	-5.48514
1.53576	-8.68394
1.87915	-7.43727
1.2533	-6.24183
2.77423	-6.71242
2.43474	-5.23422
2.29492	-6.68118
3.20501	-8.36597
0.0565241	-6.98648
1.9785	-6.47474
0.70855	-5.38526
3.76741	-8.8032
0.918704	-5.57584
1.51892	-5.94498
1.58389	-7.98852
1.71037	-7.29938
2.88677	-7.56731
3.62503	-5.25557
1.4265	-7.88577
2.08926	-6.88596
2.89175	-5.82863
2.4499	-8.53692
2.61433	-6.65573
2.21243	-8.363
3.7012	-8.23804
2.2108	-6.48998
3.35192	-7.47375
3.64905	-6.49948
11.7257	-5.28711
3.12695	-6.98126
0.242531	-7.97262
0.262241	-7.76737
2.50493	-7.13457
5.44808	-6.18488
2.96609	-6.08555
3.79662	-8.15202
0.434269	-6.83354
2.86579	-7.08176
3.10988	-7.06484
2.43653	-8.9325
1.61335	-7.24439
3.51649	-6.33612
0.408713	-7.83308
0.985426	-7.45771
1.38386	-6.91628
3.01536	-8.8389
3.0845	-5.76695
0.332501	-7.3606
1.39305	-6.18931
2.27686	-6.68524
0.162687	-6.69178
0.745236	-8.54299
2.36253	-6.4929
2.04501	-6.52859
1.58372	-7.75625
3.13093	-8.01685
1.65348	-6.46807
1.77599	-6.04763
2.5849	-7.61526
2.18103	-7.86602
2.44228	-7.17786
0.551198	-5.82999
1.17274	-6.1965
1.28849	-6.52557
4.38166	-9.71725
2.35718	-6.28375
1.8115	-8.43805
1.8017	-3.06894
1.31081	-6.42742
3.51321	-7.13491
1.1926	-6.82002
1.44484	-6.02049
0.262617	-7.84635
2.50506	-6.08511
0.0110163	-8.17752
2.73456	-7.36067
0.146753	-6.56928
0.716957	-9.04532
0.519146	-7.17763
2.02088	-7.53078
2.72003	-8.06963
1.68393	-6.23284
0.922069	-6.50257
1.30679	-8.25031
1.5951	-7.09142
0.565363	-5.98707
2.59946	-6.22899
3.9856	-7.35161
0.934518	-4.33657
2.4085	-5.31221
2.60596	-8.37539
2.81216	-5.71195
1.09392	-6.70037
2.23093	-7.57525
-0.197059	-8.75264
3.07277	-6.97179
0.435875	-7.3496
0.43713	-6.11219
2.08737	-6.00318
2.22024	-8.40276
2.47096	-8.23834
3.63287	-7.13775
3.25758	-7.5213
0.886708	-7.55078
3.74081	-6.90434
2.28556	-8.79863
1.38203	-6.59535
1.18493	-6.65516
0.261498	-8.72643
0.888554	-6.48324
0.31998	-7.8714
1.49312	-6.57295
3.38125	-7.25962
1.12118	-7.51886
2.97743	-6.67244
1.37838	-5.98103
3.94934	-5.1432
1.22793	-8.16932
0.485435	-8.73729
0.394982	-8.1985
2.45006	-8.63268
1.5207	-4.00277
3.81935	-6.58193
2.95948	-8.17942
2.94807	-7.5764
-0.184033	-7.88022
2.9931	-7.54904
2.84868	-8.84098
0.277839	-7.51192
0.178763	-7.75924
2.90712	-8.71684
1.12811	-6.11113
0.805933	-7.79955
2.04995	-5.45072
1.49766	-6.96283
5.47578	-6.46059
1.704	-6.27552
0.831066	-6.99182
14.1848	6.51504
3.18151	-9.05048
0.485687	-7.58984
4.56805	-9.0956
1.07819	-8.07531
3.19425	-5.33485
3.05776	-6.15873
1.81269	-6.34687
2.34452	-6.8362
1.62547	-1.39192
2.29327	-6.57252
1.9949	-5.8406
3.06719	-5.71564
2.78496	-8.74207
3.70093	-8.04989
1.32547	-7.72592
1.94291	-6.70666
0.832981	-6.46067
1.96783	-6.66441
1.66905	-7.81643
1.62642	-6.39395
0.0313512	-5.88167
2.42953	-6.23699
1.03561	-6.51898
0.135556	-8.99602
2.41151	-5.52625
1.18569	-5.71621
1.33609	-3.95405
0.233839	-8.86229
2.40339	-7.78701
1.0147	-4.89028
3.39879	-7.10562
1.62085	-6.83296
3.72631	-6.09358
4.13149	-11.3476
0.859419	-8.62869
3.25585	-8.55496
2.93588	-7.06306
-0.141129	-8.34799
2.81679	-6.64716
1.72039	-7.9458
3.50003	-6.24093
2.67159	-8.69811
-0.198881	-6.9002
2.56036	-7.45703
0.841905	-5.75269
0.91301	-7.95294
1.80353	-4.66953
0.124777	-6.95342
0.525656	-6.16273
2.86172	-8.47197
0.135444	-8.09253
2.2653	-8.2816
1.83444	-4.86086
3.47334	-7.93531
1.18517	-7.08412
1.11926	-8.16437
2.61817	-7.79733
3.18419	-6.33251
0.599065	-8.02471
1.42979	-8.47959
3.10844	-7.21206
0.875262	-6.91714
3.46551	-8.63281
1.2096	-7.39436
3.16298	-9.92673
2.78341	-6.67967
0.683801	-5.98373
3.10347	-7.75577
0.921823	-6.98458
0.234637	-8.06035
2.04731	-6.34547
4.59603	-8.79201
2.57923	-8.36074
1.56712	-4.38059
3.2242	-5.24272
3.21302	-6.97583
2.1796	-7.18039
2.85903	-6.07882
1.58904	-4.98057
3.2419	-6.14684
2.79631	-6.26186
0.905089	-7.98677
1.41291	-5.88862
2.97415	-8.05962
1.78401	-5.29792
2.19684	-8.06126
2.71851	-6.87709
0.354407	-7.37982
2.3934	-5.45485
2.71497	-6.83266
2.18792	-7.42914
3.34035	-6.55007
3.0037	-7.53725
2.11992	-8.42276
1.45242	-7.84905
3.62736	-8.29064
3.23239	-8.6547
2.37443	-6.32298
2.03535	-8.5727
1.98528	-7.37103
3.41902	-5.96774
3.38206	-6.37147
0.336771	-6.62136
2.18992	-6.6744
1.38036	-5.79659
3.01571	-6.21244
3.08022	-6.18958
4.70095	-8.23124
1.09204	-7.77838
3.32196	-6.57919
1.23383	-6.754
0.253551	-7.36257
2.57594	-6.92617
0.246336	-6.26292
2.28182	-5.85329
0.581052	-8.4873
2.63767	-8.76617
2.30423	-6.75046
2.49276	-5.37313
2.7296	-8.19114
1.02336	-5.29815
0.422356	-8.97736
1.7788	-7.28603
2.61438	-7.58136
0.612174	-6.52283
0.459426	-6.17673
2.52204	-8.84863
3.25943	-8.89568
2.97103	-6.99532
1.5286	-8.85012
1.74871	-7.36986
0.107863	-8.20347
1.15813	-8.60483
0.868755	-8.21175
3.40955	-7.05406
1.54327	-7.91954
3.2045	-6.17583
1.45637	-6.57892
0.568197	-8.82564
2.53669	-7.4235
3.255	-6.35306
0.835455	-4.97596
0.658069	-8.05397
1.79081	-8.09693
2.29725	-6.68927
2.62902	-8.22037
3.35492	-2.04693
1.30398	-4.91593
2.19883	-7.34817
3.68997	-5.56804
2.96146	-6.53484
2.19329	-7.34604
0.47562	-6.2065
0.470305	-6.98359
2.69792	-8.20098
1.66299	-5.56936
2.32672	-6.20006
2.47885	-8.47824
2.60126	-6.87385
3.31148	-7.1406
0.271077	-6.9859
0.640517	-7.23752
1.87118	-6.69887
3.00405	-5.99122
0.381528	-6.49367
1.16871	-5.85254
1.74675	-6.07517
3.02764	-5.70137
3.76239	-8.82429
8.59071	-7.90123
2.64733	-9.22702
0.960375	-6.11201
1.79242	-6.11523
2.68989	-6.99354
1.09299	-7.22366
2.78603	-6.11162
-0.193762	-7.68804
0.652829	-7.8977
2.79922	-7.05195
1.95845	-8.64903
0.884696	-7.06769
0.309533	-5.28861
1.96948	-8.96021
2.79654	-6.66996
3.29191	-6.05945
0.945434	-8.24557
2.16909	-4.605
2.46483	-7.4315
2.15631	-7.48077
0.782843	-5.87928
1.25964	-7.10727
2.11024	-7.63021
1.18425	-7.96501
1.19759	-7.12601
2.24213	-7.03028
1.71504	-6.67444
0.341684	-5.45388
1.54425	-6.55679
1.86324	-6.87527
0.60235	-8.31725
2.06806	-5.767
2.54467	-8.52633
0.565687	-8.65201
2.31602	-8.90978
3.117	-7.11787
2.64299	-7.90917
2.0049	-7.29962
3.48593	-7.44218
1.02434	-5.92447
2.78347	-6.24497
2.42635	-8.81643
2.77006	-7.73435
1.74984	-6.40852
0.383969	-6.23403
2.94627	-6.9494
1.06115	-7.21418
0.691213	-6.9633
1.79967	-7.68163
1.92396	-6.75026
0.215056	-8.27841
0.602889	-6.79206
0.667102	-6.62591
2.75423	-7.16
3.12368	-5.7715
2.30272	-7.33155
0.960316	-7.55341
1.87685	-6.16094
3.09941	-8.37366
1.99684	-4.2456
2.10346	-6.19898
1.31205	-7.07172
2.74124	-6.24478
1.06805	-6.25945
2.99603	-6.16227
2.35577	-8.52054
1.47951	-6.96329
3.2172	-10.737
0.688523	-9.12373
2.7652	-7.84614
1.98496	-7.47468
2.11182	-6.30385
1.88106	-6.68612
1.5209	-7.10348
3.03443	-7.26626
2.54015	-6.77873
1.79073	-7.15346
2.03872	-6.6249
0.872969	-7.34058
0.877794	-4.61796
3.57078	-9.3981
1.02145	-5.60755
1.31348	-5.89728
1.36403	-6.51073
1.04959	-5.59086
1.50511	-7.61073
2.17866	-5.10232
8.05882	-7.05334
2.29431	-8.84085
0.0956317	-6.96621
1.86918	-5.30865
0.253314	-6.63064
3.6145	-4.92843
2.28226	-7.3435
0.282292	-6.51427
1.3164	-7.19806
1.84249	-8.00899
0.600962	-8.79115
2.98018	-7.05554
3.5628	-6.72705
2.15004	-6.45325
1.27137	-6.46578
1.95257	-5.80294
1.97464	-8.50627
0.779302	-6.95621
2.87687	-7.10332
1.39768	-7.0326
1.01041	-6.47751
1.33424	-7.86879
2.28983	-7.77228
1.46357	-8.17523
0.617333	-7.22116
0.674434	-6.25681
2.77087	-6.81321
1.83953	-7.87115
3.43136	-7.49906
1.047	-6.85826
3.63773	-4.63188
2.38795	-6.94678
1.01724	-6.24933
1.80177	-8.81448
1.86458	-5.1285
2.19962	-8.76152
1.48964	-8.67603
1.94878	-7.85747
2.82962	-7.06207
3.16396	-8.98887
2.73757	-8.86391
1.2136	-7.5763
0.128474	-7.8439
1.18567	-7.37858
3.08911	-8.39092
1.68658	-7.82263
1.62582	-8.01687
2.34649	-7.55556
1.54011	-5.96741
2.08082	-7.60442
2.93431	-6.15253
2.09989	-8.85557
0.718242	-7.33402
1.94678	-6.08153
2.29686	-5.87311
2.26232	-6.73705
4.78094	-7.70162
2.10386	-5.34215
2.93539	-7.93436
2.39453	-7.19235
2.11653	-5.27021
0.140441	-6.27455
1.50214	-7.26548
1.88181	-6.92156
3.04609	-6.32846
4.47294	-8.96353
1.75054	-6.68442
0.134754	-7.46429
0.0244272	-5.20538
1.63678	-5.15183
0.943736	-8.43394
2.41313	-7.02582
1.39819	-7.53996
2.59197	-6.0807
0.487416	-5.76543
1.33302	-9.11871
0.2899	-9.11309
0.40427	-7.93769
1.24175	-8.66126
2.14771	-7.74084
2.59933	-7.92044
2.38575	-7.74672
1.5445	-6.57371
0.64488	-8.84372
1.319	-7.13591
1.24746	-6.81292
1.48278	-3.44833
0.701875	-6.72536
1.85421	-6.60338
0.221342	-8.35423
3.16897	-6.55693
1.96159	-5.58974
3.94441	-5.59326
3.00377	-5.83171
2.68474	-7.26107
0.851406	-8.01246
2.47213	-5.14165
0.301932	-4.513
3.07755	-7.76182
3.06274	-5.5463
2.68896	-7.98151
0.564093	-7.42161
1.22629	-8.05067
2.6505	-7.21159
2.65697	-6.81416
0.141967	-6.16558
2.76331	-6.89138
0.0703142	-7.18932
1.32691	-6.56523
0.871893	-2.60603
3.98148	-5.55271
0.168888	-6.63403
0.980723	-6.83882
2.48875	-6.99353
2.20268	-8.29998
3.7777	-8.29452
0.609174	-6.35425
2.27375	-7.1967
4.13498	-8.67129
2.34494	-5.19026
5.43319	-5.18653
1.95122	-7.52934
1.72757	-5.55448
0.293762	-6.32346
0.469102	-7.58281
1.52909	-6.24406
1.30317	-7.15153
2.13422	-5.89561
1.01265	-6.12566
2.821	-7.03429
3.25027	-6.36664
4.17871	-8.37935
1.94372	-6.60882
1.44886	-5.79671
0.428444	-6.52003
4.27099	-8.63103
1.10381	-8.0168
1.39114	-6.39447
0.0561319	-7.79074
3.05577	-7.15461
2.7721	-7.65569
0.781629	-7.19121
2.62548	-7.90583
1.49612	-5.34949
0.991605	-7.8461
3.02806	-8.77914
2.70528	-8.93934
3.01368	-7.05819
2.46693	-6.11356
0.750955	-4.5657
2.4259	-6.09023
2.54087	-9.17901
1.9716	-8.14972
4.02441	-7.36369
2.53745	-7.55932
1.69798	-7.63333
0.17933	-7.12791
1.22648	-8.06807
1.18894	-6.61285
2.17495	-7.36354
1.82518	-8.36694
2.03712	-6.45728
1.25325	-6.53691
2.05193	-6.70463
1.51825	-7.50722
4.04027	-10.3419
2.92255	-6.44635
0.873214	-4.73709
1.01673	-5.832
0.518063	-8.61813
2.96141	-7.77979
2.59293	-6.01094
1.4066	-8.16383
1.61103	-7.23285
1.7253	-6.60656
0.624846	-7.52063
2.86504	-7.7881
2.72056	-9.20751
4.07786	-6.74633
2.31375	-5.79781
2.80647	-5.5772
2.46214	-6.61262
0.104878	-6.48353
1.87915	-6.49365
0.140036	-4.92383
1.53047	-8.92284
2.2835	-7.39018
1.40506	-8.92465
1.32254	-6.07784
0.47748	-6.85402
1.44982	-7.65257
1.1007	-7.53493
0.48998	-5.29914
1.48567	-6.62325
1.84323	-7.81472
2.86601	-7.27357
1.63461	-5.40848
4.28343	-8.70228
2.60472	-7.6189
2.71215	-7.26258
0.749896	-6.47584
0.987706	-6.99963
2.67276	-7.56046
4.46853	-7.71089
1.87098	-8.30013
1.69834	-5.78937
1.08708	-8.55979
1.21549	-6.45374
0.403813	-8.16705
2.50885	-6.87809
0.700673	-5.79195
1.81493	-8.48259
3.00967	-6.19125
2.92675	-8.45725
3.25432	-6.53107
2.10094	-6.45473
3.81719	-6.58621
0.235489	-6.91684
0.282804	-9.03588
0.872257	-7.73666
2.84392	-7.67401
1.32826	-6.40574
0.511601	-6.6549
2.04559	-6.6745
0.754797	-8.01717
2.98558	-7.79096
2.86131	-6.3017
1.25666	-6.33944
2.49077	-5.6562
0.0564056	-6.63921
1.45917	-6.84504
2.97767	-7.36885
1.94065	-7.53824
0.409346	-5.22276
1.71683	-5.97306
2.73793	-8.29073
1.22986	-8.37418
1.71044	-6.44659
2.42422	-7.25673
0.943688	-8.32819
2.9708	-4.02067
0.504244	-6.94461
3.85585	-7.52773
1.10986	-7.0514
2.73787	-6.3328
3.11469	-7.73871
2.17277	-6.66107
3.44635	-6.1295
3.08287	-7.65957
3.76807	-8.51013
1.91612	-5.86325
2.67803	-6.44998
2.1438	-6.92857
1.80091	-5.96866
2.59588	-6.32333
5.10715	-7.75961
1.4054	-6.44713
3.52116	-9.07013
2.53799	-6.70953
1.42304	-5.43148
1.38728	-7.46787
0.534342	-7.81585
0.465979	-6.1733
-0.0991776	-7.32469
2.20705	-7.44527
2.27497	-6.78083
3.01544	-8.37104
2.44443	-6.30772
1.47865	-7.32242
0.577211	-8.15622
2.38994	-8.13012
2.12268	-7.03858
1.94896	-8.07285
1.99506	-7.84767
2.68886	-6.22788
1.35707	-6.79436
3.8331	-7.03113
2.4208	-7.13646
-0.0771975	-6.71672
3.5561	-9.63965
0.504018	-8.13231
0.429182	-7.02946
0.732801	-7.2073
2.49583	-6.53857
2.36332	-6.00863
4.35455	-6.59243
3.89746	-7.38291
2.34256	-6.55722
1.78852	-7.58852
1.8458	-6.40317
2.95978	-6.25248
2.21108	-6.13834
0.187822	-8.59229
0.500753	-8.89776
2.50937	-5.39775
3.78453	-6.88065
14.1245	5.64688
3.10339	-5.27817
2.29168	-5.97337
4.41741	-8.48862
5.66186	11.7426
3.64459	-6.11891
0.380922	-7.16603
0.811515	-7.72215
1.30095	-6.64082
1.1395	-8.66625
1.70871	-6.60186
2.55286	-6.70826
1.2705	-8.4086
2.71329	-8.12775
1.49041	-7.50571
2.09529	-7.27081
0.833805	-6.07111
5.25977	-7.97779
0.82954	-8.17195
2.41258	-8.41077
1.38117	-5.43022
1.97761	-7.77117
0.814363	-6.07889
0.402676	-8.23285
1.58624	-7.32446
1.85593	-5.44286
0.0886916	-8.10189
2.13752	-4.58619
0.765775	-8.24929
2.22437	-7.20021
1.67091	-6.2354
1.15347	-8.48374
1.04614	-7.24991
1.63435	-5.78196
2.58014	-6.9461
2.49324	-7.44726
0.244965	-7.78105
0.28531	-5.17259
0.643187	-6.77325
0.0976796	-3.90437
4.59185	-8.70086
3.38134	-6.65316
0.695574	-7.54682
1.21572	-6.28595
0.760963	-8.48236
1.50808	-8.33541
1.38468	-6.53963
1.10024	-7.71674
1.33799	-8.60472
0.808028	-8.09414
3.61407	-8.76704
1.45145	-6.39659
3.10748	-8.31141
4.0832	-5.96971
0.122751	-7.8192
-0.0923408	-7.05165
1.74153	-6.85235
1.2106	-7.54672
1.77851	-8.73225
1.98503	-7.67324
2.26446	-9.14707
0.35179	-6.0184
2.52223	-6.76847
2.24251	-6.16762
0.279159	-6.51021
2.73259	-7.91986
2.58927	-6.24318
2.54709	-5.39207
2.44144	-7.53861
3.27061	-7.41583
2.21786	-7.81316
3.9375	-8.4447
11.134	-4.63968
0.659194	-7.58614
1.38054	-7.42219
1.35516	-6.39903
0.291945	-6.6958
0.533916	-6.02258
2.83879	-6.65366
1.51064	-5.29536
1.81009	-6.28788
0.755367	-8.26863
0.836863	-7.11964
2.40685	-8.38301
2.03161	-7.38495
1.98921	-6.86461
1.23262	-8.58695
0.666224	-8.34203
2.86906	-6.98359
3.602	-6.60997
3.73009	-8.70248
2.2755	-6.36793
1.32164	-8.36968
1.26278	-6.10478
2.36433	-6.15465
1.12294	-5.98429
0.204854	-6.3623
3.20025	-6.17268
0.707214	-6.56192
0.280071	-6.44535
1.70548	-6.47139
1.15086	-4.35489
1.97261	-6.56337
1.72416	-7.97223
0.917541	-6.39381
3.2071	-8.41033
1.12269	-8.36489
1.44341	-7.75056
2.7272	-6.42465
5.01494	-9.47889
3.84336	-7.9263
0.377334	-4.99577
4.01949	-6.50148
0.477182	-8.31198
0.434346	-5.839
1.01533	-8.39728
1.66361	-7.40574
2.14097	-0.913703
1.8746	-8.20611
1.66593	-5.76922
0.580171	-8.01276
4.08068	-6.83004
1.79863	-6.34609
1.32048	-7.69667
2.55692	-5.8793
2.79776	-8.23043
2.80576	-6.01262
2.06265	-7.42986
1.59823	-6.65411
0.653064	-7.41616
1.8204	-6.91209
1.39442	-6.16631
0.859726	-6.14331
2.68564	-7.64281
0.451204	-8.92167
2.80438	-7.58443
0.47735	-8.05037
2.90038	-7.40101
2.03709	-3.94687
1.62471	-6.67165
0.951379	-8.94419
3.25565	-6.63798
1.22634	-5.95968
2.49942	-8.52165
2.85992	-9.57436
0.379717	-7.35313
2.21789	-7.48964
2.50148	-5.91918
1.34646	-6.71875
2.86096	-8.80057
3.77184	-7.36318
3.20767	-7.43068
3.45076	-6.91259
2.78095	-7.05559
3.4894	-7.30916
4.14523	-8.1874
2.9077	-8.84119
6.41814	-5.00923
0.421309	-6.58775
2.77025	-6.58837
1.97809	-6.31327
1.30244	-6.43933
1.96503	-6.03118
0.48954	-6.67918
0.550924	-3.83275
1.48449	-7.28104
1.29259	-7.11312
0.719307	-6.56143
0.418797	-5.72659
2.17075	-8.69601
2.4812	-8.81432
0.448211	-8.11405
5.1019	-7.10982
0.302293	-8.09398
2.67777	-4.72263
1.2044	-6.9007
2.8629	-6.9304
0.590981	-8.14633
3.2876	-6.10182
2.92833	-7.14802
-0.0839586	-8.07922
2.46946	-6.89453
2.59073	-5.79115
5.00857	-7.85729
0.223637	-8.29336
2.35168	-8.42315
0.0847072	-5.66477
3.86021	-7.46351
1.00223	-8.80083
2.1671	-7.91128
3.14859	-5.59824
2.2673	-7.07293
1.25056	-7.2083
2.81759	-8.56167
2.0924	-6.51071
2.9661	-7.35019
2.41609	-5.97038
2.53356	-6.8347
1.41942	-8.3908
1.83083	-6.81559
1.78615	-4.72837
1.43361	-7.8607
1.09486	-7.21906
3.28978	-7.72243
0.207371	-6.94642
0.704027	-7.65536
3.59999	-7.26927
3.29174	-6.39631
3.20138	-6.73799
1.41504	-8.2383
3.10573	-8.27454
2.4267	-8.73191
1.62726	-7.25122
1.01417	-7.68551
0.259002	-6.65398
1.65437	-7.63402
2.51398	-8.51096
0.572855	-8.13041
1.71075	-6.45762
3.12097	-6.72918
1.60107	-7.85165
4.5372	-8.93333
3.22082	-4.59717
0.755824	-5.25619
2.91949	-7.29854
2.14627	-7.10537
1.01397	-6.1492
3.34165	-8.33456
0.759075	-5.90005
2.15923	-6.55492
2.0116	-6.39784
2.16208	-7.48963
0.917868	-8.7084
1.77538	-7.66708
2.16937	-8.01967
2.83049	-6.24465
1.0463	-8.25021
2.81046	-7.05605
2.61022	-8.95116
3.1262	-6.64608
0.468881	-6.90876
0.178311	-7.34164
1.41115	-6.05339
1.44046	-7.84736
4.98273	-4.04264
2.48822	-8.2447
2.26402	-6.8622
-0.145644	-7.2969
0.208376	-6.2651
5.93601	-3.42705
2.0205	-8.85225
2.43917	-5.64686
2.20674	-6.88186
3.71519	-6.3548
2.124	-7.29169
2.90511	-7.36698
1.27239	-5.71937
2.38164	-8.66544
2.93591	-6.12609
0.90185	-6.41128
2.80614	-8.90276
1.23346	-7.45601
1.53608	-7.3901
2.08628	-7.58491
5.16975	-6.16722
1.16798	-5.71272
0.469765	-8.22491
5.15569	-4.51389
4.03	-6.87666
1.44237	-6.88607
0.488231	-7.02802
3.71286	-8.42807
1.58231	-7.29712
1.08412	-8.60413
2.53897	-8.41079
4.41481	-8.82036
2.87773	-6.91177
2.40538	-6.34975
2.03898	-5.685
0.752752	-8.46035
0.634136	-5.78981
0.0967945	-7.53506
2.05501	-6.17864
1.46399	-6.45732
1.40296	-4.71074
1.22547	-4.85603
3.31182	-8.90158
2.36306	-7.63812
3.71365	-8.36147
3.19145	-6.34991
0.961654	-7.85966
2.13438	-8.99641
1.57557	-7.02923
3.05768	-8.12039
2.39635	-6.28402
2.32934	-8.50654
3.35337	-7.5025
1.22719	-7.22153
2.31262	-5.78422
0.840765	-6.83591
0.997555	-7.41406
2.30288	-6.15151
1.98617	-6.67932
0.892505	-6.43635
6.21435	-5.08057
3.64093	-8.70243
3.54899	-7.38704
2.81581	-5.84281
1.06693	-7.80378
1.28152	-4.97093
3.96435	-6.88068
1.6188	-5.96418
2.70053	-7.51462
3.75727	-8.33964
0.937519	-7.47032
2.77017	-6.72079
0.489838	-7.11242
1.46554	-5.10975
1.97442	-6.66348
3.21985	-6.59296
3.00803	-6.60375
1.36605	-6.6213
1.44968	-7.70493
0.242023	-6.6028
1.09213	-6.1341
0.6766	-6.16434
2.21917	-7.32842
2.22012	-5.92905
3.59313	-8.33079
1.24262	-6.75738
2.08011	-7.65567
3.1134	-6.55498
3.56189	-6.15537
1.60427	-8.35733
1.11876	-6.32022
1.84568	-5.88685
2.95926	-7.33669
1.64215	-7.45896
0.974559	-7.28866
2.41873	-6.99804
1.56977	-7.09838
1.83232	-7.82305
0.503302	-6.61128
1.69069	-7.26819
3.2794	-7.48048
1.98934	-6.26482
1.65578	-5.18433
2.89246	-6.68733
2.53383	-8.01461
3.19891	-6.66439
0.0509092	-6.04752
1.81522	-7.16369
2.29789	-7.11345
1.30897	-4.43467
1.3369	-4.62278
2.57277	-6.70766
1.97089	-7.72856
1.21606	-7.66123
0.335014	-6.85247
3.58704	-7.64156
2.082	-6.68574
-0.0403728	-7.15712
4.09507	-7.95541
1.24472	-5.76065
2.28261	-5.90806
2.38921	-6.52877
1.18001	-7.91514
1.58254	-8.72738
2.00129	-5.94206
2.93142	-6.56025
1.69097	-6.02863
0.194585	-8.56619
0.39058	-4.27851
3.10208	-3.92083
3.94112	-8.93237
0.959772	-6.54571
2.27019	-7.27797
1.08027	-7.3118
2.34956	-6.37012
0.112906	-6.03851
0.124899	-7.72731
3.16605	-9.33543
2.54173	-7.275
0.604237	-7.0703
5.63124	-9.6916
1.41967	-7.75626
3.88029	-5.82809
2.29281	-6.60516
1.6519	-7.20302
1.98	-6.92123
2.79096	-6.98696
0.584898	-7.74952
2.16205	-8.42508
1.18981	-6.4647
0.948736	-7.13502
1.09055	-7.80407
3.74159	-4.76079
2.92184	-6.27228
2.87945	-7.6694
2.72235	-8.80218
0.714398	-6.98625
3.34141	-7.65985
3.90695	-6.57717
0.421159	-7.33571
2.36972	-4.81561
1.69632	-7.70975
3.08274	-7.13059
2.00307	-6.38166
0.597971	-5.50196
2.23969	-5.82651
2.81087	-7.42868
2.34683	-5.4762
1.52244	-7.5067
0.448852	-5.21322
0.0825571	-8.81854
1.30596	-6.82635
0.953987	-7.6792
1.87875	-7.4553
2.70987	-5.53077
0.388304	-6.25959
2.05496	-6.72928
2.9484	-6.27259
9.10584	-5.28481
2.63193	-8.68737
0.478685	-7.24031
0.237527	-5.44522
4.19343	-8.2705
3.95248	-8.35631
0.818141	-5.54297
1.70451	-6.28332
1.80963	-6.14058
2.58046	-7.22441
1.31194	-7.96066
1.53772	-8.98938
0.55465	-7.00523
2.11204	-7.3848
0.220193	-6.97764
1.49972	-6.77528
1.53644	-6.90179
2.70535	-7.68062
1.97926	-5.72305
1.5715	-8.83245
1.62909	-7.87031
1.74038	-7.93453
1.22756	-8.03145
2.23299	-8.15845
3.12076	-7.10093
2.26828	-7.34383
2.88859	-5.96987
1.02035	-6.80527
0.679668	-7.2244
1.29323	-5.14649
2.32106	-7.9058
1.41129	-8.20336
1.11741	-7.10214
1.6635	-6.42081
0.39297	-8.34835
1.92867	-6.2548
2.62029	-6.89741
0.631546	-7.74029
1.78642	-8.99615
1.07189	-7.07573
3.00249	-7.65148
2.67523	-4.79273
2.06668	-7.5848
0.43551	-6.6733
0.996263	-8.91006
2.33282	-7.32228
1.97203	-7.63663
3.8392	-6.49289
8.55654	-8.34529
0.921224	-8.18374
2.33924	-7.3829
1.15869	-7.76171
4.96204	-7.28192
1.41225	-6.83762
2.63722	-5.68103
0.805782	-7.88586
2.23646	-7.61162
3.86935	-5.68359
2.91539	-4.75859
0.464823	-4.41195
3.90107	-8.18915
4.74678	-8.56907
2.64641	-7.76346
0.407829	-8.1982
3.32783	-8.92809
1.23376	-8.06702
2.34911	-5.38205
-0.191404	-5.84753
1.79295	-6.48769
1.98748	-7.92378
2.95423	-7.73554
4.0814	-8.09226
1.6733	-7.48912
2.20643	-7.26495
0.064311	-7.61041
2.36876	-6.70449
2.11987	-6.07332
2.21534	-5.19533
1.37542	-6.04702
0.236472	-5.77756
3.6987	-8.30086
1.507	-8.94016
1.74594	-5.72639
2.19188	-6.79583
1.82547	-6.87185
0.131249	-8.31404
0.367591	-5.90518
2.6025	-6.59093
2.25885	-8.35306
2.69779	-7.72499
13.3019	-8.69413
1.08579	-7.92774
0.508067	-5.8829
3.15966	-7.79628
0.352975	-8.39321
1.45569	-7.46574
1.72531	-5.5386
2.05558	-6.88304
2.89564	-7.38149
1.16089	-8.38956
1.88213	-6.66546
2.62746	-6.05773
1.23116	-6.65672
1.14945	-8.12548
3.07197	-6.43872
1.09117	-6.10905
2.76425	-7.70665
2.51006	-7.29091
3.49557	-6.07364
4.6003	-7.8991
2.97079	-6.79996
3.09048	-7.00071
1.75679	-6.6014
1.02237	-7.01018
2.66487	-8.18331
2.33143	-7.54276
4.6366	-9.1827
1.31528	-5.58573
2.74643	-8.39404
2.74362	-6.57922
3.52733	-7.93125
3.49217	-7.47186
4.23868	-9.2459
4.97762	-5.15827
2.5044	-7.59525
3.48888	-8.66304
1.76891	-7.44349
1.52013	-6.73352
2.85605	-6.69862
2.53432	-6.74746
0.955781	-7.22963
2.10114	-3.94223
2.29836	-7.45164
0.638599	-7.12082
2.91118	-6.25309
2.30836	-6.39915
0.408948	-5.89159
0.608813	-8.52148
2.68123	-5.90032
1.26879	-8.44039
1.45042	-6.61369
2.2372	-7.84341
2.33357	-8.78932
2.51244	-7.91909
2.34895	-8.06908
1.07336	-7.26027
0.332977	-6.64624
2.82327	-8.2755
1.55318	-7.58152
2.0986	-8.11515
1.94978	-4.54077
2.68017	-8.68978
2.85355	-3.60656
1.27014	-5.46455
2.49735	-5.39698
0.494261	-6.96981
3.47527	-7.30548
4.28328	-7.0992
1.63144	-9.10444
1.66396	-7.04595
2.61671	-6.65686
3.24694	-6.54859
0.233388	-7.80559
2.07459	-6.69179
1.39032	-7.86231
3.11605	-5.7545
2.10535	-6.12211
0.889033	-6.479
1.84986	-5.66706
1.04504	-6.04421
0.261559	-6.96318
5.28151	-4.66594
1.44073	-5.94665
1.39954	-7.08897
4.24207	-7.26409
1.71084	-5.937
0.497683	-7.31662
1.18203	-8.30501
1.81581	-7.25121
4.53636	-4.81899
0.489146	-6.96214
2.27911	-6.62466
0.452188	-8.00644
2.40024	-5.01921
2.65737	-7.41585
1.05325	-7.2022
1.36484	-7.63166
0.128938	-8.85001
2.9947	-7.83006
3.1301	-8.22921
2.8875	-6.29676
3.61078	-9.02852
1.04301	-5.6843
3.00136	-7.81963
4.2973	-7.12262
2.83921	-6.08798
2.62986	-8.81478
2.45157	-8.52865
3.38576	-5.24823
4.43282	-8.31452
3.79492	-7.25027
2.2711	-8.12722
0.762205	-7.96051
2.72042	-5.47679
0.598866	-8.46588
4.05684	-5.64881
1.20517	-5.33939
3.31375	-7.50855
0.153527	-5.2263
1.27348	-7.36184
1.71898	-6.65235
1.18413	-7.54
0.127289	-7.46992
3.5819	-6.05871
3.92346	-6.78333
2.42273	-7.50948
0.433916	-6.89149
1.77572	-5.25796
2.48431	-7.68347
1.04764	-7.37182
2.58294	-7.34406
1.52689	-6.10075
0.253742	-5.27695
2.47518	-8.89928
2.17393	-5.35598
1.95003	-5.86153
1.53317	-7.03942
0.760897	-6.34555
0.461218	-5.36124
1.13823	-8.21745
2.2364	-7.53963
1.2551	-4.85818
3.922	-6.16163
0.426052	-7.56908
0.851958	-7.65519
-0.127795	-8.06012
1.89306	-6.82954
0.407851	-7.48069
1.36486	-8.64144
3.63947	-9.03774
1.44764	-6.85332
1.96611	-8.81348
2.76021	-7.83391
2.1846	-6.57062
3.58384	-8.21899
2.38648	-7.10904
0.650098	-6.7336
5.99482	-2.38342
0.18629	-5.56277
1.70418	-6.68899
0.937463	-7.08015
2.41775	-8.12804
2.46771	-6.9662
1.66419	-6.2174
7.88644	4.48235
2.01233	-6.91556
1.48391	-8.33332
2.9296	-6.58638
0.62196	-6.80568
0.559757	-6.26827
1.64425	-5.85247
1.65478	-6.34546
1.33839	-8.04879
0.858488	-6.99221
2.33052	-7.74402
1.76455	-8.63728
1.50964	-7.04355
3.08162	-6.46712
1.3507	-8.25052
3.16576	-6.97663
4.47168	-6.05791
2.52058	-7.28377
1.95731	-7.06072
1.2037	-6.67676
2.44985	-8.09116
2.40049	-8.58535
0.715331	-7.63934
1.17229	-7.07325
1.50237	-7.35462
4.48036	-7.41183
2.0453	-7.69411
1.09076	-7.90524
2.01247	-7.07925
2.09756	-6.40097
1.96585	-7.74147
2.2122	-7.94177
3.01354	-6.40744
1.73514	-7.39854
1.15677	-7.78628
3.17137	-7.67539
2.61272	-7.33913
3.83849	-9.68827
2.34799	-7.90073
0.516654	-6.65921
3.47011	-3.59408
1.71025	-6.64806
2.10643	-6.31045
2.1988	-6.54044
0.216444	-8.32401
0.0505389	-7.31814
2.6828	-7.92916
2.9998	-8.80196
2.22495	-7.76917
3.54703	-7.36392
0.859124	-8.56612
1.73509	-6.70758
1.27463	-6.37668
2.81518	-6.84282
1.28027	-7.59682
2.80855	-6.45208
1.88033	-7.08747
0.0237295	-7.29301
3.90593	-8.27972
1.75715	-7.46637
3.00707	-7.20336
2.18027	-8.00874
2.37734	-7.00166
1.42905	-5.66637
2.57889	-6.40201
0.317573	-7.23127
4.17639	-8.92017
2.29186	-6.64971
1.29662	-7.39732
2.23513	-6.99016
0.460797	-6.26978
1.61852	-5.70524
2.59295	-7.09164
2.52339	-6.00852
1.81664	-7.14844
1.92365	-7.85733
1.35346	-6.26987
1.44038	-5.25499
1.79971	-6.87104
2.3267	-7.07415
0.394025	-6.60255
2.47641	-7.68775
2.0421	-6.95566
13.105	-5.32903
0.621095	-5.34403
2.5413	-9.11063
3.6046	-2.72684
1.88401	-7.28213
0.780199	-7.35527
0.548467	-7.77119
3.13323	-7.24691
1.94113	-8.34656
2.71045	-7.02387
2.69238	-7.07913
2.11022	-4.34492
1.85577	-7.85193
1.37533	-6.40939
0.461032	-8.60993
1.69335	-6.95168
0.37288	-7.26029
0.99603	-8.33055
3.24688	-7.64893
2.42328	-7.00784
2.33776	-6.91965
2.84552	-7.85318
2.81085	-7.08317
3.50362	-6.57601
0.875355	-7.6883
3.13915	-7.63801
3.08592	-7.18557
3.37919	-7.14122
1.05642	-6.84924
4.73192	-7.00757
2.97662	-8.9378
2.82955	-5.73978
2.05545	-7.1635
1.78138	-8.05571
2.90552	-6.03599
2.22484	-7.01672
2.23925	-8.35268
2.4973	-8.3215
3.63839	-5.15523
1.84716	-6.96664
3.1662	-8.30306
1.63732	-8.47711
3.00435	-6.63604
0.963088	-5.85266
2.75382	-7.6961
2.7463	-6.64557
4.31296	-6.319
2.12808	-8.12651
0.961728	-8.17318
1.3815	-6.95361
3.26161	-8.28838
1.95698	-6.50266
0.299583	-5.98469
2.77327	-7.15848
2.58502	-6.04356
0.652157	-7.09391
2.16297	-6.70903
1.60439	-6.13141
1.67997	-7.84365
1.65473	-5.98069
4.2531	-6.91984
0.806615	-5.32349
3.1048	-7.97916
2.62868	-6.62745
2.25098	-6.37637
3.06035	-7.58412
1.6229	-9.23813
2.9635	-6.62438
3.62141	-5.1493
3.93147	-8.65504
2.16577	-8.33974
1.66686	-7.08786
1.20074	-6.87943
0.80562	-5.5836
4.44015	-8.78096
1.34815	-7.71326
2.18729	-7.13985
2.06998	-6.08537
2.14501	-8.21561
2.13758	-6.81122
0.44361	-6.89602
2.00596	-7.58553
2.95626	-6.23618
2.22419	-7.62657
1.92039	-8.31322
2.15624	-7.8336
5.05535	-7.84281
1.71411	-6.34266
1.89895	-7.78416
0.725102	-6.59048
1.14766	-6.9518
0.819022	-6.39762
0.0729797	-6.34553
4.02957	-12.995
0.261357	-7.78632
3.05624	-9.07805
1.46285	-7.064
2.97449	-7.78359
2.10773	-7.96261
1.22289	-6.85056
3.30341	-7.25428
-0.0468625	-6.32871
3.25385	-6.61907
2.1528	-7.32129
1.99195	-7.94117
1.869	-8.26798
3.082	-3.53608
0.834033	-8.89918
1.38161	-7.28428
2.9334	-4.76181
1.96313	-7.64232
1.29486	-6.58675
1.96854	-6.06159
1.14049	-7.98123
5.91751	-11.8204
3.42151	-5.54463
3.54743	-8.30979
1.52885	-5.54293
-0.00664133	-3.66451
0.451078	-7.13835
0.996766	-7.58136
2.62745	-6.99874
2.9886	-6.8332
-0.0381509	-7.07836
2.42741	-7.78114
2.74997	-8.27248
2.31912	-6.34466
1.56893	-5.46801
3.52815	-8.31669
1.0223	-6.93441
2.13837	-6.73597
2.27732	-9.10016
0.979123	-6.39783
2.03621	-5.49616
3.80434	-6.57509
0.912425	-6.08487
3.16748	-9.71375
1.42015	-6.48175
3.67292	-7.71367
1.52023	-7.7411
-0.0467328	-6.85061
7.1886	5.99717
0.328871	-6.89872
4.06572	-6.50606
2.0552	-6.86683
3.22924	-4.73872
2.41097	-7.61564
2.64857	-6.76806
3.24814	-8.4465
3.42231	-6.60636
2.10996	-5.65275
2.02494	-7.92969
1.43486	-7.27139
3.53384	-8.59383
2.27635	-8.17954
0.963845	-8.1714
2.58024	-9.12099
1.34966	-7.74987
3.45136	-7.35628
0.60436	-6.87822
0.716426	-8.30364
1.83408	-4.96796
1.34124	-6.7491
0.952395	-7.51585
3.51607	-8.18311
1.58772	-8.68674
0.811731	-6.57017
7.19749	-8.13369
2.58354	-7.01258
3.17587	-6.02095
0.898858	-7.87328
0.331657	-7.25185
2.82712	-6.57761
2.12514	-6.12705
4.01774	-5.92091
-0.134147	-4.95966
3.32226	-6.28293
2.64501	-8.36
3.34697	-7.92966
2.67478	-8.00454
2.23179	-7.89936
2.60551	-7.84797
2.35678	-5.75531
3.38937	-6.19499
3.66026	-6.21542
4.14495	-7.52139
2.27132	-7.99765
5.19856	-8.78477
-0.168795	-7.8918
1.64631	-6.61326
1.59223	-5.77405
0.360452	-7.52685
1.08202	-8.90182
1.35072	-5.72389
2.15985	-6.86197
2.73092	-7.97583
2.47323	-8.61381
1.63409	-7.46295
0.115337	-6.08192
2.48869	-7.299
2.82111	-8.03314
1.83345	-6.66879
3.92711	-6.76677
2.78828	-4.43332
2.53268	-7.61843
1.88311	-6.5394
0.977282	-8.29269
2.82481	-8.87346
0.826492	-6.17196
2.7339	-6.84337
2.71403	-5.74576
2.32748	-7.17489
2.19628	-7.75121
1.66372	-6.26228
1.50252	-6.46458
6.55174	-10.4824
0.108925	-7.01824
3.15867	-7.77639
2.01097	-6.22463
2.44831	-7.67632
2.73365	-9.73364
3.47091	-5.75899
1.2004	-7.82361
1.2936	-5.30573
3.51405	-7.94841
2.06547	-6.9883
2.24667	-6.2138
1.63821	-8.17926
2.0154	-8.00908
4.75515	-6.5582
1.34248	-5.12599
2.77201	-6.66893
2.86974	-6.57651
2.2392	-6.48834
0.766183	-6.09315
1.12146	-7.21895
2.52323	-8.71098
5.16684	-8.35819
2.82314	-6.47063
0.637266	-7.25418
0.619344	-6.28944
1.98563	-7.48316
1.9178	-8.25243
3.53327	-8.38323
3.05216	-6.6439
3.26638	-7.07336
3.90123	-5.62231
0.832825	-8.65323
3.78999	-9.23021
3.30548	-6.37052
0.67432	-7.37624
0.821029	-7.78899
0.0767486	-8.9378
2.50055	-6.94064
0.618815	-6.59347
1.59146	-7.67937
3.6186	-8.25915
1.45406	-5.11183
0.89925	-8.80164
3.72993	-4.93942
1.09985	-7.14477
1.6185	-6.78634
2.79547	-7.07958
2.40062	-7.04903
1.918	-8.68078
1.49738	-7.92094
0.0941469	-7.4154
2.5865	-7.3719
1.36233	-8.92862
2.90742	-8.51276
3.21011	-8.40454
2.60448	-7.60781
4.15287	-7.87474
1.62559	-7.88165
0.0252665	-6.86884
0.521413	-7.73082
1.7748	-6.2735
2.09087	-7.17832
0.752505	-6.36293
1.94778	-5.92041
1.63594	-6.40029
3.17348	-4.73549
3.99362	-7.94351
0.931262	-6.59415
2.76448	-6.72027
0.128868	-7.17075
1.31428	-6.30387
2.75849	-8.36347
0.906137	-6.95165
0.393354	-8.5481
3.69862	-6.79716
0.116059	-6.49298
2.95779	-6.01717
4.01795	-7.24873
1.45047	-7.15747
1.88519	-7.44308
3.10048	-4.88515
1.47021	-7.29302
1.56513	-8.07977
2.01534	-6.49025
3.39464	-9.61007
1.41004	-7.135
1.34677	-7.51042
2.3393	-6.83685
3.20913	-6.88028
2.50987	-4.55281
2.4756	-6.76398
3.52147	-7.77371
3.5554	-8.25081
-0.0207141	-6.14452
3.16452	-5.91037
2.76176	-6.25189
2.9556	-6.91687
0.586082	-7.19599
3.05148	-7.96071
1.73433	-5.91493
1.0605	-8.49473
3.30925	-5.65848
0.636577	-5.73341
0.568037	-6.78316
2.36035	-7.25492
1.65555	-6.46874
0.462141	-5.3326
2.60781	-7.17439
2.50759	-7.21622
0.892239	-7.16797
1.18812	-7.94604
2.84562	-6.20575
2.40746	-5.92939
0.188378	-6.34004
2.55218	-8.39215
0.246831	-8.37371
1.97609	-6.86441
2.85029	-5.57318
1.29156	-8.48742
2.45742	-6.56324
3.77925	-7.08515
2.32712	-5.42702
1.96924	-4.69506
2.09294	-8.82093
0.113299	-7.63357
2.56888	-7.13836
2.95571	-8.22687
1.16862	-6.3285
2.94695	-7.38902
1.54896	-7.57161
1.57047	-5.2336
2.45396	-7.03162
0.999897	-8.41235
2.86454	-7.67538
0.442744	-6.35086
0.876961	-7.88067
1.60679	-6.96236
1.05627	-6.76903
0.494283	-6.56383
1.75554	-7.88271
2.75651	-8.9
4.66758	-7.90444
2.33944	-7.50921
0.24286	-5.32275
2.01596	-6.1909
0.931265	-8.02001
0.127206	-7.73385
2.78064	-6.43679
1.27967	-5.51033
1.03396	-7.56966
2.5994	-7.23524
3.51902	-6.95323
1.73786	-8.84863
0.711075	-7.45142
2.03873	-7.64726
2.16123	-8.57923
2.20116	-7.6185
0.786894	-4.86296
5.8037	-10.1592
0.804185	-6.69074
4.1789	-6.65777
1.61831	-6.29337
2.54779	-6.55066
3.82849	-8.69008
2.98891	-7.08437
2.59242	-8.93527
1.48971	-6.43011
0.599513	-7.8625
3.84596	-5.57022
2.19523	-7.2619
0.889356	-6.42251
0.291018	-5.61747
2.78117	-7.89927
2.06894	-6.57512
1.8477	-8.10138
2.10683	-5.52566
1.61581	-6.02747
1.24166	-7.56223
0.637324	-7.50625
2.04149	-8.6002
1.71547	-7.25731
2.56482	-5.6638
2.22011	-5.90914
6.60247	-4.38696
0.203046	-6.85086
1.14739	-7.53777
3.33109	-7.50674
1.023	-7.10868
2.45627	-8.11851
1.98596	-8.20769
0.828455	-6.2609
0.259451	-7.17317
2.3076	-6.16375
0.503934	-8.05985
2.34547	-7.35114
1.43785	-6.55517
0.313397	-6.89892
1.30025	-6.47476
2.07194	-6.12724
1.19926	-6.8677
0.562139	-8.90354
0.232457	-8.55505
2.46957	-6.82562
2.27883	-7.75324
1.58213	-6.68322
2.67475	-7.60525
1.07196	-7.28729
2.47432	-5.50114
3.0955	-6.44569
0.478823	-7.91817
2.915	-6.929
1.94387	-6.98806
-0.0482033	-7.21568
2.26003	-7.16613
2.50715	-6.88579
2.61618	-6.15476
2.54683	-6.00978
1.49932	-6.80132
3.06897	-8.15154
4.41974	-9.00624
4.11678	-6.57299
2.97249	-7.20515
1.60603	-8.08436
4.43677	-9.8651
3.014	-6.26323
0.400404	-7.43216
0.56123	-7.26882
1.10715	-8.20956
1.55487	-4.9075
2.88337	-8.15486
2.9628	-7.86276
1.66641	-8.59474
4.10875	-7.56906
0.824521	-9.15542
1.3533	-7.3614
2.59588	-8.42315
1.0839	-6.76642
1.82388	-6.32802
0.916958	-7.47586
0.113708	-7.16655
3.72777	-7.71796
3.18113	-7.68145
3.34557	-7.51673
1.55422	-7.44789
4.13337	-6.81867
2.44749	-6.42898
4.86595	-5.70741
1.74856	-7.20277
0.605563	-6.72594
3.2831	-6.5104
2.46315	-6.88507
2.18107	-7.07087
3.76447	-6.01997
0.949076	-5.58756
0.845649	-7.67543
3.13291	-7.45093
2.61712	-6.00595
0.191756	-6.55489
2.64069	-6.72636
0.84785	-6.322
1.082	-5.07239
0.657528	-8.66121
3.08908	-7.81485
3.98726	-7.90613
0.902326	-6.44923
2.08235	-7.74101
1.75992	-6.9988
1.94775	-5.40584
2.67374	-6.49782
2.08065	-7.74506
0.146271	-6.98449
8.81596	0.890052
2.76096	-7.38163
3.97542	-9.0167
2.04252	-8.27274
1.39005	-7.73764
2.07405	-6.45111
2.93244	-7.87057
1.07282	-7.87475
1.38729	-6.69456
2.49819	-8.40185
0.281413	-6.12581
2.5679	-7.26998
0.433592	-7.24632
3.18347	-8.18293
2.66322	-7.17872
2.06348	-8.61108
3.40522	-7.861
1.0418	-6.29621
1.74867	-6.35207
0.401754	-7.87279
1.45082	-8.61009
2.26923	-6.19883
2.93644	-8.07982
3.94258	-6.3582
2.5061	-6.9393
3.72583	-5.91019
2.49795	-8.41221
3.1593	-5.58203
3.16203	-7.87848
1.24773	-8.72961
2.82073	-6.62147
2.429	-6.27128
3.43727	-8.59575
1.10943	-8.71465
0.750202	-8.00581
2.79702	-6.87309
1.59788	-8.1867
0.704027	-5.80891
0.446152	-8.43601
1.32836	-5.46412
1.33898	-8.79592
1.55236	-8.07869
1.40518	-5.78325
1.22818	-5.99759
2.0437	-6.90677
0.880177	-8.04618
1.02865	-6.33533
1.86581	-7.80451
2.60789	-7.01933
1.90273	-7.26005
1.65653	-7.55689
2.87596	-7.95974
0.0305005	-8.12716
3.4745	-9.18075
0.817556	-8.84485
1.48804	-6.39537
0.565381	-7.39228
1.66318	-6.59748
2.04413	-6.30772
1.535	-6.20497
14.4792	-3.32948
1.52462	-7.10068
1.34279	-6.54476
0.771479	-7.03963
2.4322	-8.65779
2.46487	-6.81669
3.38613	-9.2763
1.72267	-7.34191
1.56601	-8.90679
1.4911	-7.23841
1.69774	-6.70319
1.22945	-7.37391
1.64779	-6.84233
1.09567	-8.60333
2.72007	-6.38839
3.42622	-5.78142
2.53651	-8.30095
1.26014	-7.28907
1.26728	-5.2699
3.35328	-8.00419
4.6334	-8.2063
1.19482	-8.52351
1.24652	-6.26376
1.34896	-7.94415
0.900425	-6.45586
3.64944	-5.44301
2.63777	-6.90486
2.82757	-8.20032
2.11735	-6.70544
0.942599	-8.60036
1.11032	-7.72296
1.14358	-7.07048
2.09445	-8.39336
1.22087	-7.39483
3.11178	-6.9393
3.69459	-8.19946
0.884759	-7.01036
0.470028	-8.52987
2.85428	-8.951
1.69133	-8.2115
2.33634	-6.36697
4.34942	-8.31957
0.0146012	-7.5543
1.41689	-6.07023
4.48492	-3.94636
2.81491	-8.77192
2.47262	-8.00939
2.60391	-6.87105
0.727454	-6.40784
6.27488	-12.7592
3.75754	-6.46982
1.16167	-5.80375
1.65025	-8.1125
2.29574	-8.46398
2.21527	-6.36804
4.06389	-7.79005
1.95617	-7.38861
0.744696	-8.12301
0.596006	-8.36326
1.51198	-8.65713
2.97447	-6.62815
2.53547	-8.51744
2.12882	-6.48618
0.287461	-5.5389
2.41166	-7.78674
2.11457	-7.39597
2.3373	-7.50864
2.9149	-8.80545
2.5243	-8.18648
2.98614	-7.11442
0.559196	-7.11324
2.42916	-6.09427
0.766845	-7.57138
0.418832	-6.10639
3.22357	-7.38029
2.70468	-6.18435
1.54634	-6.97222
2.28734	-6.91355
2.15811	-8.53612
2.21166	-7.74759
3.66127	-7.92737
4.78413	-6.1602
4.02677	-5.87264
0.460569	-6.55653
1.47878	-6.74799
2.07733	-6.4046
2.53369	-7.77019
1.11519	-5.04701
3.8788	-7.25507
3.1774	-7.04837
2.66388	-8.79912
2.22296	-7.55607
2.34506	-6.93351
1.94077	-8.93071
1.24262	-6.65772
1.21107	-8.88086
2.55208	-6.94899
3.75434	-6.72252
3.44405	-8.02226
2.43645	-7.26687
1.68601	-5.93548
3.55404	-6.09404
1.86826	-7.25148
0.129879	-7.74835
2.66308	-8.04773
4.12075	-7.50417
1.03359	-8.21873
3.49324	-5.99444
-0.15418	-7.1984
2.98494	-6.86558
1.62499	-5.30873
2.68913	-6.67223
2.61697	-6.13198
1.95811	-5.7907
2.39358	-7.50104
1.93035	-7.3502
2.05072	-7.87541
3.0104	-6.72685
1.79752	-8.46993
1.5786	-7.03312
1.24561	-8.82831
1.59349	-8.24173
4.75395	-9.80493
2.0634	-7.58099
1.98348	-5.65031
1.87835	-6.4394
2.32364	-6.2
2.26634	-0.408514
1.61641	-7.47988
4.02861	-7.52655
1.72261	-8.51823
1.04325	-8.94547
2.94848	-7.26553
4.10679	-6.88637
3.19933	-6.64488
2.79858	-7.10819
3.07951	-8.65347
1.47868	-5.6167
1.04695	-6.52124
2.50716	-7.51058
3.24723	-7.99848
2.81697	-6.30659
3.25697	-8.4332
2.77728	-7.86962
2.28118	-7.76482
2.14589	-8.89954
-0.0585037	-7.2238
1.87578	-6.77118
1.16952	-8.65314
1.02143	-6.10805
2.64603	-7.09752
1.3806	-9.093
1.33764	-6.49193
1.56737	-6.25697
-0.119396	-7.61367
2.65593	-7.72024
4.61876	-8.0374
1.33852	-8.08033
1.08584	-8.56426
1.33664	-7.45644
1.90754	-5.65198
0.891509	-8.25232
1.42952	-8.08075
8.22627	-5.85061
4.26921	-6.71485
2.8557	-8.90122
0.905072	-8.50372
1.08373	-6.18539
1.21119	-7.44261
2.95942	-7.4867
0.268213	-4.92439
2.10209	-7.48313
1.93155	-7.51139
3.50399	-7.76597
2.24144	-7.01509
2.89111	-6.99882
3.64222	-7.37206
0.908346	-5.2425
2.4346	-7.44755
2.43106	-7.70215
0.441623	-6.55221
0.198297	-6.32694
0.56873	-8.88196
2.82027	-7.19794
1.43085	-5.94213
0.0767666	-8.69421
0.965153	-6.38871
0.485005	-8.43737
2.75323	-7.31807
0.967335	-8.28795
2.3555	-7.12996
2.65858	-6.52518
1.33793	-6.24912
1.74111	-8.12623
0.991878	-6.83191
1.62938	-6.60094
3.17642	-8.268
0.709556	-9.11378
2.76459	-7.2129
2.94261	-6.08159
3.16056	-7.20458
0.425369	-5.8453
0.867049	-7.47818
2.95246	-7.37184
2.71704	-7.26453
3.78106	-9.39988
0.272474	-5.40612
1.08158	-6.84823
1.16682	-8.48145
3.79936	-8.08602
2.64861	-7.91726
2.06857	-8.74981
2.79431	-7.29437
0.204555	-6.20452
2.36719	-6.54972
0.888781	-8.04469
2.11466	-5.53269
0.576381	-6.19355
3.455	-7.72363
0.374279	-8.1909
0.432762	-6.64317
1.58074	-8.70235
2.03461	-7.57316
2.94938	-8.94769
2.42889	-5.30744
1.61882	-6.00226
1.29794	-6.91964
1.55772	-5.55481
1.28348	-7.71731
0.0873519	-6.62492
2.39071	-7.01536
0.843376	-5.74683
2.91912	-7.23732
2.46248	-8.64889
0.492881	-5.8705
5.49542	-5.41322
2.23871	-7.5171
0.132165	-6.24283
2.35557	-7.78234
3.10954	-7.50755
2.18943	-6.34185
0.956517	-5.76707
1.92902	-6.55076
2.68364	-8.0149
1.54278	-7.43495
2.31907	-6.60951
1.09816	-6.40997
1.15156	-8.78479
2.53623	-4.5108
1.47129	-6.66077
1.50526	-8.77741
0.332195	-6.91305
2.17815	-8.31187
1.56264	-5.7391
3.21401	-7.33716
1.10384	-7.51423
2.82135	-6.12869
2.95119	-7.60842
0.451416	-7.32974
2.37303	-6.27502
1.17592	-6.69694
5.29633	-7.61126
3.62813	-6.84229
3.74848	-6.04628
1.08308	-8.06845
2.14941	-8.41598
2.14882	-7.87565
0.4755	-6.42501
2.25349	-6.78931
2.41784	-7.32744
1.57595	-7.08497
2.05603	-8.69529
1.34909	-7.7088
1.01965	-4.50093
0.752689	-7.90209
3.04867	-8.65791
3.63161	-7.09968
0.176369	-6.81859
0.295342	-6.6116
3.11574	-5.57846
3.16138	-8.19951
3.12828	-5.94854
2.80378	-5.60235
0.716902	-7.85891
0.14109	-6.88842
2.62751	-6.57607
4.04424	-8.877
3.01697	-6.0868
1.31406	-6.64529
4.27535	-8.40034
0.795827	-7.83034
1.77646	-5.70396
1.84086	-6.28624
4.21314	-7.62397
4.54008	-6.14971
3.44017	-8.58695
2.45696	-5.92505
2.28723	-6.48789
3.0864	-5.50727
2.04218	-6.04404
0.94446	-6.92718
7.82083	-8.36267
1.47721	-5.8766
3.22393	-7.01903
2.08307	-6.65365
2.41545	-7.38818
3.22108	-8.68897
2.51394	-4.85232
2.13097	-8.57524
2.34239	-8.46407
1.84275	-7.41644
2.40645	-6.36706
1.93862	-6.58472
2.79327	-7.23701
0.617646	-6.60125
1.22988	-8.21347
-0.089931	-7.86411
2.48561	-6.61257
2.93352	-2.94549
2.59432	-8.3666
1.59121	-6.63123
0.0438193	-6.63158
1.84131	-6.35756
2.85633	-6.84263
-0.170251	-7.79953
0.398888	-7.55417
0.22729	-8.26927
1.97844	-7.46149
2.95928	-4.97981
2.53834	-7.44829
3.7183	-8.73338
1.98093	-7.24942
2.21047	-5.8848
1.79616	-5.61464
2.81375	-8.92307
4.64952	-8.17276
2.13426	-6.44403
1.55566	-7.7063
3.20999	-5.65176
2.25434	-6.88522
1.69416	-7.64007
1.77682	-5.89194
1.31812	-8.66735
0.620391	-6.35525
0.172396	-5.9149
8.669	-3.87428
2.03321	-8.10011
2.31208	-7.47404
3.59852	-6.38365
1.74358	-6.57588
2.44706	-5.93146
1.07601	-8.43408
1.64183	-6.3049
2.74645	-8.25743
1.67186	-7.39985
2.95433	-7.91016
3.39842	-7.79586
1.48912	-6.7249
2.32175	-4.1259
1.38789	-8.28407
1.47619	-6.25769
4.85181	-7.5174
2.36134	-5.67836
1.56434	-6.02086
0.514017	-8.77199
0.893474	-6.3181
2.09996	-8.60552
3.85413	-7.8926
3.3043	-6.58716
1.70255	-7.82608
0.733861	-5.98295
2.71043	-6.83893
0.971066	-8.05264
0.964544	-5.22017
2.95662	-7.08252
0.220926	-8.34414
0.403582	-6.78359
3.08033	-6.30406
2.78783	-7.89578
0.647567	-8.87401
0.842986	-7.68301
2.03086	-8.63554
0.71023	-7.51512
2.87943	-8.84951
1.05765	-8.6125
2.98144	-6.82078
1.98475	-6.63282
0.873682	-5.79705
3.86269	-6.59672
2.59629	-7.40556
2.04757	-6.33419
0.407961	-6.34845
-0.156766	-8.60389
2.77239	-7.15629
1.20292	-5.48371
1.50307	-7.27584
0.536734	-8.14134
1.54355	-5.03811
1.28034	-7.33202
2.02579	-6.34946
2.22437	-5.83267
2.37287	-8.7049
3.13774	-6.26122
2.5204	-6.9453
1.57896	-6.97995
0.967318	-4.90033
2.79331	-7.09142
1.49346	-6.81377
2.21865	-6.30502
3.24279	-8.44262
1.38061	-6.40358
1.78283	-5.8265
1.55181	-6.58966
0.259085	-5.62827
3.71887	-6.88863
4.61209	-6.43845
2.39302	-8.18647
2.75492	-6.50216
2.17294	-6.83212
4.92886	-7.02718
0.40287	-6.01985
2.38118	-8.31338
4.20005	-6.91126
1.03847	-6.62626
1.1483	-8.86148
3.18383	-6.8426
1.70852	-5.9369
-0.0443228	-5.26806
0.141015	-8.91289
2.52622	-5.85014
0.112789	-5.76436
2.58023	-6.06005
1.73121	-8.57973
0.743319	-5.82307
1.58447	-6.74579
-0.0932925	-7.45939
3.7932	-6.42773
0.733846	-7.2238
2.55986	-8.55279
-0.112873	-6.29277
2.8159	-8.18299
3.72229	-6.48618
4.06967	-6.72707
0.970998	-6.52195
2.13459	-8.10326
0.765153	-7.02354
1.07092	-8.1508
1.75905	-6.24382
2.04571	-7.53437
2.57519	-7.6858
2.34087	-6.7757
2.08028	-8.88416
2.92194	-8.27666
2.38402	-6.35064
1.2637	-6.35362
0.658518	-7.44785
2.50382	-7.36033
1.21156	-7.67146
2.1071	-6.60279
3.09368	-9.14257
4.45563	-6.21281
1.26832	-6.39923
2.23014	-4.84172
1.80108	-4.04304
1.11828	-4.93389
1.83004	-7.30262
2.16592	-8.03451
2.9734	-7.59424
1.52742	-8.54803
0.752725	-7.01878
0.23156	-6.29558
2.45004	-4.96832
2.92509	-6.39666
0.466751	-6.15183
0.0294665	-8.2502
2.36784	-8.26133
3.95363	-7.96114
1.8903	-4.93257
1.89392	-7.39238
2.52831	-7.82669
2.35951	-7.31128
0.897931	-7.14729
0.684856	-6.55542
2.30484	-7.34842
1.22687	-6.17005
3.17377	-7.97497
1.3674	-6.52132
1.48056	-7.86945
2.18315	-6.28473
1.80117	-8.42743
-0.0822505	-8.26679
0.794247	-5.75773
2.86155	-6.53551
1.02886	-6.78133
2.13866	-8.93212
1.13996	-7.62516
2.86563	-5.36464
1.58295	-6.08586
3.39979	-7.44455
2.55624	-7.95606
3.36346	-7.83624
0.883086	-7.20997
2.85626	-8.2552
1.31834	-7.22337
1.66374	-7.24344
0.56852	-7.34065
0.0519439	-6.97664
2.39621	-7.69825
2.3578	-6.48207
2.58251	-6.63737
0.521235	-8.30837
2.25579	-6.46145
1.97898	-7.86337
3.8814	-8.59119
1.7066	-8.086
2.55305	-8.73623
2.02302	-7.51656
0.831585	-7.88918
2.90115	-6.33671
3.84504	-8.96446
1.62367	-6.87277
3.80652	-10.3638
1.37228	-6.70592
1.77076	-7.05238
3.12657	-7.98584
3.11749	-8.41126
0.658476	-7.56168
2.28656	-6.70829
0.3345	-6.11923
0.520084	-5.61919
2.17764	-6.40649
5.99929	-9.26125
2.78767	-6.80219
2.97292	-7.79023
4.27384	-6.25662
0.744736	-6.99679
2.80031	-5.89118
0.308983	-8.02593
0.721868	-7.9873
4.33796	-7.76577
2.81417	-6.52117
1.1856	-5.79274
2.80368	-6.47881
2.28058	-7.71702
2.66679	-6.74862
3.62708	-8.34236
2.58334	-7.66146
3.07449	-6.42945
2.0214	-7.55554
1.40996	-7.97595
2.14085	-6.90515
2.1488	-7.83771
0.701551	-7.32748
0.814313	-8.01367
1.99362	-6.87335
2.70854	-7.01833
2.80506	-6.52675
1.22058	-7.46736
2.44734	-7.84858
3.64332	-6.51733
2.36998	-6.75133
1.28379	-8.04021
1.87233	-7.38453
2.34601	-6.91806
1.61105	-5.63041
1.38813	-8.8288
2.49898	-6.80838
4.27592	-5.12147
1.60579	-8.63271
1.42923	-7.17783
0.795908	-7.45805
2.86368	-5.86388
0.631399	-6.45028
1.682	-7.81081
1.63933	-8.31117
1.74898	-8.73298
3.37	-8.87499
2.54278	-4.89566
9.62894	-10.4744
2.22125	-6.09693
2.993	-5.70162
3.0255	-8.23036
0.921015	-6.44647
2.25307	-7.00289
0.537154	-6.66819
3.26196	-5.45936
3.09821	-6.63218
1.92692	-5.02034
1.24279	-5.70479
2.22648	-7.31907
3.29629	-11.2816
3.20509	-7.10183
2.93258	-6.69081
0.910178	-8.36351
1.28864	-5.4393
3.36035	-6.1055
2.99973	-5.44743
2.48201	-6.71376
0.794843	-6.21971
0.482001	-7.97952
3.08323	-7.85748
0.875331	-7.30583
2.60563	-6.28533
2.52954	-6.89745
0.89949	-8.22299
1.34457	-6.77794
1.91673	-7.24076
1.01303	-7.70266
2.78117	-6.95003
3.73942	-5.98256
1.00197	-4.93996
2.55052	-6.68228
2.35922	-8.554
0.799254	-7.18689
-0.135084	-6.2233
0.97901	-7.20903
1.03011	-8.86988
1.68423	-5.42685
1.13861	-7.33229
0.693244	-6.40308
1.93239	-6.78249
3.87152	-7.35533
1.58631	-6.5453
0.875557	-5.61303
0.4244	-6.03302
3.67597	-7.65794
2.36333	-5.79359
0.762587	-8.05915
3.15767	-5.30864
2.53116	-1.87938
0.706642	-7.19166
2.00996	-7.10662
1.23146	-6.45405
3.1903	-8.98784
0.947665	-6.26882
1.11513	-8.90337
3.48538	-8.60882
2.37363	-6.29099
3.03937	-8.77401
3.52011	-6.37517
2.73888	-7.97803
2.66171	-7.45564
3.2975	-10.5124
4.87333	-5.65919
0.958747	-7.68391
0.470955	-4.25913
2.22411	-6.42467
3.52535	-7.35937
2.2668	-7.37771
1.36128	-7.14777
2.60144	-6.85689
2.50933	-7.04129
3.05506	-5.69515
2.07637	-5.37242
2.69344	-6.64223
2.07756	-7.71199
3.15234	-6.19728
0.286732	-7.87202
2.08174	-6.44673
2.61415	-6.86959
1.41881	-6.32151
1.0342	-7.33133
0.861909	-7.27524
1.82676	-7.82296
1.33198	-8.52617
4.12025	-7.96363
1.8449	-6.5979
2.43228	-7.0141
3.04552	-8.02379
2.44169	-5.26492
2.35344	-7.20207
2.58477	-5.50392
1.78611	-7.09915
3.78747	-10.1314
2.3885	-7.48623
2.14985	-7.53924
3.41087	-6.78504
1.92584	-7.05216
0.87276	-6.789
1.88425	-7.5643
0.699637	-8.68403
1.47876	-6.00621
2.19128	-4.74011
2.76211	-5.53707
2.59295	-7.74629
0.656174	-7.638
1.28303	-8.81009
1.23348	-6.91596
1.29737	-7.57543
1.32361	-5.6762
12.8731	-7.78006
4.39877	-6.81985
1.47837	-7.3766
1.67793	-6.71967
1.26485	-6.24372
4.00833	-7.08945
1.55958	-6.35823
1.51908	-7.40228
7.26983	-10.4954
1.44354	-8.80849
3.48767	-8.62151
4.20649	-8.19498
2.06351	-6.78821
2.67536	-5.51705
1.79883	-6.52892
2.5022	-6.69214
0.0534215	-8.44644
4.02677	-7.15176
2.20469	-5.91417
0.358641	-8.21955
4.08263	-7.77217
1.6914	-5.05753
4.86497	-9.35974
1.295	-5.24614
0.757986	-8.89094
0.718038	-8.10122
2.51647	-7.10279
2.67382	-7.70069
2.96882	-6.2673
2.03212	-6.20916
1.93446	-5.16931
2.23983	-6.36343
3.24093	-5.34688
0.816042	-5.75451
0.112699	-6.85673
1.62394	-7.9947
1.15296	-7.26324
1.63892	-8.43931
1.48221	-8.68894
3.88876	-7.40442
2.43702	-7.06695
0.831609	-8.44854
0.400416	-7.17967
2.95515	-4.85819
0.804127	-5.58223
2.63464	-6.59424
0.864256	-5.19902
2.68668	-7.80972
4.16199	-6.55809
2.57516	-9.01599
0.582555	-5.9262
2.68511	-6.18832
4.68128	-8.52564
1.80481	-5.73773
1.28935	-6.91017
1.37454	-8.7225
-0.00796779	-8.62704
2.08386	-6.87503
4.34905	3.7808
2.06974	-8.70167
1.25768	-8.39319
2.17008	-6.34919
0.595825	-6.72156
1.85625	-5.29784
0.642713	-8.10208
2.66912	-8.55475
2.40758	-7.34157
1.04948	-8.56977
2.37699	-6.89812
2.75222	-8.23584
2.54871	-5.53459
0.577395	0.0386237
2.86524	-5.02519
2.83226	-6.95291
3.41601	-8.69097
1.4898	-7.14002
2.92113	-6.26116
2.30036	-5.94013
2.68101	-7.27135
0.186769	-7.87125
0.758745	-7.56529
1.85225	-5.98435
2.34526	-5.20142
1.99204	-5.85503
0.140707	-7.74825
4.17607	-7.70913
1.30373	-7.36298
1.29542	-8.42389
1.73838	-6.43248
2.57308	-6.62589
1.55431	-6.4118
2.39566	-8.40674
0.832225	-6.91697
1.00043	-5.53642
2.40672	-6.2967
3.15706	-8.45222
1.42213	-6.83248
1.98394	-7.42326
1.48256	-7.54147
0.419343	-7.70915
1.63664	-6.24964
1.74622	-7.48527
0.662554	-7.91548
0.20534	-7.71342
0.758616	-7.95857
0.891809	-5.8981
2.27868	-4.63715
1.68341	-7.53259
0.925703	-5.97892
0.331142	-5.77451
3.24158	-5.71922
1.90511	-7.04305
0.866655	-7.39429
0.989305	-0.0398887
1.26426	-6.14142
1.65807	-7.69244
1.5139	-6.12333
2.53279	-7.79531
3.69111	-8.49834
2.69546	-7.26066
2.11709	-6.86562
2.60478	-8.03134
1.09964	-4.57794
2.48807	-6.87541
1.10384	-5.85288
3.31402	-8.8505
0.460546	-5.53217
1.50868	-8.35842
1.98969	-7.01311
1.69767	-8.01619
3.44671	-7.54088
1.4372	-7.62766
0.606094	-7.57221
1.6524	-5.23058
2.31691	-8.33078
3.13267	-6.09016
3.40233	-5.39318
1.65847	-6.98494
1.78189	-4.36289
2.75133	-7.76155
1.36096	-5.73213
7.32763	2.67887
0.162559	-5.93639
0.0270403	-5.55258
2.01521	-7.22825
1.10727	-4.92679
1.0754	-8.82149
1.62833	-5.95369
1.22295	-6.38066
2.54425	-6.26368
2.36656	-8.58145
2.41198	-8.39555
2.33153	-7.13288
3.10435	-5.97694
0.605219	-8.89755
1.74313	-8.54117
1.82445	-7.00586
0.951521	-8.7879
0.684121	-8.41551
2.25806	-8.35624
2.34366	-8.55546
0.74326	-8.16742
2.82694	-5.04549
1.50262	-6.93891
2.29985	-5.93521
1.20172	-6.62858
0.108416	-8.69168
2.64815	-7.65619
2.7009	-7.10483
2.71801	-7.8807
1.68034	-6.53412
2.15199	-8.47074
2.45927	-6.25796
0.594913	-5.30986
5.62437	-8.82119
3.75009	-5.86022
1.68052	-5.82266
1.33207	-6.36264
1.62331	-7.56251
2.65268	-7.25163
1.95993	-6.43369
2.44488	-4.41625
1.34796	-6.18555
2.27953	-7.31357
2.23021	-7.84002
1.61138	-7.37094
2.29624	-5.40704
3.6566	-5.88875
0.790027	-5.57116
1.44789	-7.76521
1.75795	-6.23621
0.941861	-4.73862
4.0702	-6.27117
0.806219	-7.24204
2.36111	-8.23229
1.47781	-6.28196
1.57855	-7.60997
0.988365	-7.32577
1.08951	-7.37153
2.92756	-5.69628
4.53315	-7.89528
1.01602	-5.38923
0.783143	-6.9276
3.53865	-8.67954
0.893532	-5.9774
1.6339	-5.08941
1.28913	-7.02975
0.441109	-6.61207
1.70277	-6.46184
0.0335377	-6.66581
1.61251	-5.99813
4.0665	-9.01544
0.720357	-8.78301
0.825624	-8.19783
2.87543	-7.78686
2.71135	-6.39497
1.41844	-6.97137
4.07229	-5.68128
3.08896	-7.9681
1.02065	-6.05957
1.00919	-8.0423
2.14292	-6.13614
2.68806	-6.88023
3.24006	-7.66595
0.591695	-6.20681
2.89611	-6.09319
3.69234	-9.03865
1.76206	-6.74005
1.98645	-8.47575
3.61892	-6.62848
0.840801	-9.00529
0.972321	-7.83924
1.15333	-6.18112
2.32716	-7.35793
2.23073	-6.86503
2.62036	-8.63298
0.1767	-5.67663
1.04387	-5.20293
0.575641	-7.10527
1.80993	-7.19534
2.89631	-6.4101
3.72436	-7.04794
0.45477	-6.18886
0.634936	-8.05527
2.59324	-6.13527
2.6175	-6.42068
0.864281	-7.50564
0.849375	-6.55957
2.96178	-7.39504
2.14251	-6.69808
4.09557	-9.15784
-0.0654965	-7.7827
0.801401	-8.59532
2.55036	-5.1832
0.306177	-6.73622
3.5248	-7.8242
3.22124	-8.86672
0.457238	-6.52705
1.73014	-6.60524
2.4669	-8.18055
0.811337	-4.74191
1.0709	-6.08888
0.595256	-5.27443
1.82859	-8.88175
2.36399	-7.05437
-0.0169783	-7.99892
0.38987	-6.4076
2.99023	-6.97314
0.392505	-6.01036
2.70367	-6.61844
2.29161	-8.95428
2.136	-8.16177
2.4935	-7.09463
1.7237	-6.64396
1.78712	-8.24361
0.832136	-6.48128
2.43464	-7.31116
2.66992	-6.14242
1.6112	-7.69638
1.37644	-8.90102
3.13294	-7.5935
3.65736	-7.81435
1.3222	-8.40914
2.80421	-7.01338
2.74063	-6.90835
2.7268	-8.26344
1.01838	-6.16414
2.17972	-7.67672
1.22647	-6.81572
1.84413	-6.05493
4.38427	-8.36955
2.55759	-7.54533
0.720506	-8.41912
0.944571	-8.26672
0.983524	-8.53374
2.42818	-6.70031
2.36447	-5.77269
2.04136	-5.72341
1.33464	-7.53187
3.68754	-7.25974
2.83349	-7.08841
2.42501	-6.21925
1.67961	-4.55425
1.07382	-8.9845
1.53653	-7.47648
2.29529	-6.07376
4.58591	-5.83674
2.85209	-6.58097
1.09279	-8.08758
0.992115	-6.75877
-0.124173	-6.97577
1.93007	-5.86939
1.79417	-9.05712
2.14352	-5.45983
3.69722	-6.36695
0.546819	-7.34889
2.28783	-5.38881
2.59182	-6.24491
2.6093	-7.74427
2.20573	-6.07863
0.455691	-6.66354
1.13136	-7.62123
2.86166	-6.3205
0.763103	-6.60221
0.285875	-6.2799
3.04091	-6.33405
1.81786	-5.66437
2.03401	-5.55535
5.22224	-7.34227
1.80896	-8.12145
0.653772	-8.58086
3.4259	-5.25332
3.07773	-8.77153
2.51634	-5.4119
2.15117	-7.7669
1.67127	-6.57101
-0.0684502	-7.68795
2.62366	-6.68227
2.38498	-6.15143
1.41618	-7.64078
2.88081	-7.53452
1.44506	-6.01567
2.69337	-7.37713
1.08767	-5.25098
3.90753	-8.36293
2.14675	-6.9461
1.11867	-7.81134
2.3178	-5.35508
0.978063	-6.95466
2.21432	-8.11798
1.1776	-8.32794
1.35425	-7.70212
0.365206	-7.25293
3.32181	-7.8191
1.64138	-8.45122
1.5548	-4.06117
0.943265	-6.34573
-0.0518715	-8.02746
2.59678	-6.36407
1.89273	-7.18402
3.17995	-5.45337
3.89959	-5.45924
2.11986	-6.15213
0.747913	-6.34253
2.04816	-5.03981
2.95094	-8.25179
0.457371	-8.55501
3.51909	-8.4992
1.71072	-8.53783
1.92895	-5.76612
1.9954	-6.19075
2.68404	-6.45131
0.751007	-5.39454
1.22752	-8.84585
1.90259	-5.52208
3.14666	-7.08357
2.13524	-7.6806
2.75654	-6.22983
2.62321	-8.38185
1.16726	-6.69458
3.26099	-6.53869
1.68413	-6.60613
2.16187	-7.34361
3.17725	-7.88176
1.59516	-8.81522
2.51819	-7.1174
0.653755	-5.46264
1.8005	-7.64229
2.93362	-7.35006
1.2946	-7.69079
1.73297	-6.18404
2.45335	-6.01816
1.20262	-6.78299
0.66314	-6.44704
0.756913	-4.91862
1.64027	-6.60106
-0.031692	-5.75401
2.52357	-8.9057
2.5976	-7.56477
2.56491	-5.89246
2.24682	-6.50067
1.29961	-7.2913
2.74207	-7.32557
2.3646	-7.46435
0.648343	-6.86678
2.08423	-7.21015
2.35167	-7.87825
3.8386	-8.78088
0.77727	-7.11502
2.522	-7.20758
0.536956	-7.07501
1.27899	-6.3302
3.5895	-6.61168
1.53405	-7.59023
0.764195	-8.79535
1.57092	-8.63209
0.403012	-7.5813
0.680787	-4.43386
0.55604	-7.08259
0.475686	-8.90628
0.347191	-6.2347
3.08065	-7.69192
0.458026	-8.31729
2.15721	-7.86525
2.17923	-7.39782
3.26863	-7.75863
3.93585	-5.91475
1.1559	-7.05145
0.2097	-8.67096
0.428317	-6.33512
0.953976	-6.31389
0.396896	-7.77008
3.36565	-8.61271
2.92442	-6.14785
2.38509	-7.41132
3.61919	-8.11753
0.652233	-6.14247
3.51418	-5.8518
1.70923	-4.712
2.31649	-6.26007
1.83563	-8.08471
2.89625	-8.46368
2.58062	-7.30646
1.48908	-8.26472
1.45472	-6.57424
0.0301528	-5.04401
0.764581	-6.12133
3.13586	-7.68264
3.50353	-7.39336
1.10232	-7.2263
1.71736	-6.09221
0.395596	-6.97528
4.02865	-8.19706
0.182064	-6.32597
0.533576	-8.79121
2.36669	-7.66859
0.978311	-7.50836
3.38513	-7.2484
2.25918	-6.04684
0.322671	-7.38048
0.578894	-6.89652
1.6563	-8.09159
1.73856	-7.62077
1.03589	-5.38575
0.0682969	-6.07368
6.27734	-3.56359
2.84018	-7.99079
2.34892	-6.24796
1.83245	-5.6848
0.157752	-6.95024
0.890841	-6.3104
1.11739	-6.53046
0.303209	-9.05525
2.49855	-8.0635
1.79975	-8.41055
2.81535	-7.07775
4.64442	-7.33931
1.76526	-7.09987
-0.0625424	-6.31481
3.71401	-5.73866
3.40773	-6.5499
2.79847	-8.91469
2.8185	-5.79349
2.86425	-7.0356
3.24445	-7.11038
3.22796	-8.04998
2.74537	-8.45506
2.09913	-8.28732
0.455666	-5.05555
1.5907	-6.44839
3.97211	-4.91364
1.16555	-6.11102
1.73656	-8.2796
2.22056	-6.53186
0.522716	-5.94203
1.94977	-6.26657
4.51508	-5.34611
1.73642	-6.3416
2.2537	-5.85421
1.69998	-7.84647
1.70042	-7.13179
3.42375	-5.59927
3.86903	-0.253406
1.446	-8.38668
2.83767	-7.03005
1.2805	-8.15046
2.43517	-7.96164
2.71972	-6.95245
0.799055	-8.35479
3.12918	-8.85619
1.98785	-6.32198
0.384369	-8.88647
0.966003	-8.10516
1.67974	-8.01637
0.331216	-5.68133
2.8187	-8.84816
0.00860801	-7.94126
3.76045	-7.0059
2.82096	-6.52381
2.09722	-5.41182
0.849732	-7.99035
1.64151	-8.30983
1.4393	-7.01774
2.48382	-6.12687
2.04046	-5.33222
2.17522	-6.82711
3.36495	-6.67674
0.77219	-5.29904
2.4558	-6.25975
1.73165	-7.27627
0.84061	-7.1831
0.743784	-6.81816
4.19415	-6.53819
0.868924	-7.44448
8.18531	-9.16526
2.16291	-7.65941
2.75966	-6.70712
0.308885	-6.54
0.419496	-7.67837
6.44246	-13.7946
12.2191	-5.21119
0.599128	-7.6899
2.32117	-6.81954
2.68937	-6.26156
0.860062	-7.83127
0.540196	1.49708
1.57863	-6.93858
1.37082	-6.13474
2.07256	-7.34562
2.95036	-8.09592
2.67206	-6.27109
1.62973	-7.36436
4.94716	-6.18477
1.65986	-8.48793
2.0001	-8.54715
1.58865	-6.99187
0.913243	-5.50362
3.03631	-6.89071
2.83576	-7.94046
1.05872	-5.45605
3.29223	-8.93264
1.746	-6.62007
0.262011	-6.92314
2.00405	-6.20458
1.30245	-7.79872
0.856636	-7.25877
3.83943	-5.79325
3.05375	-8.3862
1.47651	-6.4316
1.6564	-6.19224
2.0694	-6.41314
3.58719	-2.66113
1.91408	-6.50499
3.46882	-7.00198
2.46431	-7.778
-0.060345	-5.65746
1.36012	-4.92591
0.402161	-8.03567
1.2837	-7.89908
3.77073	-7.83388
2.21346	-8.59565
0.628218	-6.48519
3.13312	-7.56691
0.284096	-8.41476
1.63132	-6.43451
0.31135	-6.09332
3.14581	-7.51135
1.03375	-6.18641
1.94343	-6.36587
2.79524	-7.38056
0.876129	-6.63642
3.48684	-7.85911
1.46626	-7.56681
1.75668	-7.33772
1.35844	-4.72442
1.17302	-7.34336
0.191429	-9.04328
2.52998	-6.18183
2.60811	-7.40306
-0.103158	-6.53288
1.90763	-6.38891
2.09817	-5.07426
0.407495	-8.82097
0.311833	-8.25446
3.88271	-7.40242
3.34043	-8.39774
3.92024	-6.92249
0.624795	-5.56634
1.34063	-7.99912
3.3984	-7.76751
1.68065	-6.70776
0.241296	-8.85509
2.29761	-7.29771
2.98125	-7.3571
0.767743	-7.11362
0.288659	-7.87608
1.77161	-7.99725
3.38264	-6.18329
1.26712	-8.15804
2.13177	-8.31463
2.51883	-8.01672
1.28113	-8.34687
3.24305	-9.54668
0.493761	-8.01307
0.500514	-8.305
0.827911	-6.83913
1.49804	-5.56262
1.60851	-6.87831
0.815011	-7.25171
2.07815	-6.65126
3.03264	-8.69695
1.76101	-6.09975
1.58649	-7.83832
1.73117	-7.67895
1.6325	-8.07709
3.05363	-8.18487
2.31105	-8.11897
2.67976	-8.21082
0.068872	-5.88301
3.23396	-7.35543
1.17886	-8.03912
3.03381	-6.11417
2.14712	-7.37931
0.517657	-7.5365
2.51974	-8.35303
1.54238	-4.40586
2.67037	-6.8669
0.917992	-7.86988
0.611009	-6.85966
2.24133	-8.11983
2.00973	-5.95861
2.37669	-6.21562
2.91733	-6.72998
0.644101	-8.46937
3.14759	-7.10636
0.160942	-6.83549
1.20081	-8.20735
1.03456	-9.02045
2.96647	-6.22246
0.312713	-7.00841
1.72865	-6.51064
1.48918	-7.56884
0.254856	-6.66575
1.95249	-9.1075
3.60857	-7.58359
1.40719	-7.52466
2.33175	-6.71477
0.653841	-6.66008
3.51078	-6.73048
0.575941	-7.94187
0.903087	-6.53545
0.507956	-8.2031
2.0618	-8.41929
2.30663	-7.80639
1.23486	-5.87272
0.270753	-8.97303
0.838074	-6.96036
2.05601	-5.30777
2.26065	-7.99058
3.25446	-8.4913
2.05666	-7.90981
1.74871	-9.00315
2.76784	-7.83019
4.58068	-5.64112
0.919195	-6.22368
2.56445	-8.31483
3.71893	-8.20588
0.860124	-6.75695
1.37651	-8.76022
3.29693	-9.18099
