-1.20699	-0.0410656
-0.192364	-2.80303
-0.924578	-2.1009
-1.49788	-0.741275
-0.0667935	-1.28942
0.285589	-1.40365
-0.208827	1.02971
-0.728149	0.274424
-1.81852	-0.289125
-0.768664	-1.64352
-0.731742	-2.58308
-1.03166	0.5071
1.7471	-0.41673
-2.44306	-0.490582
-2.81989	1.02163
-2.73873	-1.53486
0.243061	-2.83793
0.123576	-2.16521
-1.12525	0.682809
-1.15188	-3.18562
-2.48988	-1.6531
-1.07846	-2.36969
-0.485766	-1.68212
-2.26909	-1.82592
-2.58243	-2.25341
-2.13568	-2.33824
-1.25311	0.550469
-2.13245	-0.808859
-1.35626	-1.81826
0.252993	1.42323
-1.87835	-1.95219
-2.20581	2.13009
-1.57163	-0.669175
0.121097	-2.25437
-0.374221	-2.78714
-1.29385	-2.08515
-0.230961	-1.97352
-2.07476	-0.880732
-2.16648	-0.404599
0.117158	0.486861
-2.65804	-0.918986
-1.87848	-2.14483
-1.6435	-2.44892
-0.890427	-2.02128
-1.74097	-0.486402
-2.92258	-0.250538
-0.0750387	-0.0952986
-1.02936	-2.63398
-2.24735	-2.33574
-1.10026	-1.3002
-0.343772	-1.67768
-1.05052	1.06969
-0.872703	-2.08951
-0.348735	-0.00342009
-1.39063	-2.73924
2.88387	3.55639
-0.188453	-2.66434
-3.01462	-1.1923
-0.206801	-2.13182
-2.34984	-2.547
-1.26028	-2.90033
-1.60822	0.316056
-0.397377	-2.35961
-1.2808	-2.13757
-0.56786	-0.0191696
-2.32071	-0.430476
0.748418	-1.52662
-2.28299	-2.85984
-1.44365	-1.92128
-0.35244	-2.88577
-2.31986	-1.10877
0.123397	1.11641
-1.25297	-1.83711
-0.279932	-1.96556
-1.09033	-2.02916
1.93408	0.206802
-1.45224	-0.941799
-0.221872	-2.08474
-2.04252	-2.45888
-0.310582	-0.473406
-0.431386	-1.15686
-0.194775	0.100082
-0.500243	-2.37631
-1.05333	-0.396873
-2.31448	-2.78866
0.194864	-0.439876
0.820886	0.000953136
-0.0875508	0.253006
0.371083	-2.5475
1.06887	-3.0508
-0.406701	-2.9293
-1.34678	-2.98632
-1.03199	-2.81858
-0.421013	-1.98866
-1.73117	-2.25786
-0.459404	-0.703017
0.119382	-0.243041
-1.5973	1.3116
-2.00626	-2.34219
-2.28228	-1.71297
-0.543042	0.05752
0.15838	-0.56133
-0.665842	-0.0419205
-0.693129	-0.704447
-0.126505	0.129055
-1.88228	-1.28157
-2.94089	-0.388492
-1.42906	-0.473538
-1.44367	-2.2868
-0.498953	0.238784
-2.60495	-1.21327
-0.593713	5.59746
4.27932	-8.72772
-0.382009	1.46702
-0.737792	-0.662433
-0.175781	-1.61875
-2.14948	-1.09183
-1.62175	-0.874583
-0.697649	-0.914093
-1.1837	-1.95981
-1.56534	-2.17536
-1.41508	0.622283
-1.38521	0.343594
-2.56929	-0.925864
0.452656	-1.79835
-1.0141	-0.142195
0.721338	-2.61394
-1.96124	-1.56389
-0.56007	-0.966379
-0.688816	1.26702
0.941397	-1.97699
-1.07494	-1.5656
-2.66175	-1.25951
-0.147453	-2.27735
-1.22513	-2.15787
2.08555	-0.83222
-2.43517	0.316777
-0.818131	-2.82886
-0.910099	-1.71606
0.785397	0.0638768
-0.0423933	-1.05984
-0.3418	-1.05825
-1.73092	-1.57531
-0.2663	-1.47193
-1.46116	-0.825306
-1.5815	-2.87983
-1.15059	-2.53898
-1.69216	-2.47539
-1.58617	0.0290334
-1.86446	-0.016346
-0.283779	-1.95379
-2.74403	-0.284222
-2.7056	-1.75261
-0.0850367	-1.75106
-0.156874	-1.98498
-0.118417	-1.38014
-2.27335	-1.41629
-0.886852	-0.0957708
-2.80275	-1.582
-0.281432	-2.27727
1.61781	-1.31783
-1.66692	-1.81878
-1.88735	-1.70123
-1.93362	-2.81239
-2.91725	-0.793044
-2.36904	-1.52952
-1.35482	-1.56542
-2.23433	-0.287182
0.374099	0.514965
-1.5096	-2.04488
-0.864468	-0.29435
-1.76916	-0.955593
1.01513	0.402429
0.120497	0.0958782
-1.94925	-1.79769
-0.930998	-1.97178
-1.88281	0.989053
0.13429	-0.948716
-1.90405	-0.246776
-0.94262	1.19733
-1.96686	-0.808381
-1.4759	-0.277765
-0.99263	-2.20744
-2.01657	-2.85656
0.216032	0.135783
-3.00584	-0.592913
-1.74946	-1.52329
-0.61517	-1.85572
0.727549	-0.809832
-1.93228	-0.285469
-0.900953	0.266195
-1.67422	-1.96336
-1.24495	-0.108889
-0.769232	0.607971
-0.557011	-0.779556
-0.26266	-0.758814
-2.46479	-0.746541
-1.75541	-0.639396
-1.01086	-1.6921
0.15916	-2.70125
-0.742454	-1.64005
0.488754	-1.44234
-0.468672	-1.0013
-0.33732	0.00323863
0.136366	1.23263
-0.0423501	-0.987164
-0.0895243	-2.01287
7.62968	-0.612623
-2.79466	-1.69277
-1.57508	-2.35811
-2.57025	-0.472612
-1.11671	-2.26902
-0.467959	-2.67367
-1.96633	-1.06083
-2.15141	-3.00398
0.931746	-0.792064
-0.584018	-0.563856
-0.325051	-0.808921
-2.70931	-0.526588
-1.00715	0.572616
-2.15715	-1.09053
-2.36678	-2.04248
-1.49039	-0.893415
-0.0887268	-2.91863
-2.0449	-1.52806
-1.21925	-3.04195
-0.471019	-0.0734158
-2.04115	-2.33833
-2.53711	-2.32728
-1.12014	-1.21637
0.937444	0.655425
-2.54913	-2.19912
-0.519168	1.70439
0.642461	-2.54512
-0.259151	-1.62892
-1.81819	-1.76794
-1.77769	2.07465
-1.37453	-0.796634
0.686438	-2.53423
-1.20735	-1.76883
-0.0235901	-1.1166
-1.18915	-0.588721
-0.920472	-0.0929115
0.938571	-0.186384
-2.46021	-1.47008
-1.24711	-1.3085
-0.466857	-2.16511
-1.86898	-1.27443
-0.704297	-1.01137
-0.510764	-2.07014
-3.15698	-2.96378
-1.48762	-1.43285
-1.24681	-0.829425
0.358796	-2.41059
-2.51876	-2.08921
-2.30007	0.0798103
-2.77169	-0.348474
-1.79127	-0.66275
-0.948468	0.282047
-0.851026	-1.41427
-1.95513	0.390238
-0.513462	-1.29805
-1.70374	-2.11282
0.963042	-2.24749
3.06275	-9.4417
-1.63301	0.704311
-2.709	-1.94942
-1.91107	-1.55217
0.114455	-2.88954
-0.914575	0.32983
-0.298664	-2.61181
-0.584651	-2.55135
-2.04826	-2.39107
-1.06462	-1.971
-0.685669	0.438908
-0.9394	-1.61113
-0.464652	-2.76417
-0.0350129	0.446078
-1.45768	-0.487107
-2.13848	-2.5892
0.725621	-2.66434
-1.0622	-0.655755
-2.30875	-1.42719
-0.46276	-0.108806
-2.85994	-2.02893
-1.21805	-2.56159
-2.46959	-1.71496
-0.952787	1.49715
-1.94777	0.517709
-1.68824	-2.11378
-2.21444	-0.904413
-0.0430998	-0.397079
0.823993	-1.15225
-2.12479	-0.106104
-2.24889	-2.37362
-0.719219	-1.52311
-2.26961	-0.903224
-1.4822	-0.360108
0.00048002	-0.636874
0.630965	-0.651439
-0.66787	-1.54726
-0.0165928	0.0552068
-0.881566	-0.999177
-1.35833	-1.38007
-0.0392839	-0.706737
-1.19397	-0.792182
-2.36461	-1.29971
-2.78203	-0.652852
-0.290666	-2.0902
0.545213	-0.740283
-2.94203	-1.67249
-0.985803	-2.10114
-0.510771	1.14903
-2.74289	-2.51739
-0.595524	0.902726
-0.738921	-0.614875
-1.37035	-0.729657
-0.29538	-0.0871988
-1.61058	-2.74634
-2.17658	-2.48616
-0.601743	-1.91792
0.487718	-2.62646
0.488655	-1.83873
0.20464	-1.73131
-1.32381	0.235936
0.446039	-3.46704
-2.02951	-1.01921
-0.130608	-1.27515
-0.185818	-2.45755
-1.98157	-1.52573
0.207914	-1.2636
-1.48599	-0.30025
0.01066	-1.40506
-0.0977539	0.416044
-2.64229	-1.88212
1.84505	-2.77884
-2.37692	-0.539863
-1.66231	1.42949
-2.95453	-0.823957
-2.03795	0.0323461
0.589488	-2.21218
-1.03096	-2.89832
-0.841144	-1.73768
1.41893	-2.4016
-2.65702	0.587617
-1.97856	-0.638157
-1.98788	-1.29548
-1.95752	0.13094
-2.53084	0.376071
-0.938639	-1.31962
-1.01563	-1.2207
-0.848648	-1.9536
-0.481569	-0.763613
-0.700423	1.52578
-1.5344	-2.63278
-0.750043	-2.64744
-2.01224	-2.0476
-0.900586	-0.694445
1.10192	1.64456
-0.932809	-1.53404
-0.257143	-2.70161
0.120354	-2.00475
0.480704	-0.250016
-0.862548	-1.30135
-1.10732	-1.91213
-1.13511	-0.111215
-0.156574	-0.176392
-1.581	-0.906873
-0.750748	-0.572374
-1.0327	-2.79861
-2.94018	-1.49219
-0.0763954	-0.442452
-1.11976	-2.3655
-1.34015	-0.199588
-0.477543	-0.909189
-2.38358	0.535027
0.0311984	-1.26218
-1.07051	-0.418681
-1.86678	-1.28989
-2.27039	-0.657836
0.35031	-2.67441
-1.07233	-2.69772
-0.296304	-0.588472
0.337631	-1.93236
-0.275909	-1.12826
-2.64039	-0.583103
-0.354741	-1.62037
-1.25407	0.117236
-0.0428584	-0.400935
-1.72057	-0.0101247
-0.0425165	-0.595058
-2.51211	-1.77241
-0.421334	-0.676376
0.0307321	0.302933
-1.19601	-0.311733
0.806018	-0.387482
-2.56615	-0.232771
-0.483003	-1.47269
0.854039	-1.32416
0.175084	1.04928
0.357436	-0.337073
-1.77291	-2.59156
-2.75941	-0.320159
-1.32127	0.510179
-0.903581	-0.122351
-1.79283	-2.3369
-1.55299	0.648097
-2.3976	-0.779499
-0.121857	-1.76381
-0.780795	-0.395649
-1.21839	-0.0487949
-2.1346	0.650332
-0.886462	-0.15512
-0.352464	-0.854442
-1.27674	-1.39685
-1.37767	-1.56989
-3.01281	-0.998791
-2.03979	-1.89374
-1.16823	-2.01642
-1.27781	-1.80047
-1.20334	-0.0503447
-0.282555	-1.20828
-1.06451	-0.761961
-0.398508	0.00337186
-0.768401	-0.518021
-1.93456	-0.122472
-2.45312	-0.573457
-0.164724	-0.66279
-0.310531	-2.56646
1.11903	0.751452
0.0218948	-2.53366
-0.360234	0.30369
-2.12511	0.0136385
-0.405814	-2.0347
-0.69412	-2.16
-2.18495	-1.57546
6.50703	-2.4631
-2.6879	-1.38533
-2.15674	-1.65016
-0.853144	-0.432904
-0.300482	-1.26807
1.34909	-2.52123
-1.62437	-2.25463
-0.723571	-1.27239
-1.62645	1.74924
-1.95463	0.64278
-0.708397	-0.300043
-0.873658	-2.76467
-1.22327	-0.587562
0.0496362	-0.408944
0.702347	-2.02392
-0.0903859	-1.08905
0.77212	-0.864304
-1.49731	-1.56505
-0.904542	-2.28238
10.3254	-8.1605
-1.01566	-0.508887
-0.346054	-1.41352
-0.798761	-2.014
-0.500614	-2.50918
-0.529541	-0.883233
-2.62041	-1.583
-0.326388	-1.73927
-0.370847	1.06513
-1.99263	-1.51159
-0.365375	-0.473211
-0.37878	-0.404945
-1.0014	-1.382
0.212665	-1.01289
0.124079	-2.69513
-1.10754	-0.788532
-0.574782	0.596254
0.272035	-0.919187
-0.510697	-1.83192
0.0682831	-1.95477
-2.93578	-1.96833
0.0868564	1.66459
1.30318	-2.67201
-0.136331	-1.02965
0.372226	0.0460629
-3.19564	-0.799026
-1.04914	-1.54019
1.91293	-4.84254
-1.02016	-0.732307
1.82408	-0.525129
-3.13354	-2.22332
-2.13247	-0.480774
1.39879	-0.664733
-0.494993	-1.1503
-0.791674	-1.94846
-2.98455	-1.11537
-0.820758	-0.255602
-0.964644	-1.06783
-2.00751	-1.20325
-2.41681	-2.40156
-2.48763	-1.34032
-0.577647	-1.59367
-2.662	-1.83625
-3.10922	-0.301247
-0.559898	-2.51287
-0.866232	-0.993611
-1.2783	-1.0345
-0.739175	-2.5741
-0.96877	0.743151
0.184348	0.568115
-1.28948	-1.5619
-1.89028	-0.192351
-2.80304	-1.34873
-1.10807	-2.23877
-1.84558	-1.13522
-0.295006	-0.229894
-0.306294	-0.656928
-0.792795	-2.02719
-2.02687	0.416636
0.19294	-2.17488
-1.41233	-0.683555
0.0588425	-0.0584448
-0.376205	-2.64306
-0.678655	-0.727798
-0.734574	-1.55115
0.146753	-0.435846
-1.05195	-2.09138
-0.378681	-0.24689
-0.0256182	-2.23777
-1.77507	-0.661823
-0.476603	-0.900938
-1.73629	0.556866
-1.59979	-0.373073
-2.17834	-0.929386
-2.69382	-1.31063
-2.86859	-1.33941
1.85808	-2.58197
-0.723815	-1.56738
-0.0193123	-3.85299
0.388248	-1.71115
-1.65416	0.858447
-1.38063	-1.30741
-1.23987	-1.24447
-0.329512	-0.71067
-1.95166	-0.255998
-1.90331	-1.87689
-1.34658	-0.856842
-2.74722	-3.20401
-1.36893	-1.60228
-0.393782	-1.65661
-0.896627	-0.853074
0.462977	1.01466
-0.719344	0.679779
-2.72194	0.292455
-0.247664	-2.31998
-2.08154	-1.886
-0.610685	0.223276
-1.71212	0.136369
-1.19154	-0.681656
-0.142899	-0.252799
-1.64692	-0.252275
0.749516	-1.45234
0.76632	0.0095978
-1.83274	-0.59479
-1.72904	-1.13739
-1.27071	-0.905856
-1.25984	-2.35135
-1.38039	1.94026
-1.20463	-0.385304
-1.41078	-0.58563
-0.736324	-1.95514
1.29698	-3.85193
1.21216	-1.33249
-0.258841	-2.73256
0.127682	-2.60569
-0.864074	-2.59331
-3.12942	-1.89734
-2.45019	0.951979
-0.425706	-2.80323
-2.36813	-2.31766
-0.443438	-1.97414
0.616862	-2.93935
-1.4463	-0.242245
-1.39013	-0.313453
-1.65748	-0.329173
-0.652975	-1.26943
-0.810214	-1.31336
1.28221	11.0559
-2.95972	-1.66576
-2.1892	1.11398
-1.61393	-0.454282
-2.00431	-2.31559
-3.2194	-1.67463
-2.02359	-1.64264
-0.319559	-1.35104
1.45231	-2.10636
-1.41809	1.02344
0.218268	-1.71723
-2.91366	-0.970445
3.54496	-13.2598
0.345311	-1.3353
-1.31993	-0.861005
-1.9272	-1.26831
-0.171977	-0.627677
-0.98762	-0.618028
0.0285851	-2.42842
3.30835	1.83573
-0.730646	-2.10297
-2.60398	-2.74375
-0.509922	-2.22784
-0.756756	0.375431
-1.32729	-2.48669
-0.0900067	1.62738
0.0646421	-0.874399
0.223538	0.78359
-1.67804	1.27823
-0.64184	-1.73324
-0.976093	-1.11691
0.823701	-1.31648
-0.933511	-2.65775
-0.386237	-1.74416
-3.06843	-2.41874
0.0256394	0.045237
-3.09015	-2.51706
-1.19383	-2.25946
5.59829	-7.86462
0.266741	-1.5157
-1.54343	-0.201579
-1.62536	-0.863092
1.58224	-2.69828
1.38279	-1.02481
-2.19739	-0.563242
-0.0497352	0.0308865
-0.545463	-1.21908
-0.123715	-1.05799
-1.16135	-2.48842
0.703878	-2.71217
-2.39102	-0.774572
-2.09153	-0.998002
-1.40284	-0.751499
-0.958201	-0.404799
-0.578537	-0.751809
-1.29758	-2.34274
-1.9	-1.6045
-2.09385	-0.976008
1.53298	-1.14495
0.819477	3.74746
0.592648	-1.62329
0.966474	-1.63259
-2.21019	-1.99889
0.197764	-0.26575
-0.286128	-0.259956
0.544463	-0.0515742
0.839143	-1.75747
-2.84377	-0.333354
-2.30361	-1.22328
-2.60583	-0.830142
-2.26617	-0.74552
-1.62365	-1.93795
-0.431108	-0.102351
-1.75985	-0.528857
-2.35573	-1.51547
-1.22686	1.3597
-2.63953	-2.32596
-0.961312	-0.936491
-2.19345	-0.737882
-1.26719	-1.97434
-2.21644	1.1879
-1.47489	-2.33654
-2.62892	-1.29435
-0.425493	-1.37398
-1.27265	-0.166429
-0.113773	-1.67179
-2.39491	-0.980646
-1.29796	-1.80813
-2.11456	-0.44944
-0.23023	0.336387
-1.91416	-0.485116
-1.63928	-0.156978
-1.80365	-0.816213
-1.97111	0.539106
-2.26164	-0.812601
0.399279	-0.91098
-1.43278	-1.87809
0.982322	-0.70126
0.121215	0.774802
-2.96607	0.816131
-1.59646	-0.961417
0.248721	-1.15536
-0.865431	-2.5521
-1.17492	-1.78614
-1.11823	0.442949
-1.13706	-2.53606
-0.920641	-0.342121
-2.05912	-1.39676
-0.322877	-2.75809
-0.963173	-0.0213278
-1.99423	-1.62652
-1.50177	-0.845388
-0.484102	-1.37872
-1.52499	-1.69011
-2.6318	-1.13856
-0.690609	-2.68489
0.0546989	-2.52774
-0.239498	-2.69864
-0.92549	0.362274
-2.27491	0.290828
-2.60472	-1.60791
-0.997427	-2.34174
-1.31331	-1.83206
-0.577951	1.31527
8.52309	3.59118
-1.53519	-2.8306
-2.60171	-1.80564
0.143926	0.806988
1.18018	-0.152624
-2.67501	-0.46655
1.87851	-3.63908
-0.193594	-1.86955
-1.06835	-1.85376
0.0190906	0.117547
-1.26198	-0.432241
-2.8648	0.330257
-1.25524	-2.28124
-2.5427	-1.08355
-0.991137	-0.436012
-1.96583	0.183263
-1.14502	-0.629888
-0.730834	-1.26637
-1.01317	-1.33891
-2.59333	-1.33752
-0.0427472	0.744843
-0.892861	-0.950446
-2.18068	-0.53645
-2.43179	-2.00294
-2.0159	-2.21266
-1.14319	0.0915442
-3.14985	-1.05566
-1.4423	-0.398037
0.44784	0.545838
-2.57459	-2.35715
0.539671	-1.23246
-1.05742	0.955464
-0.226746	-2.66413
-2.69376	0.858324
-0.834204	-2.86175
-2.68925	-1.30215
-0.825072	-2.83371
-1.07209	-0.811165
-1.18323	0.555485
-2.44474	-0.353278
-0.0769358	-1.01797
-1.18279	-1.17998
-0.120455	-2.20602
-2.90476	-0.399227
0.300084	-0.490366
-1.943	1.15976
-1.18959	-0.780685
-1.3837	-3.07517
-1.19302	-0.896772
-1.13988	-2.69455
-2.49081	1.03962
-1.43502	-1.05582
-0.958055	-1.41983
-1.45285	1.03851
-2.7217	-0.429776
-0.822628	1.11977
-2.88507	-2.60906
-1.95306	-2.55215
-0.744444	-1.44119
-1.37499	-0.339321
-2.71116	-2.57484
-2.89878	-1.55351
-0.855581	-1.95664
-1.5157	-1.20365
-0.784651	0.709507
-1.0322	-0.387489
-2.87198	-0.404103
-1.87193	-1.17685
-0.711971	-0.736513
-1.54482	0.099686
-0.738629	-2.48819
-2.58734	-0.125834
0.225593	-2.32345
-1.72626	-3.07615
-0.127411	-2.13724
-0.248554	-0.846341
-2.57622	-0.925763
-0.703269	-0.660505
-2.93679	-2.79539
-0.464792	-0.329891
-1.89677	-1.28137
-1.97682	-1.5454
-0.782982	-2.51013
-1.01337	-2.90988
0.200105	-2.16385
-2.12183	-2.45102
0.365377	-2.33962
-0.712084	-2.78472
-2.87901	-2.56214
-1.43419	-1.75924
-2.10683	-1.23787
0.496714	-0.920467
-0.417424	-0.833908
1.74399	-2.01132
-2.58763	-1.78724
-0.742698	-1.92829
-0.579135	0.416702
0.638436	-3.79952
-2.04464	0.31136
-0.667768	0.224817
-1.56515	-1.49229
0.131405	0.815908
0.164332	-0.0419209
-0.348834	0.22649
-0.0842022	-0.969934
0.0984491	-3.37028
-0.033586	-2.92054
-3.23286	-0.603269
0.449567	-2.95744
-1.74998	-1.50463
-1.59109	-0.852775
-1.91837	-1.29624
-1.79857	-0.00184389
-0.148122	-2.31729
-1.88556	-0.389693
0.680171	-2.02907
0.389672	-1.1647
-2.90649	-2.24434
-1.11264	0.0241763
-2.30181	-0.377127
-0.9867	-2.89482
0.95163	-1.83761
-0.798251	-0.901323
-2.9255	-0.683664
-1.30145	-0.367806
-0.370825	-1.98264
1.20047	-2.4378
-2.51459	-2.20799
-0.686316	-2.55754
-1.3211	-0.791248
-2.09846	-0.959213
-1.88255	-1.11702
-2.18793	-1.76287
-0.327165	-1.59388
-0.329303	-2.81081
-0.94066	-1.91538
-2.69987	-1.49775
-1.31284	1.28324
-2.77239	-0.6089
-2.1034	-0.148257
-2.32429	-1.93422
-0.661473	-1.14736
-1.52424	-2.78005
-0.0763001	-1.75184
-1.73875	-2.08777
-0.319369	-2.11021
-1.3992	-1.11403
-1.53994	-2.13552
-1.68859	-0.0666148
-0.0102022	-0.587918
0.410073	-1.13616
-1.19172	-1.2499
-0.934981	-1.11637
-2.59151	-0.21509
-2.09209	-1.23487
-0.608999	-1.652
-0.0880554	-0.774962
-2.58527	-2.93489
-2.81168	-0.489054
0.335399	0.0410771
-0.276094	-1.84974
-1.48215	-2.32101
-1.90041	-0.187519
-1.9051	-0.472183
-0.716999	-2.55881
-1.73881	0.939032
-2.44389	-1.32518
-2.03279	-0.494954
-1.06028	-2.46326
-0.432792	-0.713544
-0.060239	-1.87267
-1.82225	0.50724
-1.02449	-1.53355
-1.32502	-2.27085
-0.83283	-0.574832
0.0696769	0.637589
-1.29995	-2.55068
-1.77164	-1.10227
-0.376687	0.167213
-1.43448	-0.131966
-2.32133	-1.60335
-1.23176	-2.87595
-2.01948	-0.712908
-0.742379	-0.600271
-1.61631	-1.91066
-2.12802	-2.07858
0.0388302	0.0795698
-0.27685	-3.03513
-2.46228	-0.0520871
-1.89038	1.8888
-0.453325	-2.34094
-1.76806	-2.2035
-1.19459	1.15625
-0.726786	-1.25801
-3.08868	0.150688
-1.63433	-2.82057
-1.97036	-1.82596
-2.11818	-0.349619
-0.461836	-0.645438
-2.50908	-0.479453
-1.25621	-1.98643
-0.0483146	-0.456467
-0.717666	-2.89795
-0.561951	1.04271
-2.41241	0.375975
-1.53297	-1.49105
-1.91078	-1.22836
0.438757	-1.00147
0.119798	-2.91275
-2.64769	0.28046
0.240882	-2.21223
-2.13967	-0.624967
-1.36667	-0.517427
-1.71557	-2.77891
-1.68657	-0.992044
-1.4121	-2.48619
-2.57678	-1.35843
0.00924498	-1.87502
-1.98218	-2.31369
0.448406	-1.27402
-1.01053	-1.11342
0.373772	0.662713
-0.518483	-0.203999
-0.191024	-1.25446
-0.705587	-1.21242
-1.4747	-0.645791
-2.3128	0.702188
-1.33402	-0.723791
-0.293607	-2.36739
-1.72845	-1.49689
-0.973058	0.0196223
-1.93243	-0.893391
-1.82095	-2.03488
-2.60748	-2.90925
-0.998589	-1.99562
-0.918612	-2.66207
0.0762765	-0.683371
-2.58064	-0.918801
-0.238018	-1.92176
-1.52504	-0.339888
0.294586	0.0525886
-1.73844	-0.714642
-1.69373	-3.20793
-1.32411	-1.14713
-2.00757	-0.271013
-2.22744	-1.45698
-1.98736	-1.81959
-2.61036	-0.110066
-1.19182	2.63191
-0.635848	-1.84749
0.601347	0.0330696
-0.818144	-2.02653
-2.29093	0.165126
0.904411	-2.35699
-0.772092	-2.25113
-1.81593	-0.0385309
-1.26561	-1.3492
-2.37292	-0.659336
-0.381398	-3.18634
-1.56603	-0.992679
-2.54448	-1.49011
-2.21453	0.952092
0.485773	-0.842948
0.386503	0.00113254
-1.91411	-0.378559
-1.72752	0.510335
0.130852	-1.02392
-2.07251	-2.84614
-3.14509	-0.708969
-2.03475	-2.75308
-0.630755	-0.196329
-1.8635	-2.50348
0.0265451	-2.12084
0.801179	-3.12625
-0.21218	-0.191457
-1.66228	-1.98467
1.10782	-1.40903
-1.51515	-0.686641
-0.0348202	-1.40839
-1.51163	-0.918697
0.31252	-0.266316
0.066147	-0.0492385
-1.46172	-2.10705
-0.505233	-1.78743
-2.79816	-0.279524
-0.50582	-2.4558
-0.216043	-1.88811
-2.26832	-0.179488
-0.730675	-2.08083
-0.901658	-1.22724
-1.44795	-1.8289
-2.01818	-2.08896
-1.31618	-1.89955
-2.13925	-1.5641
-1.10458	1.75982
-0.482898	-1.26158
-2.35357	-1.05808
-1.75304	0.942791
-0.0462371	-2.45414
-0.265658	-1.7493
-2.67708	-3.00221
-2.23219	-0.378138
4.46135	-4.78307
-2.05175	1.07119
-1.84048	0.0652039
0.643153	-3.12977
-1.01753	0.0205443
-1.44123	-0.755769
-2.29983	-2.673
0.0575473	0.713932
-0.783375	-1.57473
-0.514857	-1.22621
0.264122	-2.07449
-0.0730649	-0.303852
-1.18525	-0.915759
-1.25417	-2.20401
-1.88748	-1.54939
-0.835937	-2.22838
-1.05981	0.0799619
-2.65699	-0.755952
0.30946	-3.39387
-0.754656	-2.72069
-0.849713	-2.21631
0.121737	-1.91776
-1.64009	0.268275
0.657907	0.0231018
1.76992	0.526188
-0.0952883	-0.659286
-2.43154	1.02471
-2.75215	-1.47905
-0.675672	-2.73953
-0.474624	-0.0742089
-0.877487	0.211106
-2.50726	0.94462
-0.577214	-1.39528
-2.89706	-1.38709
-1.4416	-1.09054
-2.49202	-0.204174
0.488787	-1.89922
-0.271452	0.585662
-0.413712	-1.40416
-0.9798	-2.16212
-0.89159	-1.51578
-1.07605	-0.812287
0.052919	0.0689129
-0.528176	-2.38262
-2.90207	-2.42893
-1.3592	-0.629125
0.0205151	-2.22375
-0.738086	-1.06863
-1.04199	-2.07298
-0.507783	0.815313
-0.838089	-0.456414
-1.28192	-0.71514
-0.381866	-1.84567
-0.40518	-2.88238
-2.25026	-0.460752
-0.872686	0.666344
-2.01873	-1.26661
-0.632438	-1.42096
-1.83449	-2.47349
-2.12456	-1.09615
-1.37989	-0.252425
-1.39437	0.293918
-0.00175545	0.680544
-2.67069	-0.567575
0.133251	-1.0278
-2.00005	-2.14002
0.871063	-3.04303
-0.643073	-0.954027
-0.820282	-1.41899
-2.87999	0.602987
-2.81761	-0.211112
0.171959	-0.193781
1.88445	-1.34541
-1.85318	-0.566461
-2.97907	-1.12175
-2.07668	-1.12992
-2.04222	-2.52626
-2.96287	-0.883361
-2.32946	0.339306
-1.64044	-2.71558
-1.60877	-1.70298
-0.806375	-2.55006
-2.08068	-1.20808
0.68093	-2.4236
-0.610414	-0.616923
-1.36747	-0.199617
-1.15766	-2.79305
-0.86918	-0.722739
-0.942241	-2.21055
-0.388512	-0.507186
-0.50787	-0.37819
-1.46953	-1.8269
-0.354212	-1.52815
-0.0980461	-0.724187
0.45136	0.389449
-0.23062	-1.51324
-1.16184	-0.195575
-1.62826	-3.15292
-1.34106	-1.6943
-2.75781	-1.26155
-2.39943	-1.03867
-0.200195	-1.37511
-2.93946	-1.86728
-0.536818	-0.670339
-2.59766	-0.774089
-2.41694	-0.143522
-1.01396	-0.638291
-1.4997	0.0151637
-2.0932	-1.73344
-0.916482	-1.16684
-1.18609	0.900357
-0.982572	-1.35947
0.18772	-2.11733
-2.01972	-2.42148
-0.888976	0.893266
0.614875	-2.09659
-1.475	-2.73344
-1.52058	-0.372939
0.626581	-0.354292
0.722162	-0.900241
-2.78238	-0.842642
-0.89077	-0.287506
-2.36375	-1.96393
-0.132773	-2.21887
-2.30904	0.124228
-1.45805	-1.38408
-1.12369	0.135136
0.380092	0.313534
0.0627714	-0.922963
-0.879944	-1.1556
-0.45561	-1.84622
-3.03124	-0.994959
-0.235703	-2.46369
-1.34143	0.760269
-0.738003	-2.46989
-0.391914	-0.974058
-2.37691	1.10174
-0.350792	-2.47132
-0.183287	-0.452249
-1.15119	-1.39585
-0.705891	-0.177328
-2.55702	-1.81043
-2.64312	0.48136
-2.88324	0.420812
-1.48446	1.89029
0.318751	-2.42572
-1.00401	-0.0818486
-0.0644435	0.557984
-0.851471	-1.37379
-1.33446	-1.87749
0.0609877	-2.69805
-1.21102	-1.87261
-2.33024	-1.20857
-0.0218586	-2.10158
-1.33573	-2.16044
-2.44471	-1.11584
-1.2517	-2.19247
2.92359	3.30861
-1.87617	-2.92573
0.248491	0.532909
-1.9023	-1.66158
-3.11671	0.113489
-0.564877	-1.63509
-0.987301	-0.884875
-0.201198	-2.4353
-0.90728	-0.365028
0.210904	-1.11879
-2.53358	-1.76933
0.268882	-1.10887
-0.195542	-0.133899
-0.492336	-2.47559
-0.760546	-1.36152
0.0422812	-2.4522
-0.0129162	-1.33325
-1.53395	-1.93404
1.00973	-1.11222
-1.85718	-1.85445
-2.3873	-1.40862
0.326898	-1.6606
1.15768	-1.33397
-0.372985	-1.44158
-2.39333	0.01961
-0.467722	-1.48579
0.299855	-2.65041
-0.910006	-0.724171
-2.837	-2.20876
0.92418	-1.96433
-1.57067	-1.06278
-2.33856	-1.71942
-2.62103	-2.00204
-0.782671	-0.675606
1.6642	-2.87424
-0.375299	-2.15848
-3.01112	-1.83641
-0.987643	-0.7931
-0.438344	-2.52578
-3.03997	-1.76439
0.198643	-0.935653
-0.00753293	-0.647293
-0.417545	-2.0818
-2.35065	-2.41874
-1.17217	-0.305773
-1.4587	-0.597393
5.51198	-7.28684
-0.326668	-0.490976
-0.949781	-2.90471
0.152695	-2.16334
-2.85977	-1.38305
-1.84269	-1.06249
-0.0673307	-1.57879
0.0139206	-0.384448
-1.81786	-2.30909
-2.79781	-2.0021
3.22339	0.680212
-1.97126	-0.801515
-1.99628	-0.71941
-3.08084	-1.38417
-0.122101	0.519043
-0.439125	0.97487
0.179852	-0.733356
-2.93692	-2.25537
-1.69488	-2.6893
-1.44035	-1.67308
-0.0307678	0.0815057
0.459696	-1.70947
-2.26231	-1.12629
-2.81585	-1.67536
-1.7056	-0.560268
-0.683303	-2.67959
-1.26725	-1.00977
-2.09578	-2.63691
-0.240192	-1.79164
-2.12512	-1.07585
-0.741494	-0.963404
-1.66927	-1.78035
-0.68313	-1.79916
-1.50671	-0.829488
-1.79182	-0.377031
0.366537	0.0637668
-1.2815	-1.98766
0.114271	-0.113459
0.562747	-3.58744
-1.57089	-1.08229
-2.8357	-0.354586
-1.29697	-2.85962
0.545689	0.764097
-0.0117524	-2.6419
-1.99034	-0.609287
-1.9119	-1.66237
1.20457	-2.86167
-0.749277	-0.301707
-0.657317	-1.68363
-0.466296	0.392087
-1.91204	-1.81797
0.534811	0.45564
0.158889	-3.34646
-1.53332	-0.0361647
-1.02352	-0.67274
-0.736855	-2.5509
-0.813807	0.365621
-1.36195	-0.680707
-1.49524	-0.825008
-0.818402	0.698898
-2.01242	-2.91809
-1.79684	-0.275252
-0.548615	-0.468304
0.781021	-1.63014
-1.134	-1.37291
-0.854182	0.264813
-0.127906	-0.406074
-2.14146	-1.51354
-2.18076	-1.226
0.168557	-1.49711
-1.71751	-0.281522
-0.0717555	-2.6272
-0.685016	-1.87651
-0.475686	0.397495
-0.913222	-0.336048
-0.984752	-2.1223
-1.89915	-1.80552
1.01572	-0.226352
0.976121	-1.00975
-1.89782	-1.77144
-0.0810935	1.02626
-0.6035	-2.52079
-1.8777	-1.63681
0.489388	-0.711587
-2.47124	-1.09492
-0.720872	-1.14551
0.524889	-0.102236
0.555134	-0.457416
-2.30831	-3.17555
0.00501051	-1.09456
-2.18274	-0.506077
-2.17707	-1.72509
-0.900885	-1.48198
-0.335237	-2.5593
-1.823	-0.255424
2.72595	-7.24727
-1.96235	-1.4335
-0.97036	-2.40024
1.90256	-0.270545
5.90391	-0.704651
-2.0046	1.16974
-0.202417	-1.50314
-1.28381	-0.547937
-2.08353	-0.274795
-0.0947101	-1.79649
-0.407423	-2.04145
-3.09498	-0.341375
0.391276	-0.80045
-0.539096	-0.519917
-2.32514	-0.976794
-0.346897	-0.86064
-1.39899	0.0770862
-0.564115	-0.3603
-2.14429	-0.13758
-2.52516	-1.62432
-0.731707	-2.60905
-0.840004	-0.996937
-2.97713	-0.430358
0.83847	-0.784725
-1.25156	-1.56955
-0.532963	-1.07582
0.024771	-0.923089
-0.67207	-0.795669
-2.41462	-2.089
-2.20152	-0.55403
-1.3961	-2.47844
-1.5773	-1.3655
0.0610408	-2.59245
0.363695	1.66518
-0.374945	0.857093
-2.925	-0.334056
-0.0818897	-1.67473
-1.73748	-1.57015
-1.09113	-0.754578
-0.571764	-2.95467
-1.65483	-1.17547
0.26035	-3.04377
2.47793	-1.72345
0.667888	-1.36114
-0.348813	-2.87478
-2.05615	-1.14961
-1.25809	-1.99095
-2.3653	-1.98076
-2.4095	-1.61091
-1.5302	-1.00293
-1.4538	-0.889679
-2.0187	1.01757
-2.12807	-2.83901
-2.5502	-2.29067
-0.353355	-0.146925
-2.59361	-0.146184
-1.22648	-0.339459
-1.48334	-0.0410131
-2.26392	-0.577885
-2.46448	-0.931977
-2.56308	1.91529
-1.01821	-1.06575
-2.0115	-0.239401
-0.545385	-0.621619
-2.53885	-2.0621
-1.8588	-0.289349
-2.13886	-0.197849
-0.891968	-0.0870855
-0.786876	-0.900582
-3.00798	-1.54773
-1.11137	-2.78128
0.0726004	0.602025
-2.03504	-2.48056
0.319999	-0.482143
-2.71133	1.84187
-2.08746	-2.98417
-0.609542	-2.21728
-0.14622	-0.145655
0.287386	-0.269953
0.0521114	-0.544349
-0.714088	-2.60678
-0.0812382	-0.895586
0.342467	1.45131
0.0944578	-0.382953
-1.21002	-1.78809
-0.793452	-0.280146
2.90249	-0.326749
-1.35648	-0.708419
-2.93296	-3.29161
-3.01291	-0.376358
-2.74698	-1.32927
-2.5216	-1.63023
-1.81836	-1.98645
-1.52995	-0.0308077
-1.63016	-0.914166
-0.274601	-0.676948
-1.32852	-1.8525
-2.22715	-0.297273
-2.05336	-2.39939
-2.11487	-0.995784
-1.98753	-2.79995
-0.449054	0.917535
0.478088	-1.9518
-1.27174	0.0674701
-1.49287	-2.05882
-1.67505	-1.90304
-0.813359	-0.346062
-0.757573	-1.97282
-0.136991	0.253046
-0.276458	-2.17296
-2.0285	-0.612335
3.09964	1.2115
-0.254024	0.753489
-1.18165	-2.02296
-0.854182	-0.0568833
0.34951	0.245554
-0.906324	-0.978143
-2.05127	-1.12186
-1.45547	0.646984
-2.32594	-2.44629
-0.95053	-0.222132
0.171833	-1.91765
-0.865442	-0.683122
-0.385562	-1.52477
-1.0348	-2.70795
-1.86487	-0.953988
-1.25392	-0.479176
-0.0673025	-1.87562
0.0129245	-0.572817
-2.16142	0.629095
-1.0811	-2.99163
-0.547283	-2.34252
0.847166	0.993593
-1.83271	1.02052
-2.21978	0.808046
-1.12515	-0.590395
-2.20852	-2.02591
-0.0595239	-1.82375
-0.988981	-1.25274
-1.42618	0.0720122
1.93097	-0.37069
-1.65828	-1.38309
-2.73823	-2.38143
0.332993	-2.92039
-1.00215	-0.453366
-0.0685538	-1.30736
-0.47668	-1.23456
0.0979616	-2.08534
-0.20484	-1.58266
-2.33843	-2.9854
-0.47334	-0.64772
-1.2474	-0.317991
-1.35311	0.345882
-2.72888	-0.481869
-0.209562	-2.78494
-2.96667	-0.644555
-0.302357	-1.11943
-3.20696	-1.31939
-2.36732	-2.27953
0.693359	1.10535
0.656732	-2.07574
-0.810284	1.62348
-1.79196	-2.29772
-2.70582	0.187612
-0.815632	-1.04952
-0.121821	-2.58979
-1.23326	-2.76415
-2.35723	0.88985
-0.49867	-0.720155
0.757572	1.40417
-2.44282	0.764585
-1.03548	-1.72761
-0.441954	0.226548
-0.689878	0.729435
-2.66613	0.193182
1.0695	-0.162552
-2.64858	-0.535365
0.822454	0.276203
-0.00344553	-0.942999
-2.55652	-1.9517
-0.9259	-2.25197
0.238779	0.728363
-1.68171	0.639168
0.94397	-0.363509
-0.427862	0.909741
-1.63957	-2.22325
-1.5277	-0.476018
-1.51643	-1.18174
-0.369727	-1.94742
-1.23005	-2.47791
-2.58807	-0.547217
-0.8247	-2.06421
-1.58871	1.09948
1.29293	-0.784446
-2.69589	-3.08848
-0.538744	-2.86286
-0.469497	0.419585
-1.12672	-2.36575
1.55029	-2.72981
-0.150608	-1.6587
-2.85049	-1.21461
-0.828128	-0.784328
-0.996529	1.7503
-0.314205	-0.899298
-2.13511	-2.27309
-2.65065	-1.44736
-1.96985	-2.54346
-1.36776	-1.21495
-2.97239	1.80517
-1.46524	-0.778303
-2.37654	-2.87484
-2.40298	-2.34217
-0.587718	-2.6102
-2.71867	-1.39872
-0.715247	-2.68549
-0.717252	-2.40593
-1.91979	-2.2525
1.47842	-1.4541
-1.07535	-2.15325
-0.255141	-2.47103
-0.703819	-1.86964
-1.84035	-2.76758
-0.282267	0.898082
-1.85829	0.333393
-0.246794	0.229592
-0.793894	-0.427657
-0.903799	-1.80418
-0.53126	-0.0618636
-0.720871	-0.509686
-0.496955	-0.921973
-1.75514	0.357487
0.0204551	-1.66728
-0.312423	-2.21342
-0.296804	-2.76215
-0.60415	-1.533
0.0583592	-1.66248
-0.0101434	-0.505919
0.136801	-0.946426
-0.970024	-1.12199
0.652439	-0.228703
-0.529627	-2.09635
-1.32434	-0.0327714
-1.10958	-0.522255
-0.271367	0.269976
-0.430412	-2.4998
-1.71111	-2.07085
-2.38189	-1.01492
-2.86555	-0.591472
-0.243789	-0.272013
0.341685	-0.916217
-1.07615	-0.18755
-2.45397	-0.415463
-1.82268	-0.435039
0.284725	-2.11895
-0.207388	-2.93434
-1.15755	-1.15274
0.0970855	-0.676354
-0.37726	-1.72468
-2.29896	-0.496244
-2.00763	-0.753874
-0.301655	-2.60526
-0.89202	0.969792
-0.863886	-0.456823
-0.783522	-0.413036
0.197147	-1.52431
-1.89707	-1.32814
0.240434	-0.99487
-1.46233	0.39499
-1.94822	0.214288
-2.55634	-2.65015
-2.38515	-0.455565
-2.51975	-2.69142
-0.940125	-0.0125801
0.342092	-0.505218
-2.18181	-1.13194
-0.842325	-1.71377
-1.13676	-1.63107
-1.91811	-0.190166
-0.806562	0.909801
-0.85748	-0.0492703
0.213261	-2.95237
-0.97072	-1.42329
-1.10671	0.00234033
-1.67085	1.0267
-0.471955	-0.778562
0.756601	-0.812659
-1.30164	-0.25575
-1.27301	-2.06406
-1.84101	-1.12184
-0.715534	-1.62556
-0.79325	-1.6603
-3.05123	-1.81101
-1.22689	-0.966579
-0.483773	-2.7732
-1.93696	-2.81202
1.53769	0.53677
-0.0388888	-1.10995
-1.68618	0.420364
-2.91086	-2.41059
-2.58157	-2.63285
-2.18964	0.158284
-1.30909	-1.11222
-3.06063	-2.32064
-0.962386	-1.73881
-0.425598	-2.68892
0.0701216	0.247133
-2.2782	0.215496
-0.54498	-0.460041
-1.14399	-2.56933
-1.2978	-2.80868
-1.72438	-1.33876
-0.71146	-1.42503
2.22728	2.38911
-0.602023	-2.08526
-0.432215	0.380535
-0.0967725	-1.42298
-1.62515	-1.76098
-2.7987	-2.11111
-1.07756	-1.09832
-1.76207	-1.37694
-0.868339	-2.26501
-0.211242	0.230998
-1.64918	-2.10484
-2.70413	-2.31672
-0.914758	-1.90752
-2.97116	-2.15975
0.291544	0.362784
-1.85275	-0.796501
0.229544	-0.176657
-2.02351	-1.02091
0.62818	-1.36158
-2.39422	-0.308064
-2.65146	-1.38807
-1.23984	-0.763205
-2.07177	0.63924
-0.760824	-1.8492
-0.551084	-1.64012
-2.01015	-2.08109
-2.55627	-1.98036
-0.533111	-2.74125
-3.04255	-0.911488
-1.37584	-1.19502
-0.0430556	-0.808548
-0.979516	-2.53948
-0.405728	-0.984548
-1.8926	-0.444534
-0.283899	1.03143
0.0338307	-0.370507
-1.79213	-0.743895
-1.64103	-1.11204
-0.00912994	-1.62976
-0.609217	-2.57998
-2.19131	0.0579532
-0.384205	0.529636
-2.04355	0.0292698
-0.0125637	-0.974406
-0.544845	-1.53274
-0.711727	-0.346647
8.59059	-7.45254
-3.12103	-0.483372
-2.73433	0.301591
-1.32841	-2.5983
-1.81331	-1.83737
-1.78066	-1.31904
-1.34208	2.295
-1.28018	-1.98466
-0.309586	-2.80946
-2.87846	-2.86263
1.58439	-1.33427
-0.813619	-0.974527
-2.61241	-2.16666
0.591593	0.299948
-1.74893	-1.24607
-0.661616	-1.20925
-1.96515	-2.44168
-1.68983	-1.54973
-2.44266	-0.418872
-0.116344	-1.74877
-2.74153	-1.57213
-1.32698	-2.25622
1.15892	0.198931
-0.866794	1.82576
-1.22071	0.0953564
-1.67717	-2.85186
-2.09426	-1.50697
-2.40102	-0.936151
-0.109586	-1.86677
-1.58675	-1.65619
-2.0351	0.288083
-1.69802	-2.32297
-1.39057	-2.40337
2.35324	1.45884
-1.27123	0.290877
-2.03709	0.586727
0.213685	-2.36161
-1.58781	-1.77055
-0.725867	-0.112285
-0.641822	-1.08524
-2.23451	-2.92009
-0.194244	-1.51334
-0.271368	-1.24855
-0.756307	-1.45874
1.37727	-2.32198
0.427426	-1.6431
-0.122974	-2.09493
10.9117	0.830354
-1.33373	-0.304172
-0.735108	0.0611431
-0.404559	-2.84723
-1.10425	-1.70705
-0.391501	-1.97036
-0.236733	5.56107
-0.958546	0.57641
-1.18845	-0.461738
-0.689694	0.584858
2.74114	-4.9982
-1.56625	-0.0908809
0.666656	0.378402
-0.0574147	-2.10206
0.2398	-0.407848
-0.299276	0.406077
-2.07731	-1.5022
-1.9232	-2.41752
-1.72252	-0.456668
-0.518003	-2.40283
0.528479	-1.49047
2.02071	-1.76796
-2.82236	-1.43369
-1.14516	0.146842
-2.3382	0.0532635
-2.11839	-2.8881
-0.925576	-1.02558
-2.07533	-0.0204435
4.76271	-3.32691
-1.87914	-2.55786
-0.48326	-1.19775
-0.12941	-0.22167
-2.45225	-2.1082
-0.87142	-1.89318
1.51093	-1.51429
-2.44576	-1.52706
-2.58695	-2.16713
7.10308	3.90467
-1.10461	-0.357705
-0.103309	-2.60975
6.9983	7.60696
-0.241443	-2.05951
-0.343747	-1.65648
-0.201582	-2.31455
1.15748	-0.886673
-3.13153	-1.44868
-2.86454	-0.128381
-0.895706	-1.92114
-2.87684	-1.28552
-1.14998	-0.967265
-2.46583	-0.306996
-0.510282	-0.355121
-2.92583	-2.30206
-2.58649	-0.674781
-0.738481	-2.39927
-0.781881	-1.62957
-0.780953	-2.90695
-0.857748	1.75827
1.35989	-2.5781
-0.452954	0.250671
0.0416232	-1.50662
-0.661139	-0.568283
-0.900838	-1.68507
0.0939292	-0.894477
-2.36028	-0.408035
-2.43833	-2.50025
-1.34128	-1.89575
-1.27562	-1.17534
-2.06835	-1.34417
-0.440096	0.224724
-1.02771	-2.8487
-0.993482	0.663313
-0.968187	-1.38696
-0.600085	-0.322402
0.925971	-1.00406
-1.09116	-2.35685
-2.20431	-0.811719
-3.01163	-0.804682
-0.612797	-0.134242
-0.0707293	-0.463684
-2.41732	-0.237251
-1.63318	-2.78783
-1.56468	0.331545
0.0237176	0.0750959
-0.937069	-1.67384
-2.43961	-1.40319
-1.64716	-1.36804
-2.00201	-1.53726
-0.882261	-0.788152
-1.16829	-1.06977
-2.69362	-0.900065
-2.00888	-1.78552
-1.09989	-0.674669
-1.40788	-0.361559
-2.75678	-2.07201
-0.0175009	-2.1497
-2.25428	-0.128356
-0.958735	-0.801098
-0.820502	-2.25648
-0.201488	-2.16033
-2.90966	-1.72433
0.109068	-1.30352
-0.168015	-0.717918
0.785889	-1.99402
-0.265518	-0.722319
-1.15419	-0.967599
-0.786507	1.39217
2.16168	-1.35809
-0.379297	-1.31155
-1.66215	-1.82846
-2.16156	-1.37022
-0.617092	-2.12065
-2.20508	-1.04519
-2.47486	-2.07109
-1.93072	-2.02617
0.0450143	1.08015
-1.51974	-1.32429
-2.61209	-0.172442
-1.47033	-2.59956
-2.26482	-0.244772
-0.692795	-2.867
-1.30255	-2.21149
-0.321494	0.156223
-1.80221	-2.45913
-2.35476	-1.2854
-0.410952	3.44611
-1.21023	-2.53425
-1.19409	0.593305
-1.34685	-1.07363
0.447537	-0.182186
-2.64236	-0.819498
-1.37513	-0.995036
-0.154949	0.93952
-0.138722	-0.296155
-1.34643	0.723689
0.188356	-1.58027
-0.83983	-0.25021
-1.36811	-1.45708
-0.208572	-0.217783
-0.342563	2.33943
-1.50703	0.357033
-0.468174	-0.994516
-1.62561	-2.24268
0.338023	-0.386835
-2.65841	-0.387907
-0.809711	-1.46904
-1.98028	-0.379499
-1.26369	-1.66923
-1.22505	-1.79517
-0.0589574	-1.22486
-2.94796	1.52826
-1.72944	-2.81689
0.0925526	-0.634474
-1.16521	-0.373746
-2.59284	0.790039
-2.72121	-0.86977
-1.39021	-0.690826
-2.81325	-0.274242
1.18686	-0.568021
-2.89125	-3.1553
-0.582572	-1.09626
-1.83499	-2.27095
0.624469	-2.5994
-1.24336	-0.655211
-2.16942	-1.33299
-0.523955	-1.90393
0.381554	-1.93009
-0.645461	-1.70181
-0.491786	0.269155
-2.69862	-0.197448
0.0107435	-2.1044
0.26799	-1.50978
-2.64291	-3.02991
-0.551959	-1.66864
0.732184	-0.116858
-0.921688	-0.284872
0.00590796	-0.504698
-1.03776	-0.00126565
0.29088	0.491605
-0.486862	-0.192894
0.832982	-1.05716
-0.364914	-1.14097
-1.52402	0.145448
0.117347	-0.493193
-1.34171	-1.53667
-1.49356	-0.681807
0.374568	1.5214
-0.569895	-2.25721
0.409681	-2.6723
-1.14587	-1.40627
0.98901	0.320899
-2.34154	-2.59957
-0.0496243	0.194395
-1.58286	0.194916
-0.704776	-1.10429
0.938914	-2.13684
-0.390328	-2.11408
-2.04263	-1.45088
-0.790526	-0.981668
-1.78772	-2.52307
-2.82025	-0.298598
-0.883021	-0.783274
-0.124379	-2.37055
-1.29268	-0.815105
-0.000767599	-1.73554
-0.742747	-1.95259
1.50669	-0.746613
-0.251812	-2.48961
-0.278662	-0.638328
-2.45475	-2.5114
-0.645014	-0.237388
-0.43029	-1.04658
-2.56295	-1.76329
-2.39583	-1.27424
-0.574718	-1.19555
-0.927405	-0.0956442
-1.23563	-0.169949
-1.73948	-1.86451
-0.850218	-2.88682
-2.55956	-0.30265
0.0123776	-0.4807
-0.83334	-2.01428
-0.114959	-1.39857
-1.7718	-2.6483
-0.382265	1.01572
-0.511887	-1.55792
-0.593384	1.34503
-1.46383	-0.0112973
-2.01907	-1.614
-2.11368	-1.1461
-0.181951	-2.78372
-1.93132	-2.07355
-0.0490738	0.212628
-0.928633	-0.552182
-1.93098	-1.59675
-0.652123	-0.0344623
0.066367	-0.788457
-2.86511	-0.852851
2.27354	1.48571
-1.78043	-1.1491
-0.845987	-2.97788
-0.214815	-2.54634
-2.43788	-0.174303
-1.34657	-1.18603
-0.199552	-1.89349
0.275792	-1.47528
-0.918495	-2.24507
-1.61781	-1.94991
-1.05419	-2.61161
0.193191	-3.28415
-1.58745	-2.70273
-2.74491	-1.56195
-2.43302	-0.089063
-0.400985	-2.40471
-2.20716	-1.00449
-0.956742	-1.24961
0.0830913	-2.01556
-0.331464	-1.81767
-1.81674	-0.258535
-2.43299	0.971471
-1.7906	-1.961
-0.601984	-1.95472
-1.0626	-0.601089
-0.9645	-0.723756
-0.243712	0.016659
-1.82481	-0.103371
-1.69473	-0.783598
-1.96588	-2.02186
4.79846	-6.50147
-2.75581	-3.10858
-0.681412	0.0494816
-0.659944	-0.335419
-0.0785523	-2.05483
-1.08341	-1.90519
-0.517552	-2.12075
-0.362158	0.138291
-1.64943	0.738773
-1.43873	1.08646
-1.13098	-2.12619
-0.838434	-1.66983
-0.987096	-0.70274
-0.33446	-0.422985
-3.07482	-3.08318
0.683329	-1.9462
-0.345497	0.00933018
-1.33911	-2.0336
-2.34074	-2.43233
-1.69381	-1.57508
-0.798726	-1.32621
-0.962498	-0.449176
-0.621428	0.0580558
-1.96421	0.395843
-0.484649	-1.58976
0.0639506	-0.798062
-1.66812	-2.08089
-2.17782	-2.01757
-3.07049	-2.50718
-0.822252	-2.07371
-2.23812	-0.842882
-0.146959	-0.449505
-2.75408	0.418348
-2.02465	-1.05623
-1.60435	-0.378317
-2.08418	-2.72771
-0.430825	-1.18459
-0.191266	-2.85758
-0.00402095	-1.13609
0.791325	-1.91979
-2.64474	-1.57092
0.14323	-1.9557
-2.38801	-1.40983
-0.893571	-1.47059
-1.14071	-0.93495
-0.332442	-2.43181
-0.165663	-0.227956
-1.14402	0.128112
0.0997741	-1.05339
-0.412208	-0.188055
-2.67707	-0.937113
0.591922	-2.99266
0.425227	-3.03522
-1.78488	-0.224979
4.12397	-9.67041
-0.359902	-0.330178
-1.62104	0.0421896
0.312911	-1.13029
0.257336	-0.884402
-1.94985	0.553404
-0.497557	-2.98183
-2.88101	-0.296253
-2.48384	0.358551
-1.48903	-1.29597
1.22201	-1.267
-1.45633	-2.68294
-0.203757	-1.24161
-0.256436	-0.406056
4.30584	-6.2394
-0.362476	-1.28431
-1.53064	-1.31965
-2.33579	-1.12018
-2.71327	-0.31568
0.0666361	0.489448
-2.75077	-2.20052
-0.601469	-2.20935
-0.220511	-2.08351
-1.78222	-1.30538
-2.63366	-1.81901
0.5321	-1.26201
-0.236183	-1.54914
-2.94	-0.203608
-3.00928	-0.926663
1.63184	-0.594079
-2.86665	-0.112123
0.0274752	1.92419
-1.05262	-0.724436
-0.358449	-1.71877
-1.8635	-1.75599
-1.26542	-0.731105
0.0508044	-1.63863
-2.4759	-0.516666
0.758134	-0.0824055
-2.42863	-2.57623
-1.03274	-2.33218
0.303411	-2.56869
-1.14138	-0.65364
0.986875	0.2861
-1.35363	-1.12073
-0.341423	-0.562713
0.134135	-0.404992
4.59871	-8.38717
-0.418521	-1.63421
-0.925555	-0.936833
-0.697819	-1.36221
-0.89283	-1.80394
-0.21968	-1.36742
-0.414503	-1.23602
1.17817	-6.13413
-1.45084	-1.15444
0.0991249	-2.74587
-0.284055	-1.47009
-0.753481	0.116013
-1.15819	-0.595269
-1.46336	0.704612
2.89684	3.35298
-2.79738	-0.93827
-2.57066	-2.45925
-2.72371	-3.15992
-0.751375	-2.21397
-0.54716	-0.178734
-0.793168	-1.44648
-2.35995	-0.0938496
-2.41337	-1.10049
-1.61415	1.07287
-2.43113	-1.02168
-1.61758	-0.795181
-1.30732	-2.85095
-1.04338	-0.0377598
-1.51844	-0.831932
0.642505	-0.377076
-0.632751	-0.187971
1.03906	-3.34284
-2.44671	0.320734
-1.35444	-1.60664
-0.329321	-0.227266
1.10949	-2.36428
-0.397859	-2.39525
-0.344148	-2.18475
-2.41456	1.09709
-0.741281	0.0317889
-1.49712	-1.40463
-1.24497	-1.00902
0.956105	-0.928301
0.0594942	1.08154
-1.7031	-0.913436
-1.44682	-2.75974
-0.760072	-1.26012
-0.931554	0.76955
-0.459799	-0.471729
-0.844733	-0.790514
-2.35201	-1.44736
-1.33505	-0.567383
0.990053	0.450526
1.15687	-3.7001
0.196006	1.13653
-0.0437524	-2.53431
-0.35254	-1.5986
-2.13268	-1.90427
6.89847	-11.1441
0.235104	-1.56517
-0.714581	-2.63537
-0.541605	-1.79516
-0.936792	-1.49858
-1.79082	-1.16945
0.689516	-1.92296
-0.152244	0.923605
-2.68626	-0.424748
-1.09015	-0.121836
-1.33572	-0.495935
-1.969	-2.32312
-1.2723	1.96141
-2.64367	-0.887458
-1.45387	-0.136201
-1.15731	-2.59028
-1.70103	-0.668309
-0.214654	-0.730796
-1.85232	-2.18642
-0.458751	-2.91359
-2.83667	-0.605591
-3.09953	-1.44597
-0.408346	-0.837484
-2.72357	0.40232
1.71047	1.54747
-0.831436	-1.57415
-2.01782	-0.781977
1.3098	-0.74055
-2.8686	-2.17413
-0.645282	-2.91993
-3.13924	-0.80098
-0.674471	-1.10297
-2.63179	-1.39205
-2.49274	-1.28914
-0.362828	-1.76398
-2.23317	-0.420702
-1.28186	-1.72451
-0.904658	-0.549756
-0.127217	-0.958667
0.293017	-0.775871
-2.03346	-1.3592
-0.431504	-2.53565
-2.53936	-0.66887
-2.52158	-1.66919
-1.2781	-0.911511
-0.862955	-2.08835
-1.12712	-0.578594
-0.522679	-1.78515
-2.42857	-0.458527
-0.152531	-1.98612
2.5149	-1.72157
-1.2105	-1.19046
-2.5884	-2.95322
-0.510919	-0.495361
0.609292	0.918638
-1.94906	-0.153634
-1.32291	0.674755
-2.1814	-2.53359
-2.1426	-2.0696
-0.665699	-2.23842
-0.521659	1.00336
0.198376	-2.86
0.119137	-3.17562
-0.635771	-0.278823
-1.10447	-1.61246
-1.19305	-1.10031
-2.41253	0.330421
-1.00063	-2.35335
-0.69143	-1.9143
2.94417	-1.81837
-1.0109	-0.157155
-2.03996	0.0614274
-2.37944	-1.80748
0.00129464	-0.695706
-0.845357	-0.716091
0.403473	-1.1272
0.1471	-0.540918
-0.298551	-0.199926
-1.56276	-1.92171
-0.355139	0.432575
-0.390839	1.98871
-2.25962	-1.22345
-2.76907	-3.73952e-05
-1.85536	-1.79311
7.72716	-11.0666
-2.42345	-0.437115
1.01734	-0.327096
-0.515766	0.087784
-1.03408	-1.27488
-2.02778	-1.46401
0.743489	-1.52004
-0.11667	-2.42665
0.78336	-1.23854
-0.774653	-1.94033
-1.18858	-0.567033
-2.25665	-1.11189
0.703676	-0.488862
-2.71159	-2.01388
-1.86075	-0.81625
-0.31036	-2.55523
0.302543	-1.54993
-1.09995	0.471727
-1.30055	-1.5477
-0.777548	-2.10843
-0.426529	-1.72811
-1.03123	-2.59445
-0.303333	-0.611202
-1.8827	-1.44081
-2.37533	-0.258174
-0.330542	-0.460796
-1.5327	-0.142972
0.311354	-0.356917
-1.68451	-1.65397
-1.9451	0.931119
0.342127	-0.467619
-0.364441	-0.187435
-0.768068	-2.35956
-0.313396	-1.00652
-2.62279	-0.0738848
-0.582746	-1.14054
1.22837	-1.58466
-1.59523	-2.6919
-1.63468	0.00231978
-1.72669	-2.98344
-0.205815	-0.454233
-0.806055	-1.34718
0.0329189	-0.259879
-2.58456	-0.0899133
0.735841	-0.54024
-1.95081	-0.0236755
0.644117	0.494193
-1.80432	-2.54906
-0.647112	-0.0447483
-1.90375	0.823565
0.063543	-0.466215
-0.791566	-0.833007
-0.123089	1.59363
-0.783945	-1.16195
-2.08302	-1.99027
-0.000678289	-1.79779
-0.48073	-0.123816
-1.36702	-1.63017
-0.209014	-2.01607
-0.669144	-3.05927
0.184894	-1.61019
-0.515154	-1.39195
1.77412	-4.42889
-2.21631	-1.02223
-2.21349	-1.90931
0.0872585	-3.53494
-2.86446	-2.12943
-1.24821	0.878373
-2.34528	-1.71272
0.662469	-1.02929
-2.04154	-0.147337
-0.228258	-1.13194
-0.00416244	-0.484788
-0.186264	-1.74241
-1.05451	-0.674615
-0.13615	-0.644455
2.34085	-0.2626
-0.951463	-2.52654
-0.759198	-1.01567
-0.526693	-1.383
-1.13979	-0.0697873
-0.953582	0.280463
-1.679	-2.20011
-3.09283	3.02985
-0.82378	-0.583073
-2.7861	-1.38042
-2.29855	-1.43196
0.881168	-1.7323
-0.0860443	-2.76454
0.725214	0.495111
-2.20757	-1.19914
-0.266405	-0.507306
0.205076	-0.846523
-2.86967	-0.859166
0.0343305	-2.68061
-1.12936	-0.186244
-2.48811	-1.7483
-1.98689	-1.93125
0.53329	3.72345
-1.06542	-0.776206
-0.12237	-0.857798
-0.917142	-0.686035
0.415936	-2.0281
-0.903318	-0.187458
1.5392	-2.30524
-2.71836	-0.0225102
-2.24822	-0.31618
-1.63314	-1.74704
0.0986849	-1.97315
0.866011	0.741945
-0.341573	1.42977
-1.83511	0.846401
2.06386	-3.20987
-0.589118	-0.264241
-0.424074	-0.708816
-0.493495	-0.700168
-0.684927	-2.41029
-1.13507	-1.3035
-0.511123	-0.527482
-0.470666	-1.45167
-0.0148995	-2.94326
-2.4556	-0.481532
-1.61466	-0.90737
-0.666083	2.07082
-0.731794	-0.504504
-1.90282	-1.08192
-3.01281	-2.91797
-2.36921	-2.76594
-1.78999	-0.816879
-1.47101	-1.06132
-0.240992	-1.06415
-2.18022	-1.91857
-0.207303	-1.57314
-1.95285	-2.54495
-2.94009	1.49294
-0.547584	0.0779052
-1.22959	0.957012
-2.72356	-0.985445
0.0254299	-1.0151
-0.221977	-0.690615
-2.61536	0.996708
-0.319827	-1.82795
-0.422045	-0.428244
0.36811	-1.34774
-1.64722	-1.25474
-2.3555	-0.312168
-2.09267	-2.82922
-2.148	-2.0902
1.91467	-1.19899
-1.59619	-0.588224
-0.914197	-3.17337
-2.79527	-0.63608
-2.87169	-2.30926
-0.795071	-0.855626
-1.10862	-0.615921
-0.626755	-2.83067
-2.97587	-2.00281
0.223167	-2.70096
-1.21988	-0.970995
-1.786	-0.00419415
0.24547	-0.941799
1.45175	-3.47065
-0.225061	-0.721091
-1.53925	-1.90554
-0.641633	-0.914958
-0.82527	-1.7335
-0.681285	-1.62225
-1.52082	-2.02298
-1.03993	-1.38802
-2.00039	-1.33474
-2.1005	-1.10505
-1.89741	-2.28205
-3.28358	-3.06824
-0.871999	-2.81199
-0.3852	-0.930371
-0.481046	-0.318496
0.981113	0.738949
-1.03951	-2.30567
-1.31493	-1.35531
0.836621	-2.87398
-0.436999	-1.75101
-0.532643	-1.35837
-2.72418	-0.822367
-2.5191	-2.50962
0.141872	-2.42335
-2.10574	-1.4151
-2.31988	-1.64981
-1.12481	-1.54063
-0.811216	-2.11666
-1.16329	-2.6243
-1.03648	-1.60863
-1.43804	-0.991638
-0.479596	-1.20594
-2.76786	2.3199
-1.49562	-0.00827323
-0.56078	-1.60292
-1.70164	-0.257111
-0.855502	-1.51845
-0.325833	-0.0812499
-0.147555	-2.0483
-1.07911	0.0663785
-1.67346	0.222097
-2.53485	-1.84674
-0.0656744	-0.875601
-2.18784	-1.1992
-1.70378	-0.153105
-1.77261	-2.2573
-1.43874	-0.390525
-2.43062	-1.74107
-1.73319	-2.71885
1.60037	2.146
10.6989	6.66837
-1.73428	-0.00185075
-1.42743	-1.75112
-0.386019	-3.03068
-2.92058	1.21541
-1.10623	-1.64217
-1.86705	-0.230786
-1.63146	-1.54449
-1.26147	-1.54249
-0.852099	-1.21669
-2.18844	-0.21453
-0.338252	-0.284102
-1.24501	-2.40685
-2.61707	-0.59066
-2.77498	-1.18282
-0.401496	-1.01892
-0.219716	-2.72345
-2.78782	-1.71312
-0.381287	0.0393278
-2.94601	0.628227
-0.17868	0.526694
-2.30778	-0.284545
-2.75387	1.24999
-0.654946	-0.0624979
-0.4434	0.123842
-2.76622	1.03317
-1.32903	-0.137171
-0.0911695	-2.77483
-1.45362	-0.645134
-1.27518	-0.54634
-0.00609898	-1.51931
-0.0386731	-0.862969
-0.766219	-1.89729
-0.02144	-2.36746
-0.428745	-1.83868
2.00789	-0.521806
0.0443813	-2.70088
0.651963	-1.20778
-1.89721	-0.673358
-2.92506	-1.19065
-1.91133	-0.699858
-1.47459	1.06219
-1.18489	-2.23841
0.775279	-2.08817
-1.11448	-0.131505
-0.5655	-1.06142
-1.97034	-0.0321035
-0.0488853	-0.14967
-0.155345	-0.579311
-0.477465	-2.24204
-2.70498	-1.63288
0.380355	-2.25608
-0.970326	-1.17246
-2.88974	-2.40309
-1.21345	-2.02992
-1.01424	-1.75763
-0.856552	-1.54176
0.545935	-2.54139
0.0517751	-0.840655
-0.844615	-1.25588
-1.92407	-0.616067
-1.72997	-2.186
-2.54443	0.580746
-0.614209	-1.34202
-0.813648	-1.37403
-2.89981	-1.64392
-0.187324	-2.71162
-0.0705187	-1.82661
-1.67943	0.324226
-1.91392	-0.564716
-0.51596	-2.32606
4.80096	-4.4123
-1.8975	-2.02575
-0.484079	10.4956
-0.526358	1.06626
-0.161973	-1.74891
-1.07881	0.4922
-0.469611	-1.55177
-1.42144	-1.99235
-0.410701	-1.60803
-0.715592	-2.76188
-2.46118	-0.277573
-1.05371	0.366926
-0.586717	-2.18728
-1.17291	-0.063399
-1.73683	-2.78879
-2.44249	-0.330785
-0.509456	-0.611798
-0.886787	-0.0135418
0.396707	-0.717843
-0.412856	-2.8087
-0.704582	-1.44536
0.176706	-1.9694
-0.236264	-0.752507
-2.05849	-1.81919
-0.155582	0.0636127
-2.56301	-2.91764
-0.27701	-0.968834
1.14156	-0.110436
-1.02665	-2.75386
-1.69097	-0.989381
0.544918	-1.78633
-0.0960302	-2.69037
-0.48181	0.202245
-1.61775	-1.6629
-2.42662	0.102386
-0.936932	-1.6562
-1.59707	-1.2355
-2.38342	1.36042
-0.995091	-2.3541
0.0842309	-0.224279
0.671699	-1.51951
0.6958	-1.17435
-1.35238	0.853806
0.812355	-2.10333
-3.04205	-1.0607
-0.459073	-0.382097
-1.42086	-2.07062
-2.07607	-0.906397
-2.3367	-1.58189
-1.32003	0.456082
-0.958051	-0.844454
-1.68093	-1.00142
-2.46652	-0.783187
2.21554	-0.624139
-2.27543	-2.43825
-1.36251	0.725682
0.290737	-2.30075
-1.53676	-2.1235
-0.224687	-0.298163
0.450735	0.346414
-2.23707	-2.68692
-0.701945	-1.93738
-2.87932	-1.06171
0.282119	-2.93973
-2.99842	-0.890827
-2.56571	-1.19795
-1.62293	-0.900319
0.433305	-0.608524
0.845754	-1.75823
-0.225849	-1.08214
-1.61833	-0.0771699
-1.4171	-2.72685
-1.72813	-1.78085
2.83013	-1.04488
-1.0226	0.0436612
-2.64801	-0.729919
-2.11794	0.454757
-0.00748079	-3.12467
0.0453947	0.39028
-1.78121	-0.162996
-0.825554	-1.50316
-0.684348	-2.62793
-2.17799	-1.05178
-2.06006	-1.81216
-1.12206	0.139545
-2.84989	-0.537993
0.331628	4.17714
-0.335263	-2.75252
-0.462394	-2.892
-0.875364	-0.744827
-0.640633	-0.525875
-1.9422	-2.03238
-2.12197	-1.8834
-1.08982	0.602668
0.353085	1.11945
0.830005	0.736075
-1.95375	-3.05154
-0.869984	-1.68987
-0.579094	0.335512
-0.1467	-2.75454
-2.45081	-2.96182
0.327258	-1.59202
0.500993	-1.39298
-0.891508	-2.95707
-0.88851	-1.76383
-0.268053	-1.13213
-1.3785	-1.96444
0.187087	-0.272385
-1.91366	-1.66664
-2.7127	-1.70866
-0.33751	-3.03805
-0.0442548	-1.83206
0.0454345	-0.590258
-0.750258	-2.3438
-0.947286	-1.22563
0.18655	-1.5449
0.0945027	-2.10157
0.170773	-2.11277
-1.5542	-0.732838
-0.0158896	0.437543
0.22167	-1.58411
-0.65293	-2.304
-0.866926	-2.80551
-0.611613	-0.532678
-1.06299	-1.52401
-2.12162	-1.54418
-0.944481	-1.04829
0.659723	-2.84227
-0.582459	-0.660973
-2.92084	0.00505307
-0.556994	-1.47381
-0.947118	-0.426353
-0.771941	2.92867
-1.55839	-0.287275
0.415348	-1.25467
-0.992877	1.42479
-1.88688	-1.21754
-0.983904	-0.356491
-0.825902	-1.2456
-1.37012	1.24856
-2.23807	-1.44633
-2.84936	-3.09918
-0.956483	-0.536659
-2.50406	-2.40436
3.93345	-2.11071
-2.58997	-2.64757
-0.425101	-1.11441
-1.91931	2.02766
0.860937	-0.992102
-0.576543	-0.517804
-2.46705	-2.29248
-0.464073	-0.179468
-2.40837	-0.972885
-0.371642	-2.02259
-1.33236	-0.521247
-0.525821	-1.67991
-0.789008	-2.23067
-0.221439	-1.39358
0.159354	-2.6414
-2.51045	-0.432995
-0.0422562	-0.929136
-1.07232	-1.4662
-2.28122	-1.98383
-2.09902	-0.450575
-2.18762	-1.02624
-2.20842	-1.01646
-1.23952	-0.112122
-1.49447	-0.480719
-2.92892	-0.868319
-2.44071	-1.08888
-0.800377	-2.84496
-2.37406	-0.953211
-1.82089	-1.32405
-1.42337	-2.3658
0.190003	-0.31191
-0.441773	-2.3983
-2.19275	-2.98017
-1.11415	-0.526246
-2.5665	-1.05348
-1.85237	0.750141
-0.897808	-0.227744
-0.973155	-0.943102
-1.43935	-0.805692
-0.35804	-0.749587
-1.21829	-1.5665
-1.97956	-0.014662
-0.297802	2.48989
-0.738735	-0.476881
0.509279	-1.68049
-2.62035	0.71164
-1.02908	-0.147424
-1.35561	-0.228652
-0.479629	-0.686582
-1.86375	0.442648
-0.400588	-2.78557
1.24828	-3.34962
-2.47004	-1.21494
-1.20882	-1.04702
-0.79401	-3.0253
-0.5824	-1.63127
0.125543	-2.28125
-2.67952	-2.08123
-0.677865	-0.121857
0.886967	-2.41964
-1.00482	-2.45213
-0.900536	-0.757837
-1.40358	-1.34924
-1.0073	-2.45728
-0.0812485	-2.65173
-2.55593	1.29684
0.620237	-0.861366
-0.618509	-2.3863
-1.45284	-1.33039
-0.649141	-0.620639
-1.7099	0.382221
0.397747	0.660361
-0.276349	-2.13025
-1.35176	-2.14614
-2.33536	-2.45024
-0.467807	0.508011
0.0642231	-0.154022
-1.44942	0.344556
-1.25043	-0.305766
0.603	-3.00162
0.442831	-0.387685
-1.98898	-1.71561
-0.0775884	-0.838274
-2.29612	0.171513
-0.010048	-2.28772
-0.303667	-2.21292
-2.13456	-1.00379
-1.43086	-2.82616
-1.77767	-2.13588
-0.524854	-1.84149
-0.928617	-1.31774
2.80048	-3.42788
-3.04717	-1.11863
-1.19683	-1.31583
0.823568	0.592301
-1.93641	-0.969759
2.08533	0.119398
-0.780778	-0.447744
0.0683258	-1.08889
-2.19529	-1.91704
-1.40881	-2.28747
1.5481	-2.79796
-0.790618	-1.82135
0.914365	-1.48465
0.503029	-0.10704
0.366458	-1.23003
-2.02872	-1.38524
-2.36521	-0.480072
-2.66232	-1.05031
-0.407738	-2.17337
-0.999552	-1.76231
-1.46389	-2.5502
-1.72783	-1.4119
-2.39357	1.42603
-1.25167	-0.0592756
-2.56818	-1.41617
-0.599665	-0.423261
-1.71057	0.228271
-1.08005	-0.129235
-1.53842	-0.65352
-1.82152	-2.38186
-3.06474	0.538501
-0.871351	-0.994997
-1.41116	-1.7595
-1.8565	-1.95101
-0.455914	-1.49785
-2.63221	-1.28006
0.631028	-1.10822
-2.08159	-0.668593
-2.54561	-1.4089
-2.01156	-2.02774
-0.899632	-0.413866
0.361451	-1.63642
-0.930746	-2.54415
-0.98503	-1.37015
-1.60093	0.0226353
-1.17556	-0.740959
-0.176218	-1.13199
-1.2678	-2.11493
-1.38761	-1.36876
-0.186446	-2.09026
-1.07907	-2.17676
-0.947362	-1.06415
-1.40919	-1.86462
0.698628	0.116924
0.509393	-2.04371
-0.819069	1.51337
-0.650675	-1.52859
-0.919494	-0.886351
-2.6835	-0.249739
-0.647149	-0.910439
-0.227432	-1.12881
-0.111638	-2.97328
-2.24078	-1.34282
-0.65371	-1.0814
-0.385322	-2.08704
-2.70897	-2.96671
-0.622504	-0.232687
-0.0468224	-0.56219
-1.91242	-0.712244
-1.44075	-1.7219
-1.14778	-0.411736
1.13949	-2.38921
-0.903662	-2.4943
-1.56042	-3.00634
-1.92157	0.0674288
-1.4184	-0.348328
-3.00683	-2.06381
0.469635	-0.920001
-2.22136	-2.79026
-1.85655	-1.72751
1.74474	2.2872
-2.59272	-1.72095
-2.676	-0.104731
-2.53247	-0.0966646
-3.05322	-1.5141
-1.22901	-0.159397
-1.38964	-1.52829
-0.304171	-2.30403
-1.38553	-0.303587
-2.0076	0.0930106
-0.431482	-1.1829
-2.24731	-0.602611
-0.253425	-1.11145
0.918331	-2.08369
-1.72776	-0.550476
-0.951398	-2.15122
-0.95267	0.705425
-0.316327	-1.74705
-1.14214	-1.15127
-1.85856	-0.804352
-1.9125	-0.832237
-0.480819	-1.18076
2.08622	-0.984296
-2.46051	0.884548
-1.86128	-1.76808
-0.654091	-2.15474
0.0881314	-0.287887
-0.493468	-1.78581
-2.03528	-0.94594
-0.345231	-1.307
-2.22163	0.127997
-2.47944	-2.39024
-0.121813	-1.67635
-1.16736	-2.00717
-0.762362	1.83595
-1.72633	-0.847232
-0.255011	0.353506
-1.64557	-1.00796
-2.30489	-0.410708
1.24774	-2.39164
0.620267	-1.1364
1.36336	-5.02643
-1.19998	0.506113
-0.14056	-2.10553
0.916262	-1.83193
-1.46131	-2.29571
-1.36013	-0.491442
-0.724514	-2.54956
-1.66679	-2.25252
-2.81542	-0.880372
0.377511	-1.28733
-1.40882	-0.578633
-1.20952	-1.28676
-1.29699	-0.594031
-0.15769	0.307672
-2.39191	-0.127045
-1.36092	-1.50224
-0.0542749	-1.8516
-2.11627	0.841355
-0.128199	-0.30101
-2.11549	-2.58166
-2.26171	-0.523418
0.43296	-1.93526
-0.26237	0.121564
0.703622	-0.798195
-1.55344	-0.693798
0.401652	-3.0813
-0.553918	-1.00388
-2.6092	-2.03645
-2.68429	-1.40864
-1.73322	-3.14635
-1.68471	-2.64011
-0.497607	-0.984147
-0.213106	-1.36123
-0.0756468	-1.32064
-0.704474	-1.25662
-1.66976	0.0567914
0.0362342	-0.459586
-1.96117	-0.0680094
-1.04422	-0.85688
1.16021	-0.719437
-2.87809	0.280531
-1.15637	-2.06795
-0.0655227	-2.04734
-0.791934	-0.208316
-3.01178	-2.6437
-1.393	-2.37165
-2.12545	0.165827
-0.809386	-2.7821
-1.87235	-0.303447
-0.00485495	-3.02925
0.365817	-1.91906
-0.417378	-1.71987
-2.28641	-2.22485
-0.670063	-0.737404
-2.07318	0.0195037
-2.19928	-0.619647
-0.182945	-1.27169
-1.29289	-0.665808
-2.21847	-1.23972
-0.486228	-1.80981
0.900743	-0.535626
-1.59491	0.0986512
-0.903393	0.1399
-2.12683	-1.4857
0.164575	-2.40558
0.262863	-2.41982
-1.78905	-0.403112
-0.805974	-2.60299
-2.03992	-0.236421
-0.893992	0.721236
-0.554337	-0.756353
-1.94392	-1.68349
-1.89895	-0.617113
-0.0565273	-0.651116
-0.461816	-0.491593
-2.92659	-0.744789
1.72649	-1.12157
-1.0542	-0.904406
-0.575242	-0.701701
0.335259	-2.05684
-1.88247	-2.252
1.2019	-0.22917
-0.870549	-1.45089
1.24629	0.579056
-2.415	-1.84414
-0.683441	-0.226462
0.473104	-1.00093
-1.13864	-0.324922
-1.73605	-1.23015
-0.819333	-3.13347
-0.82022	-2.40996
-0.284398	1.38044
-1.34932	-1.14133
0.512378	-1.76679
-0.344684	-0.304189
-2.40473	-0.928898
-0.75347	-0.103663
0.212335	-2.50505
-1.92958	-0.0376502
-0.760885	-2.30493
-1.72965	-1.57223
-1.14594	0.180776
-2.84283	-1.23804
-2.28991	-2.26155
-2.87374	-0.0806446
0.103464	-1.22209
2.08702	1.581
-2.80064	-1.49855
-2.46788	-1.52146
0.00474328	2.44334
-0.642547	-1.31195
-0.555644	-2.51647
-1.2288	-1.25049
-1.98614	-0.649619
-2.39243	0.0381495
-2.70002	0.36778
-1.58835	-2.44229
-2.55292	-1.94104
-1.62728	-0.448271
-1.90421	-2.06043
-0.748524	-2.29931
-0.676954	-0.150124
-0.283764	-0.622469
-1.29426	-1.10275
-2.11756	-1.05452
-0.702465	-0.497982
-2.14562	-1.41247
-0.64813	-1.98692
3.55851	-0.667439
-1.5702	-1.17156
1.09056	-1.64551
-0.921762	-0.208959
-1.5708	-0.70447
0.284663	-1.37304
-2.53565	-1.03199
0.389592	1.65316
-0.840536	-0.602761
-2.42005	-0.991329
-0.166614	-2.00801
-0.223545	-1.50331
-0.863426	-0.84978
-1.73759	-1.55333
-0.991585	0.988865
-1.18002	-2.89994
-0.295793	-3.16456
-1.13715	-2.24443
-0.471081	-1.89054
0.443476	-0.306325
-1.39542	3.45138
-2.58049	0.337349
-2.86694	-1.30562
-2.85694	-0.719505
-0.0237634	1.121
-1.61672	-0.889497
-2.0055	-1.47702
0.0674598	0.73831
0.192461	-1.02178
-2.07791	-1.42288
2.05064	-2.59337
-0.742501	-2.71956
0.284319	-0.196242
-2.56646	-0.901219
-1.07508	-2.85048
-1.59027	-2.33303
-0.777954	-1.92215
-2.09583	-0.631832
-0.350201	-0.0340464
-0.731542	-0.239615
-0.767831	-0.257629
-2.59745	-1.24094
-0.818093	-1.41798
-0.895727	-0.84661
0.807628	-1.66469
-0.998568	-2.06143
3.39699	-4.34206
-1.13952	-1.79718
-1.30897	-1.35315
-0.913675	-1.72015
-2.03018	0.164795
0.616178	-4.2366
-0.825654	-0.604329
-0.463571	1.46127
-1.9334	-1.72185
-0.152888	0.116997
-1.89349	-1.28831
-1.07425	0.369686
-1.16056	-2.4475
-1.06892	-2.21696
-3.17504	-2.71331
-0.821937	-0.379754
0.568657	-0.629714
-0.99937	-0.177331
-1.13883	-2.43314
-2.85048	-1.00604
-2.79283	-0.890446
-1.16624	-0.358011
1.45088	-2.30616
-0.160588	-2.0581
-0.343566	-1.0589
-1.98377	-1.45627
0.821228	-0.171063
-0.752322	-2.11409
-2.00623	-1.57667
-2.2755	0.308662
-0.98091	-0.607106
-1.07758	-0.339838
3.2541	3.59139
-0.398724	-0.727733
-1.14397	-0.138348
-1.43892	-2.20196
-0.345205	-1.29562
0.758944	-1.76839
0.868925	0.944296
-0.116364	-1.55219
-0.964529	-1.42557
-1.76957	-1.60806
-1.3471	-3.12467
-1.05542	-2.28146
-2.13381	-2.02793
1.00172	-2.11489
-1.52684	-0.806779
0.361579	-0.727409
-0.386032	-0.608521
-2.17779	-3.08985
-1.37697	1.24447
-0.846496	-0.976107
-2.334	-0.126718
-1.79589	1.1321
-2.70593	0.164304
1.29606	-0.453168
-1.01299	-1.90733
1.11837	-1.9581
-0.954514	-2.32264
0.445983	0.859762
0.347074	-2.02473
-0.298445	-2.81238
-2.18989	-1.31086
-0.382596	-1.18467
-2.1024	-2.57292
-2.29158	-1.14721
-2.61261	-0.672927
-1.71465	-1.50216
-1.87445	0.285476
0.786039	-0.334101
-2.657	-2.29685
-0.197405	-1.29239
0.182163	-1.25556
-1.7563	-1.48518
-2.33681	-1.88985
-1.98328	-1.90827
-2.6667	-0.0690668
-0.0653922	-2.20473
0.106699	-0.0332228
-1.27443	-1.61365
-2.27001	0.154183
-1.1201	-2.98801
-2.5566	-0.795297
-1.60894	-2.28653
1.70709	-2.78801
-2.7019	-2.76854
-0.0748103	-0.274707
-2.19537	-0.298281
-0.485305	-1.85179
-0.867732	-0.682148
-2.97052	-0.738583
-1.3287	0.556403
-1.02686	-1.46322
-1.8311	-1.18097
-0.422952	-0.173735
-0.938462	-0.910868
-2.48745	-2.79331
-3.00662	-1.82704
-1.33474	-1.72639
-1.82803	0.166911
-0.545424	-2.28393
-0.521836	-1.46334
-2.12896	-0.295157
-2.96639	-0.348717
-0.862974	-0.129976
-1.19557	-0.171281
-2.41053	-2.52077
-1.22073	-0.186989
-0.533366	-3.08127
-1.80512	0.633168
-0.776483	0.201467
-1.57375	-1.17663
-2.02521	-1.36624
-1.9805	1.20612
-2.25737	0.33016
-2.1977	-1.81738
-0.558961	-1.96176
-1.6105	-0.447868
-1.65865	-2.43894
0.0106008	0.264908
0.412766	-3.53205
-2.35924	0.64357
-0.348729	-0.457229
-1.71112	0.0444016
-1.93198	-0.627174
0.7311	-0.72757
-0.261312	-0.794364
-2.34409	-2.95028
-0.00911247	-2.25405
-1.06836	-1.22211
-2.83922	-0.387937
-1.83347	-0.59512
-2.5679	0.777864
-2.15123	-0.815752
-0.0941174	0.331125
-2.58807	-1.06213
0.654528	-1.20072
-1.22866	-0.747957
-1.84348	-1.23896
-0.1937	-0.417383
-1.00633	-2.50304
-1.55456	-1.48113
-0.878521	-0.589014
-0.437272	-0.0934501
-0.879465	-2.2425
-2.7207	-0.338843
1.36867	-2.34772
-1.8244	0.60706
-0.31269	-1.40671
-0.448998	1.89999
1.91359	0.511383
-1.9788	0.107304
-2.72828	-0.254573
1.16732	-2.43733
-2.54843	0.292463
-1.9487	-1.50317
-1.91635	-1.91799
-1.29595	0.0618992
-1.97101	-2.11208
0.303132	0.121007
-0.910221	-0.391097
-2.14117	-0.473352
-1.07231	-0.0345579
-0.980957	-0.896506
-0.200775	-1.83342
0.944236	0.850601
-1.43769	-2.22381
-2.56183	-1.8278
-0.435634	-1.40078
-1.87943	0.0371859
-1.41944	-1.19207
-0.962345	-2.50985
-0.854258	-0.864576
-2.84938	-0.249672
-0.651462	1.39206
0.142795	0.87855
-1.58213	-0.18103
-0.164065	-1.82685
-1.21661	0.662217
-0.319654	-1.40327
0.0462298	-0.505527
-0.274835	-1.43277
-0.918688	-0.252445
-1.32345	-0.456762
0.0687742	-1.44803
1.46694	0.296804
0.117187	-1.39456
-1.01893	-0.781768
-1.65626	-2.06556
-1.25003	-0.902059
0.996163	-3.52235
0.0794339	0.0239609
-1.1882	-2.66007
-1.56805	-2.23166
0.0275461	-1.49904
-0.291204	-2.01915
-0.57228	-2.80432
-1.14903	-3.05473
0.345301	-0.836136
-2.87157	-0.497179
-2.21829	-1.61477
0.609675	-0.750888
1.5669	-0.851833
-1.96918	-0.32456
-2.10021	1.31185
-0.841595	-2.07307
-1.96845	-2.60401
-2.3367	0.268948
1.17812	-1.76935
-0.298985	-0.849892
-0.517592	-1.19047
-1.86412	-2.5925
-1.0116	-0.919421
-1.34151	-0.146662
1.39193	-1.2524
-2.34229	-0.559603
-0.708285	-2.66159
-2.47642	-1.28767
-0.158866	-2.26398
-3.15928	-1.36791
-1.4095	-2.93673
-0.504587	-0.894359
-0.991753	-1.59353
0.267907	-0.80682
-2.2655	-1.82428
-0.788769	-1.82953
-1.43835	-0.425959
-0.592614	-0.247265
-2.03117	-0.00924982
-2.7197	-2.7352
-1.1206	-0.145526
-1.65225	-1.62145
-0.382209	-0.680609
-1.33845	0.606702
-0.238939	-2.61568
-2.24875	-1.51509
-0.799971	0.871848
1.22159	-1.35347
-2.22797	-2.75916
-2.2866	-1.59605
-1.23837	-2.37679
0.0867729	-1.08046
-0.0014611	-1.81613
-0.25707	-0.62191
0.995049	-1.37435
-1.74852	-2.24405
-2.47434	-0.338798
-1.77688	-1.81077
-0.413375	-0.509598
-2.10036	-2.52143
-2.38732	0.588093
-1.14697	-1.21729
-2.62188	-0.829385
-0.793433	-1.61668
1.18791	0.390537
-1.48963	-0.377573
-0.208705	-1.13227
-0.740467	-1.28372
-1.98374	-0.568573
-1.64429	-0.470502
-1.47242	-0.611189
-2.17929	-1.48471
-0.934083	-0.610615
-1.96526	1.06476
-0.848377	-0.733498
-1.21753	-1.39465
-0.44235	-2.9439
-0.298269	-1.19002
-0.462872	-0.355845
0.0415133	-1.52447
-1.83542	0.0228565
-1.73175	0.430626
0.0129655	-0.843156
-1.64811	-0.587192
-2.05279	-2.74436
-2.95129	-1.20245
-2.16897	-1.28138
-0.607766	-0.645286
0.516327	-0.658734
-0.107232	-0.539231
-1.37098	1.52896
-1.4733	-1.39846
-1.03359	-1.47612
-0.650597	-2.48244
-0.15013	-1.91239
-1.15779	0.159763
-2.78337	-0.475484
-1.17395	-2.16756
-0.951724	-2.73098
-3.0237	-2.25879
-1.30989	-0.881999
0.901149	-0.122586
-2.25927	2.43585
-0.921678	-0.0277053
-2.08915	-0.220303
-1.97381	-2.37121
-0.227382	-0.121531
-0.843025	-0.0978068
0.603523	-0.389844
-1.15681	-1.85364
-1.09176	1.07128
-2.36007	-2.31226
1.28792	1.49489
-2.3233	-0.580535
0.166861	-1.25951
-0.346641	-0.303921
-1.05271	-0.742057
-1.25672	-2.53114
-1.91111	-2.18587
0.961893	-2.64372
-2.946	-0.686903
-2.70532	0.789738
-0.74563	-0.145555
-0.0127865	-2.47419
-2.20023	-2.27133
-0.809249	-1.99373
-1.77318	-2.33367
-0.819929	0.459974
-1.38951	-0.869025
-1.31136	-1.00478
0.491215	-3.34867
-1.0128	-1.45526
-2.21182	-1.37731
-0.598766	-0.755313
-2.47217	-1.93506
-1.08012	-1.06711
-1.64922	-2.5685
-0.773642	-2.4698
1.32791	-1.40633
-2.63498	0.0509295
-2.82041	-1.6078
-1.4888	-0.824956
-1.14632	-2.79172
0.364606	-1.06227
-1.11418	-1.6155
-1.66634	-1.9492
-1.59809	-1.6582
-1.84253	-1.53206
-0.49069	-0.838274
-0.762707	-0.987084
-0.725039	-2.06705
-2.22512	-0.764707
-1.73891	-0.400479
-1.33888	-1.56957
-2.04555	-2.2306
0.664301	-1.66013
-0.662372	-2.78424
-0.375271	-0.475871
-0.603288	-0.648516
-1.64953	-0.382141
-0.538774	-1.3465
-2.80087	0.0357484
-0.492186	-0.903794
-0.711034	-1.3589
0.0130903	-1.09797
-0.104972	-2.55933
-0.916851	-0.508377
-2.58613	-0.371125
2.02739	-7.85259
-0.771796	-0.920954
0.844692	0.0212988
-3.2282	-0.684691
-0.969505	-0.899185
-1.2826	-0.49855
-1.7158	-0.517072
-1.32303	-1.52011
-2.02569	-2.69077
-2.60428	-2.57336
-1.52244	-2.52463
-0.618339	-2.63909
0.348413	-2.30947
-1.76224	0.79234
-0.807361	-0.523018
-1.44983	-0.477345
-0.0208856	-2.51297
-1.02375	1.89123
-0.239547	-0.649843
-0.863442	-1.86035
-0.425997	-1.26334
-1.40276	-1.30128
-1.22015	-0.781667
-2.55358	0.114503
-1.86804	-0.898876
-0.114991	-0.982385
-0.321229	-2.4488
-1.11858	-0.24734
-2.2019	-0.872657
-1.33165	-0.955596
-0.584349	-0.226879
-0.289708	-1.38092
-0.123824	-0.0480256
-2.68537	0.0263349
-0.145869	-2.41896
-0.771948	-2.17286
-0.955206	-2.01965
0.212195	-0.722801
-1.98469	-0.974065
0.0356012	-1.81981
-1.93033	-0.128498
-2.05536	-0.312897
0.972701	-1.34251
-2.10822	-0.704984
-1.56007	-0.576826
-1.66599	-2.19661
-0.620338	-2.40606
-0.0687941	-0.988402
-0.0615373	-0.710613
-1.69701	0.261907
-0.254024	0.416111
-0.485713	-0.0832529
-1.0206	-1.90671
-2.01382	-1.99518
-0.914807	-2.04844
-2.75468	-2.83624
-0.96072	-1.86565
-1.10382	-1.53175
-1.61156	-1.03041
-2.23741	-2.37846
-0.973613	0.667088
-1.36295	-0.767303
-2.34168	-0.513681
1.01393	0.467089
-1.33614	-0.308256
0.0490761	0.216723
1.42044	0.308389
0.495425	0.72548
-2.09926	-1.19761
-0.0506883	-1.31132
0.37069	-0.152569
-0.0203229	-1.42862
-0.190628	-0.627852
0.739709	-1.34108
-2.95758	-2.09177
-3.13362	-2.24057
1.56991	0.450963
-0.545403	-0.811446
-0.365993	-2.22531
-0.0194702	-0.875286
-2.75792	0.171277
-0.967201	-0.830327
-0.25281	0.226514
-1.43624	-0.681792
-0.980135	-1.21686
-1.97088	-0.0849471
0.161408	-0.698219
1.84727	-5.15936
-2.06458	-1.07961
0.0556073	-0.256115
-2.9889	-0.503264
-0.1061	-1.53151
-0.144704	-0.417447
-0.100098	-1.90351
-0.0870927	0.0224952
-0.162575	-2.85082
-2.86614	-2.47017
1.40379	0.00801842
-0.631199	-0.200305
-2.02402	-0.481662
-2.2655	-1.38811
-0.141304	-2.73553
0.810917	-1.29791
-1.90204	-0.709831
-1.25524	-0.39782
0.840453	-0.126253
1.26862	-1.25884
-1.16688	-0.332949
-1.22078	2.05827
-1.73979	-0.27275
-1.35681	-0.244068
-2.40473	-0.951399
-1.96806	0.184712
-1.78008	-0.712659
0.629127	-1.16045
-1.32296	-0.621775
-1.94858	-0.364963
-0.698682	-2.05418
-1.61265	-2.76677
-0.386948	-2.04955
-1.13928	-1.755
-0.390021	-0.348853
-2.23073	1.09963
-0.254391	-1.23996
-2.14415	-2.39339
-0.929085	0.469097
-0.248595	-1.6532
-0.39316	-0.592208
0.938326	3.43282
-0.141116	-0.240163
4.51445	-8.17148
-0.318983	-2.37533
-1.09172	-2.44032
-0.345368	-2.02473
-1.34153	-0.563697
-2.07473	-0.203825
-0.670207	-2.30169
-1.80239	-0.550954
-1.34879	-1.751
0.0379952	-2.59119
-2.37136	-1.98805
-0.509512	-0.593326
-0.939269	-0.274622
-0.384192	-0.696744
1.30825	1.51796
-0.412851	-0.321111
-2.18028	-0.0260342
0.9388	-1.095
0.95722	-2.29536
-2.91097	-0.647398
-0.416311	-1.34508
-2.50118	-0.159568
-1.50883	-1.65544
-1.76338	-2.95744
0.682042	-2.05623
-0.894565	0.893585
-0.738066	-0.195487
-0.883502	-2.76115
-0.834581	-0.834716
-1.38744	-1.66324
-1.14561	-2.193
-2.55281	-0.418593
0.197097	-1.66
-2.0191	-0.594302
-0.723829	-1.52372
-0.595867	-2.72982
-1.43282	-2.34638
-1.81629	-1.54248
1.07291	-1.22246
-2.59691	-0.857701
-2.1539	-0.125545
-0.697757	-1.40159
-2.52201	0.558492
-2.60952	0.828899
0.820925	1.45877
-0.468949	-1.98687
-0.968099	-0.0718934
-2.4836	-1.7328
-2.06483	0.564365
-2.0322	-0.961473
-2.28193	-2.15316
-0.12395	0.397146
0.482603	-2.48103
-0.620718	-1.74254
-2.49478	-1.63259
-1.07704	-2.17489
-0.955261	-0.539236
-0.203434	-1.27663
-2.76518	-3.03449
-1.6681	-3.14098
-2.18065	0.717738
-1.45895	-3.01184
-1.53674	-0.349902
-0.310926	-0.54906
-1.18483	-0.118394
-2.03215	-2.10008
-0.389497	0.382133
-0.267213	-1.34724
-0.663585	-1.93026
0.887252	-2.30903
-2.14222	-2.93449
-2.95981	0.154767
0.501399	0.0355445
-1.3071	-2.7822
1.49063	-0.610164
-0.762721	-0.742029
-2.24753	-1.46873
-1.48107	-2.96628
-1.53628	-0.934612
-0.0617937	-1.33828
-2.00973	-0.155252
-2.6859	-1.52808
-2.68159	-0.0487021
-1.90136	-1.03585
-3.12952	-1.91805
-2.62592	-1.71966
-0.918001	-0.887149
-0.373792	-0.245896
-0.526239	-1.74532
-1.56304	-1.75604
-2.38759	0.56419
-0.487646	1.93737
0.0902539	-1.15845
-2.12988	-0.924508
-1.93244	-1.795
-1.17033	-0.700699
0.776499	-1.81804
-0.52112	-1.36371
-0.559046	-1.07497
-0.737583	0.092754
-2.38715	0.730719
0.0983472	-1.5018
0.311167	-1.04881
0.837543	-0.701112
-2.80807	-1.37759
1.17822	-1.54623
0.0361565	-2.05285
-1.86652	-1.35874
-0.194831	-1.31098
-0.338141	-0.493741
-0.724716	-2.77181
1.43075	-1.37603
-0.600187	-2.16497
-2.50538	-1.56245
-0.259998	-2.0054
1.93669	-0.118614
-0.414265	-2.43337
-2.04666	-2.87293
-1.90683	-1.82797
-0.785653	-1.59927
-0.244928	-1.35033
-1.58914	-0.720928
-0.934105	1.37081
-0.548203	-1.07257
0.251309	-0.522859
-0.946246	-1.42799
-1.40709	-3.06332
-0.305764	-0.746164
-1.17156	-2.86752
-1.15724	-0.84375
-1.32314	-2.34841
1.36781	-3.01996
-1.51102	0.240686
-0.434538	-1.12132
-2.98186	-1.50085
-1.50438	-2.00144
-1.46533	-1.41299
-1.63519	-2.1988
0.535527	-3.01826
-0.410291	-0.477293
-1.2883	0.639613
-0.0441413	-1.50048
-2.3178	-0.362097
-2.13778	-1.4276
-2.6997	-2.16026
-1.34202	0.137861
-1.55023	-2.43258
-0.292994	-2.06946
-1.2219	-1.83028
-0.560278	-0.591344
-0.858526	-1.89024
-0.0941832	-1.36478
-1.23307	-1.62574
-2.87302	-0.881698
-0.350792	0.0747285
-0.27469	0.91544
-0.575486	-1.7257
-2.29224	-0.572655
-2.06199	-0.797498
-0.513056	-2.24778
-1.36274	-0.783244
-1.73133	-1.39249
-0.989832	-1.28586
-1.99069	-2.59155
-1.37047	-1.75649
-0.854149	-0.269648
0.422729	-1.58631
-0.825873	-2.57585
-1.78793	1.55775
-2.25374	-2.66161
-2.56675	-0.682935
0.335881	0.176386
-0.629153	0.837186
-0.253276	-2.59115
-0.359376	-0.339214
-0.571369	-0.571413
-0.072158	-1.8347
0.523206	-1.97999
-1.47716	-1.55608
-1.3926	-3.07171
-0.694333	-2.29082
-0.604259	-0.444691
-2.65686	-2.47411
-1.86363	-0.395955
-1.8768	0.61832
-0.751553	-1.31903
0.605393	-1.4198
-0.800238	-0.741687
-0.625302	-0.493175
-2.23444	1.05047
-1.39741	-1.56586
-1.63904	-1.82213
0.0197838	-2.61523
-2.46084	-1.44693
-2.6253	-3.1608
-0.0880273	-0.448715
-2.03909	-0.281721
-2.77115	-1.37157
-2.07288	-0.777938
-0.872746	-1.67402
-1.0771	1.04405
-0.726504	0.93943
-0.784987	-2.38046
-1.18804	-0.163994
-0.538734	-0.905645
-1.71509	-0.127611
-0.650439	-1.08413
-0.529446	-1.67187
-1.65239	-0.980218
-0.0346517	-0.911696
-1.30972	-0.357519
-1.5555	-0.0701552
-2.13175	-0.00390552
-2.31083	-2.98718
-2.26401	-1.82446
0.225211	-0.949574
-2.30985	-0.158312
-3.00795	-1.20429
0.938212	-0.342286
-1.69013	-1.36905
0.0343157	-0.424573
-2.10161	-0.328024
4.45847	-0.94716
0.428905	-2.05303
-2.06784	-0.721036
-1.91532	-0.0169097
-1.70477	-0.716042
-0.227501	-0.885733
-2.44083	-0.300764
-2.34726	0.11342
-0.572657	-2.38722
-0.376732	-2.76536
-1.62779	-0.870057
1.92421	-1.11034
0.261407	0.153451
-1.93182	1.38822
2.5799	10.1358
1.51945	-1.22674
1.00665	-1.02842
-0.366497	-1.95528
-1.74916	-0.411923
-0.42634	-1.01749
-1.88672	0.155243
-1.36572	-0.128009
-0.779955	-2.28907
0.969787	-0.0395882
-0.752117	-1.69404
0.0199156	-0.693729
-1.68928	0.0785973
-2.07875	-1.14342
-0.794811	-2.51104
-2.21807	-2.88779
-0.212845	0.725184
2.59715	-3.01207
-2.72562	-1.45252
0.296951	-1.08426
-2.04844	-0.997352
-2.14045	-1.61151
0.98216	-0.725199
-1.26947	0.488275
-0.367816	-1.3271
-1.11819	-2.0858
-1.53938	0.0472823
-3.04247	-1.4226
-1.50775	-2.3504
0.880683	-0.708191
-0.0447812	6.86444
1.33899	-1.9803
-0.153359	-1.49023
-2.40006	-2.45345
-2.22968	-2.01039
-1.19229	-2.01203
-1.16036	-0.979347
-1.42908	-0.112719
-1.06845	-1.58216
-3.12631	-0.132983
-0.323822	-1.90819
-1.7036	0.68781
-0.86074	-2.11004
-1.65806	-1.136
-1.19451	0.0185113
-0.976482	-2.7633
-2.40624	-2.95356
-0.0702778	-1.47978
-1.85333	0.24953
-2.38835	-1.2743
-2.44702	-1.38024
-2.01357	-1.14858
-0.958916	-1.26906
0.066532	-0.566603
0.128505	-2.71896
-0.161017	-2.60998
-1.98566	-2.20437
-2.53337	-2.32888
-0.908479	0.0284742
-1.89403	4.37679
-0.470911	-1.89906
-0.443723	-0.376595
-1.79091	-1.68715
-2.81921	-0.235473
-1.14547	-1.86581
-0.101077	-2.01322
0.93898	-0.897844
-0.277917	-0.514788
-3.14006	0.0684783
-2.50156	-0.40836
-2.83434	-2.95349
-2.00106	-0.330708
0.379822	-1.55821
-1.10577	-0.876805
-1.43963	-1.33667
3.51841	-3.53147
-1.88562	-2.05708
1.74014	-1.28508
-1.11928	-1.83946
-1.25355	-0.737798
-0.294638	0.450124
-0.492614	-3.02296
-0.299579	-0.891689
-0.76897	-0.896782
-0.255411	-2.33464
-0.646536	-0.368977
-1.2369	-0.337297
-0.579254	-2.68728
0.496629	2.63304
-2.21647	-2.85435
-0.86109	-0.605051
-0.20134	-1.91339
0.122818	-3.98821
-0.794883	-0.0353784
-1.36721	-1.78061
-0.264919	2.36312
-2.11441	-1.2575
1.10343	-1.18698
-1.0205	-0.292144
-0.867452	-0.664132
-1.02671	-2.26344
-3.138	-0.188452
-0.0451548	-0.779738
-1.98318	-0.412597
-0.538131	0.147665
-1.57989	-1.90968
-0.732881	-1.05
-1.64668	-2.95711
-0.95003	-2.67902
-1.33067	-0.110743
-1.47928	-0.253565
-2.83924	-0.140815
-1.95846	-0.888529
0.780653	-0.292322
-0.270079	-0.18244
-0.500341	-0.872466
-2.08298	-1.81949
0.168273	-1.50324
-0.414896	-2.37317
-0.29079	-2.23854
-1.22818	-1.38028
-3.22447	-0.196307
-2.72914	-2.22752
0.222373	-2.07047
0.348378	-1.63725
-0.471549	-0.830597
-0.713984	-1.66251
-1.08705	-3.12279
-0.242103	-0.597095
-1.4024	-1.00032
5.40887	6.5582
-1.96669	-0.429565
-1.94253	-0.808106
-2.06357	-0.0426691
-1.17622	0.28211
-2.55735	-1.75652
0.890863	-3.52061
-1.17149	-2.71572
-1.74002	-1.96296
8.93151	6.55277
-1.57966	-0.73329
-2.09998	-0.313801
0.0179371	-0.883607
-2.12042	-0.124944
-1.25411	-1.38939
-2.40223	-1.73689
-2.7227	-1.6033
-2.69838	-0.661486
-1.27283	-2.0137
-2.74236	-1.58524
-2.44114	0.318537
-2.37059	-2.24201
-0.110333	0.898653
-2.40091	-0.249727
-1.21336	-1.30028
-0.33343	-0.338425
-1.60408	-1.84793
-0.682561	-2.72956
-1.99531	0.179727
-1.38357	1.47544
-0.206175	-2.35632
-0.195552	-2.17302
-0.147844	-1.49112
0.366517	-1.82259
-0.681998	-0.716659
-1.33641	0.847974
-1.42066	-0.565097
-0.700146	-0.837717
-0.0482519	-1.19297
-2.39339	-1.44778
-0.434591	-2.03559
-0.873963	-0.712902
-2.68189	-1.19866
-0.993636	-1.63763
-1.84081	0.305431
-1.12207	0.401993
-1.44997	-2.17852
-1.03877	-0.53906
0.947699	-0.281329
-0.501743	-0.981896
-2.18845	-0.39909
-0.245913	-2.81311
0.837516	0.725398
0.0106697	-0.077568
-1.53536	-2.8787
-2.69542	-0.216797
-1.72282	-0.506976
-2.41806	-0.140814
-2.60808	-2.49323
-0.70015	-1.57659
-0.910056	-2.20107
-1.08844	-2.4111
-1.95883	-1.03188
-0.327558	0.999567
-2.05662	-2.83725
-0.632502	-1.19418
-2.19492	-1.444
-1.59676	-1.62725
-0.126353	-0.0337138
-1.88065	-1.07718
-0.380086	-2.11734
-0.450618	-2.35133
-0.269914	-2.2568
-2.87618	-1.4814
-0.211272	-0.959606
-0.632608	-0.650557
-2.29777	-2.44784
-1.86441	-2.41472
-1.20443	-1.00579
-2.62459	-2.82422
-0.335062	-1.25543
-0.66076	1.38201
-1.31522	3.21709
-1.82999	-0.819318
-1.3351	-0.518599
-1.20139	-2.53522
-0.977545	-0.246197
-2.61734	-1.63643
0.731133	-3.23746
-1.57186	0.707309
-1.10193	-2.55267
1.01274	2.44745
-2.87595	-0.130315
-0.0729181	-0.0914092
-1.64401	0.0140123
-2.85804	-2.11683
-1.67652	-2.8953
1.2433	-3.06016
0.500201	-2.26688
-0.0243148	-2.41078
1.37938	-2.70406
-1.1997	-2.42369
-1.27563	2.24015
-1.81103	-1.9366
-2.26163	-0.451267
0.945362	-1.86487
-1.45872	-2.56596
-0.975278	-1.47064
-0.22981	-0.343982
-1.18256	-0.317845
-0.269632	-2.21365
-0.0202699	-0.709875
-0.354563	-2.59397
-1.84187	-0.705918
-0.250868	0.0278188
-2.8323	-2.27905
-1.08542	-1.40966
-0.900391	-2.99524
-1.32444	-1.19624
-2.71888	-3.15326
0.274029	-1.77646
-0.214488	-0.670924
-0.668877	-2.42212
0.779298	-1.60985
-0.591947	-0.880293
-1.08422	-0.498354
0.337104	-2.14019
-1.55201	-2.31624
-1.6984	-0.0635099
-1.87335	-1.30641
-2.45281	-1.4751
-0.296609	-0.0570785
-1.98613	-1.43168
-1.71279	-0.81427
0.453776	-1.06737
-0.12818	-1.66336
-0.00575684	-1.76831
-1.13065	-1.07799
-1.8841	-0.725293
-0.245935	-2.39379
-0.327129	-1.6689
0.324975	0.825098
-0.302508	-1.66803
-2.9772	-1.44046
10.1731	7.00988
-2.72672	-0.35369
-1.41463	-0.709069
-0.371957	-1.08269
0.949029	-0.36271
-2.22432	-2.71299
-1.89131	-0.212461
-0.814503	-0.328283
-0.789918	1.68054
-2.27095	-1.87856
-1.19097	-0.866135
-1.24649	-1.52533
6.77018	-8.07049
-1.09668	-2.98558
-1.84329	0.421636
-1.61028	-2.529
-2.62509	-1.81252
-0.21531	-0.940713
-0.254573	-1.52768
-0.635857	0.755364
-0.519428	-1.14068
0.526747	-1.47963
-2.39994	-0.239602
-2.15371	-0.709083
-2.07581	1.38294
-2.03274	-2.51622
-0.327561	-0.983515
-0.857424	-1.41315
-1.2365	-1.42108
-0.657419	-1.66197
0.110639	-1.18976
-1.18779	-2.12366
-1.38401	-2.29615
-0.403958	-1.56399
-0.118186	-0.356284
-1.03359	-1.42508
-0.195753	-2.98818
-0.773759	-1.62008
-1.21471	-0.335654
-2.20138	-1.19814
0.481873	-0.396209
-0.474985	-1.53892
-0.993814	-2.36235
-2.28942	-0.699866
-0.700138	-2.43579
-1.62168	-0.578866
-2.34033	-1.98128
-1.07103	-2.81512
-0.520607	0.284052
-2.80308	-1.47426
0.137018	-0.676973
1.90844	-2.18515
-1.74697	-0.307807
-0.497009	-2.13883
-2.74973	-0.408345
0.368487	-3.18461
0.181719	-1.90625
-0.641873	-1.342
-0.403984	-1.61323
-1.77345	-2.44981
-1.36093	0.317301
0.164301	-3.38421
-0.233581	-2.03967
-0.511923	-0.175301
-1.81127	1.56779
-0.58415	-1.32824
0.0745718	-2.75019
1.07882	-0.211023
0.122044	-1.40889
1.32071	-1.0421
0.281786	-0.918498
-0.970223	-2.26143
-1.70532	-1.22571
-2.09365	-1.10844
0.58224	-1.7211
-1.55519	-1.47698
-0.0409161	-2.91483
0.839823	-0.621043
-2.33468	-1.31313
-1.98184	-0.763298
-0.134563	0.138026
-0.362984	-0.108989
-1.43814	-1.98179
-0.540639	-0.0683395
-0.863733	-2.74913
0.33396	0.725229
-1.39151	-0.278679
-1.86565	-1.21129
0.154425	-2.35001
-1.20189	-2.13741
-0.191058	-0.311567
-0.155946	-1.11469
-0.460795	-2.31138
-3.19176	-0.792296
0.489899	-0.677104
-0.930343	-2.36723
1.11612	-1.2574
0.220947	-2.38654
-0.763701	0.882966
0.236794	1.65996
-0.648435	-0.206243
-0.261681	-1.17693
-2.14465	-0.195636
-1.89928	-0.865305
-3.0146	-3.07487
-2.81698	-0.216264
-0.58127	-2.96059
-1.70561	-1.43328
-2.62126	-0.231186
-0.390495	-0.190565
1.59951	-3.82795
-0.408943	-2.5698
-1.69687	-1.59922
-0.77501	-1.12458
-1.89246	-0.659845
0.73083	-0.768226
0.566363	-0.147416
-1.66451	-0.554531
-2.06925	-2.5354
-2.15122	-0.933494
-0.329978	-2.44516
-0.32777	-1.75664
-1.98491	-0.0676843
-2.58287	-0.302643
-0.929815	7.07206
0.233357	-2.06914
-1.26377	-0.244287
-1.95899	0.52424
-2.58468	-1.48681
-3.03622	0.0516193
-0.550477	-1.72778
-1.26695	0.390749
-1.73092	-1.57878
-2.10952	-2.12696
-0.829918	-0.521464
-1.59044	-1.67409
-0.847123	-0.71997
0.975801	-0.170874
1.30606	-1.53962
0.0827419	-0.786788
-1.8377	-2.69316
1.52127	-1.25719
0.583494	-3.77203
0.4933	-1.63703
0.114167	-0.180195
-1.16151	0.536377
-2.69938	-2.67907
-0.995485	-0.147546
-0.791835	-2.64479
-2.18978	-1.3645
-1.83071	0.641977
-0.856598	-0.526759
-2.40354	-1.42899
-2.72907	-0.868955
-1.79729	-1.6011
-0.391485	-0.900675
-2.87486	-0.328356
-1.4605	-0.490558
-2.76456	-2.0624
-0.384787	-0.577429
0.758119	-2.46445
-1.45081	0.142861
-1.42994	-1.60717
-0.672805	-2.46768
-3.13277	-1.59628
-0.657785	-0.163023
-2.17126	-1.45394
-2.60135	-0.0704289
-1.74462	-2.02377
-2.13483	-2.3972
-1.88749	-2.44015
-0.237503	1.27283
-1.47309	0.13368
-0.714072	-1.26228
5.04265	8.9048
-0.596023	-1.59526
-0.379639	0.034882
0.00396383	0.284244
-0.111627	-2.78679
-1.96728	-2.54227
-0.319915	-0.621201
-0.175397	-2.86228
-1.04273	-0.197458
-1.7648	-0.696272
-0.603111	-0.459129
1.44337	0.0789988
-1.21016	-1.62317
-1.80994	-0.382784
-0.782845	-1.54777
-2.93067	-1.0056
-1.48409	-2.76683
0.0354702	-0.961622
-1.60465	1.01968
-1.02526	-2.25672
-1.94099	-1.00588
-2.00276	-2.59777
1.41194	0.75346
0.777277	-1.32445
1.12363	-1.61454
-2.09409	-1.41016
1.01534	0.939272
-0.983638	0.804321
-1.86697	-0.466888
-2.75024	-0.531936
-1.48832	0.182712
-1.70578	-1.23809
-1.32061	-2.38884
-0.914096	-1.66735
0.13928	-2.04352
-2.22878	-2.19355
1.97648	1.09752
-1.51359	-0.564831
-1.15266	-2.19879
-1.36547	1.03102
-1.9863	-0.274857
-0.757017	-1.50664
-2.14786	0.493922
-0.780385	-1.9281
0.755891	-1.48642
-0.434201	-0.587826
-2.76832	-1.02268
-0.35729	1.83348
-2.50689	-0.632076
1.19386	-1.89958
1.00765	-1.53302
-1.27248	-0.448883
-1.12202	-2.68867
-0.942256	-2.82311
-0.146366	-0.464547
0.41979	-2.79315
-1.03443	-2.67531
-1.86512	-0.196147
-1.61515	0.44836
0.598606	-1.86178
-0.733918	-2.6451
-2.21776	-2.9577
-0.660667	-3.02336
-2.45844	-0.0617502
-0.78992	-2.30795
-0.336121	-2.64069
-1.05238	-0.827968
-0.370436	-2.9358
-0.583419	-2.68381
-1.32958	-1.71889
1.09084	0.591355
0.918313	-1.37997
-1.00957	1.47099
-1.12987	-1.56194
-0.753735	-0.781521
1.1092	-2.35328
-1.06684	-1.73283
-1.48205	-0.50704
-0.174059	-0.678376
-2.34723	-1.96872
-2.37883	-1.53747
0.170619	-1.46215
0.247298	-2.48773
-0.114243	-0.295711
-0.514344	-0.283856
-1.14841	-1.42523
-1.01047	-0.465296
-2.9139	0.46968
-2.52965	-2.5981
-0.96977	-2.79083
-0.526385	-1.5724
-1.34789	-0.233746
1.29906	-2.17305
-1.10911	-0.252521
-1.30782	-1.84288
-0.293714	-1.59769
-0.274161	-1.02323
-2.17937	-0.467792
-0.675344	-1.37927
-1.53844	-0.0270009
-0.479289	-2.12606
-0.877939	1.23586
-0.41307	-0.752287
-0.880711	-1.16769
-2.40582	-0.706278
-2.6022	-1.09965
0.00258634	-1.30447
-0.707803	0.8848
-0.136073	-0.917555
-0.0897832	-0.459818
-2.11329	0.484749
-1.31668	-2.28362
-2.0535	-2.95228
-1.35082	0.288414
-0.945609	-2.06552
-1.49615	-0.297523
0.118044	-1.93848
-0.637268	-1.40555
0.456407	-1.9667
0.919735	1.81506
-1.26342	-0.215614
-2.51378	-1.82582
-1.0671	-2.74329
-0.14824	-0.177172
-2.47231	12.5552
-0.497196	-2.41698
-1.15764	0.164929
-0.905211	-2.58481
-0.577405	-1.09245
-1.23705	0.326823
-1.5184	0.125636
-0.826888	-1.05398
-0.643451	-0.77228
-2.11153	-1.75736
-0.366013	0.78347
-0.3997	-1.21518
-0.0915268	-1.05819
-0.829227	-0.666081
-0.707761	-1.53111
-1.72554	1.65988
-0.00660629	-0.159689
-2.75391	-1.92696
-1.46785	-0.711808
-2.13218	-1.44456
-0.0845039	-2.19655
1.23119	-1.31121
-0.866505	-0.683714
-2.46201	-0.14308
-0.690342	-2.23676
3.53165	2.48303
-0.854212	-2.02013
-0.954497	0.0814708
0.124234	-2.45212
-0.84465	-0.987166
-1.39391	-0.207021
-1.5227	-0.0922411
-0.320022	-1.3371
-0.943629	-2.20792
-1.32663	1.57554
0.863263	-1.87437
-0.47055	-0.791365
-2.29312	-0.78154
0.897809	-0.681077
-0.899066	-2.89491
-2.63231	-0.864602
0.109995	-1.7213
-2.81796	-2.28711
-1.19386	-1.35078
-1.32343	-2.11411
-1.944	-1.72883
-0.641391	-1.43457
-2.57421	-0.492887
-1.64071	-1.34283
-0.283399	-1.55126
-2.59435	-2.34541
0.490701	-0.457551
-0.496458	0.351329
-0.351561	2.83609
-1.28046	-0.496562
-2.83989	0.901792
-0.764572	0.140519
-2.60725	-0.540203
-1.27562	-1.63427
-1.13176	0.0203924
-2.15723	-1.86124
-2.15183	-0.374356
-0.819625	-1.25155
-1.93779	1.16669
0.586254	0.620892
-2.20823	-2.28474
0.636387	-2.90942
0.926764	-1.93221
-0.556627	-2.30371
0.130658	-0.858447
-0.290779	-0.481527
-2.18317	0.0162616
-2.38037	-2.05537
-2.08664	-0.324983
-0.653321	-0.299643
-2.18468	-0.257325
1.5938	10.5031
0.0413079	-2.16007
-2.1352	-1.77262
0.27132	-0.31974
-2.15957	-0.458715
-2.27381	-2.18528
0.372776	0.216567
-1.95712	-0.984237
-2.58554	-1.50335
-1.30068	-2.44961
-1.48029	-2.65095
0.0603747	-1.31037
-0.603978	-0.494251
-1.89588	0.139998
-1.04824	0.373998
-0.528966	0.754593
-2.87582	-3.02138
-2.82565	-0.424051
-0.622974	-0.253758
-1.66467	-1.07567
-2.30838	-3.27204
-1.58508	-0.581404
-0.649901	-1.06932
-1.16405	0.961081
0.828275	-0.333919
-1.11629	-1.0423
-0.882679	-0.0963343
-2.93426	-0.874115
-2.01881	-1.07613
-0.681071	-1.61074
0.146486	-2.02946
-1.14372	-0.694993
4.06011	4.10567
0.405582	-0.941728
0.152635	-2.02819
-1.18798	-0.476711
-1.90787	-2.19775
0.310165	0.0426925
-1.08166	-2.87321
-0.156786	-0.468505
-1.70272	-2.23153
-0.286312	-1.77328
-2.40302	-1.83052
-0.285805	-1.22688
-1.57182	-2.29781
-1.03611	-0.24222
-1.72593	-3.07265
-1.26011	-2.57594
-0.300959	-2.51941
-0.00675493	-0.777975
3.06553	-1.07851
0.829311	-1.36008
-2.29103	-2.68596
-1.51615	-0.79229
-1.04995	-0.950728
-1.52233	-2.3557
-0.986874	-0.518101
-0.903603	-2.0376
-2.07717	-0.395431
-1.20831	0.967846
-1.17517	0.42518
-0.646044	-1.69076
0.296575	-0.557406
-3.06528	0.543558
-1.55889	-0.579669
-1.00431	-1.26672
-2.04076	-1.80022
-1.72755	-1.81512
-2.50188	-0.357251
0.698867	-0.769517
-0.492973	-0.40818
-1.00945	-2.70254
-1.78765	-0.760481
-0.276705	-2.16898
-1.63465	-1.20975
-1.52638	-1.26525
0.635147	-2.3263
-0.954302	-2.45666
-0.248207	-0.0619814
-1.48267	-0.638772
0.119225	0.370264
-2.53635	-0.317581
-0.473566	0.0562955
0.333072	-0.541346
-2.50864	-1.84842
0.567733	-1.25973
-1.1211	-2.51184
0.08049	-0.778486
0.302585	-1.66548
0.481896	0.432297
-1.62039	-0.473398
-1.84021	0.711737
-0.650628	1.04279
0.200034	-1.57437
-1.21919	1.49388
-2.68746	-1.54515
-1.84601	-1.85001
-1.31008	-3.09853
-2.30119	0.276647
-0.380459	0.479231
-0.516122	-0.852611
-0.848639	-2.17375
-0.678808	-1.99774
-1.85272	-0.237978
-0.157868	-0.44293
1.12165	-1.71912
-0.453205	-0.896254
-1.1032	-0.0210769
5.15239	-13.6277
-2.32152	-0.14378
0.933113	-0.263384
-0.616805	-2.2492
-1.04473	-2.51175
-0.496341	-0.547755
-1.91301	-1.21097
-0.706445	-0.974605
-0.716125	-0.687893
-2.91593	-1.37809
-0.623708	0.0741634
-2.06634	-1.6206
-0.883547	-1.99213
-0.959111	0.397929
-1.99619	-1.17868
-1.40627	-0.475693
-2.01503	-0.126924
-1.65807	-1.22086
0.0408692	-1.9168
-2.12479	-0.84089
-1.36562	-1.05538
0.307344	-1.17078
-2.16779	-0.391649
-0.65284	-2.21952
-0.95155	-0.262432
-2.65964	-0.508738
-2.97704	-2.35601
-2.40233	-2.60851
0.634058	0.96264
-0.269094	-0.382542
-0.827357	-1.08558
-2.6553	-0.839013
-0.395079	-0.816357
-0.524501	0.769564
-0.567122	-2.68954
-2.8952	-2.10598
2.69722	-2.45837
-2.10899	-3.08413
-0.0750129	-0.207816
-3.07548	-0.681542
-0.60253	-2.09831
0.00607367	-0.795272
-2.29082	-2.26906
-2.12173	-0.448344
0.923877	-3.05735
-1.47575	0.103012
-0.100753	-0.0394067
-2.39779	-2.65265
-2.31744	-0.121707
0.338984	-1.85916
-0.692498	-2.34803
-0.445171	-1.78592
-1.74534	-2.75775
-1.42421	0.170088
-0.607139	1.3976
-1.29185	-0.526348
-0.530655	0.221907
-0.855988	-1.41239
-0.643477	-2.80401
-0.739803	-0.104962
-0.510985	-0.111653
1.19106	-0.194535
-0.172823	-0.381444
-2.66234	-1.68419
0.910513	-2.69057
-2.39985	0.176621
-2.90504	-1.51169
-2.30183	-0.230191
-2.03279	-2.10198
-0.28107	-1.55027
-0.437871	-1.27688
-2.25009	-0.662115
0.559611	-1.86706
-1.16392	-1.37054
-0.878461	0.379343
-2.87559	1.14447
-2.14645	0.81161
-2.14004	-0.431555
-0.0822009	-0.551585
0.0430247	-3.05764
-2.11292	-2.06754
-0.569919	-2.49777
0.338572	-2.49075
-0.496689	-1.13648
-0.848866	-1.12147
-0.0823175	-1.86969
-2.16252	-0.854722
-1.06675	0.607663
-0.419749	-1.98509
-1.67044	-1.58791
0.141127	-2.97866
-1.70757	-2.30427
-0.233463	-0.772888
-1.29757	-0.636725
-0.0724416	0.556396
-0.248415	-1.4962
0.690963	-1.26184
-0.116152	-2.14782
-0.944099	-0.525357
-0.457409	-0.765885
-0.904722	-2.42848
0.102092	-0.0184927
-1.20935	-0.116089
-0.633436	-0.287115
-0.0212765	-2.03849
-0.182695	-0.32325
-1.66263	-1.93133
0.912499	-2.72951
-2.36247	-2.39867
-2.41907	0.629457
-1.45696	0.036939
-0.55531	-0.186803
-1.43133	-0.694646
-3.08927	-2.48733
-1.52103	-0.548981
-0.339183	-2.2477
1.89371	-0.710646
-1.19698	-2.20074
-2.28248	-1.54442
-1.01871	-2.03876
-1.06088	0.263846
-1.81053	-2.00915
-0.321283	-1.67575
-2.12059	-0.233653
0.147707	-0.509396
-0.307456	-2.64035
-1.58555	-2.41087
-0.0758555	-0.459426
0.230896	-3.28478
-2.37897	-0.67618
-0.517696	0.0319106
-1.59233	-0.0622302
0.101365	-1.90431
1.17774	-0.106942
-1.02175	-0.735088
-1.17714	-1.55888
0.530285	-2.01091
-2.53792	-0.6185
-1.21596	-1.14117
-0.538124	-1.77426
0.424077	-0.400024
-1.43401	-0.86294
-2.87623	-0.548919
-0.244249	-1.46081
-1.51745	-0.36509
-1.11606	-0.0954272
-1.06504	-1.00525
3.6576	-1.57182
1.27693	-2.93669
-1.15078	-2.35597
1.5262	-1.9549
-0.377708	-2.43968
-2.88771	-2.28481
-1.25817	-0.364934
0.0572413	-3.05379
0.960679	0.991741
-1.62603	-1.16634
-2.65452	-0.978692
-0.961396	1.10961
-1.07101	-2.28599
0.129944	-1.20153
-0.0409448	-2.0686
0.18692	-1.78044
-0.119502	-2.83557
-1.43813	-1.46959
-0.376166	-0.233257
5.60556	-2.53577
0.72459	1.53111
-0.00689854	-1.20085
-2.61965	-0.372021
-1.00897	-2.90867
-2.00218	-2.84104
2.1086	-2.1966
-0.788388	0.546064
-1.90388	-1.30371
0.245498	-0.549714
-0.583816	-0.320758
-0.736579	-1.70501
-2.45311	-0.53921
1.56717	-2.12814
-0.401934	2.19345
4.75075	-2.94827
-1.77157	1.7557
-2.01528	-0.277807
-0.75579	-2.1451
-1.09866	-0.443209
-2.53151	-2.36705
-0.162509	-1.9939
-2.66951	-0.57084
-0.565562	-0.451717
-1.28904	-1.75013
-1.88012	-1.96422
1.14338	-0.394974
-2.35056	-1.45183
-3.08303	-2.67803
-1.01658	-1.01542
-1.70583	-0.117627
-0.69183	-0.759312
-1.63939	0.714937
-0.174952	0.657313
-2.12142	-1.14912
-2.57114	-2.39566
-2.12437	-1.85471
-3.1461	-0.281855
7.65741	-3.56093
1.17813	-0.61391
-2.40942	-2.35022
-2.21058	-0.803343
-0.904104	-1.32288
-0.115089	-0.419274
0.823002	-0.00429194
-2.05512	-1.97384
-3.08823	-0.239787
1.39693	-2.92615
-2.11978	-0.917918
-2.47539	-2.51235
-0.437822	-0.152024
-2.29177	0.0855258
-2.43516	-2.496
-1.73014	-0.483305
-3.13071	-2.01626
-1.45545	-0.62369
7.32349	-11.6447
-3.1302	0.445547
8.77482	6.51854
-1.92546	0.877094
-1.43172	-1.98573
-1.27718	-1.50227
0.693275	-0.483573
-1.30952	0.233535
-2.39433	-1.34241
-2.46946	-2.01804
-0.54787	-1.50883
-0.557378	-2.03759
-1.54176	-2.58791
0.213557	-0.387235
0.82364	-2.99082
-1.94765	0.28961
-1.82943	-0.346617
-0.59408	0.817861
-1.31643	-1.76933
-0.97054	-0.773088
2.48087	-3.05239
-0.0316776	-1.31355
-0.482856	-1.22372
-1.07039	-2.12397
-0.349094	-2.88056
0.799163	-1.98149
-0.336009	-0.0718374
0.718489	-1.60839
1.09723	0.69852
0.643762	-2.68805
-1.71215	-1.89755
0.0795099	-0.568112
-1.57028	0.216209
-2.23492	1.17706
-0.979492	-0.410914
-2.99454	-0.274601
-0.86797	0.095671
-1.65606	-1.16053
-0.0766872	0.448286
-1.09285	-0.707955
0.226859	-1.75751
-0.953356	-0.872741
-2.09808	-0.291809
0.259643	-1.79784
-0.761878	0.32715
-1.79378	1.03404
-1.86509	-1.73425
-1.05199	-0.0676913
-0.729161	-0.949445
-0.0844886	-0.675711
-1.59587	-1.36826
0.595625	-0.497666
-0.175109	-1.77993
-1.2328	-1.00213
0.0244637	7.5094
-2.59166	-0.598441
-2.29488	-1.17667
-1.97787	-1.90081
-2.64418	-0.0343624
0.208986	-2.87107
-0.298174	-2.08307
0.394339	-2.02512
-1.1294	-0.521668
-0.868496	-1.45631
-0.872158	-1.02207
-1.49602	-0.689599
-2.1526	-0.027963
-0.112428	-3.68958
-0.485356	-2.17683
-2.18687	-2.38635
-0.852287	-0.0891119
-1.94546	0.0817138
-2.90516	-1.22443
-1.4231	-1.00537
-1.10269	-0.178232
-1.16273	-1.41603
-1.30367	1.67917
-1.41855	-0.15223
0.184293	-2.83736
0.38437	-2.18633
-3.04164	-1.43406
1.77996	-1.24671
-0.655751	-0.113443
-0.666537	-0.985504
-1.07959	0.0301107
-0.821477	-2.93822
0.444455	0.632062
-0.6492	-1.67406
-1.30007	-0.0964085
-2.62307	-2.49826
0.203804	-2.53495
-2.6288	-2.76652
0.269574	-1.46809
-1.08531	-1.76931
-3.13649	-2.13771
-0.876237	-0.431215
-1.22443	-1.36236
-0.441844	-0.740118
-0.971156	-1.1354
-2.26874	-2.91359
-0.281206	-1.40025
-0.390747	-0.951203
-0.450508	-1.67768
0.357821	-0.735262
-1.6677	0.881729
-1.69675	-0.781996
-0.899094	-0.500542
-0.706142	-2.82274
-1.9578	-1.52796
0.757003	-1.58934
-1.73457	-0.986814
-3.15417	0.688024
-1.00689	-0.518442
-2.23554	1.14114
-2.34727	-0.562453
-0.937479	-0.109811
-0.447143	0.192219
-1.95428	-0.218163
-1.3808	-2.00976
-1.44481	-0.630792
1.21702	-1.7585
-1.46504	-0.481098
-2.23466	-3.02519
-1.87822	-2.28865
-0.98936	-0.637306
-2.03117	-2.72945
-1.00187	-0.382969
1.63877	-1.44458
-1.78078	-2.03052
-1.31464	0.0296803
1.54535	-2.10938
0.423873	-2.06021
0.425756	-0.741976
-1.51144	-1.95286
-0.498632	0.501715
-0.838518	-2.01662
-1.14782	0.28567
-0.249052	-1.01328
-2.48999	-0.587047
-0.381271	0.0227789
-1.15069	-0.363637
0.574491	-1.38789
