13.7574	4.26833
14.8541	6.12663
13.6373	6.40924
14.8661	5.66753
12.1701	6.42124
13.9588	4.98572
12.6685	4.77815
12.1318	3.05686
13.8489	5.36481
13.4503	2.96516
12.22	3.2795
14.8915	4.66382
13.8539	3.52184
14.9405	5.6762
14.2098	6.43067
13.6377	5.59742
14.0115	6.10583
14.9251	5.93946
14.0673	4.24565
12.6988	4.56839
14.4965	5.37316
12.9071	3.62138
13.2757	3.06046
13.5031	5.72821
12.1353	5.87315
13.1054	6.32774
14.631	4.33757
13.2188	4.90145
13.0352	5.41901
12.9253	3.33095
14.6201	5.55478
14.2836	4.24889
12.8294	4.98073
13.3375	5.60805
14.6504	5.88254
12.977	4.14981
14.68	4.57794
13.2691	3.4793
14.5685	6.08302
14.8885	6.52467
12.8709	5.51626
13.6874	3.1078
12.2885	6.21612
12.701	3.89882
13.8596	3.76579
14.9333	3.91406
13.1175	5.34888
12.4887	5.08532
12.7474	3.42792
14.5114	3.88549
14.8881	6.29391
12.5658	4.83637
12.973	3.17746
14.0977	5.95955
13.7611	4.38351
14.6249	4.64153
14.9851	5.8131
12.6937	4.3072
13.6279	3.48469
13.9021	6.68554
13.5527	5.33984
12.7003	4.30085
13.0816	4.00727
13.7293	6.57727
14.4649	3.30196
14.8929	5.66332
12.927	4.94169
13.8759	6.19208
14.7616	4.81136
14.2325	4.78493
14.4671	5.57974
13.7002	3.35991
13.3206	6.91282
13.471	4.80396
13.8888	3.50968
13.6149	5.86471
12.4335	4.95964
14.3953	5.97233
14.1169	5.20318
13.565	4.54525
13.565	5.30312
14.0391	3.98123
12.8929	5.93715
13.5753	5.79268
12.0886	4.09321
11.8735	5.80357
14.8632	5.82103
14.8043	5.86391
14.5237	5.60639
13.7805	6.08038
14.1913	4.05205
14.2704	5.16299
12.5394	5.71187
13.2182	4.23211
14.751	4.75814
14.2959	5.62212
13.117	3.90099
13.6828	5.77255
12.7729	3.04146
12.4882	3.00662
13.4198	4.88238
14.2073	6.20405
12.7071	4.62999
12.2661	5.6476
12.9142	4.89465
14.9409	5.6078
13.1545	3.48848
12.9459	3.00805
13.9486	4.65057
13.5092	5.06975
14.2126	3.55218
14.9477	5.22015
13.3405	5.75434
13.944	5.52491
13.2326	4.31839
12.7903	5.3575
13.9831	4.94482
13.4108	4.65387
14.9277	5.48453
14.9897	5.69495
13.6846	4.77342
14.0061	4.75907
13.2846	5.67191
13.0017	3.5934
13.5352	5.00077
11.9219	3.95012
13.9219	11.4269
14.3802	6.56261
14.7338	4.90417
13.8595	5.97528
14.791	4.25247
14.4224	6.52858
14.863	5.74979
12.5087	2.92717
13.8592	5.49843
14.2372	4.98335
14.0406	5.14132
12.8591	4.45258
14.9139	4.43013
14.3488	4.45731
12.852	5.89627
13.4106	4.45117
14.4123	3.7383
13.2455	3.39293
14.5355	4.35908
12.5325	5.71515
14.1947	3.39311
13.518	5.87064
14.7096	6.32631
14.6388	3.90892
14.0846	3.3983
12.9596	6.87416
12.6158	5.12478
12.5955	6.53647
13.8812	3.45068
14.0219	5.19185
13.8797	5.38781
14.1561	4.3802
14.6762	3.71926
12.7738	7.94361
13.7223	6.58951
14.1266	3.18845
12.7556	4.74459
12.8224	5.76359
13.5266	5.16443
13.7998	4.08986
13.0562	3.3565
13.5534	3.98005
12.1832	3.74077
12.9628	6.12137
14.1937	4.6983
14.3901	4.97104
13.5798	3.75275
14.2968	4.79882
13.5902	6.25483
12.9573	3.90088
13.4565	6.02008
12.5718	5.39432
13.7551	5.0968
13.47	6.12979
11.8489	3.39584
14.2327	4.00763
13.517	5.58291
14.453	5.52211
14.9026	5.39672
14.4578	5.43509
14.6293	5.33462
12.1505	4.83877
14.7319	5.40899
11.9347	5.94872
13.63	5.05364
12.7769	5.83954
14.0466	5.71407
13.6446	4.43382
13.6101	4.96752
12.0873	8.25156
14.1752	3.4081
14.4802	6.15713
14.0841	3.85773
13.5479	4.01174
14.5299	4.00468
13.2819	6.60535
14.4229	6.03323
13.3537	5.97924
13.4267	4.62398
13.5694	4.9501
12.9511	6.00874
14.3689	2.79494
14.7077	6.01965
14.426	3.0814
12.4776	4.60013
13.76	4.16198
13.4186	5.29705
12.6075	3.41048
14.2928	6.23979
14.4163	6.87185
12.9133	5.43018
13.4339	3.81844
14.7925	4.00866
14.6181	4.97097
12.0481	3.15088
13.2374	7.2044
13.5647	4.91788
14.9878	5.68038
12.7906	5.29653
12.8134	6.22697
14.4464	5.45887
12.1839	5.07846
12.9643	2.96791
14.5347	3.25073
14.2269	3.377
14.4355	4.5569
13.5389	5.64059
13.4278	7.29347
12.2663	2.9707
14.9534	5.72522
12.561	5.2617
14.9495	6.13978
12.9103	5.97163
11.9332	4.58506
12.3574	4.77554
14.1657	3.0151
13.9646	4.70126
14.872	4.98581
14.7745	3.48051
14.6091	5.68793
13.5799	6.1013
13.3696	4.4333
14.0613	5.82582
14.9325	4.71786
14.543	3.50563
13.8223	4.75704
13.0529	3.94242
14.3553	4.45638
12.6255	5.51451
12.1657	4.08517
13.3259	5.04633
14.6023	4.45512
12.1636	5.6623
13.9672	3.15041
12.1992	5.71546
13.5346	5.41686
14.4761	4.16451
13.6591	4.82922
14.9177	5.10001
14.2103	5.09131
14.6468	3.69732
13.2079	5.78554
13.0748	3.35131
14.9967	4.8965
12.7401	5.44106
14.2243	5.28899
14.6844	4.73118
12.0649	5.86351
13.0715	3.71689
13.3858	8.06769
13.0835	5.54237
14.0514	4.27931
12.2262	3.42819
12.3462	5.86201
13.9094	3.85032
13.9981	5.37352
14.7897	3.4344
12.3654	4.72987
12.8452	4.36659
14.0121	5.85203
12.6587	4.86887
13.9195	3.9359
12.6666	6.28427
13.5988	5.40364
12.2246	3.63679
13.4508	4.26818
12.599	5.61233
13.541	4.58654
14.2704	3.42384
14.0025	4.28562
14.1974	4.45627
12.6942	5.02389
14.6887	6.35519
12.8759	5.22644
13.4551	4.04691
12.0437	4.011
13.6104	5.735
13.1193	5.9751
13.2929	6.15379
14.0972	5.58199
13.1828	4.91214
12.0278	6.43471
14.1241	5.4322
13.021	5.27227
14.5224	3.95914
14.9798	5.6446
12.7661	6.96518
14.8486	3.88805
13.1239	5.38502
13.0295	4.95509
13.5114	4.63448
12.9474	2.99905
13.5045	4.18414
13.0541	4.46982
14.0914	3.89242
14.8719	4.86029
13.4621	4.62082
13.7436	4.11656
14.1604	6.11188
12.8485	5.90647
12.7131	5.82737
12.4052	6.18544
12.8667	3.56928
14.9146	4.25838
13.3275	3.67537
14.323	5.20012
14.1265	5.45473
13.2495	5.43375
14.7305	5.26623
13.0209	3.45954
14.5511	5.78536
12.6999	5.44573
14.9441	4.18339
14.7696	4.7089
12.3093	2.9556
14.0564	5.50942
12.4028	6.36377
14.7477	7.19795
13.2692	5.92932
14.8458	4.538
14.8119	3.59424
13.3938	3.84638
14.447	4.56445
12.0834	4.92428
12.9186	3.13179
12.5855	3.96019
13.0966	4.40981
13.2649	6.01949
12.7595	5.85623
14.4212	6.60379
14.845	4.08763
14.3801	4.02216
14.6194	4.32791
13.6261	5.54787
14.9502	4.7494
11.9307	5.66117
12.226	3.99728
14.775	3.10775
14.0821	4.31554
14.4946	3.16543
13.5964	5.26883
13.8315	4.40595
13.342	3.72639
14.0046	6.87011
13.2242	6.59776
14.952	3.74155
13.5315	4.31416
13.3145	5.53206
14.5016	5.44822
14.1949	3.93801
12.9455	3.71985
14.5926	4.20346
14.7603	4.96227
12.6255	5.57185
13.1579	4.95029
14.67	5.73177
11.9226	4.50088
13.26	3.62875
12.4763	4.71275
13.8303	5.58186
12.315	5.60093
13.9882	5.7232
13.9119	5.46998
13.4655	6.62331
14.0446	6.43618
13.8473	3.86917
14.178	6.35417
12.9935	2.89839
13.6768	6.60229
14.9386	4.54567
13.0255	3.7841
14.3362	4.76422
13.7129	5.13142
13.1546	5.09718
14.5337	6.16342
14.944	3.20071
13.7091	4.136
14.7561	3.93693
14.5735	4.7313
13.1137	5.44202
13.3587	5.07528
12.7555	5.80066
13.1971	4.54501
14.5413	4.79102
13.9495	5.56944
13.0485	5.01651
14.8106	5.55925
13.518	4.74625
14.6605	3.0933
14.2534	5.25678
14.1224	4.56608
13.8037	5.08567
13.6433	5.38253
13.9192	6.08151
12.4323	3.14677
13.4997	3.32208
11.9786	3.47611
13.0166	6.35842
14.827	3.39364
13.5428	4.67808
12.4441	5.77787
12.1564	3.71668
12.1094	5.17463
13.4377	3.84192
14.6416	5.14006
14.5677	3.02609
12.6968	5.9017
14.6316	5.29217
12.3666	4.6679
12.7202	5.78936
12.6992	3.36379
14.4888	5.29168
12.8616	4.7289
12.4974	6.92216
13.6695	5.24615
13.5828	5.2625
14.7028	4.9697
14.6149	3.77197
14.4582	4.5262
12.8574	3.75272
14.2878	4.09883
14.4901	5.67659
14.4133	5.14733
14.4792	3.78312
14.8467	4.52556
12.6981	4.69781
12.7685	5.9684
14.2644	7.95807
13.8823	4.74015
14.6867	6.52086
12.6229	3.97544
12.3305	4.46314
14.103	3.1745
13.5626	4.69925
12.9091	3.43944
12.709	4.80724
14.5962	5.96581
13.4531	4.16689
13.6171	5.95485
13.9473	7.51589
12.258	4.90557
13.1946	5.51863
12.3773	4.63865
14.7919	3.63177
12.1519	5.37815
13.9784	7.10831
13.7106	3.78498
13.7929	5.6235
11.8922	4.67054
14.285	5.31254
14.8701	5.60392
14.1862	3.18004
14.5359	4.01415
13.7565	5.69538
12.2785	3.44867
12.433	5.6606
14.2822	3.05213
13.3461	4.84503
14.2868	7.82188
14.0494	4.99345
14.3681	4.04068
14.0151	5.3441
14.5359	6.51322
13.8822	6.12161
13.7505	4.27133
14.3445	4.77031
14.3564	4.7922
13.0652	5.23956
14.9773	4.21833
12.3377	4.35789
14.4638	4.60877
14.1801	4.75904
14.8433	4.72
14.0631	2.95742
12.8005	3.18207
14.8722	5.66782
13.3825	6.56196
14.9343	3.63368
14.9449	4.39713
14.1072	5.61232
13.0547	6.17637
13.5467	4.85451
14.9061	5.06112
11.9704	6.69936
13.8972	6.55757
14.2166	4.63628
14.3799	3.67594
13.7398	6.9211
13.339	5.54498
12.205	6.01531
14.2594	5.56041
12.2969	4.0777
12.4173	3.20406
13.6122	3.51877
12.7689	4.86043
14.0074	5.78365
14.8177	3.39411
13.8969	5.42343
13.7253	5.60673
14.586	5.39413
14.8166	3.37486
12.0789	5.79168
12.4541	6.91816
11.9141	5.66823
14.1815	4.75686
14.8296	3.43956
13.0176	4.65957
14.9861	3.82073
13.4652	6.31132
14.6312	4.60975
12.9727	4.8112
14.1064	3.8621
14.8357	4.08203
12.6264	9.80765
13.2821	4.40653
13.8906	4.34226
13.379	3.8321
12.7753	3.7615
13.5136	5.81899
14.7381	5.8839
12.3892	4.47996
13.5363	5.68395
13.2825	5.96617
14.9653	5.4912
12.7028	5.0004
13.699	3.52446
14.6658	3.57799
13.5834	5.97061
14.5323	4.2177
14.6823	3.93027
12.1908	5.81805
14.6462	5.88393
13.2794	5.86773
13.6194	5.88969
13.0232	5.51934
13.5457	4.78022
13.8607	3.27983
14.5678	4.13659
13.8318	4.76576
14.2181	4.83714
13.1924	7.00858
14.8876	3.9784
13.3544	6.26667
14.4387	3.77681
12.0914	6.18411
12.4585	5.68104
12.7851	3.37203
14.4247	5.35249
14.9858	4.91961
13.7757	7.55834
14.7495	4.91904
12.7869	5.84103
13.2992	5.53023
14.5645	3.53328
14.1791	5.82856
14.9296	4.52932
13.4247	3.11181
12.96	4.62842
13.772	3.67216
14.1105	4.40328
14.0904	4.5722
12.503	5.69182
14.914	6.0886
12.5115	5.85829
12.6291	3.89893
13.1463	4.95662
12.126	5.65056
12.0892	6.84769
13.7374	5.04355
12.4187	4.96772
14.1113	6.40404
14.6485	5.6456
14.8387	3.84697
12.3552	4.75369
13.6117	6.10882
13.6146	3.21918
14.1153	4.99409
14.8088	5.98483
14.5578	5.76001
14.4633	6.51549
14.1952	4.60856
14.0516	5.46259
12.4208	4.89444
12.3017	4.76506
14.2705	4.68283
14.8368	6.71871
13.9335	4.54924
13.7128	5.97076
14.265	3.81516
13.8664	3.71853
13.435	5.91247
13.7072	4.8034
13.7036	4.49199
12.2482	3.49159
13.9344	5.69962
14.676	3.48025
13.0055	3.16104
14.0145	5.89591
12.5632	4.5724
12.7353	3.61218
14.2432	7.06402
12.0108	4.24372
12.9534	5.24714
14.3494	3.83488
14.1443	3.89727
13.8863	5.72806
14.1589	4.69946
13.989	4.81409
14.977	6.23716
12.3866	3.73179
14.5545	5.83939
14.4833	5.8097
14.1666	5.47974
13.6819	7.27061
14.4146	6.41305
12.2311	5.8815
13.2246	5.23734
11.9588	4.12478
12.7031	5.28067
13.8964	3.6449
13.6831	6.00831
14.0993	6.02313
13.5195	4.30308
13.9637	4.15937
13.1125	5.41965
14.358	5.24414
13.62	4.01674
12.5428	3.92601
14.8279	5.19798
12.7529	5.60098
13.9304	5.68013
13.892	3.95515
13.4377	6.75793
13.4882	5.4653
14.8183	4.52562
12.0138	5.69487
14.9163	5.65854
14.1713	4.24172
13.2521	5.41072
13.9735	5.70294
13.7068	5.23342
14.8948	5.79208
13.2193	4.65422
12.385	4.63647
14.3778	3.15822
13.898	5.65399
13.0614	4.59012
12.5617	5.60757
12.9319	4.13293
12.6409	3.93913
14.3836	4.84533
14.3753	5.15725
13.845	3.94653
13.8315	5.05321
14.1269	6.00259
11.9486	5.41242
14.6729	5.865
14.4491	3.56679
13.9192	5.25835
12.908	3.13188
12.948	5.5606
13.8852	4.11247
13.3806	3.42497
13.2723	6.82918
14.3081	3.26525
14.3784	4.49594
12.1071	5.4409
12.6925	4.65126
13.7057	5.64878
14.456	5.13924
13.9806	3.61971
13.2551	5.02797
12.7445	6.91478
14.3109	3.3234
13.9735	5.80514
13.77	5.21075
12.899	3.31659
12.5156	3.96353
12.7105	5.53196
13.668	5.17679
14.6881	6.56456
12.2405	4.78519
14.9135	5.78716
14.9204	5.82913
14.8004	6.45139
14.2303	3.35063
12.8021	4.11394
14.9799	6.97329
12.1658	7.7901
13.3485	3.30271
14.5111	5.44389
13.8747	6.59764
13.9801	5.46369
13.1297	4.96557
13.0538	4.26642
14.3047	5.07227
14.1857	5.45453
14.2473	5.89191
14.1	5.68916
13.1504	4.33488
12.384	5.43088
12.3641	5.28319
13.6911	5.96533
14.8512	3.66575
13.4614	6.49322
12.0414	4.28087
12.9935	3.83658
12.0963	4.64325
11.9482	6.56555
13.1173	5.38155
12.5464	3.29873
12.183	4.22087
12.9106	5.68809
12.3513	5.28089
13.4935	4.84528
14.6986	4.07434
14.4702	6.45766
14.681	3.34346
12.833	4.09946
13.571	5.66985
14.8076	4.71118
14.8052	6.00119
14.7283	3.48714
14.2664	6.01672
12.891	4.98932
14.9507	3.99099
13.0949	3.75633
14.1118	6.00629
14.956	4.99922
13.9532	5.3119
13.767	3.25393
11.9773	5.35403
14.1246	4.3887
12.976	4.01351
14.993	5.88165
12.4294	4.11674
13.244	4.1349
13.1494	5.80028
14.2778	5.40221
13.8237	4.30765
14.0409	5.99158
12.6269	4.2092
13.4124	3.30699
13.8907	3.68225
14.4406	2.89825
14.4116	4.77663
13.5945	5.82214
12.1896	5.714
13.2018	3.87567
14.8963	5.62601
13.3397	5.17693
12.4877	4.9338
12.5654	4.98962
14.9503	5.62857
13.3861	3.73537
12.3223	3.23248
13.4712	6.36579
13.0308	3.43996
12.887	5.3788
12.7819	3.45929
14.7662	3.96884
13.5672	7.68135
13.0347	5.58543
14.627	7.11943
14.4327	4.43491
13.4855	4.90451
14.2742	6.30799
12.3545	6.04449
13.3586	5.72138
12.9182	3.62513
13.8445	5.20887
12.8336	5.82892
13.9735	5.31498
13.0607	3.37004
13.7482	5.27193
13.7984	3.72042
13.5474	6.93387
13.7194	3.34724
12.9796	4.17724
13.5091	2.93704
12.5336	4.80366
13.1935	4.59528
13.9866	4.4109
14.6548	6.10859
14.9779	4.88008
14.7401	6.16064
14.2178	4.3124
13.1321	5.71145
14.9892	4.55414
12.8157	6.15723
13.0336	5.34577
12.3637	5.52779
14.6894	3.92049
14.741	4.88829
14.703	4.70601
13.8963	3.93312
12.3361	4.77362
13.835	6.03231
13.2816	5.26891
12.4628	3.43125
13.5339	5.05421
14.1604	4.46418
13.4546	5.68932
13.9935	5.77217
13.4496	5.81316
14.8673	3.79514
13.422	5.09924
13.4388	4.4732
14.5058	4.35984
12.9986	5.89205
14.773	4.58983
13.2829	5.14377
14.4137	4.45865
11.9945	5.01457
13.5335	5.28218
13.0574	4.1334
14.6705	4.36477
14.9525	5.5873
14.8386	4.73098
12.6253	6.14303
13.4394	4.0043
12.8107	4.44582
14.3213	7.29805
12.7378	5.01367
14.7399	3.46358
14.2379	3.92035
14.6364	5.43393
14.4307	5.55323
13.7281	5.60121
12.7057	5.38954
13.3657	4.05241
12.5692	4.47549
13.9558	5.78596
13.8139	6.44348
13.7009	7.71486
12.4792	5.46755
14.6589	4.19666
12.6544	3.35024
13.8073	5.40337
13.8933	4.00909
12.6934	5.8063
13.3342	3.92541
13.6673	4.53222
13.99	2.96278
14.7864	5.0395
14.1938	6.49234
13.6876	6.56902
12.8441	6.04978
13.8598	4.7669
12.1667	4.43977
14.0465	4.47313
14.3861	4.96255
14.8562	5.18934
12.4998	3.33749
12.6369	5.4189
14.4869	4.1332
13.5043	4.15878
12.7994	5.95639
12.9508	6.72707
13.3577	3.85103
14.4185	3.49439
14.5347	4.63381
13.2561	5.06559
13.2061	3.15364
12.7621	6.14308
14.0158	3.72551
12.8117	3.39044
14.841	4.9821
14.7786	5.00281
13.2247	5.37866
14.4117	5.5538
14.6898	7.30148
13.1803	4.11253
13.1419	4.42218
14.7048	4.54008
13.658	5.97536
13.2655	5.17981
14.2593	5.81002
13.1364	5.71345
14.2908	6.25677
14.3254	4.92527
13.3004	4.34863
14.7986	4.39339
14.9052	6.13687
13.9569	5.2484
12.0967	3.78233
13.3783	4.65577
13.8732	4.75025
12.8926	6.63699
14.123	4.65642
14.6513	5.02801
14.3865	4.45565
14.2447	4.50607
14.0839	4.82973
14.8272	4.65125
12.0527	5.28524
14.7952	4.71368
12.5033	3.95015
12.9813	3.03674
12.3317	4.50218
14.3406	6.15022
14.5715	4.34849
14.8201	6.5062
12.6943	2.93915
13.6135	4.2339
13.7221	4.17667
14.4112	5.94463
12.6281	4.9262
12.7942	4.8733
14.5861	5.67136
12.0603	4.38075
14.0447	3.50935
13.2473	3.37674
13.4163	6.50559
14.2883	3.17723
11.9205	3.78936
13.248	4.9115
14.351	5.11449
14.5073	6.39466
12.8278	4.49609
14.082	3.85733
12.9154	5.34261
13.2527	3.24069
13.7068	3.90285
13.8387	5.8021
13.1535	7.13728
14.1051	5.33581
13.2083	3.78861
12.7043	5.4659
12.2787	5.66901
12.9407	5.72174
14.0878	5.96408
13.5831	5.29806
13.1615	3.34481
13.6553	3.57702
13.0433	4.53748
12.9516	4.11163
13.2993	6.41446
13.5101	3.72964
14.0578	3.5267
14.2658	6.88565
12.333	5.3584
13.9729	5.44598
13.1538	3.99923
14.6571	4.6318
14.7837	6.33287
13.3961	5.82229
12.4488	5.7099
14.3345	3.06211
13.5467	4.91068
14.8117	4.98037
12.2634	3.35129
13.661	3.87504
14.6075	3.53875
13.394	4.33888
12.8949	4.35552
14.0665	5.1699
13.8863	2.99472
13.1163	6.61106
14.0767	4.77879
14.433	4.96327
12.9135	3.65479
12.5559	6.11197
13.725	5.25562
13.468	3.19076
14.2612	4.86663
13.2964	3.16538
13.6612	4.27909
12.9684	5.18549
13.7441	5.45786
14.1917	3.48194
12.9954	6.90279
13.9408	5.52884
14.5146	6.51585
14.4834	4.2854
14.5145	6.1711
14.171	5.1426
14.7508	5.06968
14.2222	4.61219
13.4781	5.66091
13.3548	5.17102
14.891	5.91767
13.5646	5.33532
13.6983	4.89408
13.0539	3.08449
14.0835	4.46689
11.8713	4.83449
13.4767	4.66102
12.6034	2.96549
13.0067	5.71333
13.5391	4.28806
14.1891	3.45391
14.5662	3.92889
14.6051	4.61485
14.0127	5.9517
13.8006	3.4121
13.7117	3.64642
13.1839	6.27892
13.9826	4.30717
14.9132	4.0497
14.5858	4.19538
13.378	4.32003
12.0415	3.09402
13.0949	3.90664
14.8707	4.17868
13.5406	5.02697
13.737	5.95548
13.8035	5.24374
12.6426	5.20909
13.4208	6.30195
13.3495	3.30752
14.2366	5.75565
12.2677	6.52294
14.469	5.13831
14.6063	6.07462
14.0666	4.00929
14.5912	6.83473
13.3665	4.93328
14.2917	3.19865
14.0398	6.03896
14.8439	5.96364
12.9878	6.09768
12.9593	5.2146
14.5119	5.91322
13.092	3.72622
13.5058	4.33834
12.4983	3.29473
13.5231	5.42081
14.722	5.29977
12.9673	5.80218
14.1724	5.56478
14.8382	3.05177
14.6161	7.0328
14.2994	6.27238
12.7028	3.29197
12.8423	4.08668
13.6837	4.37434
12.7398	6.0821
14.545	5.93407
14.7514	4.79117
12.1369	4.53674
14.04	3.82747
11.9877	3.59454
14.4382	6.96916
14.3585	4.8499
12.7971	4.12336
13.674	5.70052
13.8144	4.99552
14.6144	4.05915
13.9295	3.43936
12.1144	5.21477
12.5128	4.29602
14.2295	6.02679
12.3528	3.98503
14.6933	4.30901
12.7645	4.64821
14.9998	3.52191
12.7078	3.93635
13.9652	5.69896
14.1729	7.91567
14.8043	4.99627
14.4893	5.49646
13.1108	5.81768
12.9264	5.37088
12.9575	4.13126
13.8259	6.16726
13.771	5.26507
13.708	5.22717
12.5406	4.76417
14.7653	4.57456
14.9334	6.57967
14.5406	6.01271
14.0767	3.23418
12.6485	5.64643
13.8264	4.26512
12.4222	5.61266
14.5611	4.97467
14.3884	3.99099
14.0901	4.80786
12.8929	3.27949
14.999	4.64268
14.6929	3.68773
14.127	4.14776
14.5241	5.12824
13.7136	4.69102
14.718	4.36251
13.8964	4.85283
13.7251	4.25639
14.7661	5.29587
13.3834	5.85452
12.9316	3.65265
12.6016	3.09953
14.4395	3.23529
14.1976	5.59561
13.7303	6.78674
12.8535	4.69899
13.7416	6.0043
14.2562	4.21949
14.3276	2.94055
12.4432	3.96326
12.9247	5.96204
12.7808	4.00216
14.9101	6.00317
14.5241	3.30993
13.5964	4.82043
14.3739	4.25339
12.5378	5.95429
14.445	4.76455
14.6331	3.92033
12.6359	6.07225
13.9537	5.56591
12.1176	5.79247
13.1	5.71235
14.0539	5.4008
14.9141	5.58792
14.0254	3.55407
14.4805	3.97346
11.9801	3.83183
13.9529	5.14851
13.8279	3.06283
13.291	3.6666
12.4683	3.37871
14.8466	3.72656
13.4181	4.46042
12.8511	4.9158
13.7028	5.21819
14.9952	3.40122
14.2629	5.44601
13.9505	4.74448
13.6426	3.12707
14.681	5.93878
13.7534	3.38268
13.6958	3.6083
12.5065	4.43893
12.3932	4.04118
13.5947	4.85459
14.1397	5.44616
12.6295	3.25595
12.1701	5.61369
12.9714	4.3643
14.5836	4.19757
14.6484	4.26823
14.1129	3.09821
14.6744	3.42229
13.5905	5.00178
14.8415	5.55303
14.925	7.17107
12.4212	4.75343
14.3899	4.919
13.6763	5.68601
14.338	3.84638
13.5971	3.39637
14.356	4.35363
14.233	4.25554
13.516	3.26972
12.9954	5.84655
12.8313	4.20707
14.2786	3.29914
13.9376	5.16578
14.8477	6.92291
12.5694	5.19907
11.9942	4.13665
13.2651	3.74269
14.6016	3.95195
12.6425	4.67155
13.1069	5.71177
12.3988	5.53288
12.3541	5.41331
13.8129	3.99523
13.2841	2.87456
14.716	4.30339
12.637	4.83871
13.5226	5.77381
14.1033	3.4557
13.5445	5.95707
14.3697	4.25545
14.7108	6.76475
12.801	4.21926
12.0423	5.48519
11.8942	3.39072
12.9823	3.74542
14.8848	5.00148
14.632	5.57499
13.8825	4.62808
13.3314	5.52184
13.4084	4.31116
12.3045	3.62663
13.0349	6.18003
13.0424	5.5693
12.3149	3.20574
13.7838	4.77934
13.9336	4.63386
14.9181	5.25178
14.853	5.05928
13.3755	4.2174
12.5701	4.78214
12.9458	4.20666
14.1198	6.10389
14.75	4.93182
13.3122	3.2878
14.4153	3.86829
12.8605	4.66899
13.5357	7.15773
13.1744	4.74397
13.6893	4.78184
14.8702	3.11604
14.7027	4.68115
13.153	3.67647
14.0701	6.20457
13.1306	7.41863
12.1036	4.13278
11.8411	4.24342
14.7031	5.09698
14.8109	4.40257
14.8298	5.56048
12.3931	6.61186
14.7896	4.88276
14.9642	4.11177
13.4692	2.94407
12.9876	5.35311
13.4361	4.80547
13.7544	3.2706
11.8163	5.66223
14.7179	4.26364
13.3775	7.67807
14.8646	6.35489
12.8438	4.24369
12.4852	3.96167
14.1631	4.51688
12.7972	3.09842
14.5323	4.77528
12.2581	4.15116
13.9596	4.32104
14.1877	4.77141
14.5728	3.6454
12.4399	4.58729
11.8943	6.1065
13.4476	3.2627
14.118	6.11673
12.3481	5.24026
14.2619	3.26804
14.3866	4.90358
12.9133	5.73737
14.138	3.67415
14.7421	4.4521
13.1404	4.58887
13.8293	3.72222
13.4676	7.56389
14.9065	4.34385
12.0748	8.9875
14.4544	5.10757
12.0806	3.88912
12.5878	4.02732
13.5182	5.53422
13.6839	4.61524
13.2281	5.25447
12.2969	5.25807
12.3941	6.70049
13.9437	4.68913
14.2325	5.02676
13.2469	3.06199
14.3542	5.43055
13.1897	5.43779
13.0811	3.97732
12.1487	3.23546
14.3011	4.2922
14.924	4.0851
14.2551	7.06425
12.5877	4.58033
13.67	4.83962
12.8536	4.0907
13.6048	4.64489
12.5281	5.88557
13.0346	5.04394
13.588	5.45863
13.8566	5.08479
13.6952	3.24085
12.5071	3.67562
12.2644	4.67447
13.7416	4.08193
13.5519	5.04344
14.2399	6.06409
12.1647	6.04212
12.8894	5.32392
14.5104	3.29293
13.1535	3.96699
13.9249	6.00225
14.7628	7.47517
14.4019	4.98802
14.3755	7.76573
14.1912	4.86493
14.4926	3.26514
14.4478	7.48098
14.4259	4.65818
13.0177	5.68422
13.0761	6.11399
12.6202	5.16905
12.4763	4.00706
12.3628	5.75018
14.7578	5.70579
13.0072	6.82156
12.6428	3.08329
12.1991	3.18546
12.1615	4.58985
14.3894	3.8751
14.267	5.56052
13.228	4.85235
12.8547	4.0175
14.7178	4.45876
12.7206	5.2285
13.7149	4.59168
13.4653	4.92705
13.0773	6.31777
13.6596	5.2763
12.4279	5.5862
13.5059	2.96408
14.0685	3.66701
13.3076	3.65502
14.0879	5.82792
13.2873	4.06894
13.3639	4.67777
14.2379	6.03164
13.8843	3.68214
12.5465	5.02204
13.4497	4.78815
12.101	5.57377
12.7403	3.66928
13.9848	4.24278
14.2411	5.05821
14.7124	4.77215
14.7214	3.58888
14.6323	6.79548
14.6971	4.47799
14.6534	5.01711
13.6761	5.43655
13.0081	3.79353
12.1755	5.78141
14.4676	6.43986
11.9051	3.77367
13.8007	4.47338
13.0293	4.68024
12.7854	3.19626
14.233	4.23204
13.1861	3.85572
13.8963	3.42007
12.9088	5.129
12.4084	3.08867
12.8091	5.7651
13.7264	5.5779
14.5278	4.17444
14.0101	3.33791
12.8529	4.11797
12.9614	4.91274
13.6059	5.43411
14.7248	4.73474
12.3211	4.4689
14.2097	5.40142
12.622	6.07362
14.7985	4.93454
14.2469	4.01937
13.0857	2.94072
13.5286	5.30707
14.0465	3.66096
14.1022	5.81066
12.2918	3.49577
14.8837	3.38984
14.7894	3.74259
12.5179	5.32166
14.9291	6.12643
14.6214	5.09597
14.5343	4.669
12.2227	5.38151
14.9576	4.27726
12.2913	5.22141
13.1934	4.19072
13.6204	3.57426
12.901	4.13862
13.6365	5.85749
13.9971	3.44019
14.1729	5.42535
13.7534	5.33583
13.2523	6.83702
14.5657	5.65756
12.0354	5.51634
13.6338	5.76137
14.9426	4.44486
14.9296	5.16415
13.4903	3.11262
14.2813	5.66019
14.3946	6.48699
12.7221	3.27085
12.9009	4.47243
13.6718	4.89103
14.1775	5.24854
14.9103	4.35514
13.3985	6.26947
14.1874	5.19739
13.0875	3.76232
12.3837	4.22465
13.8633	3.14293
14.4949	6.15705
12.3101	5.01724
14.331	3.52883
13.7483	5.72696
14.8176	5.49768
14.6898	5.30887
13.9515	4.54325
14.0921	4.49338
14.7889	4.96883
13.2923	5.83592
13.7229	5.25787
14.3067	4.02468
12.3798	4.4061
13.8955	3.44727
12.8941	3.39685
12.9242	5.69395
12.0656	3.39391
13.109	5.29599
13.8097	5.71028
14.0707	5.4292
14.8113	4.62726
14.0625	4.53904
12.9177	4.58559
13.4636	6.65168
13.7321	3.65856
12.9679	5.7849
12.356	5.25539
14.4843	5.66031
14.6855	3.29533
12.0821	6.35261
14.0232	4.09651
13.761	5.36881
14.133	5.00714
12.4814	3.85886
14.1491	5.11937
14.0011	5.59025
13.6622	4.79276
13.7048	3.63813
14.678	4.27579
14.3145	3.78568
14.7419	4.17729
11.7894	6.16682
14.0273	5.45864
13.4318	3.01426
14.3073	5.53596
13.9057	3.96316
13.9626	5.46584
14.4756	4.95979
14.4343	5.74196
13.8434	4.16378
12.8342	2.86621
14.7784	5.91517
14.4345	5.13039
14.1896	6.05397
13.9167	8.02607
14.0108	5.7414
14.5863	4.39464
13.3532	4.12035
14.62	4.48046
12.911	4.16194
12.6406	5.98944
12.6936	3.56449
12.4947	4.05833
14.2981	5.37031
13.2967	5.67276
14.0544	5.69056
14.1558	5.70325
13.2679	4.34399
14.4223	4.10983
12.8312	4.79558
14.1534	5.40327
13.6028	5.20799
14.473	5.98151
14.1864	5.80782
14.7223	5.15443
12.9753	5.23659
14.9836	4.20349
14.6592	4.53136
14.7728	5.6435
14.6621	5.91544
13.7788	3.23031
14.3302	4.92041
13.192	3.93071
13.3546	5.79465
14.7683	3.12804
11.8129	5.95244
14.2045	3.20961
13.5789	6.11647
13.4732	5.70846
14.2172	5.22317
12.8771	6.11144
12.9535	5.98368
14.2478	4.09893
14.7162	5.36828
12.2621	4.72288
14.1117	5.61954
13.6489	5.94652
13.6299	5.22005
13.4729	4.19606
13.9881	5.39543
12.6463	7.37935
12.397	4.15342
14.7181	4.17206
14.6527	5.0207
14.7551	5.55329
14.3395	3.61368
14.4889	4.20269
14.6369	4.24576
13.1524	4.47464
13.9737	4.17704
14.5054	4.4409
12.8813	5.91037
13.4033	3.72661
14.0019	5.83305
12.29	4.32388
14.4669	3.04544
14.5367	4.94568
14.2096	5.79271
12.4615	3.04866
12.7069	5.8023
13.5395	5.46142
12.6748	5.87654
14.402	5.55712
11.8762	6.08513
14.0695	4.54464
14.476	3.47155
14.6606	5.91475
14.8109	5.27447
14.9084	3.89768
14.9812	3.57007
14.773	4.35844
12.7646	6.10851
14.5342	5.48098
13.015	3.43189
13.0139	5.0111
13.2921	4.54408
14.556	4.57111
14.3564	4.44207
14.5463	5.58428
13.9416	3.52999
14.6095	5.55622
12.4332	5.09008
13.2845	6.19057
12.8955	4.90751
14.1566	5.09482
12.6656	4.14119
13.0892	4.86503
14.4035	4.49381
12.8251	4.90195
14.1605	5.11264
13.8951	5.77019
12.5108	5.86918
12.3057	5.26544
12.8844	6.85198
13.8856	4.7407
14.4413	4.8782
13.7096	4.82877
13.7032	4.05024
13.3049	3.95549
13.6715	5.66199
13.4769	5.07412
14.6555	4.07913
12.7966	5.59377
13.7178	3.10202
13.4287	3.01425
13.9573	5.61135
13.5046	6.4527
14.1496	5.74938
13.861	4.89711
13.6578	4.89655
13.814	3.32122
12.0526	5.03603
12.5118	4.07351
14.1809	4.6417
13.523	7.3453
13.4634	5.61036
12.9997	2.79647
12.7388	3.30174
12.366	5.73892
13.2729	3.73841
13.0091	4.50659
13.9119	5.71485
13.2283	5.50375
14.3817	4.83108
13.6764	4.30083
12.6794	4.83491
13.5674	4.08231
13.9607	3.09229
12.3995	6.68455
14.5539	5.40997
14.1136	3.18306
12.997	6.1824
14.2385	5.35181
12.5992	6.1134
12.5919	3.13147
13.8712	5.27603
14.6937	4.22823
13.5182	5.19472
14.5497	5.80588
14.3615	5.12866
14.2853	5.54805
14.8134	5.1013
13.146	4.39497
12.6989	4.33771
12.3221	5.4994
13.9239	5.17414
13.8537	4.75476
14.715	4.81119
13.2253	5.59907
14.5389	4.73808
12.703	4.37567
13.9175	4.32593
12.9872	5.43572
13.7849	6.5425
13.9533	3.36764
13.2355	5.29868
12.5737	4.79371
12.9637	3.71171
14.5054	6.57954
12.5527	3.73801
14.5509	5.94166
14.8855	6.14162
12.4526	5.772
13.5002	6.62597
14.338	4.01837
12.8752	3.9606
13.1187	4.72035
12.6054	4.28412
14.281	2.83774
13.1758	5.38974
14.508	4.78417
11.9711	4.0588
13.5889	3.69779
13.3071	3.73201
13.465	4.22949
12.0818	4.48258
13.4866	4.81829
14.6798	5.42095
13.1129	4.92613
14.6643	4.39747
13.7504	3.92277
14.2995	5.44407
13.4148	6.4226
14.7268	5.43748
14.6651	6.66187
12.6427	5.566
12.9697	4.96986
13.8494	5.26365
13.5916	5.67206
13.3189	3.5678
13.9547	6.38144
12.4888	4.26099
14.667	3.99165
14.3137	4.62443
14.3324	4.86503
12.8096	6.5646
13.8918	5.60298
13.1215	4.38163
14.7767	4.58846
14.7513	4.89912
12.5089	4.23815
12.5853	4.69929
13.2294	5.36302
13.8849	5.73558
14.2975	5.40743
13.3934	4.17783
12.4263	5.56302
12.9951	4.43933
12.1309	4.5455
12.6944	6.03796
12.613	4.94461
12.4283	5.98375
13.7087	4.19033
13.5994	6.92131
13.2884	5.8218
14.9747	3.48547
14.2117	4.62628
12.3643	4.5699
12.085	4.12405
14.3854	4.98722
12.5218	4.41876
13.9434	5.56697
13.6502	3.80283
12.5917	5.47123
12.4943	4.51412
14.3676	4.42254
12.8541	5.14212
14.9427	4.95876
13.1553	5.39888
14.9592	6.58
14.3372	4.97958
13.1871	5.93981
12.5618	5.89731
13.5557	6.85928
13.4601	4.6236
14.5294	3.98707
13.2011	4.89868
14.9497	3.33151
13.4912	4.32021
14.0754	2.90824
14.0985	5.99969
12.5522	3.49785
14.1476	5.13824
12.7692	3.73032
13.4745	5.49568
14.2621	3.85121
12.3623	6.06672
12.8542	3.17097
12.3957	5.09551
12.8239	5.36493
12.4426	5.65558
12.6922	5.44636
14.2705	5.97485
13.049	3.90016
12.7072	4.69092
13.4315	4.40256
13.0324	6.53071
13.7084	5.08217
12.283	4.54986
14.3914	5.62853
12.3396	4.51648
13.8672	5.46872
14.1816	5.12272
13.8233	5.18976
14.9705	5.32616
13.7165	5.7873
14.4555	4.13639
12.2821	6.47667
13.4716	3.89578
13.389	3.36084
12.4694	3.48883
14.0755	4.67889
11.9892	4.38719
12.9382	5.16696
13.1916	6.60326
13.1647	5.84253
14.222	5.36291
12.785	5.0391
14.5775	4.2331
12.8582	4.35064
14.4834	4.83177
13.7925	5.29196
12.7192	5.27289
14.5134	5.87649
13.6478	5.90465
12.5251	8.60856
13.3632	4.80746
13.2259	7.52731
12.9517	3.68928
14.6997	3.21072
14.3343	3.94677
14.4476	5.50069
13.3254	6.97196
14.0745	3.3815
13.9032	7.14675
14.0186	3.21773
14.4473	4.50383
14.7683	5.26226
14.6745	5.79076
14.6278	5.58263
13.6971	4.88639
12.7406	6.19197
14.959	3.02571
13.5419	4.41411
12.989	4.85299
12.2091	5.00021
14.4806	3.21121
12.6295	4.96494
13.4952	3.67266
13.8444	3.18812
14.0821	5.55483
14.9612	5.01085
12.8616	4.50466
14.4762	3.50281
12.6151	7.35016
14.325	4.19339
13.2224	6.15282
14.5339	5.1476
13.9944	5.47104
14.2419	5.07185
14.0207	5.4484
13.9232	6.09466
12.8609	4.37221
13.3452	5.11666
14.0187	3.58778
14.4119	4.81365
14.7447	7.4596
13.8968	6.26454
14.2044	6.53195
14.6745	3.10335
13.5216	5.07084
14.7328	3.43333
13.4735	4.74171
12.5965	6.05235
14.1448	6.07449
12.5036	3.74729
14.5245	5.33318
12.208	6.63611
14.7433	6.72409
12.3146	3.60619
12.8311	6.25016
14.3888	5.08905
13.2648	6.16674
14.6675	5.44242
13.9088	4.75833
14.7982	3.41092
12.3502	5.85473
14.6119	4.19076
13.9884	4.75419
13.1151	2.95686
14.6003	5.7586
14.1835	6.19102
13.4796	6.89406
13.6056	5.99881
14.7585	5.70634
13.8239	3.62629
13.5285	5.05876
14.8877	3.73225
13.8739	5.89664
13.3789	4.28956
14.5002	3.94931
13.5891	3.54264
14.1081	3.51625
13.5689	4.3435
12.5985	5.84645
13.1946	5.28053
14.584	4.66509
12.3048	6.41712
13.437	7.26116
13.0709	5.4004
13.691	5.48272
13.8032	5.84341
14.9642	4.15472
12.2717	4.3139
12.4813	5.21767
13.7729	3.68698
13.9152	5.73944
12.7994	5.65023
13.1106	5.14348
12.9778	7.30631
14.8715	6.28599
12.6096	4.92005
12.4242	4.33738
13.0981	5.27596
13.768	5.17539
14.6852	4.03923
12.1548	3.81995
14.5468	3.72482
14.0511	3.36911
12.5901	3.15308
14.0214	5.93353
14.499	5.35829
14.2115	5.55939
13.4048	5.05481
13.2779	4.83148
14.21	5.0232
14.2351	4.52175
12.7589	4.56318
11.9972	5.85206
14.0257	5.58745
14.0979	5.51218
14.6438	5.22339
12.4659	3.39357
12.756	4.99591
13.805	5.43113
13.708	6.12724
12.8548	6.15755
12.3355	5.54216
14.7347	5.29692
13.5448	5.32677
13.5272	4.63922
14.8026	5.18435
13.0868	5.1563
13.908	5.28328
13.731	4.52872
14.6277	4.80801
13.2671	3.21267
14.9983	5.17037
14.6799	3.36549
13.281	6.09512
14.626	5.27123
12.0703	5.85938
13.903	3.75373
14.178	5.82986
13.2089	4.66744
12.2165	5.7612
12.228	4.40236
14.7171	5.48096
14.3418	5.45111
13.0778	6.15404
14.5174	4.78649
12.9891	3.79719
13.028	4.37974
12.7646	4.58217
12.0627	6.01079
14.1697	5.03983
14.9622	3.48455
12.6701	3.6427
13.2798	5.50728
14.0462	4.39998
11.879	5.81564
14.2376	6.01778
14.7755	4.48663
14.2525	6.00423
14.9741	5.36859
14.6926	3.76566
13.8552	4.75613
13.9305	5.50331
12.5855	4.09698
13.472	7.03533
12.736	3.27143
14.7857	5.74708
13.8571	2.98121
13.244	5.18886
13.9899	9.62986
12.984	4.80269
13.6392	6.09031
13.5542	4.66849
13.1858	4.17945
13.691	6.1728
13.7062	4.74095
14.0266	6.17408
14.2346	3.80946
14.4051	6.79794
12.8196	4.96282
13.2242	4.84612
13.8279	4.44288
14.6717	3.51076
12.422	5.91664
14.8053	5.7254
12.4289	7.30774
14.2929	5.1761
14.5071	5.48435
14.595	5.15259
12.836	5.15871
12.7783	3.87953
13.3343	4.79155
13.4109	5.1879
13.9947	5.30968
14.5998	5.25956
12.1368	7.33718
14.9576	3.99255
12.2089	3.24408
14.2096	6.38173
13.2907	7.33934
14.3786	3.46836
13.6875	6.43482
13.4431	3.86088
13.4654	5.93703
12.7286	5.86911
13.4247	3.01628
14.2749	5.29261
12.3457	3.85572
13.5836	5.3483
13.8289	4.9523
14.125	6.81291
14.7837	3.05746
14.6398	5.6283
14.9034	4.74707
14.8905	5.11543
12.2705	7.12963
12.4419	3.93139
12.5046	4.96908
13.4348	4.18843
12.3312	3.96567
14.1632	3.40148
13.5915	5.34545
12.9719	5.51395
14.4651	4.67256
12.1115	6.31933
12.1465	4.96146
13.7849	5.04778
13.7011	3.62749
12.9964	3.73985
13.3097	8.09491
13.2211	3.84333
13.7654	4.34224
14.8121	5.52221
13.3966	6.50082
12.9836	3.64873
13.879	2.92562
12.9034	5.16852
12.9862	5.95091
14.6283	3.7644
14.0539	3.23093
13.5909	5.03379
14.5698	4.15764
14.8288	3.01803
14.5048	5.65244
13.251	4.05872
14.1476	5.48816
13.5342	5.8194
13.4978	6.0301
13.9689	3.53539
12.9985	4.35858
12.9434	3.42638
13.4853	4.91411
14.4598	5.69893
14.1125	4.84618
12.9543	4.8489
13.8191	4.81443
14.5759	3.77691
12.6997	6.07914
12.9448	5.97029
12.72	4.81022
14.307	4.51118
12.351	4.04116
12.4943	4.88918
12.1525	4.43855
14.3898	6.32278
12.7391	6.19704
12.3572	3.2443
12.7815	3.15046
14.7939	5.62387
14.088	3.24962
13.7136	2.92584
12.2957	3.34766
14.5845	3.73779
14.7638	6.43201
12.813	6.22131
14.1125	6.40112
12.6989	6.70458
14.1388	5.16421
14.5773	4.70846
14.0284	4.14414
12.5777	5.33241
13.021	5.31365
14.559	5.74143
14.6815	5.36519
12.4078	5.89596
12.22	4.74498
14.9733	3.94803
12.3395	4.52378
13.652	4.96793
14.6057	5.3548
12.1288	3.2186
14.9424	5.78691
13.4083	3.79378
14.3283	4.06465
13.0903	6.46121
13.0694	4.1538
13.7324	5.17047
14.3766	5.07271
13.8273	3.56926
13.1383	3.787
12.6854	3.23666
14.4461	5.53437
13.3843	3.59524
12.4173	6.5289
12.8231	6.86605
12.7325	4.31629
14.9866	2.86596
13.1813	5.08725
13.1196	4.42037
14.2477	5.18361
14.0411	3.38456
14.7951	4.56989
13.4895	3.90936
14.7588	3.60025
12.1497	4.32072
13.7264	6.36191
12.272	3.48058
14.1809	3.37841
12.3266	3.19199
13.877	5.24113
14.2909	5.10771
14.067	3.37966
14.3969	3.72847
12.9388	5.70746
13.0488	4.40202
12.8079	5.41495
14.3781	5.31896
12.5626	4.10213
12.2173	5.71153
14.3146	5.02395
13.4336	3.8295
12.4482	3.88302
13.8665	3.59087
14.0183	3.83444
14.5579	5.70817
12.7598	5.46067
12.93	4.59315
12.751	6.49429
13.9801	3.26166
14.3213	3.87646
13.6739	5.0683
12.6856	3.83303
12.9058	6.34539
14.9493	6.71387
14.2778	3.88401
14.7676	5.25353
14.2743	4.56277
14.5963	3.70924
14.3032	6.04747
14.7689	5.2329
14.7804	4.74642
14.4702	5.08248
13.3233	3.50412
13.2742	4.78652
13.5891	5.52342
14.4847	3.8844
13.2211	5.07003
12.6757	4.19271
13.5994	3.38776
12.6888	5.34988
13.1185	5.88756
12.857	3.2226
14.8685	4.18907
14.0513	4.72842
13.9087	3.68374
13.1433	7.45303
12.8037	4.56938
13.5374	5.57954
13.5794	5.03754
14.2588	5.61265
14.8715	4.59893
12.3954	4.26776
14.6922	5.02819
14.0138	6.08298
14.4298	4.9512
13.8258	5.31505
12.6069	7.93588
14.7615	5.47571
13.434	3.48587
14.965	4.67414
13.2903	3.79734
13.3231	5.35005
12.6612	4.74126
14.6484	3.00136
13.5851	3.74175
14.6815	4.63674
14.1264	6.65918
13.7168	5.2706
12.8588	6.34724
14.6588	3.91238
14.6706	4.4392
12.7943	4.43411
13.8212	3.42701
12.1803	4.86783
13.9621	3.56854
12.0424	4.76094
13.865	5.39618
14.3182	7.83808
12.8793	5.15782
13.9428	4.33928
14.3618	3.51137
13.6965	6.45053
12.2627	5.98917
12.4554	4.75667
14.4229	6.00406
13.1343	5.46287
13.6084	7.15099
12.2322	3.76989
14.4516	3.3291
14.332	5.39673
13.9578	5.30782
14.7506	3.27422
13.8148	4.73727
14.4246	5.43139
13.2355	5.20538
12.5474	5.24061
13.2225	4.69813
12.1882	5.17608
14.6631	5.73652
13.2976	5.92174
12.1554	5.19864
13.6712	3.64335
12.7718	5.35778
14.7009	3.8642
14.7728	5.8689
14.4391	3.28081
12.8763	4.73253
14.9882	4.98097
14.9571	3.64604
13.0767	5.22575
14.8891	4.74736
12.0691	4.25952
13.9059	5.24833
12.5684	3.6764
12.9106	6.13131
13.1426	5.62948
13.2514	4.76714
12.993	7.78583
14.7667	4.33473
13.4743	4.90263
14.3281	5.36233
13.0844	6.91359
14.1291	4.03896
14.0079	5.87171
12.3561	5.83346
12.1247	4.90841
14.8973	5.7022
14.4916	4.12332
12.9523	4.50439
13.3111	5.2051
14.3226	5.45748
12.8172	12.7523
14.2471	4.98732
13.5447	4.21901
14.1502	5.15218
13.6402	5.21153
12.7774	4.14872
13.7693	5.42565
14.8264	4.50615
14.7555	5.01516
14.0559	4.35161
12.9877	6.10239
13.3129	4.17192
13.6606	4.19089
12.7412	3.03742
12.7986	3.31744
14.6342	4.86022
14.3315	5.33613
12.9974	3.94238
12.7462	6.60298
13.4681	5.32525
14.248	3.04228
12.3161	6.54468
13.9197	5.74718
12.6924	4.89599
12.9901	4.00584
14.2505	6.00742
13.8488	3.07295
12.9916	5.68339
12.0497	4.36933
14.1383	5.29599
13.1893	4.99608
14.4486	5.20531
13.8587	7.21006
12.8425	6.26357
14.541	4.11648
12.8718	3.65756
13.9381	3.59228
14.9343	4.40848
13.8436	5.45151
14.4911	3.42324
13.7196	3.45615
12.4734	3.87412
13.9331	3.39077
12.7892	5.9041
14.5198	4.87102
12.471	4.79384
14.4886	7.02764
12.6128	3.49756
12.1607	3.68557
12.3281	2.89889
14.9458	4.13422
13.852	6.32822
12.3138	4.93719
14.6853	6.27774
14.6568	4.90384
12.9564	6.68914
13.1125	4.66951
13.2183	4.66297
13.9453	6.56595
14.8883	5.47947
14.1862	5.80296
12.3584	3.75164
14.2069	3.24741
13.7384	6.01246
12.6051	4.73913
12.7789	3.98507
13.4909	5.16657
12.2435	5.94739
14.612	5.57636
13.5521	5.30274
13.3775	7.18541
14.5103	3.26396
13.6935	5.30106
14.4299	4.30702
12.2098	5.66426
14.2751	5.59001
13.6223	4.35269
14.9273	3.7164
14.6432	4.9114
13.5096	4.82469
14.6401	4.1983
14.1717	5.75034
14.0092	5.63517
14.7267	4.16235
13.4677	5.8784
14.7948	5.09143
13.8296	4.47645
13.3457	3.98684
14.4875	4.34198
14.7953	5.69514
14.481	6.03528
14.0114	6.9096
13.1401	4.34657
13.0779	3.0334
12.4792	5.56797
12.3626	3.71105
14.3816	5.65736
13.5174	7.51983
13.28	4.99387
13.8392	5.52501
12.9341	5.25538
13.4902	4.26973
13.8582	3.70079
12.7747	3.66434
12.2553	3.68184
14.2257	5.20597
13.9376	5.2746
12.4215	4.05984
13.4928	3.94551
12.3694	5.22868
12.2481	5.3405
13.2616	4.38534
12.8771	5.4277
14.1888	5.80412
12.6597	5.56357
14.1559	4.95975
12.6462	5.88327
14.7385	5.43201
12.1176	4.08971
14.8394	6.64678
13.1419	4.28585
13.6378	4.07355
14.0374	3.44102
13.0237	3.12405
13.4266	3.67418
12.7575	5.88498
14.7625	4.19935
12.0193	4.59477
13.5155	3.55085
13.7577	6.03759
12.4144	3.49773
14.5795	6.51966
14.3737	5.22542
14.0444	4.62623
14.7604	4.23488
12.3394	3.2301
14.5407	4.91219
12.4872	4.41081
14.2127	4.18463
13.2784	4.79338
14.5671	5.60034
14.9198	4.30998
14.2465	6.48802
13.8901	3.26306
14.3177	5.49113
14.2943	5.01502
13.9607	5.70759
14.772	5.8429
12.4337	4.88377
13.3077	5.28286
13.9338	5.68974
13.0691	3.80304
14.9224	4.27664
12.1983	5.87862
14.1188	5.50499
12.2465	4.41345
13.7255	3.04473
12.5962	3.78875
14.8571	3.24712
13.4581	3.38935
14.6182	4.91509
12.6867	5.91378
14.919	5.90975
13.606	6.06971
12.3671	6.78594
12.6484	4.91963
13.7783	5.59891
14.3486	5.60674
12.2989	5.59566
14.3397	4.12332
14.5586	4.21498
14.0265	4.13544
13.1287	6.0936
13.9477	4.96694
12.1892	5.8042
13.6606	5.88737
13.5176	5.028
13.0254	4.81153
13.7457	6.36385
12.9411	5.72238
14.8924	4.43045
14.2029	4.09421
13.0292	5.32221
12.8843	6.915
12.9503	5.95692
14.1741	3.57574
13.1355	4.49865
14.0749	4.19967
13.4343	3.47591
14.7674	4.65275
13.1305	4.00161
12.276	5.51923
12.013	4.68813
14.5411	3.91942
13.8966	6.76142
14.865	4.05235
12.6463	3.9073
12.6963	5.33431
13.4381	5.01314
14.2853	5.79741
14.507	3.08958
13.8216	5.79481
12.1998	5.35275
13.5271	6.4479
14.5689	4.83308
14.0916	5.15899
12.664	3.80486
14.6053	3.75583
14.727	6.00891
13.5427	3.46426
14.9869	4.95675
13.9082	4.44859
13.2621	5.69784
14.7312	5.87506
12.104	5.99015
14.9473	4.73764
13.3037	5.51473
11.7135	4.86197
13.7239	6.61668
14.9355	5.66792
13.3003	3.57672
12.8828	4.32133
14.7397	3.47102
14.4336	4.54404
14.6766	6.50004
12.954	5.84601
13.0102	5.63472
14.7108	3.99473
13.6842	4.6546
13.6503	3.97301
12.9723	3.99027
13.6696	3.35745
12.4806	4.51289
14.6703	5.28837
14.4315	4.7967
12.7733	5.57759
13.7952	4.42222
13.6213	6.73329
13.1203	4.29489
11.7654	3.64661
12.6584	3.25468
14.554	6.19425
12.6653	4.80331
13.1134	3.77733
14.1047	4.04403
12.1852	5.27829
14.4911	3.19975
14.7013	4.76175
14.8133	4.62422
14.7303	5.56005
14.1021	4.02761
14.4734	5.56213
14.5474	3.51447
14.2792	5.1272
13.2863	4.47587
14.624	6.00261
13.458	3.39976
14.7633	4.17353
12.0928	3.89082
14.9242	3.64154
13.601	5.08414
14.6574	8.34834
13.4569	4.65911
14.0704	5.75093
14.3298	3.84764
14.2843	4.18218
14.5787	4.26709
13.1293	4.16445
13.6882	3.1875
14.1467	6.72302
12.2221	4.47019
13.3744	5.97503
12.6629	5.92257
12.1149	5.76226
13.3897	4.15597
12.5484	5.03371
12.4205	5.46534
13.4779	4.04663
14.8023	4.10182
12.2265	5.21823
13.702	4.92877
14.2494	5.421
12.3872	4.72064
12.7146	4.13351
12.721	6.35135
12.5661	5.57918
14.526	3.24571
14.5107	4.98675
14.2035	6.03386
12.5151	4.14155
13.3688	3.99057
12.9825	4.36452
14.3735	3.20274
13.0769	3.73734
13.3285	4.34248
14.9534	4.33456
13.852	4.65029
14.5061	5.04348
12.5065	4.38286
14.5724	4.23548
11.9828	5.50029
12.0155	6.52143
13.5076	4.98773
13.8341	4.48154
13.1699	5.26311
14.6103	4.17556
13.5798	5.63936
14.0953	6.15589
13.6863	5.02893
14.3146	5.0478
14.2837	3.82431
13.4706	4.78045
14.803	3.42277
13.1026	2.94042
14.9545	4.30587
14.2963	3.35114
12.726	5.40446
13.26	7.56742
14.2518	2.97721
13.6599	4.74371
13.8576	4.23543
14.9375	6.54731
14.158	2.89664
13.3124	5.49475
14.1414	5.8428
12.068	5.89479
14.2095	4.08148
13.0578	4.63312
12.4862	5.20466
12.9085	5.10199
12.452	4.04731
13.0382	7.19594
13.5555	4.36305
14.8942	3.45261
14.8176	6.15861
13.1285	4.91667
14.2557	5.39852
12.308	7.16282
13.234	5.43677
14.2905	4.86285
14.6691	5.05087
14.2437	6.45226
13.6077	5.0201
14.2092	5.90798
14.6954	4.29092
13.6797	4.20531
12.0966	4.32849
13.8594	3.37875
13.2539	6.09721
12.5721	5.72857
13.7109	5.90322
12.5583	6.01466
13.7066	5.27343
12.5043	3.7516
14.644	4.97494
13.9617	4.93848
13.141	5.61297
14.5373	5.01171
14.0694	4.52174
14.3619	5.3504
14.4833	3.65712
13.4805	6.04915
14.5382	3.42917
12.2402	5.10126
14.362	5.98294
14.2423	3.82959
12.735	7.13297
14.5574	4.68055
14.1515	4.18056
12.6918	5.86747
14.0062	2.99042
13.1401	5.61889
13.9887	4.47713
12.8114	4.34152
12.6498	5.30349
14.0219	6.12204
13.5608	3.53838
14.6011	3.81841
14.3699	5.37375
12.0905	5.16309
14.2063	3.52346
12.0892	4.92235
12.5077	3.41376
13.202	3.37389
13.6432	5.11194
13.7184	4.44025
14.3207	3.64848
13.4068	3.06172
14.7048	4.74816
14.2966	4.15122
13.952	5.62402
13.997	4.80121
13.198	6.35931
14.6815	3.4052
12.7182	5.57072
13.2326	4.40156
12.7548	6.21978
12.2881	4.81654
14.2196	5.71685
12.9839	5.86293
14.8229	5.76026
14.531	5.53729
14.3467	5.20691
11.9971	5.21006
13.9905	3.49303
13.5051	5.79474
13.7074	4.70775
13.1839	4.05519
13.7918	4.4956
14.7258	3.62769
12.2529	6.04899
13.4853	4.81891
13.5866	3.82505
14.1927	3.77301
13.7686	4.85076
13.8742	4.47007
13.2995	5.99739
13.5297	4.50044
13.9961	3.89691
14.5978	6.11136
14.4762	3.86887
14.1875	5.56475
13.5026	3.32161
13.3894	4.95487
13.8162	5.86052
14.6147	5.20388
12.8435	3.09772
13.5687	3.27074
14.7216	6.04698
14.1405	2.91819
14.2424	3.01441
12.1787	4.53043
13.7	4.74845
12.8676	5.01705
13.5395	3.66245
13.7365	5.98422
12.7231	4.4908
11.9882	3.65556
13.6559	5.75208
14.2611	4.39669
12.7988	4.23817
13.502	3.48413
13.3805	4.61274
12.9091	7.59179
12.8593	4.31773
13.7686	3.2596
14.698	5.21769
14.21	5.51694
13.522	4.90939
14.8875	5.74191
13.4806	3.55633
13.544	5.27992
13.8227	4.6757
13.1408	6.53413
14.6602	4.33551
13.5113	3.85536
12.9626	5.27133
14.4169	4.91299
13.3903	4.73396
14.1109	5.718
14.3213	4.35371
12.445	5.80728
14.6832	5.79778
13.9853	6.18491
13.5252	4.59872
13.2052	3.2101
14.4875	5.96261
14.0524	3.83301
13.3521	5.80804
14.9029	4.07051
14.1654	5.00598
14.9975	7.09126
14.1261	6.19374
12.2481	4.77088
14.536	5.19479
12.7473	4.65137
12.7748	5.37965
13.1681	5.50603
13.1532	5.40852
12.4345	4.95961
13.8856	6.61259
12.9668	6.86389
12.6188	3.81926
13.052	5.72736
12.2511	3.53279
14.3922	5.17218
13.657	3.05769
13.1953	4.73435
14.1772	7.51361
13.2752	3.98661
12.1635	6.00282
13.7305	3.47975
11.9908	5.87274
12.354	5.4131
14.5469	5.07503
14.5798	5.28626
12.8528	5.16407
13.927	4.19341
14.2117	5.71384
12.801	2.87964
13.8688	5.27698
14.4972	5.63179
11.7958	5.13862
14.3027	3.83243
14.4505	6.23599
14.705	5.98102
13.5406	4.36902
12.8679	3.60502
14.9644	1.99119
12.9683	4.62887
13.3497	3.81725
14.0817	3.01805
14.0561	3.3116
12.0957	5.84942
14.0603	4.40307
13.9931	7.05245
12.3327	4.70223
13.2972	5.37162
13.6056	3.84171
12.7905	2.98431
12.6342	4.32798
14.8797	4.78019
13.2528	5.90248
12.4411	4.69304
14.9625	4.22306
14.3472	5.13738
12.9468	3.09227
13.6533	5.19822
13.0165	5.29725
12.8732	5.61339
12.4169	3.56977
12.1493	3.77866
12.3321	4.0569
12.6535	3.73427
14.0628	4.64049
13.6402	5.73797
12.4412	4.35409
13.4101	5.54234
14.546	4.40871
12.677	5.55929
11.943	4.79702
14.8284	5.25808
12.664	3.60637
14.0618	5.27204
14.3468	7.13683
12.2374	4.3752
13.0378	4.24307
14.4791	5.38782
14.4262	5.79754
13.6845	5.88327
11.9314	5.53554
14.1462	6.09034
14.5898	3.67711
13.6402	4.78382
13.3494	5.30932
14.7746	4.75117
14.2753	4.93231
13.8815	3.49174
13.9915	6.52546
13.0742	6.24208
12.4832	3.78584
13.2634	6.14676
14.9806	3.74069
12.9652	5.31758
14.3454	3.65928
13.8097	5.55135
13.8848	6.02063
14.4354	5.37222
14.7868	4.86357
13.317	5.42304
13.2988	4.16103
14.856	5.43583
13.8968	4.94664
14.4086	5.16192
12.2814	5.77317
14.7478	3.96833
13.2644	5.45296
13.935	4.33527
14.304	4.3664
12.9111	5.86591
14.4357	3.04523
14.3504	3.94739
14.8169	5.90528
14.8672	5.4018
13.7408	4.46393
12.4652	4.14535
14.3658	6.41915
13.7873	6.61869
14.956	5.01634
14.8556	3.47996
12.9336	5.24382
14.5652	4.7313
12.3762	5.4326
13.3396	4.32355
14.772	3.69183
13.4633	4.03856
13.3715	5.91237
13.9192	6.86952
13.457	5.72987
13.0513	3.90648
14.0893	4.1457
14.1576	3.14066
14.6441	3.47657
14.733	6.23831
13.2012	2.96035
14.4495	3.18024
12.9163	4.48158
14.1639	4.739
12.4472	4.50234
12.962	3.87886
13.6651	5.87306
12.7924	3.11109
14.1272	4.11109
13.557	3.5425
14.8965	7.30484
14.4463	4.97969
14.0425	5.46215
14.8109	3.36367
13.6085	5.04678
12.9405	3.29543
13.7225	3.51534
14.0606	6.13885
14.7242	3.57112
13.2937	5.91528
12.9064	3.69752
13.6165	3.94635
13.1467	3.75133
14.8531	4.64175
14.3193	5.62968
12.9759	3.5456
12.8591	5.33014
12.5243	4.62783
13.6622	5.33434
12.67	4.56401
13.478	4.10463
13.7465	5.05814
12.9995	5.05689
14.7665	3.04116
12.0148	6.8722
13.8289	5.80454
12.1507	5.09487
11.867	4.22888
13.633	5.58078
13.8008	3.94232
13.6932	4.34801
13.2768	5.11396
14.3207	3.34001
14.5576	3.08629
14.1294	3.99823
12.1386	4.27662
12.6464	4.24469
12.6518	6.66115
13.8607	5.41954
14.8293	5.85789
14.1321	4.17775
13.0766	3.03433
14.6916	4.98938
12.9542	3.16531
12.4961	3.20077
13.1598	3.89545
14.344	5.67529
12.0579	5.53641
13.9089	5.01078
14.4746	4.33252
12.5855	7.07718
14.89	4.47716
13.9204	6.26532
13.7286	3.13986
12.9227	5.05769
13.8481	4.65265
13.0415	3.20027
13.9402	4.26055
12.2276	5.94081
13.8518	4.47415
14.4204	3.78938
14.2583	5.3872
14.458	5.65212
11.8487	7.70307
14.2855	4.59287
14.4769	3.58732
12.9047	6.17847
14.7113	3.15759
13.5751	3.1704
13.6847	5.5939
13.7627	3.99042
12.891	6.29718
13.4653	5.52995
12.6265	7.14012
13.7865	6.12637
12.4718	4.39874
13.4869	3.88872
12.9177	2.93805
14.4372	5.72906
13.6513	7.04766
14.0994	3.98463
13.5387	4.46616
13.1285	5.26539
13.3871	3.59853
13.7274	5.77741
14.1671	4.85238
12.3577	5.80006
13.261	5.65517
13.7397	3.79019
12.5279	7.29462
14.429	5.63053
12.0918	5.89391
13.7967	3.18966
13.5827	3.71209
14.431	4.42959
14.6842	4.05763
13.7286	5.74448
12.8856	4.68895
14.2764	4.12034
14.8249	6.28932
14.1145	5.77328
13.0787	5.82864
14.7448	3.56822
13.1634	3.26681
13.0315	5.47558
14.6539	3.50363
12.8054	3.72046
14.6083	5.16962
14.2299	5.04804
14.1594	4.075
12.9745	5.33244
14.1338	6.02381
12.4765	3.13053
12.8417	3.7645
13.9841	4.67145
14.5289	3.02941
12.9838	4.85235
13.1259	4.85772
12.9147	7.21287
11.9161	5.28018
12.165	4.84907
14.6733	5.14207
14.1418	6.27282
13.5146	5.74648
13.4356	5.74375
12.9827	3.60042
13.4262	4.58064
14.2063	4.50143
12.7433	4.56365
13.9058	3.29178
12.7955	3.11291
13.5577	6.67166
13.3134	4.02837
13.3181	4.90906
14.4997	5.89037
14.7318	3.6131
13.6299	5.44399
14.252	4.33948
12.2598	7.71864
13.6525	5.26621
14.1125	3.81707
12.497	3.91643
12.3347	3.02393
14.1997	3.70418
13.4937	5.75028
12.4991	4.66486
14.2949	3.32701
14.2326	6.33564
13.223	5.89893
14.34	4.71175
12.9417	5.59848
14.4766	5.39973
13.6889	4.09848
13.0266	4.56724
13.5981	5.0744
14.5285	4.88602
13.6125	6.38319
14.7511	3.53731
14.1514	5.86885
12.8529	5.28294
14.0263	3.84735
13.4989	4.05038
12.7311	6.50011
13.0781	5.01439
14.4485	4.89452
12.8871	4.54719
14.2186	6.88958
12.4546	5.36425
12.1299	3.11989
14.9364	5.60641
12.2262	3.74641
14.8634	5.80319
12.5244	3.09856
13.0123	5.73221
13.6361	3.7797
14.1253	3.80983
12.6553	5.17972
13.5751	5.06591
11.9817	5.32352
13.9742	3.6142
12.949	5.00818
14.1737	4.23067
14.7122	4.49415
13.7888	5.90291
12.8043	6.57329
14.3918	5.16672
12.3611	5.10929
14.4764	5.81056
13.2914	3.7303
13.8446	4.79506
13.2813	4.09709
13.81	5.90929
13.0716	4.41897
12.7359	7.07368
12.7673	6.17848
13.171	3.07518
13.2331	6.1864
12.3816	4.14472
14.0561	5.42185
14.204	6.08617
12.742	5.14265
13.9552	4.91295
11.9582	4.39413
14.8389	4.27668
13.2331	4.12363
13.8612	3.9776
11.8297	4.5172
14.4947	5.3966
12.4711	3.25974
13.7979	3.79125
14.5014	5.53803
12.7547	5.9259
14.2693	6.5017
14.1602	3.3369
13.0068	3.3151
12.3485	4.48045
14.6634	3.50422
13.3104	7.35249
13.9675	5.78269
13.843	3.25007
14.7913	5.33988
14.6906	4.17293
14.8036	5.82056
13.9221	3.32016
14.125	5.8616
14.497	5.84726
13.6797	7.6309
14.2503	6.80754
13.9118	5.70589
13.2744	4.2522
14.7302	5.51777
12.6268	6.06603
13.9754	6.76703
12.8439	6.42366
13.159	4.3795
14.8893	4.4797
13.925	5.22746
12.7293	5.16544
12.0514	6.2246
14.9376	5.13081
14.2748	3.43439
12.4951	6.91366
13.9982	5.50808
14.0628	5.35529
12.7263	4.8564
14.9967	6.11861
14.5731	3.77139
12.3893	5.35217
12.2927	4.03494
13.9389	4.68491
14.6133	4.75663
14.7915	4.03173
13.8929	7.37853
12.2002	5.51369
14.7758	4.00151
14.6522	5.7495
11.7977	4.50728
13.729	5.62321
12.7418	5.20514
12.1954	5.08636
14.2776	3.79409
12.2558	5.64439
14.1795	5.15386
14.4353	7.13637
14.9406	7.36859
13.9034	3.22591
13.5201	3.70374
13.5433	3.78621
12.7987	4.8031
13.7635	4.05481
13.6619	5.23637
13.6217	4.37718
14.2514	5.625
14.6822	5.26271
12.4928	5.83529
14.4565	6.33144
12.2972	3.29287
12.7639	3.78341
13.3363	3.52872
14.3699	5.40003
12.4139	3.79708
13.7247	3.53553
14.2872	3.90211
14.7195	3.98305
13.6895	6.56538
14.0923	4.65752
14.426	5.2332
14.2689	6.02425
14.2294	5.2516
12.4893	5.6984
12.6731	6.14464
14.3222	4.69125
13.8677	4.82081
14.3268	3.47966
14.303	6.44964
13.0477	5.8422
14.8692	3.94168
14.1787	4.05006
12.5176	5.24532
12.3864	6.71002
13.7841	4.46944
14.6942	4.84399
12.6358	4.70338
12.134	3.68058
13.9177	4.16815
12.4257	4.47098
14.1588	4.01442
13.1851	4.74328
14.568	6.60167
14.4342	5.02458
14.6764	5.28092
13.8091	6.03064
13.1151	3.53727
14.4862	4.89965
12.989	3.68167
13.825	6.52736
12.4324	4.3028
14.5437	3.58527
12.3561	7.32599
13.0394	4.72983
14.0819	3.90792
14.4657	6.09415
13.451	5.82331
12.972	3.79759
13.4062	6.49046
12.8847	5.0254
13.2284	3.28966
12.6829	5.23861
13.6981	4.38149
12.7699	3.67612
13.2108	4.38304
12.8491	3.14247
14.9296	4.66034
12.917	6.24799
14.7472	5.73967
12.8656	7.35955
14.4148	4.05456
14.7566	4.79867
12.1994	3.07916
13.915	5.34468
13.8319	4.30957
14.4994	2.86186
14.2924	5.14182
14.8742	4.7616
14.5534	6.377
12.7251	5.75169
14.1524	5.09907
14.6703	3.73451
13.1666	4.82496
12.9017	4.34406
13.958	5.88746
13.0346	7.94022
12.5859	4.78581
12.8881	4.46561
14.3773	4.06132
14.1108	4.77837
14.6388	5.30978
14.6854	5.36913
12.9674	5.78812
13.9766	4.28451
13.9807	3.85023
12.5167	3.41473
13.9995	3.97895
14.8416	4.41733
13.3905	5.94392
12.6612	5.82874
14.0551	9.54475
14.8871	4.77421
14.4285	5.42426
14.6302	3.50083
12.8044	6.95563
13.6903	5.52183
14.0623	5.44703
13.6446	3.15214
12.2164	5.5681
12.8604	5.89742
12.298	5.42152
14.1648	5.80371
13.0075	6.58253
14.9122	3.93314
13.6303	4.74382
12.7634	6.15079
14.3602	3.48792
14.3584	4.97646
14.8686	4.32498
13.5233	3.9065
13.8983	7.27487
12.219	3.92136
14.1984	3.72768
12.247	4.02343
14.9129	7.63197
14.5641	5.10858
13.4837	6.59856
13.0776	4.84464
14.124	3.77796
12.3521	5.62681
14.1904	5.52639
13.9477	5.2129
12.9745	4.84899
13.859	4.27271
13.6678	5.30522
13.336	4.05995
12.978	6.02276
12.579	4.62368
13.1212	5.01419
13.5749	4.30269
14.9206	5.82646
13.3531	5.1776
14.0617	7.24808
14.6463	4.56452
13.2728	4.47931
12.6234	4.16787
14.2985	7.48102
13.4601	5.14235
13.3181	6.36468
14.0797	3.86499
14.9623	4.81637
13.2131	7.35007
14.7851	4.4142
14.846	6.41724
14.9768	7.034
12.7558	4.6142
13.0242	3.40623
12.585	3.96977
14.3793	4.96331
14.6693	4.73138
12.046	3.61044
13.0834	6.37477
14.7992	4.54838
13.347	3.72174
14.9629	3.59114
13.404	5.16297
13.3184	6.53069
14.7413	3.35264
13.7748	5.00204
13.6434	6.05399
12.7497	3.84164
12.0979	5.27017
14.4501	5.86012
13.152	6.0182
13.3402	6.09139
12.4051	3.94516
13.5284	4.40142
12.2755	5.82762
12.608	7.12745
12.4311	6.15087
14.9962	7.01154
13.6935	4.57406
14.3085	4.74485
13.2029	7.02613
12.7613	4.71919
14.0176	4.90843
14.117	6.87919
14.2212	4.26027
13.1998	4.86998
12.563	5.74645
13.6613	4.37097
14.4071	6.22354
13.2478	5.50701
14.3274	7.86128
14.1266	3.95478
13.0487	7.22584
13.3043	3.47991
14.1943	4.69113
12.7587	3.45735
12.6363	6.45686
13.6244	5.78711
13.0999	6.33529
14.3938	5.83689
14.6185	3.84058
12.6989	5.85853
14.5229	3.30876
14.4998	4.55558
14.234	6.01964
14.5032	4.50261
14.982	6.87995
12.4234	3.4137
14.4304	5.4575
13.9385	5.25323
14.6075	4.9826
12.9002	4.33633
14.0769	6.01763
14.0319	5.671
14.4209	4.85539
14.1449	6.90352
12.8059	4.66949
12.7022	4.10656
14.3855	5.79256
14.7135	3.95827
13.0886	5.75624
14.9236	4.10023
12.8292	6.07149
12.863	6.46441
13.8815	4.62857
13.7693	6.09116
13.5373	4.36067
14.2319	4.36557
13.9203	4.21043
14.4835	5.50057
14.7823	5.4974
12.689	4.25459
14.2625	6.55313
12.0251	3.21879
14.5306	2.96602
13.3033	5.84256
13.5069	5.73025
13.6453	4.0307
14.0872	6.10414
13.9005	4.41407
12.7115	4.20006
14.039	5.50385
13.5618	3.73135
11.9406	4.85602
13.8383	6.58427
13.9827	4.67191
14.0669	6.71566
13.1	5.54815
13.5813	4.37962
13.8748	6.5932
13.2205	3.95271
14.4463	5.50252
14.2755	5.65346
13.0525	5.31533
14.8066	5.359
12.6481	5.16985
13.5694	7.38944
12.2514	3.77593
14.1001	5.35376
14.0452	6.92214
12.8864	5.29246
13.2333	4.04206
13.3811	3.94051
13.7892	4.00945
14.5857	5.21172
12.5254	5.74458
13.5492	6.11166
12.4539	4.52325
14.8705	3.78809
13.1403	5.81419
14.77	5.01525
14.2998	3.84413
13.0243	4.00641
12.5357	3.22985
13.878	6.67091
13.8545	3.88321
14.2526	6.62951
12.6744	5.35589
13.6788	5.32576
14.5716	6.39614
14.462	3.83636
12.2573	6.57707
14.0228	5.33983
14.428	3.56542
13.4957	3.33628
14.7165	4.21987
12.2995	3.95725
12.7963	2.91275
12.5164	5.94814
12.8044	5.30853
14.6272	3.94471
12.215	3.44944
14.0665	5.23979
12.1075	4.76972
12.1445	4.001
14.6403	6.12668
13.4176	6.48584
13.358	5.81126
12.8387	5.45652
13.3706	5.07836
12.7544	4.44414
14.1071	5.67785
12.3477	4.88711
14.739	8.09999
13.7785	4.1429
12.2357	3.47111
12.9128	4.38215
14.9978	4.55666
14.877	6.03075
13.5615	5.58567
13.7179	6.11144
13.3654	5.00784
14.1169	5.96108
12.1897	6.63204
13.2881	4.16236
13.1995	6.32411
13.5627	5.95665
11.9869	5.22209
14.6259	3.234
13.5142	3.87654
12.864	5.2814
11.9533	4.01653
12.7093	5.62667
12.4309	4.52581
12.2704	3.28593
14.2084	4.11578
13.7526	5.64403
12.2767	3.52181
14.1805	4.01154
13.3717	5.05864
14.8112	4.30882
12.8004	6.03624
13.4866	4.96272
13.3251	5.59474
13.801	3.46455
13.0442	3.36949
14.0665	5.45208
13.8223	4.15112
14.2561	6.42607
14.3572	5.97329
14.7049	4.53325
12.3244	4.76359
12.7711	4.11285
14.4724	5.74139
14.5966	3.37902
13.9188	6.59969
13.0679	3.37175
13.5931	4.63921
14.0927	5.70321
13.8888	3.02205
14.699	6.17026
12.3647	4.70121
12.0247	5.31178
12.6515	4.81386
14.5914	4.30664
13.5927	3.10498
14.2517	7.04012
12.3279	5.78615
13.8868	3.50504
12.6791	5.74579
12.0089	5.09977
14.8104	2.94557
13.0951	5.57947
13.6075	3.93528
14.2469	3.33314
14.8726	4.85771
14.5777	8.38756
12.3627	4.1121
13.8719	3.09717
14.335	5.80872
12.94	5.12815
14.1048	4.45404
11.8242	5.00542
13.67	4.67954
13.5677	3.59645
13.1386	5.86477
12.7266	4.49485
12.748	4.4631
12.6753	4.44304
12.9047	5.61172
13.6838	5.58376
13.3607	5.7702
11.9121	4.06956
14.0982	4.99815
13.263	4.15032
14.536	4.20637
13.1908	4.57465
14.5161	4.75872
14.2855	6.50335
14.2293	5.36912
14.6239	3.85462
14.7248	3.21552
14.1698	5.34708
14.474	5.63221
13.7544	3.83871
14.7926	5.74267
13.6322	5.49212
12.3497	6.32552
12.5715	6.06282
13.1972	3.66826
13.7812	4.67513
13.4461	5.79775
14.37	3.5261
12.2207	3.67614
11.9963	3.2322
14.7906	4.77371
14.5138	3.96038
14.3502	5.86271
13.2986	5.951
12.9499	5.02558
14.7804	2.67399
12.8061	5.86667
13.6851	5.99332
12.4883	6.37454
12.5126	4.64365
14.6749	4.99307
13.2631	5.44907
13.209	3.98271
13.5824	5.27808
13.0222	5.38352
14.8996	3.47462
12.1983	3.16092
14.4159	5.25459
14.2853	4.18835
14.8609	5.00036
13.3155	5.85357
14.4107	3.68873
13.1179	5.20987
13.8005	3.01096
11.9004	5.24611
12.4069	5.84297
14.7561	5.3191
12.5228	3.84949
14.3752	5.24729
14.8466	5.72779
14.1416	4.51338
12.5369	3.44955
14.604	3.584
14.9883	3.69411
12.7824	3.21701
14.6371	5.89609
13.5581	5.50626
14.079	4.05114
12.5699	6.4709
13.4575	3.59158
14.3822	3.69213
14.1426	5.92143
12.0726	4.92662
14.3549	4.30671
14.5645	3.9049
12.6204	6.04189
14.7549	5.54805
12.7044	4.1133
13.1694	3.46518
13.287	5.9045
14.1584	5.35586
13.681	6.88585
12.3773	5.53609
14.515	4.74844
14.9604	4.98149
13.7094	6.96084
13.1855	4.50324
14.2823	4.16892
13.2396	5.84518
14.1272	3.79223
13.9422	3.13665
14.4266	3.51683
14.5959	4.33399
14.8202	4.64864
13.94	3.23633
13.7608	4.94512
13.6861	5.82104
12.2137	4.43528
13.2948	3.88015
14.0419	4.7265
14.1111	7.35864
14.2528	4.30563
14.1349	3.36692
12.5213	4.81017
14.27	6.2014
12.0324	5.06671
13.1752	5.25527
13.0108	3.46967
13.3382	5.60745
14.0487	3.26092
14.487	5.78039
13.9678	5.64591
14.5653	4.96079
12.1758	4.01826
14.988	5.26903
12.3328	7.23462
13.0393	5.86109
13.0999	6.34463
14.1913	3.2697
13.5265	5.83083
13.6261	5.19425
13.8871	5.94078
13.5103	4.90211
14.4621	4.53241
12.9578	5.02
13.6334	4.30368
13.8365	3.09222
12.2756	4.333
14.8071	5.06222
13.2781	4.3293
12.698	4.99355
12.1252	3.30121
14.9752	4.94095
11.9785	6.4522
14.0021	6.42407
13.9369	6.88684
12.5169	4.67089
12.3872	3.40783
12.6674	4.65932
14.7096	3.48335
14.2897	5.73029
14.727	3.07122
14.1085	4.30549
12.8441	4.9086
14.1926	4.78032
14.3849	5.18519
13.41	4.93819
12.7694	5.12303
13.8571	4.24091
11.9482	6.39282
14.2667	5.50902
13.7858	5.29331
12.6228	5.84257
12.7502	4.3525
13.1026	4.28994
12.8425	5.46636
12.4681	5.36135
14.1568	6.01645
14.2858	3.87417
12.7607	5.12508
13.6397	4.42895
12.457	6.21286
13.7159	5.09726
13.4836	3.13834
12.077	4.65232
13.0414	4.32779
14.8381	5.61616
14.4357	8.83912
14.3287	5.626
14.9488	6.58788
12.585	6.02763
12.919	4.99799
13.03	6.26536
11.9639	4.41652
14.5393	5.55535
14.5734	3.43676
14.318	4.11661
13.8243	4.9978
13.1623	4.67778
14.915	5.43548
12.0811	5.40753
13.4861	3.93147
13.041	4.22068
13.2989	5.08903
11.9409	4.75582
14.7016	5.91314
11.9974	4.06291
13.2172	5.59991
14.9314	4.62527
14.2262	4.77614
14.3024	5.60732
13.5987	4.62942
13.5292	3.94591
14.9097	4.62091
14.3004	5.79083
13.9414	4.71863
14.0677	5.34713
14.3437	5.59321
14.3238	3.24727
14.1281	5.42514
14.4554	5.65898
14.6283	5.23695
13.9581	5.30764
12.6149	5.91876
14.3788	5.71798
12.446	6.33424
14.179	5.42498
14.285	4.82757
14.5009	3.35115
14.7544	4.7023
14.049	4.6115
12.4412	6.32813
12.8418	3.47496
14.0729	5.09514
12.5289	3.22128
14.6155	6.90128
13.7334	6.21035
12.4981	4.49797
14.4273	5.25252
12.0433	3.87448
13.734	5.45264
14.1849	5.99992
14.5441	3.56413
13.919	6.27298
12.8677	4.60535
14.1578	3.5966
13.5621	5.66499
12.4478	4.66109
13.445	5.93185
11.8898	4.56583
12.0297	4.86887
14.1194	7.55207
13.4049	6.09909
14.6753	4.52882
12.4582	5.47719
13.2583	6.1889
13.0845	5.16697
12.3996	4.85396
13.8389	3.24957
12.4478	5.2469
13.9181	3.05902
14.2395	5.78968
14.6328	4.69695
14.4138	6.07429
14.4776	5.24962
14.2206	3.78057
13.9859	4.12304
12.5143	4.62545
12.6544	5.63824
14.8206	5.54683
14.0396	4.82746
14.9901	4.59207
12.2032	4.13192
12.6826	3.92606
12.828	5.71737
13.3064	3.05139
14.8939	5.31959
12.8754	5.97568
13.7133	3.97901
14.0755	8.20456
13.9481	3.60518
14.217	4.56222
14.2993	5.6156
14.4904	5.71475
13.3672	2.83173
12.6644	3.52831
13.1487	4.7083
13.3574	4.03652
13.5144	4.80174
14.5262	3.44458
14.7444	5.24177
13.8884	4.23864
13.3959	5.02201
14.1821	4.35842
13.3045	3.12798
12.3775	4.95254
13.2793	5.88848
14.1773	4.08615
13.9649	6.1209
13.8733	4.97115
13.9623	3.262
14.2011	4.10215
12.8542	6.43066
12.5974	4.4942
13.0366	3.97039
12.9385	3.66364
14.9643	6.91591
13.4365	3.40137
12.6898	5.16494
14.0052	3.64344
12.1342	4.25593
13.5785	5.18182
14.8105	5.63046
14.0932	5.78265
14.9856	3.29143
13.9024	5.62583
13.8684	5.04056
13.9412	4.5544
13.6805	3.36677
13.7738	3.50908
13.6336	9.68252
12.7077	4.92381
12.3128	4.61082
12.0332	6.15271
14.4021	5.95788
14.217	3.01946
12.4483	5.19587
13.8256	2.97158
14.8434	3.88478
14.3858	5.63157
13.1811	3.06165
13.0287	5.28365
13.8484	5.09672
12.6062	6.65685
13.6522	5.35921
11.9405	4.26515
12.7413	5.5323
13.0802	5.58077
13.4992	4.09876
14.308	3.94956
12.3545	5.41718
13.8037	3.46036
12.2018	5.08291
13.8017	4.88905
13.1791	5.03624
12.1257	5.46195
12.6905	5.77267
12.9015	4.55031
14.8512	4.98027
13.9754	3.3742
14.4502	5.97161
14.7011	5.89096
14.3256	6.21822
12.3508	5.91646
11.9363	5.66412
12.5482	7.20747
14.2525	4.99855
13.4756	4.54894
12.2119	5.29992
14.1987	5.40607
13.7455	5.05964
13.2547	4.38812
14.5229	4.78328
14.2024	5.68686
13.0374	5.65775
14.0342	3.34015
14.5226	3.55943
14.8639	5.29882
12.3182	3.09795
14.2184	5.11214
13.6198	6.81688
14.467	4.0661
14.9719	5.39457
14.6895	5.11976
14.2297	4.00683
13.7821	4.25452
13.4359	5.79585
14.4038	5.44519
14.7316	5.3188
14.007	4.89383
13.8383	6.82381
14.2954	4.38126
13.7241	5.59343
14.252	4.15044
13.7365	4.63998
14.6912	5.06732
12.7199	6.19402
14.3264	3.10901
14.2364	5.36523
13.5992	5.50442
14.9102	6.10305
14.6092	6.02662
13.5986	4.07571
14.8559	5.05056
13.1934	5.01096
13.3288	5.70664
14.0123	6.23918
14.2929	5.16812
14.6591	4.64109
13.5843	7.49053
13.9604	3.97206
12.7314	3.63959
13.3805	4.04358
13.7261	5.02957
14.6647	5.28924
12.4259	4.83302
11.9666	4.45839
14.2399	4.58536
12.7311	5.72602
11.9359	6.19829
14.427	5.53428
13.8964	5.5049
12.3885	4.64613
13.3845	4.53441
14.2433	6.67063
11.9776	5.96944
14.1828	6.91147
14.7913	4.99109
14.673	3.85499
13.8505	6.298
14.642	3.26223
12.7653	4.72135
13.392	6.186
11.9918	5.64155
12.038	5.51449
14.5742	3.34788
13.1812	4.04253
12.2085	4.38234
12.8802	5.85546
14.5397	5.43894
14.8853	3.93789
14.4459	4.79383
14.7206	5.36974
13.6315	3.41046
12.4412	5.03001
13.041	4.8038
12.8134	3.28875
12.248	2.84726
13.7614	5.30386
12.1522	3.77079
13.4561	4.77927
12.2165	4.46555
13.1307	5.92127
14.3216	5.16874
14.0159	5.75786
13.0681	5.39508
12.9829	4.66917
13.8128	4.01796
12.8238	3.13276
14.6132	3.76369
14.1386	4.2272
12.7842	4.88977
12.6631	4.06636
14.5422	4.76332
14.826	5.43347
14.5068	7.29665
12.9838	3.84317
14.9734	4.24994
14.7603	6.14636
13.6635	5.82606
13.2465	3.33286
13.3711	6.33147
12.9488	3.73617
13.6353	3.92841
13.3577	5.70743
12.5601	5.80191
13.2956	4.07526
12.7036	5.63774
14.4295	4.87196
12.3194	5.67195
12.9601	3.93745
13.6519	4.31433
12.4423	4.97798
12.1982	5.27816
14.4959	6.72468
14.6971	3.60113
12.7973	6.78939
13.0514	3.37579
13.6667	4.38581
14.399	3.47777
12.6477	3.72138
12.5247	6.07378
13.7144	3.78146
13.2624	5.26795
13.3318	5.04881
13.5952	3.7784
13.9525	5.93997
14.5967	3.38625
14.3151	6.36612
12.2759	4.89615
13.8898	3.84728
14.439	3.86552
11.9468	5.09956
13.8322	3.23496
13.8134	4.17576
13.8796	6.30898
14.712	6.55352
13.6036	4.63692
14.7628	4.85604
14.6616	3.41321
13.0831	4.88609
13.0633	5.87529
13.6836	4.83026
14.2476	3.19829
13.0116	4.19763
14.7417	3.75111
14.4192	4.92784
14.0796	4.92039
14.2907	4.07827
12.5741	4.6311
11.904	3.96447
14.4587	6.27544
13.3284	6.47322
13.342	5.98301
12.9322	3.13656
14.7758	5.90118
14.5766	3.3527
13.5086	4.84838
12.1438	3.33411
13.8348	4.59172
14.7906	5.70242
13.2942	5.51748
13.5166	6.47127
14.3041	6.47856
13.2028	4.00857
13.085	4.60456
12.951	4.9518
12.7074	5.49643
12.8957	5.85083
12.532	4.12404
13.73	6.37661
14.6749	3.75493
13.1788	6.28185
14.3558	5.29725
12.1777	4.00486
12.8001	3.38381
13.9306	5.50944
13.0085	3.633
14.5512	5.19013
14.0986	4.38653
12.3179	4.48051
13.9092	5.6199
14.5115	5.04832
13.8002	6.70314
12.4838	5.59879
13.3942	3.48029
13.4181	4.46295
12.1672	3.32257
14.6374	6.17077
13.8092	5.30367
14.6349	3.91456
14.6284	4.68747
14.3814	3.54886
14.554	6.71437
14.3794	3.42662
13.2973	8.42567
14.9259	6.86198
13.1672	3.87857
12.4567	5.57688
14.3518	5.47475
14.7953	3.74709
14.1294	3.68084
12.9061	5.36474
14.1341	4.62549
13.439	2.99948
14.6797	3.80661
14.2404	5.01715
13.6265	3.87844
13.997	3.76622
12.8979	6.41581
14.1576	6.0724
14.7355	5.88012
12.4734	4.21609
13.7129	4.93031
12.5663	5.8393
14.1652	4.91551
13.2029	4.45481
12.7222	5.18516
13.4065	4.90382
14.331	3.72361
13.6417	6.39288
12.4934	4.26392
14.651	5.39668
14.7981	5.7081
14.5057	5.31999
14.6353	5.59534
12.8383	5.12527
13.9334	5.69238
13.5312	6.77685
12.5003	4.35915
14.3104	4.61937
14.0521	6.57408
13.937	5.52811
14.1533	5.55111
12.2086	4.27318
14.9116	3.33705
14.6084	4.95698
13.8941	5.7406
14.1349	7.50189
14.8154	5.12889
14.9619	4.92105
14.6545	3.03897
13.0465	5.86906
13.3283	3.34714
12.4426	4.50279
13.6584	4.44183
13.2136	6.10577
12.2436	5.48072
13.9759	5.08616
14.868	4.03949
13.4212	6.97958
14.3996	6.44434
14.3008	4.65729
13.1388	6.05586
14.8411	3.07676
12.7521	5.14563
