12.5922	0.411569
12.6962	2.35115
11.838	1.44996
13.1826	2.81171
14.6649	0.502661
13.2648	1.77063
13.782	1.83973
12.6111	3.24064
13.6335	2.67041
14.1881	0.462976
14.3678	0.487658
13.9981	1.21279
14.1321	4.3455
14.1805	1.48368
12.3816	4.96431
14.569	1.33545
13.8314	0.171481
14.6224	0.921145
14.0888	1.05272
12.6956	3.01863
13.0941	2.76857
12.6618	2.24185
14.9999	1.53544
14.9162	2.68889
14.3989	3.9212
13.9954	2.78968
14.0778	0.906895
14.8858	1.45395
13.5023	0.67284
13.1656	2.06761
13.5877	2.73769
14.0064	0.672426
13.2647	0.789041
12.1237	1.27
14.3632	1.94275
12.5858	1.94292
14.731	1.83362
13.6337	0.843444
13.7375	2.73209
12.7129	2.78829
13.4859	3.5064
14.0861	1.54484
14.8959	3.97319
14.6178	2.73568
12.321	1.66974
12.278	1.06399
12.0786	2.27176
14.3703	1.63964
13.5679	1.22491
14.1968	2.46903
14.6083	1.52978
14.7661	2.59739
13.6129	3.47849
13.3386	2.09707
14.4929	2.42661
14.5414	1.73088
13.1863	2.80646
13.375	2.26954
12.827	2.39963
12.7532	0.284136
13.7143	2.97724
13.5133	0.710439
12.6734	2.39391
13.6611	-0.0608845
14.8815	1.89619
11.9783	2.00147
13.4513	1.60853
14.1507	2.51474
12.9491	2.1056
13.732	-0.00180954
14.3537	1.81635
13.0849	4.0579
12.9982	3.15932
12.4281	1.17821
13.2178	3.26579
12.9124	3.30302
12.7864	1.72796
13.5445	1.8257
14.9903	3.51503
14.1356	2.01482
12.7946	3.86698
13.9247	2.23667
13.2445	2.61529
14.57	2.90405
14.6744	1.92064
14.3461	1.43955
13.6781	3.10424
13.7173	1.06018
14.3337	1.20971
13.0927	1.67452
12.424	2.23273
12.5229	-0.0643759
14.3486	0.76932
13.5232	1.22056
12.9213	1.90783
13.127	1.89148
13.875	0.934523
13.1543	2.90072
13.4915	2.0975
13.4871	1.29415
13.0609	0.351196
12.9628	2.31995
13.5841	1.31734
13.5758	3.59775
13.9767	2.35417
12.0629	1.64095
13.5161	1.51823
13.7571	1.46409
13.7398	0.525933
12.9677	1.34655
12.8255	5.25976
14.6167	2.41141
13.0077	3.48896
14.2307	1.0608
14.6582	1.4963
13.8635	3.20419
12.4363	4.27521
12.0225	0.155787
12.3664	3.07728
13.7855	1.42938
12.5595	1.64011
14.7718	3.61425
13.5523	2.92523
12.9451	2.29437
13.2579	1.92243
12.7129	2.88091
13.7788	2.90128
14.4106	1.25327
14.1506	3.33209
13.4485	1.4194
12.9649	1.93541
13.9568	3.46397
13.1572	0.916167
13.3672	2.09381
12.4399	1.96627
12.8946	2.90388
14.0736	0.43265
14.601	2.01131
14.649	2.54753
13.6313	3.55193
14.7026	1.87564
14.5504	1.31386
14.2964	4.47317
12.427	0.38494
14.5489	0.113268
13.2589	-0.108076
13.0785	1.40722
13.1963	1.88756
14.6223	2.3431
13.3627	3.5729
14.3101	2.99226
14.8601	2.64629
14.0703	3.21679
12.2134	0.765167
14.9172	1.83788
14.5384	3.16012
14.5417	0.0173272
13.3338	2.60518
14.7926	0.628047
14.6436	2.99765
14.7446	1.72665
14.8914	2.57629
13.0882	0.681003
13.5974	1.14147
14.7159	0.893502
12.7764	3.3189
14.3798	2.57639
14.2524	2.82041
12.6269	1.78228
13.6532	3.82123
13.0629	0.264041
14.6465	2.57105
14.0464	2.15141
14.3174	3.22094
12.966	2.58844
13.8164	1.19406
12.651	0.70135
12.9714	1.28022
14.6433	1.67486
14.6365	2.69044
13.3697	2.22482
14.1666	2.09574
12.3489	4.04938
13.4898	1.03775
13.2566	1.15732
13.9928	1.44805
13.6436	1.57697
12.6367	2.86949
14.4744	3.63448
12.8799	2.11325
14.1875	2.50041
13.5805	0.0453901
13.6713	1.343
13.3415	0.868583
12.3865	1.43183
14.7312	1.64925
12.9709	0.268368
13.2897	0.626861
12.7087	1.91819
13.1141	3.73541
12.7104	0.707105
14.6563	0.111614
13.3421	2.1842
14.6287	1.16737
14.7042	0.109321
14.7546	1.22229
13.7127	0.782742
13.8241	0.215398
14.2995	1.54266
12.8875	1.75602
14.7391	2.75676
13.1635	3.02385
13.5364	3.84936
13.6451	3.47599
13.0388	3.48048
12.6185	1.90112
12.9681	2.85078
12.4994	2.36033
12.3731	1.36064
13.0424	3.30254
14.5288	0.393635
12.277	2.89496
14.7093	2.04128
13.3049	2.71481
14.5335	1.58857
12.5384	5.00142
12.8031	0.075536
13.9579	3.09756
12.2312	0.55699
13.7365	3.14424
13.5501	0.674857
12.9669	1.07598
14.3398	2.52565
13.2032	2.45249
13.2933	1.33809
12.0789	1.79484
14.2858	1.43679
13.7034	0.415696
14.5342	1.91342
14.0881	2.54291
13.4528	2.02806
13.6973	4.39075
12.7065	1.97135
12.7955	1.66874
14.8463	1.33405
14.0958	1.77183
14.1995	2.3752
14.2612	1.97984
13.5456	2.68193
14.9106	0.35627
13.445	4.10746
14.7356	1.88676
14.5654	3.69818
12.9702	1.80388
13.8856	2.78537
12.2115	1.52902
14.9819	1.72225
13.6795	2.19373
13.9069	2.88588
14.0068	2.14953
14.8549	2.21821
13.1882	4.81789
13.2782	0.213873
14.5701	1.23465
13.7475	1.27019
12.5501	1.32033
13.0379	2.90313
13.2723	1.25703
14.5439	0.987456
11.9459	2.46636
13.3702	0.556206
13.1084	0.91257
14.3698	1.31478
12.1048	3.66873
12.9455	2.09309
13.4846	0.947299
14.4373	1.0281
14.3509	0.228113
12.9661	2.76766
13.8416	1.38315
13.6952	2.57289
13.6781	0.964179
14.3157	3.10193
12.2921	0.42557
12.8141	3.56494
12.7648	2.13301
12.8986	1.90454
12.6497	1.4144
13.8544	1.75208
13.3597	1.79036
13.2222	2.35174
14.2733	-0.154151
13.2832	0.0952685
14.7286	0.324266
14.0014	3.44554
12.4198	1.92299
14.3491	2.55654
14.2053	-0.179956
14.426	0.444085
14.065	2.65256
13.9045	0.128031
13.4933	3.5462
13.8906	3.12259
14.9827	3.88378
13.4258	3.60291
12.8835	0.70492
14.238	0.633242
14.6134	3.03341
14.5827	-0.250396
13.239	1.07954
14.2159	0.6447
14.1071	2.10969
14.1077	3.3577
14.0984	2.8398
12.5102	0.744791
12.2271	2.61909
14.2119	0.512547
13.4987	1.9698
14.2843	1.2016
12.8892	1.48546
13.9888	1.40671
12.7011	2.36541
14.1728	1.75491
13.6949	0.756155
14.0306	1.93085
13.3403	1.02377
12.4872	3.92743
12.6539	4.91106
14.4567	1.19316
11.8309	1.87975
14.124	1.46249
12.4162	1.5721
14.4963	2.70055
12.4341	0.425963
14.2191	1.15979
14.2423	4.02101
13.5372	0.567625
13.286	2.58976
12.3852	1.36832
13.0299	1.68509
14.4987	2.22218
12.7234	1.17929
12.9257	2.53993
13.7877	1.67578
14.0038	2.4339
14.0143	1.99584
14.8903	2.80226
12.1232	0.35272
14.8266	0.045351
14.6826	2.66686
14.9395	0.91154
12.3116	2.75595
13.8694	3.2135
13.0159	1.68904
12.9681	1.71862
13.4276	4.04102
14.1143	2.26091
13.0767	1.90062
12.763	1.98266
13.262	3.28335
14.1312	1.93906
14.9814	2.83069
14.9471	2.51197
13.6856	0.583168
14.0105	2.13674
14.9596	3.819
14.7538	2.33699
14.6712	2.09363
12.3863	1.62368
12.9279	2.45429
11.9587	2.22732
14.0262	2.70993
12.5949	2.75116
14.7177	2.97305
14.4293	2.34885
14.7869	1.75688
13.292	-0.0449486
13.8714	2.77117
12.6813	0.160787
14.4825	2.69985
12.4687	1.5658
13.1161	2.37427
12.3756	1.99424
12.3341	0.998638
12.6911	2.63926
14.6684	0.390732
13.7833	0.981157
14.0248	2.96413
13.9285	3.04571
13.5781	0.164732
14.6693	1.21261
14.9567	2.20193
13.2182	0.531502
12.8692	3.24469
13.5399	0.448387
14.624	2.53695
13.4664	1.90435
12.6963	1.53018
12.2449	1.13535
13.3294	1.49246
12.8786	1.89869
14.8497	1.85828
13.6858	1.63759
14.9411	2.87486
12.414	1.58271
13.6696	0.306331
14.0363	1.24988
12.3059	2.63916
14.4556	1.45786
14.7158	3.38744
14.4711	5.09326
14.1996	1.97651
13.304	2.65899
12.3222	1.64844
12.4813	2.32127
13.351	2.51434
14.0507	1.29224
14.2882	3.32503
14.1652	1.95075
12.5795	0.988949
13.9489	0.00462959
13.8293	2.88285
14.3726	2.36267
12.2963	1.67206
13.4805	1.14712
13.3135	1.84225
14.7492	3.69458
14.283	2.29866
12.5478	1.90193
12.3428	1.13801
14.5393	0.692788
14.3667	0.00727904
13.8284	1.74179
14.5251	0.118983
13.9777	3.03416
13.7801	2.35612
13.9726	2.49648
13.35	1.70811
14.2339	2.83113
13.4383	1.66228
14.5591	1.52076
12.503	3.28783
12.258	3.96963
14.4375	1.58245
13.4282	1.97184
14.0181	1.69506
14.5073	3.25954
13.955	1.92309
14.1923	2.48105
13.1253	0.227127
13.8293	1.22769
14.1642	2.83941
14.2806	1.03089
14.9211	0.652541
14.9002	2.44319
12.5152	2.34873
13.4798	0.439228
14.4396	1.26846
14.5152	1.2105
14.0922	2.97418
13.314	1.59251
13.4227	0.577181
14.8023	1.38354
12.8084	1.55424
14.5728	1.30332
14.2682	2.41078
12.3646	2.38303
14.5731	1.02801
12.7408	1.24102
14.169	2.83239
13.629	2.99854
13.4605	2.29416
13.0316	1.76822
12.3267	4.55403
12.8218	2.24767
14.3085	0.306546
12.2358	5.25143
12.1029	2.09446
14.245	2.03191
13.08	1.46027
12.235	2.37122
14.3251	2.68481
14.2111	2.59788
12.8657	2.19441
12.5328	4.7746
13.5968	3.83051
12.8245	0.927002
14.8913	2.7424
14.8453	1.51755
14.9482	0.985236
13.3082	1.37356
12.5946	0.874844
14.8434	2.3719
14.362	1.19004
14.379	0.841697
14.7227	1.99422
13.8997	2.43166
13.6009	2.87101
12.2165	0.712692
14.5175	2.67616
14.4351	2.34243
12.6851	2.5211
14.6524	4.2357
13.005	-0.0327863
12.7277	1.59719
12.9796	2.57789
14.3616	1.75375
13.6753	1.94256
14.4649	0.0192976
14.6141	1.96559
12.403	2.27898
14.1096	2.63675
13.1143	2.40535
13.074	2.86216
13.9364	0.585127
12.5485	2.94286
12.3528	1.29887
12.9273	2.28248
12.2432	2.40087
12.8272	3.49026
14.7322	0.7178
12.3276	0.305173
13.5345	5.12677
12.0981	3.81123
12.5072	1.84606
13.2787	0.33222
14.8797	0.843811
12.8259	1.14644
13.8007	2.64584
14.9153	1.8996
12.409	1.20924
12.2544	1.62612
13.4378	0.581213
12.4944	1.29812
13.4501	1.61434
14.5676	0.421274
14.4961	0.628745
13.4371	2.14105
12.0778	2.69783
12.8653	1.9132
14.1185	2.76874
13.4463	0.16926
12.9512	1.74412
13.1085	0.300162
12.5854	1.83889
12.4968	3.44914
13.2041	2.07264
14.2733	2.31293
12.4976	1.14876
14.1599	3.7901
14.1053	1.32134
14.8295	5.16377
13.3106	1.31627
13.9551	2.13933
13.4916	2.58493
14.4228	2.49477
13.2707	1.88838
12.087	1.66168
13.6154	2.092
14.001	3.4674
12.8505	1.89013
12.4004	1.2319
12.8312	1.44134
13.3402	3.4303
14.8564	2.71975
14.2687	5.27406
12.385	0.973122
13.904	2.08338
12.4142	3.16839
13.0993	0.095951
13.2337	1.98963
12.8465	1.78321
14.8873	0.836832
14.3978	1.61554
13.1889	2.55309
13.713	0.677295
14.1437	2.61952
13.9309	0.28056
13.9073	0.441099
12.6714	0.923357
13.3436	1.26061
13.3656	0.918482
14.1424	0.144808
13.5808	0.77615
14.3316	1.44505
14.608	1.61705
14.6419	0.298377
12.1738	0.332053
14.6313	1.23446
13.0202	1.01442
13.1531	2.00024
14.7079	2.89313
14.0337	1.34645
12.9611	1.89053
14.0721	3.53119
14.765	1.0605
12.3923	1.29042
14.1169	0.534565
14.6301	1.77125
14.6248	2.2895
13.576	2.78281
12.5783	0.906064
13.7605	2.54812
14.3769	2.91195
12.1059	0.979375
13.6163	3.49379
13.8317	0.747498
14.2735	2.11421
13.5591	0.0463098
14.0821	2.12609
12.0204	2.46834
14.0171	2.69237
13.6488	0.611407
13.0673	1.44592
13.5052	0.123733
13.7405	2.94739
14.5788	-0.0970608
12.2581	0.810262
13.1842	3.12447
13.9404	1.38665
14.8933	3.01591
14.3111	0.171344
13.1392	4.05709
13.7577	2.0132
14.8348	1.9685
13.4885	1.73413
14.2063	2.86069
12.7925	0.130376
13.3227	1.77647
13.8979	2.64178
13.7392	2.43875
12.5138	4.12016
14.8635	4.9187
13.1623	1.00435
13.9899	0.00371514
13.5983	1.27761
13.4499	1.48716
14.1785	2.10744
11.9604	1.7727
14.2736	2.82032
12.6457	0.368933
12.4122	2.46297
14.2331	1.84041
13.6019	2.08898
14.1634	0.753462
12.5765	3.0443
14.516	2.76112
14.0596	4.73832
14.9239	1.90782
12.2145	1.76623
14.1843	4.01076
14.3263	1.2266
13.8643	0.18998
13.6694	3.21793
13.8526	3.75864
12.1451	2.87961
14.0697	0.306672
13.5689	2.66417
12.2895	2.92049
13.5645	1.6984
13.0215	2.38473
13.7479	2.23397
13.9718	2.73718
13.1991	2.62038
14.3476	1.8976
12.2232	1.90016
14.9014	2.75441
14.8085	1.52689
12.7556	1.80712
13.9433	1.84151
13.6249	2.04839
14.2418	2.5019
14.7257	2.45037
12.7537	2.64661
12.4821	2.40822
12.0253	0.944449
13.0663	1.90144
13.9181	2.62705
13.9904	1.99489
13.7861	2.03902
14.1629	2.21407
12.0979	2.58599
13.9339	3.74619
14.3605	0.754366
13.2153	2.23607
12.7479	1.01368
14.8032	2.82588
14.057	0.512207
12.6408	1.19352
14.1894	1.45974
13.2793	1.61995
13.1844	1.0873
13.1332	0.159995
14.5712	2.59319
12.6237	1.96491
12.9874	2.6147
12.4521	2.41872
12.6335	0.208688
14.0402	2.21504
14.2911	4.13122
13.5316	2.11555
12.9966	3.88327
14.0587	2.23359
13.2003	1.79381
13.481	2.97474
12.8543	0.560908
13.8559	1.87108
14.8473	2.16929
13.2318	1.58352
14.2687	3.11432
13.6749	2.21269
12.9771	1.64252
14.961	3.8546
13.3644	2.51195
14.8715	3.3778
12.7741	1.36005
13.4697	2.27869
13.5379	3.95191
13.2984	0.0237246
13.2577	0.354831
14.7087	1.95912
14.481	-0.0902156
13.2402	2.28167
14.0815	3.87413
14.8822	1.62182
13.1822	5.29616
14.2971	0.15116
14.3234	0.658669
13.0299	2.61896
14.3939	3.88311
12.7028	2.38808
14.3374	2.84217
12.6496	0.879249
13.0804	2.71816
14.3312	1.72617
12.5057	3.19498
13.9984	4.65361
14.8906	2.03995
14.2729	1.07751
14.5576	3.09699
14.8558	2.21483
14.5976	2.14639
14.121	4.17904
14.5718	2.82499
13.8445	3.25857
13.9347	1.58944
14.5762	3.02304
12.8894	0.836247
14.8032	0.0601612
14.2765	3.34158
12.2002	2.88936
12.813	0.901859
14.9638	2.70954
13.6451	1.84809
13.8172	1.54099
13.3649	3.18019
14.7572	3.3252
14.0951	2.93729
14.0458	0.412978
14.4273	1.28474
14.7335	1.73322
12.355	1.90512
12.7002	2.22861
14.0725	2.86414
12.6471	0.272002
12.409	3.69278
12.0348	5.01288
14.2067	1.96323
12.443	3.11797
12.5439	2.17011
12.4505	3.06002
13.0808	0.905247
14.1554	0.16847
11.8601	0.897577
12.6429	1.70797
12.4846	1.89753
14.58	1.41426
14.5968	2.21439
13.4064	3.72979
12.7652	2.00074
14.792	3.59058
13.3858	3.42421
14.6723	2.68002
13.6362	2.53126
14.4364	0.440965
13.7968	1.78712
12.5522	2.55657
14.6366	2.60651
13.0956	2.41944
12.6697	3.31348
13.986	2.99544
12.4106	1.70137
14.2379	0.164362
13.3202	2.41626
13.8385	1.53678
14.4955	3.22528
13.618	2.07331
13.7266	2.15809
13.9038	2.43816
14.1738	1.96665
13.6585	1.3888
12.7646	2.14737
14.9253	2.88766
12.7064	1.57129
13.0247	2.44456
13.8225	2.69785
13.1543	0.682359
14.3078	1.04111
14.0042	0.366188
11.957	2.0931
14.0448	3.19925
14.2229	1.37733
12.1111	2.54518
14.6104	2.13801
13.7119	0.838168
14.1846	0.882852
12.6133	2.02522
13.2278	4.87246
12.4834	0.893872
14.0709	0.56698
13.3437	1.8256
13.9588	1.93164
13.8112	1.58403
13.3147	2.19049
14.4254	0.494523
12.44	0.638001
14.3302	1.79545
12.6664	1.7114
12.0883	0.934585
14.2276	2.5993
14.3207	0.988875
13.5497	1.83016
13.6736	3.9716
13.6358	2.52832
12.6577	0.601164
14.2236	1.8046
13.3518	1.66908
13.2234	2.18657
12.3595	3.5042
12.6702	4.98445
14.361	1.61225
14.759	2.64591
13.787	0.171752
13.0439	-0.0573428
14.7806	1.93849
13.125	2.33153
14.2109	3.84013
12.2464	3.02722
12.538	2.59572
14.3876	1.53543
13.9026	3.22312
14.4533	1.54449
14.8729	3.20904
13.0219	3.21444
14.5221	2.53968
13.4735	0.80981
13.0454	2.53973
13.0928	2.83155
14.1838	0.858776
12.2478	1.21575
12.267	1.0179
14.0788	2.97628
14.4078	1.97385
13.3771	2.27366
12.8766	4.0213
13.0811	2.83136
14.2961	3.13881
13.9354	3.06882
12.5568	0.861202
13.0124	2.63808
13.1285	3.75946
12.6821	0.940344
13.7448	0.239238
12.7007	0.54209
13.6393	1.44883
14.4361	1.38274
13.1822	1.52819
13.1812	2.13782
12.4615	1.22272
13.2666	2.27291
14.6503	2.56252
14.0648	0.573739
13.9908	0.320672
12.8062	0.812783
14.5058	1.45535
14.1021	1.16719
14.3317	2.5923
14.9899	2.2574
14.8866	2.88151
14.2206	1.57118
12.4773	0.858037
14.0659	4.948
13.0426	1.81289
14.4591	3.50758
14.4861	2.09854
12.2627	0.376492
13.3638	3.08731
13.3621	-0.13077
13.8511	0.648718
14.3784	2.75397
12.1515	5.21884
12.6924	0.96204
13.313	1.84786
13.9445	3.17827
13.3027	1.53127
12.3635	1.71342
12.4296	3.83279
13.7496	1.46051
12.5979	1.10129
12.9617	2.3762
13.7999	3.43992
12.2982	2.78751
13.6254	1.68186
11.9464	0.410269
13.9655	0.712548
14.3786	1.97841
14.618	1.05505
13.9243	2.21045
14.2523	2.39946
12.981	2.01577
13.8353	1.83331
12.7006	3.13369
14.0488	0.313411
13.6526	3.04461
14.4836	1.33769
13.9265	1.90225
14.7996	1.53879
13.3044	3.01079
12.3806	1.73859
13.7353	2.13097
13.7219	2.6976
13.708	2.54018
14.7051	1.65875
13.1673	0.542808
13.194	2.35993
12.6391	2.93862
13.3372	1.20287
13.4839	0.159858
13.7187	0.749321
12.5364	4.71074
13.7172	2.52517
13.7677	0.143666
12.2071	0.594219
14.3969	2.70475
13.6099	1.83317
13.2002	3.29188
13.4225	0.44998
14.6996	2.81975
14.3993	1.17737
13.6043	1.42216
14.1239	1.75156
13.0307	0.810814
14.4761	2.12081
14.2187	2.42829
12.5047	0.983978
14.5715	1.45115
12.8663	3.57228
13.3024	3.99178
12.7714	1.441
13.3808	4.76013
14.7935	2.3366
12.3627	1.65218
12.623	2.21963
13.3377	2.00711
11.9381	3
13.7466	2.95744
13.053	5.0976
13.797	2.56178
14.6355	2.2401
13.0577	4.43622
13.8562	1.22011
12.7813	0.801178
13.7482	0.765171
13.4292	0.370658
14.1934	2.69671
13.4621	3.51614
14.6517	0.375631
12.3184	2.3738
13.9214	0.0859758
14.0509	2.29651
14.2795	1.39841
14.5363	2.62562
14.7823	2.64143
14.0715	0.763798
13.3263	1.28258
14.2465	6.36248
13.3161	1.01371
14.7424	2.70758
13.2911	1.93992
14.1887	1.61929
13.7969	1.78412
14.0445	2.36844
12.6475	0.301626
12.9038	1.45115
12.0653	3.01336
12.1867	0.489057
13.082	3.30139
12.2529	1.45218
12.6972	0.417189
13.7673	0.540358
13.9915	1.6461
14.6545	1.19485
13.7524	2.05078
14.1619	3.28362
13.5879	2.38137
14.5849	2.01127
13.9092	0.965468
13.5192	2.08591
14.8314	3.08549
13.5814	0.421155
12.1248	2.45337
14.08	2.1974
13.2767	0.73562
13.6186	1.87248
13.2677	3.08894
14.7137	3.80945
14.7189	3.12487
14.0756	3.09581
14.9865	4.75149
13.6036	0.122067
13.0453	1.14075
12.5498	0.356819
14.4156	2.42988
13.5506	2.20763
13.3354	1.19032
13.502	0.766412
13.7198	1.33547
13.6522	1.77147
12.4117	3.65257
13.108	3.08965
13.6391	0.556706
12.672	2.33108
13.4076	2.56789
12.5006	1.52316
14.9428	1.13326
13.9117	2.33734
13.91	2.46889
12.8159	1.66029
14.134	0.484473
14.3744	1.32912
13.4136	2.55445
13.3105	3.57702
14.8243	2.46656
13.2686	1.23064
12.5819	0.851209
12.9956	2.67551
13.6541	3.09201
13.8167	2.32686
13.6043	1.99686
12.6999	1.86774
12.8821	3.32525
13.4492	2.47702
12.4138	1.8407
14.6329	2.25066
13.0954	3.16889
14.2778	4.93706
14.0626	0.911107
12.9468	2.46382
14.1946	0.490442
13.7736	0.487759
11.9183	-0.0336614
13.3778	2.62081
13.3594	3.1683
13.6962	1.88421
14.341	1.91889
13.9551	2.36982
14.5438	1.48747
11.8475	2.56138
13.833	1.30952
13.5457	3.26465
14.0662	4.16757
13.1766	2.72766
14.6957	1.49627
13.3247	2.24459
14.972	1.70882
14.1918	0.871018
12.1291	2.61383
14.4069	2.06491
13.239	12.6108
14.6864	-0.16161
14.716	0.752393
13.8886	4.11954
12.8154	2.57158
13.322	1.00544
12.8365	0.861952
12.7172	1.37284
13.0211	4.47744
13.076	4.30427
14.8699	0.813998
14.6353	1.9934
12.9091	3.56344
12.5376	1.41683
12.7858	0.565189
13.3838	3.63686
14.1971	0.688167
12.1868	2.75461
14.7151	0.430568
14.4328	2.85462
13.7104	2.11328
12.9748	2.6504
14.6007	2.34134
13.0395	1.53338
14.672	3.02993
13.9808	0.516187
14.4153	2.53112
13.6026	4.18678
14.6932	1.26582
12.6284	1.78971
13.8905	0.367031
13.2327	0.990457
12.4005	1.30385
12.5645	0.975715
13.0588	1.62759
12.9808	0.483259
14.0849	1.07606
12.9345	3.12231
14.504	1.33761
14.2844	2.58495
13.5451	2.11595
13.9406	0.163843
14.7659	1.45055
13.2885	2.78126
14.0826	0.815492
14.0299	3.80273
11.7922	1.93637
12.7364	2.75645
14.2166	2.36974
14.3141	1.92817
13.0376	2.38214
14.1238	2.83807
13.6714	4.34156
13.6559	2.71402
13.6638	0.424468
13.8711	3.08507
12.6428	3.12612
14.7804	4.25785
13.5467	5.02615
13.9186	2.67216
12.5811	1.2532
14.8831	2.91268
12.0244	3.1513
12.9819	0.90728
13.3232	2.62031
13.1753	0.79406
13.3225	3.96704
12.0116	2.18112
12.3821	0.961703
13.7491	1.51638
14.1835	0.771468
13.806	3.57939
14.5817	3.14746
13.4119	2.90377
14.7239	1.86605
14.4282	2.81443
14.3836	0.652352
13.0136	1.97225
13.5589	1.27165
12.8396	3.18239
12.8806	2.02095
13.9809	0.875055
13.5777	2.05593
13.0073	2.89421
13.603	3.15202
11.9095	4.86387
14.7702	0.599403
12.4907	2.29315
12.6948	2.0007
14.8917	1.10061
13.0198	2.56892
14.205	2.19429
13.0452	1.74535
13.2561	0.431189
14.6143	-0.0123909
13.4008	2.88232
13.158	1.49144
13.9822	3.01331
13.0887	2.0763
14.4055	0.786973
13.9164	3.01935
11.9616	2.73169
14.7297	2.37889
13.3185	2.89178
14.903	2.55824
14.3488	3.91551
14.9133	2.00185
12.8206	1.97122
13.0462	0.798636
12.7735	4.20078
14.2924	0.655914
12.3167	2.11589
12.7927	2.89266
14.591	1.08628
13.1243	0.848655
12.7277	1.26359
14.5329	2.94831
14.926	1.44389
12.3613	1.59017
12.1123	2.50621
14.4291	2.3315
12.4013	3.7154
12.852	4.0633
14.9824	4.46526
13.3974	1.89554
14.6138	3.2262
14.2264	1.64438
14.8265	0.892381
12.847	0.95834
12.1807	2.81158
14.4852	0.9954
14.8117	2.85788
12.0605	2.26448
12.8074	2.31361
13.5839	2.90416
14.698	2.66127
12.2837	3.9779
14.1909	0.943035
14.1485	2.51831
14.7593	-0.00669778
13.631	2.70986
14.1025	0.247138
13.9849	2.88686
12.3171	1.26035
14.8446	0.979149
13.1301	1.89989
14.1856	-0.168502
12.0589	0.684728
12.0483	0.204685
14.0098	0.455365
13.859	0.977579
12.8458	1.67225
12.8717	2.00588
14.0171	1.72727
12.3467	1.23707
14.393	2.01863
12.5844	0.37722
14.7343	0.358666
13.0583	0.560202
14.9182	0.485383
14.9389	1.27236
14.4901	0.249222
13.0103	1.90746
14.0223	1.85038
13.567	2.58529
14.0156	0.324634
13.9754	3.02515
14.6536	1.27308
12.5925	0.573466
12.6736	0.788912
13.1345	1.89775
12.906	2.0758
14.5874	2.57152
12.8592	2.08841
12.7496	3.76002
14.9229	2.66833
13.9015	2.53568
13.7203	2.36658
13.6122	1.60205
13.7465	1.10182
12.9317	0.151131
12.0297	3.1012
12.5494	0.111613
12.0284	1.44595
13.4954	3.40104
11.9149	1.78841
13.5185	1.41973
14.4526	0.974747
14.8648	0.999847
14.6736	0.584353
14.6016	3.49822
12.89	1.1409
13.3698	1.34493
13.6366	1.11084
14.8416	-0.205225
14.4533	2.2401
13.8431	0.810063
12.7233	3.06546
14.3871	2.37337
12.8588	0.454145
12.8067	3.34062
14.4548	2.20714
14.2965	1.76878
13.8562	1.72063
13.4314	0.109155
12.3137	0.696475
14.935	2.02169
13.0889	1.70493
12.8212	3.42018
14.7721	2.84785
13.3771	0.558879
13.6184	4.68162
13.3079	2.21523
14.9183	1.11608
14.2163	0.897157
13.7524	1.29128
13.2768	1.99832
13.5831	0.155909
14.0944	2.57914
14.3138	2.77763
12.7102	0.22
13.5368	2.18682
13.3959	3.16894
14.799	2.0407
13.4215	2.70439
12.754	0.0277804
13.8626	1.98262
14.4098	2.10197
14.8758	3.38294
14.1765	0.935648
13.9931	0.506215
13.0438	0.482904
14.0529	0.860592
14.2486	0.952922
14.7124	2.25281
13.4091	2.98384
12.9987	0.770876
12.6864	0.756044
14.1851	1.30198
13.8884	2.17438
14.2654	0.949272
12.2558	1.3034
12.3528	1.11804
14.5801	3.1402
14.7666	2.35051
13.3432	0.866667
12.1437	3.03434
12.5545	1.62312
13.272	2.68984
13.5348	2.19281
12.4062	0.805212
14.753	1.88147
14.5568	2.66866
12.1539	-0.0667369
14.6154	2.33108
14.4383	3.94849
12.4378	0.52831
13.9165	2.05208
14.1289	2.58062
13.0734	0.46298
13.7113	3.03575
13.5978	2.01917
14.2081	1.22693
14.4011	0.90392
14.147	0.768279
14.6417	3.00463
14.8395	1.2435
12.9207	0.168807
12.4324	2.00741
14.5562	1.71402
14.9887	-0.581842
14.2177	2.5526
14.099	3.92433
13.1756	3.26136
13.1147	1.63365
13.2095	2.16162
14.211	2.30689
13.0516	0.96789
13.1648	0.059002
12.7022	2.6435
14.8837	1.97586
14.1089	0.0752524
14.6107	2.24571
13.4378	1.10564
13.1643	1.63146
14.9477	2.23129
14.3747	0.110313
13.0716	1.2707
13.4239	2.83008
14.4774	2.1714
14.4423	2.19179
14.0848	2.92711
12.7452	2.69596
13.8989	2.17878
14.1764	1.40675
12.7052	1.485
13.9704	0.68587
12.7655	2.3109
12.4989	2.04301
13.0534	2.79144
13.5142	4.50144
12.3754	1.33077
13.0849	0.399419
13.3574	2.23679
12.3365	0.969464
13.4947	0.561144
14.0216	1.04815
12.4836	2.38064
14.1746	1.24299
14.6183	2.52248
14.7167	1.17196
14.0573	0.0658148
13.3407	2.33395
14.6344	1.63585
14.8859	4.26074
13.9675	0.209284
13.9609	0.828848
14.2657	3.41047
13.6322	1.96605
14.9478	3.5958
14.7578	1.2146
13.9952	1.44028
14.7572	2.76863
13.7522	3.54123
14.9426	2.82389
12.9521	2.31745
14.9539	1.78612
14.055	1.70673
12.2555	2.74402
14.8495	1.74472
13.0914	1.54638
13.8376	3.50634
12.5815	1.40005
12.5044	3.05515
13.4336	3.20188
13.2342	3.37538
13.1343	0.375835
14.6328	2.21942
13.3453	2.66557
13.6112	1.15881
13.9694	1.13012
14.2748	3.48554
14.1059	1.20538
14.4746	1.93676
13.7376	4.07434
12.3685	1.91302
13.7014	2.06354
13.7539	1.33866
13.3674	2.42481
13.0763	-0.0737396
12.0637	2.67978
13.6458	0.346506
13.7153	2.13444
13.8714	1.5583
11.973	2.01323
14.6389	1.4385
13.8443	4.84582
14.3624	0.68567
14.7128	0.706753
13.2989	0.535579
13.7142	4.28967
14.0063	1.79044
14.2464	2.50171
14.3081	3.89914
13.8208	2.66279
13.7024	2.20712
13.2312	1.11521
13.0568	5.21469
14.2386	0.767325
14.4887	1.94828
12.999	2.42347
13.1734	1.0989
14.1013	1.25819
14.794	2.15129
11.9221	2.50823
14.6162	2.06571
12.8753	5.3387
12.9407	2.59935
13.5056	2.49637
12.4496	3.03951
14.2735	1.61056
14.5692	1.76069
12.7063	0.419363
14.7857	2.94507
13.7827	3.45806
14.319	2.54175
12.2116	0.705709
12.3943	2.56058
14.3333	1.85286
13.4748	2.43361
13.1948	1.15796
14.3652	2.13242
13.1617	1.19257
11.9773	1.49196
13.0839	1.42026
12.2732	1.41261
12.7881	1.58553
13.9968	2.11476
12.3279	1.28792
14.3216	0.226825
13.5918	0.601839
14.1103	-0.185821
14.3849	1.94297
13.7257	2.61628
14.6344	1.25324
14.9727	1.07834
14.9196	7.2469
14.1889	3.52631
13.0265	2.59741
14.1007	0.401411
13.9196	0.223823
13.064	1.21346
14.115	2.47638
13.924	1.37576
12.6528	2.97658
13.3011	0.829577
13.2253	0.463505
14.3078	1.76457
11.9568	2.81701
14.4763	-0.168914
12.1855	3.04713
13.6662	2.2672
13.1241	2.2477
13.8361	2.99935
14.4122	1.44814
14.9839	1.223
14.6641	1.85286
14.579	3.54669
13.7002	1.94773
14.1321	3.11963
12.453	1.02932
13.5686	1.54111
13.1143	2.87067
14.6065	2.12021
12.6428	1.70404
14.897	0.383779
12.1084	0.369335
13.6667	1.62353
12.7446	0.345167
14.559	2.80796
14.3622	3.53613
14.1	1.05597
12.7711	0.282802
13.1744	2.94148
13.7441	2.01633
13.2654	2.245
14.6999	1.59128
13.3618	2.63336
14.3369	1.05287
12.1608	0.821026
14.8032	4.57617
12.6659	3.098
14.5682	2.5888
13.9142	3.67641
14.246	3.48777
13.4976	1.14247
12.8549	1.42842
12.9784	1.28653
12.3828	1.10143
13.0404	3.13981
14.6865	1.70436
12.7879	1.8525
11.7857	2.17638
12.7253	3.07478
14.3892	1.74214
13.3817	3.77768
14.6421	2.60681
13.0024	0.635238
12.6094	1.14739
14.4344	1.73339
14.4803	0.856791
13.892	2.60312
12.8608	1.65832
12.6468	0.383165
14.4778	2.29655
13.5289	-0.100556
14.6623	3.9943
12.172	2.23192
13.4895	1.44703
14.689	4.24706
13.0063	1.13276
11.9954	1.56188
14.5274	2.34494
13.3506	1.05844
14.7871	0.729499
14.8804	1.52866
13.5397	3.61813
13.7336	2.98695
12.3714	1.72972
12.8546	0.246815
14.2366	3.3188
12.9156	0.558989
12.3333	0.273183
14.6775	2.10247
14.4252	2.14431
13.2771	2.60817
14.7162	0.481582
12.5423	1.8823
14.1767	0.0321917
12.6972	2.72534
14.0278	0.728391
13.8851	2.14937
13.0697	-0.0861366
12.3144	3.34424
13.9388	3.36671
14.4892	4.6551
14.9814	2.57608
11.9463	3.2071
13.2124	3.60952
13.9272	1.53691
14.6181	0.665599
14.0876	2.93678
14.5584	2.20371
12.8452	1.08213
13.3927	0.917208
14.1841	1.52159
13.8142	2.01425
14.4751	3.96625
13.5858	0.69812
13.6747	-0.0190558
13.1223	0.68232
12.5546	2.28249
14.3674	1.42821
14.9193	-0.193518
13.6248	2.7358
13.6753	3.43587
13.2682	2.33437
14.3051	0.381694
14.8286	1.1452
12.697	0.939862
13.0364	2.53988
13.3771	3.16633
12.9881	4.73941
14.6345	1.78916
14.4114	1.09726
13.2701	2.42489
12.566	2.94806
12.3127	1.75463
12.8445	1.89422
12.5378	3.45414
14.5905	0.320505
14.188	3.29593
14.9595	2.40442
13.5335	1.03073
14.5115	3.21041
13.0665	0.86877
12.8221	1.14092
13.6011	2.6247
14.767	3.12479
14.8847	2.21274
13.9641	1.3571
14.4401	2.27944
14.1092	0.484134
13.014	0.763105
14.4403	1.60086
13.5807	1.75686
13.918	2.77401
13.2155	1.96409
14.1905	2.20085
14.137	2.90551
14.9219	1.24684
11.9785	0.91789
14.5116	0.676908
14.0292	1.21995
14.7839	1.71339
13.1478	1.19199
12.8935	1.71671
14.9685	1.67681
13.1582	1.36964
12.37	3.01715
14.28	2.48119
13.6975	2.56053
14.603	1.878
14.7412	1.22148
13.1099	2.81103
14.4825	0.0238496
14.2509	2.08603
12.6815	2.35547
13.4709	1.68823
13.2354	2.34239
14.5618	1.37621
13.4229	3.1699
12.7682	0.653163
13.0008	-0.0693553
14.4127	0.000329858
13.8037	2.46195
12.8301	1.26753
13.7544	2.39882
13.9214	4.218
13.6709	0.958119
13.9988	3.34428
12.2779	0.920219
12.1189	1.22789
13.6078	1.36183
14.722	0.0534079
14.322	1.06565
14.3021	0.186889
13.8496	1.63919
13.2167	1.54407
14.0548	2.58751
13.9254	1.04201
12.4249	3.52085
14.87	1.38112
14.139	1.14614
12.7883	1.17097
13.8189	0.773875
13.6675	3.58962
14.0201	0.490252
13.4366	2.92697
13.9955	2.97038
12.3145	1.45123
13.7516	2.02544
13.7537	1.27787
12.9746	2.06125
14.5308	2.02815
14.0816	3.57231
12.8178	2.72422
12.6051	0.276674
14.2701	1.88612
13.9928	0.584952
12.4461	2.64953
14.3764	1.02398
14.5163	0.542135
14.5304	2.19115
14.3787	1.62919
11.9298	1.72733
13.0867	0.952329
14.6442	1.56784
13.5802	2.86993
14.5303	1.62204
14.7482	2.45917
14.4813	3.79304
11.8169	3.52069
14.2866	1.76825
14.6732	3.87617
13.421	1.91423
14.6788	2.85986
13.8614	0.74726
13.3367	2.0903
13.6023	1.61317
13.8863	0.597196
14.0413	1.03334
14.5532	2.56064
14.249	2.29831
12.2977	1.9495
13.1024	1.65835
13.2823	2.98228
12.6981	1.80509
13.6194	0.430108
13.4584	2.55713
13.5991	3.55066
14.4604	0.368385
14.9616	1.31286
13.8768	3.03989
12.9174	2.62281
13.8703	3.90526
13.8412	2.92371
13.8618	0.918961
13.4766	0.00777395
13.4999	1.7588
14.4783	4.27354
13.0286	1.18966
12.5941	3.06852
11.9946	1.85653
14.4627	1.07408
14.7553	0.916712
13.7783	1.17848
13.0689	2.87389
13.2388	1.66146
14.054	3.31562
14.4865	2.29424
12.4654	1.07737
14.1999	2.64447
12.3197	2.26635
13.7943	0.364769
12.7238	0.784865
13.3807	3.43235
14.6043	1.81707
12.2442	0.809856
13.4249	-0.134552
14.3942	0.200434
14.2278	1.62604
12.5153	2.05733
11.9858	2.21096
12.5211	1.28866
13.2994	0.10895
12.7123	0.388214
12.9498	3.51602
14.6159	0.775955
12.576	2.8365
12.8916	0.693725
14.3246	1.48939
12.748	2.69723
13.2646	1.96805
13.3788	1.3607
14.901	3.08102
14.2789	0.369906
12.4186	1.56762
14.2119	3.50702
13.2179	1.19708
12.9958	2.88942
13.6063	1.83009
12.3034	0.722846
14.5761	0.537809
14.9127	0.826143
14.0144	1.57279
14.0267	1.96586
13.4837	1.92725
12.273	1.62683
14.1295	1.59538
13.2239	3.45091
12.6569	0.326818
13.0206	1.74895
14.1109	1.12369
12.9988	1.59357
14.1954	2.11955
13.6635	3.60952
12.275	3.32284
13.8999	2.2877
13.8232	2.64085
12.2559	0.347908
13.8393	3.1898
14.0959	4.28075
14.4642	2.72698
13.7544	2.28611
13.6878	0.946779
13.986	1.9602
13.6787	1.701
14.1992	0.0901483
14.3514	0.0140642
14.2247	3.02177
12.6037	2.44037
13.143	0.588916
13.1378	1.0968
12.8729	2.34894
12.9967	2.83393
14.6509	1.80119
13.2195	2.86598
13.184	1.5194
14.5091	1.82332
12.5762	2.72323
13.406	3.70524
11.9985	1.42367
13.4855	0.382681
12.5062	2.10873
12.2751	1.76262
13.8881	2.3137
13.7903	1.09115
13.4314	1.71244
12.478	1.69554
13.5782	3.19831
14.9232	2.27868
14.4307	0.498369
12.51	0.686419
14.0711	1.46658
12.2986	2.41156
14.9132	10.8943
12.4088	2.90548
13.4785	1.90547
14.7931	1.56596
12.8504	1.4192
12.8794	2.69159
13.3728	2.92507
13.3812	1.57493
13.7823	3.14798
14.7081	2.48078
12.3657	0.980624
13.1184	1.57155
14.9332	3.6972
12.9548	4.12258
14.8837	2.55578
12.5147	1.83342
13.2461	0.865939
13.0993	1.80889
14.0749	0.874859
14.7017	3.43765
14.1535	1.87143
12.8963	2.79361
12.0449	2.65473
13.9872	2.84717
13.1827	2.70021
13.9719	3.2822
13.4617	2.82159
13.2326	2.34043
13.3893	1.52248
14.2754	2.50764
13.7796	3.19276
14.9979	0.698699
12.0043	3.22921
13.135	1.80632
14.7663	2.90252
14.1271	0.929334
13.8331	1.60583
13.2151	1.21252
12.4313	1.05459
12.0207	2.77022
13.3207	2.30019
12.8765	2.17875
14.3956	0.357144
13.9525	2.3132
13.8486	1.06989
14.3886	0.375083
13.2354	1.09367
13.3256	2.34594
14.4591	0.361559
13.558	-0.112026
14.7627	0.926302
14.0994	2.27841
14.1148	0.606164
12.2119	2.92834
13.0062	1.46338
13.4732	1.36519
14.9603	1.47669
14.6946	3.1652
14.4601	1.12255
14.8375	0.315949
14.9485	1.19908
14.2134	2.80818
12.1005	1.80805
14.1585	0.87135
14.0302	3.52575
14.4041	3.35702
14.4408	3.12392
13.5025	2.81087
13.5785	1.46706
14.0452	1.65166
11.7502	3.14147
14.4256	2.3643
12.4262	1.76195
14.1586	2.50932
14.7653	1.13746
12.1816	3.09181
14.9807	3.50461
14.5804	3.16848
14.427	1.99697
13.9556	2.58381
14.8434	1.29421
14.9672	1.31866
12.432	1.14678
12.6681	2.972
13.8662	3.79327
12.7507	2.68636
14.5243	1.19792
14.3735	0.977315
13.7395	0.975968
12.7722	1.54805
14.0379	2.71921
14.3347	0.93375
12.598	-0.0630177
14.8768	2.78532
12.9883	2.18592
12.8284	0.720085
11.9675	3.25322
14.4807	2.27851
14.7041	1.56511
13.9468	0.821883
14.1751	2.85889
13.2437	2.36396
14.1036	3.05538
13.007	0.899802
13.0028	1.54538
12.7139	0.800978
13.5601	1.11288
14.0839	3.25544
11.9603	2.2016
14.0346	1.14466
14.434	2.74888
14.5776	1.37875
14.2328	0.820277
12.4869	1.72532
12.9239	0.271924
14.2251	0.946373
13.1899	1.68486
13.3915	4.02428
12.484	0.387934
13.5191	1.01767
14.0062	2.4771
12.8416	2.19483
12.1695	1.97918
13.0992	2.266
13.8734	2.00236
14.8785	2.90784
13.6771	3.92454
12.7481	2.73103
14.1099	0.834653
12.9826	0.954669
13.245	3.56019
13.7659	2.73236
14.3253	1.34114
12.8485	1.93166
12.9791	1.97275
13.3564	3.59888
13.019	2.6767
13.6714	2.43857
14.7461	4.43006
13.301	0.894859
14.528	0.126441
12.7678	2.86392
14.2143	1.1954
14.948	2.1285
13.7938	1.18486
13.1509	3.55984
13.0866	2.48031
12.6566	3.73591
14.4859	2.52333
13.4993	1.34634
14.8895	2.33217
13.0053	-0.04158
14.0431	3.61469
13.7763	2.66617
14.5057	2.89161
14.2237	1.7184
13.853	2.91056
13.0362	0.108254
13.7841	0.524644
14.5404	1.79644
13.8547	-0.0860234
13.4203	1.76233
13.3748	2.20456
14.3797	2.53461
12.1725	-0.292867
13.5393	2.1132
14.7706	0.538462
13.8396	2.18268
12.533	0.166353
12.1998	1.61414
12.5916	2.09115
14.2028	0.511867
13.4893	0.648844
12.1298	2.81451
13.983	1.57942
13.3521	2.10832
13.5961	0.865248
13.9514	0.978115
12.1274	2.32038
12.3741	1.04077
14.0201	2.69101
11.9871	2.84643
11.9805	1.23649
14.3792	2.64513
12.9579	2.38846
12.8502	1.1488
13.8944	1.49905
14.0553	2.34347
14.0568	0.997437
14.2977	2.77784
13.5063	4.37513
13.017	3.39876
12.0385	2.50398
13.5644	2.30954
14.2789	1.79079
14.6812	0.599113
13.5131	2.7049
13.3957	3.82275
13.4698	1.34957
12.4329	2.02699
13.2069	0.804544
14.32	0.742894
12.8086	2.5469
13.6632	1.34932
14.6955	1.844
14.1211	0.235852
14.7172	0.89016
12.4496	2.55437
13.784	1.50014
14.8043	2.78327
13.6655	1.25425
14.1839	1.07172
13.9816	1.51057
14.8499	3.34774
13.6326	2.24251
13.1459	1.15018
12.5776	-0.271077
13.5929	1.83705
14.7997	1.55573
14.6616	2.70686
13.6103	1.95967
13.1465	2.26502
12.6349	2.46856
14.7849	0.200237
13.1011	1.47414
13.3	3.02337
14.2017	2.56979
13.6077	2.92086
12.755	4.45342
12.3896	2.15388
13.4262	2.95111
13.3561	0.910867
13.9438	2.81534
14.7063	1.90128
13.9158	0.94203
12.5316	1.05841
13.1844	3.035
14.672	2.3419
13.2349	3.01763
13.3769	1.51493
13.4812	1.55019
14.4318	0.899271
12.4807	1.73318
12.7176	3.19295
13.5389	3.48492
14.8193	3.04006
14.6775	1.35109
13.9841	0.225201
13.7544	2.50586
13.258	2.81676
13.0165	1.32549
12.1009	2.49798
14.0011	1.88209
13.7	2.82311
13.0908	1.27314
14.1731	3.36625
13.3008	1.42266
13.7893	1.75722
14.4169	2.48022
13.0229	2.26739
12.149	1.45248
13.6365	3.42436
12.065	0.738984
14.3241	0.49714
13.4155	0.590433
14.5155	0.118047
13.8953	1.24801
14.7132	2.98108
14.6755	4.12799
14.3218	0.953877
12.9858	1.96837
13.6686	1.96354
14.2898	2.12455
14.2191	3.41575
12.8648	0.723642
13.5963	1.43284
13.2809	2.38912
13.1384	2.7965
14.9328	1.35407
12.8352	1.81915
12.0933	1.81992
12.1657	2.23696
13.1907	1.31476
12.5374	2.20398
14.8589	1.0447
14.4027	3.25939
12.5944	3.01717
13.05	1.46776
13.0244	3.58897
14.4864	0.98284
14.5289	3.34956
13.263	2.19296
14.2833	2.2203
14.0323	1.9125
14.2845	3.33258
14.6733	2.33056
14.7745	1.79459
13.7144	0.0236078
13.9117	1.41224
12.1446	2.22176
12.8017	3.44061
14.7039	1.8527
12.51	1.98012
13.5669	2.65787
14.6037	2.41443
12.4239	1.51544
14.3173	2.20662
12.1347	3.79236
14.666	1.2008
13.1951	3.6743
12.6424	2.09123
13.291	1.95661
13.7257	1.78467
13.1186	0.0759917
13.5242	0.46532
13.2042	3.20322
14.3526	1.58837
12.3951	2.07593
14.4668	0.903115
12.5056	0.68819
14.4727	1.6813
13.286	1.03306
13.3964	0.844156
13.556	1.91108
12.5126	1.63697
14.3762	2.69239
14.5495	1.97068
13.9241	1.46582
13.3193	1.10955
13.1321	2.16027
13.0971	0.454943
14.8419	0.547778
13.7859	2.06556
13.9337	2.63197
14.399	1.30612
13.9895	1.79784
13.9083	3.03678
13.1184	2.40434
14.2107	1.98117
14.4437	3.04064
14.6438	1.3031
14.6947	0.970819
12.538	-0.134731
12.7154	1.13302
13.4206	1.18332
12.6684	3.14088
14.8462	0.743064
13.7531	0.838959
14.913	2.87834
14.1283	3.16248
12.3319	2.90027
12.197	2.2737
13.5274	2.98328
14.869	2.66533
13.8775	2.86278
13.368	2.06754
14.0492	0.850584
12.6514	3.02058
13.7516	3.22163
13.0138	2.77284
14.1239	2.53229
14.5405	2.08166
14.106	1.56305
14.8509	1.92437
14.0075	-0.00505811
14.3032	1.03214
13.5398	0.876382
13.0201	0.457745
13.1573	2.78139
12.3365	2.50424
13.6341	2.37464
12.8982	0.421508
12.6563	2.32902
12.8596	1.50683
14.0198	2.04725
13.4325	0.106707
13.555	2.54907
13.7303	2.67215
13.9771	1.57271
12.8286	1.74135
14.1237	0.52144
14.4015	1.39931
13.5384	0.293508
14.9446	1.86772
13.6926	2.91474
12.9307	1.79508
14.8921	2.20553
14.3822	3.67531
11.9305	0.733062
12.2012	2.82311
13.6181	2.05595
13.823	4.30931
13.9349	4.21618
12.6933	3.1293
14.957	2.59327
13.6686	1.31854
13.4785	0.269979
14.7453	3.95443
13.3166	2.57927
14.28	1.47546
14.8589	2.62155
13.0781	1.40777
13.1757	2.39853
13.8097	2.6366
14.2219	2.2141
12.2255	0.739768
12.9273	1.18327
14.4878	0.948374
14.9312	0.278599
13.5647	3.53753
12.8521	2.20795
13.241	1.16871
12.6412	2.20647
14.0652	3.16072
14.5797	3.657
12.2847	2.50947
14.5708	3.24449
13.4929	4.52222
13.8441	1.40351
12.6397	0.997743
14.6214	1.73603
14.3634	2.49204
14.1781	0.87031
13.2344	1.65899
14.3871	2.72847
13.4627	3.23284
14.1372	1.69367
12.7132	2.0477
14.0305	2.28301
13.5323	0.865399
14.5762	0.886624
14.7486	1.93386
14.8631	2.64642
14.9022	2.70328
12.256	1.91097
14.8006	1.96527
13.2332	2.31491
12.3814	2.9467
14.2322	0.958552
14.0498	2.20262
12.7781	1.39916
13.8035	2.70141
14.1112	3.40967
14.1357	1.5256
13.1726	2.90396
13.8616	3.01883
13.3706	1.25803
14.7766	2.82232
14.5543	2.5036
14.9172	2.77709
13.638	0.210311
13.1652	1.45987
13.1602	2.23701
14.2803	1.13657
13.6492	3.52279
12.3537	1.27083
13.4733	0.109023
13.5081	0.500976
13.5392	1.8234
14.2435	2.24192
13.5947	0.704889
14.5288	1.14721
13.0281	2.82837
12.285	0.86665
13.0727	2.96352
13.4677	1.35861
14.5521	4.98459
13.2931	0.701607
14.8783	0.463124
13.6055	3.75774
14.6352	1.26067
14.7005	2.47295
13.8664	2.27351
13.2305	2.17022
12.286	2.44423
13.9241	3.00461
13.1295	2.33276
14.6749	3.59919
12.5419	1.09811
13.6939	3.09142
12.7654	2.96477
14.9096	1.51944
13.9151	0.447888
14.1756	2.66548
12.8117	0.618275
14.3677	1.27831
14.0854	3.08383
14.1862	1.54363
14.9001	3.54658
14.0656	1.19396
14.2165	1.21158
12.4288	3.23191
14.9869	2.46004
14.4333	0.893012
14.9252	1.54654
13.6895	1.5434
12.8823	0.844685
12.7802	3.31689
12.5019	3.32163
12.6463	0.658782
12.3935	1.84715
13.6361	4.45136
13.3154	0.570342
12.4611	2.23344
13.1716	2.62832
14.4794	0.199093
14.4372	1.91648
14.7285	2.233
12.6198	2.80163
13.624	1.32657
13.8151	1.8264
12.7061	4.35799
14.6334	0.121656
12.7467	2.29103
14.2972	2.7688
14.1933	2.78734
13.3932	1.95505
12.7391	3.85382
13.5601	0.940211
13.1806	1.26621
14.157	1.37298
13.6354	3.15785
12.4664	3.12278
14.2313	1.1052
14.5828	0.941998
14.1678	1.18632
12.4475	2.19497
11.9951	4.07491
14.8882	1.84757
12.8865	1.95166
13.9466	3.98517
12.5684	1.03309
13.2105	0.897537
13.9283	2.59824
14.5256	1.10274
14.2423	2.37726
13.646	0.118624
13.2297	2.15066
12.472	2.56686
12.9773	1.6474
13.264	4.21263
13.8124	2.71985
14.6142	0.439843
14.7801	4.35657
13.7597	2.97803
14.1274	1.99167
14.5919	2.63034
12.0934	2.17748
13.5515	1.11995
12.2074	0.284599
12.7366	2.46084
14.5416	3.8503
14.2812	1.85031
14.4889	1.4403
14.0824	0.767998
12.4183	1.51625
12.5359	2.50324
14.37	2.5658
14.6882	1.0106
14.4711	1.48357
13.7798	3.18976
14.5623	3.41268
14.773	0.0849092
13.2008	2.96465
14.1324	0.851514
14.1344	0.484582
14.3694	2.58998
14.7087	1.56343
12.1752	2.49225
14.8237	0.736683
14.2661	1.30269
13.2351	3.16376
14.0353	2.5493
14.0675	0.891977
13.7242	3.65766
14.1206	0.306656
14.1919	2.08527
12.9816	3.05785
13.4567	1.42617
12.3503	2.6428
14.32	1.57072
14.1941	1.01869
12.3215	1.4915
12.8029	1.6867
13.6435	0.053107
13.6412	1.74069
14.7526	0.76582
13.2761	1.07178
13.9054	4.29799
14.4895	1.76483
14.155	1.16648
14.1943	2.86179
13.2358	2.04862
13.9864	0.331282
12.2587	1.49526
12.7318	3.52133
13.821	2.67488
14.23	1.62285
14.7727	0.670787
13.3056	1.19174
14.4649	2.87585
14.975	0.152273
12.7155	1.03559
14.6401	3.47334
14.1914	3.03618
13.5411	0.979056
12.4851	1.1884
13.2598	0.540853
14.9578	1.33988
14.0084	0.772081
11.8744	2.04041
14.0162	2.01626
14.1738	1.85533
13.0916	1.45934
12.4524	1.89308
12.4604	1.9224
13.8438	2.41279
14.1356	3.39061
14.4867	2.16691
13.3671	1.54161
14.5825	2.20273
13.5805	3.02006
12.6245	3.39492
13.1482	0.860691
14.4767	1.65418
14.7155	1.2987
14.7085	2.69445
13.872	0.868572
13.6138	2.46165
14.7893	2.51943
14.8793	2.9312
14.3308	1.33882
13.5492	3.71222
13.7496	3.83785
14.4187	3.46936
12.5345	1.71861
12.5096	0.353282
14.5583	3.74926
13.3301	1.97387
12.2642	1.77763
14.2273	1.11905
13.2863	3.3891
14.0537	0.970992
13.6475	1.59604
12.1064	4.14124
13.7597	4.05893
13.6054	0.4449
13.5158	0.209008
13.7652	2.06352
13.8522	1.1599
12.1118	2.54853
14.7006	2.36854
14.8211	0.291356
13.4457	2.40255
13.761	2.54754
13.4938	1.76996
12.3697	1.95523
13.9891	2.56318
12.8907	0.877641
14.4276	3.32385
14.673	0.630765
12.702	1.58194
14.1673	2.10096
14.8592	1.42343
13.9474	1.30481
14.0718	2.35308
13.4408	2.44319
12.5658	2.10617
14.0188	3.00561
13.449	3.26937
14.7686	2.03893
13.0561	2.27724
14.2333	0.973091
14.6538	2.27983
12.7698	-0.0572736
13.5559	3.41714
14.634	0.8992
13.5345	2.73211
14.7874	2.46818
12.9263	3.54675
13.5307	1.24019
13.122	2.85167
12.748	0.894936
12.2788	4.84009
14.5736	1.72365
14.5543	0.718769
14.1218	3.66949
12.2875	1.32956
14.1461	1.67282
14.9011	1.25599
13.2585	0.271372
12.4897	0.717822
13.4699	2.93855
14.677	1.55286
14.1013	1.335
14.6104	0.231772
12.7379	3.5112
12.8467	1.32739
12.5089	3.19245
12.2276	4.04864
14.0464	2.86685
14.3853	1.46023
13.4908	0.88717
14.025	0.158362
11.9381	1.02391
14.9401	1.60327
13.3574	0.0346591
13.0112	2.4614
12.4044	2.13383
12.3394	3.17547
13.5543	2.70534
13.7049	4.25757
13.4656	2.80716
14.6823	0.239956
13.2768	4.01187
14.5087	1.13203
14.3213	2.50186
13.9778	2.71758
12.8777	3.70599
13.6661	0.0624427
12.387	3.99671
14.6861	1.34468
14.7476	0.799184
12.8475	1.58287
12.5755	3.54934
13.4463	1.90749
11.9807	2.09217
14.0143	2.69612
13.6896	2.45521
13.2943	1.62483
14.4423	0.888864
13.6586	1.42584
13.731	2.66977
13.8359	1.40725
14.2748	2.20955
11.997	3.58648
14.0515	0.281231
14.0619	1.83483
12.0552	0.867523
14.8374	0.845276
13.2114	0.690034
14.6807	0.580825
13.7232	2.85608
13.6976	2.98641
12.4509	2.96076
14.2886	2.78161
14.691	1.6733
14.0711	0.227699
13.687	3.26214
12.9066	1.13645
14.3928	1.61199
12.7005	1.21346
13.9688	1.10763
13.4526	3.81277
13.6866	1.15395
14.9759	0.0988564
13.6524	2.32787
12.9089	0.796723
12.5747	1.77029
13.0686	2.79317
14.6278	2.70118
14.9522	3.24554
13.6592	1.18641
14.1334	1.07875
12.2327	1.77755
13.4205	2.22552
12.2109	2.75563
12.151	1.99353
13.5287	1.30249
14.5899	2.76899
12.8601	0.235963
14.6436	0.083005
14.9251	1.64829
12.7401	-0.0283767
13.6207	3.87208
11.8366	2.45214
13.6075	0.735848
12.7787	1.19594
12.6939	1.81738
14.2196	2.45953
12.6977	1.00584
14.7464	2.99935
13.7329	3.32554
13.5991	0.774984
12.3986	2.2122
12.9518	1.87803
13.6717	0.670516
13.2559	0.86972
13.5975	1.29326
13.0379	1.5554
13.6924	2.14009
14.4566	1.32
12.813	1.40307
13.5658	2.32195
14.1536	1.3167
12.0731	1.81767
13.8123	-0.357622
14.5712	2.70656
14.6247	1.60984
14.6308	0.149489
14.3428	3.4595
14.929	2.96262
14.0856	0.220397
12.8578	4.73272
13.9798	1.01793
14.007	3.30166
12.3455	0.774846
14.4528	2.66238
12.7321	0.870841
13.2562	2.4454
14.0299	0.169537
13.5447	2.32313
14.7553	1.06741
14.114	1.81806
14.449	2.94548
14.612	1.41827
14.2738	1.17871
14.2131	0.239131
12.4277	1.05301
12.4789	1.28711
14.4996	1.47995
13.8572	1.95223
13.619	0.290677
13.583	2.58462
14.0441	-0.110883
14.1199	0.831346
14.8468	1.68441
13.3549	2.54913
12.0203	2.07216
13.7199	0.623652
13.8976	2.97497
14.8131	1.10725
12.7281	0.166374
14.7338	2.79099
12.3214	0.355254
14.9719	2.30617
13.9744	2.28628
14.6891	1.8824
12.6501	0.759347
12.4441	2.92784
14.7023	1.26356
13.2935	3.52121
12.3946	0.5166
14.3925	3.10763
14.3558	3.00177
12.6827	3.46439
14.0499	1.14576
14.6903	0.975153
12.8901	3.4861
13.4276	4.75137
14.5444	1.62048
14.1625	3.00587
12.9142	2.25631
14.1934	1.44623
14.9274	3.59908
12.0111	1.48229
14.6888	2.65067
14.5455	1.57334
13.6462	1.09413
13.4217	3.11608
14.5477	2.35863
13.2391	2.65933
12.3459	1.59871
14.8976	1.59938
14.6923	2.05876
14.3712	0.334456
13.7855	2.34438
14.8579	0.370228
13.3329	1.21385
12.4758	1.39583
14.2306	2.71839
13.3834	2.23222
14.0019	3.59775
14.9192	0.991723
14.9047	4.2648
12.7335	0.427595
14.2665	2.76912
13.3057	0.973351
13.966	1.56096
14.3546	2.4442
14.4631	4.65723
14.8625	2.75881
13.4952	0.227603
12.686	1.25196
14.1042	2.7502
13.8606	2.5876
14.2457	2.25913
13.2349	0.219021
14.8358	0.671861
13.6777	3.3386
13.4269	4.20566
12.3385	0.843542
14.7192	2.26607
14.7594	0.978411
13.1292	0.950042
13.9573	2.77394
14.1483	2.20562
14.3011	2.5864
14.0726	0.443132
14.4136	2.7753
12.6757	0.768064
13.8315	0.613454
13.6026	0.738032
13.7862	3.20603
14.4448	3.60184
14.8319	1.54219
14.6591	2.67785
14.6951	2.90078
12.9255	2.55926
14.3094	3.14821
12.9224	3.95667
14.0906	4.31114
13.2107	4.65047
12.3635	2.2272
12.3624	2.18758
14.2706	1.21375
13.9613	2.29829
14.6415	3.57122
13.5559	0.0938602
14.6757	2.3024
14.1	3.01206
13.8162	1.40514
12.7487	2.44477
13.3062	1.40091
13.9374	2.55438
11.8891	2.14262
14.1049	2.15214
12.7691	3.17789
14.7704	2.40631
12.2057	3.56879
13.1287	1.30134
13.1746	2.02989
14.5359	1.3865
13.7855	3.27535
13.351	0.368616
13.4666	0.634762
14.067	2.64758
12.1674	1.97241
12.0919	0.902168
14.6114	1.77772
14.9347	2.1709
13.7655	2.63466
14.3974	1.78231
14.5689	2.67356
13.3127	0.174528
13.192	1.7877
14.1423	3.67362
12.0742	1.3923
12.8637	0.356993
14.9063	2.11589
14.5171	1.63092
12.9623	1.94887
12.8388	1.34293
12.7131	2.50387
14.3921	2.71432
13.952	2.78925
13.8377	1.95607
12.1156	2.38617
13.4703	2.63065
14.4372	0.656184
13.3548	2.22262
14.5473	3.1797
12.5416	0.649574
13.6695	3.40655
14.1471	1.69062
13.5907	2.38009
14.3984	1.66332
12.5476	2.21295
13.5374	2.66343
13.2354	3.55148
12.0283	2.31527
14.2366	0.215106
14.5279	2.03711
13.8427	2.95426
14.715	2.58649
12.1718	2.97957
14.1089	2.7065
14.9102	1.986
14.8584	1.49382
14.7472	1.48307
12.7974	1.19087
14.0682	1.48531
14.8452	2.44599
14.3236	1.11229
13.2325	4.19269
14.1759	1.52071
12.2982	3.18881
13.6134	2.92259
14.8194	0.495433
13.6947	3.07032
14.2293	2.47844
12.8608	1.49275
14.174	1.11043
13.5305	4.6478
13.484	0.587923
14.7669	3.09166
13.483	1.03129
12.8539	0.00530281
13.8818	1.65737
12.7146	0.440299
13.6328	2.2883
13.2754	0.740574
12.9376	2.84292
14.8132	1.65537
14.3248	0.463644
13.2799	3.2619
13.1695	3.14011
12.8483	2.061
12.6733	0.746918
12.9735	1.63758
13.1509	2.92288
14.325	1.9685
13.1984	1.27086
14.2006	3.82831
13.712	1.14531
14.1901	1.95779
14.3219	3.29027
13.542	2.07035
14.5538	3.82917
14.464	3.72186
12.6743	1.66332
12.9231	-0.0237888
14.0278	2.41739
14.3027	1.03421
13.1777	0.41723
14.147	0.891649
14.1135	0.524528
13.1842	1.6962
12.942	3.52141
13.2161	2.81181
12.6545	2.05089
13.1535	2.32421
12.1073	0.577889
13.5689	1.26542
13.7399	1.54204
12.629	1.66244
13.3041	0.52425
14.1765	0.186641
12.9331	0.328049
14.1453	2.28626
13.9896	3.05554
13.2763	2.71697
14.074	2.29049
14.0992	1.35137
14.7155	1.5168
13.2113	3.53566
14.4154	2.5828
14.9871	0.217588
13.9536	0.121833
13.5057	1.44093
12.8673	2.81473
12.6298	2.70844
13.1652	1.02724
12.8326	3.29315
13.6365	3.15985
12.9732	2.58441
14.5608	0.224536
14.7897	1.68567
14.9815	1.51967
12.9893	3.08172
13.1116	-0.0892372
13.9298	3.81587
14.8231	0.958474
12.5256	3.16606
13.6545	1.9311
13.5134	1.90868
13.6992	1.2359
13.2234	2.00024
14.4635	0.643754
13.1379	2.41222
13.1846	2.25644
12.08	1.78589
12.6187	2.30151
13.2706	1.91711
13.7115	2.90005
12.7542	2.36497
13.9107	2.82429
12.7762	0.381431
14.1957	3.04599
13.8958	1.30999
14.6126	3.43986
13.1219	2.29158
13.2226	0.701092
14.152	3.24189
14.372	1.77919
14.4273	1.57764
14.3143	1.78203
14.7054	3.85653
14.4008	1.03283
13.3854	1.53649
13.2821	2.65889
13.9899	3.03998
13.3903	1.70989
14.9071	1.34515
13.3944	2.18691
13.8342	3.05781
13.7287	0.621746
12.4628	0.528513
14.6491	0.133747
13.205	3.34511
12.7278	1.90996
13.2391	2.64827
14.1964	2.72411
14.217	1.32591
13.5469	3.30313
13.1883	2.2711
12.9767	1.8456
12.8881	1.69268
12.3925	0.840067
12.7792	0.876145
13.5071	1.72255
12.0455	2.48294
12.1321	2.07314
13.0757	1.07629
13.3828	0.82735
13.8652	3.72196
14.5586	3.1491
14.6831	1.39013
14.3234	1.75586
13.0582	3.5292
13.4772	1.53076
13.4211	3.33573
14.1934	3.1644
13.413	1.10456
14.3138	0.0356289
13.4438	1.11952
13.3247	5.26272
13.9687	1.62022
14.5331	2.2478
12.8223	2.50407
14.776	2.47465
12.8615	0.692842
14.3787	2.61081
13.1597	1.07334
12.8954	2.72899
14.2925	4.02282
13.0899	0.0532566
14.3376	1.70632
13.9125	0.864031
12.9058	2.00111
12.8662	2.11282
14.9716	2.08316
13.883	1.659
14.0266	2.10268
13.1574	4.37657
14.2858	2.98658
13.0987	0.860565
13.3734	0.859144
12.2621	0.104447
12.9159	0.26748
14.8169	3.67661
14.7345	0.14207
12.5077	2.85605
14.2894	1.82953
14.7792	0.00578416
13.8248	2.66705
14.2892	1.04691
13.6596	0.902748
13.4213	1.34814
14.5798	2.55696
13.867	1.62985
12.7111	0.479275
14.0425	0.882569
14.8214	1.28198
13.1999	-0.0392625
12.9082	0.287482
14.1847	3.20834
13.7257	2.70463
13.6844	0.839377
13.9274	1.38252
14.6914	0.0393271
13.7082	0.153201
13.9565	0.318046
12.2645	3.16757
13.9854	3.2936
14.212	1.57737
12.495	2.01857
14.7887	1.31942
12.0264	1.56925
14.5483	0.436015
12.9142	1.13976
13.6048	2.495
13.0939	1.63033
14.3189	1.74809
13.5	2.65043
14.6608	2.88128
14.568	2.63555
14.3542	1.56059
12.4577	2.12455
13.776	2.36708
12.676	1.3333
14.155	0.751631
14.4907	1.10504
13.8626	2.09061
14.29	0.728047
14.9557	0.708216
13.2564	0.947176
12.8845	3.21787
14.8375	1.1096
13.3929	1.53988
13.9583	0.48296
14.9567	2.20836
12.3913	4.49271
13.7505	0.965574
12.4776	4.24947
13.8077	1.08161
14.9337	1.83492
13.65	0.416127
12.6015	3.9968
14.3875	1.87433
12.1823	1.15965
12.6137	1.07981
13.9917	2.68577
14.234	2.74181
14.0041	0.527734
12.668	2.75664
14.0728	2.74495
14.2088	3.06114
12.5673	0.643539
12.13	0.613536
12.3173	0.36022
12.8866	0.727638
14.2176	2.52747
12.1	2.48585
12.7015	2.86243
14.8203	3.19111
14.3055	1.58898
13.7339	1.67459
13.9636	3.18837
12.9904	1.31977
12.8808	3.51357
12.0677	3.22149
14.1696	4.09882
14.9177	1.48295
13.3039	3.21816
14.0167	0.619634
14.4094	0.649911
12.952	3.01587
13.0739	1.18764
14.3513	1.03497
12.4845	3.7604
14.7996	1.99111
14.1786	1.69751
14.376	1.99009
14.2647	1.92933
14.7989	3.79565
13.6532	1.55254
14.3037	2.83927
13.1133	1.92823
14.8336	0.492527
13.8208	2.60743
14.6613	2.24894
13.022	1.96849
14.9569	1.97184
12.5396	0.757362
14.9714	1.64818
13.648	1.89195
12.7913	3.78769
13.8615	3.76192
14.5348	2.12694
14.4242	1.2161
13.7287	3.56898
13.8986	3.46253
12.794	0.370224
13.6303	0.834397
14.6308	1.7789
13.1607	2.14772
13.9456	1.18883
12.6469	2.0779
13.7685	2.87905
13.9091	0.706408
13.3603	1.38537
12.877	0.515578
14.5208	2.51494
13.4231	2.60119
13.3554	0.160824
14.888	0.814369
13.0322	2.94053
12.3865	2.24701
12.2472	0.446934
14.8569	2.36101
14.8903	2.00676
14.1149	0.451361
12.7691	0.879122
13.7349	0.0982836
14.0769	1.04739
14.314	3.77146
14.3583	1.16823
14.3311	0.0524867
12.9066	1.93669
14.7425	1.51684
13.9113	0.274126
14.1843	1.97918
14.2486	1.94617
13.3671	0.752868
14.0999	1.2924
12.6195	2.24444
12.8644	3.19457
14.5806	1.11386
12.2472	2.85426
13.0153	0.143448
14.0314	2.34722
14.0035	1.62815
12.079	0.190849
13.4596	1.36916
13.8434	2.52628
14.7633	3.37615
12.7188	0.591433
14.1014	0.838846
14.2417	1.88553
13.9604	3.82085
14.2431	2.73621
12.287	0.474093
13.7885	1.52229
13.0181	1.67009
11.9461	1.33152
13.3915	2.19055
13.9438	1.32928
12.4786	1.83275
13.1755	1.25465
13.0173	1.24119
12.9403	1.05242
14.1281	2.7146
13.8152	2.51586
14.7818	1.82978
13.4549	1.59619
12.9717	0.223161
14.8248	0.791929
13.8648	2.41805
13.5207	1.71756
12.0946	0.4307
12.9686	3.53766
14.3686	2.93094
12.9635	2.07583
14.0854	1.98753
14.2964	3.60989
14.9215	0.224292
14.5791	1.57976
14.4056	4.25423
12.5034	-0.105171
14.1301	2.61596
13.5611	1.38566
12.8066	1.20695
14.3602	1.52683
13.7506	2.59809
13.4639	1.98784
12.291	2.30334
14.454	2.33333
13.6012	1.87375
13.6614	3.1082
12.6666	2.75013
12.4674	0.825819
13.6279	2.83273
14.6696	1.69624
12.7958	2.10479
13.3702	2.23725
13.0074	1.40348
12.6005	2.32044
12.4493	0.88619
12.6169	1.49853
13.7044	0.218705
12.846	0.757717
13.6437	2.78719
14.019	2.59158
12.6094	1.92984
14.2621	1.50889
13.4275	2.57497
13.755	1.42415
12.7789	2.85731
12.5767	2.46515
13.1376	1.54466
13.8858	1.52962
13.2506	2.58886
14.3653	2.61305
13.4527	0.708195
13.7486	2.05697
13.593	1.34729
14.7823	2.39141
14.2017	2.8964
12.1743	1.56419
14.8507	0.248371
14.4178	2.46332
13.6971	2.05256
13.7988	2.43819
12.6757	2.45207
13.5574	3.07464
13.8602	3.05567
13.1593	1.57822
13.5048	2.9772
14.9919	0.13742
13.1492	1.98423
14.7235	2.56201
14.5454	0.957277
13.1656	0.0808505
13.8398	1.30484
13.5233	1.43413
11.9714	0.48994
14.4305	1.74527
14.523	2.58549
13.1107	1.76948
13.5384	1.75588
13.0853	0.802392
14.6764	1.96638
13.8788	2.75139
12.7968	2.42946
14.5138	0.956421
12.2104	3.31787
12.1612	2.6309
12.5135	2.68364
14.7159	1.39882
13.5808	2.71564
14.6122	2.53245
13.3143	0.861408
14.9399	2.7867
14.5805	0.314852
14.7582	1.02417
14.321	2.62045
14.835	1.50338
13.7012	1.00566
12.8992	2.96172
13.1135	0.417951
14.8368	3.17179
13.8701	2.69011
13.4998	0.230424
14.6308	2.81101
12.7702	3.40392
12.875	0.0340069
14.1147	2.35593
14.9142	2.99033
12.3575	2.78585
12.2304	2.71393
14.7549	3.22881
14.9378	2.70023
14.6635	0.75499
12.8103	0.660665
12.4898	5.60102
14.7819	2.59515
13.4637	3.21583
13.9839	3.20288
13.7775	1.98706
12.3937	1.85043
12.3605	2.66888
13.23	1.20583
14.0686	3.72822
12.9019	1.27242
12.2509	1.83455
13.9339	1.98894
14.2806	3.40976
13.3244	2.88724
14.9278	2.91216
14.8512	4.13711
14.5494	0.250933
13.9359	3.5247
13.8586	3.53026
14.263	2.20837
12.5079	1.79667
12.1028	2.57934
12.852	2.62194
13.6077	1.63042
12.8347	1.72885
13.3988	1.67268
14.151	1.82351
14.0066	4.45699
13.6316	-0.243167
13.9517	0.527284
14.7465	0.985389
14.7387	2.47697
14.2124	2.14304
12.5819	0.0998503
13.2475	0.866463
14.4545	0.771415
13.3653	0.361267
14.889	3.60338
12.5462	2.32329
14.6402	2.37589
14.7066	1.70855
13.462	1.74226
14.6783	1.99377
12.838	2.4743
14.1806	2.86444
12.8122	1.41998
14.8284	0.0528482
14.1289	2.83563
14.041	1.71922
12.8872	1.47723
14.9916	3.67653
13.8505	0.559332
14.0878	1.1979
14.8741	2.94568
12.6583	1.48915
13.057	1.92415
14.0449	3.8263
14.822	3.7215
12.4233	2.19451
14.8269	2.76482
13.6174	2.39985
14.7322	3.01195
14.8303	1.78265
14.2844	1.06903
13.7352	2.77218
12.5039	1.73025
12.8198	1.03648
14.9322	2.12388
12.9694	2.07776
12.7545	0.222404
13.4647	0.334179
12.8941	1.24731
14.9062	1.22826
13.8129	1.72184
13.3581	1.60117
13.0046	2.19947
13.0302	1.23794
13.6445	2.34896
13.11	0.483696
14.3282	2.47546
14.1368	1.12236
13.8638	0.375993
14.3076	1.74051
13.547	2.96921
12.483	1.28072
14.4184	0.622348
14.3224	0.966062
14.2644	2.47361
12.8804	1.67276
14.6968	2.40765
13.3183	0.877281
14.311	2.34163
13.7353	2.28315
14.1598	0.139329
12.8221	4.17759
14.0302	3.05907
13.6546	0.826735
12.8129	3.41689
13.1967	1.79156
13.2906	4.57319
12.3439	0.834719
12.8559	2.60485
14.6864	1.14159
14.4179	1.8944
13.0921	2.27908
14.4865	-0.00800259
14.7765	0.0862986
12.7564	2.00809
14.6039	1.98908
14.1423	3.10246
13.9443	1.32827
14.6243	-0.0427058
13.4488	0.087629
14.4719	0.300268
13.4884	2.68393
13.718	3.13123
14.2539	1.63855
12.8289	1.33851
13.9432	2.84191
14.4746	1.59107
14.0394	2.74817
12.8385	0.953137
13.2546	2.8141
14.5313	2.36926
12.1474	1.63958
13.1511	3.46128
13.0526	1.66638
14.0941	1.24283
14.3059	1.98145
14.4764	1.19536
13.8237	2.66963
13.7742	2.85021
14.712	1.96794
13.3594	2.17583
13.7818	3.50345
14.9056	2.07922
14.5257	0.64476
13.6927	3.39789
13.933	3.43513
13.598	2.35615
12.0469	3.19022
14.5891	1.33295
12.6705	1.65899
12.8079	1.45087
14.1837	0.98232
14.0617	1.74972
13.0848	3.02416
14.1049	3.35181
13.9138	1.82476
12.3219	0.778226
13.506	1.84482
14.4644	0.845962
13.425	0.868721
13.072	4.38402
14.1119	2.03307
13.7475	2.65872
14.681	2.26612
13.735	1.09789
14.9461	3.07117
14.5003	2.89774
12.8087	4.26016
12.4456	0.226422
14.8608	2.73212
13.5112	2.41724
14.2534	2.44551
14.5793	0.0702785
12.8422	4.34483
13.0856	2.71195
14.2923	1.17897
14.3596	2.01989
14.2781	0.781591
13.1248	1.29217
14.3496	0.512907
14.657	2.01989
12.8409	1.34837
13.3888	0.892937
14.2569	0.649044
14.7048	2.19512
13.6514	1.00957
14.2986	2.75334
13.4574	3.35085
13.7328	3.09018
14.5043	2.50912
14.8966	0.504737
14.2673	2.95016
13.0988	0.842821
13.7141	2.31018
13.3986	2.30703
12.6456	2.28166
14.4444	0.974726
14.3035	0.367106
14.3179	2.51424
13.9151	2.80252
12.6088	2.3155
14.5745	2.88507
14.865	2.44576
13.8529	2.38635
12.2869	1.30949
14.8226	3.99038
14.8451	1.34621
14.56	0.741376
14.5315	2.8061
12.7725	2.42457
14.6879	0.162494
14.4257	3.82004
13.2095	1.24344
14.2019	0.619103
14.1253	1.14753
14.3509	3.48525
12.9652	3.25975
14.7357	4.02975
14.0039	0.992837
12.9017	1.32114
12.0136	1.85172
12.7229	2.47642
13.2919	3.18442
12.9799	1.16085
13.4609	1.29191
14.2422	3.45768
13.1388	1.92455
13.6901	2.91836
14.9804	1.2478
13.1317	1.92525
13.955	0.821737
12.7051	0.729826
14.2855	2.21133
14.8594	2.00743
14.2461	1.59492
13.9985	-0.144019
14.4261	2.0052
14.0477	2.03465
14.8835	3.08745
14.9638	4.51982
13.199	3.14213
14.2307	0.460613
12.1421	2.07078
14.3502	1.93397
12.7477	3.43252
13.1033	0.306445
12.0297	4.41368
13.2283	1.07523
13.83	2.14598
14.9896	4.61094
13.4104	2.87347
14.8076	2.88529
12.9918	0.229107
12.9203	0.703371
14.7439	3.45339
13.0799	2.71113
12.697	0.303064
13.368	0.264112
13.4329	3.23592
12.286	1.27371
12.9986	1.93068
12.4645	3.90548
13.3444	2.57709
12.3576	1.26793
14.1853	3.03645
13.7138	2.52746
13.6938	3.02503
13.5871	1.55377
13.4482	0.17895
12.4827	4.51145
14.8356	0.899693
13.9333	3.22755
13.8602	2.18852
14.0654	1.87315
13.7813	4.58286
12.9961	2.08908
14.4604	1.49902
11.9423	0.401157
14.2469	3.85858
13.0386	0.463267
13.5414	1.10535
12.7523	1.49409
13.4217	2.54015
14.3456	1.31407
14.289	5.51368
13.3177	2.74269
12.2914	2.07829
14.7264	0.231821
12.7941	2.19975
13.1634	0.517646
14.1386	1.51074
12.6993	0.664159
13.6832	2.41141
11.9395	2.66045
14.3405	1.61004
14.1627	2.07899
14.7146	0.618538
14.2818	0.934653
12.9562	2.78049
14.722	5.06563
13.6441	0.901448
14.2111	1.74473
14.6746	2.05072
13.5097	0.794058
14.5036	1.69153
12.6949	1.08136
14.5743	1.00422
13.4627	2.66753
13.8164	1.36913
13.9329	3.31368
13.445	1.08762
13.2952	2.08882
14.5569	2.59784
14.1805	2.27034
12.9692	0.760506
12.2332	2.02896
13.5104	0.862642
14.5996	2.95782
12.5712	2.2329
14.8627	0.521376
13.6331	0.0299649
14.094	2.1687
12.372	0.321465
14.1129	3.31082
13.3423	1.56935
12.6083	2.50084
13.4975	2.72515
14.446	3.5698
14.1334	2.68868
14.1498	0.668982
14.4216	1.5492
14.0397	0.845933
13.8807	0.814239
13.6954	3.94668
13.6631	1.58597
14.5443	2.3809
13.5278	2.24285
13.6904	0.6779
12.8221	2.28802
12.1911	2.00861
12.8206	2.64486
13.9901	1.3635
12.803	5.01859
13.6016	2.30663
14.3894	1.61874
13.4285	0.547851
14.7394	2.32173
13.2139	0.839616
14.9995	4.53362
14.4409	3.55742
12.8888	3.24606
14.3412	1.8815
13.9096	1.54511
13.5537	1.87494
12.2466	3.66637
12.0976	1.87879
14.797	1.96277
14.5888	2.25151
12.7472	0.47969
13.5527	1.7924
14.9044	1.13075
12.5481	0.688328
14.3517	0.369687
14.7692	0.868579
14.076	2.34418
14.7448	0.184718
14.4121	1.0993
14.3549	0.730436
12.4394	0.138201
12.4151	3.96419
12.9764	0.784677
12.4665	2.65259
12.7088	3.16927
12.3367	2.88106
12.5491	1.46902
11.8125	0.544434
13.6006	2.34671
13.5809	2.18398
14.5611	0.139781
13.4279	1.03877
14.9091	1.86958
13.3174	2.63925
13.2625	0.502368
14.9743	5.44425
14.2966	2.44342
12.6854	4.65271
13.2782	3.06262
14.6749	2.74527
12.1138	2.2577
14.2724	3.33835
14.5666	2.23952
14.592	2.59869
13.6335	1.51707
13.1773	2.6097
12.7251	2.11191
14.7207	1.03626
13.3572	2.14857
14.3682	2.42625
14.8403	2.00598
12.0687	2.37605
11.9442	1.68132
13.2279	1.6957
13.9642	0.677946
14.3712	1.78327
13.3217	2.15197
14.6821	1.73443
12.3792	3.9219
12.6441	0.0228535
12.6469	4.44062
12.9217	2.63394
14.1414	2.343
13.6202	1.44096
13.5287	3.94596
14.3957	1.61781
13.0646	0.229605
14.1766	1.07924
14.4621	1.44802
14.1322	3.08529
14.58	1.32204
14.8256	3.49427
14.1282	2.71163
12.1795	0.422912
13.2455	0.586994
12.2614	2.01335
13.3008	3.50601
13.3816	0.204312
13.6142	3.35732
13.3404	1.38635
12.1669	3.22104
12.8325	1.50256
12.1551	2.00611
13.5325	2.55096
14.1922	2.21124
13.2732	1.8423
13.5732	1.25861
13.5174	1.02549
14.2009	4.13672
14.6752	1.54935
13.6225	2.52494
13.9438	0.942009
12.0963	1.32737
14.168	2.56786
13.4836	1.80076
14.1101	2.09173
13.4269	3.31117
13.0917	1.27855
14.4956	1.38963
12.724	2.08757
14.4242	0.459081
13.9	1.47411
13.3216	3.54086
12.5456	2.166
12.8802	2.04273
13.593	1.27549
12.935	0.396728
12.9725	1.99165
12.4839	1.49369
13.348	2.36289
14.3445	3.63871
12.8069	3.67367
13.7608	3.53611
13.6317	1.03935
12.9947	3.09102
13.2958	2.82628
13.9087	0.543746
12.819	1.24388
14.742	0.197663
13.5603	2.67982
13.0568	2.89007
14.3706	2.81833
13.561	2.37758
14.2657	1.79522
12.0238	2.50898
13.9967	0.262473
13.9506	0.728226
11.9463	2.14879
14.1659	2.65437
12.2075	3.09184
13.7069	1.04386
14.8295	1.8772
13.2796	1.59011
13.8326	0.439485
12.1219	3.02235
13.1089	1.99039
12.4455	0.174831
14.5165	4.2796
13.6188	3.10821
13.4986	0.63228
12.5924	2.97729
14.9502	1.82523
13.9306	2.74698
12.7698	1.21279
13.2117	2.00376
12.7089	0.735266
12.9811	1.31974
12.6917	0.275448
14.2236	0.621067
13.2927	2.05799
13.4107	4.76015
12.8016	1.33729
12.5704	1.35295
13.9094	1.54283
14.2495	5.50204
14.9248	0.657141
14.542	3.6984
12.2196	1.95504
13.7566	1.16079
13.0935	1.10142
13.7674	1.7649
14.6059	2.71982
14.1564	0.288743
12.9885	0.400342
13.2349	1.36511
14.7095	2.99225
14.5621	1.17458
13.4925	3.51886
12.9516	2.90724
14.063	3.54774
13.2027	4.29926
13.7269	3.84157
12.8854	3.34759
13.7392	1.22981
12.6294	2.26718
13.244	2.44336
12.0711	0.517361
13.2878	1.04945
12.4162	2.92875
12.194	3.83446
14.0859	3.39006
13.6232	2.74167
14.2945	2.635
14.29	1.3778
14.1424	0.649315
12.3134	1.49714
12.7313	2.3981
13.6734	2.7007
12.5936	0.319006
13.131	4.10173
12.9281	3.06625
14.7672	0.709104
13.673	2.86312
13.5688	1.43154
13.7865	1.32672
12.9223	2.34076
13.7655	1.26795
13.1627	2.95456
13.0587	2.29634
14.9829	3.24071
12.2703	2.96656
13.829	0.444624
14.5091	1.95406
12.9175	1.62198
14.1755	1.6056
12.2612	1.61131
14.7339	2.18706
13.8315	2.56083
14.2873	4.56321
14.821	-0.0534856
12.5985	0.900024
14.2408	2.45225
14.5884	0.594953
13.9364	3.57746
13.9172	1.14269
14.8477	1.25859
14.7159	1.37661
14.0544	3.18146
14.1258	3.62192
13.5107	1.04099
13.9286	3.83834
12.3888	1.23357
14.9193	2.97327
12.8061	4.27514
14.0432	2.55498
12.3238	1.46352
14.4124	1.04261
12.5434	0.348849
13.1669	1.28045
13.917	2.93404
14.1148	2.36985
14.6434	1.34796
14.3355	1.44008
14.3002	1.58501
14.7523	3.08229
13.7918	2.5759
13.3473	1.11103
12.3811	1.16747
14.221	0.417914
13.1916	1.37024
13.7698	3.16372
13.6417	-0.170681
12.0322	2.30147
13.5861	2.91944
13.0491	3.72527
12.444	1.84454
13.2077	0.953207
13.9649	2.4165
14.6881	3.31432
14.4996	0.548021
12.3707	1.96203
12.0138	1.48784
14.8078	2.59353
12.4969	0.0280441
14.0635	1.7938
12.1369	2.74253
12.6542	0.718555
13.6258	2.26941
13.8174	2.84754
13.2895	0.984181
14.154	1.16643
13.108	1.1429
14.9902	3.48109
14.6892	1.70038
13.1592	1.43851
14.0734	1.53557
13.9312	0.973302
13.7263	3.23285
14.8729	1.4841
13.6198	0.776141
14.0959	1.06871
14.3232	0.832334
14.6947	2.1705
13.2673	3.47716
14.7073	3.74463
12.9724	1.25806
14.7336	2.68121
14.797	2.78807
13.8433	2.22014
12.9485	2.71933
12.4148	2.73557
14.0636	2.76884
13.8318	1.37009
13.5113	2.57702
14.3495	2.79463
13.5498	1.29459
13.5129	3.77694
12.686	0.944849
14.3106	1.30301
14.9193	1.85539
12.1515	0.75678
14.8674	3.05099
12.2011	0.724886
14.3753	0.392267
14.3157	1.66425
14.4448	0.758863
14.2111	3.01925
14.1151	4.56543
12.305	2.31258
14.2611	0.892913
14.1037	1.90805
12.1649	2.16623
14.395	1.76681
14.0141	0.499638
12.5079	2.84974
13.4241	2.2979
13.9937	2.82735
14.7821	0.95241
12.9136	1.8587
12.5016	2.3708
12.7703	3.30876
14.208	1.37842
13.1028	1.7851
14.4311	2.38542
13.4174	2.70004
12.484	1.09257
14.3512	0.261433
12.8875	1.90203
13.3537	1.08609
14.2398	0.965207
13.537	1.89739
14.0214	2.1876
13.2036	2.07851
12.9148	2.64677
14.7119	2.13638
13.7258	3.53223
14.5944	2.50844
13.0978	1.23157
13.2544	1.10179
14.4482	0.796425
12.6821	2.55757
12.9459	2.08825
14.6451	2.90765
14.1431	0.616597
12.7279	-0.281552
14.3032	-0.0223665
12.704	2.89817
13.6142	3.40225
12.6255	2.14764
13.3675	1.0524
14.1919	0.0184906
11.7642	2.69734
14.2208	1.30479
14.4983	0.144873
14.4505	0.707982
14.2637	0.355898
13.3562	3.03607
12.9868	2.17454
13.3356	1.21799
14.569	2.19472
13.2777	3.11352
14.7108	1.38195
14.4777	1.75358
14.6449	1.68705
14.9611	1.91359
12.386	4.18984
13.1626	2.35107
14.4989	1.40211
12.3795	0.984114
14.7481	3.43838
12.7899	3.89462
14.2693	1.22841
13.4049	3.17677
13.7411	3.31415
13.6142	2.09761
14.2148	1.01105
13.2063	1.80612
13.809	0.927749
13.6919	1.73054
13.208	2.04719
13.7849	2.29799
13.545	0.811549
12.2664	1.28204
12.8002	2.0262
12.6319	2.77312
14.6844	0.915969
14.9756	2.63578
12.3891	1.26979
12.5882	2.48881
14.1525	2.09861
14.0367	1.92012
14.4691	2.54054
12.9892	1.83663
13.9558	0.930983
12.9021	4.06313
14.8368	0.131931
12.9528	1.39852
13.6627	2.45871
14.6858	0.316293
11.9637	4.13904
14.2965	2.81208
14.7357	3.05032
12.6163	2.19263
13.3407	2.92619
13.8607	2.8048
12.9528	3.77455
14.2387	0.774
11.9017	1.93159
14.8996	1.24952
12.5801	0.316043
14.8059	2.98611
14.6261	1.17104
14.4674	1.19632
14.6662	1.46492
13.3314	1.4637
12.0679	2.31692
13.7082	1.86293
13.3637	2.34638
14.6839	3.10145
12.2913	0.229025
14.5378	2.28485
12.2376	1.98174
14.3236	2.70883
12.1193	3.97578
14.1778	2.24973
14.1703	1.3195
13.6147	5.18503
13.3845	0.919842
12.8972	1.95803
13.068	3.46627
12.3938	1.08837
13.7137	0.60561
14.287	2.42782
13.9624	1.59598
12.879	0.659981
13.5285	0.601257
13.2576	1.51914
13.6454	1.46626
13.5532	3.50617
13.5532	1.83567
13.3747	3.47918
13.3298	0.580058
14.5626	2.3052
13.2107	2.02803
14.5189	0.573217
12.961	2.60842
14.3744	-0.163587
13.7992	2.59655
13.8696	2.23475
14.7977	1.677
13.5277	1.26261
