13.7241	12.4033
14.3706	13.9417
13.0551	13.3434
13.4334	14.6951
13.8773	12.1743
14.6248	13.6221
14.8568	13.17
13.2276	13.258
14.7115	12.9001
14.756	12.5677
14.5702	13.5267
12.3906	14.2216
13.5653	13.6685
14.5154	13.7775
14.647	12.3828
14.291	13.5316
12.6798	13.0552
13.1824	13.5246
12.9298	12.0588
14.9571	14.484
14.8425	13.3882
14.8811	12.895
12.5885	14.394
13.0441	13.4123
13.6781	14.0976
13.1408	14.5461
13.4673	12.284
13.6841	14.6199
14.6415	14.2513
14.5456	13.7482
14.5014	14.1493
14.6309	13.4147
14.6272	14.8004
12.647	13.1125
14.1323	13.083
12.9123	12.6929
14.7452	12.3983
13.5198	12.0638
13.788	12.9867
14.9171	14.4094
12.828	13.9284
14.7099	14.4684
14.0504	12.2729
13.8811	14.1702
14.5645	14.544
12.2462	12.9253
13.841	14.2098
12.7193	13.7562
14.6872	13.2351
12.4395	14.8125
12.426	12.0536
14.8363	12.4852
12.9506	13.557
13.4669	12.552
13.0516	11.9959
13.757	14.3862
14.0947	14.3023
12.4864	13.3181
13.955	14.1253
12.8586	14.6814
14.335	14.2757
13.854	13.049
12.986	13.4294
13.0054	14.6025
13.9395	12.2773
13.6566	12.9171
12.7586	14.2647
12.098	13.9457
12.7726	13.9506
12.6111	14.6417
14.7357	12.3389
13.0691	12.3066
14.9632	14.3995
13.2129	12.0604
13.321	14.0414
12.1971	12.6331
13.9145	12.1054
14.0103	14.653
12.2379	13.8559
14.4257	14.5462
13.0968	14.1577
14.8353	14.4271
13.822	12.6924
12.9253	14.556
14.7138	14.7935
14.0856	13.3775
14.6126	12.5342
13.3459	14.4604
13.882	14.824
12.6537	14.3696
14.3861	13.4214
14.9648	13.8891
14.5958	14.9918
13.6107	14.3429
13.621	12.8487
13.1279	13.1225
14.2277	13.9198
14.634	12.2066
12.4632	12.2364
12.8813	14.3786
13.1165	13.9859
14.999	14.2779
14.1475	13.2739
14.5738	13.9639
13.822	14.4354
14.2829	12.0478
13.7564	13.5531
14.9219	12.7138
14.8048	13.8737
14.1308	14.5431
13.7843	14.4519
13.6234	12.4616
14.9474	13.655
12.7803	12.6955
12.0969	14.9954
12.5137	13.7736
13.9785	12.498
12.195	12.6236
14.1768	14.2073
14.8525	12.5241
13.8852	13.9415
14.2659	14.5738
14.3534	13.8648
13.6451	14.5686
14.7429	13.303
14.1416	14.8202
14.657	12.4565
14.8669	14.3853
14.9321	13.7569
14.526	12.5026
12.9916	13.24
14.6145	13.9258
13.7923	12.5026
13.3414	12.1411
13.0555	12.0728
14.3157	13.9783
14.5104	14.9753
14.9949	13.8427
14.2431	12.865
14.6725	12.3228
14.1793	13.9759
14.3243	14.2961
14.1519	13.5752
12.0681	13.6836
13.9393	14.422
14.7803	14.8606
14.2248	13.5457
13.7916	13.3411
13.7295	12.6814
14.0157	12.8918
12.5123	14.6397
13.1246	12.1869
13.3508	13.2088
12.8202	12.9879
12.8754	14.3072
13.1575	13.6677
14.0109	12.2563
13.4686	13.561
14.0302	14.5477
14.4865	12.9854
13.8503	14.0691
14.4568	12.8482
14.0509	13.6133
14.8187	14.4199
12.5841	13.5216
12.9991	13.5514
14.1455	12.1379
14.2752	12.8222
13.9245	12.5255
13.9517	14.7953
13.5208	13.6173
13.4099	12.1857
13.483	12.4723
14.8057	12.1398
13.13	13.9491
12.3114	13.0308
13.6295	13.4205
12.7442	14.8695
14.4252	13.8358
12.4959	13.6415
14.4514	14.7967
13.7381	13.7971
14.175	13.8562
12.5465	13.4043
14.189	14.0845
13.5212	12.9493
13.5249	13.6482
13.9892	13.1975
13.4116	13.8706
13.5377	14.8893
13.3283	13.224
14.6035	12.1754
12.8871	13.845
14.9471	12.9275
13.084	13.0125
12.6471	12.695
12.7862	13.0024
13.9711	13.0307
14.3867	13.0797
12.5036	14.5569
13.1844	14.2805
13.8836	14.0831
13.3119	12.5421
14.3115	12.6884
13.5862	14.5106
12.7128	14.1119
14.1028	14.4606
13.8612	14.3914
13.652	12.5364
13.9074	12.1383
14.0127	14.8327
12.9471	14.5821
12.2826	12.8242
14.173	12.988
14.8372	14.2125
13.6346	13.2643
13.1794	13.6625
12.7865	14.8397
12.5428	13.3298
12.2685	12.6697
12.6376	14.2766
14.2389	14.2472
12.7032	13.9113
14.7913	14.3157
14.7525	14.252
12.2587	13.6535
13.2371	14.4017
14.8099	12.9205
12.8216	14.8983
12.3947	14.8834
13.7521	13.5114
12.6016	12.4336
12.5728	14.2104
13.2082	14.4483
12.6369	14.4127
14.1218	13.0106
14.4098	14.0088
14.7467	12.3155
13.6677	12.4441
12.7125	14.9932
12.1282	13.43
13.9231	13.021
14.2648	14.4498
14.2249	12.9678
13.3453	12.5019
12.7993	14.772
13.2807	14.3078
13.1261	14.418
13.4371	13.5152
13.5082	14.8616
14.5835	12.6087
12.3084	14.934
13.6182	13.1769
14.8171	12.7477
13.2564	14.7291
14.5225	13.8277
14.4585	12.8735
12.7103	12.1599
14.7588	13.7745
14.3347	14.4166
13.4254	13.0707
12.5542	12.4799
13.0068	13.5076
14.9881	13.5971
12.3277	14.3002
13.6587	12.7034
14.3812	13.3138
13.6138	13.5032
12.8522	13.6656
14.4003	11.9734
11.9438	14.1725
13.3071	11.9216
12.5545	14.0208
14.6408	13.6679
12.6799	12.27
12.3241	13.5894
13.8424	13.29
14.6683	14.5452
12.7831	13.0139
12.9253	13.1577
13.9077	14.1319
12.1861	12.9671
14.7305	13.1244
14.9557	14.1659
14.6223	14.7143
12.0947	12.2017
12.9594	12.7315
13.7981	14.3637
13.7716	14.2563
14.4186	14.8726
12.8192	13.3107
14.0788	14.6801
12.9369	14.4684
12.0223	14.9296
13.8744	12.9226
14.313	14.6181
13.0798	13.23
13.8201	14.3707
12.6604	12.9176
12.9639	12.7796
13.8202	14.0912
13.4137	14.6275
14.9582	14.4999
12.9029	13.6559
14.2457	14.3585
13.9706	12.0424
13.0705	14.7427
13.8109	14.0038
14.2782	14.9673
14.2319	14.3912
13.6293	14.2726
13.3471	13.0367
13.0732	13.9998
12.7741	13.7693
14.279	14.9882
13.7301	13.0805
14.0657	13.9334
11.8961	13.849
12.5357	14.014
12.8781	14.883
14.8242	14.3588
14.9892	12.4598
12.1965	13.7668
13.2644	13.5774
13.5594	13.8936
13.6218	13.4459
13.3385	13.0128
12.1332	13.5676
13.9508	14.6418
13.9905	14.9979
12.9519	12.0077
13.6656	13.628
12.1449	13.2064
14.4986	13.5038
13.1102	14.1735
14.3625	13.1842
14.7075	14.1378
14.0099	14.7893
13.5019	14.674
14.1733	11.9168
12.7537	14.3171
13.1483	14.7807
14.9123	12.4003
12.9347	12.4811
14.1843	13.38
13.3205	12.8964
14.3203	12.7932
12.7484	13.3846
14.0456	14.0195
14.3608	14.3073
14.6621	14.3749
13.8267	12.9517
13.5179	13.1197
13.8902	12.8711
14.4075	14.372
12.7755	13.3753
14.1153	14.2428
14.5507	13.8003
14.5257	12.821
14.4478	12.7646
13.2733	14.32
13.8568	14.3949
14.7947	12.9984
14.8046	12.7654
13.6962	12.6138
12.2041	13.238
13.1386	13.7057
12.1501	14.7984
13.8498	12.7866
13.3114	13.6785
12.7348	13.5052
14.0406	14.0641
14.2065	12.415
13.8915	14.1562
14.4291	14.0915
14.16	14.4862
13.987	14.8788
12.7746	14.4477
13.4281	14.7417
11.8867	12.7462
13.0115	13.732
14.2927	13.6112
12.3471	13.3905
13.0159	13.2842
14.3998	13.1778
12.982	14.8799
13.2276	14.3585
13.8747	12.8776
14.766	13.355
13.7503	13.5789
14.9662	14.2479
13.997	14.6971
14.4636	14.9495
12.4919	14.1339
13.846	14.2177
12.8066	12.9934
14.7088	13.2655
13.146	12.6821
13.7482	14.0712
13.7234	12.4631
12.1301	14.0807
12.3421	14.024
12.7762	14.6591
13.4234	12.0758
13.3059	13.8199
11.9502	12.3759
14.3631	13.2687
13.6428	14.0878
13.9883	13.7418
14.6275	13.8252
12.1607	12.2495
14.0513	13.3723
14.0001	13.9778
14.4245	14.0256
13.1072	12.1774
14.3789	13.1656
13.9015	13.1988
14.3404	14.192
14.9149	14.4631
14.6449	12.8593
14.1114	13.1066
13.6721	12.6877
13.8805	12.0542
12.3194	13.3867
14.5065	12.163
11.961	14.3494
14.2007	14.6412
13.6513	13.2799
14.0411	14.0667
14.2548	14.6483
12.6372	11.85
14.069	12.5661
14.7713	14.9731
13.4239	13.4904
13.6598	14.4006
14.7909	12.5131
13.6537	11.9894
13.4291	11.9027
13.391	13.7792
14.4029	13.8993
13.3174	13.9192
13.277	12.3921
12.458	13.2804
14.425	12.6947
13.1639	12.0019
12.6266	14.5432
14.6335	14.1717
13.6917	13.0944
14.3594	12.9553
14.2323	14.5954
13.9258	13.1738
13.8713	12.1624
14.3631	13.9525
13.8159	14.7407
14.3225	14.48
14.9717	11.9238
13.9356	12.2389
14.5853	13.6089
14.9125	13.0252
14.0241	12.4903
14.4001	14.3401
14.1575	13.6892
14.1607	13.8025
13.7173	14.347
13.0133	14.775
13.581	12.9128
12.9924	14.0021
12.9739	13.512
12.7814	12.7565
13.8144	14.3711
13.7563	14.0694
13.0445	13.7525
14.3414	13.0228
14.3488	14.594
14.2476	14.937
14.1307	12.9276
13.2121	14.2957
12.7193	13.3768
13.7096	13.268
12.2593	14.5399
14.6666	12.9988
13.7942	14.61
14.0244	13.5715
12.2985	14.5548
12.7388	13.6673
13.998	12.2196
13.3368	12.6663
14.7946	12.8021
13.1005	13.7934
13.8021	13.5765
12.6412	14.9152
14.7685	13.6808
13.5134	14.9086
13.8916	13.7645
13.785	12.6383
12.2332	14.348
14.359	14.2422
13.5639	12.932
14.4011	14.7162
12.79	12.8357
13.0502	13.1558
14.515	13.059
14.5767	14.1973
13.9153	14.7527
14.7844	14.1861
14.9238	12.6845
12.7895	13.2618
12.5638	13.2435
13.9232	12.3473
13.9251	14.7852
14.8684	13.588
14.6239	14.7558
12.5714	13.8276
14.6278	11.9555
13.3784	14.3096
12.2659	14.212
13.7398	14.0746
14.9762	14.3193
12.2257	13.7798
14.2032	14.6214
14.5193	12.1519
14.6124	13.9236
14.6036	12.4409
13.908	14.6596
12.29	13.1759
13.6322	12.414
12.505	14.5343
13.4718	13.086
14.1653	12.0406
14.8464	12.9769
14.2545	14.0114
14.5679	12.9762
14.0198	14.3511
12.9836	14.1181
14.4186	13.4502
14.7587	14.0471
14.4492	13.4248
13.4007	12.549
12.2958	14.464
13.0022	12.937
14.1133	14.2521
14.5887	13.8064
12.9343	13.8643
14.8317	12.6074
12.4318	13.845
13.8225	14.6029
13.8063	14.4237
12.8695	13.3966
12.1666	12.2797
12.335	14.5613
14.8941	14.448
14.0253	14.7355
14.9027	12.9069
14.0999	13.6355
13.6655	14.7619
13.7056	14.7444
14.8324	13.9075
12.5925	14.3044
13.3344	13.4463
14.057	12.3274
14.4462	14.2099
14.5291	12.2283
13.4435	14.1567
12.5126	12.7865
12.7947	14.273
14.2235	12.9548
13.8482	13.2776
12.1439	14.46
12.8736	13.5529
13.9847	13.5144
14.6757	13.9226
12.1349	14.6671
12.468	13.9599
12.203	12.9112
13.4711	13.0678
14.3966	14.1205
14.8179	12.3312
13.2715	13.3982
14.6601	13.5155
13.1639	12.685
12.7674	14.5443
13.3738	12.7503
13.3771	14.7221
13.2747	14.2754
14.4212	14.7163
14.5756	12.7779
14.6514	12.3845
13.9971	13.6153
13.5171	14.3419
13.5302	13.7696
13.7781	12.6707
14.1015	14.4172
14.6898	14.3179
13.1033	13.3851
13.677	12.6586
14.3856	12.1863
14.6229	14.1316
14.184	14.2044
14.451	12.8913
14.3081	14.6552
12.1283	14.7293
13.4495	13.1274
14.0875	14.562
12.6365	12.5163
14.1556	14.1943
14.3549	12.7441
13.4664	14.1634
13.1724	14.8847
12.9376	14.5036
13.7898	12.6224
13.5238	14.3518
12.7946	13.8855
12.0249	12.2781
14.5649	13.0137
14.2165	13.547
13.4722	12.8353
13.5895	14.1809
14.8592	13.4688
14.807	12.3361
13.7237	14.6489
12.3	12.6274
13.0032	13.704
14.8011	13.6603
13.4553	12.292
14.5421	13.2497
14.2361	13.7282
13.4932	14.1136
14.0813	14.5605
13.1197	13.5779
14.504	11.9684
14.9425	13.3282
14.5956	14.0447
12.2513	13.6163
12.0471	13.013
13.2062	14.4223
12.8068	13.9281
13.7528	13.6842
14.6872	13.2723
14.354	14.0219
12.4388	13.1434
13.9838	12.5938
12.8706	12.7782
14.2787	13.3843
13.6018	13.9617
13.7248	13.0243
13.6079	14.6187
13.2695	14.6728
12.9454	13.9964
13.3345	12.9711
13.403	13.5751
14.0148	14.6505
11.9883	14.7544
12.2923	13.139
14.5344	12.9374
14.3374	14.8921
12.4171	11.8377
14.0435	11.8728
13.5265	13.2378
14.7797	14.0504
12.629	13.7509
14.6568	13.9217
14.5277	14.2164
14.0768	14.1361
14.1545	12.5683
12.661	13.8749
14.397	13.922
13.4092	14.4432
11.8991	13.0996
12.6444	14.1678
13.9896	13.2258
13.5367	13.3378
13.9523	14.9867
14.6374	13.4518
13.8922	14.3646
12.5601	11.7248
14.1249	13.4455
13.2492	13.5905
13.6643	13.1303
13.8666	12.9169
14.377	14.7131
14.4692	14.2908
13.3077	12.4975
13.8323	12.6487
13.7415	12.5286
12.209	14.2581
14.5022	14.6084
14.667	14.1135
14.2482	14.414
12.5918	13.6102
12.3371	14.6464
14.3444	14.6627
12.4648	12.9235
13.4024	14.3464
12.8446	13.6343
12.7287	13.1896
13.1324	13.6399
13.2073	14.5976
13.6898	14.5985
14.8193	14.3367
13.3658	12.1919
13.2591	14.4949
12.4721	13.7261
14.9058	12.6152
14.0819	13.3544
13.0982	14.1459
13.9995	14.374
14.0405	12.2057
14.0259	13.7622
13.7784	13.74
12.8921	13.2774
12.8075	13.2223
13.6387	13.4239
13.1825	14.7714
14.9321	14.7312
12.6039	14.3128
13.7218	13.8307
14.2503	12.7651
11.9943	12.2514
12.8258	14.1289
14.7797	12.3681
12.3993	14.0893
14.3333	14.4166
12.3365	14.3058
11.7094	12.4472
13.2132	14.6641
14.2675	12.2127
13.1555	13.771
12.517	12.6933
14.9445	14.2825
14.9723	14.791
12.1467	14.1182
13.74	12.8051
14.9037	13.2508
13.5998	14.3288
13.8441	13.7434
14.6966	13.8854
13.798	12.5715
12.6781	12.7986
12.2486	13.4452
13.835	13.5112
13.6687	14.5702
13.4806	12.5479
14.4417	14.6696
12.6904	14.4641
11.9702	14.3599
14.3598	13.854
12.7789	13.8864
13.4415	13.0848
13.216	12.9682
14.9254	12.7941
12.4135	13.0716
12.519	13.1014
14.5042	13.194
14.7134	12.0727
13.0864	13.43
12.733	13.8226
12.9106	13.3371
14.2012	12.105
12.2213	14.3725
12.6064	13.2971
14.3969	14.8668
14.4851	12.4006
14.4862	12.6343
14.6358	14.1978
13.0616	12.4461
14.6121	13.0083
14.7805	14.8428
14.2619	13.8861
14.5664	14.4798
14.9267	14.6621
14.8875	13.3641
13.4525	14.5235
12.826	14.9203
14.0716	13.4128
14.1241	14.319
14.5626	13.04
12.7652	12.2165
12.0656	14.7073
13.8131	14.204
13.6739	14.4424
13.0755	12.219
14.4954	14.0004
13.5671	14.9022
13.0193	13.8969
12.1213	12.9805
13.1418	11.8196
14.8244	12.6625
12.418	13.364
12.7327	12.6457
13.7199	13.3654
14.6366	14.3066
14.495	12.8132
12.9171	14.445
14.599	14.8401
13.9954	14.9972
14.6032	13.7737
14.3705	14.5884
13.4086	13.1581
13.9376	14.8553
13.6332	14.0367
11.9542	14.8869
14.6886	14.6751
13.7809	14.4271
14.8619	14.1999
13.837	12.2843
14.621	12.6755
13.219	13.6504
14.8043	13.6537
13.6547	14.7382
12.2506	14.062
12.5153	12.0451
12.9781	14.7836
13.0317	14.7061
14.6193	12.7329
14.1336	14.829
13.3958	13.2389
12.9868	12.2505
14.0106	12.9992
12.4144	14.899
13.3806	12.0399
14.6003	13.1924
14.7952	13.2558
14.1496	13.9418
13.2814	12.6516
14.7123	12.5244
14.1202	14.6845
13.2166	12.5094
14.7526	14.3635
14.8379	13.6369
14.3998	13.9623
14.4239	11.9912
12.5234	14.3969
12.4477	14.7201
14.2067	12.973
13.5139	12.4703
13.207	14.1429
13.1984	14.5154
12.0531	12.9516
13.3121	14.2909
14.6462	14.5191
13.7365	13.75
13.7297	13.7099
12.5143	13.6379
14.7621	12.1506
13.1077	12.985
12.5936	13.6893
14.5921	13.0692
13.1495	13.6216
12.6591	14.1796
14.4835	14.1464
14.1153	13.4554
13.4372	12.1177
14.6298	13.7833
13.0954	13.1959
14.802	14.7036
14.1052	12.4164
14.6663	13.1725
12.4237	13.8872
14.4843	12.7986
13.7225	12.3313
13.2454	13.1777
14.9031	13.7197
11.8125	13.2001
11.9996	13.1058
12.3197	13.3434
13.7328	13.9076
12.7842	14.0597
12.4711	12.3909
11.9527	13.3581
14.2834	14.3268
14.7821	14.636
14.9948	14.8018
12.9033	13.802
13.551	14.219
14.316	12.8884
14.2996	14.7427
12.5524	14.1381
12.7654	14.2162
14.5628	13.9261
13.2051	14.2149
14.376	14.5106
14.7075	13.0689
13.8013	13.7526
12.871	12.3637
12.8992	12.7108
12.6971	14.6217
14.6616	13.7147
14.2647	13.8345
12.8237	13.2645
13.7091	13.8424
13.2926	12.8131
12.9337	13.4661
14.0961	14.0659
12.4448	12.4288
13.1955	13.2308
12.9179	14.4108
13.6973	13.3387
14.5673	14.3817
14.6898	12.2538
12.891	13.2256
12.7271	13.2117
13.4171	13.1048
13.5146	14.1324
14.1084	12.5697
13.2032	13.634
14.2982	13.1938
14.3422	14.922
14.7521	14.0507
14.4843	13.2305
13.4845	14.8125
13.8373	14.8388
13.4456	12.9444
13.6307	12.9476
12.5394	13.748
14.6086	13.7657
12.4671	12.9924
14.0458	14.6764
12.4388	12.8942
14.5107	13.3778
14.3002	12.5548
13.3093	13.7744
14.4455	13.944
13.2005	14.1882
13.2897	13.5349
12.2146	13.7553
13.6845	13.4629
13.9578	12.5963
13.5513	14.7763
13.0757	14.8471
13.5038	11.9871
14.0697	14.7258
13.5131	13.4157
14.1934	13.2189
14.8582	14.5676
14.6603	12.5036
12.5029	12.1675
13.0308	12.5389
13.1918	14.3345
13.476	14.1684
11.9186	14.1581
14.0498	14.6274
12.0609	13.1524
14.3674	14.9304
13.2751	13.6326
13.786	13.9822
13.6443	13.4735
13.7795	14.0775
14.341	14.4272
12.879	11.9259
14.7378	13.6345
13.9837	13.3406
12.9773	13.5156
13.4517	13.6794
13.5833	13.3925
14.2051	12.4242
14.7493	13.7595
13.0927	14.4792
13.8239	11.9336
12.7784	13.8578
13.3996	12.9542
14.0069	12.289
14.0203	14.492
14.7647	13.4801
12.3479	13.753
12.3981	14.3031
12.8717	14.5417
14.5464	12.1533
13.9669	12.7049
12.2372	14.9656
13.9318	13.5536
13.1691	14.5992
13.3228	12.6741
13.1931	14.6054
12.1024	13.5877
13.0958	14.0456
14.0277	12.8324
12.8006	12.7962
14.9878	13.9213
14.8583	12.8285
13.0267	13.9487
14.8293	14.0892
12.4536	11.9745
13.8292	12.6428
14.0156	12.7845
14.3212	12.8827
14.8272	14.8885
14.8162	14.1219
13.0334	13.535
14.2854	13.754
14.8549	14.3949
12.3431	13.2551
12.8113	12.7665
14.1838	14.1907
12.9064	12.1668
12.4605	12.9607
14.6076	14.6991
12.0114	12.4862
12.8382	14.6192
13.5171	13.5819
13.6075	14.2518
13.5309	14.0072
14.2849	13.0913
13.7499	13.4873
14.4924	13.9112
14.5768	12.7454
14.5251	13.6966
12.2896	13.6875
14.5059	13.8344
12.9987	12.7122
14.3203	13.577
14.0714	13.4248
11.9842	12.498
13.6493	12.8415
14.1026	14.6102
12.068	13.2171
12.9065	12.5378
14.2759	13.3309
14.6295	13.8028
14.7306	14.7934
13.7214	14.2614
14.6509	14.048
14.7538	13.6259
14.0875	14.6657
14.5234	14.4597
13.6367	13.2304
12.5791	12.9172
13.7249	14.0803
13.3791	14.7356
12.5891	13.4501
14.2288	12.8097
13.4838	13.5799
14.9714	14.6425
12.6413	13.2196
13.0619	14.0539
13.4405	14.4063
13.9317	12.6424
14.4824	12.5543
13.6343	14.8268
13.0086	13.0694
14.5953	14.4925
13.7237	13.1423
14.4754	13.2541
14.2219	12.1126
14.7092	13.4881
12	13.7424
12.2511	14.0171
13.9494	13.108
12.583	13.8458
12.8328	13.9384
13.2203	14.0323
13.8489	14.764
14.3222	14.1092
13.1981	13.0833
12.7943	13.4359
13.6434	14.1719
13.9746	14.1017
14.6132	13.4012
11.8298	13.8936
13.6368	13.9147
12.2635	13.9074
13.7719	13.6365
13.7309	14.098
12.8251	13.7159
13.9948	14.7343
12.768	14.984
13.5949	13.4913
13.8874	12.2903
12.9427	11.9777
13.5218	13.0822
13.9507	13.5756
12.9479	12.1056
13.4235	13.2442
14.9557	12.9561
13.9832	13.9245
12.3814	11.8487
12.0373	13.5148
14.2261	14.2229
12.8602	14.3409
12.6288	12.7565
12.6022	13.3262
14.4248	14.8796
13.4415	12.7778
14.6065	14.0771
13.9479	14.3005
13.0657	12.0619
12.2164	14.2879
13.3324	12.7985
12.4367	14.131
12.525	14.9351
14.309	13.4161
14.8421	14.324
13.7549	14.4614
14.2442	14.4631
14.1624	12.2528
14.628	13.5388
13.2487	14.2781
13.4449	12.1786
14.8211	12.291
12.8518	12.7093
14.4344	12.4562
13.796	13.825
14.9293	12.3311
14.6723	14.2354
12.2848	13.0949
14.9703	13.9704
13.141	14.5014
14.8407	14.7266
13.9086	13.5982
13.9043	12.5341
14.2425	14.3282
14.3975	14.8249
14.2592	13.0378
12.6674	12.729
14.3134	14.0701
13.3119	13.9372
12.4215	13.0289
12.8353	12.7454
13.386	14.3234
14.8913	13.228
12.8342	14.0491
13.7415	14.0096
14.5392	13.8623
12.1649	14.0254
13.6221	12.8064
11.914	13.1916
13.1546	14.8243
14.3495	12.2995
14.1554	13.0923
11.8512	13.3923
14.8208	12.3696
14.2232	13.9681
12.7388	12.3303
13.0778	12.5174
13.4487	12.8485
14.6166	14.6193
13.554	14.3455
13.8861	14.8961
13.7068	14.7094
14.4734	14.197
14.7794	12.5663
14.5976	14.9599
14.0628	12.8766
13.9544	13.8009
14.4071	13.1195
13.1401	14.7954
12.2879	14.5286
12.5701	13.5986
14.3474	12.7312
14.1964	13.2857
14.3204	13.7295
14.5873	13.972
12.3201	14.7412
14.7206	13.3117
12.6724	14.3082
14.9626	13.0819
14.1809	14.2015
13.3658	14.1406
14.2342	13.0076
13.8209	13.5423
12.3421	13.8094
13.9994	13.8867
14.5051	12.3076
13.0705	12.7489
14.1342	14.1898
13.1417	13.1904
14.6039	14.1365
13.4885	13.6543
13.9617	14.5173
14.4714	13.7407
13.694	12.2989
12.4346	13.9298
14.3518	12.3576
13.2989	12.7036
13.7691	12.6132
13.5588	12.5471
12.7738	13.7033
13.918	13.8564
12.8588	12.246
13.9668	12.5659
13.4176	13.0889
14.259	14.8904
14.837	14.8233
12.1762	14.2049
14.4136	14.3903
13.2189	13.9733
14.7932	14.8488
13.2922	13.0817
14.6382	14.5031
12.2295	13.8225
14.1169	12.8537
13.3801	14.6195
14.1293	13.662
12.3276	12.5641
13.4635	14.891
12.8801	13.2723
14.2884	14.9007
13.395	14.2476
14.6506	14.6888
14.1467	12.0604
13.3383	14.7524
13.3912	14.7907
14.6346	13.5546
14.5155	14.9347
13.9662	13.9795
14.8782	14.4106
14.1908	13.7004
14.015	13.2184
14.2743	14.5335
14.0602	13.3404
12.6204	14.2816
14.0314	12.1589
14.8568	13.5032
14.8674	12.6308
13.1921	13.2517
13.0369	14.7968
12.5824	14.3524
12.5889	12.4992
13.7388	12.1215
14.7586	14.0657
14.4888	14.2554
13.36	12.2042
14.1823	12.5492
13.9449	14.8664
12.5615	14.3499
12.8948	13.9231
14.5986	12.5777
12.8707	13.8547
13.7304	12.1499
13.1946	13.6796
12.889	13.3783
14.8601	13.7322
12.58	13.6332
13.2129	12.8104
14.4654	12.5843
14.704	14.0764
13.2832	14.4278
13.2468	14.339
12.3303	13.5913
12.3564	14.6855
12.4238	11.9018
11.9369	12.9247
14.7075	13.4061
14.5048	12.0973
13.7453	12.3174
12.3674	14.3947
12.0313	14.1628
13.9552	14.6964
12.3521	13.6616
12.7768	14.1595
12.8357	13.0655
12.4857	14.2679
13.6635	12.8914
14.1624	14.1092
14.5887	13.9845
14.3302	13.31
13.6214	13.2957
14.2197	14.6609
14.8475	14.008
12.7364	13.3158
13.8358	13.0428
12.5424	12.4624
14.7062	14.8575
13.7742	14.04
12.1282	14.291
12.6835	13.3162
13.192	14.5489
13.8429	13.9795
13.8522	14.0491
13.8087	12.6244
13.4323	13.232
12.2226	13.0322
14.2185	13.8405
14.4005	14.4503
14.3893	13.3186
12.3605	13.026
14.9703	14.7654
14.0093	12.7263
14.0581	12.9041
13.1	12.9358
12.502	14.6282
14.2817	13.3165
14.2098	14.3118
14.1572	14.6098
13.1394	14.4569
13.6887	12.3293
14.7152	13.5913
12.1066	14.6526
13.5314	13.7921
14.1106	13.8361
12.5129	14.653
13.1158	13.7767
13.5602	13.0851
14.9357	13.8736
12.1953	13.9
13.2339	13.8043
13.4493	12.1006
14.6961	12.9226
13.8869	14.5171
13.0188	14.1815
14.6185	12.1724
13.144	14.2015
14.4309	14.0726
14.9613	13.8504
13.2773	13.6794
13.2888	13.2931
14.9018	14.5743
14.2048	12.01
14.7083	13.5033
14.6505	13.6695
12.5216	13.8037
14.5819	13.1576
14.2707	12.132
11.9798	11.9157
12.9125	14.9311
14.8779	13.174
13.802	14.8739
13.2211	12.3741
14.0905	12.5249
14.6763	14.0346
14.7776	13.5702
13.54	14.0645
13.0652	14.2351
12.935	14.1978
14.4601	13.2597
13.8306	14.3684
13.5715	13.7807
14.0457	12.46
13.3677	13.3394
13.0198	12.3613
13.5848	13.0925
13.4431	14.3756
14.73	11.9369
13.5877	12.3218
13.4508	14.16
14.8425	12.5468
12.4968	14.752
13.2598	12.3727
13.9999	13.9775
11.9639	14.2448
13.48	14.9759
13.679	13.4752
13.5047	14.7652
13.6594	12.6532
12.4318	12.7105
12.2615	14.1096
13.7575	14.0786
14.363	14.5631
12.6303	14.1088
12.5697	12.5257
12.8729	13.0793
12.9489	13.9319
12.3184	13.2681
14.9452	12.9653
14.2456	14.4291
14.6417	13.9445
14.3927	13.686
14.1101	13.3573
13.2165	14.4964
13.6049	14.1397
13.343	14.3569
13.6628	14.3
14.6831	12.6716
14.3928	14.6277
14.5167	13.4597
14.5712	13.5522
14.2712	12.931
13.651	13.8654
12.6242	14.4417
13.4996	14.6644
14.4407	13.8125
14.5355	14.8243
12.3404	12.6114
13.9159	13.6221
14.9106	12.9021
14.6877	13.6419
13.5539	13.9873
14.1428	12.4508
13.6658	14.7862
13.4514	12.7704
13.4481	14.2828
13.0827	13.2962
12.7549	14.2256
13.462	12.2288
14.9197	13.9629
13.877	13.0067
12.9191	14.983
13.9667	14.7166
14.4685	12.4795
13.9588	13.5739
13.3803	13.7486
13.9559	12.856
12.5533	13.1483
12.7066	12.0139
12.9737	12.5313
14.8018	14.3136
12.1635	13.2026
13.3923	12.8733
12.5726	12.9286
12.3254	13.1481
14.8545	13.711
13.9302	13.9275
13.168	12.9834
14.9398	14.4045
12.7374	13.2546
12.5002	14.784
12.9398	13.6387
14.2069	14.8838
13.7464	12.8603
13.0856	13.4089
12.0539	13.6794
13.0524	12.5878
13.9107	14.2336
12.6991	12.2627
12.9361	13.8162
13.0232	14.0569
14.5774	13.017
13.8248	13.9182
12.065	12.49
13.7519	12.3209
14.3797	14.7651
13.1139	14.0023
14.3257	14.6908
12.8044	13.3342
14.3096	14.4353
14.3719	13.4778
13.3114	14.0549
12.878	13.2868
14.417	14.6492
12.4239	13.6309
12.9366	14.9356
12.521	13.0304
13.6101	11.9455
13.5867	12.904
13.2454	13.0785
14.0992	13.7785
12.4273	13.7
14.0668	12.5955
13.9874	12.6407
14.3161	12.473
14.5844	14.068
12.8163	12.573
12.5136	12.2016
13.4457	14.556
14.8947	14.8206
12.8481	13.6988
12.9392	13.9276
14.7243	14.6158
14.48	14.0472
13.9881	12.5907
13.509	12.3961
12.9338	13.6528
13.8618	12.598
14.2996	14.5716
14.9405	12.4868
13.1065	12.4345
14.5676	12.0245
13.2343	13.4752
13.2802	12.059
14.1499	12.6463
11.9185	13.6973
13.5857	12.2172
14.4453	14.9363
12.3079	12.8388
12.7681	13.9411
13.8783	14.4498
13.9211	14.6728
14.6155	13.5298
12.8951	13.074
13.9817	12.4743
14.8486	13.2337
14.2847	12.3101
12.056	13.4424
13.2057	13.7374
12.0215	12.654
12.6897	12.2785
13.5197	12.1842
14.5425	14.4697
14.6009	12.761
12.9302	14.4231
13.7944	13.0929
13.7886	12.4025
14.0275	13.8057
13.0325	12.9134
14.6947	13.0937
14.9541	13.5295
14.3611	13.2963
13.758	12.1596
14.6121	12.803
14.121	14.6998
13.4554	13.763
14.9502	14.0013
13.5729	14.1259
14.0193	13.6388
12.1257	14.4964
13.5421	13.1212
14.6767	13.0463
12.6907	13.4022
13.1531	14.005
12.2218	13.162
13.0629	13.7824
14.5935	14.3428
13.329	12.4021
12.9064	14.9935
12.7917	13.7407
14.6297	14.6266
12.5393	12.8111
14.5739	14.6731
14.62	14.0412
14.484	13.6516
13.7386	14.4485
12.3556	12.8503
13.1178	13.2042
13.5494	13.2061
13.074	13.5667
13.7183	14.1387
12.3812	13.1193
12.2624	14.4521
13.732	14.8884
14.2452	14.1648
14.7106	14.9569
13.8554	14.7123
12.8294	12.9409
13.6879	12.0357
14.2057	13.6398
13.4261	14.3462
14.3669	12.5161
13.7892	14.7726
14.6658	13.8622
13.1705	14.3331
12.9317	14.0915
14.5203	12.2236
14.1674	13.1905
14.655	14.3121
13.3821	13.4914
12.0968	12.6663
14.7629	14.1052
12.0986	12.495
14.6473	14.3455
12.8334	12.3578
12.7555	12.3267
12.168	13.2924
14.4	12.8005
13.1252	14.3351
13.6372	14.0481
12.4275	13.4873
13.7418	13.9386
11.8724	13.5408
13.1782	13.0728
14.1268	12.3629
13.4156	13.8934
13.7777	14.7695
12.8257	13.0598
14.0009	12.5555
14.2967	14.6135
14.1742	14.319
12.5167	14.4766
13.3261	14.5378
12.5	13.9989
12.7382	11.8051
14.95	14.9544
12.207	14.2555
12.9652	13.1028
14.1781	13.9782
13.8373	14.1992
14.0292	13.4935
12.5071	13.3526
12.1358	13.5124
13.7859	13.6476
13.5953	11.9869
12.5622	13.5343
13.2054	14.5619
14.6983	12.2588
12.59	13.5589
13.5836	14.4554
13.9284	13.6996
13.5321	13.1333
14.9739	13.1463
12.6561	13.2661
12.546	14.5455
13.8484	14.3224
14.9379	12.6482
14.4614	14.0097
14.5246	14.9969
12.5985	13.1004
14.414	11.919
14.1785	13.7644
14.0978	14.3641
14.0739	12.4938
14.3248	14.2518
14.4955	12.2136
13.0483	13.3241
14.825	12.2799
12.1837	12.2138
14.8336	12.7758
14.0673	12.9746
14.7582	14.5003
14.362	14.6866
12.8889	14.9065
12.0381	13.2211
12.2624	13.227
12.1292	14.5083
14.9753	14.2578
14.9601	13.6364
14.6033	14.5135
13.4255	13.3161
13.5651	12.4225
13.6461	12.372
14.7189	14.1943
14.6887	12.2229
14.2077	13.7059
14.6249	14.378
13.368	14.8112
14.2645	14.7663
13.6532	12.2216
14.7091	14.9252
14.0245	14.4339
13.3966	14.355
12.9029	14.5699
14.9918	14.5221
13.7153	14.6115
12.6972	12.3865
14.4942	14.4567
13.1671	13.7308
12.7744	13.5609
13.6047	13.3892
14.4742	13.9064
13.4561	13.1629
13.1262	12.2237
14.3642	12.7888
14.3939	14.7086
12.8562	13.8274
13.2084	12.2377
14.7317	14.2815
14.8214	13.5048
12.0868	12.2868
13.0339	13.9973
13.8578	13.1519
13.6618	12.879
13.0461	13.4926
12.7444	13.1032
14.0336	12.6678
13.6893	14.4039
12.3062	11.8355
14.6874	14.4777
14.0832	13.884
13.902	14.1455
12.9472	13.2312
14.7528	13.8434
12.2601	12.0371
13.6521	13.0579
13.2316	13.9864
13.8936	12.2041
13.7739	14.1477
12.6112	13.777
14.6278	13.4591
14.3007	12.7381
13.2631	11.8626
12.5624	13.296
13.0361	14.7807
14.1305	14.1995
14.4498	14.5756
14.356	12.411
13.5771	12.3203
14.5954	13.8764
13.487	13.8662
13.1	14.013
13.059	12.5013
13.1131	11.9993
12.9297	14.8041
14.5624	13.3426
14.0108	13.9722
14.1367	14.1911
14.0222	12.8162
14.7079	14.6189
12.4231	12.2992
12.1337	13.8164
14.9591	13.9068
13.9156	14.2363
14.0801	13.3826
13.9618	14.0786
13.6683	14.1795
12.1834	12.8918
12.5993	11.9155
13.5826	12.0732
14.2603	14.2016
13.9776	13.3696
14.3836	12.659
14.9658	14.7525
14.7805	12.0046
13.7873	14.5916
12.6054	13.8872
14.9154	14.1614
12.2298	14.1172
14.4589	14.117
14.9034	14.1708
13.7122	12.9214
14.6752	12.1133
12.6544	13.4044
14.9091	14.246
13.5964	13.4965
13.9216	13.5647
13.0327	14.1482
14.608	12.304
12.3315	14.8361
12.8793	14.7388
14.3517	13.7632
12.1674	14.7309
13.964	12.7732
14.4785	14.917
12.0122	12.5302
14.8424	12.4368
13.2958	13.1759
12.1607	13.0198
12.3717	13.5504
13.2269	12.8782
14.1158	14.3192
14.7045	12.2866
12.5376	14.5531
14.0416	14.5474
14.2158	14.503
14.1184	13.4619
12.1196	12.7044
13.683	12.1645
13.8172	12.6591
14.3042	14.532
12.1112	13.5619
13.3954	14.4924
12.5842	13.4781
14.5393	13.8323
13.7918	14.8582
14.773	14.0344
14.0188	14.0198
14.983	13.8597
14.2004	12.0358
14.1843	12.131
14.3441	13.9148
13.7359	13.3748
14.6358	14.0697
14.0535	13.5706
14.7467	14.0783
12.4184	12.4393
13.2345	12.5352
12.6559	13.9251
14.5628	14.822
12.6678	12.3794
14.3101	13.8313
13.9829	13.6472
12.1146	14.6172
14.083	14.2377
14.1431	12.7174
13.303	11.9925
13.5094	13.8876
14.737	13.1779
13.1251	13.2384
11.8654	13.1758
12.0739	12.3505
13.8004	12.3521
13.3655	14.2668
14.2325	13.8548
14.3347	13.4301
14.5854	14.0393
13.9174	14.8029
12.8812	14.044
12.5956	14.952
12.5973	13.6511
13.358	13.1054
14.7288	13.1046
13.0839	12.3555
13.3668	13.0759
14.6679	13.2522
13.8863	13.0363
12.4211	14.5797
13.2397	14.4296
14.5653	13.1884
14.736	14.0108
14.3168	14.7075
13.6368	14.1883
12.5096	12.0992
14.7015	12.5284
12.3801	13.5112
14.4348	14.7133
12.9089	14.2192
14.85	14.4455
14.4109	13.7799
13.5288	13.2796
12.3139	14.8509
13.7849	14.4193
12.8567	13.5391
13.6182	12.937
13.1783	13.0418
14.5535	12.9989
14.322	14.2271
14.2653	14.4368
14.5472	14.9184
14.7125	14.6028
13.1492	12.3593
12.8029	13.733
14.6547	13.9763
12.0495	13.8134
14.1693	14.3073
14.108	12.312
14.7474	12.6369
13.4831	13.7541
14.287	13.5692
13.9435	14.8387
12.2225	13.4968
14.3751	12.911
12.2533	14.3894
14.0906	13.141
14.4986	12.5165
13.0421	14.59
13.8281	13.0566
12.8221	14.622
14.3069	14.9858
14.603	14.4312
14.4332	13.3974
14.0654	14.0436
14.6453	14.0203
13.4053	13.7724
13.532	13.8119
12.2739	13.7312
12.3411	12.7175
13.1951	13.0607
14.1401	11.9868
12.8901	14.2604
13.288	14.8045
13.658	14.0751
13.8915	12.2756
14.2638	13.9897
13.9609	14.0273
12.5834	14.0583
13.5506	12.2221
11.9707	13.7743
13.6191	14.0457
12.6946	11.8984
13.2435	12.7558
14.5836	14.7705
13.8251	14.3284
13.8491	12.8171
14.84	14.4227
11.9551	14.0663
14.5599	14.5281
13.5045	12.8777
14.487	13.4343
13.6149	14.2963
14.775	12.3541
14.3511	13.6667
13.586	14.8227
13.4862	12.7836
13.3669	13.2742
14.4259	12.9047
13.2955	14.7782
14.913	13.0028
11.7958	14.8051
14.7371	12.4466
13.5936	13.4657
12.9106	12.5587
14.2183	14.0886
13.8551	13.3562
13.9709	13.9071
13.2384	12.4449
13.0244	13.3841
14.4659	13.5055
14.4435	14.8852
13.9181	14.7848
13.3971	12.4432
13.4096	14.624
14.4846	12.6532
13.9673	13.0581
13.4457	14.9103
13.5012	13.9636
12.8435	14.7776
14.813	12.2763
13.3388	12.5989
13.4052	14.2532
13.7347	13.5429
14.5772	13.8584
11.9062	14.9445
13.4741	14.4951
12.475	14.146
14.3036	13.13
14.067	12.2762
13.9025	14.7725
12.3593	14.2239
13.8474	14.9494
14.3615	12.386
12.5685	13.7586
14.8263	14.2156
13.3609	12.1225
12.4225	13.7794
14.3917	12.0009
14.1129	12.2615
14.2237	14.8864
12.6783	14.3294
12.4077	14.6529
14.6345	14.5525
11.8681	12.9076
13.308	13.7291
12.9211	13.0147
14.5495	14.7988
13.482	14.1268
14.9513	12.0694
14.1939	14.2982
14.1767	14.4227
14.7445	14.9777
12.7201	13.0859
13.8032	14.3324
14.8314	13.5981
12.1592	13.8789
14.4112	12.6535
13.3084	13.3353
12.8578	12.9047
14.0627	13.6031
14.5511	13.0498
11.9909	12.6964
14.8197	14.762
11.8624	14.6398
13.5946	13.6213
14.4357	12.9863
13.8726	14.6217
12.4652	13.4178
11.9924	12.8171
12.9948	13.2303
13.8278	13.2179
14.4425	14.1221
14.5428	13.7412
13.209	13.0356
13.0449	13.0306
14.2482	12.1046
12.6559	14.35
14.7519	13.5799
14.5344	14.0392
14.3525	14.5594
12.7483	14.8771
12.5813	13.7126
12.8363	13.6889
14.0631	14.967
14.6431	12.9268
12.5178	11.9683
14.1899	13.9229
13.9139	14.4655
14.1592	12.9781
14.3195	12.0695
14.4876	14.9018
14.6641	12.3814
13.6966	12.1633
13.2701	13.5868
12.5509	14.3991
13.5037	14.0468
14.3825	13.0165
13.7054	12.7897
14.179	14.1454
12.617	13.342
13.7153	12.4758
14.5837	13.9245
12.7746	12.0531
13.5688	14.3245
13.2845	14.853
14.9593	12.789
13.2388	14.5115
11.8435	14.9434
14.9437	13.186
13.9867	14.7657
14.074	13.2636
12.7562	13.0989
14.7048	14.5542
12.5628	14.4929
12.3052	12.5699
12.7358	13.4075
14.6567	12.1758
13.0602	14.1669
14.7806	14.6539
14.3829	13.0482
13.9538	13.3128
13.5258	14.0745
14.4774	14.2194
14.5622	13.9593
12.7729	12.803
14.6818	12.1458
14.313	12.685
13.9062	13.77
13.5834	13.3436
12.7484	14.6971
12.9249	14.2745
13.7038	12.6532
12.3805	12.0546
13.4688	13.4947
12.9871	14.4873
12.6955	14.7259
12.3564	14.4667
12.3835	12.0786
12.7521	13.336
13.833	12.3519
12.1132	14.3651
14.2374	13.6058
14.4106	12.2298
13.1532	13.4354
13.1449	14.1276
14.0135	14.6041
13.0048	14.6679
13.2645	13.8498
12.7139	14.9068
13.8237	13.8137
13.8823	13.2174
14.289	13.0145
14.5701	13.6838
13.7584	13.5937
12.0708	14.2871
12.6743	12.8449
13.8866	14.0784
11.9594	13.319
14.5547	12.3787
12.5132	14.5886
12.388	14.0522
14.1436	13.4082
12.6382	13.905
13.2405	14.7583
13.5835	14.5876
14.3102	13.662
14.0669	14.8757
13.8085	14.5633
13.1659	12.9399
13.3222	13.8832
14.021	12.6291
14.4542	14.2929
13.9352	12.485
14.4155	14.8968
11.9295	13.0089
13.0537	13.2462
12.3772	12.1961
14.3002	13.4244
12.6386	14.3591
14.8574	14.5053
14.9749	13.1861
12.6374	13.1349
13.3338	13.066
13.09	13.0287
14.2811	13.0591
14.5212	14.6109
14.6671	14.228
14.1247	12.2882
14.1669	14.8405
13.2188	14.7407
13.0275	13.0093
13.9393	12.8476
12.3556	12.3377
13.0361	12.7633
13.3929	14.9124
13.2063	14.2296
13.0182	14.7836
13.6983	12.889
14.105	12.5164
13.461	13.1447
12.979	12.0391
14.5432	14.4176
12.409	14.5929
14.5442	14.2977
14.7833	14.4747
13.0691	13.5992
13.5152	14.7604
13.3285	14.8449
13.1356	13.3837
13.3773	13.2848
14.0821	13.5569
12.7954	13.542
12.6618	14.2973
13.9593	14.9075
14.5379	13.2433
14.3083	13.8098
13.598	13.8355
13.5424	14.6509
14.424	13.2953
14.1875	12.419
12.9831	14.7554
12.1986	13.8539
12.1289	13.6437
13.5553	13.6185
14.4041	12.554
13.9164	12.6174
13.6134	13.1115
13.9933	12.2818
13.941	14.4538
13.6876	13.9094
13.9326	13.0393
13.539	14.4578
12.2092	13.6395
14.4083	12.1023
12.8691	14.9876
14.6453	13.2335
14.4526	14.3958
13.481	13.1265
13.2173	13.4111
12.3994	14.5199
14.3878	14.2456
14.3023	14.3762
14.7179	13.3822
14.892	14.6081
13.8423	13.5004
12.681	12.0382
12.606	12.8693
13.3377	12.0114
14.7049	13.4893
14.0807	13.6418
12.5539	14.4378
14.1028	13.4056
13.9245	12.998
14.8446	14.9172
14.8285	12.7463
14.3829	12.0317
13.8059	12.9344
12.3632	14.1908
13.1796	14.4905
14.6697	13.2557
12.9633	14.4121
12.5113	14.1734
13.6747	13.7644
12.3545	13.5485
14.6284	14.6731
12.417	12.4118
14.5518	13.3182
13.3449	14.7402
13.4746	12.988
13.6945	13.0777
12.1569	14.9002
13.8984	14.5204
13.2311	14.7996
14.2571	14.3957
14.8846	13.5056
14.2283	13.4443
12.8555	12.5187
12.7624	13.7042
14.8432	12.2252
12.9882	12.8292
13.173	13.3816
14.3779	13.9812
14.5806	12.0853
14.6426	12.1787
13.4966	13.181
14.2638	14.2157
13.6508	13.4187
14.5577	13.7909
12.3965	14.8541
14.0523	13.3229
13.0855	13.8138
13.8802	12.6646
12.8334	12.0651
12.6641	13.8267
13.7831	14.1041
14.5868	14.5409
12.6332	12.3921
13.1108	14.3066
12.6948	12.5419
13.0308	14.3856
14.2546	13.8428
12.4341	14.0139
12.4419	14.6131
12.7071	13.035
14.7763	13.7533
14.8922	12.6083
14.9429	12.3085
14.1818	13.665
13.9775	14.1118
14.5295	14.2958
14.9474	12.4856
14.2656	14.6181
13.2773	13.3339
12.1317	13.0576
14.089	14.4255
13.9813	14.8386
13.6032	14.1853
13.3634	13.4578
13.2735	14.8896
12.7438	13.0918
13.2697	14.4129
13.2754	14.4771
12.2177	13.3819
12.5936	14.1396
12.8634	12.6337
14.255	13.0789
13.1998	13.0079
13.5125	14.2496
13.9362	14.7415
12.7673	12.9722
13.5904	14.8601
12.8672	13.7493
14.0182	12.9607
13.6971	14.1801
12.8306	14.8944
14.4409	12.9217
13.8102	14.2741
14.6349	12.3898
12.7345	13.4986
13.73	14.1146
13.0001	13.3745
14.0927	14.6482
13.1984	12.61
13.9905	14.2992
12.34	13.5601
13.7696	14.7362
13.8815	14.8318
14.7706	14.7967
12.8058	12.5387
13.1616	12.8984
13.674	12.8054
14.2859	13.5752
12.9742	13.3947
14.5598	13.2853
13.2319	12.8523
12.2816	14.5414
14.5404	14.3007
12.2785	13.2911
14.0977	13.7306
13.2852	13.5525
12.2164	12.1911
14.8745	14.0558
13.8733	12.9933
14.6182	14.6687
14.1594	13.2721
13.2924	14.1964
14.1587	14.1777
12.0783	13.0668
13.7243	13.8172
13.2357	14.9967
13.3499	14.2058
14.5485	13.6513
14.7358	12.1924
14.1643	14.5181
13.5961	14.0389
14.3208	13.2477
14.2032	12.3709
13.6306	14.0268
14.5401	13.0278
14.7644	14.031
13.8012	12.2119
13.0752	12.2295
13.5764	13.1734
14.9539	13.698
12.2425	12.6931
13.6739	14.0688
12.9937	13.1352
13.1	14.7588
13.0635	13.5613
12.6565	14.9369
14.4648	13.8251
12.2986	14.7491
12.5309	14.4371
13.5857	13.793
12.4251	14.6769
12.5986	13.8246
13.6624	13.4529
13.8695	13.4394
13.2313	14.0242
13.1729	13.7551
13.5151	14.0637
13.6906	13.2854
13.4748	14.5723
13.475	14.4406
14.9621	13.0073
14.0653	13.8306
12.5993	13.9874
13.0483	12.6638
13.9489	12.049
13.8847	12.2202
13.2404	14.1932
14.2701	12.9313
13.45	14.7687
14.6442	12.4512
13.3513	13.487
14.8411	14.6687
12.723	14.2191
14.2865	14.5713
12.8585	14.1697
14.7377	13.8558
13.6666	13.614
12.9424	13.518
14.9117	13.2926
13.6291	13.796
14.8757	12.1032
13.4794	13.4262
12.3626	13.443
13.1266	12.8131
13.5586	13.9905
13.1312	13.7161
12.6398	13.1874
14.0782	13.9666
13.5872	13.1164
13.7439	12.6665
13.4142	14.305
13.3698	13.2853
14.0236	12.8988
13.5898	13.1411
12.0322	13.7763
12.3371	13.2924
14.2255	13.2811
13.9088	13.6522
13.8808	14.2522
13.5166	14.4089
12.5692	14.0442
14.581	13.4561
12.0911	14.1125
12.5947	14.0717
14.0911	12.2462
12.3256	13.8303
12.648	13.3643
14.3016	12.4413
14.6223	14.0782
14.705	14.5462
13.6792	12.3363
13.1813	12.078
14.6925	13.8796
12.4873	12.4329
14.6867	14.8766
12.5239	12.7133
14.646	14.7338
14.7904	12.8744
12.6959	12.9396
14.22	13.6646
13.969	13.7996
14.4504	14.6227
14.1765	12.9172
13.3157	14.0195
13.1905	11.9663
14.5609	13.2029
13.3808	13.1303
14.0033	13.8501
14.4504	13.6639
13.1039	14.0978
12.4349	13.0016
13.5599	14.1818
13.276	12.0324
12.0502	13.8897
14.4004	14.7886
14.7149	13.1222
13.3546	12.968
14.8284	12.8032
12.3402	13.9245
12.3221	13.4087
14.1159	13.7573
14.6096	14.6501
12.6878	12.5851
11.9931	12.5377
13.7184	13.3385
13.7494	13.4388
14.1025	14.1841
14.2678	13.4377
13.6875	13.1978
13.1702	13.2662
13.8422	14.175
13.9294	12.6075
14.9645	12.02
14.5704	14.6695
14.9148	14.6248
14.6655	12.597
13.6499	14.8822
14.707	13.0997
12.2073	12.2317
14.9657	12.5358
13.1761	12.2133
11.9784	13.531
14.4864	13.7246
12.1748	13.9458
13.4894	12.4269
14.1305	14.2134
12.3637	14.1484
13.7261	12.9544
14.3005	14.6649
13.2949	14.9135
14.8297	14.6974
13.7839	12.2069
14.6124	14.0376
12.3674	13.1576
14.9692	12.8353
14.3115	14.2333
14.9826	13.8926
13.6651	14.4322
13.7921	14.691
14.4601	13.2825
14.5871	14.1693
13.978	14.5864
13.2027	13.2795
13.9271	13.2018
13.7263	13.5466
12.8273	14.2231
12.3284	13.9468
13.0478	12.2633
12.2803	13.7131
12.6949	13.4714
14.8488	14.5288
14.6694	14.203
13.8377	13.7463
13.3211	13.2466
14.5366	12.6309
12.9624	12.4212
14.4386	13.3123
13.9026	13.5644
13.1532	14.3142
12.9031	12.2865
13.9876	12.011
14.6801	12.582
13.5848	14.5477
12.6427	12.7178
13.1016	13.8714
11.9892	11.954
12.8979	12.9651
13.9412	14.3959
14.1299	13.4823
12.1856	14.343
12.5243	14.387
13.0947	14.7079
14.0363	13.2471
12.2072	13.2988
14.7961	14.8287
13.0466	12.9077
14.5184	12.8024
12.1404	12.5456
14.7872	14.651
13.2165	14.0095
13.1384	12.9315
12.7982	14.4242
14.4733	12.9418
13.0121	12.2001
12.8362	14.1506
13.8787	13.4575
14.3374	14.4413
12.5146	13.2939
13.3095	13.8103
14.7657	13.8289
14.3539	13.0486
12.6159	14.6159
14.2841	13.9106
14.8513	13.6748
13.8078	12.8391
12.3592	13.0513
11.9904	13.8803
12.5831	14.7888
12.7936	14.4547
12.5322	12.74
13.6585	13.2504
14.1405	14.2865
14.117	14.0959
12.7959	13.7938
14.7884	14.3619
14.6301	14.243
12.8262	14.3793
14.637	13.4985
14.5479	12.191
14.642	12.5609
12.9616	12.9265
14.9143	13.7571
14.4714	12.9167
12.9338	13.8867
14.0039	14.8187
13.4943	14.6698
12.6729	12.1842
11.8482	14.5928
14.7013	12.7493
14.7122	14.143
13.7665	12.3886
13.6078	12.2396
13.7187	14.9625
12.8119	13.3395
13.3567	12.7132
13.8364	13.2777
13.2664	12.7533
11.9931	12.2807
14.9443	14.0822
14.138	12.1721
14.8253	14.2411
14.7082	14.0998
12.8207	12.883
12.2367	14.0104
13.5818	14.7645
14.9992	13.4501
14.8722	13.8132
13.5721	13.5796
14.0164	13.2434
13.4747	14.1647
12.3423	12.4746
12.5964	14.1109
13.7995	14.1715
14.8422	13.4556
12.9989	11.915
13.5659	13.9448
13.9138	12.8455
12.2233	13.0337
14.3214	14.2847
13.1802	12.5805
12.508	12.29
12.3019	14.5614
13.4533	12.9876
13.7135	14.651
13.4687	12.607
13.929	12.1188
14.2817	14.7014
14.6476	13.0782
13.0697	13.9367
14.744	12.4282
14.9164	13.3132
11.9371	14.8302
14.9075	13.7787
13.8206	14.4363
12.3693	13.7843
14.3293	13.3186
13.4474	14.3325
12.8765	14.4769
13.5857	14.9356
13.959	14.3575
14.6915	12.7585
14.0713	14.9516
14.009	12.5528
13.2727	12.2347
14.1066	14.8644
12.1338	14.8015
12.0378	13.5804
12.3301	13.3022
12.8014	13.8401
12.774	14.9428
13.2904	13.855
12.9389	14.231
14.7079	12.5867
13.5959	13.9164
14.0718	12.8833
12.2054	14.1097
14.2353	14.4383
13.1949	12.2717
12.226	13.9003
14.0797	14.1327
12.2808	14.4736
12.5365	13.8178
13.9105	14.449
12.4667	13.2564
13.8881	12.996
13.5301	12.0015
12.693	14.8601
14.491	12.8234
12.6418	13.2829
14.4944	13.6443
12.5405	13.5092
14.5591	13.4111
12.8379	13.2071
13.3579	14.364
13.1742	14.9085
13.9789	13.6996
13.2158	12.9819
14.5744	14.2885
14.122	14.669
13.9941	13.0395
14.9996	14.1557
12.7315	12.9262
14.41	13.9353
13.6912	14.4506
12.0299	12.5619
13.3825	13.3932
12.9626	12.7638
13.4219	13.7911
14.0232	14.0645
12.2255	12.3422
14.8713	13.1469
13.7653	14.9499
14.0581	13.5494
14.7226	13.8295
14.0839	14.4913
12.9301	14.6954
12.3786	13.166
14.1706	13.776
12.749	13.8066
13.1464	13.7542
14.4661	14.7926
14.2538	12.0456
12.5675	14.2528
14.9492	13.2159
12.3635	12.7408
14.7625	14.9056
14.5306	14.7113
14.2484	13.4738
14.4118	13.3802
14.4215	14.0768
12.6983	12.8103
14.3086	12.9249
12.4758	13.5
12.9532	12.3915
13.0239	13.0304
12.9221	14.6091
14.5184	14.0337
14.0824	12.7621
14.3768	13.5783
13.8301	12.3125
14.3932	12.2445
14.6183	12.5122
12.6117	13.0029
12.8991	13.12
13.2618	12.6892
13.4225	14.7466
12.1157	14.3149
13.5227	13.3141
13.0892	14.3326
13.4341	14.0469
13.7811	14.687
14.4604	12.6592
14.011	13.6218
14.7353	13.3397
12.5365	13.6783
12.4149	12.6542
13.9498	13.6599
14.764	14.2364
13.2742	14.3952
12.6808	13.0126
12.5935	12.9763
13.0317	14.4613
14.5324	13.3796
12.799	13.8348
13.4577	13.9245
13.5179	14.0331
13.1955	13.2913
13.108	14.5554
12.2842	12.9259
13.8593	14.1509
12.0279	12.5008
12.8771	13.5439
14.0399	13.663
13.2189	13.0553
14.6983	13.2241
13.6528	14.2537
13.9248	12.9261
13.2283	13.5252
13.1917	13.9553
13.964	13.9476
13.9314	13.3148
14.6797	14.983
12.9409	12.6653
14.2023	12.5397
13.3641	14.6297
14.0123	14.948
14.3219	14.9554
13.2569	13.1305
13.9135	12.9868
14.8666	14.2187
14.0168	14.5399
13.1938	12.5945
13.9328	12.6453
14.0049	14.2772
12.6624	13.4622
14.6474	14.0637
12.4661	13.8648
14.4664	13.9912
12.1664	14.9453
14.7555	13.9249
13.3075	13.4979
12.9916	13.4427
13.5628	14.1339
14.2506	12.3201
14.2929	13.6881
13.6858	13.25
14.4131	12.6646
14.5836	13.0094
14.2055	13.5664
13.147	13.4596
14.5451	12.0571
14.8324	13.3757
14.8615	14.3461
12.87	12.574
13.8515	14.953
11.7402	13.9771
14.16	14.4345
12.3813	12.1306
12.0585	13.5209
12.081	13.7628
13.1135	12.7055
14.142	13.9829
14.351	13.7532
14.5678	14.6599
14.5266	14.4858
12.7768	13.9896
14.898	14.3743
13.7399	13.2826
13.9125	12.3921
12.1681	14.1916
12.9904	12.8773
14.8552	14.5498
13.2521	14.0271
14.4616	12.499
13.0225	14.9432
12.4344	13.8889
13.7014	14.4314
12.8722	12.826
14.0081	13.342
13.5031	13.839
14.2164	14.6305
14.3463	12.6386
12.5207	13.4258
14.3287	13.3135
12.9762	14.5759
14.6139	13.8641
13.6704	12.3139
14.9032	12.3571
14.3534	13.1046
14.1784	14.7687
14.1146	12.4604
13.5843	14.4054
13.4687	13.9078
14.1993	13.6156
12.1883	14.6422
12.7944	14.8596
14.5154	13.3331
13.0598	13.5992
14.4364	14.5422
13.7767	12.5676
14.4375	12.7495
12.6149	13.778
13.8109	14.8586
12.7027	13.7804
13.2376	13.4673
14.0727	13.0396
13.5364	14.2385
13.3283	12.5555
14.7044	12.2573
13.5121	13.779
14.3925	13.9931
13.1576	14.8823
13.9034	13.8148
13.5312	13.7871
13.3367	12.8435
13.6616	14.9755
14.3275	14.0813
13.7639	14.0996
13.6022	12.2557
14.8688	13.0333
14.4248	12.3786
13.9912	13.4945
12.5501	14.3052
12.5801	14.2782
13.473	13.8847
12.2823	12.6369
13.7684	12.6385
14.375	13.6638
13.5036	13.4026
12.9864	14.5646
14.7364	13.257
12.5267	14.1599
14.0089	14.9566
12.7676	12.953
14.4784	13.9
13.1751	13.7077
12.691	14.7858
13.3937	14.637
13.3039	14.0291
14.0481	12.1417
13.5366	13.213
14.9672	13.9506
14.8635	13.2893
12.9648	13.7722
13.3596	14.5443
13.1816	14.5143
14.2647	14.8528
14.4807	14.2301
14.6199	13.4375
12.5049	13.7478
13.5704	13.0695
14.8138	13.9664
12.4846	13.0463
12.3421	13.697
12.5562	12.5635
12.8916	14.8205
12.4567	13.6655
14.355	13.4491
12.9259	14.5592
14.9592	12.8219
13.9789	13.8176
13.6681	13.5887
14.3917	14.4682
12.681	12.8471
14.7527	12.2089
14.7714	14.1345
14.0443	12.1544
13.1959	14.6876
13.7076	13.3415
13.7269	13.1256
12.85	14.4906
14.2043	14.6321
12.3448	12.9401
12.6729	14.5442
12.0958	14.3807
12.7375	13.175
14.7941	13.4574
14.3542	12.2555
14.4566	13.7457
14.6989	12.5426
14.8759	13.4649
13.9795	13.1379
14.7063	12.8983
14.2468	14.4646
13.336	12.8211
13.8683	13.0506
14.5262	12.5362
13.977	14.5501
13.7479	14.0824
13.8554	14.5345
13.488	13.8032
12.9596	13.0835
13.5775	14.3948
14.8245	13.6347
13.1914	14.1986
14.481	13.0495
14.4112	13.3108
14.7624	13.1346
14.4763	12.9982
14.3868	13.0822
12.6534	13.5182
13.0231	14.986
12.2059	12.5574
13.9058	14.4577
14.8205	12.8805
12.822	13.4033
13.6375	12.2349
14.6351	14.0066
14.119	13.2035
13.2624	13.6996
13.9124	13.8865
14.4807	12.1393
14.3867	11.8461
12.5877	13.3597
13.5935	14.5003
12.9701	13.5916
13.7237	14.1752
13.5204	13.9902
13.7789	14.2791
14.0021	13.2929
12.3555	14.3265
13.008	14.2128
14.9539	13.7953
13.3269	14.5198
14.7598	14.96
12.2741	13.9502
13.6121	14.8044
12.311	13.6529
11.8881	12.9999
13.4765	13.303
14.6944	12.5514
12.1195	14.4241
13.0417	14.6277
12.2329	13.9774
13.8883	13.6812
12.9707	13.6919
12.4913	13.7343
12.5563	14.0188
14.5163	12.9667
13.9781	12.8086
14.4329	14.6027
14.4533	14.1035
13.312	13.3303
12.8088	13.486
14.142	13.6576
14.68	12.4246
13.5675	12.8125
13.5747	13.1331
14.1358	13.8804
13.4296	13.7729
13.0507	14.1607
13.0429	14.9658
12.0671	12.3302
13.6197	13.0351
12.5416	14.6525
12.7468	13.8128
13.7211	14.2866
13.1288	13.9712
14.0212	13.5357
12.9897	12.4242
13.795	14.326
13.683	14.9563
14.4443	13.4987
12.7947	13.537
12.7029	13.0364
13.0638	13.3718
13.5877	14.0593
13.4853	14.6342
14.2369	13.5111
14.2062	13.5356
14.3949	12.1313
14.1071	12.6504
13.7461	13.5499
13.5968	14.7388
13.0493	13.5737
14.4197	14.7786
13.5977	14.1055
14.8242	14.7395
13.6784	13.2809
12.1727	14.7057
14.0986	12.3092
13.4915	13.3468
11.9965	14.6764
13.1274	14.4713
14.7822	13.8971
13.1425	13.8524
13.4406	13.9096
14.7736	12.0681
14.4457	12.9508
13.4859	13.9156
13.4076	14.4409
12.3786	14.4649
14.876	14.558
14.1769	12.973
13.3795	13.9277
14.2332	14.2208
13.7896	13.9605
12.1667	12.5011
14.3352	11.9946
12.2257	13.0908
14.5253	14.5662
12.7823	12.9997
13.0251	14.3957
13.5041	11.845
12.487	13.0249
14.0122	14.9987
14.159	13.3632
12.2752	14.6224
13.3656	11.8178
12.901	14.7941
14.5745	13.0299
14.1701	14.1266
13.0751	13.3984
12.5048	12.8705
13.7048	13.265
14.8412	11.6796
12.7648	14.7437
13.5498	14.7848
14.8129	14.3457
12.2221	12.1848
14.3133	12.9606
14.277	14.9689
13.3105	13.3678
13.6399	13.4118
13.4927	14.1845
13.9957	12.1955
13.8156	12.4187
14.2815	14.6385
13.7656	14.8667
14.4263	13.3152
14.1478	12.584
12.3348	12.9958
12.7931	14.835
12.4406	13.9801
14.2933	12.5043
13.4947	14.5942
12.9267	12.1384
12.9117	14.6882
12.8637	12.1474
13.7724	12.9237
14.9244	14.7352
14.0158	14.934
13.391	13.7007
13.7409	14.033
14.0517	12.1667
13.493	14.6281
12.3996	14.8859
12.4736	13.5556
14.0601	12.7509
13.8937	14.4498
12.2562	12.7587
13.322	13.4293
14.7393	12.1675
12.0058	12.4885
14.6532	12.9516
14.1229	13.5505
13.316	12.9938
12.5778	12.0908
13.4679	14.7213
14.348	14.6582
14.674	12.9879
13.3055	13.2089
13.6095	14.6494
14.025	12.0283
12.204	13.05
14.9679	12.7786
13.2833	12.923
12.9602	14.5968
14.3317	13.4909
14.6906	13.0855
14.5885	14.727
13.1393	12.1189
13.8045	13.1356
13.4748	13.7176
14.1315	14.5243
13.1247	13.1721
14.4657	12.9017
13.0251	14.983
14.021	13.3139
13.5473	14.7226
12.7688	13.1583
13.2672	12.7906
12.9403	13.7852
14.9813	12.2307
12.6392	13.4541
14.4828	14.9512
14.0436	13.7169
14.4196	14.7322
12.2255	12.6328
12.1572	12.7407
13.8163	14.4363
11.8794	14.5841
13.5149	12.8924
12.7853	14.0473
12.8348	12.8985
12.1207	13.5231
13.9314	12.9864
11.9475	13.9614
14.131	14.9728
12.0658	13.1909
14.4187	13.5481
13.0698	13.7781
14.866	13.583
14.1417	14.2326
14.9954	12.0427
12.1524	14.4492
13.4381	14.9776
12.516	12.0546
12.7054	13.9201
13.6996	12.5597
13.1247	12.671
14.3187	13.4923
14.6006	13.7794
12.8105	13.5083
12.7478	12.4021
12.7887	12.0153
14.2079	12.1816
12.3583	13.7108
12.8621	13.1937
13.5411	13.9567
13.2178	13.5285
13.0669	12.1897
13.6821	14.5074
12.7547	14.6604
14.8449	14.167
12.2761	11.8863
12.5587	13.8825
14.3411	12.8233
14.635	14.5743
13.5276	14.3346
14.8109	11.9733
12.3396	14.3616
13.7677	13.6903
13.6182	13.9642
13.7708	13.983
12.9263	13.7735
12.198	13.7824
14.4723	14.7168
13.1195	13.5013
14.2197	13.1393
12.5513	12.8752
14.7724	11.9847
13.1869	12.4689
14.447	13.9167
14.1756	13.8036
12.134	14.9554
13.3905	12.3908
14.8301	14.7578
14.1654	13.6628
14.5024	14.1465
14.357	13.7241
12.4835	13.6984
13.043	14.9544
13.2699	13.5758
13.7399	13.1605
13.9675	13.9302
12.1082	13.5531
14.9027	12.114
13.4762	14.7719
12.7158	12.2541
14.9267	13.2015
14.305	13.455
13.2756	13.3668
12.1062	14.7602
13.2384	13.3013
14.5117	13.6221
13.9431	12.1648
13.4846	12.7456
12.438	12.4463
14.907	14.9743
13.3875	14.9522
13.2717	12.9547
13.5804	13.2041
11.8134	13.0858
14.9425	14.0336
13.0945	14.4028
12.5054	12.5154
12.6619	14.999
13.4951	14.8068
12.7752	13.4665
13.8781	13.8348
14.44	13.4915
12.8377	13.7126
13.8435	14.1678
14.9467	13.7321
11.918	12.8521
14.2413	14.1938
12.8104	12.33
14.9127	13.445
12.2306	14.6297
14.6691	12.5072
14.3626	11.9997
12.9209	14.8394
13.568	12.1089
12.9954	12.7351
14.6856	13.1337
14.9608	14.4778
14.6051	13.3105
13.0411	13.5762
13.7927	13.7766
14.0074	13.6899
12.1118	14.7319
13.2656	13.8523
12.7213	14.771
12.638	13.2025
14.4272	14.2993
13.8972	14.7093
14.1156	13.794
13.3788	12.4521
11.9353	14.6113
12.6909	13.8453
12.2939	12.6769
12.8892	14.2284
12.1534	12.8348
13.9017	11.9779
13.9642	13.2253
13.9228	14.7295
14.737	13.997
13.5112	12.1424
14.2787	13.5065
14.3544	13.8013
13.0618	12.5977
13.8519	13.1613
12.2174	14.9912
12.6948	13.9194
13.7187	14.3028
14.71	14.6508
13.1408	14.1941
14.7499	12.4618
14.1534	14.4288
13.5272	14.5067
13.4846	12.8571
13.4614	13.9404
13.7485	14.4507
14.5723	12.6445
12.4134	14.0857
14.4692	13.7335
14.3799	12.1322
12.7388	14.1361
12.8184	13.4757
12.3189	14.6095
13.2703	12.2264
13.34	13.7814
12.2696	13.352
12.7543	13.0027
14.4887	13.82
13.7768	11.8873
14.612	14.539
13.8332	14.7509
14.3909	14.7248
14.2938	14.3347
13.36	14.6956
13.4297	14.381
14.5198	14.8406
14.9451	12.3186
12.9813	13.5415
13.9433	12.5261
12.1001	14.8067
12.6858	14.1956
13.78	14.0673
14.7605	14.3897
12.9036	13.3835
12.7398	14.7106
13.1534	13.489
14.2843	12.7639
14.8403	14.0052
14.3898	14.2088
13.884	14.0741
12.4441	12.4142
13.9467	14.2637
13.0911	14.4396
12.141	12.8958
13.959	13.615
13.4559	14.9364
13.8879	14.4954
14.4569	14.6749
12.6359	11.9791
14.712	14.0834
14.5657	14.5863
12.1754	12.5555
13.7612	14.0103
13.2815	12.6836
14.2538	13.9779
14.739	12.4064
12.8035	13.2353
13.1328	13.1524
14.3623	13.0525
14.2902	14.2523
13.8101	11.9905
12.6121	13.9059
13.9772	13.9223
13.2585	12.6612
14.5327	13.9563
12.3662	13.6776
13.511	13.8079
13.8546	13.7692
12.3961	12.2179
14.5112	13.0493
13.5299	11.7988
12.4254	14.2516
14.0454	12.4108
13.7895	13.4322
12.7036	13.3596
12.2905	13.6249
13.7523	13.2983
12.3299	13.6952
13.9965	13.862
13.7624	14.5847
13.2505	13.8297
13.432	14.0491
12.3999	13.6095
13.2931	14.7028
13.968	13.593
12.2542	11.9927
14.9475	13.8827
13.2945	13.0188
11.9968	12.6968
14.5373	13.1945
12.3078	14.2541
12.8029	13.5149
13.559	12.7308
13.26	12.7401
13.362	14.1871
12.2909	13.8989
14.2566	13.343
14.6862	13.7376
14.6483	14.2624
14.4125	13.4736
13.3827	12.6326
13.8913	13.9253
13.1785	14.7584
14.6176	12.1416
13.2352	12.3945
14.2712	13.156
12.9726	13.6705
13.5977	14.1369
14.8626	11.6958
14.5741	12.842
14.5053	14.0508
12.3719	13.0024
13.7737	13.0826
13.5436	13.4482
12.9645	12.5325
14.0727	13.8183
13.6071	12.7455
14.3141	12.1194
14.7573	12.7821
14.678	12.3332
14.8766	13.8196
14.9633	12.4458
14.6914	14.9514
13.4204	14.7466
14.8234	13.0889
11.9986	14.4892
13.518	12.6961
13.9603	13.3176
13.898	14.9431
13.1577	14.2943
12.7691	14.4054
14.8001	12.6391
13.1559	14.7086
13.8479	14.7881
12.8855	12.6096
13.0022	14.4352
12.7707	11.9325
13.7221	14.0421
11.9839	14.6536
12.3453	12.448
11.9835	14.3847
12.7251	13.5908
13.5071	14.4298
13.2492	13.2875
13.0539	13.2116
13.6874	14.5468
13.9318	13.8543
13.9494	13.7034
12.7375	14.8787
12.4906	13.9622
13.0936	13.2495
14.5072	13.2241
14.4408	13.2511
14.9275	13.6416
13.4998	13.7509
14.3108	14.0335
12.9274	13.925
13.3975	14.1224
13.4898	12.9003
14.5138	14.4686
12.9687	13.2759
14.1953	14.3277
12.4309	13.3859
13.7929	13.111
14.4702	12.367
14.4951	14.8161
12.3217	14.7997
13.006	14.8934
13.2746	13.1761
12.1501	12.5784
13.0316	12.0677
14.5616	14.5221
12.0607	13.2464
12.4906	14.074
13.9103	14.1635
14.3821	14.8786
14.182	14.1763
12.3251	13.6672
12.0956	12.8621
13.044	13.9961
13.8979	14.6304
13.654	14.3722
13.8912	12.3786
13.7429	13.8803
14.375	14.4555
14.8294	13.3997
12.862	13.2756
13.1363	14.8992
13.3117	14.1717
12.627	14.5936
14.3372	13.5727
12.8097	14.4784
12.7311	12.444
12.2038	13.8121
13.4895	14.9341
13.4733	13.3989
13.3015	14.7123
12.385	12.4365
13.5793	13.955
12.6112	14.6244
13.6238	14.4031
14.5431	13.2324
13.8555	14.0122
13.9085	13.0071
13.1632	12.2924
12.703	14.5606
13.2937	12.7363
14.0628	14.2339
14.4171	12.7547
14.5687	14.7979
14.2808	13.2186
14.401	12.432
13.4374	13.8451
12.7024	12.7061
14.2656	14.364
14.515	13.9654
14.1629	14.9802
14.6489	14.5242
12.1086	13.9982
13.3071	14.2599
13.4481	14.5721
14.8572	14.3913
13.3242	14.6354
13.115	13.9932
13.2558	14.2786
14.1608	14.4166
12.2889	11.9912
13.9331	14.8817
13.2592	14.69
14.1348	12.9022
14.5986	13.0006
12.3081	14.6689
14.5726	14.83
12.818	14.5052
12.1045	13.0264
14.7571	13.9128
13.7747	12.7301
13.1463	13.2692
13.3959	13.5182
13.5069	13.2604
13.9276	14.6214
13.4222	14.0848
14.2234	13.5765
13.7793	12.36
14.4345	14.8504
12.0998	14.8006
14.5087	14.8445
12.3544	13.8633
14.4361	13.0478
14.532	13.1291
14.2101	13.3407
14.6296	14.4989
14.7037	14.7241
13.9624	13.1925
13.5076	12.6046
13.5148	13.7758
12.473	13.4349
14.7758	13.9681
13.4934	13.22
14.8031	12.2877
14.0553	12.294
12.5173	13.576
12.5473	12.1899
12.6309	12.4113
14.4714	12.5381
14.6677	13.884
12.772	13.2713
14.2564	13.2372
12.5494	14.3737
13.9712	12.2393
14.9003	12.6636
12.2772	12.2273
12.7278	13.5392
14.0159	13.5485
14.2049	14.01
14.9884	14.0692
13.428	13.6671
13.5376	13.9985
14.5064	12.2684
13.216	13.4768
14.8403	13.0737
14.5982	14.8905
14.498	14.7806
13.7367	14.3496
14.229	13.0837
14.5938	14.7328
12.2738	12.9781
13.647	13.5792
13.3066	12.8161
13.7446	13.3767
14.1199	13.7535
14.8013	13.0702
14.7821	13.7267
14.4705	14.025
12.773	13.9879
14.3606	13.4438
14.9141	14.1954
12.3238	12.7545
12.9664	13.3611
13.5188	14.7694
12.8659	14.8235
13.3062	14.5958
12.7377	13.7182
12.1772	14.8738
13.8325	13.5948
12.5737	13.6663
14.2953	13.8536
12.8162	13.4741
12.8402	12.1004
14.1766	13.3279
13.8695	14.5451
14.4871	14.4712
14.5905	12.4184
14.9401	12.1424
13.5507	12.5256
13.374	13.9722
14.4597	12.4852
13.22	12.5528
13.2636	13.4959
14.1661	13.4009
14.2342	11.9908
14.6924	12.7003
13.1539	14.7681
13.6186	12.3667
13.6226	14.3799
13.4462	14.7604
14.2028	14.539
14.2379	14.1693
12.4972	13.528
14.5594	14.5106
14.4703	14.5311
14.9112	11.9943
13.9762	14.1463
13.1971	13.7366
13.6004	14.329
11.84	14.6317
13.4077	13.3407
14.6492	12.9726
12.0534	13.6893
12.7491	12.1325
13.8491	11.8785
12.5626	13.1771
13.3759	14.7387
12.5916	14.6771
14.272	13.4346
14.3748	14.3407
14.6588	12.5649
14.2596	12.6047
12.8136	14.7679
14.3765	12.2215
14.3413	12.5984
11.9449	12.4497
13.6082	13.6243
14.0453	14.5874
13.1445	12.5878
13.4649	12.9456
14.1813	13.819
14.6456	13.5697
12.1719	12.9121
13.6627	12.597
14.9769	14.1199
