14.7657	7.07073
0.241344	12.327
13.9588	4.98572
14.631	4.33757
14.6201	5.55478
13.3375	5.60805
11.9712	6.19694
14.0947	7.83047
13.6874	3.1078
14.8881	6.29391
14.9851	5.8131
14.4649	3.30196
14.782	5.39327
12.927	4.94169
14.7616	4.81136
14.4671	5.57974
14.9588	7.75056
14.1169	5.20318
13.5232	1.22056
14.1913	4.05205
13.7346	6.98261
14.751	4.75814
14.6114	7.45952
13.5758	3.59775
13.9486	4.65057
14.9477	5.22015
14.7718	3.61425
12.7882	6.56602
14.1506	3.33209
13.9568	3.46397
14.3802	6.56261
14.791	4.25247
14.2372	4.98335
14.9139	4.43013
13.4106	4.45117
12.7884	0.766024
14.1947	3.39311
14.6388	3.90892
14.8914	2.57629
14.3798	2.57639
13.9	3.48435
14.0219	5.19185
13.8797	5.38781
14.6762	3.71926
13.7223	6.58951
13.6436	1.57697
13.5534	3.98005
14.8933	4.56795
13.7551	5.0968
14.9026	5.39672
14.8246	3.44723
14.0466	5.71407
13.6446	4.43382
7.82395	4.03224
14.5299	4.00468
14.935	3.45738
13.3537	5.97924
13.4267	4.62398
14.7077	6.01965
14.426	3.0814
14.9712	4.93283
14.9126	6.144
14.8463	1.33405
14.0958	1.77183
14.9878	5.68038
14.9534	5.72522
14.9495	6.13978
13.9069	2.88588
14.6091	5.68793
14.543	3.50563
5.36741	-1.30735
14.3553	4.45638
14.6023	4.45512
14.4761	4.16451
14.311	6.48685
14.0121	5.85203
14.1077	3.3577
14.2704	3.42384
12.6942	5.02389
14.9929	5.04438
14.4963	2.70055
11.6402	1.21102
14.8486	3.88805
13.5114	4.63448
14.7261	3.91759
14.8982	4.15218
14.0038	2.4339
14.0143	1.99584
14.1604	6.11188
14.9146	4.25838
14.7305	5.26623
14.7696	4.7089
14.8546	5.35016
14.6194	4.32791
14.9502	4.7494
14.775	3.10775
14.4946	3.16543
13.2242	6.59776
14.5016	5.44822
14.5926	4.20346
14.7603	4.96227
9.98274	2.98737
13.9119	5.46998
14.4711	5.09326
13.6768	6.60229
14.5337	6.16342
14.7492	3.69458
14.5413	4.79102
14.8106	5.55925
13.518	4.74625
14.8208	4.44949
14.2534	5.25678
14.1224	4.56608
13.9192	6.08151
14.8405	4.23658
14.827	3.39364
13.4282	1.97184
14.6416	5.14006
14.5677	3.02609
14.3573	6.92922
14.2682	2.41078
14.6867	6.52086
7.94269	1.57299
11.3771	3.22593
14.7595	7.0307
14.7919	3.63177
12.8657	2.19441
14.285	5.31254
14.8453	1.51755
14.7156	7.29285
14.8701	5.60392
14.5359	4.01415
14.4351	2.34243
14.3681	4.04068
14.1096	2.63675
14.9947	2.75089
-4.54216	10.7138
14.9773	4.21833
12.8272	3.49026
14.0631	2.95742
14.8722	5.66782
14.9449	4.39713
14.1072	5.61232
14.3799	3.67594
13.339	5.54498
14.2594	5.56041
13.8969	5.42343
14.4524	6.20348
14.8166	3.37486
14.1815	4.75686
14.9861	3.82073
13.8906	4.34226
13.904	2.08338
14.5323	4.2177
14.6823	3.93027
14.6462	5.88393
13.2794	5.86773
13.8607	3.27983
14.8876	3.9784
14.4387	3.77681
14.4247	5.35249
14.9858	4.91961
13.2992	5.53023
13.772	3.67216
14.0904	4.5722
14.2063	2.86069
13.7392	2.43875
14.6485	5.6456
14.5578	5.76001
10.6637	5.66143
14.265	3.81516
14.9239	1.90782
14.1843	4.01076
14.676	3.48025
13.6694	3.21793
13.989	4.81409
14.977	6.23716
14.2418	2.5019
14.5545	5.83939
14.9905	3.34862
14.8032	2.82588
13.5195	4.30308
14.8279	5.19798
13.892	3.95515
13.4882	5.4653
14.8183	4.52562
10.0546	2.80845
8.75422	-8.75977
14.9925	5.36919
14.8948	5.79208
14.961	3.8546
14.3778	3.15822
14.3836	4.84533
14.0815	3.87413
14.3753	5.15725
14.2847	4.84587
14.9455	5.01147
13.9806	3.61971
14.3109	3.3234
14.5762	3.02304
12.4971	-1.99816
14.9135	5.78716
13.8747	6.59764
14.1857	5.45453
13.1504	4.33488
13.6911	5.96533
14.8512	3.66575
13.1173	5.38155
13.7239	4.36125
14.9488	3.36277
14.792	3.59058
14.6986	4.07434
14.7283	3.48714
14.2664	6.01672
12.891	4.98932
14.1118	6.00629
14.9253	2.88766
14.0448	3.19925
14.993	5.88165
14.2778	5.40221
13.8237	4.30765
14.4406	2.89825
14.4116	4.77663
14.0495	6.3548
13.2234	2.18657
14.759	2.64591
14.6235	4.30366
14.6975	7.65445
14.7662	3.96884
14.2742	6.30799
14.2961	3.13881
14.9779	4.88008
14.7401	6.16064
14.2178	4.3124
10.0007	4.01509
14.6894	3.92049
13.8963	3.93312
9.52544	5.96744
13.835	6.03231
13.5339	5.05421
14.8673	3.79514
14.2206	1.57118
13.8697	-1.3575
14.9525	5.5873
14.6364	5.43393
13.9445	3.17827
14.8312	7.74257
14.8017	6.06563
14.9851	2.97579
14.6589	4.19666
14.7864	5.0395
14.1938	6.49234
1.70391	-7.40995
14.0465	4.47313
14.8562	5.18934
14.796	7.44929
14.8568	3.65898
14.8375	6.75518
13.5714	6.67794
14.841	4.9821
14.4117	5.5538
14.7048	4.54008
14.3254	4.92527
14.6996	2.81975
14.8648	4.52139
14.9052	6.13687
14.8727	-1.83911
14.123	4.65642
14.0839	4.82973
14.7952	4.71368
7.90908	11.7674
14.5715	4.34849
14.3093	9.16219
7.88209	-1.87065
13.7221	4.17667
11.6145	4.3415
14.5321	6.11168
14.5861	5.67136
14.2883	3.17723
14.9128	4.26339
13.9682	7.41638
14.2465	6.36248
13.7068	3.90285
13.7969	1.78412
14.1051	5.33581
13.5831	5.29806
14.1619	3.28362
14.0578	3.5267
10.473	5.22971
14.6571	4.6318
14.3345	3.06211
14.8117	4.98037
13.661	3.87504
5.21092	5.89575
13.8863	2.99472
14.2612	4.86663
14.4834	4.2854
14.4658	7.02747
14.5662	3.92889
9.70623	9.49792
14.9132	4.0497
14.5858	4.19538
13.0949	3.90664
13.3594	3.1683
14.469	5.13831
14.6063	6.07462
14.0666	4.00929
14.8439	5.96364
14.7995	9.21452
13.5231	5.42081
14.722	5.29977
14.9686	7.26756
14.9015	6.68556
14.8382	3.05177
14.6161	7.0328
14.9844	6.1307
13.6837	4.37434
14.7514	4.79117
12.7971	4.12336
14.2295	6.02679
14.6933	4.30901
14.4153	2.53112
14.9998	3.52191
14.4893	5.49646
14.0767	3.23418
14.0901	4.80786
14.6929	3.68773
14.127	4.14776
14.4548	6.64771
13.8964	4.85283
13.7251	4.25639
14.7661	5.29587
14.7804	4.25785
14.2562	4.21949
14.3276	2.94055
14.9101	6.00317
13.2736	9.32056
14.4805	3.97346
14.9952	3.40122
14.6725	7.45401
14.4214	6.69039
14.1397	5.44616
14.6484	4.26823
13.9822	3.01331
14.7297	2.37889
14.903	2.55824
14.8415	5.55303
14.9133	2.00185
14.925	7.17107
14.3899	4.919
14.2786	3.29914
14.8477	6.92291
14.6016	3.95195
14.732	6.51548
14.9824	4.46526
13.8129	3.99523
14.6138	3.2262
14.3697	4.25545
14.7108	6.76475
14.8848	5.00148
14.8117	2.85788
13.8825	4.62808
13.7174	8.73401
14.9181	5.25178
14.75	4.93182
14.8915	5.59874
14.4153	3.86829
14.8702	3.11604
14.7031	5.09698
14.9561	3.36311
14.8298	5.56048
14.7896	4.88276
14.9851	4.75336
14.9823	7.13383
14.7179	4.26364
14.9333	6.4885
13.1345	1.89775
14.8646	6.35489
13.4954	3.40104
14.1631	4.51688
14.5323	4.77528
14.4533	2.2401
14.2619	3.26804
14.3871	2.37337
14.7421	4.4521
13.9437	4.68913
-5.43506	-0.29532
14.9031	6.60806
13.8566	5.08479
13.6952	3.24085
14.7217	6.56354
14.5104	3.29293
14.4019	4.98802
14.9418	5.29378
14.4926	3.26514
14.9576	5.78616
14.4259	4.65818
14.7666	2.35051
14.857	4.48786
14.7178	4.45876
13.7149	4.59168
13.5978	2.01917
14.9288	5.53466
14.0879	5.82792
14.8837	1.97586
14.7124	4.77215
14.7214	3.58888
14.8062	8.07513
14.6769	7.04905
14.233	4.23204
14.4423	2.19179
13.4496	6.96146
14.5278	4.17444
14.2097	5.40142
14.7985	4.93454
13.0857	2.94072
14.8837	3.38984
14.7894	3.74259
14.9478	3.5958
14.5343	4.669
14.9426	2.82389
13.6204	3.57426
14.9426	4.44486
13.4903	3.11262
14.6328	2.21942
14.746	6.20896
14.1775	5.24854
14.9103	4.35514
13.7229	5.25787
14.3067	4.02468
13.8955	3.44727
14.3081	3.89914
14.8113	4.62726
-1.71453	-4.13058
0.787158	0.192628
14.4843	5.66031
14.6855	3.29533
14.9868	4.87346
14.794	2.15129
14.7419	4.17729
14.7784	5.91517
13.3532	4.12035
14.62	4.48046
14.2981	5.37031
14.1889	3.52631
14.0544	5.69056
14.473	5.98151
14.6592	4.53136
14.872	2.83845
14.3622	3.53613
14.7181	4.17206
10.9505	6.71466
14.7551	5.55329
14.8032	4.57617
14.6369	4.24576
13.9737	4.17704
-2.90579	-14.7471
14.0695	4.54464
14.8109	5.27447
14.5342	5.48098
14.556	4.57111
14.5463	5.58428
13.9416	3.52999
14.6095	5.55622
12.678	7.50041
14.4035	4.49381
13.9388	3.36671
14.8679	7.59293
14.1841	1.52159
13.6578	4.89655
13.9119	5.71485
13.6764	4.30083
14.767	3.12479
13.8712	5.27603
14.6937	4.22823
14.9935	4.2541
14.28	2.48119
13.9175	4.32593
14.9445	5.35013
13.9533	3.36764
13.9702	-4.86926
14.8855	6.14162
14.338	4.01837
12.8752	3.9606
14.508	4.78417
13.5889	3.69779
14.139	1.14614
14.6798	5.42095
13.7504	3.92277
14.7268	5.43748
13.1858	9.35748
14.6732	3.87617
14.8049	6.91481
14.3676	4.42254
13.8703	3.90526
14.9192	3.47849
14.3372	4.97958
13.5557	6.85928
14.9686	9.25284
14.4783	4.27354
14.5294	3.98707
14.1476	5.13824
14.2621	3.85121
14.2119	3.50702
14.9705	5.32616
14.7962	3.38217
14.4555	4.13639
14.222	5.36291
14.4834	4.83177
13.6478	5.90465
14.6997	3.21072
14.0745	3.3815
13.8393	3.1898
14.4473	4.50383
14.7683	5.26226
13.6303	7.98037
14.959	3.02571
14.5091	1.82332
14.4806	3.21121
14.5339	5.1476
14.8456	5.7177
14.5343	6.52307
13.9719	3.2822
13.8239	3.62629
13.3789	4.28956
14.5002	3.94931
10.7091	12.3129
13.3256	2.34594
13.8032	5.84341
14.0452	1.65166
14.5468	3.72482
14.2351	4.52175
14.7347	5.29692
14.8768	2.78532
9.39345	4.36105
13.8299	7.76718
14.626	5.27123
14.3418	5.45111
9.5416	7.24303
14.9072	3.02838
14.6926	3.76566
13.8552	4.75613
14.595	5.15259
14.3786	3.46836
11.0606	6.59342
13.4431	3.86088
13.4654	5.93703
14.3797	2.53461
14.7837	3.05746
13.8396	2.18268
13.7849	5.04778
14.8121	5.52221
14.0539	3.23093
14.5698	4.15764
14.5359	6.52587
11.405	5.97982
12.9448	5.97029
14.8043	2.78327
14.6201	6.4089
14.6616	2.70686
12.6349	2.46856
14.5845	3.73779
13.021	5.31365
14.9733	3.94803
12.1288	3.2186
14.9116	7.53686
13.4083	3.79378
13.8273	3.56926
14.9866	2.86596
14.0411	3.38456
14.7951	4.56989
14.9519	4.13509
6.67969	10.4616
14.1809	3.37841
14.3969	3.72847
14.3781	5.31896
14.6755	4.12799
14.2191	3.41575
7.28559	4.76937
14.9493	6.71387
14.5963	3.70924
14.7804	4.74642
14.8685	4.18907
14.8715	4.59893
11.6738	3.69452
14.7559	4.7431
14.9768	5.99887
13.5851	3.74175
14.4677	7.38271
13.865	5.39618
14.4229	6.00406
14.913	2.87834
14.332	5.39673
13.8826	6.00488
13.2225	4.69813
9.08678	10.8005
14.9571	3.64604
14.4479	7.64361
14.9442	4.91798
13.2514	4.76714
3.8621	5.68359
14.7667	4.33473
14.3281	5.36233
14.8921	2.20553
12.536	10.5329
14.8973	5.7022
14.4916	4.12332
14.7453	3.95443
14.2471	4.98732
14.1502	5.15218
14.8589	2.62155
14.7555	5.01516
14.6342	4.86022
13.8097	2.6366
14.2505	6.00742
14.1383	5.29599
14.541	4.11648
14.9343	4.40848
14.3634	2.49204
14.4911	3.42324
14.9458	4.13422
14.6853	6.27774
14.6568	4.90384
14.5721	6.40166
8.60271	0.733854
14.8883	5.47947
13.7384	6.01246
14.8557	4.34536
14.2751	5.59001
14.5543	2.5036
14.6432	4.9114
14.9172	2.77709
14.7267	4.16235
14.9503	4.23889
14.4875	4.34198
14.9914	5.7395
14.9634	5.34514
14.2257	5.20597
13.6055	3.75774
14.7005	2.47295
13.4266	3.67418
12.7575	5.88498
14.5795	6.51966
14.3737	5.22542
14.2127	4.18463
14.5671	5.60034
13.9607	5.70759
14.772	5.8429
14.9224	4.27664
14.6182	4.91509
14.919	5.90975
12.3081	8.31287
14.2972	2.7688
14.3397	4.12332
2.39835	-0.829675
14.5586	4.21498
14.8924	4.43045
14.1741	3.57574
14.5416	3.8503
12.3267	7.9625
14.7674	4.65275
13.7798	3.18976
14.5623	3.41268
14.865	4.05235
12.6963	5.33431
14.507	3.08958
14.6053	3.75583
14.9869	4.95675
14.7312	5.87506
14.9249	4.26201
14.9473	4.73764
14.7526	0.76582
14.4895	1.76483
14.7397	3.47102
14.4336	4.54404
13.2358	2.04862
11.2903	10.3897
7.49752	-7.20101
14.4649	2.87585
14.6703	5.28837
14.4911	3.19975
14.1021	4.02761
14.624	6.00261
13.458	3.39976
14.7633	4.17353
14.9242	3.64154
14.5787	4.26709
14.7893	2.51943
14.4187	3.46936
14.8023	4.10182
14.8592	1.42343
14.3735	3.20274
14.5724	4.23548
13.5076	4.98773
14.1218	3.66949
13.3124	5.49475
14.1414	5.8428
14.1461	1.67282
-12.2147	4.97707
11.8909	-1.26389
14.8723	3.82401
14.6691	5.05087
13.6077	5.0201
14.6954	4.29092
13.8594	3.37875
13.9617	4.93848
14.3213	2.50186
14.3619	5.3504
14.5382	3.42917
14.6021	6.14986
14.362	5.98294
14.1515	4.18056
14.0219	6.12204
14.0619	1.83483
14.3699	5.37375
13.6432	5.11194
14.7048	4.74816
14.6815	3.4052
14.8229	5.76026
14.531	5.53729
14.6278	2.70118
14.7257	3.89976
14.1927	3.77301
13.5297	4.50044
13.9961	3.89691
13.5026	3.32161
14.2196	2.45953
12.8435	3.09772
12.4385	3.20699
12.9518	1.87803
13.7365	5.98422
14.3428	3.4595
14.21	5.51694
14.7043	7.08481
9.46622	4.58172
13.8227	4.6757
14.6602	4.33551
14.6832	5.79778
14.9822	4.66733
14.1261	6.19374
13.6464	6.94245
12.4345	4.95961
13.4276	4.75137
14.1625	3.00587
14.6923	2.05876
7.52578	12.3484
14.4972	5.63179
14.3027	3.83243
14.9047	4.2648
14.3546	2.4442
14.4631	4.65723
14.9644	1.99119
14.1042	2.7502
14.2457	2.25913
14.0603	4.40307
14.7192	2.26607
14.9279	7.48703
12.9239	8.03318
14.6415	3.57122
14.8284	5.25808
7.35919	-12.6409
13.9374	2.55438
-2.35999	5.30419
10.1071	-11.4981
14.9577	5.26267
14.5689	2.67356
14.8718	5.66321
14.1423	3.67362
14.9806	3.74069
14.3454	3.65928
14.856	5.43583
14.4086	5.16192
14.7478	3.96833
14.304	4.3664
14.3504	3.94739
14.8169	5.90528
13.7408	4.46393
14.715	2.58649
14.9102	1.986
14.8556	3.47996
14.5652	4.7313
14.772	3.69183
14.1759	1.52071
14.1576	3.14066
14.4495	3.18024
14.1272	4.11109
14.0425	5.46215
14.8109	3.36367
14.8132	1.65537
14.7242	3.57112
14.9834	6.67709
14.2006	3.82831
14.94	6.56848
14.7665	3.04116
14.5576	3.08629
14.1321	4.17775
14.4746	4.33252
11.5637	7.23758
12.2276	5.94081
14.1654	6.23219
14.4769	3.58732
14.7113	3.15759
14.6126	3.43986
14.0994	3.98463
14.152	3.24189
13.7274	5.77741
13.7286	5.74448
7.5003	3.56939
13.9899	3.03998
14.1145	5.77328
14.7448	3.56822
14.6539	3.50363
14.6718	6.22915
14.1594	4.075
14.6153	6.97124
14.5289	3.02941
14.6831	1.39013
11.9161	5.28018
14.7664	6.91032
14.1418	6.27282
13.3134	4.02837
12.8954	2.72899
14.7318	3.6131
14.252	4.33948
14.1997	3.70418
13.4937	5.75028
14.5798	2.55696
14.1847	3.20834
13.6419	9.38139
14.0263	3.84735
5.07793	-12.2698
14.4485	4.89452
14.2186	6.88958
14.8634	5.80319
14.5483	0.436015
12.6553	5.17972
14.9889	4.22153
14.568	2.63555
14.7122	4.49415
13.2914	3.7303
14.902	5.99246
13.81	5.90929
14.8746	4.74917
14.1485	7.77239
14.0728	2.74495
14.9496	6.23998
14.9462	5.02862
14.4947	5.3966
12.8808	3.51357
4.65646	1.77954
14.2693	6.5017
14.376	1.99009
14.6906	4.17293
13.9221	3.32016
14.7302	5.51777
13.6803	5.84867
14.6133	4.75663
14.4049	-0.185714
14.7915	4.03173
14.6522	5.7495
12.2472	2.85426
8.71448	2.20855
14.9406	7.36859
14.8763	4.83841
13.5433	3.78621
13.7635	4.05481
13.6217	4.37718
13.8152	2.51586
14.6822	5.26271
13.7247	3.53553
14.7195	3.98305
14.426	5.2332
14.3686	2.93094
14.3222	4.69125
14.4056	4.25423
14.3268	3.47966
14.8692	3.94168
14.1787	4.05006
14.1429	-14.3411
-4.2109	6.5444
13.6279	2.83273
7.65095	-14.3614
14.7621	6.5666
14.4342	5.02458
14.5437	3.58527
7.71997	8.45474
14.4657	6.09415
13.6981	4.38149
12.5767	2.46515
14.7472	5.73967
14.9993	5.14731
4.77946	0.530315
14.6703	3.73451
13.7988	2.43819
13.958	5.88746
14.6854	5.36913
14.445	5.54796
14.6302	3.50083
14.0623	5.44703
14.1648	5.80371
14.8985	3.99613
14.5138	0.956421
14.8682	6.60616
14.9129	7.63197
14.5641	5.10858
14.8368	3.17179
14.9562	3.93128
13.859	4.27271
14.9206	5.82646
14.0617	7.24808
14.7851	4.4142
14.9571	4.70685
13.7063	6.17602
14.8512	4.13711
14.1764	5.97775
13.3448	7.59759
14.7992	4.54838
14.9629	3.59114
14.263	2.20837
14.7413	3.35264
14.9648	5.3345
14.9624	3.14588
14.9962	7.01154
14.889	3.60338
14.2212	4.26027
14.4071	6.22354
14.1943	4.69113
12.7587	3.45735
13.6244	5.78711
13.0999	6.33529
14.6185	3.84058
14.4998	4.55558
14.7322	3.01195
14.234	6.01964
14.5032	4.50261
14.982	6.87995
14.9322	2.12388
14.0319	5.671
14.9236	4.10023
13.7693	6.09116
14.7823	5.4974
14.2644	2.47361
12.689	4.25459
14.9325	7.57233
14.989	4.42549
14.0872	6.10414
13.8748	6.5932
14.2755	5.65346
14.0452	6.92214
13.7892	4.00945
14.5857	5.21172
14.8705	3.78809
14.77	5.01525
14.4764	1.19536
14.7341	7.5091
13.358	5.81126
14.9978	4.55666
14.487	6.18056
14.5003	2.89774
13.7526	5.64403
14.1805	4.01154
13.801	3.46455
14.3572	5.97329
13.3888	0.892937
14.5966	3.37902
14.7083	4.63506
1.84477	3.34428
14.5914	4.30664
13.5927	3.10498
14.9839	5.68364
11.9561	4.24344
14.2469	3.33314
14.8726	4.85771
14.9501	2.97661
14.1048	4.45404
14.7357	4.02975
11.4781	5.90852
6.19446	1.60814
14.7248	3.21552
14.8835	3.08745
14.3502	1.93397
14.7906	4.77371
14.9896	4.61094
14.7804	2.67399
14.4107	3.68873
14.9883	3.69411
14.7967	5.2981
14.3822	3.69213
14.7549	5.54805
13.287	5.9045
14.1584	5.35586
13.6832	2.41141
14.8442	6.15777
13.9422	3.13665
14.8202	4.64864
10.9075	6.98029
14.2528	4.30563
14.487	5.78039
13.9678	5.64591
14.5881	7.19156
14.988	5.26903
14.1913	3.2697
14.1129	3.31082
13.6261	5.19425
14.4621	4.53241
14.1334	2.68868
13.8365	3.09222
13.2781	4.3293
13.1006	-1.04144
14.2897	5.73029
14.727	3.07122
14.1085	4.30549
14.3849	5.18519
13.5527	1.7924
14.1568	6.01645
14.2858	3.87417
13.6397	4.42895
14.9743	5.44425
14.8381	5.61616
14.5393	5.55535
14.8727	6.43473
14.9314	4.62527
14.9097	4.62091
14.1281	5.42514
14.6283	5.23695
14.4621	1.44802
14.179	5.42498
14.7544	4.7023
14.0729	5.09514
14.8306	3.85456
14.1849	5.99992
13.919	6.27298
14.1578	3.5966
14.1194	7.55207
14.9534	3.12853
14.2395	5.78968
14.4776	5.24962
14.2206	3.78057
14.8206	5.54683
14.9811	5.11228
14.9901	4.59207
12.6826	3.92606
13.7133	3.97901
13.3574	4.03652
14.5262	3.44458
14.1821	4.35842
14.1773	4.08615
14.9643	6.91591
14.8105	5.63046
14.2495	5.50204
12.0332	6.15271
14.3858	5.63157
13.4277	-3.76885
14.0373	-0.646378
14.7095	2.99225
14.835	4.60768
13.9754	3.3742
14.2525	4.99855
13.1627	2.95456
14.9829	3.24071
14.5091	1.95406
12.2109	3.5665
14.8639	5.29882
14.821	-0.0534856
14.467	4.0661
14.9719	5.39457
14.2408	2.45225
14.7316	5.3188
14.8433	7.10933
14.2364	5.36523
12.2184	-0.195828
14.8559	5.05056
13.7918	2.5759
13.3845	4.53441
14.6881	3.31432
14.7913	4.99109
13.392	6.186
-0.244249	-1.46081
14.9902	3.48109
14.8853	3.93789
14.7336	2.68121
14.797	2.78807
14.7689	5.70255
6.50272	3.4389
14.3157	1.66425
14.5068	7.29665
14.1151	4.56543
13.2956	4.07526
14.6971	3.60113
14.4223	7.49303
14.8717	4.05021
13.2624	5.26795
11.9289	4.9592
13.537	1.89739
14.9889	5.699
14.3151	6.36612
14.5944	2.50844
14.439	3.86552
12.1367	1.45192
14.4192	4.92784
11.904	3.96447
14.9997	3.66361
14.5766	3.3527
14.7441	7.32592
14.0986	4.38653
13.208	2.04719
14.939	3.80371
14.865	2.9081
14.0367	1.92012
14.554	6.71437
14.6797	3.80661
14.2965	2.81208
12.4255	-8.53819
14.7981	5.7081
14.5057	5.31999
14.6309	8.23244
14.9116	3.33705
12.3303	5.3408
14.6545	3.03897
14.287	2.42782
14.3996	6.44434
13.1388	6.05586
