-2.74689	14.9595
-3.67044	13.5085
-2.30051	14.8917
-4.93415	14.2652
-4.85247	13.9964
-4.54132	14.3927
-4.89385	14.0288
-2.66637	12.7237
-5.48007	13.2399
-4.24588	13.3795
-5.72088	13.1822
-4.03593	13.4275
-5.21921	13.9108
-5.55806	14.3322
-4.03423	13.5069
-3.94289	12.7746
-3.22869	13.9614
-5.36146	14.1018
-5.34566	13.8801
-4.95299	14.8981
-4.30381	12.834
-3.46483	12.2308
-3.04941	12.5922
-3.33062	12.8031
-3.23113	13.5084
-3.86047	14.1756
-3.67401	12.9543
-2.90039	13.5046
-4.86482	12.7671
-4.93015	13.8301
-3.33426	12.9239
-4.14429	13.5106
2.46373	14.2464
-3.31373	14.0208
-5.12297	14.3912
-5.61665	12.638
-3.1175	12.0582
-4.20876	13.941
-2.3215	13.9735
-3.9425	14.6464
-3.2394	12.215
-5.32733	13.1188
-4.20973	14.1968
-3.31255	12.3485
-2.84118	12.6402
-4.38727	13.7746
-4.22819	13.0174
-5.93102	12.3722
-4.42114	13.8408
-3.56184	14.2965
-4.19085	14.0885
-3.83726	13.7836
-4.28224	12.7502
-2.66325	13.5664
-3.40337	13.509
-4.39524	14.6159
-4.00767	12.2362
-2.88681	14.6453
-4.69237	14.9704
-5.36017	13.6086
-3.00026	14.5795
-4.98671	13.198
-3.3664	13.8167
-3.0528	13.9805
-3.90514	14.053
-5.09444	12.9313
-3.92006	13.295
-3.57312	12.9271
-3.82476	13.7939
-5.09168	11.8273
-3.93664	14.7202
-5.76668	13.9655
-4.53416	13.201
-3.39715	12.4331
-3.44454	13.8947
-5.81594	14.5038
-3.24791	14.3204
-2.47783	14.7627
-2.76746	13.0721
-1.51899	14.8459
-3.46441	14.2969
-4.85871	12.3142
-5.30599	12.348
-5.15749	14.3843
-3.85742	13.5682
-3.94675	13.971
-0.083965	13.0519
-3.66329	12.7213
-4.79447	13.7233
-4.0525	13.1825
-5.03576	14.2234
-2.96407	14.6529
-3.73217	14.4952
-3.70575	14.7145
-5.40405	14.627
-4.85469	14.5923
-2.28105	12.3976
-5.04678	14.0029
-3.22702	12.614
-5.094	14.1977
-3.33847	13.5626
-5.94851	11.9134
-5.69078	13.7865
-1.19269	12.3678
-4.89866	14.5362
-3.38696	13.3349
-3.31253	13.0872
0.0151197	14.1044
-3.85396	14.697
-5.6958	13.2769
-2.91759	14.3439
-2.21903	14.4493
-5.27491	13.8809
-2.99218	14.2177
-4.1726	14.8762
-5.22235	14.1573
-5.1324	13.8843
-3.27457	14.0371
-2.55264	11.8685
-6.27358	14.3371
-4.46282	14.7055
-2.85232	12.5453
-5.49047	14.3564
-3.0326	12.8812
-3.69988	14.432
-3.91053	12.4299
-3.08478	14.4737
-4.12755	14.2215
-4.18476	13.9684
-5.41892	14.7766
-4.88096	13.0173
-2.65986	14.3426
-2.27929	14.2831
-3.31927	12.475
-3.47428	13.5388
-3.51428	13.7835
-3.8852	13.6758
-1.89685	14.9695
-4.80908	13.5785
-2.25265	11.679
-4.86789	12.8456
-1.27016	14.4808
-4.83888	12.572
-2.7556	13.9717
-4.6991	13.8357
-5.01396	12.8339
-3.30353	14.8435
0.605466	8.48883
-4.29951	13.3187
-3.11103	14.0159
-2.27251	14.7884
-4.8277	13.4574
-2.34985	13.2412
-3.39187	12.9603
-4.10282	13.7635
-3.51642	13.5938
-5.7479	12.4026
-5.19427	13.9672
-2.27667	13.9815
-3.95716	13.7434
-3.73736	13.9834
-2.96252	14.9499
-5.03895	12.023
-3.08772	14.8643
-2.939	14.779
-4.23913	12.5109
-3.6036	14.3686
-3.50846	13.4191
-5.1081	14.8707
-2.41507	12.1171
-2.02073	12.7712
-3.79154	13.9654
-4.71789	14.3013
-5.97333	13.1941
-3.87615	13.6556
-4.30333	13.2163
-4.83857	12.1085
-2.59642	11.4512
-5.39782	12.4368
-5.46331	13.0054
-4.34536	12.8953
-5.5582	14.5209
-6.04559	14.7991
-2.47889	14.743
-4.21446	14.5867
-4.64175	13.2237
-3.27274	12.8235
-3.73701	14.9553
-5.79832	14.001
-3.49898	14.0248
-5.2978	14.2044
-2.18132	14.2253
-4.33798	13.1744
-3.38602	14.0895
-3.9229	13.404
-2.29435	14.1021
-4.26099	14.2548
-5.79684	12.3643
-5.87371	14.6201
-5.72551	13.5814
-4.32529	14.7467
-5.68393	13.6244
-3.62775	14.6097
-5.20761	12.8768
-5.58823	13.6464
-4.46238	12.8453
-3.57574	13.0999
-4.11175	12.9085
8.69121	5.89875
-3.80173	12.1037
10.4648	4.97691
-4.36509	14.2855
-1.4734	14.2866
-3.82345	12.978
-4.27291	14.7313
-5.08176	12.7337
-5.58733	14.8356
-4.33451	12.6736
-5.43657	13.8073
-4.44017	13.8068
-2.11336	13.3798
-4.35757	12.2359
-4.30279	13.8173
-4.75413	12.0725
-5.38058	14.1612
-3.49719	14.6968
-3.53494	14.5532
-4.10641	14.9003
-4.75846	13.5755
-5.51168	13.5659
-4.73199	14.6143
-6.05687	13.1468
-2.57124	14.0457
-3.90857	13.984
-5.55265	13.5938
-2.65471	14.9353
-2.79873	14.9833
-5.29066	14.3995
-3.35717	12.808
-4.64884	13.542
-3.41192	13.7498
-3.30865	12.4997
-5.78243	13.0021
-2.84692	12.9067
-3.51949	14.0389
-3.02934	13.5893
-3.64232	13.021
-4.85865	14.6018
-3.95566	13.7383
-5.89652	14.0846
-5.5814	13.4139
-1.33747	12.8845
-2.19401	12.2403
-3.99123	14.342
-4.32102	12.8631
-3.55009	12.3651
-5.12524	13.5435
-0.30822	8.36721
-3.7666	13.9082
-2.80351	12.1519
-5.07892	12.503
-5.04708	13.2293
-3.49805	13.6326
-3.08957	14.057
-3.99547	14.1151
-3.97349	12.9517
-3.92323	13.1771
-2.83384	14.0521
-5.17387	13.8216
-2.8829	13.8041
-4.01788	13.8539
-5.97757	14.1608
-5.23796	12.0002
-1.18679	11.9065
-5.88819	12.1685
-4.64249	12.0868
-3.7962	12.1291
-3.74532	12.7351
-4.26448	14.3764
-3.27027	13.6149
-4.39537	14.9163
-4.11937	14.0058
-5.38029	13.0899
-3.96124	13.4768
-5.1233	12.4973
-3.69805	14.2467
-3.93491	13.5112
-3.08113	12.4424
-5.14364	14.1507
-4.31164	13.7775
-4.81508	12.5029
-4.74663	13.2353
-5.62455	12.43
-2.00331	12.9683
-3.2432	12.3792
-3.13073	14.8244
-5.61779	14.9128
-4.87868	13.0638
-5.67035	13.4049
-2.96589	14.2927
-4.12699	12.9961
-3.04798	13.787
-6.13395	12.634
-5.24646	13.0324
-3.52759	13.0352
-5.08557	13.7024
-2.14116	13.9911
-2.25944	14.4268
-4.27637	13.7958
-4.3525	14.9997
-4.51526	14.2116
-5.40907	12.5133
-4.8087	14.3826
-5.99216	13.3792
-4.70744	12.4583
-3.23849	14.7294
-2.66539	13.1789
-3.59632	13.0412
-4.22178	14.8814
-5.74939	14.5241
-3.47775	12.6922
-3.87834	12.3546
-4.60967	14.4648
-2.9822	14.9871
-4.85225	14.0763
-4.02829	13.8199
-4.44613	13.0403
-4.09699	14.393
-5.24195	14.9239
-5.45817	12.131
-4.2943	14.4482
-3.49104	13.4849
-3.96427	13.8053
-4.85656	14.7731
-3.33567	14.2487
-3.93583	14.0794
-2.97438	14.2038
-3.92116	12.9874
-3.81013	14.9468
-3.03053	13.4958
-4.56672	14.4992
-5.0156	14.6578
-5.52047	14.6493
-5.28659	14.068
-5.24593	13.714
-3.92241	14.9033
-3.82671	14.9503
-4.14382	14.3341
-3.52832	12.5033
-3.35036	12.1947
-3.27181	13.9415
-4.28524	12.9011
-3.75629	13.2911
-5.77964	14.5611
-5.19722	14.3627
-3.39933	13.8649
-4.06666	13.2947
-4.7196	14.6038
-4.74875	12.1661
-2.71277	13.0502
-4.19181	14.1147
-3.72487	14.3147
-3.16377	13.4664
-2.6508	13.7462
-3.36105	14.487
-3.02764	12.3691
-3.53873	12.7591
-4.3644	14.5377
-4.30147	14.3557
-4.18213	13.4592
-2.5243	12.5987
-4.36147	14.3012
-4.5353	12.6597
-3.00844	13.995
-3.09858	12.1896
-2.77708	13.428
-4.47403	12.9623
-3.16175	14.8375
-4.83921	14.863
-5.23999	14.9414
-3.08422	14.2872
-3.73097	14.1022
-4.19483	13.4009
-3.13796	14.1732
-4.00484	12.6791
-4.50059	12.7088
-3.51973	12.3844
-4.14241	12.1615
3.11859	10.9561
-5.46705	14.7709
-4.64988	14.42
-3.88659	13.9222
-5.6112	13.1355
-3.8921	12.5351
-3.6694	14.5042
-4.60681	13.085
-5.41356	13.5181
9.13325	14.96
-5.12544	12.9088
-4.3467	12.5547
-3.10664	14.118
-5.35596	11.9653
-4.96222	14.6529
-5.38434	13.481
-3.30416	12.6661
-4.33425	14.3143
-5.55602	13.1237
-4.23957	14.6555
-5.96538	12.1274
-4.29106	12.9551
-4.52011	12.6969
3.10061	11.7418
-4.19909	14.3214
-3.3157	14.3241
-4.22328	14.7819
-6.03914	14.3254
-4.4187	13.3851
-3.76634	13.457
-4.07666	13.95
-4.41399	13.8476
-2.65737	13.0482
-5.58167	14.0508
-4.4811	12.3697
-4.19993	13.3287
-5.34856	14.5801
-3.55715	14.2282
-3.50987	13.9289
-4.3574	14.6905
-4.9391	14.7899
-5.75092	13.7338
-5.6322	12.7614
-5.45796	14.8195
-3.80858	13.6615
-3.47914	12.1818
-2.94129	13.8764
-5.67668	12.9583
-3.8934	14.0218
-2.95525	13.7434
-5.14466	13.3664
-2.55752	13.7333
-4.56486	12.5192
0.694275	13.8481
-4.62707	12.2463
-4.61471	13.8679
-3.67133	14.5024
-5.25623	13.1736
-5.88682	12.7251
-4.63311	13.533
-3.25789	14.16
-5.17284	13.9449
-5.59874	13.0589
-4.12391	13.9973
-3.36292	12.5383
-4.87139	12.8183
-3.14932	12.0304
-5.14568	14.2046
-2.09566	13.4108
-4.98727	14.3285
-4.8004	13.5996
-3.04537	14.6782
-5.88552	13.1901
-3.27934	13.0517
-5.6742	14.1022
-5.77198	14.1248
-4.88603	13.2591
-4.3092	13.5049
-4.13732	12.3254
-4.83702	12.9986
-5.06625	12.3335
-4.67618	12.993
-5.30397	12.5079
-4.65845	14.8418
-3.45332	14.7956
-4.85778	12.8795
-4.75049	14.6655
-4.24328	12.7159
-3.83061	14.9041
-3.60578	12.9797
-5.67801	12.9599
-2.5515	12.0658
-3.59021	14.3445
-3.25373	13.9224
-5.0356	14.1861
-3.91059	12.6709
-3.67566	14.6702
-1.6603	14.0662
-3.21318	13.6677
-4.96164	14.4785
-4.13015	13.4697
-5.05354	12.0997
-5.3697	13.2417
-4.31328	12.3065
-3.58364	14.3773
-2.76209	12.9573
-4.97498	13.9294
-2.47006	13.9039
-3.38744	14.9085
-4.02076	14.684
-3.02654	12.7699
-5.9601	12.4056
-5.07309	13.1739
-3.18295	12.8571
-4.46282	12.2955
-3.54101	14.2395
-4.65215	12.9098
-2.06575	11.3741
-5.36608	12.7051
-2.51991	14.722
-4.68461	13.634
-3.54314	13.8503
-5.29711	14.3829
-3.75591	12.1367
-3.19066	14.4044
-4.64566	13.7829
9.59936	3.40338
-4.22614	13.3106
-2.9728	14.7366
-4.4824	14.845
-3.79537	14.9198
-4.56685	13.9384
-4.96822	14.2405
-4.38972	14.3056
-3.26706	13.8353
1.77406	-7.19978
-4.33964	13.6726
-2.32566	13.7032
-3.34865	13.5687
-2.70647	14.654
-4.55974	13.9016
-5.44738	13.6364
-1.97184	13.1026
-3.9355	13.917
-3.20492	12.4129
-3.87926	13.3398
-5.32196	12.843
-4.49492	13.7384
-5.40761	13.9801
-5.91072	13.0461
-4.53093	12.6042
-1.97715	12.8145
-3.96879	14.6261
-4.88082	13.1314
-5.71574	12.6081
-2.80824	14.2953
-3.69151	14.9835
-2.8908	14.9964
-3.20646	12.4888
-3.63424	12.5923
-5.5543	13.1065
-4.88453	14.4543
-5.43546	14.3141
-6.01925	13.1365
-4.90448	14.5081
-1.97813	13.6586
-2.62048	13.1437
-2.33856	14.0919
-4.16757	13.9355
-5.01879	12.4301
-2.81266	14.3772
-5.15934	12.9463
-3.25554	13.1103
-4.36035	14.4141
-0.800294	14.6902
-3.96975	14.1761
-4.26971	14.3417
-2.25471	9.72006
-4.11059	14.0799
-2.12973	14.2418
-3.58262	12.2933
-5.12313	14.3388
-4.33281	14.1925
-3.73971	13.6846
-3.39785	14.8899
-3.99837	13.1344
-3.37474	14.8033
-3.1966	13.2713
-4.495	14.8118
-3.86721	14.2154
-3.70578	14.8436
-3.34957	13.3506
-6.04544	13.4214
-4.09278	13.1942
-3.21181	12.3862
-4.91539	11.9425
-0.837933	11.394
-3.03386	14.1494
-3.60121	13.2968
-4.31248	13.6913
-3.27046	12.9032
-3.5125	12.8093
-4.16663	13.4012
-5.85145	12.4046
-3.17108	13.6858
-5.26446	14.1808
-4.73912	12.4876
-5.39553	14.4682
-3.20746	12.4446
-4.64866	14.8207
-0.710376	13.5188
-4.54839	13.6398
-3.62929	12.1139
-3.54255	12.7388
-5.16974	13.5556
-4.84491	13.9433
-3.72909	14.9333
-3.52345	14.2776
-3.98624	12.7619
-5.98075	14.0903
-5.33284	14.1381
-3.3803	14.5796
-5.41265	13.5677
-3.28498	12.1835
-5.97787	12.3822
-0.746876	14.5512
3.20068	11.0167
-3.00453	12.3203
-1.01931	14.714
-5.67657	13.2982
-2.67626	13.831
-4.16867	13.5854
-4.65797	14.7761
-3.15733	13.551
-4.13702	14.7817
-3.58115	12.1324
-5.54011	13.6511
-2.99321	12.3185
-5.45815	13.2069
1.8504	13.3068
-2.15092	12.6292
-3.82595	13.694
-3.34127	11.8868
-4.38848	13.7397
-1.94698	14.6983
-5.11385	13.2602
-4.81736	14.9029
-5.50778	13.6424
-3.98044	13.5253
-3.237	13.9712
-3.1966	14.1168
-5.30103	13.2115
-5.72626	14.3685
-4.30015	13.7622
-4.54475	13.8297
-3.26944	12.5859
-3.91584	13.3191
-4.66469	13.2097
-2.36588	14.1027
-3.16588	13.2399
-4.09744	13.6892
-4.94644	13.9523
-5.31597	14.2301
-4.28456	13.7003
-4.12307	12.6612
-2.83725	13.9218
-2.44669	10.7136
-4.15072	13.7666
-2.37956	13.7048
-1.7781	14.6716
-5.09092	14.8791
-2.7328	13.4869
-5.74698	14.2682
-5.77161	12.9211
-3.31531	12.8511
-3.89097	11.9034
-4.98747	14.6883
-5.03029	13.0067
-3.48257	14.412
-4.57782	14.5407
-2.49776	11.2541
-3.65183	13.9884
-5.69481	14.2861
-5.24381	13.998
-4.26188	12.6665
-3.38458	14.1101
-4.27151	13.3524
11.0704	14.712
-4.52367	14.5476
-3.38822	14.7364
-3.61583	13.0139
-5.04901	14.2026
2.5245	14.1152
-3.27133	14.6423
-3.59053	13.4687
-3.56174	14.039
-5.18801	12.2338
-1.49832	8.47648
-4.31166	13.3179
-1.12999	13.0453
-4.90844	13.7538
-1.60034	11.6142
-2.68813	12.6555
-3.26101	12.656
-1.86168	13.4216
-3.79649	14.5378
-4.80102	13.9906
-3.55704	13.257
-3.41113	13.1994
-2.93145	12.6528
-2.84636	14.2823
-5.0684	13.3721
-5.14861	14.1357
-2.36742	14.2119
-5.22609	12.1688
-5.72912	14.4281
-3.68927	14.3791
-1.37989	13.0833
-0.499806	12.2148
-3.40251	13.5495
-5.33156	14.8654
-5.24688	14.4797
-4.27879	13.5985
-2.79352	13.8238
-3.53639	14.3149
-5.41533	14.3252
-4.43337	13.9371
-5.05054	12.2803
-2.76812	13.8597
-5.08096	14.6914
-4.03933	14.6451
-4.19773	13.922
-2.37344	13.3497
-3.18637	13.4627
-3.99582	13.1334
-2.82046	13.0779
-5.7273	14.0913
-2.78619	11.3442
-4.17177	13.27
-4.49098	12.032
-4.24196	14.046
-6.11934	13.7094
-3.13912	14.8776
1.76438	3.78244
-5.03793	12.1107
-5.57397	14.2277
-4.73776	13.5068
-2.84387	14.8392
-4.52432	12.2763
-5.10106	13.5384
-3.24885	13.6496
-4.1794	12.3334
-2.83987	14.585
-4.84343	13.5592
-4.54127	13.041
-4.54966	13.2463
-4.89804	13.1213
-5.64444	13.2344
-4.18936	14.2324
-3.59444	13.9316
0.156131	6.82707
-3.4808	14.0385
-3.68903	12.5113
5.82129	8.55542
-5.27363	14.3585
-4.34329	12.1646
-4.42548	13.1962
-2.62876	12.0984
-3.28848	14.8225
-5.40589	14.8669
-3.41963	13.8111
-4.93667	12.5959
-3.82894	13.7433
-5.38639	14.7011
-4.2726	12.9887
-5.31126	12.9536
-2.39806	14.2928
-3.57017	14.0007
-2.95811	11.4366
-5.18564	14.2126
-4.09323	12.5338
-3.66857	14.6223
-5.64844	12.7601
-3.56966	11.9251
-3.0101	13.7279
-2.62516	13.937
-4.41139	14.9223
-3.8436	14.2374
-3.16956	13.3903
-6.03645	14.6193
-5.78268	13.2187
-5.91122	12.3492
-5.50474	14.6198
1.26433	12.5647
-3.53688	13.5058
-3.47063	12.7255
-3.27638	13.7885
-6.05263	12.9787
-4.43928	12.6008
-2.33004	14.7261
-2.97989	14.0421
-4.29753	13.6369
-5.99848	12.7015
-5.13303	14.6761
-3.95937	13.1502
-3.8141	13.9922
-2.96669	13.5514
-3.10853	14.4718
-3.91203	13.9987
-5.51301	12.9248
-5.68409	14.9756
-4.50462	14.9636
-4.38945	14.405
-3.06326	14.1656
-3.82106	13.4274
-4.90905	12.7498
-2.68563	14.6796
-3.09929	14.8434
-4.25245	13.6098
-4.97561	14.894
-2.86849	12.8148
-3.34821	13.6201
-4.56111	13.7011
-6.00042	12.4432
-2.7675	14.8646
-3.40901	12.4489
-4.96952	14.4424
-2.7443	12.3318
-5.21798	14.2462
-4.3797	14.8595
-5.81197	14.8451
-4.91348	12.0214
-3.64958	13.0372
-2.83553	12.1937
-3.39616	13.9483
-4.52229	14.7527
-2.32373	13.5304
-5.34074	13.0802
-5.33154	12.7397
-5.40131	12.2121
-3.6707	14.7017
-3.46463	13.0354
-4.27135	13.4485
-5.06001	14.9207
-4.43815	14.3156
-5.31007	14.1466
-4.47113	13.8574
-4.10492	14.7765
-3.28158	14.8721
-5.42888	14.6785
-2.59807	14.4348
-2.13448	13.7953
-2.70022	12.4249
-3.6888	14.8108
-4.89154	14.562
-5.58771	12.4606
-4.21734	13.7918
-5.00647	13.3169
-3.15166	14.1604
-3.73059	14.1672
-1.83867	12.7402
-5.23014	14.3302
-3.65934	11.9267
-5.0383	13.253
-3.29904	13.6909
-3.46513	13.0192
-4.54468	12.0882
-3.47607	14.9909
-5.56951	13.5142
-1.11295	14.8994
-5.69798	13.0846
-5.7743	14.8746
-5.44216	14.4033
-3.87187	14.5037
-4.75981	12.2227
-4.72579	14.2794
-4.40763	13.2629
-4.48291	13.6318
-4.86049	14.9899
-4.34081	12.4878
-5.45086	14.6951
-2.42277	12.9383
-5.26031	12.8976
-3.93425	14.5401
-5.5717	13.3186
-5.21732	14.4052
-4.39717	14.1364
-6.05599	14.8921
-1.3192	14.2089
-3.806	13.0253
-1.97855	14.9838
-5.08931	12.9102
-3.63424	13.0172
-1.73433	13.9715
-4.77292	14.2259
-2.76758	12.5581
-3.69193	13.6073
-4.13752	13.2264
-2.25959	14.5939
-5.74886	12.3158
-2.9602	13.3848
-4.5943	14.0235
-4.93841	12.5283
-4.53841	13.2268
-5.74801	12.9698
-3.39968	14.7441
-3.72548	13.4693
-4.4773	12.0959
-4.71575	14.3294
-4.85117	13.2685
-2.41219	12.6776
-2.9334	12.1225
-5.38221	14.4412
-3.43817	14.5668
-2.58191	14.6113
-4.92249	12.8404
-4.49911	14.6359
-4.97206	13.1018
-4.83609	14.9804
-3.40529	11.8824
-4.15911	12.0245
-1.80765	14.2176
-2.72946	13.973
-4.60439	12.2537
-4.0603	13.8956
-3.59387	13.9122
-3.75736	14.2554
-3.01309	13.4487
-3.53873	14.6296
-3.36391	14.7529
-5.69237	14.7808
-3.63257	12.236
-4.92133	13.9392
-2.55692	14.9748
-2.09052	13.0912
-3.84913	14.4972
-5.73911	13.006
-2.96922	14.6724
-5.13585	13.6709
-4.19434	12.5661
-3.51195	12.1604
-5.07199	14.0251
-2.12206	13.5387
-2.74317	14.446
-5.05464	13.4518
-2.76546	12.365
-3.10989	14.1016
-3.90192	14.6276
-4.11351	14.3074
-4.65134	13.0409
-3.10637	13.2019
-4.30741	13.4058
-4.74995	14.5695
-3.69531	12.2885
-3.39541	12.3793
-3.6486	14.4837
-3.4498	13.2542
-2.14994	12.4098
-3.64961	13.9161
-4.59311	14.2959
-2.6631	14.0138
-5.1805	14.8009
-4.39103	13.6229
-1.04159	10.1736
-5.11976	14.2428
-3.74063	14.5825
-3.96296	12.4563
-3.72521	14.4341
-3.31412	12.5364
-4.49842	13.6322
-3.11115	14.7035
-1.9054	12.5485
-2.80847	14.5451
-4.55312	14.1804
-4.90122	13.2816
-5.14405	12.3409
-5.15692	13.1608
-4.03607	13.2136
-4.68842	13.6496
-2.5996	12.0994
-3.22267	13.2106
-4.55723	14.3571
-4.39942	13.7579
-3.69904	13.6573
-4.93349	12.495
-3.22174	12.424
-4.18271	12.8633
-3.84696	12.3234
-4.5331	12.7513
-4.09366	13.459
-3.55481	12.3102
-4.54389	12.9701
-2.50274	12.6935
-4.44332	12.472
-5.33167	14.2327
-4.436	13.9844
-3.4843	12.1101
-3.75597	14.6914
-3.34233	13.9117
-5.44562	14.9373
-3.65192	14.45
-2.69976	14.8114
2.42098	13.988
-5.17547	12.1119
-4.28941	14.5928
-4.24909	14.451
-4.43489	12.1035
-4.30642	13.6684
-4.7349	14.786
-4.19915	13.1136
-4.26395	14.5775
-4.20925	14.1695
-5.84967	12.5449
-3.1019	14.1546
-3.16841	14.8539
-4.01628	12.0983
-5.44517	14.6157
-3.60063	13.8964
-4.22284	14.9433
-5.29556	14.7608
-5.62724	12.3394
-3.17196	11.9632
-4.26139	13.5503
-4.37826	13.2657
-3.8079	13.5775
-4.18499	13.0894
-5.82427	12.1381
-4.3214	13.6093
-3.55042	12.604
-1.67973	14.6818
-3.34784	12.2201
-3.09352	14.4746
-4.24826	14.0891
-2.601	13.6448
-3.12907	11.9438
-3.57195	12.4256
-3.19144	14.8018
-4.07008	14.054
-4.61375	13.5801
-5.91486	13.3105
-3.07708	12.9307
-3.51314	13.5655
-3.99779	14.0421
-2.93532	13.084
-4.33532	13.8902
-1.259	14.9889
-5.56955	13.5122
-3.58634	13.8884
-4.63469	11.8292
-4.51795	12.652
-4.17683	12.315
-4.10878	12.7116
-4.26572	14.4822
-4.04018	12.5559
-4.53779	13.5671
-3.10962	12.4543
-4.33076	13.9739
-5.62612	12.1532
-3.66113	14.6663
-2.84294	13.141
-3.99044	13.4923
-3.21945	14.8912
-4.60937	14.1713
-3.33685	12.8362
-4.63063	14.5309
-5.83782	12.4914
-3.33203	12.3548
-3.26406	14
-2.68751	14.7361
-5.19603	12.299
-3.05666	12.6627
-4.51344	12.917
-3.67675	14.1555
-5.03215	12.7083
-4.57662	14.7955
-3.16806	14.6513
-2.42397	14.7089
-3.60265	14.3622
-5.54824	13.6882
-3.3651	13.4466
-3.65752	12.0441
-4.58265	13.4262
-5.34192	13.5811
-4.37445	14.3106
-5.51562	14.479
-3.22172	14.3304
-2.56135	13.0062
-4.7268	14.4817
-2.28997	13.4765
-3.08312	12.2486
-5.46418	12.9705
-3.43589	13.889
-3.95275	13.9787
-5.36767	12.5794
-0.484561	9.41061
-5.30318	13.5515
-1.26364	13.7632
-4.97466	13.4563
-4.04903	13.3169
-5.11452	13.6711
-5.10176	14.0701
-3.48065	12.6986
-4.76652	12.8245
-5.45382	13.3639
-3.86213	12.7714
-5.63743	12.3283
-2.27652	13.4964
-4.57993	13.8969
-5.1654	14.1519
-3.7472	12.7836
-5.35867	14.1235
-3.23811	13.6901
-3.40796	13.469
-4.58694	13.5818
-3.62301	12.5814
-3.46947	13.6518
-3.9935	11.9437
-4.91391	12.7608
-3.07748	14.7968
-4.79993	14.5455
-3.33533	12.823
-2.40017	12.007
-3.9325	12.6999
-4.46148	13.9001
-5.35627	12.8802
-2.57374	11.9608
-3.15175	13.4341
-5.34673	13.3902
-4.65195	13.9317
-3.14072	13.3679
-6.02947	12.7045
-4.11515	13.8335
-5.27095	14.5351
-4.18021	14.7783
-5.73638	12.4628
-3.51921	12.8024
-5.77166	13.2704
-3.73468	12.1786
-4.93585	12.918
-2.97785	12.6656
-3.37896	13.6581
-4.96391	13.957
-5.70794	13.234
-4.9001	12.5426
-2.73777	14.6665
-5.1165	13.7515
-2.82048	14.2413
-4.07384	13.7662
-5.68165	12.5175
-4.18217	14.5291
-5.23867	12.2149
-3.67265	13.6335
-3.68436	13.4154
-3.86918	12.0716
-4.21044	14.1313
-3.56868	13.524
-4.931	12.421
-1.15613	12.8413
-4.86145	13.3874
-2.51804	12.8898
-4.07323	14.5996
-3.58662	14.5044
-4.22177	12.9139
-4.88783	13.7262
-5.29307	14.6632
-3.3983	12.8957
-4.81289	14.6194
-3.36258	14.689
-4.60347	13.8169
-5.00543	14.5925
-4.62365	12.3534
-4.3886	13.4868
-4.23377	13.3861
-5.59501	13.1829
-4.35324	14.7537
-3.50971	12.6451
-4.52109	12.5515
-1.87077	13.3198
-3.05378	12.0376
-4.56064	12.7523
-3.6083	12.6163
-3.68886	13.8005
-3.96908	14.0406
-2.00614	12.1207
-4.00063	14.0871
-3.60915	13.5048
-5.32814	13.5038
-3.81802	13.6248
-4.40195	13.9293
-5.06455	13.7722
-5.08114	12.8998
-3.95988	14.7043
-2.79121	14.389
-5.10676	12.0333
-2.49922	13.1607
-5.00402	14.4688
-5.83561	13.6504
-4.79139	13.2483
-3.0972	13.2727
-4.91726	13.1929
-1.49348	12.98
-4.38432	14.3071
-4.66241	14.6651
-4.89301	12.3719
-4.99554	14.3226
-4.71179	14.1985
-1.75225	14.6859
-4.05589	14.1542
-4.70115	14.0661
-3.2679	13.1411
-3.88972	12.1517
-4.57229	13.9791
-5.2326	12.377
-2.94543	13.4513
-5.98529	12.6351
-3.5028	14.8425
-3.50076	14.1492
-1.84746	13.9967
-4.81604	12.0004
-4.45623	14.0494
-5.71193	13.2077
-3.4185	14.8854
-5.24304	12.0085
-5.15225	14.8164
-5.96072	13.7966
-4.15274	12.2147
-1.01659	14.3079
-4.41564	14.4199
-5.56877	13.7721
-5.27236	14.8723
-3.72622	13.6096
-4.09625	13.0641
-3.16228	12.5365
-3.79653	14.9246
-4.34433	14.6791
-2.78108	12.8033
-4.67783	12.8372
-3.41804	12.8755
-4.35886	14.2355
-2.89655	14.0253
-4.90326	13.3695
-3.86644	12.8648
-4.23254	14.0982
-3.12968	12.4108
-5.97068	13.3799
-4.96606	12.327
-6.0299	14.673
-4.06439	12.3742
-4.07535	13.7565
-2.27265	14.0323
-3.34137	12.3461
-4.54585	13.6156
-2.89621	14.4619
-5.43709	12.5744
-3.58747	13.1389
-4.24357	14.4912
-3.48199	14.4397
-3.2	13.2482
-3.3541	12.8549
-4.49205	12.0858
-3.66925	14.2434
-2.4828	13.9631
-5.02502	14.5871
-5.00102	14.8947
-4.36615	13.2
-5.76944	13.0386
-4.48129	14.7831
-3.47957	12.185
-3.88709	14.0779
-2.81047	12.8913
-3.82747	13.9346
-5.64074	13.6295
-5.18485	14.2527
-5.45566	13.4216
-4.65729	12.7452
-4.48104	12.307
-4.32779	13.8319
-5.33502	13.8084
-4.9778	12.7027
-4.07634	14.215
-4.08097	13.0921
-4.79936	14.3918
-5.08976	13.3704
-3.4945	12.7131
-3.83331	14.358
-3.90378	14.0389
-3.91576	12.8768
-3.23049	12.6648
-3.83363	13.7885
-2.97351	12.643
-5.17752	14.642
-1.77278	14.6628
-4.87872	13.9647
-3.36581	12.2356
-2.11495	10.1766
-4.43179	12.4917
-3.39392	13.526
-3.96521	14.5115
-3.63467	13.8339
-5.21594	12.8178
-4.53385	13.3918
-5.12333	12.2271
-3.4778	14.904
-5.99474	13.585
-5.32352	14.2696
-5.00882	14.3518
-5.24061	12.0232
-3.77241	12.6356
-0.311908	12.7179
-3.09581	11.9646
-4.01216	13.4405
-3.26729	14.9152
-4.40843	12.8985
-4.69846	14.8082
-5.71395	12.2459
-2.2315	13.638
-3.43552	13.978
-2.50643	13.8042
-3.79228	12.8783
-3.13118	13.8407
-3.97327	12.0381
-3.13676	12.8321
-1.66065	14.3971
-3.48371	14.9168
-3.35386	12.7693
-4.32876	13.0181
-5.97158	14.6604
-4.48311	13.2562
-5.17748	14.3509
-4.31986	12.7685
-2.49709	13.1056
-3.19045	13.6854
-3.96607	14.1727
-4.70136	14.9978
-4.22903	13.5848
-5.15719	13.2406
-4.00049	13.5118
-3.2477	12.9604
-4.29151	14.4066
-3.86365	14.4024
-4.65298	14.0818
-3.05278	14.7464
-5.85246	14.1198
-3.56873	13.7274
-4.56964	14.6785
-4.31243	14.6822
-4.96494	13.7346
-4.60512	14.6456
-4.87966	14.6398
-4.80622	14.5474
-4.43201	14.0077
-5.36958	12.1095
-3.22383	14.5526
-4.05259	13.6756
-2.97396	13.8238
-4.24842	14.9774
-4.19352	12.6757
-4.83932	14.0385
-2.18175	12.9602
-3.50851	12.8082
-3.29472	12.4011
-5.39709	13.8521
-2.40541	13.68
-3.59947	12.4495
-2.68644	14.9089
-4.90885	14.3216
-3.66066	14.2868
-4.59771	14.5128
-4.07384	14.5739
-4.72149	12.8356
-4.93717	13.8552
-2.88675	11.8636
-3.63891	14.4286
-4.13237	13.9351
-5.07608	14.062
-5.60848	12.2919
-4.72798	13.3336
-4.8154	13.1527
-5.36524	12.9585
-4.23592	13.7668
-4.95076	14.4136
-3.29243	13.7462
-2.9406	12.9759
-5.72455	12.479
-4.908	13.6413
-4.43217	12.0024
-3.21337	12.3583
-4.20926	13.3952
-3.91957	14.5907
-5.3714	13.8058
-4.18261	12.2155
-5.30423	13.3125
-2.07343	13.5947
-3.99991	14.7081
-3.73127	13.8441
-4.9862	13.0708
-2.38446	12.9357
-3.84662	14.4272
-4.82934	13.852
-5.82174	12.8532
-5.68179	14.6993
-5.16152	14.8685
-3.84023	12.6285
-4.45582	14.5014
-3.53346	14.2333
-3.21933	13.0902
-3.21935	12.4974
-5.90678	12.9789
-2.332	13.5814
-3.56206	14.8302
-3.52956	12.0039
-3.1348	12.9375
-3.09249	13.0014
-2.95734	13.7937
-5.60205	13.8831
-5.40028	13.0277
-5.15008	11.8689
-4.1806	13.7026
-5.24971	13.2483
-5.71468	14.0867
-5.50709	12.2272
-3.4797	13.1187
-5.59323	12.9024
-5.85954	12.8578
-2.32429	14.0064
-4.09132	13.2435
-4.14455	14.3557
-3.46153	14.4692
-3.11612	13.9611
-3.94409	13.9266
-4.54852	14.161
-3.61023	14.1803
-4.01568	14.2448
-3.62382	12.9095
-3.47924	13.2091
-4.41361	12.2283
-4.80577	13.9508
-5.06763	13.283
-6.0723	14.5121
-3.83158	12.2934
-4.66642	14.7061
-4.47234	12.7185
-3.06979	12.101
-2.71473	13.9824
-2.91767	14.3511
-5.5908	14.4217
-3.07422	14.1457
-2.72349	13.4417
-2.06558	14.2056
-4.30306	12.4809
-4.22152	13.6706
-0.941963	14.7271
-4.50263	13.7328
-4.42558	14.544
-4.37133	14.5839
-4.62794	13.3074
-5.48434	13.5117
-3.27018	13.2422
-4.47036	14.0915
-3.36146	14.8395
-4.43105	14.017
-4.66895	14.7026
-3.20416	12.9695
-3.81338	14.8237
-2.49631	14.3423
-4.89907	14.3125
-5.19492	12.998
-3.69335	13.3035
-3.64227	13.8501
-3.4433	14.9818
-1.82966	12.7742
-3.27418	14.1789
-4.83607	12.7466
-2.6741	13.4769
-1.97095	12.3541
-5.04261	13.7949
-2.65254	12.3239
-3.59211	12.3628
-3.42119	13.1752
-5.88024	14.8708
-5.15825	13.5079
-5.6272	14.4387
-4.49463	13.0477
-4.12655	14.0698
-5.62501	14.2541
-2.67613	14.2489
-4.91241	11.9637
-5.41512	14.5059
-1.69793	13.3237
-2.46249	14.2387
-4.40494	13.0088
-5.32421	13.0555
-2.65622	14.1375
-4.84116	11.9105
-1.5874	13.2133
-3.71972	14.0077
-2.02655	14.4352
-5.77134	13.4319
-3.0367	14.0742
-3.23015	13.7008
-3.8561	14.6554
-5.48654	13.6989
-3.42597	12.5441
-2.69338	13.4502
-3.9478	13.4142
-3.76156	13.7089
-4.24387	14.0572
-5.3352	12.9053
-3.23597	13.6496
-3.97118	13.6628
-3.42353	12.8519
-3.47585	14.4522
-5.86303	12.7335
-4.85171	12.5574
-5.63458	14.6353
-3.10046	12.5104
-4.90803	12.7034
-5.9096	13.1816
-4.46553	14.4569
-4.52632	13.2724
-0.773558	13.9051
-4.71565	14.4472
-3.19405	12.2847
-4.33973	13.5524
-3.85487	14.7849
-4.12485	13.4385
-3.59564	12.9882
-5.69573	14.9843
-4.24911	14.6448
-3.68907	14.1865
-4.63246	12.1566
-5.31944	13.7241
-3.5954	13.8321
-4.02596	13.0011
-5.40889	12.842
-3.6184	13.377
-3.38531	12.7655
-4.65988	13.3414
-4.45633	14.1084
-3.45402	14.4584
-4.71327	14.9229
-1.2571	11.6503
-5.92119	12.3861
-5.25073	14.5176
-5.40714	11.7448
-3.82826	14.0981
11.5091	-5.99085
-4.10766	13.4585
-3.61652	14.3002
-3.88014	13.5209
-3.16075	14.1875
-3.81548	13.194
-3.55177	14.0832
-2.30241	14.0482
-5.5818	14.1839
-4.32237	12.0805
-4.87902	12.5532
-4.52777	14.7389
-3.65814	12.188
-2.4852	11.2122
-3.96328	14.5112
-3.01896	14.1553
-3.92831	13.5881
-3.19107	14.0973
-3.67924	14.4598
-4.8886	13.1716
-2.91845	13.2103
-5.82978	12.8979
-5.10895	14.1034
-4.18301	13.8907
-1.90859	14.0818
-2.96137	14.4681
-4.29925	14.7962
-4.19414	14.6091
-1.14392	14.0943
-4.78144	14.501
-4.30924	14.1138
-3.69296	12.8361
-4.63623	14.3708
-4.36033	12.1237
-4.05405	13.2312
-3.29585	14.4369
-3.21484	12.5735
-4.24183	13.6305
-2.07914	14.594
-4.33905	13.0449
-3.68672	13.9294
-3.9416	12.9584
-3.28699	14.3717
-5.42977	13.581
-5.52326	12.1457
-4.9013	14.6728
-3.7904	13.7857
-2.91196	13.6741
-1.58314	13.6916
-3.55791	12.7185
-4.29935	13.04
-2.87073	14.2146
-4.63601	12.4375
-5.3681	14.0085
-5.46412	12.6135
-4.50961	14.6326
-4.0206	13.0685
-4.25678	12.1885
-3.99384	11.7879
-3.09549	12.8352
-2.52452	12.7365
-3.15827	12.7788
-3.96996	12.8808
-3.78608	14.9161
-4.39938	13.4163
-3.23671	12.3605
-4.9825	13.1514
-5.9031	14.6238
-3.18963	13.1111
-5.06904	14.3977
-4.8323	13.36
-3.54796	13.1432
-3.92324	13.3804
-5.28858	14.4446
-3.42731	13.8399
-4.24813	13.9983
-3.45988	13.5618
-3.20014	13.5174
-2.86788	13.1947
0.557621	11.4673
-3.19818	12.7763
-1.93358	14.3484
-2.85036	12.9695
-5.69329	13.3396
-4.26154	14.4195
-3.64289	14.743
-2.81168	14.9878
-5.44219	14.3527
-4.69327	12.1798
-2.52113	13.5828
-0.680977	12.9636
-3.88635	14.9255
-4.59791	13.7296
-3.03382	12.6426
-5.5504	14.4247
-4.83929	13.0178
-5.45886	12.171
-5.30072	13.654
-3.24767	14.3214
-5.1676	12.1386
-2.72838	13.6273
-2.4761	14.7661
-3.28981	14.5472
-3.35779	12.9394
-4.82625	14.6141
-4.94435	14.8309
-4.44606	12.9653
-5.44886	13.5675
-3.9322	14.8085
-5.27966	12.6799
-3.78794	12.933
-5.3434	14.474
-4.46111	14.371
-5.98891	14.035
-2.36141	12.6164
-3.84064	14.9562
-4.15863	14.1029
-3.01164	13.0655
-4.44679	14.0885
-4.48191	14.4875
-4.72008	14.1879
-3.19522	12.4895
-4.2143	13.862
-4.46367	14.8326
-5.09676	14.4245
-5.37237	12.8388
-5.25222	12.1748
-4.19793	14.0264
-4.35251	13.716
-2.83725	13.9584
-4.20134	14.7183
-2.89934	12.1778
-5.60591	14.0034
-4.80254	12.9972
-4.98413	13.4946
-2.92781	14.4859
-5.70945	14.1619
-3.85624	12.9883
-4.82535	13.0792
-5.79467	14.7254
-3.92734	13.7084
-2.4398	14.9712
-3.36009	14.8392
-3.61723	13.1573
-4.85902	13.2543
-3.2083	14.2621
-5.1694	12.1829
-3.2633	13.2627
-3.13385	13.6478
-5.76957	13.686
-2.08267	14.1402
-3.38963	14.3998
-3.4463	11.8597
-4.89031	12.4969
-3.47966	11.9406
-4.09633	12.8833
-0.729803	11.6774
-4.86372	12.4933
-4.64431	14.4055
-2.88952	13.077
-2.49674	12.546
-2.73406	12.9642
-5.36957	13.2693
-4.23341	14.9714
-2.69923	13.3729
-3.69206	12.589
-4.91087	14.4481
-3.25238	14.0121
-5.05359	12.0386
-3.50034	12.7292
-4.72007	12.1302
-4.88104	13.051
-2.5349	13.6572
-5.1293	13.9438
-3.98598	14.7731
-3.52823	12.6387
-2.72309	12.5521
-3.07942	12.6672
-4.16675	13.5832
-3.56252	14.5558
-0.949929	14.4037
-3.58168	13.2195
-6.08837	13.9502
-3.95996	12.8732
-5.18433	13.5364
-3.37864	14.6439
-3.73244	14.6691
-3.12814	12.7976
-1.27052	12.2913
-2.37494	14.7549
-3.54639	13.3489
-5.27614	14.1892
-3.22324	14.1926
-3.49433	12.2659
-2.23895	11.9822
-4.54208	14.6955
-3.64955	12.2112
-6.10264	13.6808
-3.80021	13.6113
-4.04762	12.3842
-3.78989	11.9146
-2.49358	13.3129
-4.03712	13.1785
-3.61445	14.6057
-3.39555	13.284
-3.9228	14.6774
-4.3335	13.6699
-4.5892	12.9784
-3.69007	12.7463
-5.5689	14.5853
-3.21298	13.2149
-4.5428	13.9393
-3.8649	13.3939
-2.13764	13.4814
-5.67233	13.0951
-3.13957	13.2658
-4.11748	13.9454
-4.67699	12.3554
-4.15293	13.4113
-5.3981	13.2032
-5.04159	12.5243
-4.70171	13.7224
-3.1919	12.9109
-5.0745	13.5749
-4.99021	14.913
-4.21493	13.5224
-5.65964	13.2718
-2.48565	11.4556
-4.07557	14.6317
-3.17499	14.9007
-4.63733	13.7725
-3.52549	13.4749
-3.09281	13.7666
-4.17261	13.9408
-4.06867	13.8723
-3.98325	14.5549
-5.76875	13.2444
-3.25262	13.9616
-6.00592	14.1983
-5.12739	12.5641
-2.08534	14.8287
-3.0171	13.3986
-4.44019	13.737
-3.16907	12.5689
-3.88598	14.6347
-5.27653	14.0584
-5.20365	13.195
-4.1171	14.1785
-3.25184	12.97
-5.73168	12.6454
-5.45702	13.6838
-5.47078	13.5319
-4.91874	13.9253
-4.4648	14.9202
-3.25228	13.1131
-2.4771	14.5057
-3.86261	13.4138
-3.58636	14.1332
-2.87255	14.8222
-5.01323	13.5039
-2.81712	12.3176
-3.29594	13.5271
-3.03611	14.558
-3.10768	13.2536
-2.40889	13.4934
-3.32749	14.9407
-4.03007	14.3316
-5.99253	11.8733
-3.01055	14.4027
-2.80577	12.9684
-2.74701	14.2835
-4.96907	14.3449
-5.86713	13.4426
-3.56552	14.567
-5.2968	14.074
-3.59285	12.8353
-6.02256	14.6471
-5.60596	14.243
-4.54555	14.3655
-2.7629	13.1539
-1.7044	14.6353
-5.85549	13.9329
-5.05844	14.3851
-4.30081	13.0877
-5.12975	14.494
-2.63908	14.5868
-3.6441	12.9146
-3.68933	12.8199
-4.66887	14.2913
-3.97118	13.4628
-5.51468	14.1508
-3.30701	14.211
-4.32235	14.026
-3.12112	14.3199
-6.01582	12.5364
-5.02742	14.7106
-3.06611	13.3809
-3.87181	13.5751
-3.02425	14.7971
-2.09315	13.557
-2.98529	12.8782
-2.58478	14.7397
-4.78197	13.7193
-3.37382	14.6712
-2.22284	12.3221
-6.21554	14.6679
-5.43236	14.1413
-2.73274	13.9463
-5.623	14.5903
-3.74403	13.066
-4.5888	13.1867
-6.0682	12.6512
-6.12557	14.408
-3.8993	14.2574
-5.24758	14.0284
-5.27582	14.7597
-4.24314	13.8489
-3.13501	14.2135
-3.61156	13.6831
-5.98297	13.3644
-2.53934	13.7263
-6.10371	13.4425
-2.68578	14.7284
-4.19455	12.7885
-4.46699	12.7914
-3.05041	13.1323
-2.90179	12.2575
-4.07134	14.954
-3.57893	13.3437
-5.1015	12.8145
-3.9125	13.8754
-4.05277	14.0121
-3.45377	13.4622
-0.81796	14.5237
-3.99469	12.9397
-3.19223	12.3234
-2.80843	13.7313
-5.07862	14.4304
-3.57527	13.7032
-2.3935	14.9871
-4.79989	14.9677
-3.44325	13.6326
-5.37405	12.9352
-2.93489	14.4843
-4.67728	13.7914
-4.70578	12.3048
-3.00066	13.0732
-4.03308	14.87
-1.32476	13.1043
-3.37611	12.4504
-5.58866	13.9494
-4.27823	13.1092
-4.60706	14.5812
-4.59661	14.5367
-3.65819	14.4921
-5.95432	12.4487
-5.03815	14.531
1.51608	12.0848
-4.81482	12.5668
-1.91168	14.6482
-3.71981	12.9003
-2.99399	12.6964
-4.24679	14.1871
-2.38215	13.6234
-2.41881	14.0848
-4.23488	14.2907
-4.02114	13.9813
-5.62926	13.4851
-3.36508	12.5973
-5.0632	12.7773
-1.70234	11.689
-2.62738	13.6896
-1.89085	11.3269
-3.91382	13.9237
-5.51372	13.415
-5.02754	13.9547
-5.37728	14.8564
-3.76822	12.5433
-2.75097	11.3014
-0.576338	-2.76477
-2.78042	13.2042
-4.98141	12.8299
-4.91771	13.6383
-3.63318	12.2879
-4.00742	12.4062
-2.66643	13.9227
-4.89413	12.8232
-5.27411	13.179
-4.50108	14.6288
-4.40022	14.3259
-3.3053	14.0738
-3.65798	14.4288
-1.78895	11.9421
-2.68268	13.3736
-3.60341	14.6707
-2.27265	14.3914
-5.44885	12.5293
-5.46946	14.7035
-5.63801	13.469
-4.11732	14.5001
-3.98408	14.0081
-2.01893	13.3678
-4.78848	12.3665
-3.99827	14.3848
-5.0369	12.6461
-4.74561	13.3185
-3.7905	13.4766
-4.31389	13.5456
-3.67877	12.7477
-3.14084	14.662
-4.33353	12.6984
-3.68059	13.9512
-3.92791	13.8079
-4.98656	13.6527
-2.82646	14.7536
-4.81693	13.2266
-5.42574	14.5431
-4.15569	12.2248
-4.65158	12.0316
-3.53317	14.593
-4.72116	13.8584
-3.13357	14.8883
-5.00109	13.8302
-1.93531	12.3757
-4.76168	14.6948
-4.50957	13.3572
-3.44186	12.8143
-4.23703	12.9438
-4.99849	13.204
-4.24939	14.3934
-3.2283	13.0595
-3.93753	12.8635
-5.5342	12.8844
0.714983	14.8786
-3.55672	14.2612
-4.46633	14.6718
-3.48398	14.4308
-3.4669	14.0481
-3.13879	12.5433
-2.08464	13.3907
-2.88509	11.7654
-4.15817	12.2747
-3.31106	13.487
-5.23017	14.7378
-3.59992	13.5827
-2.40638	14.0876
-3.73359	14.9271
-5.30772	14.4609
-4.27628	14.0639
-2.39476	14.2532
-3.97593	14.4489
-3.62131	13.157
-2.3457	13.8068
-5.10413	14.112
-4.52831	13.5211
-4.12979	13.3093
-1.98483	12.9913
-4.20916	12.0511
-5.42815	12.4021
-5.22205	13.7999
-3.56178	14.6404
-5.65922	13.7882
-4.11192	12.9845
-5.56591	14.2665
-5.79343	12.5909
-5.80828	13.7166
-5.52127	14.2405
-3.81622	13.5812
-4.41674	14.4958
-4.9722	14.2928
-4.61724	13.7174
-3.37551	14.4484
-2.39184	13.6778
-5.35614	12.6475
-5.65912	12.6082
-5.27532	14.8553
-5.35672	12.9823
-3.82276	14.9341
-3.50861	14.3605
-4.323	12.7981
-3.41103	13.123
-4.07131	13.2471
-5.95586	14.24
-3.29581	14.0479
-5.03469	13.8757
-4.2527	14.7568
-3.47644	14.1804
-3.36806	12.6479
-2.87759	14.7208
-5.73769	13.1066
-5.83167	14.7466
-2.52177	14.5026
-3.30342	12.365
-4.56671	13.0329
-5.76795	12.9019
-3.99575	14.0491
-3.526	14.2718
-4.65075	14.6686
-2.77021	12.3121
-3.3962	13.6756
-2.8821	13.8449
-5.67614	12.8838
-4.33221	12.2615
-5.15217	13.3933
-3.37581	14.5479
-3.98312	13.823
1.87998	14.3409
-3.27345	13.5998
-1.8842	12.1849
-4.62696	12.9632
-4.33704	14.0769
-1.52851	14.5726
-4.73939	13.8741
-5.11993	14.428
-4.31936	13.3049
-3.98204	13.5094
-3.51964	14.7477
-4.5693	13.9167
-3.20479	14.0103
-3.0982	12.2992
-5.13764	12.7548
-3.77435	14.1421
-2.96649	13.9882
-4.78071	13.6267
-5.22825	14.1989
-3.30969	12.3896
-3.98344	12.0427
-5.69126	14.9562
-4.70365	14.6195
-3.70676	14.4539
-3.31564	12.6187
-4.50747	12.6709
-5.36956	13.7707
-4.3492	13.5849
-3.1276	13.872
-3.72733	12.7292
-2.72386	12.7993
-2.88066	12.2488
-4.94474	14.1229
-3.61007	13.8312
-4.38674	14.2185
-3.91379	14.3608
-2.66572	13.5676
-3.63505	13.9659
-5.78413	13.4755
-3.95092	13.5566
-2.67245	14.7304
-5.94193	12.6825
-5.272	14.6135
-3.64065	12.1319
-4.60642	13.0107
-4.37392	14.3926
-2.762	11.7577
-5.73428	13.7052
-4.24774	12.9225
-4.30531	14.9984
-1.73762	13.9846
-3.8821	14.2546
-4.12875	14.3529
-4.79476	13.4056
-4.1711	14.4938
-3.27	12.558
-5.6924	12.6566
-4.26563	14.5486
-5.37401	14.6711
-3.58223	13.9593
-4.58242	12.1558
-4.13158	12.1243
-4.87275	13.104
-5.33499	14.5096
-4.3903	13.8928
-5.61283	13.8634
-4.14154	13.6753
-2.97829	14.9983
-5.78128	12.1755
-2.88221	14.2802
-1.52205	12.2209
-4.98355	13.2527
-4.23449	14.178
-4.01738	13.3697
-1.76792	12.2438
-5.08418	14.1727
-4.2847	13.7305
-3.74462	14.6925
-4.59427	12.8264
-5.08124	14.2314
-2.64958	12.2944
-4.27652	14.0688
-3.55617	12.2486
-4.73198	14.1998
-5.06506	12.6305
-2.95766	13.1807
-3.00426	12.9056
-3.93862	14.3728
-4.10365	13.6698
-3.82588	14.7479
-3.55432	14.3233
-4.45179	12.457
-3.8257	13.7005
-4.61362	13.4793
-4.875	14.3674
-3.62779	13.6785
-5.88988	12.8509
-4.46192	13.7184
-2.99262	12.9442
-3.69595	12.9817
-4.35154	12.9995
-4.39712	12.2675
-4.27886	13.6561
-5.62207	13.4076
-5.61527	14.8516
-3.62376	13.0191
-2.96719	14.4783
-4.20119	14.6571
-5.18413	14.8717
-5.91992	14.7293
-2.80939	14.6717
-4.90302	14.143
-6.03003	12.3575
-3.54891	13.1737
-5.21017	13.7079
-2.03816	14.4527
-4.64957	13.6923
-3.56666	14.5986
-5.87414	13.4038
-5.43721	12.0228
-3.30245	14.4412
-3.28259	12.1232
-3.71576	12.7358
-2.77633	14.47
-5.47994	13.5372
-3.43804	14.8805
-4.62815	13.5299
-4.63819	14.8193
-4.03775	12.2613
-4.93913	14.4957
-5.75668	13.8046
-4.26899	12.3042
-2.92443	14.4597
-2.78937	13.1341
-5.45074	13.8646
-4.34516	11.9821
-3.44654	13.4582
-2.42204	14.5436
-3.63666	12.6614
-5.01931	12.7048
-4.96497	14.2635
-4.13064	13.262
-4.66841	12.3637
-4.64115	13.735
-3.8565	14.2475
-3.18374	14.368
-5.89129	13.2775
-5.95148	14.5613
-4.17371	14.7809
-3.05449	14.8473
-5.27776	13.6321
-4.70834	13.9219
-5.03706	13.4074
-4.32843	14.39
-5.75057	14.4691
-4.47385	12.3092
-4.66775	13.6247
-3.17234	13.1947
-4.73668	13.0083
-4.90133	13.6971
-1.95844	13.3253
-3.55878	13.7289
-2.79215	13.9391
-3.02413	14.0195
-5.42863	14.1824
-5.06777	13.4485
-3.81817	14.9056
-4.89002	13.3758
-3.45458	14.1391
-4.30025	13.4834
-2.23116	11.49
-3.02129	13.2853
-4.7947	12.9246
-4.18144	12.2309
-5.8159	14.5056
-2.6314	13.995
-3.87748	13.8722
-3.2224	14.1385
-4.14206	13.8049
-2.58436	12.8264
-4.16761	13.7478
-5.19243	12.8165
-4.7131	13.5069
-5.56157	12.3601
-3.46185	12.1558
-2.83432	14.2486
-4.25346	14.8669
-6.12538	13.1004
-4.96671	13.7395
-1.87999	7.33112
-5.44552	13.6179
-2.88514	14.3071
-3.96798	13.5691
-3.2173	14.0832
-5.6089	14.8274
-2.65069	14.0601
-4.67487	11.9705
-1.34031	14.2618
-3.85064	13.0731
-3.73438	14.7761
-3.62668	13.5443
-3.6618	13.1954
-3.53389	13.5344
0.0692806	2.33816
-4.36307	14.6404
-5.78227	14.1643
-5.81464	14.2233
-2.85765	14.0343
-4.47715	14.5063
-4.38874	13.7182
-5.77969	13.4064
-5.60316	14.9577
-1.93399	13.0515
-4.40391	13.6693
-5.4232	12.553
-5.5273	12.335
-2.82497	13.6458
-5.27663	14.4938
-4.5489	12.758
-2.49344	13.2069
-3.22857	13.9657
-4.3036	13.4556
-3.7193	14.0097
-4.91848	14.9618
-4.80111	13.4499
-2.31574	14.0058
-5.49688	14.0362
-3.48725	12.5255
-5.84756	12.3662
-4.28476	14.4929
-4.72278	12.527
-3.79844	13.5995
-5.91758	13.5883
-4.10956	14.125
-5.41248	13.8568
-3.38522	13.1561
-5.17039	13.3654
-4.89774	14.1007
-3.38525	13.675
-3.50576	14.8834
-4.58018	14.1314
-4.00682	14.769
-5.37834	13.7554
-4.75533	13.5799
-3.78683	14.598
-4.94294	14.9851
-3.54473	14.5242
-2.33365	12.7142
-4.69293	12.1411
-5.52977	14.4824
-5.37751	14.7849
-3.23423	13.7218
-3.88394	14.3507
-1.84034	13.4453
-3.20217	13.3364
-2.55674	13.0726
-4.14082	13.0651
-3.91319	13.4244
-4.02098	13.8554
-2.79304	12.7946
-4.12337	14.7927
-5.15827	13.29
-4.96393	13.6089
-1.3035	11.8777
-3.24811	13.6135
-3.23165	12.7663
-6.30166	14.0371
-2.51567	12.4902
-4.57427	13.2748
-4.26622	13.5922
-1.72658	12.036
-1.24878	13.1678
-2.94161	14.2955
-3.30309	14.4314
-3.85112	13.9554
-4.88633	14.7044
-3.66683	12.1081
-4.97239	12.5383
-3.62125	13.0646
-5.08643	14.5955
-4.66888	14.7365
-4.27813	13.1893
-5.98252	12.6173
-4.86361	14.1276
-2.75271	14.1345
-3.77399	14.8994
-6.11663	13.9536
-4.07964	14.2661
-3.73001	12.134
-4.2284	14.3084
-3.15421	13.6449
-2.50081	13.1833
-4.35502	12.9321
-5.86812	14.6071
-2.85468	12.0378
-5.36645	11.9014
-1.99036	11.824
-2.93544	13.4618
-3.61329	12.4443
-2.76768	13.0927
-6.02251	13.5524
-2.74298	14.1018
-3.88547	13.5729
-4.23593	13.2799
-1.87858	12.3967
-4.99185	14.1728
-4.5132	13.3924
-5.50621	13.5377
-5.62597	12.8387
-4.38751	13.5084
-4.29389	14.0793
-4.95299	13.7276
-3.97253	14.1418
-2.79988	14.4454
-5.50832	12.9613
-3.6464	14.7105
-4.40275	12.5854
-3.37579	14.4601
-3.98514	12.2602
-5.49967	14.1133
-3.61758	14.0325
-4.24107	13.9794
-2.61043	12.4669
-3.93433	13.5523
-2.7697	13.3446
-3.58077	14.2005
-3.05544	12.5686
-5.98275	12.8442
-5.41121	14.6916
-3.92951	14.6673
-4.02307	13.3784
-3.43109	14.4257
-4.26062	13.9829
-4.84016	14.6555
-4.30123	13.7714
-3.50696	13.8697
-3.90293	14.2703
-2.44754	14.9194
-3.12269	13.438
-4.33875	14.4066
-4.91257	14.9117
-3.22306	13.0167
-5.01362	13.6611
-3.53819	13.5306
-2.93204	13.9762
-3.10048	14.897
-3.55818	14.1979
-4.41897	13.0273
-5.50668	14.3795
-2.68442	14.9668
-5.45248	11.8517
-2.22915	13.8454
-4.51077	14.9795
-5.84451	14.1704
-5.1171	12.7916
-5.26712	13.1278
-3.65037	13.609
-3.65854	11.89
-2.86944	12.8727
-3.68303	13.68
-4.09872	13.5884
-4.12894	14.1174
-3.79294	14.3935
-2.30262	13.9834
-4.96066	13.6867
-4.70468	13.5618
-3.40848	14.3094
-2.87096	12.1981
-5.00237	13.9951
-4.91475	13.2862
-4.85548	14.6542
-5.95783	14.8278
-4.50145	14.9034
-2.66524	12.221
-5.40866	12.5138
-5.05143	14.203
-3.43181	13.4855
-2.20191	12.06
-3.0436	14.4406
-3.82541	12.4699
-3.71237	14.9192
-3.03581	13.4588
-4.02138	13.8928
-4.94881	14.4018
-5.10973	13.7567
-3.6066	14.526
-4.53741	13.6184
-5.49581	12.1771
-3.54564	12.322
-6.18069	14.8475
-3.00168	13.8537
-4.28052	14.0864
-4.40468	14.9797
-5.24472	14.4624
-5.2007	13.9715
-5.36723	13.6385
-1.5075	14.3381
-3.19425	12.9384
-2.19998	14.1938
-4.91057	14.6025
-3.14506	14.0946
-5.20536	14.0196
-3.09046	12.8472
-3.14422	14.6971
-4.01016	12.1918
-4.65658	13.7926
-3.04227	14.7096
-2.98043	12.1799
-4.6757	12.822
-5.57836	12.8363
-3.80569	13.4448
-2.16233	14.6902
-4.66868	12.1314
-2.5946	14.8632
-4.65018	14.9789
-4.01726	14.274
-2.43871	11.7072
-2.32263	13.9821
-3.96287	13.3689
-3.4644	13.7192
-3.916	12.3134
-4.8477	13.9782
-5.03706	14.6683
-4.27419	14.0979
-4.84436	13.3769
-5.90666	12.6827
-3.29711	12.9509
-5.59253	12.9272
-2.87664	14.461
-5.54151	13.4495
-5.29709	13.2925
-3.74728	12.2128
-3.99069	13.8291
-3.59937	12.8229
-3.67553	13.0537
-4.7136	14.7057
-4.91165	14.5672
-4.02754	11.9064
-5.04903	12.6323
-1.50245	12.0652
-4.44283	14.9652
-4.89283	14.6912
-2.86039	12.0856
-2.54659	7.46931
-3.36231	13.06
-5.38757	12.9669
-4.48937	13.307
-3.36425	14.2552
-3.42489	14.3093
-0.795984	14.0684
-4.15646	12.5915
-4.60855	13.3567
-4.50169	13.0978
-5.37361	14.0017
-3.66839	14.6918
-4.68974	13.8359
-4.05604	12.1141
-5.65798	14.1281
-5.95731	13.2108
-2.8869	13.1008
-1.8347	13.4122
-3.512	12.1891
-3.95372	12.8607
-4.09887	13.3491
-2.7773	12.8957
-2.00781	13.9418
-3.22822	13.2548
-1.82489	12.9296
-3.99627	11.8845
-5.25962	14.5683
-5.5613	13.0341
-1.93459	14.8304
-3.90185	14.1838
-3.20031	14.6779
-5.38202	12.2376
-6.28115	12.7648
-6.02564	12.4154
-4.74934	13.069
-3.62254	13.7521
-3.99867	14.5293
-4.00021	12.8747
-4.93631	13.9687
-4.89649	13.5586
-2.16928	14.3037
-5.16598	13.6944
-3.32847	14.5814
-5.54834	14.1642
-4.22721	13.5061
-3.17551	12.3445
-3.97663	14.2664
-4.85585	13.1566
-3.3048	12.5623
-5.16525	12.3043
-2.94179	12.4371
-1.86265	13.2065
-2.61482	14.1784
-2.36808	14.5943
-4.96424	12.6746
-3.90474	13.8088
-3.0038	12.661
-4.0895	14.2625
-2.62792	13.9043
-4.12724	12.4635
-5.92348	13.8198
-5.19814	14.378
-4.81597	14.9999
-3.18628	13.6198
-2.95067	11.8734
-4.21859	13.1746
-2.68492	13.3424
-2.3084	13.7159
-5.01122	12.5203
-2.92639	12.9448
-5.19206	14.0244
-6.03434	12.8986
-4.59942	13.3848
-4.29965	13.5208
-3.71228	13.3008
-3.83275	11.9064
3.21234	9.17885
-5.03859	13.4202
-5.34775	12.5525
-5.51322	12.5586
-3.99564	14.7217
-4.89867	14.0244
-4.61273	12.28
-4.59188	14.8618
-6.02747	13.8213
-3.42167	13.7764
-1.61566	12.9679
-4.11935	14.5343
-3.64288	13.4976
-5.33543	13.0228
-2.9124	12.5388
-4.11417	13.5563
-3.09689	14.4325
-4.98774	14.7654
-3.63611	12.984
-5.68624	14.4226
-3.50626	13.5181
-4.8067	13.2233
-3.93656	12.6971
-3.21838	14.5611
-4.34969	14.5509
-5.68177	13.3146
-3.64598	13.1263
-4.79643	14.8286
-4.46578	14.6919
-5.30797	13.7148
-4.91132	13.1898
-4.08587	13.8534
-3.49164	12.8844
-4.20359	14.0634
-3.31274	14.5654
-2.48747	14.3044
-3.94392	12.9989
-4.2391	13.4667
-4.20155	14.743
-2.18641	12.3095
-5.40783	13.9226
-3.60345	12.8169
-3.56062	12.7617
-2.91098	14.6034
-2.73253	12.408
-3.28683	12.1901
-4.25291	12.8168
-2.20641	14.9471
-3.71618	13.1658
-1.94664	13.1351
-3.64254	13.2024
-5.23838	14.6162
-4.68388	12.9055
-6.07146	14.2943
-3.79825	14.8894
-4.45678	12.5805
-4.83362	13.9611
-3.73819	13.2188
-1.85938	14.7481
-5.90574	13.9587
-3.86485	13.505
-6.10107	12.402
-3.50004	14.4543
-3.39192	14.5071
-2.09876	12.9999
-2.53118	12.5806
-3.55374	12.9299
-5.4434	13.5849
-5.88361	13.8847
-3.88147	12.6464
-1.67365	12.906
-3.2906	13.5052
-4.3938	12.8449
-5.19063	14.7647
-5.48411	12.4532
-4.31566	13.1323
-5.35226	13.0525
-3.22227	14.2492
-3.2578	12.4037
-2.17041	9.84804
-4.60406	12.022
-5.58927	13.5542
-4.87069	14.882
-4.53371	12.6902
-3.05211	13.7021
-5.8366	14.4765
-4.99129	13.8013
-3.59225	12.1451
-4.4809	12.0782
-5.02483	13.9091
-4.45986	14.1628
-2.36047	13.7969
-3.10599	13.5158
-5.63333	14.7506
-5.69817	13.8787
-5.24381	13.9363
-3.53762	12.9149
-2.89033	10.8575
-3.21732	13.6583
-3.69768	14.3586
-5.30979	14.8023
-4.22999	14.155
-3.34764	14.9324
-2.96794	12.1944
-3.36656	12.8216
-2.4135	13.7489
-3.19687	14.5773
-5.23859	12.2794
-4.5413	12.4034
-3.74618	12.7089
-3.89968	14.5709
-4.35095	14.6114
-4.66868	14.8263
-4.86755	14.9449
-3.93014	13.5923
-4.745	13.9951
-3.38369	13.0945
-4.67888	13.4047
-2.86153	14.6046
-4.39195	14.6147
-5.74186	14.4119
-4.17999	14.8147
-3.0251	13.2347
-4.44077	13.6366
-3.48011	14.2419
-6.01209	14.2016
-3.0853	14.4043
-4.15847	13.8571
-2.80698	13.643
-2.3074	13.8045
-5.1078	12.1779
-3.54541	14.4681
-3.55156	12.8891
-4.5113	12.9237
-4.16708	14.6429
-2.44816	12.7921
-5.25464	12.6011
-5.04309	14.7964
-4.78445	12.5817
-2.95808	14.6281
-4.12774	12.669
-3.79202	13.5268
-3.2557	13.854
-3.62422	13.946
-3.53431	12.351
-4.86362	13.9575
-5.21323	14.1102
-5.90457	14.1417
-5.03091	13.7868
-4.22279	14.8559
-4.81212	12.1227
-4.37178	14.5639
-3.3125	12.2803
-3.41826	13.4878
-3.51754	12.4865
-4.04517	13.1294
-5.38504	13.551
-4.47737	12.5544
-5.58897	14.9126
-4.01161	12.1229
-3.86066	13.506
-4.23524	14.9624
-3.28936	14.1507
-4.57405	14.0234
-1.59188	14.0624
-5.33475	13.3916
-4.18208	13.4839
-2.79629	13.0347
-4.03143	14.6953
-4.38114	13.5415
-4.16395	14.6362
-1.15026	13.7948
-5.72794	14.2603
-5.46179	14.8105
-4.44355	14.4565
-5.57063	14.9711
-5.45559	14.8515
-2.53917	14.0761
-4.79735	14.3224
-4.40531	14.1233
-4.21039	13.1878
-3.05493	13.355
-5.31151	14.8866
-3.71805	12.5385
-4.39931	12.9203
-4.18909	14.36
-4.49678	12.6194
-2.1982	13.7458
-4.57889	12.7433
-5.33767	13.7025
-5.41608	12.6037
-4.06575	13.0883
-3.98933	13.2427
-4.98085	14.218
-5.27684	13.3283
-3.96109	12.3922
-5.80415	12.2002
-1.6443	14.067
-2.3233	14.073
-3.46288	14.868
-3.27907	14.35
-3.43531	13.6562
-3.31744	13.2536
-5.94419	11.908
-4.37953	12.8808
-3.83617	14.6319
-3.18917	12.8423
-3.90861	12.6507
-5.40936	14.3779
-5.0466	12.4549
-5.43734	14.2638
-3.55045	12.6483
-2.71664	13.2414
-5.54131	13.9855
-5.79039	14.1865
-5.28449	13.5543
-4.74826	13.3771
-4.46107	14.0036
-4.54037	13.573
-3.73216	14.3385
-4.31603	13.9813
-3.53313	13.1448
-3.21703	14.4954
-5.97113	14.5066
-5.16949	12.1338
-4.28735	13.4622
-4.47753	13.4358
-4.79513	12.5641
-3.12701	13.9536
-4.46373	12.2079
-2.45412	11.684
-4.85169	12.6563
-5.66348	14.2289
-4.9696	13.3656
-4.18926	14.1076
-4.34423	13.4288
-5.51762	14.8387
-4.83229	13.5072
-3.40303	14.1106
-3.62762	12.4602
-4.51458	13.5377
-3.47267	14.3026
-3.76259	13.3478
-3.40704	13.2752
-5.60678	12.7605
-3.68302	13.1524
-4.49733	14.6884
-4.448	14.4806
-2.40364	10.1191
-1.46522	13.3735
-4.23248	14.3617
-4.70102	12.725
-3.05269	14.8447
-4.4914	14.0126
-5.3263	14.1767
-5.06376	12.7857
-3.34737	13.325
-3.99968	14.9411
-5.82278	11.9915
-2.31211	14.6758
-3.27441	13.1783
-2.7934	12.7955
-2.75629	11.6912
-5.04448	14.6272
-6.33312	13.5452
-1.7773	14.6617
-3.04655	13.8756
-0.960699	13.4704
-1.83559	12.3646
-3.36785	14.804
-4.2199	13.4694
-4.07784	14.7135
-3.99015	12.6243
-5.85331	14.9955
-3.11086	14.5294
-3.90699	13.8495
-5.21528	14.7798
-3.41936	13.0197
-1.76025	14.6045
-4.32784	13.1686
-3.16252	13.135
-4.35804	13.6442
-5.02777	14.2021
-3.89499	13.4942
-3.87614	14.3395
-5.00039	14.9362
-4.22812	12.6836
-2.90731	13.1388
-4.66042	13.4606
-4.03823	12.0129
-5.15724	13.8718
-5.77791	12.946
-4.09028	13.355
-5.81557	14.2609
-3.88737	14.5028
-5.82418	13.502
-5.68965	14.5848
-2.13613	14.1984
-5.9962	13.0787
-3.79017	14.2303
-2.62896	14.3015
-4.7749	13.7084
-3.32897	12.9816
-3.97523	13.8939
-4.65648	12.9445
-4.01852	14.5997
-3.68378	12.2612
-4.98705	12.7847
-5.82622	14.6273
-4.50623	13.3365
-2.55318	13.0935
-2.05916	12.8526
-5.12151	13.9762
-3.14195	13.1534
-3.66466	13.8297
-2.99093	12.2809
-5.47361	14.2378
-3.32406	12.1491
-1.84176	13.2459
-3.88285	13.7337
-2.78904	14.632
-5.34143	12.9032
-5.61788	13.6259
-3.96801	13.015
-5.47712	13.8957
-3.50946	14.9839
-3.25606	14.7924
-2.76662	13.556
-4.31004	14.6375
-4.03111	12.9433
-3.43382	14.9325
-3.13721	12.3188
-4.45571	14.3307
-2.91099	13.0149
-3.34026	13.6834
-4.30528	13.9902
-4.083	13.1569
-5.04088	12.0053
-5.35427	14.7866
-5.65803	13.3427
-3.80125	13.0099
-2.26531	11.4436
-4.58235	13.4842
-5.67143	13.2834
-0.0412166	13.2611
-4.20138	12.4421
-2.8697	13.4518
-4.62347	14.9679
-5.39142	13.176
-5.35127	13.0287
-3.56628	13.9501
-3.81633	12.9872
-5.34549	14.3028
-3.87013	14.2456
-3.5614	14.6996
-4.11187	13.7765
-4.95153	13.4014
-4.71531	13.4893
-4.92815	14.5859
-3.81963	14.5304
-3.69146	12.8806
-2.92488	14.4602
-3.69006	13.4736
-3.86247	14.1777
-2.88488	14.246
-5.12731	13.5149
-2.60924	14.2284
-3.15129	12.3379
-4.49311	12.3952
-2.6061	12.041
-2.86756	12.6172
-0.23607	11.7109
-4.28633	13.7017
-2.35641	13.5132
-3.65461	14.9109
-3.87656	14.0991
-5.37354	12.4967
-2.685	13.5336
-3.47497	12.762
-5.13732	14.2637
-5.67274	14.6752
-4.75663	14.0897
-5.1893	14.6468
-4.20234	13.4006
0.799597	10.8788
-2.5125	14.5032
-5.77027	14.3847
-3.60852	14.9149
-5.7831	13.2182
-3.36521	12.9884
-3.84162	14.0648
-4.88596	12.6732
-5.20497	12.7498
-3.2434	13.1293
-5.15117	14.0936
-5.83097	14.352
-4.57494	13.4829
-3.672	13.2496
-2.93758	13.4879
-3.95306	13.255
-5.28031	11.9373
-5.05602	14.8043
-3.22559	13.4175
-5.33279	14.1025
-5.29582	14.1141
-5.43794	13.2097
-1.71818	13.0864
-4.96851	12.1122
-3.93073	13.3139
-4.50778	13.5423
-5.12743	13.4767
-1.14852	14.6044
-3.98229	14.5979
-3.32394	13.6886
-5.05115	13.3157
-2.3136	14.1674
-4.09893	14.0572
-3.10432	12.0365
-5.07809	12.2238
-3.67181	14.1745
-3.51032	14.7467
-3.95002	13.057
-4.77973	13.3022
-4.25633	12.4842
-5.14264	12.9291
-3.48581	14.81
-4.7261	12.4002
-5.1948	13.5725
-3.89371	13.4694
-1.59421	12.3155
-4.00884	12.3906
-2.02681	12.3551
-2.30857	14.5521
-5.41278	13.8018
-5.79931	13.9412
-3.91043	14.6625
-5.67734	12.4089
-2.57779	13.2191
-3.31777	13.2765
-3.04647	12.4781
-3.34472	13.21
-4.64316	13.6624
-4.25663	14.1286
-5.04722	14.1855
-5.856	14.5579
-2.36097	14.6675
-1.49911	14.2503
-4.2435	14.1787
-3.65199	14.8088
-3.09736	12.8847
-4.68967	14.7787
-3.89835	12.7908
-5.20071	12.6363
-4.58888	12.4286
-3.47516	13.7782
-4.12715	13.2559
-3.84301	14.1894
-5.40575	12.2254
-2.82957	12.5643
-5.56698	14.0092
-4.24271	14.6077
-4.28816	14.7755
-4.47619	14.2162
-2.76142	14.367
-4.6324	13.465
-5.14664	13.5921
-3.14695	13.0697
-2.94584	14.391
-4.66935	14.1683
-3.08459	12.8967
-3.6837	12.5732
-3.26973	13.1216
-4.15588	12.1985
-2.70751	14.5813
-3.91327	12.8299
-3.17768	14.9807
-5.30118	12.0803
-3.2463	12.3911
-2.13128	13.3511
-5.81463	14.4155
-2.22334	13.7439
-3.39823	12.1666
-3.32626	14.1775
-3.0391	14.5546
-4.16944	13.9689
-3.69895	13.1011
-4.89201	14.6539
-3.82826	14.4256
-3.9654	12.8581
-2.52381	12.9654
-3.0656	14.7322
-3.2593	12.7979
-4.91472	14.3968
-4.78976	13.7806
-4.29041	14.3263
-4.4992	12.97
-0.599877	14.5921
-5.44378	12.3765
-4.51275	13.2801
-3.09617	14.8394
-2.74494	12.5996
-2.49992	13.6281
-4.42296	12.0227
-5.44453	14.2365
-3.24592	13.8947
-4.44403	13.6936
-3.77146	13.9301
-5.19761	14.0422
-5.17015	13.229
-5.07723	13.7298
-3.1811	12.6946
-2.30202	13.7202
-4.32985	12.11
-3.59388	13.7744
-2.76145	13.025
-4.81657	12.5265
-5.39683	13.0702
-5.72873	14.9082
-4.08086	13.7381
-3.28023	13.369
-4.64898	14.6318
-4.96509	13.1613
-2.92169	12.9859
-2.15867	10.2148
-3.65416	14.033
-3.69997	14.8631
-3.29361	13.8851
-3.73974	12.6604
-3.14426	12.7746
-5.47095	13.6089
-5.34057	13.4381
-4.15481	14.2821
-4.47651	14.9367
-4.03691	13.9335
-4.01647	14.0709
-4.34393	14.5182
-5.47709	13.4206
-3.92254	14.3792
-4.14691	12.1768
-4.62404	12.8866
-4.41528	13.7918
-5.31866	14.2956
-3.19581	12.1042
-4.63121	12.6705
-2.82627	14.0069
-4.81776	12.1172
-4.81983	14.0638
-5.15773	14.7119
-4.40516	12.3376
-5.01085	13.0863
-4.28342	14.3011
-3.1255	14.1589
-4.02978	13.7469
-2.5603	13.6597
-5.16662	14.1671
-4.02659	14.8128
-4.5748	13.9657
-0.859962	13.6103
-4.85484	13.962
-2.09265	13.4049
-4.99403	12.0967
-5.83685	13.4961
-4.2441	14.7666
-5.2768	13.2967
-5.56325	12.2454
-5.79529	13.8192
-3.31308	13.9157
-3.79031	14.9748
-4.66249	13.1761
-6.06025	13.7218
-2.97905	13.7539
-4.70702	13.255
-3.77771	13.4741
-4.76406	13.2346
-3.26646	14.6422
-5.79501	14.7501
-2.50763	13.4044
-4.61265	12.3973
-3.04899	14.656
-2.67814	11.7948
-5.86787	12.6296
-6.15542	13.8525
-4.52375	11.6571
-3.06438	13.8471
-3.94857	14.2336
-5.12928	14.2513
-3.09611	14.156
-2.72293	14.6881
-3.0503	14.6711
-5.9109	12.7787
-5.28587	12.919
-6.12746	12.5886
-2.73358	13.2119
-4.77043	12.4975
-4.3385	14.5721
-4.57611	12.1255
-6.0461	13.3857
-4.30695	14.3695
-3.08047	13.0105
-5.03517	12.6541
-4.68607	13.6115
-3.59524	14.661
-4.82629	12.7628
-4.55634	14.7986
-3.38743	13.2495
-4.37566	13.6568
-4.64806	14.2188
-3.73564	11.9991
-4.37672	13.4122
-2.89232	12.6527
-2.45184	14.9183
-4.23195	13.4358
-2.81427	11.6532
-4.06036	12.5727
-4.07234	13.6073
-4.96751	12.9391
-1.11579	13.9757
-2.45294	12.7614
-5.16578	13.5601
-1.86309	13.3135
-1.54499	14.7239
-5.01091	14.4918
-4.24384	12.9363
-3.97368	13.7669
-2.6106	12.0619
-3.43769	14.4439
-4.65941	13.4545
-4.06461	13.3232
-4.92457	13.6591
-3.97702	12.5124
-3.31621	13.0582
-3.48831	12.51
-2.46847	14.5375
-5.05115	12.0659
-6.09976	14.591
-3.55073	13.7671
-4.04295	13.1873
3.18011	8.18512
-4.57695	12.9069
-4.12751	13.0759
-5.26639	13.4342
-2.27814	14.6022
-4.09148	13.3023
-3.08498	13.7095
-5.92982	13.3547
-4.38056	13.9365
-4.39078	12.8776
-5.30807	13.4425
-4.27764	13.8779
-2.91799	12.43
-4.04112	12.5688
-5.07384	14.9945
-3.13138	14.4971
-5.32864	12.9188
-2.94712	13.2519
-2.42758	14.1876
-4.15667	13.9613
-5.13316	13.8937
-5.40048	13.2564
-3.81432	14.1802
-4.80274	14.0204
-5.51839	13.4891
-5.60088	13.4762
-4.85997	12.3251
-6.03068	13.5582
-3.38587	12.836
-5.48901	14.5458
-3.91706	12.908
-3.13766	13.1421
-5.03314	14.0789
-3.11733	14.6643
-4.78447	14.7239
-5.70976	14.4747
-3.99676	13.5406
-2.57844	14.9741
-4.78424	13.2684
8.08561	12.7576
-6.09338	13.7609
-2.9876	12.4885
-5.84028	13.5051
-3.51935	12.5499
-2.66333	12.906
-2.38452	14.0761
-3.22153	13.8906
-2.47546	12.0695
-3.63049	14.0521
-3.38169	13.0837
-5.03649	13.5834
-2.36798	14.2281
-3.76959	12.7821
-3.90469	13.2301
-3.50623	14.4737
-3.31751	14.3202
-5.49971	12.8982
-2.86371	12.7338
-2.89787	12.7454
-5.13813	13.7601
-5.55333	12.8355
-3.29026	13.6555
-2.06808	12.2283
-4.27736	12.089
-5.19895	13.6432
-4.49401	13.0946
-4.6924	14.2314
-3.38557	13.3438
-2.94921	14.585
-3.504	14.1166
-4.68688	12.6231
-5.4377	14.7076
-3.28948	13.5743
-5.18516	14.2711
-4.22947	13.984
-4.27767	12.5098
-1.22856	13.6533
-5.00965	14.7054
-3.27225	13.1552
-5.9473	13.7218
-5.664	14.5802
-3.20212	13.4732
-4.86119	12.6985
-1.52813	14.9993
-3.07715	13.0211
-2.76446	12.0426
-3.39573	13.599
-5.58155	14.4255
-3.05547	14.1162
-3.7707	14.943
-5.52612	13.5924
-4.18793	12.8092
-3.6903	14.5046
-3.61133	14.529
-2.98006	14.1304
-3.83552	12.8179
-4.23667	14.7371
-3.55196	12.817
-5.3333	14.6952
-3.96329	13.6128
-4.22766	13.6955
-3.24239	13.4414
-3.32576	14.4006
-2.87684	13.5731
-4.89518	12.7514
-3.51999	14.0077
-3.10535	13.8002
-3.95849	13.0968
-3.21698	13.029
-3.37868	14.9049
-3.9615	13.3041
-2.91218	12.3736
-3.05515	13.4251
-4.03434	13.1543
-5.66467	14.2524
-5.13798	13.7429
-4.98152	14.7045
-4.49803	14.2553
-4.83573	13.6584
-5.50072	11.9321
-2.79236	13.6558
-3.032	14.9448
-3.045	13.176
-4.41497	13.0593
-4.53593	12.0291
-3.44555	12.4751
-5.17495	14.8991
-3.88286	13.9004
-2.4782	13.9828
-4.39225	13.1647
-2.19905	13.1287
-3.08277	11.8076
-1.52694	14.0417
-4.3711	11.8838
-3.24673	14.3627
-3.572	13.4226
-5.50001	13.1854
-2.24598	12.0373
-5.50861	12.0967
-4.5042	13.2616
-4.12973	12.9836
-4.45285	14.7461
-3.11711	12.7216
-4.25379	14.7465
-4.20613	14.0738
-4.98291	12.8574
-4.27893	13.2854
-4.11279	14.4675
-4.26297	14.314
-2.93354	12.5802
-4.75142	14.3816
-2.68277	13.2715
-4.23603	14.5359
-3.02472	13.1191
-1.73451	14.0807
-5.22759	12.513
-3.59922	14.3507
-5.97363	13.0866
-5.35348	14.7946
-3.32182	13.1034
-4.75093	13.5888
-3.10049	12.8588
-4.37635	14.0094
-5.47243	12.0645
-5.58123	14.2685
-4.47225	14.8709
-4.7184	13.9107
-3.89674	14.0955
-3.27679	12.9698
-4.65903	13.7451
-3.34522	14.6021
-3.11466	13.0919
-3.64612	12.5228
-5.23741	12.9843
-3.22336	13.7381
-2.03352	12.7425
-5.14761	14.6822
-4.4302	14.0358
-3.81514	14.4695
-4.57663	14.0007
-3.57419	13.8016
-5.80605	13.5277
-3.31935	14.8362
-2.96448	11.8728
-5.69625	14.6869
-4.06733	14.3181
-4.19375	13.979
-5.37005	13.8323
-4.73914	14.8089
-3.58129	13.8526
-5.1595	13.0969
-4.19243	13.216
-2.91701	13.3091
-4.47531	14.162
-4.42603	13.3567
-3.09241	14.6089
-2.97285	14.0357
-4.42462	13.1781
-2.87361	14.1668
-2.736	13.5701
-3.4836	14.3982
-3.36698	12.4156
-3.79326	12.7024
-5.84825	14.8138
-3.57684	13.5958
-2.71572	14.2773
-3.65961	14.7057
-5.10349	13.5571
-4.55499	12.9538
-5.1937	13.3514
-3.49083	12.8514
-3.40115	14.4919
-1.93568	14.1254
-2.61685	13.8205
-3.93498	13.6216
-2.4948	12.7887
-4.50569	13.3684
-3.4307	13.243
-3.86104	13.4065
-3.60021	14.5474
-5.72509	13.7451
-5.36967	13.2503
-5.54625	14.3039
-0.787771	10.433
-3.68635	13.8215
-2.37746	12.6471
-4.8131	14.4496
-1.81229	11.8029
-5.24238	14.1403
-3.95852	14.3274
-4.7181	12.359
-2.81384	12.4699
-3.61964	12.484
-4.40489	13.7018
-5.01206	14.6898
-5.39304	13.8864
-5.13439	14.9949
-3.1642	13.5378
-3.39152	14.9373
-3.577	13.8614
-6.16532	14.7862
-3.53911	14.1257
-2.18798	14.5311
-2.11158	12.6295
-5.33872	14.554
-5.34965	13.8285
-2.92844	11.4251
-5.88508	13.175
-4.13992	14.7169
-4.70367	14.3863
-5.57162	14.2937
-5.5009	14.2258
-3.74845	14.8801
-4.49114	12.9492
-2.35694	12.4482
-4.82572	14.2323
-3.52287	13.9813
-3.20813	12.9142
-3.56982	13.6829
-4.26416	14.4542
-5.60741	14.7324
-3.09273	12.5762
-4.1239	14.7055
-3.08337	14.5223
-5.50549	13.7115
-1.71503	13.8854
-2.81984	11.7765
-0.791548	3.747
-6.06698	11.9344
-3.3745	13.1737
-2.02633	14.8335
-5.51869	13.8224
-3.23553	12.6175
-4.50598	14.5747
-4.96403	13.5543
-4.52693	13.6303
-1.25304	13.43
-4.10568	12.1336
-6.23127	13.3455
-3.65074	13.7118
-5.38473	12.4363
-4.779	14.385
-3.0372	13.3791
-3.29141	14.2865
-4.51753	13.2837
-4.68694	14.9545
-3.5892	13.6203
-5.33157	13.7394
-2.9942	13.7812
-4.03045	12.8536
-3.62344	13.9859
-3.95868	13.4788
-4.22231	13.7112
-3.29198	12.7354
-4.1774	14.5335
-5.56135	14.2905
-1.45872	14.2943
-5.40902	12.5261
-2.22351	12.5098
-3.3817	14.5965
-4.03228	14.9355
-3.06806	14.3961
-4.41561	14.1809
-5.21651	12.2168
-4.03092	13.6153
-3.97752	13.1365
-3.51215	14.3303
-4.21382	14.0354
-4.94365	14.3039
-2.28054	12.1102
-4.92566	14.9915
-2.58034	11.943
-3.99748	13.6415
-3.13588	14.1219
-2.69171	13.7331
-4.01467	13.5835
-5.20879	14.2881
-4.26629	12.3893
-2.66793	13.8433
-3.30599	12.7943
-6.0834	14.6503
-5.62021	13.7539
-4.10289	13.2178
-4.11021	13.6931
-4.42734	14.6563
-4.59179	13.5471
-4.81778	12.4752
-3.56131	12.8289
-2.84702	12.5358
-3.08044	14.2341
-3.49508	14.0767
-4.26044	12.9635
-2.73372	14.2779
-4.88789	13.0014
-2.81201	13.6582
-5.19679	12.1707
-3.24913	13.3159
-5.92515	13.3783
-4.38867	13.5957
-3.52099	12.9223
-2.45088	14.8077
-5.35239	13.1777
-3.44855	11.7864
-3.9309	13.4981
-2.01735	14.1835
-3.18227	14.6125
-5.39166	14.6712
-5.75922	12.4719
-5.32593	13.1719
-4.27325	14.8227
-4.15869	12.7521
-4.1192	14.338
-3.60328	13.4503
-5.80246	13.0204
-3.98432	12.3677
-3.07028	13.4415
-2.22945	13.6155
-4.11728	14.0111
-4.24032	14.9513
-0.609788	14.6909
-3.42241	14.8244
-4.09031	13.5678
-2.9637	11.8691
-3.34746	14.4821
-4.35107	13.1597
-6.04547	13.1638
-4.51882	14.5942
-5.73443	13.7712
-5.49006	13.0294
-4.15777	12.2483
-2.67894	14.1028
-4.12463	13.341
-4.64125	13.7611
-5.09482	11.6554
-3.42315	14.9296
-3.12174	12.3598
-3.99818	14.7517
-4.37929	14.1163
-5.57655	12.4303
-5.74832	12.7148
-4.76594	14.7578
-5.33182	11.9504
-4.24442	14.7927
5.64697	14.9587
-3.38067	14.2981
-5.27571	14.112
-2.12501	12.8256
-5.20925	14.4173
-4.84169	13.5302
-3.23871	12.7643
-4.63304	13.6401
-4.98458	14.8614
-2.99609	14.1459
-4.35395	12.955
-5.05681	13.5637
-4.29738	14.6909
-5.19889	14.786
-5.75717	12.1743
-3.32384	12.2537
-3.87145	14.2563
-4.65337	14.2666
-3.97608	13.8538
-4.03058	13.0441
-3.58964	14.5651
-1.29017	14.5497
-4.08844	14.6094
-4.92284	12.9871
-3.35305	14.6412
-4.54648	13.2158
-3.70893	14.2594
-2.83782	13.74
-3.21302	14.3252
-2.6009	14.6696
-5.58445	13.3563
-5.05997	14.6719
-4.47958	11.904
-2.1366	14.5726
-4.67441	12.6013
5.09441	12.2021
-5.4588	14.7591
-5.92167	14.5313
-2.8834	14.8493
-2.58651	14.1447
-4.24263	12.7607
-4.07672	14.2536
-5.94025	14.0721
-4.22989	14.4642
-3.27132	14.2151
-4.06283	13.9946
-3.70936	14.2614
-4.40034	13.0222
-2.88364	12.7586
-3.46766	14.472
-5.01721	13.9346
-6.02847	14.0079
-3.1062	12.5384
-3.68793	12.6563
-3.73084	14.5906
-3.1484	13.3828
-2.93407	14.1442
-3.59402	12.7417
-1.96791	13.5668
-4.77347	13.7991
-3.90267	12.2177
-4.89347	13.1417
-2.745	13.9762
-4.79471	14.2287
-4.85257	14.9097
-3.70638	12.6668
-3.73701	11.9286
-4.48593	11.9665
-5.17171	14.123
-3.32413	14.2804
-3.16884	12.7272
-3.51238	12.0186
-3.70625	14.5807
-4.86166	12.278
-3.70855	13.0245
-4.69932	12.8279
-3.72088	14.361
-5.32721	14.6574
-4.17992	13.428
-3.1751	14.5296
-5.05322	13.8902
-4.88035	14.5141
-4.85098	13.4075
-5.82245	13.9203
-3.28287	13.4392
-5.76617	14.3851
-3.55652	13.6395
-3.63964	13.0622
-2.49955	13.0236
-3.53295	13.5619
-3.0687	12.8647
-3.90367	12.4233
-1.94758	13.0285
-1.22788	11.3345
-3.5135	14.3624
-2.32713	13.877
-3.83546	13.834
-4.14872	13.7174
-2.14164	12.4935
-3.54972	12.9233
-3.28137	12.664
-2.32077	13.7614
-4.06549	14.684
-4.08227	13.414
-5.07677	13.9148
-2.90281	12.307
-2.42282	11.4316
-5.67635	14.7599
-3.83243	14.3258
-4.12446	14.2591
-5.80581	13.876
-5.38693	14.1019
-3.08824	13.1524
-3.55863	12.5182
-4.44302	13.2662
-5.57448	12.5254
-5.21036	13.1217
-2.77244	13.2685
-5.87149	13.3237
-4.52506	12.3521
-3.11629	14.8516
-3.91279	14.8009
-5.04576	12.2838
-2.23019	13.3085
-3.08967	13.32
-3.40792	14.6857
-4.11896	14.7236
-5.97844	12.773
-3.44513	13.3907
-3.05245	14.8517
-5.10295	12.641
-4.42551	13.9937
-5.03692	13.9692
-3.68642	13.6469
-3.33432	13.3692
-3.7008	13.6475
-5.35341	13.7662
-4.98565	14.6645
-4.30133	14.5161
-3.02686	13.6001
-3.125	13.4918
-5.29164	12.6445
-4.29209	14.6715
-5.55032	13.0186
-5.11396	12.4252
-3.53887	12.398
-1.80204	12.3438
-5.25942	13.119
-3.57038	14.794
-3.28652	12.4551
-5.29188	13.6539
-5.14471	12.7557
-1.09755	14.2358
-3.93541	14.0524
-3.76176	13.8024
-4.94906	12.3151
-4.97726	12.1298
-5.82564	13.6321
-3.14867	13.2984
-3.73911	12.6092
-3.49529	14.5131
-4.80368	13.2955
-3.59899	13.5803
-5.4536	14.7668
-3.34594	13.2265
-5.48797	14.5663
-4.39405	13.0689
-4.41149	14.0064
-3.07754	13.409
-6.1208	12.4344
-5.8687	13.6185
-5.44944	11.9872
-1.43042	13.5722
-2.99995	14.5516
-4.68541	12.4399
-3.21918	14.3284
-4.62051	14.0803
-2.97802	14.8118
-4.00832	13.3744
-2.67352	14.3096
-4.60323	13.8957
-5.53057	14.6495
-4.14842	12.6134
-3.76047	14.4457
-4.81506	14.4771
-4.0035	12.2427
-4.93152	12.7718
-5.53048	13.7762
-5.01279	14.5254
-5.44064	14.6918
-4.02505	12.1415
-4.61291	14.1577
-3.51776	14.0245
-4.67476	14.2989
-5.2621	14.4327
-3.59657	12.4599
-4.94359	14.2998
-5.62725	14.7403
-4.74754	11.9789
-3.33894	14.2563
-5.27808	14.8879
-3.43465	13.21
-5.71868	13.7039
-3.66088	14.1626
-5.26533	12.8228
-2.9309	12.7769
-3.10527	13.8638
-4.9443	13.4245
-6.118	14.5841
-4.81233	14.2203
-5.5663	14.0349
-4.82379	12.8746
-3.03653	14.2418
-2.1617	12.1612
-1.01261	12.4477
-4.86235	13.6517
-4.5155	12.6331
-3.01454	11.0826
-3.89098	13.7857
-4.79042	13.3694
-2.16132	13.1673
-3.25939	12.127
-4.10495	12.3238
-5.24077	14.7738
-3.45387	14.5077
-3.71491	12.539
-5.1831	14.7318
-5.0675	14.0553
-3.82509	13.0807
-5.9021	12.9258
-4.52153	13.3857
-4.5079	13.9415
-3.15422	14.5389
-4.62446	13.3632
-3.27794	12.6338
-3.36855	13.7481
-3.604	13.7672
-3.11804	12.621
-3.15279	14.608
-5.15245	14.0175
-5.60153	13.8768
-5.31049	13.5597
-3.46309	14.6395
-3.05995	13.6839
-3.02486	14.6883
-4.98908	13.9131
-4.51993	13.5222
-4.09566	14.8968
-4.61035	12.1261
-3.05465	11.9502
-4.35801	12.7945
-3.36826	14.2337
-3.74452	14.1165
-5.5002	13.9648
-3.16391	13.9692
-3.84761	12.7926
-4.51863	14.0996
-5.00518	13.0905
-2.99568	12.8085
-3.92792	12.4747
-3.57837	13.7038
-4.29853	13.7342
-3.28037	14.8697
-2.62709	14.8998
-3.80881	14.1736
-3.55554	12.086
-3.81554	14.8741
-4.1929	12.0021
-3.84443	13.7228
-3.50439	14.4109
-4.34638	13.689
-3.18899	14.4934
-3.47227	14.0471
-5.31213	14.0262
-3.1727	13.9888
-3.58494	14.407
-5.3631	12.2798
-5.36647	14.1264
-4.05087	14.0324
-5.09978	14.1249
-4.621	13.251
-5.35315	13.7587
-2.65436	12.8876
-3.00755	13.9463
-3.64495	12.9472
-4.53486	13.9833
-3.92684	13.2874
-4.08446	12.6091
-4.11654	14.6234
-5.07895	13.922
-4.86832	13.5726
-2.65516	12.4793
-4.40776	13.1542
-2.06115	14.2843
-3.27153	12.3285
-3.92945	12.0939
-3.71421	13.9226
-4.61314	14.3206
-4.25808	14.3805
-4.10594	14.6748
-3.34782	13.231
-6.00405	14.9298
-3.62561	12.8819
-3.34832	13.6739
-4.31607	14.2868
-4.34426	12.7339
-3.70223	13.3022
-6.04612	13.7964
-3.85885	13.6627
-4.79913	13.9595
-5.35458	13.1926
-4.90839	14.6902
-5.21526	14.4652
-3.75988	14.9438
-5.96018	13.6923
-5.44253	13.4796
-4.13589	13.6735
-2.43408	13.0952
-3.54547	14.0638
-3.33303	14.6428
-3.08931	13.36
-3.29304	14.2523
-5.52427	12.8386
-2.96179	12.4772
-3.90845	14.791
-4.18229	12.5379
-3.33115	12.3469
-3.73106	14.6687
-1.41246	14.2778
-4.89087	14.2978
-5.75211	13.9742
-5.89198	12.4269
-4.37595	13.6216
-2.00907	14.6244
-2.63348	13.4196
-4.15452	14.9132
-2.89341	13.4983
-3.33551	12.8988
-3.09632	12.672
-2.83509	14.0515
8.76072	10.5362
-5.08071	14.6194
-3.67318	14.346
-3.78916	14.7354
-3.14348	13.7413
-3.35575	13.9761
-4.04676	14.7903
-3.81297	12.8561
-4.45025	14.0075
-3.78053	13.626
-4.80765	14.4255
-4.07218	14.6366
-5.12157	13.8448
-4.93212	13.8666
-5.59998	12.0548
-4.48778	14.1444
-2.33369	11.3186
-5.09708	12.4663
-4.26398	13.5252
-2.85992	13.5895
-4.28712	13.9637
-4.73803	13.4118
-2.24962	13.1701
-3.37368	13.6621
-4.32544	13.1865
-2.96642	12.4851
-5.20992	13.4171
-3.17873	12.3772
-2.69721	13.5365
-3.57243	14.4543
-5.49725	14.1013
-3.28334	14.6818
-3.67392	13.5237
-2.83632	14.4129
-2.24313	13.1296
-4.98031	12.7322
-5.13949	14.6863
-5.85114	12.282
-4.96237	12.3253
-3.9704	13.4149
-2.15607	14.5198
-3.20515	12.7035
-2.62553	13.4455
-2.93547	14.2453
-4.5234	13.7314
-2.41025	12.247
-4.72004	13.8446
-3.24338	13.0542
-4.12177	12.7561
-4.08981	13.7227
-5.02354	14.2629
-3.4085	12.4122
-2.65331	14.7445
-3.73564	12.9019
-3.83849	14.549
-5.41246	11.8791
-4.17631	12.6537
-2.35657	12.4818
-5.55574	12.1965
-3.52764	14.0118
-4.54606	14.7319
-5.62721	13.4482
-4.11697	13.8566
-3.57718	14.3376
-3.92943	13.7591
-3.13283	12.746
-4.01872	14.8777
-4.57986	14.0396
-1.63462	14.7301
-3.10356	14.3771
-4.58379	12.4132
-4.67932	14.7307
-3.96966	13.998
-2.99216	13.4254
-4.12356	12.3606
-5.04625	14.4172
-4.70072	12.7663
-2.34325	12.9907
-5.76328	14.6565
-3.29883	13.2128
-5.79961	13.5058
-3.78925	13.9876
-5.1219	13.2957
-5.7021	14.9214
-3.90872	12.4981
-5.72427	14.0668
-3.33144	14.8349
-5.36393	13.9055
-2.71656	12.2086
-3.1877	13.4517
-4.96088	12.9198
-2.4051	14.8699
-3.90605	14.9236
-3.02232	14.7322
-4.53202	13.1024
-3.61183	14.2034
-3.92796	13.5814
-2.25728	11.9331
-2.15149	11.2659
-4.25954	14.8024
-5.58983	11.9745
-6.00317	13.272
-5.52999	14.6081
-3.78006	12.7329
-4.43555	13.9914
-2.74877	12.4461
-3.11225	14.0056
-2.21714	14.9467
-4.50071	14.9803
-5.16268	14.4247
-2.8571	12.4987
-3.23258	14.4635
-4.32555	14.7311
-4.28157	14.5756
-3.71771	13.8623
-4.17214	13.675
-4.04066	14.678
-1.62529	12.2407
-4.07437	12.4266
-1.91921	12.5153
-3.12658	13.0625
-3.17064	12.7784
-4.50113	12.4312
-4.28238	13.4848
-4.49276	14.0623
-3.86459	14.3642
-5.31088	14.8666
-5.37877	14.8316
-1.52788	14.7124
-5.26069	12.3667
-0.942278	12.947
-3.47939	14.4492
-3.38491	13.1064
-1.99982	14.2063
-4.04659	14.107
-3.46634	13.0841
-4.30666	14.2619
-4.55322	13.3075
-3.39077	13.593
-3.31228	13.0699
-3.3696	13.911
-2.19353	13.7867
-1.89669	12.5929
-3.20746	12.4654
-5.97349	14.5249
-3.83889	14.9044
-4.18203	12.4469
-4.58369	14.4934
-4.77059	13.3282
-3.49041	12.1632
-1.34661	9.86831
-2.79258	13.2608
-4.66955	13.7854
-5.94352	12.8113
-4.00975	13.671
-3.25831	13.6147
-2.53526	14.7571
-4.56133	13.8767
-3.52648	12.617
-4.04457	14.7627
-5.37703	14.8784
-3.29877	13.1306
-4.25774	12.6953
-5.77185	12.8332
-3.26204	14.8213
-3.63551	13.9676
-5.62641	14.6216
-3.25362	14.0421
-2.40316	14.5759
-3.85242	12.2456
-3.76957	12.5677
-3.45012	12.8151
-1.79427	12.6126
-3.47362	13.7878
-4.09616	13.0436
-2.48661	12.7133
-5.50834	12.5572
-3.44806	14.9673
-2.27859	14.1795
-3.41376	13.0528
-2.94859	12.9356
-5.23943	14.5794
-3.79168	12.2013
-5.43388	13.9584
-3.9025	14.9407
-4.04644	14.5097
-3.40694	12.957
-5.65643	14.5946
-3.21718	13.2745
-4.59463	14.0868
-3.3929	13.1297
-4.71417	14.456
-4.42026	12.7278
-5.13765	14.8183
-4.02274	12.003
-3.52011	13.6937
-5.15695	13.5524
-5.41514	13.4827
-3.65998	14.3484
-1.48906	14.2014
-3.90064	14.5268
-3.13049	14.4144
-5.02012	13.3523
-3.6863	13.7091
-5.59301	13.5165
-4.65219	14.471
-2.55642	13.9033
-4.2878	12.1389
-3.44349	12.1768
-1.66792	14.0181
-3.98749	13.0055
-4.81031	12.346
-5.02534	13.0531
-4.52914	14.0882
-4.27255	13.4277
-3.59688	12.8751
-5.86633	12.9586
-5.19971	13.6192
-5.14812	14.6337
-2.13091	11.795
-4.79008	12.4229
-4.01919	13.0258
-5.6162	13.5263
-2.59342	13.2228
-5.6585	14.8036
-4.32173	13.9942
-3.82359	13.3059
-3.26602	14.8637
-5.33648	12.3937
-5.36211	14.4574
-5.54697	13.2977
-3.19462	13.2883
-4.45095	13.2917
-4.37294	13.7525
-5.3684	13.6918
-5.27438	13.7633
-4.40788	12.2574
-4.5453	13.5712
-3.4606	14.962
-2.47329	14.4604
-3.65393	12.4356
-3.09036	12.472
-3.27879	14.4598
-4.29451	12.6258
-3.67105	14.6184
-4.69735	14.2593
-4.35237	14.4223
-4.84013	12.1387
-3.73158	12.7986
-2.9219	13.0418
-4.72722	13.3662
-2.2838	13.5862
-4.5362	13.6731
-3.33333	14.036
-5.67571	12.5185
-5.75483	14.8826
-5.64595	11.9772
-4.26799	13.214
-2.96725	13.5045
-2.93846	12.8311
-3.33457	14.1961
-4.50703	11.9883
-5.1765	14.6806
-3.81992	13.8793
-3.44837	13.1832
-4.135	13.9508
-4.1701	12.671
-4.66746	12.0649
-4.1185	12.2879
-3.29873	14.186
-5.69536	14.1484
-3.07994	13.0082
-5.74454	12.3094
-1.08098	12.5747
-2.33238	12.058
-3.79219	12.8109
-3.17546	13.554
-3.96308	14.6457
-3.65919	14.294
-2.82391	14.0128
-2.24169	13.2845
-5.33341	14.9018
-5.49014	13.7137
-3.90865	13.5988
-4.02336	14.1353
-4.96856	12.0198
-5.5695	13.0689
-2.59371	13.4176
-4.88107	14.1832
-3.14941	14.1102
-4.78995	14.611
-3.95368	12.2383
-3.57468	12.298
-3.77285	12.8436
-5.6283	13.1756
-2.19054	14.6241
-6.11222	14.4062
-3.07585	14.764
-3.74556	13.8297
