6.40981	-13.9388
4.70572	-14.9755
3.5325	-12.6809
5.27002	-12.871
3.78751	-11.8869
5.96621	-13.7803
5.60464	-12.3098
4.51864	-12.4932
5.69084	-12.276
4.86006	-10.9676
5.08919	-12.5459
5.67089	-13.1065
3.95907	-14.4355
5.57139	-13.4175
3.72062	-12.432
5.60933	-13.5615
5.39411	-14.084
5.75914	-13.2308
4.65638	-12.8597
6.60375	-13.4834
3.99827	-11.2489
5.31114	-12.1988
6.14364	-13.4827
5.16497	-12.747
3.2683	-11.1833
5.05165	-11.1
3.37422	-13.8063
4.11434	-12.031
7.31169	-12.8596
4.00046	-13.2655
6.00485	-13.6236
2.90781	-13.8114
4.88479	-11.6353
5.23229	-13.5008
4.45544	-13.1157
4.91268	-11.9676
4.5433	-12.7667
5.41932	-12.3708
5.93326	-14.352
4.88015	-14.8475
5.27296	-13.6362
4.03481	-14.7792
3.66479	-13.1815
4.62895	-13.595
5.06748	-11.7339
6.08066	-12.6109
3.89071	-14.8294
3.67088	-11.0383
3.29095	-13.0826
8.18836	-13.0507
4.26817	-12.3113
6.12898	-14.7035
6.03087	-11.4869
3.86954	-12.3701
5.0486	-13.2145
6.04037	-12.4758
5.78893	-12.6257
5.18554	-13.1223
4.79395	-12.8948
7.75376	-10.0667
5.44222	-13.0857
4.30441	-12.4915
7.27378	-13.488
7.27741	-13.6132
4.36773	-14.1006
5.45358	-12.7914
5.55914	-11.7494
5.13106	-12.4735
4.17677	-12.4165
4.08899	-11.0069
4.78947	-12.3365
4.53478	-12.2232
5.3521	-13.8035
4.8049	-13.5148
4.9247	-12.6925
5.71587	-14.8633
3.70971	-12.7614
6.08829	-13.341
6.73464	-14.1743
4.73539	-10.9232
4.00446	-13.4564
5.55539	-11.8644
3.98192	-14.8272
6.12585	-13.995
3.56656	-10.9906
4.74136	-12.3165
6.03818	-13.1458
3.25671	-13.7462
5.26737	-11.8967
5.90469	-13.6467
5.65407	-13.0016
5.69289	-13.902
3.10242	-12.0789
6.31137	-10.5581
6.58129	-11.6206
3.98599	-12.703
5.7909	-13.0119
4.07972	-10.0448
4.32905	-12.1288
2.93249	-13.1212
4.71127	-11.8179
5.64042	-14.0851
3.22672	-11.5557
6.94718	-12.8167
6.02254	-11.8351
5.06971	-11.2564
5.41089	-12.542
5.08647	-12.5766
4.45561	-12.4025
5.21751	-13.9149
5.79854	-13.4387
4.71272	-12.4359
4.93736	-12.9086
5.56668	-14.4542
4.74034	-12.8955
4.64907	-11.5878
4.45931	-13.0348
3.29047	-14.4024
4.6144	-13.5506
4.01349	-14.1769
4.48212	-10.9793
6.16657	-11.9201
5.15783	-12.0657
3.14322	-13.0056
5.22908	-13.6578
4.15633	-14.9844
5.57437	-14.7048
3.29869	-14.1734
5.64211	-12.2502
5.20589	-12.7897
5.4024	-13.5035
3.3504	-11.1279
5.80495	-12.2482
5.65403	-11.9567
4.93134	-13.7245
3.71727	-14.2012
4.82066	-13.4508
6.47203	-12.7715
5.55678	-14.574
5.93544	-13.6407
5.45527	-13.2669
4.38914	-12.5444
6.28182	-11.6641
3.75926	-12.9088
4.61188	-12.3027
6.17054	-14.0424
5.00728	-12.2494
5.12128	-12.3529
6.04297	-11.5095
4.71593	-11.7874
5.48469	-13.0996
3.05033	-14.5449
5.32985	-11.8779
4.77753	-14.8032
4.2412	-13.7493
6.17539	-12.8348
5.05806	-13.4915
5.67563	-14.4001
6.31269	-11.0064
3.54782	-12.5093
5.7634	-14.8306
3.5009	-9.13592
3.67007	-12.0575
4.5757	-13.2425
3.01671	-11.9362
5.01112	-12.2693
5.13219	-13.7901
5.00428	-13.1239
4.83111	-14.6965
3.68049	-13.0705
6.21068	-12.4552
3.90585	-11.4793
7.34326	-11.8839
4.52452	-12.194
4.95372	-13.8199
5.15751	-14.9362
6.18648	-13.1579
3.74202	-14.5316
5.5256	-12.4166
3.46939	-14.0283
5.88662	-12.8254
5.749	-14.1277
3.98118	-11.786
4.30216	-13.4663
3.88108	-12.8563
5.86212	-13.7325
5.67013	-11.9796
6.91406	-11.8282
5.29162	-13.4296
3.72349	-12.644
5.01159	-13.8734
4.79435	-13.0387
3.82555	-11.9281
7.23356	-11.6868
7.12063	-13.1473
5.56846	-14.9653
5.99394	-13.3446
3.48388	-12.2869
6.94286	-12.063
5.18423	-13.3129
6.74797	-13.6417
4.91367	-13.8678
5.25037	-14.0346
4.12439	-14.1202
4.03377	-12.3191
4.79945	-12.473
5.95518	-14.3782
5.25943	-10.851
4.89026	-12.7604
4.56167	-14.1948
3.80626	-11.9434
4.26445	-13.9075
5.14182	-12.8296
5.62433	-12.8004
5.89197	-14.1185
4.12617	-12.6039
6.01901	-13.2751
4.40249	-11.932
5.17529	-11.7509
3.73459	-12.0572
5.88392	-14.9839
4.42046	-13.6454
5.27572	-12.2715
5.81652	-13.4248
3.4312	-11.9121
3.91513	-13.0963
4.12588	-13.419
5.7634	-13.6664
5.66045	-13.7262
4.02743	-11.1528
5.0388	-12.0575
4.78831	-14.0442
5.8019	-14.3394
4.57679	-14.1053
4.50037	-11.7971
4.18091	-14.8508
4.08924	-13.951
6.2072	-13.4615
6.59364	-12.959
5.35249	-12.8642
5.08715	-13.5648
4.15729	-12.6303
3.64672	-13.5657
4.60267	-12.4895
4.59725	-12.8467
6.68899	-13.9355
4.68357	-14.6808
5.77352	-10.6467
3.35147	-14.4668
5.04024	-12.6148
4.40716	-14.5907
5.88675	-13.9376
3.31615	-14.1846
5.76314	-12.4691
4.65047	-12.9235
4.70113	-13.4167
6.14057	-14.8686
6.64103	-13.6325
3.96472	-13.947
4.58469	-12.7729
6.37645	-12.6019
3.25553	-11.6158
5.32719	-13.8952
3.54037	-13.2967
3.88976	-13.2872
8.37339	-13.2439
3.67398	-13.0607
5.66341	-12.9685
3.94	-14.1165
5.4859	-13.6201
4.72043	-14.427
5.36321	-12.6549
5.64038	-12.2438
7.50357	-13.8194
6.97387	-14.9812
5.87379	-13.5798
4.84745	-14.4107
5.57967	-10.4507
3.00619	-13.9722
4.5996	-12.9183
5.46655	-11.9061
5.92905	-12.7811
4.9189	-12.5332
7.13583	-13.1493
5.14603	-10.1665
7.94283	-12.0686
3.0915	-10.7799
5.54624	-12.7747
5.13429	-14.5142
4.11366	-11.3666
5.34673	-12.113
4.73027	-13.7922
3.97566	-12.5165
6.67206	-12.2277
2.8824	-12.6149
6.02056	-13.3206
6.61982	-13.7255
5.20972	-12.823
5.35477	-12.8726
6.34102	-13.9955
5.82378	-14.7602
6.499	-13.5248
6.22329	-11.0843
4.97321	-11.8815
4.16684	-14.0232
7.05397	-13.2414
4.73823	-12.3156
4.58699	-14.7391
3.69821	-13.0147
3.44556	-11.87
4.20444	-11.6934
3.47008	-14.8934
7.19596	-12.5407
4.39776	-14.4412
5.32499	-14.2094
5.12297	-11.9124
6.45455	-11.1803
4.66482	-12.4918
5.49969	-12.4607
6.83485	-13.1558
4.12631	-12.9093
5.58859	-12.0862
5.05759	-14.448
4.41022	-11.9818
5.17715	-12.2697
4.68691	-13.7974
3.75493	-13.4988
4.25709	-12.6252
7.42322	-12.1641
5.79383	-13.5207
7.05651	-11.4625
6.01593	-12.5507
4.81166	-12.8545
5.10368	-13.6927
4.32567	-14.4958
2.96962	-13.1957
6.26657	-14.8233
7.22782	-13.3888
5.81105	-13.037
6.02541	-13.6867
5.01571	-14.1336
5.75327	-10.7871
4.7988	-14.0785
2.98211	-12.0365
4.83009	-12.93
5.11656	-13.3387
5.12806	-13.1598
3.171	-13.826
4.91784	-13.4315
4.42048	-13.4142
3.99333	-13.3592
3.3157	-13.0809
6.21022	-12.8223
3.08543	-13.5562
3.37354	-12.8996
5.97122	-9.3821
5.2484	-12.7141
5.25711	-11.5881
3.80974	-11.9718
3.46548	-12.8305
4.43642	-12.2843
4.9508	-10.6879
4.22495	-13.3424
5.18051	-12.5912
4.01934	-13.5504
5.14942	-14.2871
3.66034	-13.0667
5.40925	-12.8993
4.87675	-11.8751
4.07891	-13.2325
5.79101	-14.5402
5.37354	-13.2507
5.24346	-13.278
5.28375	-12.5096
4.82852	-13.9921
6.67579	-12.5412
6.20336	-13.0485
2.9893	-13.9091
3.77996	-13.002
7.07171	-12.0249
4.95098	-14.3478
3.96801	-11.5784
4.35334	-13.4917
5.07174	-13.7868
5.61631	-12.8941
4.12312	-14.1653
5.44658	-12.2829
4.64065	-11.0305
5.71806	-10.0982
4.16642	-13.6175
4.51911	-11.9587
3.75926	-13.7263
5.71252	-14.4064
3.90417	-12.8799
5.40921	-11.149
4.52798	-11.2387
3.41823	-12.6448
3.12315	-13.7324
4.1384	-11.7086
4.80461	-14.5817
5.64653	-13.5036
2.79114	-14.5311
5.85714	-14.2314
5.03388	-12.0892
5.20673	-13.2867
8.02493	-13.2766
5.8296	-12.131
3.59575	-12.1315
5.56128	-13.5915
4.44909	-13.1817
4.98805	-13.5421
5.4519	-13.2457
3.9792	-13.7849
5.72337	-13.5057
5.33016	-14.2387
3.50097	-14.0829
5.33091	-12.6273
4.46622	-12.8742
7.14424	-10.356
3.19155	-11.0269
6.38973	-12.4648
5.04316	-13.8165
5.10033	-12.4167
5.06938	-13.6325
5.03043	-14.7585
5.88719	-13.0245
4.94275	-11.7499
3.43055	-9.61927
5.77254	-13.6325
4.87805	-12.7789
4.65818	-14.8877
2.87176	-14.1621
5.46648	-14.1654
4.63483	-14.3349
3.31401	-12.9174
6.03846	-14.5014
5.95919	-13.9422
5.48208	-14.7355
3.31496	-12.6154
6.28403	-14.0902
4.0263	-12.8386
4.27016	-11.9758
5.93123	-13.0055
5.45149	-13.1215
5.97164	-14.0218
6.33867	-12.8195
4.4272	-12.2107
4.11244	-13.7626
6.27129	-11.9568
3.5639	-13.2541
4.49544	-13.7132
6.2375	-11.4635
5.10747	-14.3819
5.69294	-13.9393
3.81692	-11.381
4.95821	-12.0834
4.40177	-13.9943
3.59751	-12.7926
4.62669	-12.7638
3.05388	-12.8696
5.57969	-11.9697
11.9248	-5.11865
4.8472	-13.1849
3.8545	-13.3822
5.72017	-12.2911
5.21648	-11.3504
3.61249	-13.9149
3.49935	-13.493
4.37785	-11.3852
5.76038	-13.438
5.49748	-14.591
5.93701	-12.7542
5.54525	-13.5368
6.06966	-12.0465
4.8109	-13.8473
4.22905	-12.2443
5.25555	-13.6954
4.71522	-13.7556
2.88942	-10.6936
5.03312	-13.7803
5.6926	-14.7764
4.37146	-12.6282
6.67692	-10.2185
5.43869	-12.7196
3.99592	-11.7115
6.27231	-13.2658
5.02254	-14.2848
5.8317	-13.4182
4.98379	-13.3126
5.47364	-13.074
5.36279	-13.1325
3.68027	-10.9448
4.5407	-12.3699
5.92044	-11.3366
4.97419	-14.2836
3.64514	-10.9627
3.4662	-14.9469
5.22413	-13.0618
3.2544	-13.5202
4.05615	-12.057
8.59752	-11.9896
3.89997	-13.4934
5.49404	-14.0224
5.23875	-11.569
5.10073	-14.4542
6.60385	-10.2446
4.03864	-13.4751
3.04398	-14.2339
5.18179	-14.0224
4.85349	-12.7686
3.52848	-11.1301
5.70802	-12.7406
3.56798	-11.4071
4.43036	-13.2968
5.93508	-11.9933
6.06189	-13.8717
2.95388	-13.0772
6.21463	-10.2252
4.28387	-14.1448
4.3234	-10.7964
4.00948	-12.5618
5.70578	-13.7509
4.48434	-12.9837
5.96914	-12.0925
5.61585	-12.7126
3.90494	-12.7159
3.31317	-12.7535
4.65724	-14.5551
7.17443	-13.8841
7.33453	-13.8324
5.04296	-11.3279
4.06186	-13.7677
5.62919	-14.9416
4.96263	-13.7101
5.13367	-12.6743
5.31203	-14.6645
5.09016	-11.9047
5.56577	-14.0438
7.97143	-13.7069
5.53166	-12.2536
5.99431	-13.1531
4.64147	-13.5444
3.93142	-13.1996
3.26061	-12.0894
4.5348	-12.9558
4.37228	-13.329
5.80754	-14.7693
6.03084	-13.3613
4.20222	-13.4865
2.85404	-14.1226
4.9654	-13.3285
5.68704	-11.5408
4.95179	-12.6719
3.30613	-13.038
5.61712	-14.9576
3.77936	-13.7902
3.73684	-12.4739
5.07017	-14.016
5.09296	-13.53
4.15459	-13.095
6.6187	-13.9332
3.99775	-11.3826
4.75179	-12.1844
8.12412	-9.31709
5.69113	-13.2473
3.8105	-12.8899
4.61701	-13.8452
4.30022	-13.5647
4.84834	-14.1392
6.48625	-13.8849
5.79018	-12.4126
4.72204	-11.379
5.54881	-14.5625
6.62262	-12.9547
4.80958	-12.716
6.0111	-13.1633
4.71766	-12.0138
3.48727	-13.604
5.56962	-14.4669
4.73995	-13.6769
4.77857	-12.0676
5.31718	-11.5284
3.4999	-12.1536
5.70819	-13.4276
4.79541	-13.8055
6.13535	-10.4661
5.28894	-12.137
3.87214	-14.0116
5.5992	-14.0262
8.72386	-3.8609
6.1219	-12.0061
4.43343	-13.6935
4.61659	-14.1154
5.83763	-14.6816
5.56984	-13.8864
5.24492	-12.2646
4.22186	-12.1688
3.15836	-14.4003
5.72575	-11.3286
5.84762	-12.9183
5.07306	-14.2434
6.17823	-11.6917
4.85441	-12.6303
7.5756	-10.8802
3.69718	-13.5367
7.35797	-13.4862
3.6523	-11.7086
5.21794	-10.1321
5.14015	-12.9007
5.60649	-13.6516
5.62945	-12.5296
4.20746	-11.5395
6.12676	-12.7624
6.24039	-14.0829
4.71373	-11.1635
5.28541	-14.0475
4.43452	-14.6458
4.19695	-12.9423
5.65418	-12.2675
5.92851	-12.9307
5.59813	-14.3788
3.27116	-12.0545
6.8424	-12.3291
5.6946	-12.263
5.84793	-13.5716
3.89034	-13.9747
6.06635	-13.2724
5.92566	-12.6377
4.33226	-14.1855
4.64585	-14.5589
5.48736	-12.1278
6.39212	-13.6267
5.67497	-11.36
6.45834	-12.0357
4.67718	-13.9122
5.22788	-12.6543
3.85778	-10.6687
4.19974	-12.8581
3.96369	-14.0276
3.50767	-13.5264
5.59242	-13.3787
3.99653	-14.7403
4.14305	-10.9477
5.74897	-14.2439
4.91557	-14.9113
5.28204	-14.8268
4.9936	-12.7407
4.07753	-13.9495
5.26415	-14.3311
5.66269	-12.7094
6.25366	-13.4581
5.86863	-12.1997
7.35849	-14.3409
5.76144	-12.1228
3.14174	-14.9696
5.18742	-12.4123
4.49336	-14.0921
4.40918	-11.2507
5.49472	-12.4301
4.35701	-13.0253
6.10125	-14.8481
5.00863	-14.3412
4.43222	-14.7229
4.97925	-12.9744
5.1523	-11.8228
6.77803	-12.6386
5.91794	-13.0316
7.04063	-12.9234
4.12867	-11.2025
6.26108	-11.6714
4.34788	-13.837
3.70279	-13.0244
8.29345	-12.6415
5.47542	-12.7381
5.2186	-14.344
5.06595	-12.6961
3.97755	-12.2184
4.11311	-14.5897
6.15127	-12.3631
6.04609	-12.9429
5.69491	-12.3317
5.2679	-12.2843
4.57799	-13.3601
3.5626	-14.8297
3.31659	-13.8294
6.40834	-13.5996
6.39039	-14.8748
4.75503	-13.4095
4.81651	-14.7344
4.98879	-12.4029
3.32923	-11.3832
3.95904	-12.7827
5.69746	-12.5217
4.72911	-14.382
6.66285	-14.0964
3.89563	-14.6852
4.6621	-13.673
6.60416	-13.8001
5.8132	-11.8811
6.3002	-12.0015
5.13951	-12.9835
4.53328	-11.2383
4.61898	-12.5346
5.44743	-12.9519
5.46204	-13.8018
4.72582	-11.4099
3.90477	-12.8121
5.12041	-13.3953
4.64624	-11.9685
4.76144	-12.7407
4.97027	-12.2858
5.13526	-12.5422
6.39781	-14.7599
7.73433	-12.1402
5.11645	-13.2645
5.34933	-12.2866
5.77039	-12.9093
4.76934	-11.9055
4.55084	-12.8863
3.77649	-13.1903
3.67933	-13.4239
6.42134	-11.3591
4.49026	-14.1782
4.53879	-14.1486
5.78123	-14.309
4.67017	-13.7273
5.68837	-13.9979
6.1601	-12.2113
3.3592	-14.4507
5.43996	-12.5784
5.28897	-13.2003
5.77404	-14.5357
4.7319	-11.9198
4.15329	-13.1356
3.87915	-14.1992
5.69184	-13.3708
3.62329	-13.0021
5.96844	-13.4538
4.40678	-13.6291
5.79493	-14.5586
2.98108	-13.0573
7.45172	-14.5457
5.22858	-13.094
6.35602	-13.7146
4.08406	-11.8521
3.6034	-12.0361
4.75748	-12.2961
5.21713	-12.9261
5.54732	-13.3168
3.53854	-12.2434
4.81888	-14.8196
3.63467	-13.0011
4.08741	-13.764
3.99495	-12.4139
5.03118	-13.4384
6.31082	-12.5259
5.4019	-13.0173
5.64551	-12.5096
4.04501	-14.5386
4.4159	-13.3062
4.00839	-11.9346
6.26817	-13.8599
4.18566	-13.3746
4.15408	-14.6227
6.35413	-13.8029
5.97031	-11.1975
3.98743	-13.0556
4.66837	-11.6537
4.20307	-13.1465
3.66717	-12.2225
4.65247	-12.5766
5.25922	-12.8945
4.35981	-13.9106
4.9355	-13.5354
5.66733	-12.9356
7.68451	-11.4159
6.45665	-11.6941
4.2751	-12.0763
4.19219	-10.6852
4.97593	-12.6815
4.30397	-14.3996
4.36153	-12.2895
4.85481	-12.481
5.49882	-12.3653
3.61971	-13.4394
6.14262	-13.1255
4.67548	-13.278
3.20249	-14.7415
6.04656	-11.6724
5.83749	-13.9334
3.47822	-12.2857
4.80868	-12.0519
5.68497	-14.6733
4.76846	-13.9251
4.10786	-14.7741
5.30276	-13.1257
6.711	-13.713
4.80746	-14.1192
6.22235	-14.5654
4.87375	-13.8075
5.17261	-8.88299
4.64965	-12.181
6.53317	-9.62033
4.30308	-13.1309
6.18675	-14.7961
4.24833	-14.6751
5.12689	-12.2042
3.67339	-14.2207
3.73653	-12.5076
2.93291	-13.3753
6.17121	-12.5748
5.40789	-13.0043
6.72967	-14.3492
4.3279	-13.8618
3.44994	-12.4027
4.85976	-14.3719
6.17683	-13.5084
3.25149	-11.5507
4.71595	-13.3084
6.99468	-11.1004
5.7785	-13.0477
7.11044	-14.0111
4.93139	-11.8457
5.37021	-12.3707
3.88442	-14.5623
5.01541	-11.3135
6.31177	-10.7949
3.77374	-12.3893
4.49894	-12.1146
5.84138	-12.6142
5.71729	-13.4841
5.447	-14.9002
6.19356	-13.8799
4.69377	-12.2431
4.60365	-12.3044
4.14114	-12.0604
5.33599	-13.773
4.9866	-12.7875
4.13273	-13.703
3.68771	-12.3231
4.09618	-13.6208
5.36633	-14.4632
3.27489	-11.8544
4.60991	-14.3572
5.1827	-13.1511
3.57536	-12.9457
5.75858	-12.3487
5.73686	-14.4699
6.14608	-13.1881
6.12652	-13.0898
5.62861	-11.058
5.22645	-13.3048
3.34736	-14.3469
5.67747	-13.5934
4.78797	-14.3877
5.7069	-13.2659
3.35452	-12.5971
4.5805	-13.9176
4.48155	-12.2641
5.72165	-11.257
6.74271	-11.4243
5.47598	-12.4936
3.50053	-12.2994
6.2247	-10.8152
5.89921	-12.3885
5.25576	-12.0959
5.23241	-12.3908
5.06151	-12.6171
3.46495	-14.6106
5.70369	-11.0974
4.02677	-13.993
4.98024	-13.955
4.4539	-10.7277
2.81357	-12.4592
3.49908	-9.89601
5.15528	-12.4496
14.94	-13.5262
5.02722	-13.3436
5.85876	-12.3379
5.44957	-13.3247
4.49958	-12.7086
5.00881	-14.1306
4.54055	-13.5884
4.12693	-12.5881
3.78896	-13.1704
5.16941	-11.738
6.14986	-13.6818
4.47675	-11.4352
5.85597	-11.2594
4.359	-12.1531
5.86365	-13.2521
5.44337	-13.7267
6.74615	-13.8443
6.69965	-13.832
7.11255	-12.7664
4.89134	-12.5929
3.71544	-14.3466
6.93462	-13.0143
2.99148	-14.8995
4.33465	-14.4953
4.61938	-11.7137
3.35343	-14.8087
4.41012	-12.7779
3.67538	-11.9153
4.45058	-12.5089
5.00099	-12.1127
4.25239	-12.0912
5.66286	-12.81
6.24472	-11.2874
6.76746	-13.3833
4.72585	-13.2527
5.20826	-14.0818
5.51921	-13.0014
4.08519	-11.3534
5.04152	-13.489
4.07614	-12.5137
4.84696	-13.5746
5.36932	-13.6026
4.44304	-12.5604
3.05252	-11.9692
5.83485	-14.0256
3.67532	-12.8569
6.18283	-14.3325
2.96083	-12.2614
5.61624	-13.9509
3.25869	-13.1665
4.17685	-13.7774
6.48662	-13.1912
3.73155	-13.793
5.59082	-11.0436
3.81006	-13.6172
5.95471	-13.2162
3.02066	-13.1954
6.22808	-12.5533
4.83138	-12.319
4.38923	-12.8028
6.86456	-13.6351
5.67443	-13.6343
4.29922	-12.7834
6.37259	-10.9609
3.011	-12.1064
7.13348	-14.2949
5.51907	-13.2728
4.05084	-12.2501
3.6969	-14.6431
4.97382	-14.7904
3.76977	-13.4364
4.52055	-12.0982
6.33227	-13.4454
5.84133	-14.4263
6.11671	-12.0973
3.80662	-13.8406
2.93311	-13.2713
3.76152	-13.8875
4.90845	-14.938
5.10479	-12.599
5.3529	-12.8843
5.95849	-12.5308
5.41142	-14.4493
5.67265	-12.8592
3.9108	-14.8913
5.59349	-13.9644
3.63754	-11.9998
5.55343	-11.8323
4.78286	-11.2945
4.47354	-14.3499
4.23006	-12.098
5.21866	-12.3195
6.11006	-12.9849
3.30022	-12.0606
3.76444	-13.1887
4.61112	-12.4224
4.45561	-12.0103
3.42682	-11.281
5.75051	-13.8624
4.40393	-12.735
4.92324	-13.9065
5.63822	-13.47
3.60529	-13.1039
5.34939	-12.2753
4.16644	-12.0846
4.58132	-13.4587
5.0122	-14.1545
3.8122	-12.5205
3.65737	-12.0254
6.32766	-12.3528
5.37476	-12.6195
5.57391	-14.0542
4.18796	-12.6842
6.28138	-14.6692
6.37534	-11.5374
6.75892	-12.3674
4.10964	-14.1477
4.93679	-11.5404
3.92441	-14.1935
3.88652	-12.61
5.67982	-14.8067
4.69472	-13.2137
5.52242	-14.3881
5.20392	-11.5911
4.31792	-12.8604
5.17816	-13.5983
7.61837	-12.2755
3.9263	-13.5527
4.93814	-14.8819
6.03872	-12.0059
5.43284	-13.4242
5.17269	-14.3532
5.70716	-14.8917
5.11563	-12.0727
4.4088	-12.5157
5.94576	-12.8877
5.4573	-13.1979
4.79788	-12.2049
4.93785	-13.4061
7.24393	-13.1032
4.66722	-12.2523
4.49284	-13.353
4.56927	-11.8731
5.04469	-14.79
3.13401	-8.98026
3.7477	-13.4994
5.30545	-12.4849
4.91953	-12.2745
4.21651	-13.223
5.794	-12.3386
4.18933	-14.3854
3.3629	-13.0628
4.97606	-13.8463
4.51617	-12.8541
4.33396	-14.9729
6.99658	-12.3505
3.70129	-12.2766
5.34826	-12.1845
5.62527	-12.9777
4.60727	-12.2156
6.12832	-13.1733
5.33971	-14.0733
4.42216	-12.4406
5.61049	-12.9265
4.87937	-11.4592
4.04661	-11.1079
4.89027	-11.9018
6.00159	-14.0619
5.64195	-12.8095
4.55867	-11.524
4.60216	-13.7284
3.72922	-14.2287
5.27591	-13.4705
3.57023	-14.3392
4.01773	-13.4449
4.02082	-13.1747
5.74114	-14.7615
4.73863	-12.323
5.61818	-14.4041
5.04493	-11.8571
3.12078	-14.3636
4.90099	-12.9434
5.00159	-13.5174
3.11963	-11.0073
4.30971	-11.4306
4.4544	-13.9265
5.54977	-13.0655
4.62455	-14.2649
4.41785	-12.2587
4.99134	-13.3716
5.54827	-13.9833
3.16441	-12.4451
6.14839	-10.9256
4.27392	-13.9602
6.19736	-13.0605
3.64985	-14.5827
4.84793	-13.2671
4.71567	-12.3777
6.81857	-13.4781
4.79334	-12.6005
6.58962	-12.6759
4.66357	-14.2141
4.81591	-13.3613
9.11882	-12.414
5.43929	-14.6722
4.67946	-14.3285
4.331	-13.1665
4.20651	-14.6026
4.07083	-12.704
4.77192	-12.7845
3.4169	-11.967
5.48658	-11.9603
4.37623	-12.7064
6.29319	-12.0287
6.40632	-11.9729
5.01196	-11.4272
5.68747	-10.9342
5.23903	-13.18
5.6705	-11.4785
3.91681	-12.6858
5.31813	-11.9342
7.76305	-12.4179
2.88108	-14.6308
4.2023	-10.4344
4.33754	-11.5158
5.50687	-14.8919
6.75358	-8.02861
5.70449	-10.7327
5.39975	-11.6519
3.66796	-11.424
4.8073	-10.8025
5.37132	-12.8006
4.37889	-14.7698
3.46002	-12.8914
5.65508	-12.832
6.27919	-12.1577
4.51063	-14.6809
3.4998	-11.8145
5.38527	-14.3292
5.66829	-12.4451
6.44343	-12.5614
4.47575	-12.8428
5.66518	-14.5313
5.99186	-11.4512
3.07885	-12.766
4.6613	-14.4845
5.84818	-14.1713
5.66558	-14.4884
3.94696	-13.507
4.69788	-13.6422
5.978	-12.9626
2.95599	-11.0915
3.30473	-11.0552
4.34404	-13.7572
4.93902	-13.6879
5.1916	-14.5101
6.04606	-13.0545
3.84462	-14.2274
4.99286	-11.7167
5.30004	-13.1969
4.94126	-12.0833
5.03258	-13.9543
4.65163	-11.7747
3.83992	-12.5854
5.80598	-14.3225
5.4964	-12.981
5.54054	-12.8043
7.4382	-13.53
3.72733	-13.9056
5.0043	-13.7859
4.39617	-14.6914
6.0389	-14.3735
4.5444	-13.3886
4.83735	-12.1538
4.05242	-12.4732
5.99706	-14.4705
5.20894	-14.3607
5.32569	-13.4757
5.84928	-12.891
5.89303	-12.719
5.6461	-12.3557
4.83823	-14.6356
3.07946	-13.7386
3.07327	-14.1
4.70015	-13.6932
3.06515	-12.7724
5.49957	-11.6499
4.5203	-13.6612
5.23378	-12.5662
5.94116	-13.9014
3.4978	-11.9885
4.99957	-11.0443
3.365	-12.3332
2.85036	-14.0171
4.29425	-13.2374
4.53622	-13.9521
5.14464	-13.8045
5.60059	-13.0249
5.70566	-14.0436
4.06973	-14.3507
5.1467	-13.7793
5.66965	-13.9654
4.6913	-14.3123
4.84435	-12.0464
4.06019	-12.6463
4.87697	-12.2795
4.28433	-12.7009
5.31607	-12.1809
4.48952	-13.2547
5.1698	-12.0598
4.79625	-13.6518
4.24795	-12.3083
4.0837	-13.5669
3.79539	-13.7781
6.33391	-13.0739
7.52321	-11.5957
5.75323	-14.4663
5.83559	-12.4156
6.44713	-10.8114
5.78814	-13.2186
5.88686	-13.2003
5.03763	-12.8965
7.01248	-12.5522
3.84302	-11.8235
5.88749	-12.0719
5.01982	-13.949
5.90956	-14.9498
2.89256	-12.2821
6.3477	-11.8179
4.82198	-12.7984
4.41844	-12.3864
4.51239	-12.9651
5.7042	-14.4575
5.85794	-12.6264
6.36674	-12.4911
4.65789	-13.5314
8.12627	-11.9333
4.98095	-12.2246
6.58207	-13.7123
4.61022	-13.031
4.0868	-12.1346
5.03912	-13.2736
6.90064	-13.876
3.44825	-12.9831
7.00114	-12.3561
5.49922	-13.8987
3.88581	-14.3169
4.43948	-11.8804
5.07423	-12.4395
3.35866	-13.0453
6.03446	-13.6112
5.15619	-12.9519
3.20482	-12.5651
3.58548	-13.7565
3.26146	-12.3521
6.57452	-13.1711
3.68843	-11.0702
3.87267	-11.9516
7.12141	-12.4979
3.57696	-11.7781
3.9912	-13.1839
5.84221	-12.5711
5.31539	-14.3268
3.86095	-12.3299
5.10561	-13.7824
5.74717	-12.2346
4.25754	-13.5053
6.73605	-13.0401
4.35697	-11.4515
3.26432	-12.7968
5.25259	-12.8398
3.80836	-12.8335
10.4627	-3.00674
4.99669	-13.5783
3.80571	-14.8136
4.66259	-13.6139
7.46727	-14.7747
5.5752	-13.2687
5.32443	-13.7255
5.24879	-11.6044
2.99871	-13.0169
4.76792	-13.8803
3.92686	-11.1458
6.49572	-12.6448
4.95298	-13.765
5.60375	-14.943
4.83214	-13.2094
6.27493	-13.5695
6.10645	-11.1361
5.10797	-14.4653
3.20453	-12.057
3.88729	-14.2076
5.22056	-13.0775
4.38645	-14.722
5.77923	-11.2079
4.38076	-12.5793
4.1211	-12.8635
4.23125	-12.644
3.70442	-11.5407
7.63493	-13.2281
4.41299	-13.8286
5.13189	-13.1124
6.39799	-13.3914
3.12083	-14.4835
3.93459	-13.9921
3.55112	-12.776
4.873	-13.8367
5.17693	-12.2584
6.13846	-13.5341
5.39385	-11.6501
4.68576	-13.2011
3.23134	-13.1831
4.83467	-14.993
7.63536	-12.6044
3.49238	-14.7698
6.31865	-14.9593
6.83489	-9.83996
4.31653	-13.2663
4.10335	-12.9205
3.81427	-13.7289
4.96713	-12.6341
4.17449	-14.2561
6.05472	-13.6585
5.17699	-9.39971
4.75735	-14.5532
6.33785	-14.6634
6.01473	-13.9679
5.77755	-14.4887
5.40541	-12.2414
4.87563	-9.43303
5.33354	-12.914
3.59821	-12.2323
4.6122	-12.8088
3.22345	-13.5014
3.89124	-11.7849
3.24794	-12.2706
4.13837	-12.7633
4.8502	-12.5836
6.53339	-13.0252
6.11172	-12.4138
6.52998	-13.4639
5.00011	-13.0917
5.24835	-13.7511
5.9334	-14.7277
6.27974	-13.6857
5.73043	-11.3024
4.33928	-13.4783
4.45896	-12.6959
4.06793	-13.5256
4.64844	-11.6691
7.10359	-12.9147
4.93253	-14.7561
2.92996	-14.0114
4.03214	-12.4202
4.02786	-13.3527
5.38504	-13.6703
6.87033	-14.0709
3.41176	-12.8093
4.97343	-11.0278
4.92716	-11.7637
4.0547	-12.0427
7.83681	-12.5953
7.15718	-13.6022
3.70634	-12.5164
5.40747	-12.261
5.55593	-12.0973
3.87244	-11.9887
3.68926	-13.4175
5.78563	-13.8466
3.526	-13.0151
6.01626	-12.3428
6.00392	-14.9167
4.61591	-13.0334
5.52738	-14.1655
6.02221	-12.4005
4.98104	-14.5496
3.83542	-12.4294
3.99311	-13.6225
8.58568	-11.9913
5.31525	-11.9427
5.19497	-14.7838
6.42676	-11.8024
5.5454	-11.9858
3.60469	-12.1953
3.4925	-13.3637
3.39938	-14.7873
3.80162	-11.4901
5.4263	-13.5543
4.91084	-13.1139
5.5458	-12.7275
4.24566	-12.0807
4.12553	-13.737
3.39543	-13.5887
5.92075	-14.0192
6.10292	-13.6385
3.97405	-13.7712
5.44413	-12.1464
6.14481	-13.4423
4.26451	-13.4491
3.22232	-13.5402
4.58228	-12.1518
6.56818	-13.8697
4.5024	-12.2592
4.69821	-13.407
5.06294	-10.5039
3.11281	-13.5032
5.60027	-12.7583
3.20141	-14.8064
7.35353	-14.7375
11.2146	-12.1584
3.60605	-14.1865
5.19929	-10.4546
4.17957	-11.5878
7.26486	-12.4357
3.07708	-14.744
4.57843	-12.9618
5.91391	-14.5044
4.907	-11.6082
7.53198	-14.2233
5.55806	-12.8039
7.36085	-13.548
3.81189	-12.0511
3.74934	-13.3411
4.10683	-13.0582
3.42905	-13.4829
4.62427	-12.4769
4.58629	-14.7055
6.96981	-12.7221
4.34936	-12.0887
5.74244	-13.7526
6.1338	-14.0333
4.48576	-11.2198
5.93468	-12.1477
3.18447	-12.8702
4.5769	-13.1396
5.90747	-10.917
6.11866	-13.5573
4.74373	-14.1197
5.55467	-14.1267
4.48589	-13.5494
6.18933	-12.2036
3.14209	-14.1904
3.96538	-13.5398
4.96991	-14.3327
5.28746	-12.5239
5.01695	-13.3958
5.44452	-14.1718
5.05813	-12.8268
4.73346	-14.5242
3.51927	-12.5675
6.46157	-13.078
6.3023	-11.1422
6.02781	-13.446
4.13535	-14.8573
6.91854	-13.5443
4.68464	-12.6593
4.25856	-13.7749
5.94603	-14.0435
3.95866	-13.6245
4.43908	-12.8877
3.36846	-12.4023
4.84009	-13.6348
5.48367	-13.2219
4.09436	-13.6939
5.15965	-11.7166
5.55881	-11.9562
2.93018	-12.238
3.69525	-11.9773
4.62202	-13.849
3.33056	-12.9219
6.31905	-14.2491
4.55157	-14.5336
5.47088	-13.9799
6.61472	-11.2254
4.82254	-13.5244
4.44768	-14.1232
4.87465	-12.7583
3.55958	-13.151
3.90013	-11.5249
11.9275	-4.62891
3.9016	-13.8977
5.7759	-13.1936
4.2377	-14.2529
4.26397	-13.8538
5.59691	-14.9947
5.06309	-11.3079
5.19591	-13.3832
5.48928	-14.785
4.79343	-12.8966
2.81673	-14.8655
6.30884	-11.7253
5.5906	-10.4515
4.87506	-14.614
3.90856	-12.4603
4.85767	-14.0968
5.25094	-11.7453
4.80568	-11.5395
5.6047	-14.2162
5.80481	-14.3086
2.87126	-14.6576
4.95364	-10.8281
4.47302	-12.4671
5.41925	-13.5351
5.48369	-12.4428
5.18348	-12.0868
4.91888	-13.4681
6.01684	-12.8542
6.12432	-12.4741
4.09956	-13.1212
2.85027	-13.3994
6.18403	-14.1658
5.62297	-14.3803
3.53108	-13.0772
5.45761	-12.4572
5.04615	-13.2638
4.21828	-13.3293
5.97469	-14.592
4.63823	-11.1289
5.91205	-12.4857
5.9194	-13.9676
3.24176	-13.645
5.55739	-13.3821
4.26913	-13.5483
4.50056	-13.4522
4.28007	-14.5241
4.23249	-12.3136
6.71096	-11.0549
4.69397	-13.0932
3.12822	-13.7712
6.93113	-11.424
3.08435	-14.0629
6.87982	-13.2881
3.29964	-13.6369
4.7639	-12.3874
3.94367	-12.8275
6.90364	-12.5016
6.88262	-11.75
4.7885	-11.2136
5.27841	-13.1067
3.22021	-11.9999
6.81337	-14.6482
3.16578	-14.154
5.90714	-11.9524
4.95243	-13.7686
5.23083	-12.135
3.63324	-14.7565
5.64416	-12.7887
4.12965	-12.6867
4.26991	-12.6806
5.5431	-13.4167
5.26796	-12.788
3.12975	-13.1536
6.46492	-11.7924
4.21486	-13.9867
3.51053	-12.5514
3.85773	-12.1825
3.17908	-14.8197
5.53899	-12.4073
5.55644	-13.2984
5.66257	-13.5637
6.24633	-13.7153
3.63229	-14.7628
3.62591	-14.0621
5.29083	-14.5176
3.69078	-12.8259
4.16932	-12.0064
3.69557	-10.9435
5.28924	-14.3814
4.00766	-13.7851
4.38502	-12.8294
4.27772	-9.76304
5.39775	-14.4092
4.25752	-14.5847
6.53657	-12.771
4.97826	-13.7585
6.01663	-13.8647
3.09572	-13.8211
3.83496	-14.4161
4.45647	-14.5726
3.17951	-12.3879
3.82008	-9.22477
3.83256	-11.5043
4.41755	-11.5346
5.90293	-12.8624
3.32994	-12.1625
4.107	-13.4236
5.8061	-14.3152
5.18246	-14.103
5.05246	-12.5349
3.70008	-14.6799
4.80655	-13.0324
3.81683	-14.3352
4.95277	-11.7945
4.82586	-13.694
3.82836	-14.2588
4.84353	-13.4814
5.46095	-14.3853
5.96276	-14.8667
3.57907	-13.9032
4.26679	-13.4189
4.5176	-12.2681
4.28021	-11.1696
3.26354	-12.7251
5.11782	-11.9594
4.35483	-14.6833
5.66922	-14.4566
3.60446	-11.9366
5.56566	-12.5025
4.6475	-11.3978
6.88386	-13.0522
3.96781	-14.5551
6.25633	-14.7392
6.08874	-11.5872
3.6749	-11.9249
5.353	-13.8074
3.69411	-14.2234
5.84109	-13.8699
7.04468	-13.6771
4.41095	-12.5313
4.45239	-12.5929
4.60312	-14.4246
5.79439	-12.1655
7.14878	-13.1616
5.37498	-13.7816
3.19825	-13.9226
4.95364	-12.1623
4.11895	-13.724
5.81123	-11.2869
6.79081	-13.8847
4.98719	-11.5633
5.64074	-13.3202
5.30791	-13.0634
5.51838	-14.2294
5.98354	-12.6155
7.02564	-12.6147
2.97858	-12.0932
6.67794	-12.7731
5.57169	-13.0491
4.50001	-12.1347
5.732	-11.9799
3.98866	-14.2015
3.80458	-13.502
4.40118	-14.4362
4.40749	-12.3279
4.74567	-14.0171
5.59905	-13.6239
7.95743	-13.7135
3.43827	-13.0805
3.57742	-10.3575
5.51689	-13.2809
2.97181	-12.8561
6.24034	-13.1584
5.01552	-13.4238
5.54268	-13.2845
4.51481	-12.3993
4.64231	-13.8923
6.71022	-11.9258
4.18324	-14.1617
4.73055	-12.9742
5.31193	-13.557
4.9722	-13.5767
4.03622	-12.0522
5.92154	-13.2859
3.79877	-10.8426
4.08854	-12.5555
2.96774	-13.5697
3.90091	-12.5546
5.36246	-13.9905
5.30415	-12.4395
5.78696	-13.9789
3.90259	-14.0012
5.9757	-12.6226
4.23657	-12.5088
5.97365	-11.5729
5.99471	-13.1596
4.65886	-12.8021
4.28645	-13.1868
4.93088	-13.7263
10.6497	-11.657
5.18734	-14.3446
6.92798	-13.7923
4.15824	-13.5246
4.80429	-14.7367
5.54009	-12.3157
5.84233	-14.8339
6.00232	-12.3979
3.97843	-14.314
6.64286	-13.3064
4.21872	-12.4452
5.56242	-12.4052
4.50285	-12.3958
5.33063	-12.8488
5.28633	-13.5879
5.81552	-11.9114
3.38356	-13.0615
4.14508	-13.2403
5.74963	-12.9739
5.82474	-14.8968
4.87311	-10.7655
3.75219	-12.0684
5.61149	-12.6324
6.31745	-13.2331
6.53589	-11.7306
3.11566	-12.0973
14.9876	-10.5398
3.86659	-13.6303
4.24608	-12.8529
4.68169	-12.6961
4.54363	-14.7062
4.01627	-14.371
4.07807	-12.6998
5.37879	-13.5579
7.24638	-12.2572
9.7875	12.0462
3.54737	-14.1528
9.31923	-13.8506
5.77122	-13.0811
4.03505	-12.0341
6.59634	-13.22
6.38122	-13.9417
4.67041	-13.1576
3.41767	-12.1482
5.33	-14.3447
3.82789	-11.9492
3.77372	-14.504
5.81507	-10.0663
5.15806	-12.3844
3.65574	-14.3767
3.92362	-13.967
5.97022	-12.8896
4.42307	-12.9982
5.22045	-14.814
6.08101	-14.1285
4.86248	-12.1136
4.60392	-12.134
5.28394	-14.1567
5.9939	-13.9283
4.22048	-12.3314
6.01567	-13.8762
3.68494	-12.1197
4.70754	-12.6583
4.91053	-14.2203
4.50937	-14.4166
4.48522	-13.7002
5.68338	-13.3369
4.07195	-12.9404
3.81024	-13.5647
7.52369	-13.2062
5.93233	-14.9099
3.37143	-11.515
5.74435	-14.3398
5.28795	-13.2892
6.93122	-13.8506
6.18287	-14.9545
3.75261	-14.5651
5.2092	-12.2287
3.02044	-14.2871
3.28394	-13.3191
3.22655	-14.6937
2.98573	-13.6298
6.28267	-14.8535
3.36862	-13.7279
4.65134	-10.4793
4.01853	-11.2932
6.18484	-12.7929
3.83073	-11.5839
5.45	-12.2733
3.92285	-12.2616
3.20759	-14.8628
6.50867	-12.9282
5.6015	-12.6621
5.81955	-12.7743
3.57038	-12.6132
3.85141	-13.9616
2.79851	-13.7876
6.10025	-12.8062
4.88557	-11.2924
6.61214	-13.2057
4.20858	-11.7001
4.48981	-14.1972
3.09848	-10.9062
5.68502	-13.612
4.034	-14.778
4.66877	-11.0773
6.54279	-13.5465
5.34604	-13.0695
5.09513	-12.8311
4.5073	-12.5725
3.35368	-13.6465
3.84856	-11.437
3.06328	-12.8214
4.26709	-13.8205
3.67248	-13.2879
6.48375	-13.1335
3.65961	-14.3061
4.53535	-13.2462
4.04417	-12.0819
4.49326	-14.2297
4.99267	-14.931
5.81447	-12.7122
5.97266	-13.0067
4.38845	-13.9237
6.24491	-12.3709
5.00188	-13.8429
4.97647	-12.2302
5.94417	-13.8884
5.9346	-13.3594
4.48911	-14.6723
3.29927	-13.162
4.98552	-13.8177
6.77654	-13.4377
3.03825	-11.5828
6.02766	-13.6538
4.10194	-14.5113
5.11241	-12.4255
7.0557	-14.435
4.78275	-14.5762
4.68776	-12.8766
5.83406	-14.4011
5.36238	-14.2035
3.13869	-11.685
6.25275	-12.802
5.60278	-11.3176
5.80165	-11.5836
5.00155	-10.4734
3.05119	-11.1139
3.93283	-13.2659
5.20355	-12.7787
5.97582	-11.7945
4.51662	-12.5801
5.15208	-12.928
4.52562	-12.7491
3.24773	-12.3041
4.94563	-14.4456
4.35285	-13.4578
5.83895	-14.0773
6.65458	-12.6944
4.46972	-13.2635
4.64591	-14.4998
4.03067	-11.9746
4.29933	-14.8723
4.7398	-13.7713
4.33669	-13.8625
6.26555	-11.9134
4.69017	-12.2562
3.22192	-13.9856
4.70417	-14.88
4.38849	-12.6867
5.53348	-13.0565
6.12496	-12.542
4.17213	-12.4067
3.383	-14.6609
4.69994	-10.9692
4.33505	-11.3654
7.1294	-10.8413
5.80509	-12.3319
3.17002	-12.8746
4.32207	-12.0915
4.88683	-10.9869
5.07531	-14.1034
4.11778	-13.1453
4.60952	-12.273
4.04166	-12.6857
4.59554	-13.1811
2.97145	-13.159
5.81158	-11.5252
6.79797	-13.0693
5.60558	-14.9076
4.917	-13.9831
4.57213	-14.963
5.1274	-13.7899
5.17982	-12.3031
3.97978	-11.5021
4.33985	-14.4585
4.16068	-12.5866
3.73202	-12.325
3.61361	-12.4141
4.62749	-13.5987
3.62145	-13.8489
4.70939	-12.7497
5.84746	-13.7796
5.06021	-11.7915
3.63937	-13.3643
4.54222	-12.012
6.06024	-12.8085
3.40994	-13.7852
4.39032	-14.4586
4.42108	-13.8488
5.95025	-13.1667
4.84322	-12.6623
5.86594	-12.9813
5.20204	-13.1381
5.67172	-12.4755
5.31619	-12.2079
5.74109	-13.5558
3.63834	-13.9225
4.11573	-14.0535
6.49344	-13.5969
5.21207	-13.266
4.40274	-11.7022
3.93698	-13.2038
3.27176	-11.3359
5.9245	-12.7958
6.19116	-8.1729
5.59467	-12.6726
3.99151	-13.7726
3.15848	-12.8969
4.74275	-11.9365
6.38291	-14.0631
5.97335	-12.1419
6.21349	-13.0784
4.70139	-11.9062
6.05655	-13.7335
5.4488	-11.9624
7.60337	-11.5444
4.77545	-14.4081
3.22729	-11.7544
4.77416	-12.6476
4.30325	-13.8523
5.56656	-14.1353
6.09544	-13.6761
4.96754	-12.7217
5.29215	-14.3286
5.67086	-14.8268
4.96769	-12.4211
5.35311	-13.0708
6.37929	-14.6264
6.0013	-12.2945
5.76163	-14.5039
3.57473	-14.9084
6.4515	-14.3814
3.4208	-13.1639
4.43769	-12.8885
2.98568	-11.7813
5.32739	-13.6943
3.69544	-13.2298
5.54181	-13.663
3.09276	-11.9133
4.60312	-12.832
3.49155	-11.0093
6.10168	-12.1713
5.12653	-13.9936
6.07082	-10.957
5.33712	-10.5475
5.16996	-11.7963
7.01568	-14.4524
5.57375	-13.2082
3.78792	-13.1206
5.26808	-13.8041
3.30484	-12.9311
3.43861	-13.3742
6.18464	-11.7578
5.92721	-12.1741
5.66419	-13.8379
5.05584	-13.923
5.45081	-14.4648
4.53119	-13.0148
5.49472	-13.5335
4.7229	-12.9946
5.6021	-14.0493
4.09999	-14.2223
5.84578	-12.6906
5.72934	-14.4543
4.94842	-14.2303
5.75781	-11.1482
4.97737	-12.806
3.87622	-13.3254
8.14319	-14.814
5.81853	-14.8896
5.84443	-12.7922
6.10403	-12.1499
5.63055	-13.4643
3.9651	-11.758
5.22821	-14.2916
4.63736	-14.2173
4.41026	-13.8703
4.79222	-12.6896
4.41967	-14.6665
4.15114	-10.6347
4.12778	-12.3115
5.90758	-12.1913
3.87455	-14.5207
6.75088	-10.7747
5.80199	-14.0875
6.46897	-7.07032
5.19031	-11.0012
3.66412	-12.2864
4.04706	-12.3727
5.7281	-14.4184
4.0272	-12.9982
5.79724	-12.2643
5.4091	-12.4321
5.08943	-11.7961
5.37549	-13.9324
5.72479	-12.8727
3.04799	-13.7482
3.37933	-12.9634
4.87355	-14.424
5.2494	-11.0475
5.10556	-12.9612
5.86536	-14.3257
5.27119	-12.1901
4.59238	-14.3412
4.49572	-11.901
3.96711	-11.8784
4.71005	-11.0627
6.19335	-11.312
2.95865	-13.6415
5.06048	-12.4368
5.09692	-13.1907
4.43278	-14.2792
5.41522	-11.2334
3.28147	-11.7713
5.25765	-12.3957
3.36927	-11.171
7.72276	-14.3026
3.2843	-14.8593
4.69206	-11.6952
5.64139	-14.2261
3.73879	-13.2999
4.62291	-12.3527
5.03476	-13.4211
5.64863	-13.5995
3.55868	-14.5578
4.85233	-12.0597
5.14225	-12.2475
6.23584	-12.6062
6.71712	-14.6253
4.89386	-13.0861
5.99218	-12.8605
4.01346	-13.8358
5.8513	-14.0089
6.56412	-13.6791
3.69126	-12.1582
3.64587	-13.5966
5.46274	-14.398
3.85567	-13.1793
4.02545	-13.601
5.39674	-11.5617
3.45872	-12.4154
5.75918	-13.3489
3.46693	-12.846
7.11497	-11.5614
3.55102	-11.5964
5.8867	-13.421
5.29804	-12.6936
10.3778	-5.4483
6.07261	-13.6694
4.80988	-13.5035
5.09542	-13.9349
4.69575	-13.3463
5.33446	-13.9048
5.62932	-12.7283
5.48782	-13.0424
8.58395	-12.2281
4.3779	-13.7714
5.85504	-12.9127
6.29959	-12.4433
4.62265	-12.4458
4.08823	-12.0608
4.28496	-14.0292
4.95446	-12.2325
3.13788	-12.3841
3.5355	-11.8527
4.7193	-14.5648
4.7168	-14.0576
3.76106	-13.3812
6.03524	-12.6194
3.67174	-11.4823
4.81259	-13.7147
5.32543	-14.1441
5.91767	-13.0492
6.00631	-13.0972
3.11479	-13.4323
3.47659	-13.0777
5.17339	-12.3034
5.71242	-11.4521
5.60805	-11.8298
4.87636	-10.3596
5.03416	-13.1972
5.08459	-13.5666
3.89401	-11.9743
4.67173	-13.6469
6.01628	-12.6089
4.32973	-13.6321
5.34181	-14.5963
4.70347	-12.748
6.25617	-13.3957
6.90274	-13.5194
5.72791	-12.4075
8.21991	-13.8942
4.96145	-13.2158
5.87801	-13.2715
3.88962	-14.0214
3.00163	-14.2267
4.57087	-12.8668
4.0185	-13.1498
3.79173	-12.7406
5.17019	-13.5411
4.97673	-13.7618
6.44003	-13.4966
5.69272	-12.2776
4.51549	-14.357
3.63875	-11.7322
4.07098	-14.0903
4.71679	-14.8368
5.72828	-13.0414
4.45516	-13.4211
5.23349	-12.8326
4.38326	-11.9046
5.2104	-13.9611
5.53048	-14.3021
6.05122	-13.5486
4.89443	-11.5389
5.26855	-11.6944
6.71429	-13.8288
4.00428	-11.7384
6.18904	-12.4587
5.81259	-13.9775
3.39021	-13.4938
5.53244	-13.6611
5.75576	-13.8629
4.77959	-13.1106
3.69294	-13.8125
4.44337	-13.5239
3.16106	-11.7348
6.30631	-11.8864
5.69403	-13.803
5.48818	-13.0011
4.96322	-13.1052
3.04986	-11.5081
4.91502	-14.3528
3.07154	-11.9856
5.45203	-14.3562
4.27899	-12.0383
4.38759	-13.8511
5.94894	-14.1567
7.9759	-14.4412
5.40897	-10.7947
5.6705	-13.7135
3.42838	-14.1978
5.10951	-14.8716
3.62312	-11.7299
4.53035	-11.5805
3.33832	-11.0528
3.31185	-13.2685
5.78286	-12.4061
4.02664	-11.9919
4.56254	-14.4928
5.48783	-14.6656
4.71506	-13.4842
4.62531	-13.9107
3.61814	-12.8006
6.36846	-13.2947
4.45189	-12.2294
3.14927	-10.7134
5.56769	-12.3477
3.86632	-13.6675
4.91565	-13.3419
5.86532	-14.8332
3.90918	-13.1107
4.59621	-12.5576
6.01109	-13.278
2.93482	-11.8485
3.38116	-12.8693
3.84372	-13.8223
5.79948	-13.9527
5.9665	-14.9002
4.04163	-13.8947
4.27032	-13.396
3.2307	-14.4091
5.92021	-12.0453
5.33065	-14.4502
5.31012	-13.9672
5.84689	-14.3485
4.9	-14.0064
4.95593	-14.7845
4.04514	-14.8849
5.33838	-14.5494
7.5028	-14.8457
5.61423	-14.3267
4.09068	-12.1972
5.59052	-14.8284
4.768	-13.3698
4.31687	-14.898
5.36056	-11.7136
6.88977	-14.2049
4.41835	-14.6627
5.55153	-13.233
5.14672	-11.9757
6.06164	-14.7105
5.32944	-13.9337
4.72071	-13.7094
3.17313	-12.9653
3.21074	-14.6414
4.33842	-11.0985
7.04838	-13.154
4.89427	-14.0796
5.40226	-12.5698
3.82807	-12.3308
4.48751	-13.1815
3.24401	-11.8479
5.43242	-13.7702
4.19336	-12.7433
5.23223	-14.2696
3.95608	-12.3114
5.50075	-13.4712
7.02795	-11.1745
7.36516	-14.6803
6.03794	-9.80726
6.25449	-13.5711
4.42214	-14.4547
4.01001	-12.3364
4.9732	-12.6707
3.71586	-12.7586
6.02303	-14.4393
4.73615	-13.5975
3.27941	-14.3079
3.6157	-13.7973
5.62895	-11.7808
4.01267	-13.2817
5.72574	-11.7996
5.08128	-11.2835
5.55568	-13.9413
7.29235	-11.5707
4.22208	-14.6734
5.49505	-13.8143
5.11995	-14.1224
5.2497	-14.7063
5.19477	-12.1795
6.79133	-14.8826
5.55037	-11.3108
3.22676	-12.5067
4.54166	-12.1432
7.00793	-12.8411
7.76927	-14.0463
5.64823	-14.4456
3.51151	-10.5734
5.07581	-13.2713
4.51042	-12.9127
3.38099	-10.5751
5.42149	-13.2791
4.76709	-12.7159
4.19971	-14.0484
6.83485	-12.0469
4.2525	-11.66
3.7404	-13.2898
3.90941	-10.8942
3.65458	-13.3233
5.51162	-12.901
3.92216	-12.5349
4.37793	-13.5298
5.12356	-12.4532
3.99679	-12.6699
4.74131	-12.2867
5.84697	-12.2757
4.9605	-11.9488
4.55646	-14.6862
3.43652	-14.4294
5.73045	-14.0432
5.02518	-12.4896
6.13466	-14.0519
4.62015	-13.7947
5.86774	-12.287
5.00002	-12.9531
4.21533	-14.0172
5.29532	-13.8575
3.85961	-13.972
4.25369	-12.6163
5.64321	-10.7738
3.54216	-11.8663
5.82126	-14.105
7.57968	-12.3064
5.77423	-13.0311
6.35703	-12.2055
5.0125	-14.423
6.06415	-11.5873
6.59527	-14.5651
3.94343	-14.3032
4.90334	-13.6234
3.59648	-13.8869
5.48099	-14.0865
4.29207	-13.8965
5.15174	-13.6784
3.63742	-13.0352
6.18445	-14.8476
4.82102	-14.4346
3.94584	-12.5486
5.18062	-12.4924
3.77794	-14.2939
4.39494	-11.9398
4.39982	-13.7871
5.86458	-13.4748
5.4252	-12.2735
5.05435	-12.9722
4.07438	-12.9662
3.04603	-12.8166
5.89684	-14.0031
5.14147	-13.2877
4.73134	-12.8231
5.31232	-12.5775
4.06704	-11.6441
3.76326	-13.3588
5.00163	-10.036
7.13285	-13.2871
5.78879	-14.7156
4.52821	-12.9778
6.40157	-13.0355
5.06644	-12.9496
7.89051	-13.9644
5.36053	-12.2358
5.60327	-13.3183
7.14455	-13.5179
5.18864	-12.297
5.67954	-14.0324
6.36196	-11.7491
4.39641	-11.7558
3.76411	-12.1856
5.54493	-14.6139
3.38793	-12.6518
4.72289	-13.9411
3.57383	-11.767
3.79758	-14.6228
5.33095	-14.1538
5.64876	-12.0464
4.83137	-13.4018
6.17811	-13.1927
5.42056	-14.4621
3.68173	-11.6519
5.93027	-11.0345
4.51875	-14.5368
5.11571	-13.8084
3.61616	-11.244
5.26971	-14.3053
5.43163	-12.6243
4.2952	-14.3573
3.01883	-11.6375
5.78253	-14.141
3.55206	-11.7883
3.46614	-13.5241
4.23164	-13.8421
5.66271	-14.3645
5.84656	-11.221
7.76869	-13.3497
5.48238	-12.7595
6.58254	-14.0418
4.2415	-12.6505
4.1847	-14.471
4.72081	-12.6309
4.02674	-13.503
3.28714	-14.7367
6.33485	-13.3128
5.71013	-14.9509
3.79814	-14.4359
4.37837	-13.4057
4.67637	-13.7888
4.97401	-12.9869
4.74762	-12.9508
7.0621	-12.8933
4.32992	-13.0506
5.45217	-12.0861
4.88328	-12.6053
3.67194	-13.7048
2.92401	-12.7735
6.47857	-11.4353
3.9902	-14.6371
5.48707	-12.875
6.82082	-12.7194
4.17477	-13.3454
5.60569	-12.2002
5.19006	-12.8217
5.24343	-12.6478
5.17711	-12.8546
6.37178	-10.8341
4.26093	-14.8931
6.13931	-13.6692
5.65609	-10.1166
5.23482	-11.9241
3.16295	-12.2616
5.32723	-12.9475
4.57392	-13.7062
3.72652	-13.4
5.05095	-12.7534
5.90268	-12.1582
6.37015	-12.3583
6.13385	-14.1113
5.36799	-12.2653
9.10342	-10.0045
6.18344	-13.4968
3.71432	-12.8642
5.52947	-14.0855
4.72753	-13.4974
4.61394	-13.0368
5.17064	-11.8975
5.76905	-12.3819
5.16131	-14.0117
5.32447	-13.5056
8.76397	-11.7402
5.79909	-12.246
3.78693	-12.8183
6.46072	-13.3638
4.80627	-14.2678
6.15014	-13.0006
6.75609	-10.4363
4.63417	-12.5939
3.25625	-13.7066
6.78982	-12.0958
2.93423	-14.9805
7.14662	-14.2568
3.42839	-13.9711
5.36561	-13.375
6.41044	-13.3028
4.61019	-12.445
4.24443	-11.9828
4.63261	-14.3108
6.17461	-14.1799
4.21266	-12.3795
5.79105	-12.6796
4.07824	-12.8147
2.97923	-12.2031
6.69024	-14.6453
6.18697	-14.8876
4.13372	-12.8219
6.77562	-12.4349
7.52571	-13.4388
5.82614	-13.9648
5.39601	-11.9488
5.18949	-13.7305
3.93326	-10.7378
5.01894	-14.5087
5.30122	-14.3562
6.55046	-12.3922
3.55231	-13.5197
5.12498	-12.1944
5.34478	-14.0385
4.0325	-12.1947
4.71266	-13.4823
5.39083	-14.3081
3.22288	-14.9229
6.22014	-11.7427
6.43082	-14.3982
5.83077	-12.7042
5.27804	-12.2043
3.40444	-13.3786
4.86345	-13.5459
6.59409	-13.6259
5.53336	-12.2904
4.93966	-11.8995
5.70138	-12.5681
3.40248	-12.7295
5.33931	-12.1365
4.21654	-12.815
4.61297	-14.7315
5.12402	-13.3359
4.44489	-12.7371
3.81925	-13.7656
5.35956	-12.8289
6.15684	-13.9497
3.8046	-12.3574
5.0921	-12.1518
5.85582	-14.085
5.82589	-12.9099
4.38528	-13.798
5.67444	-12.7391
5.00108	-10.9307
5.99549	-13.6633
5.5434	-12.4081
5.09696	-12.045
5.17862	-13.5478
3.68178	-13.1154
4.15247	-12.23
4.81772	-13.787
4.27052	-14.0995
6.13658	-13.9287
5.61192	-14.6924
5.12304	-12.7038
3.67899	-14.8641
6.43493	-13.5243
5.30498	-12.1228
3.03345	-13.4058
2.7576	-13.5791
4.65139	-14.4403
5.30562	-14.415
3.34411	-13.4023
3.24671	-13.7143
4.41205	-12.6955
4.99385	-12.2931
7.25898	-14.3312
6.16982	-10.9706
5.18893	-14.0087
4.99857	-13.1729
5.47563	-14.2375
2.79708	-14.4907
3.92523	-11.4271
3.56607	-14.9115
5.64805	-12.9343
4.65905	-13.4708
4.43474	-13.0186
4.38923	-13.0457
6.46434	-14.3588
4.48072	-13.9317
4.99189	-14.2493
5.13807	-13.2069
3.1128	-13.9667
4.97877	-12.3947
5.39538	-13.5165
6.20187	-13.6437
6.20926	-10.2451
3.57107	-10.7002
5.82203	-14.1817
3.75254	-13.3366
3.44573	-14.3832
4.68422	-12.4587
4.45638	-14.3839
6.41312	-14.2494
6.2334	-14.1088
5.4107	-11.5072
4.41696	-13.8264
12.5917	-9.1359
3.79726	-11.3361
5.69389	-14.3587
6.49407	-11.701
4.08202	-13.5119
3.60412	-14.5245
3.81686	-12.6749
6.4153	-12.4374
5.21432	-12.5309
4.1758	-11.1668
7.02665	-14.8317
5.82631	-13.9897
2.86016	-12.4308
3.49213	-14.1214
5.02276	-10.2154
5.23526	-11.125
4.73133	-11.7649
5.26428	-13.2856
5.37827	-14.1224
2.74678	-13.9397
6.27215	-12.7241
4.40746	-13.7986
5.15393	-12.8458
5.34786	-14.497
6.23971	-12.2987
7.10958	-12.8454
5.81752	-13.4919
4.50182	-12.6764
4.78888	-11.7725
4.20071	-12.5346
4.65412	-14.1201
5.01161	-12.1498
3.44256	-14.3174
4.456	-11.6899
5.1973	-13.0137
3.43185	-12.9952
3.12262	-13.0752
4.39693	-11.9349
5.62211	-10.509
4.17977	-14.3382
5.14723	-12.4887
5.707	-12.9899
3.45836	-12.8856
4.00478	-12.1351
4.62496	-13.7406
4.88744	-12.3708
5.09156	-12.7529
6.00378	-14.4959
5.85145	-14.4861
6.02198	-12.853
6.59495	-14.8256
5.3292	-12.1354
6.59767	-13.7317
3.41577	-12.801
3.74701	-14.8194
4.92299	-12.4011
5.8199	-13.0909
5.45923	-14.5304
6.01605	-13.9385
5.5329	-14.5457
4.57646	-14.4985
6.40535	-13.6877
3.91799	-14.2517
4.17281	-13.9093
5.14956	-13.3068
5.12131	-11.3871
4.52106	-12.8133
4.15417	-12.1711
5.66632	-11.5667
5.61234	-12.4377
4.18493	-12.34
5.53492	-12.6736
5.70991	-12.0565
4.78099	-14.0481
5.08214	-11.173
5.38617	-13.2697
5.48703	-14.0189
3.72663	-12.8444
4.51161	-14.6636
4.23052	-12.6253
3.97943	-14.2764
5.33659	-13.5268
6.19178	-12.7821
3.87286	-12.1204
5.78332	-14.445
4.49313	-12.2457
3.39595	-12.3324
5.58654	-14.8487
4.08137	-12.9533
3.88085	-13.5598
5.67479	-12.1952
6.8143	-14.5309
4.01874	-12.4282
5.70465	-13.1838
6.13124	-12.7274
3.96117	-13.4836
5.64411	-13.9946
4.26999	-12.3065
5.76242	-13.7287
6.4101	-14.5591
6.92945	-12.199
4.01695	-11.6087
6.07327	-13.156
5.62245	-14.1647
5.23678	-14.1352
3.98493	-12.0242
6.13007	-14.9777
6.4924	-13.4586
3.93304	-13.8587
3.32471	-13.5175
5.76461	-13.231
3.10411	-12.5501
4.54964	-12.8462
7.33111	-11.8822
3.64643	-12.1817
6.01287	-11.6747
5.94685	-14.7601
3.52325	-13.0381
3.5623	-12.9465
5.09457	-12.8666
4.17083	-12.4602
5.06965	-14.3565
8.06548	-14.6847
4.1777	-12.4292
6.23582	-13.0538
6.94829	-12.9901
4.33272	-13.259
5.66946	-14.9173
5.06967	-12.3948
5.56661	-13.9206
5.66966	-11.5988
3.36259	-12.8517
3.90656	-14.2907
4.54928	-13.2098
5.83833	-13.2818
3.58924	-14.288
7.35017	-11.2142
5.41798	-13.5193
7.89683	-12.7502
6.14412	-14.8965
6.44874	-12.0278
3.07885	-11.7684
4.98771	-12.8079
3.81029	-14.5096
3.16126	-13.1749
5.40209	-12.6177
5.14153	-13.9078
4.29943	-13.0905
3.99057	-13.9621
5.62407	-10.7042
4.01648	-12.9918
3.5923	-12.2167
5.50993	-14.2659
3.71774	-12.7153
4.8624	-10.265
3.4949	-11.5615
4.4533	-12.2853
3.49996	-13.1061
4.13902	-13.984
4.91104	-10.2786
3.69394	-13.7946
5.62089	-13.6545
5.32487	-12.5652
3.85914	-12.8727
6.92557	-13.6781
5.92817	-12.4642
3.72966	-14.8864
5.96778	-13.2595
6.77901	-13.1294
3.99563	-12.8577
5.55923	-13.9116
4.4509	-12.9887
5.439	-13.128
5.23402	-14.7113
4.14604	-13.5434
5.26238	-13.1019
3.42482	-14.704
5.01083	-14.4982
4.71973	-14.5379
5.38688	-12.3315
5.18491	-13.0914
4.44538	-12.6643
3.55305	-12.9451
5.66533	-12.0925
5.69322	-13.2159
5.70819	-12.7464
3.73195	-12.1735
4.09468	-14.2266
3.64456	-14.2107
6.38091	-12.1475
5.04706	-12.4994
4.04996	-14.8647
6.15337	-14.6806
3.79048	-12.942
6.44287	-11.8757
3.35877	-12.6181
4.75489	-13.4093
5.46306	-11.4367
6.81702	-13.7195
7.13827	-13.0283
3.53518	-13.4403
4.48401	-12.6253
5.26979	-14.269
4.18981	-12.1721
4.92384	-12.1461
5.48613	-13.2639
4.20036	-11.3335
4.40608	-13.3667
6.1974	-11.2971
5.70452	-14.3623
4.43472	-13.9504
4.99143	-9.74149
4.45106	-13.2461
3.50807	-11.1176
5.24841	-13.7203
6.1986	-14.7423
5.35097	-12.4919
4.80293	-13.4212
6.32614	-11.7046
5.47442	-13.651
4.37255	-13.2537
3.07086	-13.2954
5.39974	-14.6344
5.0044	-10.653
5.33911	-12.951
3.2279	-12.5505
4.58944	-13.2263
4.25419	-12.1488
4.28998	-12.7059
3.73433	-13.3715
3.63511	-13.9456
5.10444	-12.1127
4.05286	-12.8876
4.66595	-13.8353
3.8593	-14.0501
5.08784	-10.5731
5.21871	-14.3307
3.11988	-13.3397
3.23263	-14.3413
4.48147	-13.4453
4.40957	-13.611
5.06762	-12.4533
3.78618	-13.6556
4.12317	-12.8222
4.45589	-11.5085
4.34858	-12.8918
6.5107	-12.1434
4.46013	-12.1527
5.14787	-12.9798
4.76387	-11.9165
4.35226	-14.6812
6.26602	-13.3583
3.6136	-14.4022
4.38937	-13.1285
5.80006	-14.4554
4.31794	-13.5896
5.01333	-13.8963
6.82262	-13.1355
7.81667	-14.2482
5.90416	-10.9407
7.13452	-13.073
4.81709	-13.451
5.76615	-14.6358
5.82691	-13.408
5.53416	-13.2806
3.71121	-12.567
5.13072	-14.6683
3.36864	-12.4495
4.09488	-10.8771
4.14488	-13.7144
6.29568	-13.0511
6.27917	-14.0888
5.73929	-14.2309
3.59146	-12.8184
5.49076	-14.0017
5.66082	-13.9975
4.36352	-14.5222
4.77377	-12.4502
4.39085	-14.0018
4.42212	-13.3478
4.80033	-14.9325
5.6582	-12.5516
5.34332	-14.5552
4.65721	-13.2232
4.7662	-12.3816
5.33872	-13.1474
6.38877	-13.8343
4.40341	-12.0097
4.17519	-13.9485
4.30554	-12.0411
4.71954	-11.6014
6.31978	-14.0991
5.51776	-13.6407
3.67463	-12.7082
4.94149	-12.14
4.36416	-13.9399
5.39133	-14.8439
5.85353	-13.6098
7.32777	-11.7441
5.59608	-12.7263
7.74641	-12.7738
3.25626	-14.1458
6.69053	-13.2412
4.23776	-13.7755
4.83749	-12.382
3.05492	-12.7401
3.30007	-12.3446
4.32172	-14.465
4.96195	-12.9091
6.02113	-12.8537
6.0779	-13.098
5.48562	-12.6692
5.69988	-13.6662
3.59692	-11.4742
5.81081	-13.3511
5.51667	-13.6724
5.32243	-12.9713
6.44119	-14.3215
4.69409	-12.3015
3.69628	-13.8095
6.57737	-11.4778
4.78998	-13.2744
5.13651	-12.9654
4.74194	-13.8331
4.46309	-11.505
4.11348	-12.3253
5.10049	-13.9729
5.9524	-11.5635
7.23365	-14.6778
5.56269	-13.4872
5.58824	-13.3634
9.77532	-14.7447
4.25614	-11.0891
5.93379	-13.3097
5.74685	-14.8604
4.4371	-13.2262
6.18912	-13.6901
4.71259	-13.5433
4.95482	-13.1843
5.76239	-13.375
5.31233	-14.9616
6.04073	-11.6895
5.58772	-10.6705
5.09296	-12.1042
7.73599	-14.0712
4.78699	-13.9004
3.11377	-13.9237
7.03823	-11.8528
3.60315	-13.2201
4.22097	-11.5245
3.78845	-13.0985
4.39437	-14.0063
3.05291	-11.9027
4.68067	-13.2758
4.52311	-13.9502
5.84098	-12.9015
5.14693	-12.6688
5.2071	-13.2582
4.7131	-14.1216
3.22063	-12.6283
4.91194	-12.8161
3.24507	-14.5775
3.19096	-12.4789
4.91093	-8.76371
7.0278	-12.4836
3.63804	-12.1394
6.08026	-13.222
3.4661	-13.5018
5.04945	-12.6847
3.15263	-13.5552
5.72867	-13.3532
4.90164	-14.0853
5.82122	-14.7506
6.12169	-13.0613
5.39348	-11.9734
5.7756	-13.6167
5.98755	-13.3455
3.20831	-13.914
5.80408	-12.9535
4.40966	-13.82
4.16067	-12.644
5.42362	-12.3899
3.22966	-13.9482
3.39424	-11.9752
7.44805	-13.2529
5.13542	-14.17
4.72588	-14.4929
6.56576	-13.3447
4.3615	-13.5449
5.8801	-13.1928
5.32566	-13.2036
5.06694	-11.7716
10.1123	-10.7109
4.67565	-12.7995
5.43423	-14.0491
3.87007	-13.0276
3.74089	-11.872
4.33182	-13.7509
2.97891	-12.891
3.68173	-10.2199
6.3069	-11.2232
4.47582	-12.0337
5.25032	-14.5444
6.01042	-11.454
4.88297	-11.422
5.13488	-12.7844
5.36573	-13.7413
5.84211	-12.5668
5.06705	-13.4556
4.5615	-12.8394
5.17617	-13.5377
6.65046	-13.3711
4.38484	-13.4896
4.14101	-13.4504
6.61754	-14.34
3.35854	-13.3969
3.05891	-13.9872
7.83362	-12.8433
3.37323	-11.9151
5.00133	-14.4127
3.76963	-14.3579
5.15074	-11.1763
4.92201	-12.7476
5.77384	-12.316
3.7848	-14.098
5.0033	-14.0818
5.40969	-10.5959
3.14605	-12.2738
7.08164	-11.6714
6.96606	-13.1205
5.05961	-11.5364
7.08262	-12.3127
5.03291	-12.5105
3.54537	-12.0309
5.51698	-12.6571
4.20236	-13.8843
5.55204	-13.7269
5.57053	-12.0556
4.12516	-12.577
5.41223	-13.5759
4.09896	-14.0691
4.41844	-12.3437
5.01623	-14.781
6.92151	-12.7264
4.05556	-11.2177
4.11907	-13.4623
4.98588	-11.9879
5.27376	-14.0117
3.79069	-13.3489
5.07527	-14.572
4.32978	-13.6082
5.03766	-13.8357
3.40437	-12.9168
6.65966	-13.7282
4.58052	-11.8091
3.43923	-14.8468
4.47508	-14.7179
5.27455	-13.4035
3.18681	-12.5065
6.01743	-14.4227
3.50587	-13.5284
4.44291	-13.2256
4.44026	-13.4839
4.11145	-13.4257
3.59737	-14.178
5.41829	-9.23621
5.70114	-12.4856
4.09308	-10.2498
3.92167	-13.0215
5.47834	-12.7259
5.85029	-11.8179
5.40639	-11.3388
6.64842	-13.0843
5.88162	-11.7089
5.99688	-12.8448
6.88692	-11.5877
4.07336	-14.2632
4.02479	-13.5432
4.63623	-13.9724
4.80147	-13.3702
3.45396	-14.1149
3.42749	-12.2733
5.67139	-14.4988
5.79753	-14.5119
3.9891	-12.6465
4.43544	-13.8896
4.85629	-12.4065
5.69045	-14.7199
3.97058	-12.4144
7.44408	-11.0533
5.00876	-12.6131
4.5523	-14.246
4.58234	-14.6172
6.68168	-14.496
4.82582	-14.3559
4.63342	-11.9784
4.16314	-11.6944
7.51684	-9.70011
4.81503	-12.7728
5.02306	-10.7909
4.50289	-14.9109
3.0156	-14.4525
4.38171	-11.411
5.41215	-13.5983
3.36988	-13.888
6.20698	-11.4064
6.1966	-12.6923
4.22309	-11.2872
5.04638	-10.0784
3.98758	-12.7493
4.17379	-14.6189
5.09483	-13.8609
5.701	-10.8837
6.81114	-11.8838
5.48684	-12.5221
6.51437	-12.3511
3.04059	-13.7798
6.25058	-12.5883
4.68656	-13.6665
11.8085	-13.7754
7.64967	-13.5681
4.92406	-13.6934
3.79651	-12.5607
5.2175	-12.5009
7.85428	-14.2297
2.96083	-13.8456
3.26329	-12.0289
4.21738	-13.4947
4.34307	-14.0371
5.27715	-14.9016
3.0867	-12.5839
5.30906	-11.3463
5.02859	-12.7353
5.13939	-12.1463
5.27616	-13.1804
5.08844	-13.8222
5.69951	-13.1814
7.45683	-14.2897
6.12088	-12.8176
4.86345	-10.2971
6.41806	-13.3557
3.37457	-12.2483
7.42574	-12.4819
4.22731	-13.186
5.55465	-12.1689
5.17151	-12.1176
5.7186	-13.2423
4.48845	-11.3976
3.99045	-12.2271
3.62568	-11.9865
3.85668	-13.7034
4.92922	-13.9767
3.40626	-13.7104
6.11204	-13.9835
5.0753	-12.4272
3.71741	-13.1281
4.83583	-14.53
5.0383	-12.8183
6.02951	-12.3618
5.66856	-13.1345
5.38509	-14.1924
5.13513	-13.6851
8.73519	-13.3493
6.09929	-12.5332
5.89977	-11.9282
4.63461	-13.5606
5.10846	-13.3622
4.71307	-13.3444
6.24136	-13.0429
5.84385	-12.1562
4.2455	-11.147
6.02595	-13.4658
5.22769	-12.46
4.25888	-12.8558
4.7813	-13.7453
4.96281	-14.4241
5.50023	-12.1986
4.85424	-11.7925
5.01449	-11.884
5.33852	-11.5232
3.42877	-14.0882
4.99006	-14.174
3.5657	-14.2266
5.29908	-12.5941
6.77661	-13.1157
5.91215	-11.5975
6.34682	-14.4381
4.43559	-13.7667
4.22795	-13.4108
5.15607	-14.0418
4.19619	-12.4822
6.42086	-13.7657
3.77333	-12.2095
5.21291	-11.6475
4.77466	-11.5825
5.65331	-14.517
7.00939	-12.1181
3.95317	-12.1535
8.71276	-12.6507
3.32974	-13.1211
7.22468	-13.7179
3.93283	-11.4885
3.46526	-14.8351
5.86315	-12.9313
5.3604	-14.7405
6.07036	-11.6434
3.30362	-14.5745
6.48186	-12.714
5.82762	-12.4052
6.22383	-14.8391
3.6803	-12.2008
3.1217	-13.9235
2.83623	-11.5095
5.26021	-12.422
4.84682	-12.0033
5.59538	-13.6372
4.10054	-12.1507
5.57038	-13.8672
3.5475	-13.9208
5.39644	-13.7463
4.87316	-13.8562
7.32048	-12.6963
4.78032	-12.7993
5.09126	-12.6509
4.14804	-11.7071
4.49049	-13.9032
5.85729	-12.8809
7.16028	-13.9981
3.12908	-14.2547
3.29776	-12.4663
5.1274	-14.6743
4.16954	-14.4412
3.47459	-12.671
5.5151	-13.5437
6.25347	-13.5751
3.93352	-12.9211
5.01516	-13.9697
5.80754	-13.9683
5.66977	-14.9584
5.21958	-14.4049
7.22359	-13.9311
4.17052	-14.5915
4.28118	-13.08
3.27638	-11.6759
3.17745	-14.3485
5.35665	-13.909
6.40464	-12.9023
4.64981	-14.6742
3.37869	-13.875
3.72887	-13.1814
4.28923	-14.4495
4.55604	-12.9829
3.69531	-13.723
4.11597	-12.3474
7.07509	-14.7152
9.24611	-13.6333
4.03288	-13.9862
7.94573	-13.6451
5.57991	-12.4314
4.58243	-12.8619
7.46875	-12.54
3.29179	-12.4303
3.43824	-12.8388
3.24775	-12.5958
5.058	-13.7221
6.12289	-12.9451
5.79516	-6.86311
3.44369	-12.4534
5.2709	-14.7508
5.92463	-12.2324
5.75761	-12.3481
4.92316	-13.2023
4.08941	-14.6356
3.08954	-14.6841
3.52849	-12.6278
4.03013	-14.0052
4.72956	-14.538
3.87608	-12.1065
6.26643	-11.9486
5.22347	-11.5037
3.48326	-12.5974
2.78886	-11.6211
3.42742	-13.0734
5.98973	-11.748
4.73838	-13.3409
3.87671	-12.7369
5.67648	-13.0205
5.52546	-13.8151
6.32433	-14.8868
5.94423	-14.9835
6.75678	-10.9581
6.29898	-12.9607
5.90957	-12.4321
5.45787	-14.5669
5.46458	-12.8153
5.54049	-12.5307
6.12582	-12.6381
5.22386	-14.3813
5.39149	-14.2528
4.7667	-14.0316
3.3045	-13.3182
5.92984	-13.9838
4.90148	-14.1745
5.49081	-13.0632
3.25434	-13.6828
6.07697	-13.6086
4.11472	-13.4804
5.45866	-12.3791
4.18555	-12.8455
6.04686	-14.1576
5.04188	-12.1207
4.27715	-14.3089
5.85727	-13.0287
4.07584	-14.3289
3.00019	-11.9193
3.3636	-12.7812
5.23091	-12.687
5.40699	-11.5334
4.54683	-13.4004
5.74604	-12.5361
5.29956	-11.3472
4.89635	-13.9544
3.2026	-12.5009
5.07323	-11.4995
6.6459	-14.2479
4.33445	-12.7003
7.94178	-10.6532
4.45004	-13.862
4.02659	-12.8465
5.01504	-12.6625
5.25324	-12.4359
3.6886	-11.7103
3.94738	-13.0668
4.1668	-14.2299
4.32575	-14.793
4.625	-13.2535
3.60282	-14.0836
6.00114	-13.8859
5.86633	-11.3093
3.55857	-13.5402
5.7848	-11.0997
4.02192	-12.2103
4.507	-14.612
5.13252	-13.9882
3.72845	-13.5593
3.2267	-14.1972
3.46878	-11.9934
6.25065	-14.278
3.93219	-12.9272
4.57596	-11.7094
5.28289	-12.4129
4.36117	-13.9953
4.80237	-14.5785
5.43931	-14.0966
4.27895	-12.1087
4.04486	-12.3103
5.75276	-13.5574
4.3928	-12.2132
5.31806	-14.4474
4.97743	-12.519
3.37578	-13.8142
5.07458	-13.3104
3.88178	-14.3347
3.78219	-12.9598
6.49375	-12.2641
4.54716	-12.0835
6.59246	-13.0274
6.42639	-14.7672
3.87073	-14.2428
4.55746	-14.9023
4.12003	-13.4425
6.29145	-12.1627
6.96123	-13.4975
4.68055	-12.7629
5.53717	-13.6017
5.65872	-12.3146
5.88453	-13.0624
4.03261	-12.4671
6.74476	-10.8269
4.18855	-10.854
6.54309	-13.4227
4.17483	-11.5587
5.60671	-14.641
5.69099	-14.7309
5.78196	-13.9744
4.83241	-11.8052
6.80219	-13.2013
4.96082	-14.5621
4.37941	-12.7375
5.70623	-11.245
4.20577	-12.9692
3.46901	-12.3595
5.86391	-10.7135
5.64563	-13.1189
3.76869	-11.4103
5.21986	-14.3893
3.95779	-13.452
5.07346	-12.7968
5.29032	-12.3773
4.82653	-12.9437
4.39408	-14.6152
4.1252	-12.7639
3.70162	-14.5863
5.7564	-12.4696
5.88214	-12.9869
3.96232	-14.3237
4.98759	-13.9008
4.56927	-13.8172
5.5941	-14.779
3.40375	-11.7304
4.45774	-11.7159
5.40691	-14.5315
5.04591	-12.2823
6.32742	-12.959
3.6626	-11.4006
5.84529	-13.1822
5.51688	-13.7057
5.2637	-13.8976
4.35731	-12.7589
4.94573	-12.0719
5.51872	-13.1333
4.95492	-14.4077
5.77071	-14.4386
5.06694	-12.6364
4.24932	-12.4386
3.84395	-13.0453
4.50387	-11.3203
5.97875	-13.8965
3.66046	-12.2323
3.54516	-13.0623
4.90879	-11.4293
5.57403	-14.1278
4.91544	-13.578
3.72295	-11.8148
5.68395	-13.9844
3.3702	-12.3848
7.68569	-14.5212
4.68085	-11.4537
4.82769	-12.2898
6.16359	-14.0485
3.49388	-12.3591
6.22243	-12.2561
5.31152	-12.9042
6.84146	-13.3294
4.14915	-12.2816
4.34848	-10.9654
3.86738	-14.8163
4.91427	-14.401
4.39298	-14.4206
7.10673	-12.4901
4.87874	-13.1116
4.84726	-13.0305
6.16993	-12.28
5.2069	-13.039
4.9421	-13.6132
5.59586	-10.3731
5.90013	-13.7935
5.22535	-14.3972
3.10864	-14.8747
6.11441	-12.5481
4.28519	-12.9981
4.36755	-13.3355
5.31106	-12.9113
3.41234	-13.3311
4.83789	-14.5375
6.79234	-12.9927
5.91402	-14.9233
5.87564	-14.1923
3.86871	-14.2744
5.10433	-13.3992
3.74312	-12.4254
5.19655	-12.3218
6.03939	-11.929
5.95209	-12.2924
4.09298	-13.4405
6.31208	-13.189
5.89831	-13.0794
5.42719	-12.8878
3.30147	-14.3974
4.82545	-14.7181
4.29995	-11.9362
4.20676	-12.8449
4.24132	-11.6435
6.37645	-12.9566
4.80783	-11.7969
4.75218	-12.7651
6.71691	-12.1748
4.15005	-14.6092
4.77699	-11.8335
5.29153	-10.3586
5.04922	-14.0325
4.23415	-12.8843
6.2738	-14.5271
3.32611	-14.8161
5.2293	-12.4672
6.13689	-11.8127
3.09632	-14.9756
4.39962	-14.1563
5.95693	-10.5416
5.99346	-12.9128
4.9011	-11.4692
6.08402	-14.3825
5.57047	-13.664
4.33113	-12.3436
4.94526	-12.2095
4.94614	-13.3004
6.8491	-12.4529
3.97111	-12.6647
7.3184	-13.7149
5.365	-13.0756
4.5353	-13.2044
6.0967	-10.6925
4.31188	-14.5542
4.38182	-12.7091
5.47232	-14.0586
5.74894	-12.77
4.98232	-13.8569
4.50743	-12.862
3.5811	-14.4398
4.09404	-10.5706
5.18572	-13.3163
3.79072	-14.7893
3.37476	-10.3467
5.42871	-14.4375
4.59844	-13.9113
3.89747	-12.4216
4.02093	-12.6698
3.67305	-13.5965
5.88407	-14.0181
6.61739	-13.9591
4.46413	-14.3142
6.44372	-14.0867
4.43452	-14.6357
4.67773	-12.4214
5.11132	-14.5337
5.26269	-12.6334
4.5746	-11.8129
5.75325	-14.0152
3.57807	-14.0039
5.04834	-14.0391
5.09261	-13.663
5.10681	-14.0023
5.68404	-12.2525
5.54755	-12.4981
3.66474	-11.8473
4.05619	-12.7513
5.43516	-11.275
5.12728	-12.326
5.06031	-13.1287
5.75379	-12.4082
5.60626	-13.3825
4.1968	-12.4857
5.69647	-13.704
4.95907	-14.9176
4.04804	-12.1832
6.22746	-12.1778
5.16684	-14.2941
3.55149	-11.8357
5.41801	-14.9296
6.42346	-13.6053
6.02526	-12.0089
6.47063	-12.4594
3.83149	-13.493
5.51884	-12.7926
5.06428	-13.8527
6.86689	-12.4029
3.49123	-13.611
5.92474	-13.875
4.78192	-14.9
3.82369	-13.618
4.61762	-11.8926
6.65564	-12.8862
2.95506	-12.4968
4.18991	-12.3168
6.68815	-13.2914
3.76418	-11.8978
3.28343	-13.3638
5.76046	-13.9828
3.33319	-13.0173
8.22714	-9.81082
3.55899	-10.1682
5.35552	-14.0526
5.16245	-14.5929
5.60149	-13.5682
2.81935	-14.8672
4.02394	-13.7896
3.08993	-14.3718
3.84507	-12.8286
4.27852	-12.4682
6.13355	-11.9842
5.11513	-12.5522
5.8461	-14.2759
4.81281	-14.6143
6.49584	-10.9726
5.12729	-13.812
3.78783	-13.4982
4.1249	-11.5636
4.69177	-12.1606
4.50432	-10.8877
5.32186	-12.4166
3.17981	-11.6335
5.50655	-14.0781
3.806	-12.9325
3.80371	-14.6908
4.86194	-12.1574
4.49853	-10.5346
5.28249	-12.2814
5.73037	-13.5092
5.6024	-11.3029
7.14992	-12.3133
5.43215	-14.1145
6.10198	-13.9408
4.94793	-12.5646
2.91901	-13.21
5.47416	-11.866
4.18516	-12.3397
7.08792	-12.4695
5.14176	-12.2238
6.23008	-14.3343
4.14749	-13.0644
5.67858	-12.9585
4.60512	-14.5813
5.30937	-13.19
4.87707	-13.2226
5.36708	-13.4167
7.34603	-10.1348
5.98547	-14.0949
5.29528	-13.73
5.24527	-11.7745
4.19224	-11.8876
6.87465	-14.1273
3.30254	-10.2226
3.88526	-14.2673
5.75744	-12.9933
4.82361	-13.013
3.31929	-12.3851
3.22462	-13.1605
5.17281	-12.947
3.32291	-13.1325
6.83713	-12.0754
7.215	-12.2678
5.83421	-12.3653
4.94626	-13.4427
4.60562	-14.5903
4.35628	-12.4495
5.15012	-14.3671
5.90613	-12.8622
4.61826	-12.191
5.06703	-13.3001
6.80331	-13.157
4.34057	-12.0616
4.09479	-13.7177
4.50837	-13.9737
6.69429	-14.9155
3.35534	-12.7753
4.22637	-13.029
5.13033	-13.0715
6.89732	-11.4903
5.83423	-13.2923
5.94075	-12.4534
3.91366	-13.5296
3.37115	-11.4972
6.51643	-14.7271
5.19929	-13.3233
4.29888	-12.1927
4.26037	-13.9187
2.94381	-14.1389
5.26895	-12.7294
5.09673	-14.9582
4.89423	-14.1426
6.60842	-12.2663
3.39068	-12.6389
4.74698	-12.7972
7.6019	-14.1041
4.96212	-11.2137
5.33142	-12.8575
5.75498	-12.163
4.69587	-13.4328
5.37063	-12.7049
5.78503	-12.7883
6.32093	-12.7134
4.76453	-13.9592
3.23	-13.505
6.46925	-12.5889
4.00655	-12.6981
3.84059	-11.0134
3.49389	-13.212
5.42553	-14.5576
4.18618	-14.7784
4.55328	-13.1935
3.21693	-11.9373
5.89748	-13.7242
4.726	-11.4643
6.98987	-12.5602
3.84563	-12.7108
5.56066	-12.3627
3.50105	-13.1486
5.12657	-13.4896
5.30722	-12.8376
4.55687	-12.944
3.19847	-14.7601
4.14486	-12.54
5.67652	-13.5788
5.42032	-12.721
4.18542	-12.7372
6.38855	-13.8009
3.88617	-12.4837
3.85506	-14.4931
5.25568	-13.2831
3.89891	-12.0111
2.94376	-14.6567
4.31176	-14.0467
3.47244	-13.355
5.59464	-14.8468
3.5457	-12.6006
5.80045	-12.3644
5.78659	-14.3691
5.72538	-13.0759
4.92757	-11.6715
4.84932	-14.1911
4.48198	-10.9308
3.94805	-13.5272
3.01194	-11.7005
4.71111	-13.5336
4.15251	-12.8178
6.4043	-10.5289
5.24053	-12.6113
2.96306	-12.6815
4.95371	-14.7455
3.38106	-12.863
6.44738	-11.9866
4.84746	-13.6848
4.08239	-13.0176
6.34931	-12.4916
5.02363	-11.527
6.61574	-14.3621
6.25054	-14.8811
5.72079	-14.1108
3.56764	-12.6879
3.69689	-13.7712
5.48743	-14.6129
5.69855	-12.8931
5.60333	-12.5518
3.58889	-13.7055
4.77775	-12.4837
4.74582	-12.6704
4.90202	-13.4834
5.66772	-14.7889
4.45765	-13.8336
3.78396	-12.6139
5.25277	-14.1012
5.30104	-11.4732
4.28892	-13.0301
5.03295	-13.9587
9.32949	-10.5443
5.85688	-11.8164
5.593	-13.493
4.12994	-14.4423
4.61607	-13.2134
4.26327	-12.126
4.13569	-14.0492
4.1051	-10.8679
5.8487	-12.5804
3.48588	-13.747
3.88478	-14.7176
5.52837	-14.3239
5.74961	-11.2527
5.70214	-12.747
6.11791	-12.5925
5.64655	-14.0879
4.48187	-12.103
5.31609	-13.6068
5.38429	-12.9098
7.02023	-14.2045
3.2687	-12.4999
4.64194	-14.4883
4.43219	-13.6978
4.63218	-12.9933
5.09863	-12.9999
5.02609	-13.4407
3.82903	-14.7378
3.45028	-14.6486
5.07793	-12.2698
3.32446	-14.9417
4.08539	-14.4463
4.09134	-13.493
6.3094	-14.6347
3.6029	-13.9056
5.07142	-12.5533
3.90592	-14.3734
4.59075	-12.1497
6.96009	-14.603
4.94676	-13.0537
5.18531	-14.1053
4.54055	-13.3058
3.3158	-13.2926
5.96637	-13.1649
4.58126	-12.5243
4.39299	-14.129
5.28909	-12.6198
7.6233	-14.0513
3.11402	-12.7126
4.81609	-14.4319
4.63601	-13.6888
2.87752	-14.7273
4.70622	-13.0823
5.61856	-13.5072
5.69425	-13.0391
4.74094	-10.8341
8.15718	-10.7511
5.13502	-12.7043
5.81132	-12.3787
7.00776	-12.6517
5.1531	-11.3139
6.17361	-13.121
3.93566	-12.8386
4.82502	-12.3568
5.22436	-13.9936
3.11968	-14.0252
5.11146	-11.8742
4.86675	-11.786
3.80138	-13.9225
6.30028	-13.751
6.62019	-13.3067
6.44709	-13.2512
4.44826	-13.8798
6.39757	-11.9893
4.7587	-14.1592
5.166	-13.8213
4.87599	-14.98
6.10222	-14.4168
6.43457	-14.5077
5.14648	-13.4631
5.04399	-14.774
5.78906	-11.8177
5.85609	-13.9739
8.22034	-11.3449
5.9263	-12.1986
5.03931	-12.2091
3.68059	-11.9983
5.31942	-12.0541
6.0246	-14.5433
6.46876	-14.4879
4.91949	-13.6814
4.49263	-14.1832
6.2331	-14.5172
3.78345	-14.4662
4.93937	-13.943
5.77347	-13.0372
3.72366	-14.0064
6.03044	-12.9484
6.36792	-14.4647
5.61061	-13.9355
4.21048	-12.3528
4.86871	-10.5552
5.0829	-14.0662
6.30504	-12.8879
4.71218	-12.4042
5.59296	-13.2223
5.32916	-12.5254
6.43431	-14.4119
3.54032	-13.9266
3.83291	-13.8344
4.08817	-13.1585
3.68907	-14.98
3.60001	-12.7439
5.52138	-12.6825
5.40129	-12.2608
5.17855	-13.5988
5.56805	-14.7362
5.11413	-12.9304
4.29337	-12.3925
2.95522	-12.3821
4.75944	-13.3119
5.83798	-13.4591
4.57451	-13.4685
5.09483	-12.3983
5.56078	-14.9088
3.92805	-14.0326
5.44112	-11.8569
4.33666	-14.4108
5.49933	-11.0251
5.55708	-13.7055
5.82875	-14.7235
5.90312	-12.6602
4.20598	-12.145
4.71965	-13.2968
5.85149	-13.4546
5.44055	-12.7143
5.60503	-11.8773
4.56178	-14.0077
6.08458	-13.8105
4.14518	-12.3167
4.01492	-12.9982
3.51519	-13.5786
5.63735	-14.816
5.74954	-12.3212
4.9371	-12.6772
5.60484	-13.38
3.89306	-11.4389
3.57015	-12.3878
6.34089	-12.3081
4.03871	-13.8254
3.77	-12.1699
5.18449	-12.9652
4.98732	-12.2604
6.04736	-11.7337
7.14403	-10.9474
5.17447	-13.2345
5.63043	-12.3386
3.15622	-11.7657
4.00421	-12.1671
5.22006	-13.6729
4.24874	-12.0414
3.10911	-14.5687
5.6243	-12.8971
3.02354	-13.7383
4.69706	-12.3478
5.3979	-13.1797
4.12588	-12.5191
9.70726	-14.8937
3.25835	-13.7854
5.20685	-13.5626
5.00343	-12.0406
3.1303	-12.9047
7.26601	-12.6727
4.37185	-13.2298
3.94159	-14.1336
6.5714	-13.8629
4.28332	-11.9755
4.44496	-12.3125
5.09093	-12.2275
6.69676	-13.0198
3.36053	-13.1474
3.67812	-14.4488
2.91604	-12.0931
4.26399	-12.9357
5.44175	-12.2121
4.51397	-12.6218
5.10242	-14.9288
4.44194	-12.5368
5.5772	-13.5249
4.95319	-14.7761
6.72429	-13.5554
3.09135	-12.6735
3.85534	-11.7351
6.19511	-12.9253
3.22435	-13.6319
7.31231	-14.9555
4.73987	-13.42
3.84177	-12.4716
3.80326	-13.5602
3.87051	-13.4852
4.67822	-13.0823
4.82573	-12.5472
3.3821	-12.3163
3.81537	-13.1208
5.41341	-13.4559
5.63085	-12.5193
6.22666	-12.0764
3.52162	-14.4748
4.22183	-14.7029
3.72365	-14.308
4.02253	-14.8841
4.364	-13.3003
5.90935	-12.5467
4.41934	-13.0765
5.18757	-9.70617
3.29106	-14.3245
4.77454	-14.3938
4.96451	-13.0922
5.28636	-13.2656
4.34742	-12.0098
4.30071	-14.0911
4.14157	-11.7485
4.00174	-14.891
6.11173	-12.334
4.1551	-11.0651
5.63627	-13.6493
5.47642	-12.4728
5.13264	-11.7618
2.92334	-12.0858
6.7251	-13.4217
4.17028	-13.0738
5.2079	-12.5058
4.00107	-12.5462
4.83094	-12.3207
4.9124	-12.5061
5.57415	-12.8429
5.60577	-12.6691
3.39993	-13.1604
4.32863	-13.2866
4.26395	-12.2532
3.85445	-14.7313
5.77689	-13.4956
4.89757	-13.6608
5.20607	-11.7599
4.86671	-12.2044
3.39798	-14.9435
3.24243	-14.8179
5.27279	-12.2659
5.01653	-13.8103
4.90152	-12.1899
5.17762	-14.7423
6.60046	-12.3157
5.65599	-10.6995
4.60028	-12.4078
3.25489	-12.1629
3.87002	-14.1585
5.74783	-14.7609
3.51684	-14.2823
5.78565	-14.5459
7.31058	-11.6774
6.47245	-11.7147
6.44636	-10.9749
3.5296	-12.1143
4.49045	-12.7031
4.17686	-13.0396
4.12494	-12.8293
5.57107	-13.677
3.58479	-12.1402
4.43212	-12.4284
5.58663	-14.9983
4.7596	-13.6119
4.33483	-14.8628
4.09207	-11.9006
6.81789	-14.6648
4.77447	-13.8873
5.03318	-12.3552
5.59185	-11.7937
4.40243	-14.0487
4.86255	-14.7939
2.99042	-13.5246
5.50448	-12.9193
3.39974	-13.5283
4.64839	-12.2074
3.27806	-12.4307
7.34175	-14.4883
3.55504	-12.8323
5.17083	-12.5452
3.3239	-12.5125
4.12347	-13.9432
4.2698	-10.8904
5.71515	-14.6698
3.87675	-12.0543
3.77193	-12.8474
4.49986	-12.3708
4.4733	-14.8982
4.88368	-12.9553
2.98479	-13.725
3.61637	-12.9258
5.91362	-11.3838
4.95466	-12.0921
5.18426	-13.061
4.88121	-11.2539
3.37772	-13.4906
4.73148	-13.2323
3.62794	-12.8571
5.39486	-12.8362
12.4673	3.73592
3.60764	-13.8684
5.09391	-14.6559
4.71276	-13.453
6.76658	-13.4173
4.14926	-13.4998
4.83851	-14.205
3.17686	-12.9389
5.58442	-11.2454
4.93294	-11.6956
8.20464	-14.4687
4.89161	-13.0823
3.42587	-13.0071
6.05644	-13.7485
4.90099	-13.2272
4.30634	-13.6167
5.57429	-13.5966
4.86692	-12.5953
4.73405	-11.7544
5.83801	-14.1935
6.51547	-14.0087
4.88901	-14.9431
4.1797	-11.5443
4.13778	-12.9903
3.78411	-11.7797
3.29733	-12.1659
3.99959	-12.7664
5.60866	-12.8312
5.57551	-12.628
6.13316	-13.8015
5.90282	-13.2952
2.95434	-12.232
6.06804	-13.2183
4.19216	-14.8247
5.55832	-13.4378
4.06481	-14.6454
3.54697	-13.5253
5.61928	-11.8133
5.2066	-11.7682
4.45255	-12.4105
4.5184	-13.5694
4.76063	-11.5735
5.13715	-12.7613
7.21327	-12.1133
5.1685	-11.1605
3.02336	-13.6406
5.00369	-14.1731
6.50106	-12.0867
7.01295	-10.6213
4.17938	-13.985
4.58328	-14.2312
4.69288	-12.1395
5.01268	-13.0967
4.45296	-12.0275
3.31617	-11.1849
6.13961	-13.9948
4.4946	-14.8955
5.86253	-13.8319
3.11363	-12.9676
5.50615	-13.8365
5.51304	-10.1588
4.8251	-14.1164
4.1143	-11.4523
4.92688	-12.6291
4.60573	-13.0953
3.19474	-13.8385
3.54536	-11.3036
6.08636	-13.6287
4.73604	-11.9587
4.33142	-12.7835
5.74765	-14.8415
3.59394	-13.583
3.85977	-12.0378
4.3887	-13.5337
4.60917	-13.8185
5.60819	-12.2531
5.23906	-13.5673
5.31548	-13.8879
3.37712	-10.9014
7.71076	-12.8636
6.37652	-11.3644
5.1636	-12.7601
5.7062	-13.5648
4.92425	-12.1152
2.88507	-13.1382
6.91803	-13.9879
3.93882	-12.2139
5.29818	-12.9252
4.27648	-14.153
5.95391	-13.4432
3.00001	-13.4937
5.65625	-13.4155
4.47892	-14.317
3.7221	-13.1694
5.07767	-14.4374
4.35961	-14.4056
2.92048	-11.9581
4.93231	-13.9221
3.26575	-14.1858
3.47008	-12.3906
5.21104	-13.6823
4.66275	-13.924
5.36833	-12.7284
5.28537	-12.3976
5.43886	-12.5413
4.99531	-13.1207
5.11812	-14.2384
3.71255	-11.2526
4.84797	-13.8273
4.17952	-13.1036
4.03304	-12.6162
4.91447	-12.2832
5.28673	-12.9554
2.9708	-13.0323
3.36733	-13.4319
5.46255	-12.422
3.34154	-14.4193
4.20485	-14.2575
3.92411	-12.3476
3.97685	-14.7544
5.38678	-11.6581
4.85571	-13.3436
3.40105	-11.3628
4.11837	-13.1334
5.33989	-12.5223
5.21179	-12.2675
5.15599	-14.4092
4.29646	-10.5099
6.57576	-12.9568
3.52169	-13.0422
3.42587	-14.2264
4.65641	-12.2617
4.96323	-12.4569
6.11676	-11.3542
4.29411	-13.6507
6.00344	-14.6755
5.18345	-13.0592
4.69581	-11.6739
5.36852	-13.2346
3.87032	-12.8553
3.71663	-13.2075
5.46363	-13.4681
5.3076	-12.4128
7.73546	-14.3133
5.63677	-13.4053
4.61226	-11.4817
5.24044	-13.7048
6.00077	-13.9416
5.78597	-14.4847
4.3123	-13.9045
4.60977	-14.0864
5.011	-12.4013
5.32393	-13.0325
3.41228	-14.1616
4.18277	-13.6835
4.89983	-12.7432
5.23563	-14.5029
4.72884	-12.5114
5.23775	-12.962
4.66422	-12.2977
6.69791	-6.94536
5.80176	-12.2265
4.72369	-13.5412
4.77836	-12.1849
3.68083	-12.2378
4.1951	-13.2377
5.64753	-13.0632
5.8404	-12.0813
5.46541	-12.2785
5.22198	-13.4534
4.42801	-14.2969
5.21213	-13.6794
5.12639	-13.879
4.18309	-13.3385
3.08852	-13.9406
4.80711	-14.9486
4.83676	-12.9695
4.35426	-12.7421
5.3405	-14.2254
5.26499	-13.745
5.56917	-11.2338
5.97552	-13.9107
5.05596	-13.5139
5.60309	-12.8054
5.22426	-12.8813
4.28061	-14.2306
3.85352	-13.8337
6.43469	-14.5031
5.60484	-13.4913
4.89408	-11.9965
4.98074	-13.5935
6.22624	-14.8479
4.84938	-13.2262
3.81499	-12.8362
6.96986	-13.3915
4.9103	-14.123
5.37968	-12.197
5.69945	-13.1471
4.75468	-11.1935
3.37506	-13.0157
4.37123	-11.622
4.40655	-9.66188
6.08737	-12.8517
2.8454	-12.7254
5.118	-12.5436
6.35326	-12.733
3.5619	-14.1112
3.7265	-14.658
6.43763	-12.306
5.45966	-14.6889
4.17884	-11.9195
5.88415	-12.2912
5.93212	-13.2935
4.01631	-11.4892
5.52385	-14.6464
4.02201	-13.4061
4.58404	-12.0761
4.32787	-14.9161
3.39571	-11.0831
5.95818	-12.7638
5.93349	-13.2067
6.70835	-11.413
3.64542	-13.7101
4.21714	-11.4678
4.43758	-14.4038
4.51136	-13.7825
4.88763	-14.846
3.00923	-13.4372
4.78606	-10.7658
5.36924	-11.4197
6.45435	-13.1739
3.22467	-13.9935
4.51591	-13.6865
4.80402	-11.6827
3.07061	-13.5094
5.89662	-13.4311
5.90466	-11.5081
4.84717	-13.1765
5.11072	-11.8839
3.19661	-14.7285
4.10761	-13.8524
7.14409	-12.9665
4.43069	-10.3831
5.63898	-12.2615
4.41894	-13.1423
4.37968	-13.4723
3.57405	-14.1918
4.05859	-10.7445
3.56515	-13.6294
4.85644	-13.7825
4.0366	-13.0101
4.28889	-11.9372
4.5636	-13.9286
4.17127	-11.7508
5.65557	-13.8744
4.14456	-13.0289
3.18965	-13.9144
4.97907	-14.3161
3.59021	-11.7893
4.27207	-13.8393
5.31631	-11.9997
4.26264	-13.4509
3.63923	-13.9067
4.74555	-12.1678
5.41633	-13.959
4.88568	-14.9959
6.09659	-12.9308
7.58539	-14.2377
2.83585	-12.7861
5.36917	-14.6038
5.92038	-12.7612
4.67388	-13.3627
3.31114	-12.6381
5.66187	-12.8119
4.1465	-11.6153
5.00533	-13.3779
3.10549	-12.4314
5.0505	-12.2193
4.83692	-11.9565
5.14353	-10.5862
3.4741	-14.1272
6.31688	-12.6018
3.17321	-13.5904
4.86437	-14.4848
5.08842	-13.3272
8.53367	-12.3308
5.29938	-10.5525
6.04837	-13.8022
6.0581	-12.1055
4.73936	-14.6713
5.25276	-12.0555
3.02317	-11.3989
5.56294	-13.1814
5.01388	-12.2999
5.52314	-14.2159
5.56901	-13.4163
5.10045	-12.1713
3.90679	-13.6942
5.34603	-13.1935
6.50212	-14.2552
3.72042	-14.4642
5.09625	-13.6725
6.54944	-11.5401
3.60079	-13.4736
5.81906	-11.0155
7.13403	-11.6613
4.08629	-12.6345
7.45969	-2.0004
5.2672	-12.4207
5.63432	-14.0699
4.11476	-14.8153
3.28897	-12.3393
6.07234	-14.9615
2.8248	-12.6251
4.4363	-13.0652
5.79216	-14.1169
6.10173	-12.5943
3.99143	-12.0878
3.3871	-12.2733
3.25644	-13.8156
5.07318	-12.6113
6.23322	-13.5594
4.24941	-14.3873
5.43051	-14.9381
5.44698	-12.5171
3.68212	-12.642
4.98535	-12.8031
7.6258	-7.31145
7.62599	-14.4705
3.91306	-12.1819
4.3192	-10.785
5.19977	-12.8291
2.91349	-13.0108
4.50931	-12.4931
5.7195	-14.2726
5.71959	-13.3185
3.22491	-12.6519
5.78349	-14.0489
3.79866	-14.2316
5.92093	-13.405
5.73099	-12.9007
6.18055	-12.4559
3.55679	-14.3417
5.36699	-13.571
5.45231	-11.8582
4.76948	-14.7413
5.03853	-13.381
7.1911	-13.6007
4.1382	-14.5878
5.9742	-12.9602
5.4786	-13.6942
3.6903	-13.5845
5.70761	-12.1749
3.75315	-12.3242
6.22387	-14.6167
5.2774	-13.1217
3.59369	-14.4362
3.82715	-13.9864
3.82041	-12.5251
6.27517	-11.5954
5.23449	-12.5675
5.01905	-12.2685
4.66124	-13.5158
3.17432	-12.5873
6.34798	-12.9571
3.28529	-13.6363
3.8106	-14.7585
3.74919	-12.3801
3.75868	-12.4532
3.607	-11.9557
6.36056	-11.6255
4.1963	-14.6313
4.76881	-12.5516
5.50553	-11.4854
4.73542	-13.1499
7.35535	-13.1114
4.25801	-12.3322
4.05412	-13.3214
4.96555	-11.9674
5.61198	-14.544
3.4272	-13.6473
4.63556	-11.5103
3.54702	-14.2009
6.63263	-11.9702
4.78549	-14.0693
5.98616	-11.3975
7.35137	-13.7517
5.85842	-12.9559
4.613	-13.8836
6.6596	-13.0877
4.55694	-13.0877
5.17097	-11.7698
4.41523	-12.7053
4.13875	-11.5767
5.87157	-12.7469
4.13196	-12.5004
5.51641	-10.9637
6.41999	-13.3347
4.80254	-11.9091
3.61895	-12.9601
3.95023	-13.569
3.34367	-12.1655
5.86358	-13.2993
3.7732	-11.4991
5.46238	-14.8284
4.20146	-13.156
4.42838	-12.8805
4.98633	-13.1352
3.88646	-12.8185
7.03614	-12.3774
7.34602	-14.8195
5.07294	-12.2288
5.28876	-13.917
4.75408	-12.1826
4.31939	-12.0529
5.27594	-12.7382
3.98333	-12.9993
5.29762	-12.7585
4.85796	-13.6441
4.79029	-14.3731
7.61658	-14.1107
3.67248	-14.1916
3.01295	-11.9416
3.85353	-14.3692
4.01329	-13.025
6.28011	-12.5258
3.86774	-14.0674
5.46767	-12.2672
5.37697	-13.0858
4.97719	-13.113
5.40106	-12.5659
5.64631	-10.6963
3.81634	-14.336
7.21742	-14.2511
5.57056	-12.5037
5.406	-12.5704
3.90258	-13.6194
4.99133	-11.5063
4.44368	-13.0745
4.24406	-12.3755
5.51123	-13.4153
5.63858	-12.8754
3.13208	-13.1137
4.1892	-12.4762
6.51094	-9.92741
5.5354	-13.3734
3.95768	-13.0981
5.13725	-11.3185
4.32493	-12.821
4.44578	-13.7117
2.96861	-14.8317
4.08491	-13.8992
4.72525	-13.1852
5.78996	-12.7555
5.4117	-13.4465
6.20401	-13.6973
6.42395	-14.1371
5.48609	-13.525
3.72316	-12.2368
5.33923	-13.3862
4.28021	-12.2333
3.24037	-14.3907
5.29421	-13.2701
5.38704	-12.1572
5.85468	-11.6429
4.31772	-13.7399
4.55718	-12.3235
5.38055	-12.8101
5.9628	-14.3562
4.53048	-13.7084
4.01284	-14.8843
5.41761	-14.5651
3.22809	-14.6745
5.92814	-13.8633
5.58796	-12.3877
6.4412	-13.2062
4.46565	-12.8127
6.27346	-14.7597
5.26646	-14.2425
4.46159	-11.0916
4.02744	-13.0227
4.08232	-11.7788
3.52177	-13.5569
12.6309	-10.5953
3.52115	-13.9772
6.19836	-13.2508
3.07813	-13.2414
5.14124	-14.5736
3.26846	-11.8494
3.89688	-13.0261
4.42988	-10.582
4.23628	-12.2371
5.06562	-13.6186
3.61718	-14.8509
4.41358	-12.4309
3.81242	-14.715
5.87359	-14.0069
4.46243	-13.4194
5.93641	-11.5012
5.12684	-11.282
3.9411	-12.2538
5.78772	-13.6516
4.97792	-11.6699
5.27588	-12.7475
3.9415	-14.3366
5.23667	-13.4966
3.7001	-14.0201
5.90766	-12.177
3.73114	-12.9991
6.61851	-12.234
5.83373	-13.103
6.7619	-12.7892
3.49726	-12.6944
4.02723	-13.596
4.10792	-13.89
5.95046	-11.8919
5.2167	-10.24
5.49204	-13.8917
5.84415	-11.7377
4.88358	-13.6993
5.01468	-12.7858
5.03054	-13.9276
6.66323	-14.6816
4.16597	-13.5117
3.43501	-13.6107
3.66129	-14.0562
5.48699	-14.8642
6.76797	-12.3111
6.56903	-13.1054
4.64613	-11.3691
3.47825	-10.3125
4.19708	-13.6383
7.08441	-11.7086
3.69444	-11.8485
3.73862	-11.2374
6.96562	-13.0878
3.17295	-14.6265
6.07999	-11.6584
5.00609	-11.4512
5.24936	-13.1019
4.3312	-11.9912
3.75674	-13.6469
6.84215	-11.9078
5.00975	-13.7774
5.66583	-12.2674
3.64971	-12.7068
5.77367	-12.3813
4.00615	-14.5397
4.13587	-13.8349
4.69391	-11.7929
3.70573	-14.469
6.16979	-10.6889
6.80115	-13.8312
3.39639	-14.9857
3.095	-12.9337
4.0854	-12.2061
5.20896	-14.3938
5.7555	-11.9966
3.03758	-12.9568
4.3556	-12.0302
7.04885	-13.4476
6.18622	-13.3396
4.74346	-13.1141
4.47824	-14.6281
4.34558	-12.1636
5.27232	-13.2963
3.77422	-11.839
3.96195	-14.8384
2.78775	-10.4562
5.63466	-13.6128
6.03709	-14.2244
5.01516	-14.0694
5.39673	-11.7257
4.59824	-14.6056
4.33919	-14.7644
3.33561	-14.6206
5.69397	-13.2025
4.53758	-12.2959
3.90895	-11.0909
4.81774	-10.0949
5.70109	-12.6532
3.65972	-13.2007
4.70471	-11.3461
5.30448	-14.9748
5.89226	-14.9837
5.70894	-12.2044
4.94298	-12.7486
6.13971	-14.0811
6.03763	-12.3663
4.25582	-14.3952
4.58057	-14.1791
3.58746	-14.1146
3.67974	-14.2778
3.20271	-14.3498
5.02121	-13.9021
4.32831	-14.4511
6.95639	-13.4424
6.40962	-12.999
5.41059	-12.1503
8.48047	-13.8262
3.31333	-13.0675
4.71201	-14.2066
3.2276	-13.8261
6.05324	-11.8578
3.80538	-12.5801
4.11336	-14.8783
5.11076	-12.1002
10.0927	-13.4945
4.63551	-14.06
5.1869	-12.5247
7.11374	-11.9801
4.36147	-13.4303
4.89211	-11.7006
5.06544	-13.0129
6.57211	-13.0689
4.94489	-13.5437
3.38695	-13.0043
4.09524	-13.104
6.63617	-13.8027
3.73705	-11.9106
4.37936	-12.206
3.57729	-14.1046
6.36708	-12.8198
4.98557	-11.1754
5.4284	-12.4498
3.35538	-13.2881
4.08795	-12.2292
4.72057	-13.248
5.46991	-12.8878
7.60258	-13.1299
6.49294	-14.0514
4.2655	-12.3665
3.27831	-13.5182
5.22091	-14.8031
6.9323	-12.7776
6.13306	-14.4312
6.16721	-11.7477
3.72102	-10.8678
3.36877	-14.4902
3.66675	-12.8483
6.72564	-12.0638
6.74611	-11.2872
5.25342	-12.2162
3.79993	-13.7387
3.27477	-14.155
4.84468	-12.28
4.7637	-12.2811
5.03389	-13.5782
4.54778	-11.0764
3.4452	-12.9192
4.62382	-11.897
5.60219	-14.0528
5.33384	-14.0745
6.10002	-12.876
3.52691	-11.0992
5.15012	-12.5092
4.00529	-11.9558
4.91241	-13.613
3.2671	-14.7291
2.99224	-12.2812
4.17305	-14.6263
7.07696	-14.8382
6.58532	-13.0094
3.2361	-12.9713
3.70897	-14.3621
4.9916	-13.3407
4.88568	-11.8846
5.55967	-12.8814
6.75648	-12.657
5.69405	-12.7344
4.50077	-13.3195
3.55982	-12.8832
5.39327	-11.633
4.4282	-12.4682
5.42212	-12.2272
3.27148	-12.9839
4.65061	-13.9463
4.50279	-14.146
4.41238	-12.6451
4.92933	-12.4475
4.43777	-13.8007
6.48909	-13.5501
3.71614	-14.5904
5.72828	-11.6342
4.80486	-14.0212
5.4887	-12.9436
6.35096	-14.6151
5.98808	-13.2789
3.55841	-14.8639
4.68354	-11.985
7.36069	-13.5627
3.94416	-14.8811
4.75618	-13.1848
5.31336	-12.3911
4.41704	-13.692
5.64065	-14.6609
5.19424	-12.5137
6.83228	-11.6882
7.425	-14.8462
5.00907	-10.5772
3.28832	-13.5012
3.4899	-14.9528
3.06739	-14.5965
5.91995	-14.1594
4.4107	-12.099
2.94366	-13.9741
8.37541	-7.133
3.78817	-12.1108
5.89845	-14.0856
6.15289	-12.6365
3.13848	-13.1219
5.95807	-11.8752
5.69435	-12.3186
6.77382	-11.8227
6.17363	-14.2333
3.56984	-13.064
3.78299	-13.0095
5.29551	-13.705
6.94486	-13.8695
2.91648	-13.6215
4.58938	-10.7778
4.22591	-13.8413
5.54874	-14.4066
4.64903	-12.702
4.2904	-13.5897
6.18735	-12.8397
6.72421	-14.4662
4.37517	-12.462
5.13338	-12.7787
4.89063	-14.4759
5.64583	-10.0325
5.39178	-14.0531
6.08993	-13.8094
6.86857	-12.9
4.235	-12.9686
3.48302	-13.0944
4.25075	-12.0067
4.71702	-12.6512
6.90223	-12.8607
4.61353	-12.8513
3.34834	-13.6755
3.78322	-13.7292
3.96485	-13.0701
4.6561	-13.3346
5.70531	-12.6033
5.92483	-12.9966
5.62664	-14.8577
3.71331	-14.0213
5.87827	-14.6698
3.84991	-14.3535
4.63629	-12.4146
4.71942	-13.2956
4.61063	-12.6333
6.6655	-13.797
5.24813	-13.1381
6.061	-14.2154
5.59246	-13.6266
3.63104	-13.4023
6.01934	-14.2279
5.44972	-13.3602
4.32682	-11.2008
4.7086	-14.6245
3.25402	-12.8701
5.90428	-12.7227
5.52207	-11.397
3.40639	-12.1836
3.28697	-13.6626
4.11541	-14.5843
4.75704	-14.7287
5.07959	-13.2908
4.44692	-11.6558
4.3028	-13.2433
5.38478	-14.4642
7.2308	-9.93009
6.18604	-14.2549
4.38464	-12.3236
4.0239	-12.9498
5.37759	-12.9956
9.20949	-11.062
6.2213	-12.3157
4.98688	-14.2948
4.77661	-14.3855
5.52201	-11.8931
5.04259	-14.5797
4.63043	-11.7137
4.25064	-14.0702
3.57242	-13.126
6.3887	-12.7491
5.6346	-13.2147
4.79968	-12.4474
3.8673	-13.7829
7.16287	-13.5853
6.68074	-10.3974
6.03693	-13.5275
5.60445	-13.4172
6.53306	-13.9266
4.93837	-13.6668
5.58031	-13.1423
2.94946	-14.418
6.18387	-13.6063
4.29895	-10.9669
4.14704	-12.6236
4.77031	-14.4227
5.8349	-12.6452
7.48782	-11.0001
5.73485	-13.1303
4.67296	-13.6703
3.51974	-12.6084
7.17385	-13.5524
6.44503	-14.6751
4.38518	-11.5285
3.3701	-13.4231
6.9095	-12.0274
3.78764	-14.1684
4.06222	-12.3721
5.45914	-14.7202
4.41965	-11.7378
4.48479	-11.6213
4.43724	-12.1095
3.49825	-12.1229
6.69388	-13.6093
6.91626	-13.1406
6.03454	-13.4964
6.57218	-13.506
7.0219	-14.6307
6.90665	-12.3128
5.92598	-13.3898
5.02946	-12.463
4.09734	-13.518
3.53413	-11.4739
6.96194	-11.8701
4.44733	-12.5963
4.30654	-14.9644
5.60291	-12.5459
5.61643	-13.0007
3.31656	-13.4414
4.59357	-12.3682
4.52201	-14.7782
3.42405	-14.4968
5.56214	-11.5506
4.60664	-13.0917
6.03311	-12.211
4.30869	-10.8743
6.95494	-12.3391
5.64753	-13.7295
3.95492	-11.5004
4.1923	-11.5552
5.04021	-12.4643
5.28602	-13.5905
4.88358	-14.8644
3.60598	-14.0279
5.10278	-14.0446
5.28852	-11.8084
4.59184	-14.4019
4.31831	-13.5039
5.23436	-12.861
4.3849	-11.5042
4.1557	-13.4191
4.78277	-13.8404
4.45106	-12.2875
3.53011	-14.1942
6.40701	-11.215
6.01487	-12.2346
5.3354	-12.6834
5.87051	-12.0179
6.86957	-12.3843
3.95871	-12.8484
5.37738	-12.5345
6.21189	-14.1755
4.57123	-11.7115
4.36626	-13.8436
3.31982	-12.4334
5.08884	-10.7711
3.8668	-12.9802
6.04682	-14.7137
4.75582	-13.4976
4.94468	-11.5575
4.47852	-13.4157
4.5462	-12.0871
4.43456	-13.9294
4.19087	-13.0855
5.73173	-14.8491
5.2102	-14.1866
4.93699	-13.8451
3.97387	-13.6518
4.15337	-14.9563
4.86895	-12.3105
4.19688	-13.2866
5.6696	-13.9883
3.56253	-12.7091
5.49146	-13.473
6.29317	-14.7421
3.74623	-13.5334
4.39261	-13.2027
3.69615	-11.4748
3.12756	-13.7825
4.74581	-11.2865
4.24539	-12.2073
4.38135	-14.3703
4.30172	-12.4972
4.48564	-13.6445
5.57317	-14.5195
6.32757	-12.7512
3.57827	-13.3721
4.30471	-13.4937
4.70346	-12.9374
3.51573	-12.024
5.42266	-13.9323
3.06203	-12.2886
7.29702	-14.2579
4.39447	-13.0623
3.15206	-14.3349
6.26462	-2.6177
5.77113	-13.9025
5.12519	-14.5416
5.20288	-14.1215
5.07555	-10.1957
6.65364	-14.2008
4.31663	-14.966
3.68407	-12.1513
5.51949	-12.8822
6.53941	-13.4744
5.22292	-13.1457
2.99512	-14.3378
5.69541	-12.0885
4.12651	-13.8889
4.90629	-12.2011
5.30735	-14.857
4.36296	-14.0254
3.8792	-11.7903
