-7.9074	-9.30657
-6.72644	-11.5434
-7.77593	-10.8399
-4.97574	-9.13567
-8.34853	-11.8317
-5.71144	-10.6827
-7.62549	-10.0372
-6.85278	-11.0988
-6.59618	-10.8458
-8.21221	-10.361
-5.55937	-10.0782
-7.44814	-10.3763
-7.55173	-7.59602
-8.44448	-10.4041
-8.65987	-9.31528
-7.42133	-8.95273
-6.67274	-9.96631
-8.44853	-10.4904
-6.57481	-9.6952
-7.78451	-11.0758
-7.73255	-8.93432
-6.85676	-10.5233
-6.77464	-9.13959
-8.73962	-11.0233
-7.88907	-10.9436
-5.49056	-8.71646
-4.19788	-9.58382
-7.52573	-10.4834
-8.16702	-9.38428
-7.186	-9.70285
-6.34524	-11.6814
-8.9561	-9.21427
-6.3358	-10.9523
-5.87013	-11.9612
-5.12797	-8.89701
-5.67535	-7.99814
-6.71929	-9.62287
-8.27536	-9.10517
-6.04543	-10.7389
-7.10366	-11.1234
-8.98763	-9.19741
-5.5277	-9.96283
-4.72956	-10.2927
-5.20421	-9.36437
-6.60746	-9.7389
-7.71312	-11.2308
-6.49248	-10.1088
-7.29822	-10.4923
-6.78665	-10.5776
-6.70163	-8.83014
-5.60436	-9.4417
-7.73105	-10.5637
-8.17595	-9.63061
-5.00136	-10.1548
-6.87128	-10.432
-6.91824	-10.6596
-6.93779	-11.0883
-7.82345	-9.62424
-7.04661	-11.1097
-1.0087	-9.44286
-6.95788	-11.0778
-6.60576	-11.9594
-5.0637	-11.6606
-5.41617	-8.32796
-5.26512	-10.7492
-7.90408	-9.21593
-7.29145	-11.2553
-7.70982	-10.6749
-7.04313	-10.6061
-7.85866	-10.7943
-8.60419	-8.90586
-8.61603	-9.20902
-7.20639	-10.1891
-6.12252	-11.6466
-6.51599	-10.548
-6.34298	-9.19107
-6.86866	-11.3624
-5.57562	-8.05997
-6.5303	-10.946
-7.93469	-9.7672
-6.68077	-10.4448
-4.21006	-11.8013
-6.36895	-11.151
-6.53921	-9.4997
0.441586	-10.003
-7.35719	-10.0195
-7.30528	-7.93774
-7.39225	-9.43277
-5.94824	-10.7936
-7.0358	-10.6469
-7.27068	-10.0743
-4.71133	-9.73002
-6.30051	-9.03053
-7.44184	-11.3761
-8.74685	-10.1526
-6.13755	-10.6841
-7.45025	-9.77225
-6.73726	-9.19407
-7.69702	-6.80893
-7.53634	-10.1308
-6.49877	-11.1039
-7.02361	-10.1629
-8.78883	-9.5389
-5.33876	-8.45093
-7.52771	-8.64652
-6.56362	-9.78541
-5.47794	-8.52096
-7.50267	-10.3334
-8.02476	-8.51855
-6.50043	-9.61217
-8.47527	-12.0926
-7.99371	-9.62897
-6.23632	-9.62811
-7.89392	-8.63327
-7.29533	-10.1022
-7.34487	-11.0523
-7.58194	-10.7807
-7.38865	-9.974
-7.93713	-10.7257
-7.25946	-10.829
-6.33249	-10.882
-5.68892	-9.40549
-6.51091	-9.18341
-7.94155	-7.81479
-8.32481	-10.1643
-7.70896	-10.2244
-6.16892	-11.534
-5.59941	-10.1994
-8.00696	-11.0073
-6.79027	-10.5801
-4.88996	-12.2506
-6.38284	-8.19593
-7.75451	-9.09559
-8.44046	-10.1879
-6.44822	-11.6863
-8.49242	-9.5253
-7.38633	-11.7846
-6.4997	-8.74525
-5.74277	-11.637
-5.31297	-8.91386
-9.00555	-11.3365
-7.41733	-11.7584
-7.71937	-8.15859
-8.7269	-8.56968
-7.42713	-9.39148
-7.93172	-8.49364
-6.74679	-10.7568
-5.89544	-9.28385
-6.45897	-11.7538
-7.00314	-9.21726
-5.68692	-8.54919
-8.20021	-9.55997
-7.06355	-10.9456
-8.35182	-10.4921
-5.19861	-9.8553
-7.93193	-9.5887
-8.39538	-10.375
-7.93524	-9.27243
-6.71289	-9.26875
-7.34549	-11.4217
-7.28367	-10.4531
-6.55336	-10.329
-6.00333	-8.51348
-7.45775	-9.76641
-5.83383	-10.0202
-6.48849	-10.8399
-8.2229	-8.02421
-8.74927	-9.9184
-7.17764	-9.82761
-5.44638	-11.5111
-7.13196	-11.3028
-6.22603	-9.72935
-5.19918	-10.5861
-7.95959	-11.4341
-5.75801	-12.126
-6.64833	-9.20607
-6.96845	-10.4228
-7.75202	-10.9856
-7.25862	-11.9603
-5.90452	-10.383
-6.5282	-10.3775
-7.11059	-11.3108
-6.05445	-10.5557
-7.29353	-10.3527
-6.32973	-9.83898
-7.3783	-9.82074
-8.17525	-10.9831
-5.65476	-10.322
-7.49308	-11.1717
-6.71341	-10.3615
-8.48709	-9.06009
-7.76126	-10.7669
-6.37928	-9.79132
-7.98595	-10.812
-7.00401	-10.865
-7.06627	-10.6794
-6.50863	-8.98976
-7.21588	-8.51889
-7.4047	-10.9865
-7.8274	-9.57606
-8.55271	-10.4359
-6.08312	-9.42418
-7.35033	-10.4505
-7.20817	-10.8679
-7.20111	-11.0461
-6.76881	-10.0212
-5.80489	-9.67309
-7.1694	-10.348
-5.98664	-10.2639
-6.70418	-11.659
-5.60326	-10.9499
-6.21393	-9.48544
-4.3766	-9.90723
-6.98487	-9.85778
-7.96892	-10.3528
-8.58907	-10.3929
-9.04068	-8.4019
-7.96114	-11.5029
-8.76565	-10.7251
-8.60738	-9.81052
-6.90547	-11.7454
-7.16957	-9.29517
-6.262	-10.3181
-8.04881	-7.78469
-6.30328	-11.6374
-8.03763	-10.5552
-8.34821	-9.79984
-6.28216	-7.4412
-8.58699	-11.2754
-7.0989	-12.0155
-6.18754	-9.23564
-7.79479	-10.1224
-4.11041	-11.1822
-6.78179	-9.49185
-6.4002	-11.0168
-5.87981	-10.0543
-8.52566	-7.7515
-8.42836	-10.02
-8.21807	-10.9492
-7.61485	-11.4842
-6.73647	-10.218
-6.53791	-9.80954
-6.5561	-9.04172
-6.49938	-9.69092
-3.90544	-9.90037
-7.17791	-11.426
-9.04669	-10.0656
-7.4551	-9.08994
-8.29144	-8.8212
-7.79477	-11.9446
-7.26773	-10.3235
-8.42741	-8.98309
-7.1242	-9.78521
-7.27235	-8.88417
-7.17085	-9.6993
-7.45718	-11.4529
-7.79278	-11.7722
-6.97199	-9.62522
-7.234	-11.6656
-6.96067	-10.4513
-6.85812	-10.5457
-7.46838	-9.1636
-7.19747	-8.08042
-6.66016	-7.51067
-8.09749	-9.76647
-6.79545	-10.0451
-5.74344	-7.6109
-7.09961	-8.34738
-8.77143	-7.16478
-8.0655	-10.4208
-7.86482	-11.777
-7.36248	-11.8565
-6.2093	-8.98135
-5.3309	-10.486
-6.73382	-11.7054
-7.82292	-10.6952
-8.46683	-10.7816
-8.29536	-9.75976
-5.15101	-8.74429
-8.84426	-9.82371
-8.27097	-9.78677
-7.6411	-9.77928
-7.03304	-8.84602
-6.76248	-8.29006
-6.63204	-11.1578
-7.91758	-11.2038
-6.57464	-10.0924
-6.05687	-10.3979
-7.00101	-8.75763
-5.57368	-11.3816
-5.84532	-7.92213
-7.5237	-9.65878
-7.92788	-8.00839
-6.85101	-8.09602
-6.94502	-9.64089
-6.66561	-10.4535
-8.86	-7.78712
-8.37163	-10.3202
-5.58122	-8.05176
-6.42187	-10.5882
-6.32667	-11.6247
-7.0136	-8.35419
-6.45992	-8.89565
-6.33822	-9.37638
-6.28805	-8.88187
-5.05081	-9.55258
-7.34672	-10.3104
-8.02091	-10.501
-6.24025	-10.1997
-7.56734	-10.7461
-6.98941	-11.2879
-8.75692	-9.73381
-7.74532	-11.145
-6.17312	-11.1531
-6.72494	-10.7532
-8.34046	-10.6646
-6.40376	-9.98818
-6.6882	-8.77965
-6.85713	-9.8334
-6.29232	-11.1357
-5.66149	-9.43124
-7.2493	-10.6543
-7.68987	-11.4587
-7.8834	-9.50392
-7.20941	-9.71068
-7.3218	-10.805
-7.7155	-9.47376
-6.48023	-10.4838
-6.28475	-9.48182
-7.35477	-10.4952
-5.49247	-8.34704
-7.42349	-10.5161
-8.08356	-9.88939
-8.07661	-11.2362
-8.77414	-10.1751
-7.55441	-11.2993
-6.36319	-8.81565
-6.7511	-9.27457
-6.58601	-10.8587
-5.49227	-11.2457
-7.94415	-11.9391
-6.03638	-11.8728
-7.63301	-9.4912
-5.92422	-10.0023
-7.10585	-9.44564
-5.5001	-10.6086
-6.78332	-11.9289
-5.53012	-10.9598
-7.63651	-10.3212
-8.22295	-10.2777
-6.81975	-9.82345
-8.05774	-9.07939
-7.56305	-11.2459
-7.47589	-10.7805
-6.96056	-8.34324
-7.24148	-11.199
-8.558	-6.9479
-5.0845	-10.8201
-7.76878	-10.5705
-7.20713	-10.7162
-5.69663	-11.8075
-5.09129	-6.95272
-6.21717	-9.82225
-6.83525	-12.0293
-8.62484	-7.9823
-6.27997	-10.8707
-8.37816	-9.61571
-6.96906	-9.84553
-7.42715	-10.4531
-6.7758	-10.1265
-6.34858	-10.7887
-8.44432	-9.50499
-6.46091	-11.5737
-7.14391	-11.4782
-7.70032	-10.3928
-8.58425	-9.64496
-7.99489	-10.6669
-8.28774	-7.67417
-6.90951	-10.7251
-6.44275	-9.45256
-7.36198	-9.22896
-4.63296	-7.92189
-8.56102	-10.3352
-5.61215	-7.79534
-7.83582	-11.3087
-6.85158	-10.7599
-8.3114	-10.6041
-7.92815	-10.0574
-6.75057	-9.44599
-8.80734	-11.6341
-4.98014	-10.2062
-6.52432	-8.72952
-5.35643	-10.1109
-8.16491	-9.14789
-7.32306	-10.4353
-5.78041	-9.126
-8.88511	-12.0421
-6.38722	-7.48482
-7.91098	-11.6816
-7.68731	-11.1857
-8.14809	-9.80667
-6.08262	-11.6518
-7.60421	-11.5559
-1.61731	-13.0551
-8.22143	-9.18292
-6.38669	-9.98547
-8.81065	-11.2001
-8.16877	-9.42122
-7.49127	-7.22196
-6.18312	-9.91843
-5.55067	-10.1972
-8.21661	-9.24967
-6.95663	-9.63283
-8.08617	-9.83225
-4.72873	-9.45826
-7.06167	-10.2996
-8.08942	-11.5045
-6.14025	-10.933
-7.56889	-8.67376
-7.63321	-11.5324
-5.68222	-10.6463
-7.56912	-9.34671
-7.27186	-12.1304
-6.48158	-10.8055
-8.03591	-9.91796
-4.84992	-9.59276
-8.42927	-12.0677
-7.71661	-8.5166
-6.98681	-8.79864
-6.07909	-10.7102
-7.17069	-11.4547
-6.69032	-8.98484
-8.1293	-10.7047
-7.42555	-9.5858
-7.54065	-9.09396
-8.25525	-8.87605
-6.85488	-9.44415
-7.60618	-9.89376
-5.02067	-11.7505
-6.27103	-9.47433
-5.13005	-7.23593
-6.37199	-11.6558
-8.88235	-9.81851
-7.65466	-10.8541
-7.39105	-10.2886
-7.22417	-7.8776
-7.69989	-9.12686
-6.0903	-11.3106
-5.77153	-10.2823
-5.24469	-10.0061
-6.88629	-10.5407
-5.35926	-9.3242
-8.57587	-9.51145
-6.38199	-11.1596
-7.35606	-8.68033
-7.45277	-9.86196
-7.73973	-10.4411
-6.58594	-11.866
-7.84753	-11.3385
-5.06779	-8.87366
-8.1748	-9.64615
-5.42396	-12.3377
-9.10761	-8.86179
-6.24425	-9.50781
-8.54312	-9.22199
-6.24171	-9.51237
-7.77493	-11.8939
-6.42418	-9.78996
-7.97167	-8.47527
-7.19661	-10.6867
-8.87441	-10.6155
-6.03146	-9.69124
-8.40638	-9.85446
-7.5605	-8.93139
-5.38479	-12.1109
-5.79143	-5.50797
-5.58165	-11.5112
-7.26357	-9.19178
-6.13291	-10.6158
-6.47695	-10.0925
-6.48947	-10.1064
-6.151	-8.82022
-5.86028	-11.0155
-8.09828	-9.72444
-7.45725	-11.0304
-6.68599	-10.8539
-8.92675	-10.0387
-6.52781	-11.3896
-5.70748	-10.3693
-8.96424	-11.2697
-9.12421	-10.7872
-5.53142	-10.9265
-6.17362	-8.60276
-8.24263	-9.9523
-7.0935	-10.4381
-8.78463	-11.6006
-6.66762	-9.34852
-7.38422	-9.34903
-6.95651	-10.1996
-6.1893	-8.71862
-8.53116	-9.78657
-6.33669	-7.70086
-6.65239	-9.7387
-8.32793	-10.273
-8.4769	-10.212
-8.65032	-8.53119
-6.72018	-11.5931
-7.07651	-9.99342
-7.54128	-9.5045
-4.90863	-9.59893
-6.68211	-10.7545
-7.60055	-10.8888
-6.01817	-9.81803
-7.18554	-10.0388
-7.59344	-9.99679
-5.91502	-10.1358
-5.54624	-8.7893
-5.61013	-11.109
-6.05875	-10.4882
-8.21925	-9.58814
-7.33929	-9.95618
-4.72578	-9.61159
-8.57598	-10.1209
-6.60816	-9.98238
-6.23524	-11.4679
-7.27446	-11.4362
-6.79537	-10.0897
-6.45121	-9.9276
-5.97205	-10.7494
-5.73577	-9.60451
-6.81968	-9.36188
-5.46596	-10.6309
-5.87021	-10.5035
-6.74787	-10.9545
-7.54927	-10.1375
-5.01632	-10.9614
-7.29302	-9.86609
-7.32122	-9.69646
-7.00503	-9.92767
-8.51185	-11.5928
-8.38968	-11.989
-7.40113	-11.6963
-7.85106	-10.2148
-6.53979	-11.2523
-6.42119	-11.4122
-5.8812	-10.4794
-8.22638	-9.76714
-6.49893	-11.0595
-7.20161	-8.42547
-8.09837	-9.65118
-7.56584	-10.1159
-7.52245	-10.1258
-7.7853	-11.6549
-6.82877	-9.88488
-6.18109	-9.82884
-5.23685	-8.7356
-3.76833	-10.2555
-7.89722	-8.59379
-8.05295	-11.7939
-6.00137	-11.1049
-7.61879	-8.96964
-8.51638	-9.23107
-8.67989	-8.61572
-8.42852	-11.3555
-6.10921	-10.7951
-7.78837	-10.0576
-4.93985	-12.5338
-7.65918	-9.61538
-6.19586	-11.6738
-8.19073	-11.9892
-8.42542	-11.4398
-7.57413	-9.27487
-8.87469	-9.93225
-6.45892	-11.3943
-6.82301	-11.4448
-6.93555	-9.87543
-8.44005	-10.0551
-4.01544	-11.5283
-6.91346	-9.81208
-2.6302	-12.1986
-8.19534	-8.8673
-8.58399	-10.0308
-7.19652	-9.78164
-8.5008	-9.60916
-8.34759	-9.91191
-8.03642	-9.82752
-6.71517	-8.33607
-6.46328	-10.4693
-8.00141	-11.1679
-8.79763	-11.2355
-7.80512	-8.67161
-6.3626	-9.42945
-8.30062	-10.997
-7.04922	-7.96306
-6.25523	-9.47872
-6.89801	-11.0136
-7.3432	-7.75627
-3.96259	-13.5297
-7.86712	-8.6522
-8.63115	-8.83024
-6.26867	-9.7494
-6.11724	-8.45159
-5.80315	-10.1293
-5.5668	-10.7773
-8.26803	-7.77923
-8.0369	-9.53237
-7.41603	-10.2539
-6.33761	-9.05005
-4.3967	-9.82765
-8.94976	-8.37064
-5.29529	-7.78033
-6.0207	-10.9889
-8.62205	-8.32661
-5.44467	-11.0524
-7.8723	-7.01833
-7.28537	-10.5974
-5.77063	-9.94656
-8.07321	-8.6016
-5.63989	-10.3837
-6.66132	-10.7257
-8.17781	-10.403
-7.10374	-9.35006
-6.635	-8.46479
-8.40405	-11.0025
-6.0457	-11.61
-6.78713	-9.7236
-8.20632	-8.13069
-7.75622	-11.2706
-7.02139	-10.3914
-5.47011	-11.5377
-6.94403	-11.2765
-7.85961	-10.8698
-6.39312	-9.99963
-6.3568	-8.92341
-6.55871	-8.37238
-9.18662	-9.90589
-7.84965	-10.2197
-4.40691	-8.70744
-8.07205	-11.3538
-8.77176	-10.1025
-8.00702	-11.4101
-5.784	-10.5974
-7.82067	-10.1226
-6.11803	-9.55799
-6.54515	-9.90405
-5.2512	-10.046
-7.4805	-9.60368
-6.06786	-8.28631
-6.58951	-10.7929
-6.55858	-9.97784
-7.61242	-11.3873
-7.48412	-9.76347
-5.79352	-10.2992
-7.0345	-11.4861
-8.51208	-7.54482
-6.94331	-10.3342
-7.84061	-10.0916
-4.78318	-8.90317
-7.52742	-11.2086
-5.77706	-10.653
-8.50026	-10.9174
-6.62514	-10.2614
-6.5562	-9.10291
-6.99532	-9.29544
-6.22479	-11.2789
-7.61201	-11.4223
-6.68797	-9.36482
-6.73044	-9.04264
-7.61581	-9.20174
-4.1195	-8.81082
-6.65455	-8.44978
-6.26985	-9.52536
-7.32471	-10.9653
-6.38986	-10.8388
-6.18151	-8.48717
-6.30643	-11.4586
-6.56575	-11.7846
-6.97362	-11.0617
-5.64527	-9.41401
-6.79772	-10.5865
-8.10037	-9.55436
-6.77232	-11.4789
-4.7167	-10.4904
-6.84059	-11.2288
-6.43762	-11.5507
-6.66489	-9.10881
-8.35891	-9.52007
-5.57433	-10.0861
-6.23872	-8.7076
-6.22085	-10.5259
-6.18128	-12.0872
-9.15738	-10.8154
-8.8955	-9.22917
-5.38688	-10.5745
-8.72661	-11.2561
-7.55998	-7.97741
-8.30307	-11.23
-6.21525	-12.1735
-8.65648	-11.6979
-7.19082	-8.23582
-8.78117	-9.70927
-7.23043	-8.80554
-4.08544	-10.6548
-6.96261	-10.0662
-9.17405	-9.07489
-6.09035	-8.95523
-5.65012	-9.86349
-6.01998	-8.13673
-7.03798	-10.3662
-6.50895	-10.2062
-4.34672	-10.0481
-6.16096	-9.04746
-4.97031	-9.40535
-8.29344	-7.68769
-5.30455	-8.38294
-8.30244	-9.65681
-7.4382	-9.24875
-8.39624	-11.8564
-9.12562	-11.2062
-7.01006	-9.12947
-6.32123	-8.43927
-7.44418	-8.23607
-6.56485	-10.8343
-7.91581	-10.5306
-5.90334	-8.94508
-5.65854	-9.76103
-8.29136	-10.4103
-5.2719	-12.116
-6.18161	-11.6406
-8.09599	-9.43295
-6.27741	-10.2519
-8.59336	-9.13869
-5.77552	-10.4669
-7.43864	-10.9048
-6.55921	-9.17461
-7.82815	-11.1755
-5.65601	-11.4936
-6.71197	-8.82918
-4.61384	-12.4379
-5.23933	-9.10217
-5.28207	-9.79827
-6.78856	-9.71154
-7.85766	-12.0064
-8.18013	-9.19778
-8.68791	-9.74265
-6.82802	-10.182
-6.62588	-11.9281
-5.99086	-10.5009
-6.39242	-8.96601
-6.53105	-11.3922
-8.5345	-11.0187
-6.35582	-9.55544
-6.11955	-11.3341
-6.46183	-8.55946
-6.84148	-11.8206
-8.82655	-10.2485
-6.32806	4.06959
-6.43317	-11.3449
-4.67692	-9.04407
-7.43015	-8.649
-8.67092	-10.9908
-6.79862	-10.5629
-7.98026	-9.58026
-7.10035	-11.3393
-6.50462	-11.5316
-6.50762	-9.41857
-7.09803	-10.7446
-6.18776	-8.84003
-4.64168	-9.2501
-6.21877	-11.3916
-6.81209	-10.0731
-6.82879	-7.44362
-6.8285	-10.2143
-6.53506	-10.6245
-9.02196	-10.3183
-4.54016	-10.3345
-7.27044	-9.12783
-7.44901	-9.62972
-6.04057	-9.46648
-6.64531	-9.29858
-8.88851	-9.86889
-7.20125	-7.14817
-8.62119	-10.4765
-5.17434	-9.92409
-7.97379	-9.78723
-6.19081	-10.1752
-8.66209	-7.4544
-6.49913	-11.7545
-6.61025	-10.3156
-7.28269	-10.7973
-8.48124	-8.33669
-9.01387	-10.0799
-8.29846	-9.29193
-7.3823	-10.9907
-7.53036	-11.303
-8.21016	-10.8073
-8.23903	-11.399
-6.23665	-9.05208
-7.15457	-10.1048
-7.19209	-11.0796
-8.25197	-11.1017
-5.88646	-10.2697
-1.91699	-11.8592
-8.74351	-9.06741
-7.81538	-9.14947
-6.78184	-11.5006
-8.85462	-9.03021
-7.42844	-9.48031
-6.9821	-10.3204
-8.35945	-8.76431
-5.61422	-9.48895
-8.52333	-9.27707
-7.4049	-11.2323
-7.14551	-9.18474
-7.76523	-12.0617
-6.51516	-11.847
-8.25003	-10.3069
-6.95311	-11.1379
-6.62504	-8.95581
-7.69937	-11.7567
-7.30856	-9.59789
-6.14822	-9.67974
-7.21535	-11.1124
-6.76904	-11.1282
-7.82491	-10.8833
-6.57375	-9.06651
-7.40061	-9.50231
-5.50541	-8.03293
-6.77963	-10.6131
-7.24587	-9.04013
-7.60033	-10.7098
-6.2928	-9.74015
-6.46606	-10.2687
-7.65922	-9.60465
-5.45276	-10.3838
-8.67182	-10.009
-7.20943	-11.0056
-7.19237	-11.6634
-6.25096	-10.8095
-6.22445	-9.55925
-4.43496	-7.44922
-7.08876	-8.49061
-8.20997	-10.1195
-8.06443	-11.3776
-8.80088	-10.9274
-7.57466	-9.12006
-5.75477	-9.57366
-6.71288	-9.98763
-6.71955	-9.87351
-8.02614	-8.65713
-8.62667	-11.4095
-7.23024	-8.98921
-1.41002	-10.8885
-8.52728	-9.65571
-7.18436	-10.1022
-5.58412	-10.6024
-1.84617	2.47143
-8.02578	-9.23662
-7.46797	-10.3285
-8.9914	-11.5256
-7.4015	-8.03189
-5.96775	-9.9871
-6.08289	-7.70873
-5.65921	-8.89418
-8.9507	-9.74562
-9.02536	-9.52789
-7.39202	-8.96245
-4.39644	-9.22183
-8.41174	-9.85777
-5.96218	-8.70033
-8.39302	-11.1369
-7.94168	-11.8107
-6.16514	-10.0602
-6.46013	-8.9006
-7.0549	-10.2708
-5.73356	-10.6596
-6.49494	-9.86079
-8.18656	-9.76226
-7.62833	-8.47923
-8.608	-10.2643
-7.57985	-11.0091
-7.45577	-9.50354
-8.10933	-9.3659
-3.45562	-11.3316
-8.59392	-11.7374
-5.34172	-8.69933
-5.74751	-9.68143
-8.10987	-11.7838
-4.23344	2.95273
-7.34324	-9.52153
-6.3812	-9.62946
-7.94286	-9.09955
-5.51089	-12.9612
-5.22874	-9.57039
-6.82789	-9.36595
-8.96895	-10.4107
-5.97211	-9.45337
-8.92735	-9.23336
-6.50171	-8.49615
-6.1939	-11.6557
-8.03356	-11.0076
-8.40386	-9.17714
-5.18472	-10.5929
-7.40588	-7.8944
-4.80525	-11.1402
-8.16753	-8.40566
-6.83704	-9.85634
-6.27101	-9.1245
-8.12931	-11.4898
-7.17698	-8.52094
-7.68411	-11.3588
-6.73497	-10.2252
-8.22441	-9.78705
-6.46839	-9.90056
-6.84044	-11.4186
-8.01709	-11.0024
-8.11389	-11.2278
-6.08652	-9.12386
-5.52087	-9.521
-6.97237	-8.84895
-8.10992	-11.8831
-7.90063	-10.146
-6.59773	-9.55651
-8.14531	-8.26228
-6.3079	-10.3863
-7.80115	-10.4476
-8.66235	-10.6979
-5.48142	-10.0092
-6.03437	-10.5561
-8.5739	-8.85721
-8.36664	-10.8893
-7.27025	-9.28404
-8.95605	-10.7302
-6.46347	-11.2445
-6.58435	-9.38545
-7.63038	-9.41883
-7.7399	-9.78216
-8.44704	-11.7649
-4.27549	-11.8786
-8.39228	-9.13682
-7.05907	-7.91545
-4.42877	-9.63999
-6.80685	-9.30091
-6.877	-10.8409
-6.17122	-10.6509
-6.75155	-9.96421
-6.28825	-11.2675
-7.42201	-9.20466
-6.26647	-9.12457
-6.99714	-8.42244
-8.05736	-11.7141
-6.47023	-11.2871
-7.70267	-10.9569
-6.36593	-8.10229
-6.21867	-9.50359
-7.67832	-10.0161
-8.12081	-11.2514
-6.33311	-9.4636
-8.45341	-9.24413
-8.38212	-11.8182
-8.18142	-11.5263
-6.57624	-10.1753
-7.88184	-9.08046
-6.46653	-9.52331
-7.3956	-10.9638
-6.95984	-9.61066
-7.05237	-9.67015
-5.79644	-9.587
-7.50552	-9.62977
-6.05766	-9.00539
-7.77495	-9.71392
-6.0601	-9.20944
-6.25965	-8.1889
-6.75812	-11.1102
-5.29576	-11.9749
-7.91489	-10.2501
-4.98966	-9.03709
-8.80285	-11.728
-7.74891	-9.84439
-6.41262	-11.6726
-8.56173	-10.7765
-8.0931	-9.09235
-8.01604	-9.9152
-6.36317	-9.50156
-5.65564	-9.36793
-6.13289	-8.96446
-5.9571	-8.91115
-5.83324	-11.1158
-4.17746	-9.85814
-6.87502	-9.58983
-8.26513	-9.24702
-8.02984	-11.1634
-8.19665	-9.5143
-7.89688	-11.6897
-9.18252	-9.30566
-6.10627	-9.46773
-7.99737	-10.0522
-7.44932	-8.64732
-6.54437	-10.5937
-7.60367	-11.743
-4.72421	-9.44971
-7.69093	-10.9399
-7.82423	-10.2181
-8.42291	-9.85915
-5.84605	-10.6584
-7.04411	-9.97563
-6.88386	-10.4596
-6.92329	-9.54439
-5.99862	-12.3959
-8.55585	-9.15688
-7.94434	-11.1931
-8.99651	-8.09067
-8.64525	-11.2707
-7.11318	-9.082
-8.12292	-10.1401
-8.02816	-9.74267
-5.48351	-9.82399
-7.96041	-10.7194
-7.18102	-8.26705
-5.35793	-10.3973
-5.59896	-9.99779
-6.4909	-10.4535
-7.79286	-10.9118
-8.1	-11.472
-4.66986	-8.6853
-6.42608	-9.05966
-8.037	-8.49506
-8.56924	-10.8379
-7.13121	-10.1069
-8.69839	-9.4352
-7.06874	-12.0637
-8.32004	-11.6711
-6.37433	-10.8265
-5.61827	-11.2689
-5.8229	-10.3844
-8.4382	-10.8166
-7.82651	-10.7519
-7.91612	-9.63122
-8.38838	-10.7854
-8.51785	-11.8886
-5.94566	-8.33329
-7.49824	-9.49976
-6.67568	-10.2815
-6.4306	-9.13981
-7.53472	-11.0334
-7.89815	-11.0416
-7.95761	-9.89387
-7.49858	-8.89211
-6.58801	-11.6505
-7.80073	-10.2989
-7.26707	-8.50944
-6.80319	-9.03605
-7.66141	-7.97688
-6.10842	-10.7388
-6.53937	-9.72057
-5.20219	-10.9154
-7.52676	-10.9418
-5.13037	-11.8314
-6.64292	-9.54571
-6.97871	-9.4793
-6.82061	-11.0812
-8.7772	-10.5639
-7.28962	-10.8984
-5.8366	-9.64705
-7.82907	-8.27675
-6.28266	-9.90468
-7.26921	-9.21977
-7.07727	-9.57625
-6.19246	-10.7431
-4.90741	-7.99243
-6.57375	-8.98831
-5.4543	-9.66137
-7.08631	-10.225
-7.23151	-10.6609
-6.73409	-11.4972
-6.84529	-10.1237
-5.64167	-10.8712
-6.09667	-9.04858
-7.17833	-11.8001
-6.97397	-11.555
-7.61426	-8.49299
-8.76877	-11.2008
-8.15692	-9.61568
-4.77215	-9.70912
-6.09093	-8.51453
-6.83973	-9.26229
-6.54699	-9.82604
-5.90498	-9.70283
-6.34734	-8.53701
-4.36688	-10.0374
-7.26524	-9.91014
-7.55417	-10.9702
-5.10146	-10.4491
-8.46674	-8.50677
-5.28588	-11.6959
-5.60863	-8.42587
-5.93494	-12.0438
-6.96219	-9.57236
-4.85826	-9.6902
-6.172	-10.0078
-5.19713	-8.47738
-8.17473	-9.55272
-6.60135	-8.63508
-6.91079	-10.0868
-6.77591	-7.40679
-5.55895	-11.1871
-8.81123	-10.7496
-4.51034	-11.2185
-8.6797	-9.61319
-8.26751	-9.70993
-5.9406	-11.7111
-6.30679	-11.6109
-7.47594	-9.42
-7.60277	-9.02892
-6.07592	-11.1168
-6.71045	-8.69704
-5.10048	-9.55244
-7.03973	-7.87637
-8.27289	-10.0458
-7.30537	-8.32455
-4.07985	-10.5644
-7.47623	-8.77791
-7.03773	-10.6557
-6.83158	-9.13952
-6.86061	-10.3894
-5.55493	-9.32935
-6.75568	-9.6428
-4.20176	-11.0384
-7.33313	-9.13632
-5.86182	-10.1152
-7.82218	-10.1214
-7.23535	-9.13239
-6.08158	-9.44821
-6.45076	-10.2252
-5.94346	-8.78403
-8.42527	-9.82998
-6.64103	-9.73371
-7.87365	-11.9343
-4.67922	-10.7526
-7.48222	-7.90944
-8.64159	-11.13
-8.38721	-10.2066
-8.58319	-9.81395
-8.26657	-10.9636
-7.73832	-8.93101
-6.12966	-10.5062
-7.98454	-8.78605
-7.53578	-9.61647
-8.32198	-8.92633
-6.01036	-10.6825
-5.59542	-10.2039
-8.97963	-9.90573
-7.89324	-9.67095
-8.43959	-8.76499
-8.82707	-11.3632
-8.04461	-9.97084
-6.25375	-7.84728
-7.14785	-11.3067
-8.68208	-9.70396
-7.88257	-10.7983
-6.33754	-10.791
-8.75288	-8.98647
-8.15039	-10.2112
-8.06538	-11.1409
-9.0392	-9.29229
-7.94727	-10.0556
-6.86772	-11.0834
-5.5253	-10.0361
-8.92699	-11.3729
-7.88233	-8.4574
-7.32077	-9.78324
-5.96329	-9.14431
-8.5339	-9.4935
-3.26857	-8.89
-8.58689	-10.908
-1.09714	-7.99497
-8.60039	-7.3785
-6.50549	-9.68661
-8.63482	-9.92667
-6.53942	-10.1357
-8.63672	-9.00076
-6.3205	-10.2422
-5.69446	-9.43436
-8.63765	-10.9852
-5.93064	-10.1891
-6.41349	-10.5246
-7.03404	-10.3323
-8.46396	-9.19029
-8.91649	-10.927
-7.59787	-11.5637
-5.29684	-12.3758
-7.91992	-10.939
-5.77266	-8.90957
-7.93393	-10.9719
-8.76821	-11.576
-6.38748	-9.90528
-6.74908	-10.3592
-5.7473	-9.61173
-7.88119	-10.5688
-6.92004	-10.2355
-8.14829	-11.0937
-7.44897	-8.84739
-1.06024	-10.1954
-6.14152	-9.25971
-6.06143	-10.4096
-5.70589	-10.3348
-6.23999	-11.431
-8.1902	-10.7433
-6.60801	-9.63031
-7.12127	-9.68929
-6.2167	-10.3152
-6.28584	-9.45715
-7.03028	-10.1008
-6.59297	-9.89744
-6.64994	-9.46999
-5.85907	-11.0651
-7.60183	-10.8274
-8.41958	-11.3303
-8.15784	-8.33624
-7.28691	-11.0265
-6.77262	-8.56344
-6.15207	-7.85289
-7.23564	-10.1691
-7.6179	-9.30528
-6.4672	-8.72392
-6.29419	-10.7312
-6.88388	-10.6106
-6.15664	-8.17728
-8.74872	-8.70329
-3.85141	-9.76163
-4.90421	-10.8739
-8.41695	-9.65976
-8.11132	-11.3067
-6.07931	-10.3291
-8.02483	-9.54139
-6.72879	-10.7969
-5.06231	-11.4327
-6.7666	-9.92291
-6.85523	-8.39187
-6.24901	-8.74077
-7.08871	-9.58316
-4.59152	-9.90388
-6.87923	-10.3383
-5.22562	-11.1854
-7.30065	-10.4406
-6.78799	-9.67947
-8.50505	-10.2963
-6.00446	-8.94676
-4.63229	-9.02506
-5.69548	-9.74553
-6.45932	-9.84769
-6.96215	-9.49838
-5.95468	-7.74006
-7.82693	-8.49772
-6.71733	-11.5677
-7.70805	-9.57981
-8.12982	-11.1688
-8.70383	-11.0402
-7.37427	-9.81569
-6.32955	-10.821
-6.77931	-8.84959
-9.11136	-11.6291
-6.13571	-11.5996
-8.58212	-7.92547
-5.59107	-8.74428
-7.47334	-11.5201
-6.85177	-8.56366
-8.41396	-9.49389
-7.55737	-11.0825
-6.92041	-9.73883
-6.79351	-11.6571
-5.57713	-10.0125
-7.30179	-9.21623
-7.03802	-10.7638
-5.65888	-10.3517
-7.13028	-11.5697
-8.19202	-9.65189
-7.2688	-10.9073
-5.89272	-9.57901
-5.09869	-8.44423
-7.10932	-9.06695
-7.05716	-10.2905
-8.84038	-9.02829
-5.88234	-9.4909
-7.0765	-9.89798
-7.57647	-8.82219
-5.92958	-10.5792
-6.93981	-9.52271
-8.03155	-11.3648
-7.11304	-8.63514
-7.6379	-11.6218
-6.74987	-11.3773
-7.22981	-11.1602
-9.00587	-9.67954
-5.66444	-10.6755
-6.8515	-9.42202
-7.99272	-9.32369
-7.68533	-11.7859
-8.11791	-9.10125
-7.3882	-11.5187
-6.11308	-10.6317
-7.88559	-9.7629
-5.75528	-10.7832
-6.41364	-11.114
-6.84722	-10.3495
-7.05526	-10.4555
-7.20765	-10.8996
-7.0735	-9.54482
-7.76117	-9.66449
-4.71907	-9.74914
-5.50513	-10.4655
-6.18626	-9.57065
-8.13047	-10.9735
-8.39731	-9.79733
-7.38677	-10.5847
-5.97914	-11.4793
-4.95751	-11.2729
-6.56473	-9.56206
-8.28794	-9.35683
-8.01009	-8.3049
-6.16647	-9.43953
-7.76019	-11.0221
-5.26953	-8.81834
-6.33456	-11.4836
-8.18037	-10.4568
-6.57413	-10.2021
-4.75131	-9.25963
-6.35889	-11.0231
-5.82522	-8.5594
-5.02671	-7.76539
-6.81153	-10.3501
-5.86317	-11.3357
-6.98143	-9.19371
-8.06047	-9.60813
-6.57279	-9.60406
-7.72458	-8.45173
-5.81484	-10.3428
-8.01765	-10.0895
-7.17415	-8.85197
-7.41761	-10.5872
-6.37092	-11.9744
-2.99345	-7.80537
-8.5292	-9.83881
-6.60358	-10.2865
-6.53653	-10.6653
-7.49369	-11.2828
-7.36046	-11.6633
-7.78271	-10.028
-6.44708	-10.3329
-2.79676	-8.95487
-7.07066	-10.4798
-8.27824	-8.09467
-6.81917	-9.50371
-7.16034	-10.361
-5.5687	-9.90164
-5.5577	-9.47472
-7.35034	-10.895
-8.46738	-11.5548
-5.69277	-10.1423
-7.553	-10.2891
-7.26173	-11.125
-8.15951	-10.2448
-6.83322	-10.4681
-6.21098	-9.87621
-3.75577	-9.03375
-6.44876	-8.9092
-8.14301	-9.42274
-6.35963	-10.3291
-8.21759	-9.31676
-8.61249	-9.01141
-5.40927	-10.6648
-7.61103	-10.0898
-6.43544	-9.54568
-7.13806	-10.9318
-6.38318	-9.96338
-7.07858	-11.0755
-6.33828	-8.75481
-7.47258	-9.00759
-6.27608	-9.9057
-6.72306	-9.15486
-7.41709	-9.42145
-5.98346	-9.13
-5.00118	-11.0909
-7.89683	-9.68936
-8.25172	-11.6368
-8.40736	-11.8336
-6.42917	-9.00622
-8.00272	-9.36853
-8.48818	-9.58554
-5.62114	-10.5835
-8.51719	-11.0018
-6.08773	-9.11785
-6.35312	-7.43506
-7.30137	-0.917472
-6.36261	-11.1561
-9.14374	-9.64583
-8.85124	-9.73852
-5.86931	-8.07297
-6.34463	-10.2847
-7.21678	-8.79354
-7.27972	-10.2765
-7.75107	-8.51884
-6.11225	-11.1648
-5.92134	-9.22018
-7.432	-7.90988
-6.73618	-8.28048
-6.52596	-9.14947
-8.01453	-9.29814
-7.23752	-11.5979
-8.28187	-11.6783
-7.43355	-11.0236
-5.78284	-11.8489
-7.28791	-11.7114
-7.31391	-10.7503
-7.1172	-10.8594
-8.49007	-12.0773
-7.13153	-10.8084
-6.49948	-8.55564
-6.32367	-10.4491
-9.07347	-9.27372
-6.20536	-9.86208
-5.31415	-10.8549
-4.85071	-10.0528
-6.51062	-10.4726
-8.01374	-11.6341
-8.01225	-7.53048
-6.29939	-9.09163
-7.85572	-10.5029
-7.7747	-10.0529
-8.63854	-8.93109
-8.37223	-9.00891
-6.41231	-10.6733
-6.32752	-9.98094
-7.35779	-11.316
-8.03872	-9.45011
-5.54647	-11.4584
-7.27664	-11.3842
-5.05643	-9.24719
-6.21741	-12.0023
-5.99697	-9.52197
-8.22878	-8.89155
-6.17126	-10.9761
-5.31661	-9.97611
-7.1454	-10.2425
-7.00574	-10.9139
-7.51264	-10.5802
-9.16797	-9.11373
-7.74479	-11.6876
-7.93728	-11.7989
-6.58305	-9.12724
-6.88187	-10.4476
-7.59067	-10.8636
-6.46714	-9.41528
-7.17494	-9.02205
-7.34358	-10.3958
-6.33479	-10.3262
-5.55858	-9.98633
-8.09196	-10.9058
-6.66046	-10.6707
-4.85127	-9.68388
-6.87199	-10.9737
-6.69868	-10.2519
-8.12118	-9.7776
0.35991	-9.16884
-5.87231	-11.831
-6.37437	-8.68288
-7.45203	-9.97126
-7.67131	-9.82506
-7.97467	-11.0061
-5.77734	-9.54537
-6.875	-10.6297
-7.42113	-11.0015
-6.52306	-11.2905
-7.24063	-9.29786
-7.15823	-9.50303
-8.01082	-9.85337
-4.65581	-9.22106
-7.06484	-8.90924
-6.74232	-9.35482
-6.5656	-10.8527
-7.89849	-10.7938
-5.70311	-10.1754
-8.23835	-9.5058
-7.19816	-9.16087
-8.19629	-9.12897
-5.2025	-9.96935
-7.23968	-11.5776
-5.41514	-9.24284
-6.52022	-9.22871
-6.92984	-9.33442
-6.71484	-9.02335
-9.02711	-9.86784
-6.88369	-9.05863
-7.54472	-8.71162
-7.73506	-10.1825
-7.65544	-8.30882
-6.35205	-9.36064
-5.49091	-10.109
-6.78051	-9.92599
-6.00939	-9.90141
-7.54378	-10.4412
-5.96878	-11.7438
-5.8832	-11.1791
-6.68944	-9.11909
-6.5345	-10.0917
-6.62448	-9.97291
-5.79111	-10.4704
-7.83314	-9.21297
-7.89627	-10.659
-7.00428	-9.93686
-6.60267	-9.66802
-8.40965	-10.8614
-7.2375	-11.1382
-5.89044	-7.62388
-8.97172	-9.23899
-5.8223	-10.8693
-5.93517	-10.9662
-7.47027	-11.7429
-8.16264	-11.0046
-8.1222	-11.0658
-6.00606	-11.925
-8.97681	-11.0459
-5.3888	-10.6429
-6.22298	-8.34291
-8.07763	-10.6627
-8.28946	-9.60504
-7.63246	-9.48581
-6.32073	-10.8944
-8.38704	-10.6095
-7.53894	-10.4626
-7.57554	-7.85065
-6.59174	-10.6648
-7.66899	-10.5059
-4.72198	-9.78916
-5.87584	-9.61863
-4.85526	-11.3231
-5.65031	-9.79284
-5.36704	-10.0999
-7.31606	-9.86628
-7.30519	-9.92478
-7.29798	-9.66459
-1.62024	-9.78659
-6.36678	-10.4845
-5.74383	-12.8389
-8.00929	-10.2875
-8.84399	-10.2072
-5.41908	-8.15887
-6.48555	-9.89003
-6.67352	-11.8712
-6.91686	-9.1467
-4.88386	-9.24735
-8.21271	-9.18282
-8.07598	-11.7477
-8.82317	-8.35612
-6.06988	-10.7203
-8.33191	-11.7168
-8.73616	-10.4751
-6.39988	-10.129
-6.60125	-10.9609
-6.57281	-12.0107
-4.97827	-9.29857
-7.94914	-10.0154
-5.74609	-8.3566
-6.36191	-11.1423
-8.74282	-8.77193
-6.7377	-8.57394
-7.42802	-7.74056
-5.48819	-9.81579
-6.66713	-9.20357
-7.07485	-9.62443
-7.30501	-10.2933
-8.28787	-9.33803
-5.40175	-10.4571
-6.18355	-9.51553
-6.57413	-9.2644
-8.26508	-10.6491
-7.72112	-9.99438
-8.49745	-4.42648
-5.48042	-8.0172
-7.06737	-9.06356
-8.28192	-11.8058
-7.71824	-9.01746
-6.37995	-9.13048
-6.60457	-10.2463
-7.07264	-9.7538
-7.15009	-9.36631
-8.24878	-10.0689
-7.51022	-11.2671
-6.09291	-9.24256
-6.75392	-9.78391
-7.99097	-11.2238
-6.1435	-9.61187
-6.89066	-9.88222
-6.19951	-9.56481
-7.54359	-9.31375
-7.64134	-10.6505
-6.47726	-11.4667
-7.12656	-10.7111
-8.2805	-11.937
-8.81606	-10.9478
-6.33724	-10.2049
-7.36376	-9.64329
-7.20969	-10.3934
-7.12464	-11.5319
-8.6389	-9.82655
-7.53763	-11.0059
-7.1074	-11.2182
-6.09484	-6.77258
-5.93417	-7.73839
-7.17276	-9.53829
-9.07297	-10.4827
-7.50252	-10.3503
-6.36736	-10.6496
-6.38518	-8.55733
-7.90825	-10.5104
-5.09165	-9.60046
-6.22613	-10.5454
-7.21597	-8.99374
-7.02814	-9.55321
-6.05533	-11.9166
-5.48966	-7.78977
-6.42474	-9.23395
-3.49307	-10.0303
-8.60481	-9.74775
-6.75243	-10.1537
-8.53364	-9.07761
-9.00142	-11.9482
-7.68283	-11.377
-7.16234	-9.70426
-8.56955	-12.062
-8.55195	-10.4274
-8.07974	-9.77715
-5.53193	-9.55998
-6.28013	-9.6606
-6.92367	-10.308
-8.39945	-10.5432
-7.02888	-12.0717
-4.04561	-11.432
-8.58685	-8.8907
-8.45116	-10.8051
-5.72733	-12.3753
-7.19248	-9.08329
-6.84547	-10.1355
-4.32211	-8.87084
-7.11626	-7.89969
-6.69108	-9.58104
-5.5861	-9.2782
-4.59622	-11.3176
-7.2572	-10.1666
-5.52128	-9.1816
-8.10554	-9.91527
-6.16975	-11.3837
-6.76073	-10.1231
-8.72699	-9.68996
-7.62074	-9.74774
-7.58348	-8.53438
-6.67919	-8.70322
-8.53823	-9.23767
-6.15986	-9.29552
-7.74483	-10.7672
-7.34131	-9.19302
-8.13051	-11.0437
-6.90314	-9.75141
-7.52496	-9.15542
-8.27228	-9.51854
-6.82935	-11.262
-6.55776	-10.8087
-7.76418	-9.76311
-5.40519	-12.2906
-7.83191	-9.56402
-8.11046	-9.08985
-7.97247	-11.5829
-7.1085	-11.4423
-8.87061	-10.0079
-7.39053	-10.4719
-7.67293	-9.60471
-5.51428	-8.77059
-6.99078	-10.0663
-7.38936	-10.5616
-8.64913	-9.68206
-6.64215	-9.93741
-8.10904	-9.23566
-8.8706	-9.12233
-8.21121	-10.5464
-8.83863	-10.2311
-7.18367	-11.3427
-6.62048	-9.80925
-8.94096	-9.56656
-5.76224	-10.7842
-8.44707	-11.3339
-7.89895	-7.08574
-5.81252	-8.91213
-7.9231	-9.08221
-5.3622	-8.10293
-5.89793	-10.4102
-5.1509	-11.3707
-6.51618	-8.6463
-8.1952	-7.75919
-8.46365	-10.2585
-7.71056	-10.4553
-7.43111	-9.48161
-8.41612	-9.86576
-8.04831	-10.7823
-7.98954	-11.1039
-6.82207	-9.42649
-8.93214	-10.1811
-5.98804	-8.30158
-8.67529	-8.50611
-8.00028	-9.90548
-7.61745	-11.1995
-7.8993	-10.4739
-6.84391	-10.8591
-5.87943	-7.85762
-6.85926	-10.9175
-4.99724	-9.25024
-8.40719	-8.99138
-5.35652	-10.0915
-8.16833	-10.5185
-5.7609	-10.5595
-7.30752	-9.40506
-7.92537	-10.2419
-6.36389	-11.1545
-6.63616	-10.935
-7.79483	-11.0452
-7.39583	-9.83546
-7.56966	-8.94057
-8.25156	-11.3015
-6.34177	-9.87886
-7.13655	-9.25486
-6.48303	-11.6667
-5.52201	-8.99985
-6.22902	-11.1915
-6.68364	-11.802
-8.82758	-8.3693
-2.64651	-13.552
-8.38538	-10.0965
-7.89629	-11.3373
-5.43401	-9.36916
-8.7052	-9.59458
-5.64188	-11.3994
-6.0785	-9.39645
-4.15891	-6.53802
-6.53354	-10.6983
-5.81733	-11.8606
-6.11787	-9.23958
-5.60693	-10.7777
-5.47088	-11.7398
-6.06468	-10.0736
-8.22632	-9.65603
-5.37719	-12.9552
-6.95234	-9.86354
-8.10851	-8.58314
-8.29544	-9.40337
-8.33282	-11.6952
-7.11394	-9.83932
-5.563	-6.72222
-7.71655	-10.7621
-6.65999	-10.1631
-6.96479	-10.1536
-6.91747	-9.18853
-6.57927	-11.8042
-6.35013	-11.0689
-6.50574	-9.97744
-6.85224	-8.13577
-6.57134	-9.99887
-7.63543	-10.8346
-8.08049	-9.34954
-7.30658	-11.533
-7.88622	-9.53115
-7.38909	-11.6739
-6.72595	-11.5375
-8.53708	-10.0917
-7.44098	-9.63847
-6.37295	-11.1219
-6.39938	-11.2733
-5.10133	-8.58511
-6.35014	-11.6118
-6.27322	-9.62197
-5.38924	-11.4273
-6.40865	-8.04974
-7.90867	-11.0855
-7.07386	-10.8518
-3.78625	-7.60031
-4.9127	-9.27302
-8.16349	-8.59676
-6.84446	-11.3432
-6.85949	-10.7488
-6.71772	-11.476
-8.00716	-8.95833
-4.72925	-10.4164
-8.44538	-8.91277
-8.60209	-10.5471
-7.70123	-8.85099
-7.30738	-10.4578
-7.69207	-9.36817
-6.91625	-11.4552
-4.7435	-9.55146
-8.28442	-9.27596
-6.45295	-10.2166
-8.56051	-11.531
-6.68689	-11.3924
-6.20012	-11.8017
-5.53995	-11.4015
-6.40846	-9.08727
-6.12062	-11.038
-7.19708	-11.5959
-4.89169	-8.99619
-6.79766	-9.19715
-6.19405	-9.41822
-7.48882	-10.6712
-6.13094	-9.19817
-7.20361	-10.4683
-7.6144	-8.68705
-8.01537	-9.80791
-9.07308	-10.5135
-7.69579	-9.31811
-7.44286	-10.1988
-8.55712	-11.9189
-5.86543	-11.2253
-7.54877	-10.4409
-6.79786	-9.23657
-6.02664	-9.69384
-8.27159	-10.0953
-7.81388	-10.2138
-6.6349	-11.9185
-7.55941	-9.83498
-6.83116	-11.2108
-7.07685	-9.18656
-6.48627	-9.75122
-6.1564	-10.809
-6.10318	-10.5483
-8.57273	-8.64228
-7.60183	-10.035
-8.4319	-11.3056
-6.64048	-10.0205
-3.66241	-12.0794
-6.18033	-10.2801
-6.22257	-10.4777
-6.2418	-9.36151
-6.53683	-10.4061
-5.44776	-9.2233
-7.40575	-8.9485
-6.54396	-8.0067
-6.15831	-8.95902
-7.60249	-7.28661
-5.64858	-10.5482
-7.2015	-10.7749
-6.70099	-8.42419
-7.88924	-8.32868
-8.10385	-9.75323
-6.10892	-10.7013
-6.00612	-9.67746
-6.76424	-10.2105
-7.11103	-9.62919
-7.00901	-8.05023
-8.74663	-8.47754
-6.42909	-9.33646
-6.20925	-9.19937
-8.31777	-8.62382
-6.87465	-10.6734
-5.00147	-9.99812
-5.67633	-10.7761
-7.90817	-9.82207
-8.45967	-10.6754
-8.20148	-10.5071
-8.08553	-8.59718
-7.2451	-11.1164
-7.58414	-9.8443
-6.00186	-9.29817
-6.36933	-9.6988
-6.24758	-9.37378
-5.91079	-8.22077
-6.22505	-11.6928
-8.21353	-9.32988
-6.06118	-9.89231
-5.10586	-10.2634
-6.98787	-8.43301
-8.35293	-9.703
-8.39612	-9.59363
-5.25344	-8.87855
-5.10643	-9.17462
-4.92653	-8.35261
-7.12193	-10.6359
-7.28492	-9.81671
-6.82839	-10.3627
-6.51547	-9.67233
-7.5291	-11.1043
-6.87453	-9.7907
-6.87743	-10.6847
-6.63443	-8.53688
-7.65623	-11.9142
-5.67193	-10.5258
-5.71993	-11.4345
-8.61087	-9.00841
-8.77129	-9.157
-8.10869	-11.8601
-8.23448	-10.0777
-6.38519	-9.77261
-7.26675	-7.14802
-6.42805	-10.218
-6.71264	-9.60079
-8.36015	-8.88559
-6.6509	-11.0245
-8.86933	-9.79068
-6.76346	-8.37483
-8.70856	-10.2126
-8.13771	-9.5179
-6.56791	-9.76004
-3.88212	-9.69167
-6.12718	-9.12788
-7.1364	-9.38566
-7.15685	-9.87914
-7.95958	-9.54841
-5.10134	-8.36545
-7.82963	-11.6716
-8.58626	-9.24718
-6.11394	-4.4687
-6.57635	-8.6109
-7.37238	-8.89981
-8.0919	-11.7985
-6.48724	-8.58855
-6.98396	-10.1022
-5.73561	-9.41706
-8.1181	-11.2927
-6.82925	-9.03909
-7.88997	-10.4499
-7.45766	-9.40884
-7.34902	-10.0681
-6.29496	-9.94267
-8.3179	-9.3411
-7.1511	-10.097
-8.9709	-9.79491
-7.06376	-11.4905
-7.65399	-9.16963
-8.03852	-8.69673
-6.32635	-10.5025
-8.77437	-10.7068
-8.35269	-11.0513
-6.83609	-11.3871
-5.12012	-12.0867
-6.27151	-10.2014
-7.31753	-10.4985
-7.2599	-11.4036
-5.55123	-2.70235
-6.59438	-9.87988
-4.82787	-10.0123
-7.91918	-10.775
-5.96974	-11.1383
-5.02196	-13.5974
-7.07192	-11.0549
-6.09261	-9.22987
-8.45423	-5.98226
-6.20073	-11.6127
-5.45806	-9.91683
-7.08704	-9.29244
-7.76759	-10.0253
-8.30442	-10.5535
-6.50889	-10.8241
-7.56785	-10.6048
-7.57069	-9.89179
-6.44516	-9.24001
-8.19926	-8.53725
-7.9492	-10.3313
-7.21024	-8.94837
-5.87268	-10.0868
-8.10422	-10.849
-7.34604	-11.597
-4.99242	-12.6818
-6.76636	-10.1151
-5.62884	-8.91069
-8.03854	-11.1792
-7.15539	-8.97992
-5.25245	-11.7278
-8.02182	-9.33176
-8.64698	-9.08486
-6.67712	-10.1954
-8.00817	-10.1001
-6.62421	-10.7406
-5.86666	-11.7417
-8.16781	-9.43102
-7.27638	-11.0279
-6.62272	-9.70466
-6.21107	-11.1198
-5.67274	-10.6143
-5.17445	-12.7722
-6.04491	-9.95808
-8.71607	-8.22169
-6.3267	-9.12243
-5.23873	-11.839
-7.70673	-10.1217
-7.28164	-11.6342
-8.41598	-9.32368
-6.23864	-9.51923
-8.36325	-9.13443
-5.01382	-12.4405
-8.19038	-11.0549
-7.58086	-11.079
-5.78759	-9.26919
-7.3727	-11.5892
-8.38037	-10.502
-8.6377	-8.80648
-7.15289	-10.1791
-7.12596	-9.72893
-7.16126	-11.0429
-7.1391	-11.6884
-8.80243	-8.79939
-5.87503	-10.8
-8.03469	-9.56818
-6.38091	-11.5023
-7.03654	-11.0311
-6.71572	-9.41859
-7.79779	-11.8002
-5.65468	-9.98996
-7.46041	-9.88575
-6.48549	-10.1797
-4.91289	-11.2198
-5.34325	-7.46444
-8.58593	-9.80691
-6.81939	-10.0337
-7.30719	-11.2296
-7.30305	-10.1581
-7.22141	-9.2868
-6.50591	-10.7085
-8.92288	-11.0123
-6.0699	-10.8661
-7.30767	-9.72985
-8.60223	-11.8678
-7.77575	-8.67202
-6.67308	-11.5337
-6.29049	-9.70282
-7.06397	-10.2903
-7.63314	-11.101
-6.04289	-8.13548
-7.05434	-11.7917
-6.5584	-9.32031
-5.47741	-9.69215
-5.61055	-10.4645
-6.20125	-11.3287
-6.4617	-9.24797
-6.23252	-11.3604
-8.49196	-10.4804
-8.14861	-11.5642
-7.36967	-8.3418
-6.65696	-11.249
-5.88904	-9.38015
-8.14632	-9.43117
-6.26556	-9.14212
-7.00601	-9.51645
-7.2643	-10.535
-5.47637	-8.64092
-6.919	-10.4919
-6.35503	-10.9317
-6.52439	-10.0559
-6.35137	-11.035
-5.94735	-11.1411
-6.81694	-8.79724
-6.7838	-11.2934
-8.16274	-10.7564
-8.04447	-8.93412
-6.76975	-9.92188
-7.71594	-9.39599
-6.42741	-9.75525
-6.12362	-10.8452
-6.10712	-9.69343
-7.11174	-9.20298
-7.64284	-10.473
-5.8527	-8.82173
-7.88076	-9.44901
-5.03611	-10.1766
-6.15902	-10.9922
-6.23645	-9.12267
-6.00946	-9.12747
-7.69449	-9.41258
-6.00827	-7.82467
-7.02478	-11.2932
-8.19297	-8.01743
-6.39601	-10.2503
-5.27507	-10.4146
-8.18425	-11.9284
-6.76433	-10.4719
-5.1004	-9.2188
-7.04713	-10.3469
-5.08765	-10.5077
-6.79337	-11.9172
-8.25191	-9.53557
-6.80908	-10.3024
-8.52918	-10.4279
-6.20245	-9.08242
-6.94336	-9.56016
-6.95859	-9.2099
-6.48446	-11.7563
-8.79755	-10.6113
-6.0595	-9.44094
-6.22162	-10.062
-5.05995	-10.6839
-9.13326	-10.9334
-7.41897	-9.40723
-6.61325	-9.0833
-7.11477	-9.75226
-6.17176	-9.85752
-7.40749	-10.7513
-7.87725	-10.4979
-7.6964	-11.7986
-8.17294	-10.6363
-7.70277	-10.6165
-7.49221	-8.52939
-7.38032	-11.4664
-7.06216	-8.43502
-5.24394	-11.8631
-6.96586	-9.16538
-6.47723	-10.2633
-8.64319	-11.5606
-6.78338	-11.7415
-6.29692	-9.89718
-7.17355	-10.1117
-8.79711	-9.41305
-5.45999	-8.54941
-7.3925	-11.4993
-5.53115	-12.073
-6.72488	-9.13466
-5.26514	-11.397
-8.60901	-11.4367
-6.30688	-10.9598
-7.18799	-9.55054
-8.10898	-9.61218
-7.72523	-10.8
-7.13597	-10.7983
-8.00032	-10.3046
-8.3533	-10.1049
-6.63207	-9.08742
-5.49918	-10.2366
-8.22993	-9.01538
-8.71438	-11.8269
-7.45033	-10.5972
-6.92642	-9.59196
-6.89332	-11.9107
-6.58149	-10.609
-7.28078	-10.7258
-7.3337	-9.17327
-6.90166	-11.7687
-5.89536	-11.1911
-8.3688	-8.24725
-5.87471	-10.388
-7.38325	-11.2139
-5.50187	-10.8445
-6.87127	-9.46526
-8.95365	-10.6602
-7.82659	-9.9642
-6.23188	-10.0604
-9.16978	-9.37942
-8.77987	-11.7184
-6.18956	-9.37733
-5.42119	-9.08271
-5.27043	-8.36838
-5.60429	-11.7511
-6.53996	-11.1862
-5.79655	-9.44512
-8.23522	-9.70315
-8.49187	-10.4422
-5.91627	-11.056
-6.83421	-9.71079
-5.17192	-11.3984
-6.46652	-11.7617
-7.02401	-10.6307
-6.87005	-8.08403
-7.75332	-9.08331
-6.74466	-8.97633
-5.6666	-10.5721
-7.43368	-10.7939
-7.01954	-12.1152
-7.79608	-10.6535
-7.15948	-9.43156
-8.82999	-11.326
-5.81757	-7.89801
-8.75708	-8.08095
-6.21138	-10.7957
-4.48828	-11.4217
-8.13841	-10.3321
-5.4192	-8.37133
-7.53054	-9.92295
-6.40576	-9.96851
-5.71538	-9.35455
-5.24609	-10.2948
-8.10639	-11.7829
-9.17241	-9.23919
-6.49944	-10.0706
-5.31241	-11.451
-7.72768	-9.80623
-7.30629	-8.76755
-8.33398	-9.93955
-5.81713	-8.37081
-5.85902	-9.24
-8.93041	-10.4885
-5.81366	-10.9072
-6.21442	-10.2211
-6.90148	-9.64075
-7.95468	-8.29157
-8.75911	-11.2675
-7.46673	-8.17149
-7.52948	-12.0041
-8.03348	-9.87962
-7.41129	-8.1856
-8.19813	-10.6209
-6.59618	-8.55813
-6.57691	-10.4377
-8.30007	-8.52851
-7.83957	-11.0292
-7.47764	-8.86332
-6.84295	-10.2086
-8.57651	-9.54049
-6.70736	-9.78442
-2.91233	-11.9012
-8.53467	-11.6839
-8.58982	-10.9103
-6.07616	-9.18746
-4.86463	-10.4511
-7.13724	-11.4898
-7.26404	-11.9383
-7.38755	-9.83986
-5.58984	-12.257
-7.06704	-9.17651
-8.16041	-11.0605
-7.93981	-9.88632
-8.70439	-11.2666
-8.64246	-10.71
-6.37097	-9.01006
-6.3402	-10.0178
-6.79662	-8.76926
-6.75762	-9.18097
-5.81152	-9.65491
-7.48609	-11.8258
-8.7752	-8.44536
-8.57809	-10.7215
-7.2217	-11.8807
-4.50188	-9.62964
-7.45653	-11.2124
-5.83012	-12.6116
-7.1167	-9.07409
-7.82425	-8.00961
-8.36291	-9.77211
-7.29555	-10.1659
-7.91461	-10.3441
-6.76335	-10.672
-5.70034	-9.93447
-8.93939	-10.0513
-6.04582	-10.2629
-6.81832	-11.2489
-8.51171	-9.41431
-7.89794	-9.57989
-6.66674	-7.5138
-7.90217	-10.4168
-7.25863	-10.6934
-7.23446	-9.78993
-7.48625	-10.6395
-8.68589	-9.12373
-7.1723	-12.0159
-8.0694	-10.1136
-7.1336	-8.28936
-5.12738	-10.159
-8.25549	-9.2481
-7.67865	-10.538
-8.37637	-11.6897
-6.49078	-8.33993
-4.61666	-11.692
-8.93587	-11.0499
-6.49917	-9.71449
-5.91016	-9.66712
-5.29359	-11.3735
-8.34903	-10.7882
-8.81403	-9.87101
-8.09574	-11.5631
-7.30128	-8.54279
-7.85858	-10.5029
-6.83601	-9.53194
-8.44072	-9.04911
-7.15818	-8.85058
-7.47069	-9.91683
-6.75676	-9.23232
-4.39538	-3.49284
-7.15659	-9.82796
-8.18837	-11.2305
-5.33933	-8.6273
-8.81875	-9.77207
-7.86727	-10.0312
-8.34079	-11.7798
-7.96923	-9.79078
-6.46662	-8.3649
-6.21857	-9.35164
-7.60225	-9.96736
-5.90593	-8.64151
-8.26829	-10.3057
-5.23809	-8.8116
-5.30195	-9.84809
-6.7294	-11.1887
-8.36316	-8.72977
-7.40919	-11.2149
-6.02345	-9.47905
-6.44629	-9.49948
-6.86648	-10.1031
-6.86449	-9.93539
-6.73169	-10.2996
-8.06028	-9.15385
-5.8073	-12.0889
-7.97583	-9.13318
-7.48738	-11.2751
-8.71184	-10.9559
-6.85094	-11.0505
-7.15301	-10.4679
-7.38616	-11.4972
-8.97548	-10.1792
-8.42198	-10.5253
-8.81176	-7.78777
-5.77417	-9.12787
5.01583	-7.41066
-8.56062	-10.0131
-8.59013	-9.75766
-5.46751	-11.1647
-7.93574	-9.97547
-5.69941	-11.5306
-7.25592	-12.1249
-8.83832	-10.9856
-6.70096	-9.00415
-5.01147	-9.49609
-3.37023	-6.25428
-7.23528	-9.8754
-6.42585	-9.63298
-8.98853	-9.56549
-7.70073	-8.01562
-7.60002	-10.5234
-7.7817	-10.3381
-6.27488	-9.5693
-8.50553	-8.7168
-6.60899	-11.3328
-8.43357	-9.72989
0.508293	-2.94845
-4.94879	-11.6099
-5.97268	-10.8984
-6.22292	-10.3569
-6.69147	-12.007
-5.93953	-9.68277
-7.16507	-10.8981
-7.88386	-7.78264
-6.82754	-9.31121
-5.07476	-11.5494
-6.3977	-10.0225
-6.6953	-9.87268
-5.77261	-11.9229
-7.03139	-11.1778
-6.79528	-10.6555
-7.77717	-10.4773
-6.96549	-11.6569
-7.28276	-10.4595
-7.24289	-11.5888
-8.81659	-11.7432
-6.37968	-10.1381
-8.16356	-10.3094
-5.82506	-11.4897
-3.98046	-9.39512
-7.66789	-9.36472
0.823241	-0.570412
-8.14549	-9.49273
-8.09985	-11.7259
-6.52524	-9.66701
-6.55155	-10.5165
-6.2357	-9.7146
-8.89248	-11.9728
-7.12495	-9.31961
-7.92242	-10.3713
-4.90826	-10.4439
-8.50099	-9.72453
-8.33271	-10.9569
-5.79004	-9.32424
-8.57801	-9.90683
-4.51141	-9.75
-6.75499	-9.06004
-4.62519	-11.2761
-4.94393	-11.261
-5.68717	-11.901
-8.92943	-10.3715
-6.47259	-11.3586
-8.8932	-10.8812
-6.9832	-10.7886
-7.33673	-9.97905
-6.58787	-10.1274
-7.05693	-8.67782
-6.02533	-10.3709
-5.70083	-13.0923
-6.69011	-8.47858
-5.84188	-11.0136
-7.75459	-10.8582
-6.64046	-9.45222
-6.6028	-9.15501
-6.23531	-9.89219
-7.11106	-10.8992
-8.26867	-10.704
-6.30455	-11.7117
-7.91171	-8.78245
-6.13762	-9.8385
-5.89665	-10.8878
-7.2093	-8.99793
-6.49659	-9.91884
-7.62759	-9.94241
-6.21419	-8.96259
-8.71339	-10.2368
-5.43147	-12.124
-4.04676	-10.2087
-8.16777	-9.46907
-8.14239	-10.8996
-6.28919	-10.6932
-5.75229	-9.49089
-6.71344	-9.37146
-7.28752	-10.9932
-7.40713	-8.58508
-4.18282	-9.88683
-7.84116	-9.87993
-7.29632	-11.9487
-6.35026	-8.66189
-3.66167	-8.5876
-8.7088	-8.9982
-6.47903	-8.44257
-6.37229	-10.539
-4.05086	-10.3839
-6.9513	-10.1486
-8.53947	-9.44986
-7.63368	-8.93467
-6.26038	-11.9296
-6.98711	-10.8494
-8.33891	-11.7518
-9.08625	-10.2821
-6.7663	-11.2513
-8.5896	-10.0758
-6.74026	-8.73603
-7.95596	-11.6797
-6.88281	-8.82373
-7.2023	-9.84826
-8.68852	-10.1945
-6.51543	-10.5783
-6.12021	-9.76725
-8.48857	-11.422
-7.66208	-9.79825
-8.30569	-9.7312
-8.47219	-9.53634
-5.37215	-12.1675
-6.30014	-9.07549
-7.01994	-10.3857
-7.8616	-9.1458
-6.60217	-10.9603
-8.14256	-10.7356
-8.8649	-11.6631
-8.23614	-11.8742
-7.06431	-7.83192
-8.0856	-9.14156
-6.20272	-9.0605
-6.38148	-9.23942
-6.6007	-9.3839
-6.48853	-9.30585
-7.23508	-9.54615
-6.8257	-9.02724
-5.96688	-9.81958
-6.13489	-9.34954
-6.55611	-10.8345
-7.06272	-11.0609
-7.77121	-9.29503
-7.41978	-9.10185
-8.36655	-10.0965
-8.74145	-7.9928
-8.57227	-9.80964
-6.88451	-11.476
-6.82702	-10.9896
-7.54933	-8.35974
-8.37217	-9.47856
-4.22282	-9.48927
-7.66215	-11.0518
-8.49691	-9.83694
-8.61036	-8.58159
-8.40491	-9.43378
-6.43682	-8.02086
-5.54325	-9.41397
-6.288	-10.1248
-8.69474	-9.09672
-6.67677	-10.9968
-8.20373	-11.5412
-6.60254	-10.0505
-7.63204	-10.3152
-5.60777	-10.5901
-6.09571	-11.2337
-9.03077	-11.156
5.0131	-4.71893
-6.47075	-11.5309
-5.40815	-10.0674
-8.37538	-9.87259
-6.31862	-9.95697
-7.25464	-10.5183
-5.44287	-11.8985
-7.57498	-9.99702
-8.50767	-10.7307
-6.51412	-11.6332
-5.7068	-10.6471
-7.46289	-9.56549
-6.98072	-9.2974
-8.16257	-11.1924
-6.31829	-10.5307
-3.36881	-8.84441
-5.96104	-8.22065
-6.43175	-10.0108
-6.75441	-11.4327
-8.00319	-10.1883
-8.11862	-10.2061
-9.0216	-9.39092
-8.79719	-9.68357
-5.75348	-10.9103
-8.55905	-10.1301
-4.96795	-11.2686
-7.11485	-8.75394
-7.02064	-11.9868
-8.25558	-10.6964
-7.66719	-10.3271
-8.00806	-11.1121
-6.04003	-10.5196
-7.99699	-9.90673
-6.02278	-11.2201
-8.84479	-11.6118
-8.96468	-9.46852
-6.31076	-10.5037
-6.68956	-9.93381
-8.65048	-9.37631
-6.17201	-10.0217
-6.65635	-11.1984
-8.35328	-9.36814
-5.68119	-9.74152
-5.2993	-7.65225
-6.13034	-11.5318
-7.72233	-10.3144
-8.21015	-10.0918
-7.80496	-9.64204
-6.15784	-11.4435
-6.80157	-11.6915
-8.25988	-10.6369
-6.99843	-8.91404
-6.58998	-11.2878
-6.52585	-10.9555
-6.22592	-8.04272
-7.00155	-9.56016
-8.39141	-10.8305
-6.01779	-10.4038
-8.35462	-10.6851
-6.34973	-10.0486
-5.36909	-12.1521
-8.74765	-9.98211
-7.75478	-11.4168
-8.59774	-9.80528
-6.88503	-9.17158
-7.22509	-9.83173
-6.00533	-11.5233
-6.55621	-10.1369
-7.94404	-7.89631
-9.10203	-9.50056
-4.60064	-10.7004
-5.5063	-9.41473
-7.62252	-7.86885
-6.98675	-10.3637
-5.65601	-8.63659
-8.49203	-10.4936
-7.57418	-9.73094
-6.38639	-9.89153
-6.28291	-12.1955
-6.93809	-10.6307
-7.33889	-9.91501
-6.97235	-11.6965
-5.4538	-10.2604
-6.68772	-10.7712
-7.71536	-7.46261
-7.71875	-9.38879
-7.22902	-11.436
-6.58435	-11.371
-5.7707	-12.6722
-7.2101	-10.8938
-8.17417	-10.2093
-6.79644	-7.91435
-8.5751	-10.1822
-5.41631	-8.80354
-8.78218	-10.5313
-6.04328	-10.841
-9.00016	-8.9087
-6.95371	-8.83528
-6.52321	-9.02651
-6.23129	-10.5281
-6.63606	-10.923
-7.84977	-8.75014
-7.2963	-10.8841
-6.86535	-11.3534
-5.98271	-10.4501
-0.949309	-5.2668
-6.00204	-11.8618
-4.29044	-11.3135
-7.01598	-8.35735
-7.13057	-10.2606
-8.74795	-8.83337
-8.47642	-11.2593
-7.62998	-6.57699
-1.31085	6.60531
-7.34323	-10.7418
-8.85245	-10.7429
-7.04545	-8.37035
-7.8971	-9.22252
-7.53564	-10.1271
-6.32756	-10.9953
-6.48889	-10.1873
-6.89181	-9.65221
-7.54062	-9.89278
-6.26288	-10.8003
-7.69939	-10.8374
-7.55955	-10.0454
-5.42651	-12.1824
-6.98141	-9.40887
-5.75816	-9.20952
-8.377	-10.7809
-4.62701	-12.2796
-6.96141	-9.55315
-7.83192	-9.72745
-6.8542	-9.96663
-6.38456	-11.1302
-7.18225	-10.4867
-6.50694	-10.9692
-7.25347	-8.28786
-6.8853	-10.3694
-6.3778	-9.4743
-6.48062	-10.2536
-7.59586	-8.37967
-7.1873	-9.56785
-5.32668	-10.0358
-5.86727	-12.0138
-6.09908	-11.1268
-6.93725	-10.1588
-7.69055	-11.285
-8.05123	-10.3393
-6.92414	-10.4277
-4.65827	-10.3499
-6.89168	-10.12
-8.17264	-10.2104
-7.19571	-11.0897
-6.33697	-10.9686
-6.02039	-8.29428
-6.74876	-10.7883
-6.06674	-9.03351
-6.33367	-7.71748
-7.21673	-10.5801
-7.56303	-7.73869
-7.49671	-11.2756
-8.37874	-8.83418
-7.23645	-10.385
-7.20448	-9.96871
-6.11914	-11.141
-6.45005	-8.86977
-6.47682	-10.38
-5.32531	-7.97531
-8.232	-9.80108
-7.02796	-11.8662
-6.72211	-11.9797
-8.14624	-9.42893
-7.32621	-11.5582
-7.81451	-10.6949
-5.71918	-10.3922
-5.46825	-10.0206
-7.80092	-11.0038
-7.56807	-9.39422
-5.31776	-7.49269
-6.20554	-9.36664
-8.51335	-10.4964
-6.64263	-9.24957
-6.26699	-9.1828
-8.32913	-10.6118
-7.88898	-11.5154
-7.87652	-11.1816
-4.2996	-12.947
-5.98476	-9.62583
-7.40465	-8.784
-6.39649	-7.90404
-8.75069	-9.03878
-6.09938	-9.82266
-6.95379	-9.12867
-7.62227	-9.36439
-6.63116	-9.90988
-5.48355	-9.29564
-6.5298	-11.0921
-8.44405	-10.2094
-6.92815	-9.43677
-6.37928	-9.84387
-6.94375	-10.3506
-7.7	-8.25562
-6.52135	-9.02944
-6.09037	-9.52883
-6.44533	-9.48398
-7.65903	-8.71044
-6.73576	-10.5715
-6.62661	-9.25239
-7.06876	-7.74578
-6.77267	-7.96139
-7.95388	-9.41741
-5.57853	-9.49103
-5.98016	-10.3447
-7.23869	-11.6689
-6.34013	-9.51661
-4.65797	-10.5777
-6.70242	-10.6245
-8.49952	-9.34179
-8.66631	-8.94986
-8.74033	-10.6862
-7.22319	-9.93317
-6.21038	-9.50705
-5.31644	-10.0797
-7.1855	-10.1791
-6.44342	-11.5294
-7.41341	-9.38083
-8.89167	-10.0845
-7.27037	-11.1587
-5.00897	-9.85434
-4.79997	-9.08644
-8.99496	-8.93545
-7.7339	-10.0222
-6.61792	-9.63556
-7.80742	-9.31498
-3.09271	-7.57254
4.27343	-2.41501
-8.48188	-10.0991
-5.61561	-8.08732
-8.51859	-10.1544
-7.53726	-10.7872
-7.52794	-11.1379
-6.08071	-9.25686
-8.53583	-8.00027
-6.94673	-10.5909
-7.31046	-8.47624
-6.79296	-9.50112
-5.17887	-10.0212
-6.22829	-10.8623
-6.413	-8.27358
-7.89037	-8.05304
-6.68594	-9.60058
-9.02128	-9.65192
-6.23737	-10.1919
-8.83737	-10.5569
-6.83855	-11.1554
-6.4965	-10.61
-8.21113	-8.69703
-7.283	-9.5452
-8.67481	-6.49762
-7.20524	-8.90173
-5.53789	-8.54867
-9.20049	-10.0789
-7.78351	-8.49744
-7.39468	-7.87484
-5.32664	-8.34425
-7.63176	-10.9769
-6.75516	-9.62105
-8.49767	-11.8272
-7.27673	-10.759
-6.78134	-11.7227
-8.54076	-10.0161
-8.58698	-10.5195
-7.6307	-10.9998
-6.18731	-11.9812
-8.33951	-9.52082
-5.71836	-10.6708
-8.11546	-11.6089
-6.87809	-9.22068
-8.43728	-9.931
-7.08138	-9.08974
-8.29755	-10.1119
-6.07743	-11.0602
-6.95873	-9.36212
-8.79031	-10.7179
-8.66343	-10.7035
-7.41858	-8.0524
-6.98131	-11.3689
-8.4054	-11.8822
-8.92602	-11.0754
-5.54914	-10.6037
-5.98808	-11.7981
-7.122	-9.84596
-6.40314	-10.6901
-7.63004	-10.9497
-6.10593	-9.59641
-7.48485	-10.0445
-6.48665	-10.7596
-6.26802	-9.35111
-8.35228	-11.0067
-5.19822	-10.449
-7.0359	-9.42681
-8.25063	-11.4491
-6.38001	-11.0895
-5.95504	-9.67109
-6.86235	-8.9505
-8.23498	-11.0262
-8.0224	-9.07471
-6.64395	-10.7762
-8.52934	-11.5414
-8.56	-9.94992
-7.302	-11.2661
-6.34407	-9.68779
-8.62076	-9.50342
-7.04446	-8.52808
-6.63607	-11.6433
-6.49504	-9.33363
-8.11186	-9.15323
-7.86796	-9.48816
-8.82752	-11.6509
-5.61053	-12.1908
-5.41803	-10.4421
-7.76969	-11.85
-6.74293	-9.45393
-6.64523	-11.4276
-7.46208	-9.91395
-8.18548	-7.92716
-7.03051	-9.0686
-7.76496	-9.26003
-8.46679	-9.18713
-8.43326	-9.64607
-4.80889	-9.28645
-8.3168	-12.0936
-7.03906	-10.7832
-7.05467	-9.77841
-6.81611	-10.8812
-6.70765	-10.9046
-7.04715	-10.8211
-6.26563	-11.1866
-7.75784	-8.283
-5.36603	-10.5797
-6.55867	-9.0173
-6.80977	-10.3372
-7.37453	-10.35
-8.67217	-10.3802
-8.19346	-11.1534
-6.78109	-8.07809
-4.6086	-12.5045
-7.97922	-11.0065
-5.78732	-9.51717
-4.01955	-11.9882
-7.16605	-12.0215
-5.43719	-11.1255
-6.71033	-8.15993
-8.2532	-9.61964
-6.77471	-8.82914
-8.06111	-10.689
-7.11371	-11.6911
-5.69647	-9.6114
-8.8301	-9.90774
-5.97353	-9.91877
-8.10898	-9.48524
-7.30155	-10.6643
-7.27452	-9.17357
-5.81366	-10.5291
-6.40882	-11.4257
-7.92138	-9.436
-6.93382	-8.00118
-8.47564	-10.2918
-7.08795	-11.3026
-7.20751	-11.0897
-7.87371	-9.19736
-5.70949	-9.25061
-6.68511	-11.81
-8.09978	-11.1067
-8.57821	-10.6153
-7.93084	-9.07624
-6.25921	-10.0289
-6.68945	-9.87206
-7.8	-9.63858
-5.26723	-8.39078
-7.27247	-10.2018
-5.9702	-9.40325
-8.17116	-10.02
-7.61258	-11.1881
-8.7449	-10.2809
-6.63291	-11.4846
-6.4993	-6.43992
-5.28	-11.4105
-8.02545	-11.2502
-6.45062	-10.6833
-6.26706	-7.82426
-6.08996	-11.7015
-6.9872	-11.6824
-6.51212	-9.74225
-8.70932	-10.2406
-7.53699	-10.4982
-8.61573	-10.927
-5.99493	-10.4527
-5.7368	-10.2828
-7.00123	-7.63888
-5.00846	-9.49741
-8.57488	-9.26304
-8.11131	-11.23
-8.29222	-10.9763
-7.83886	-10.1766
-7.73897	-11.5315
-7.35821	-9.93225
-4.81032	-13.3999
3.59834	-9.93639
-2.8323	-13.8592
-6.14732	-9.3671
-7.9588	-11.8473
-5.33706	-9.75524
-8.03569	-8.87267
-6.34964	-9.52059
-7.52841	-9.35319
-7.02704	-8.21468
-6.42353	-10.7303
-8.91063	-10.1806
-6.50342	-9.76474
-6.83735	-10.7633
-6.9223	-8.7112
-8.27863	-11.5456
-6.54115	-6.7592
-6.19404	-9.63536
-5.46189	-11.3313
-5.15878	-10.7773
-7.08266	-11.9279
-5.93795	-9.01739
-6.46179	-11.9858
-8.67497	-9.93942
-7.75217	-12.0335
6.30838	1.9633
-5.73797	-9.60726
-7.23286	-12.1267
-7.72374	-10.018
-6.61906	-10.177
-6.30712	-11.7901
-7.81961	-9.95155
-5.30957	-11.7551
-7.3977	-9.71701
-5.72169	-8.75513
-8.35499	-9.12493
-8.56868	-10.1028
-8.96696	-9.97442
-7.24136	-8.98134
-7.0583	-10.8202
-7.92227	-11.9174
-8.5504	-9.76131
-5.82727	-9.43576
-6.20396	-9.34211
-7.89732	-10.7809
-7.66672	-10.9869
-8.80278	-9.85686
-6.69518	-9.64867
-7.06457	-10.0928
-6.37118	-9.7936
-6.90739	-10.5134
-4.01726	-7.00308
-5.09544	-9.53928
-7.16761	-9.33465
-7.43497	-7.74558
-7.02562	-9.13013
-5.81053	-9.96964
-3.12113	-10.8612
-8.80752	-9.45691
-6.4425	-11.317
-4.76828	-10.9458
-6.52498	-9.11187
-6.72608	-9.30964
-8.28285	-9.71564
-6.24659	-9.26811
-7.96282	-10.1555
-6.34701	-11.2034
-7.09843	-9.1989
-8.14163	-10.7584
-8.1283	-11.2662
-8.0264	-10.8511
-8.29614	-10.0232
-5.2218	-11.788
-7.48269	-12.071
-6.62224	-11.6308
-7.13305	-10.8422
-6.92155	-10.753
-6.4196	-9.34984
-8.67776	-10.5391
-7.89494	-10.4276
-7.47581	-9.92007
-8.04642	-9.44906
-6.31598	-11.7628
-7.18401	-7.83048
-8.74461	-11.3105
-7.92966	-10.403
-8.05691	-10.7769
-6.92254	-11.6871
-7.58554	-11.4706
-6.20912	-10.1374
-5.85295	-11.9608
-6.35898	-10.5651
-6.32303	-9.39261
-5.75999	-8.43339
-6.32956	-9.52017
-7.40236	-9.57431
-8.11767	-9.83431
-7.4059	-9.67478
-6.44189	-8.89018
-8.02631	-9.74911
-8.0756	-10.5572
-5.15764	-11.8238
-5.77143	-11.4637
-8.33951	-9.86589
-4.92645	-10.305
-6.71184	-10.4629
-8.35024	-11.4892
-2.53326	-6.88211
-5.7968	-8.75712
-5.87364	-10.6013
-5.98645	-9.90115
-7.51689	-10.3081
-5.97444	-9.05002
-7.80707	-11.5561
-8.76653	-10.0814
-8.34866	-9.05167
-8.98072	-11.6446
-5.28324	-11.6327
-8.14446	-9.93934
-6.69924	-11.4857
-8.7654	-10.8843
-5.85195	-10.4738
-7.0324	-9.16271
-6.66996	-9.34345
-8.80716	-11.9803
-6.82919	-9.46335
-7.26915	-11.3762
-6.11587	-9.90311
-7.65167	-10.4589
-6.098	-10.1633
-7.3313	-10.0965
-8.6371	-9.70408
-7.90244	-9.03741
-5.29659	-6.61528
-7.88374	-7.93565
-4.57957	-9.07996
-6.21344	-8.8611
-7.80717	-9.44188
-4.96746	-11.6826
-8.66155	-9.65858
-7.912	-9.13944
-5.20227	-10.2718
-7.71198	-11.7797
-7.72929	-9.88993
-6.69258	-9.18865
-7.83148	-9.01444
-7.09558	-9.23326
-6.99286	-8.18435
-7.56601	-8.28539
-6.82305	-11.2515
-4.52105	-11.5395
-7.0639	-10.4961
-7.92308	-9.32097
-8.51969	-10.5196
-7.09095	-9.3101
-5.88671	-12.0421
-7.62684	-11.037
-7.75887	-11.4368
-6.5227	-9.57733
-4.98012	-9.22358
-5.21908	-10.6053
-5.75237	-10.7753
-5.87669	-8.98844
-8.04784	-10.3921
-5.84592	-11.1629
-8.82386	-10.9775
-6.56538	-9.82839
-8.60126	-10.4717
-6.9023	-8.95327
-7.81949	-11.482
-6.02707	-10.0889
-8.65275	-10.9997
-7.67618	-9.91239
-5.147	-10.7041
-8.76413	-10.1473
-6.14277	-9.26679
-6.70289	-10.5242
-6.46216	-8.98359
-8.1668	-10.3135
-5.5507	-7.50619
-8.34833	-8.20205
-7.6088	-11.687
-8.24456	-11.2623
-8.32859	-10.8069
-7.65851	-10.926
-6.81698	-10.1635
-7.71838	-10.73
-6.09853	-8.12768
-7.33186	-11.9807
-7.47671	-10.5464
-8.34013	-8.91788
-6.3051	-11.1834
-6.51664	-9.98831
-8.68049	-11.5508
-6.20698	-10.5856
-6.28514	-9.46837
-7.40723	-9.69878
-5.89047	-5.74093
-6.6636	-9.742
-6.50922	-10.201
-9.08834	-10.5788
-7.44922	-9.42352
-7.57155	-7.86191
-5.55299	-9.35723
-8.47473	-11.5862
-7.15139	-10.4251
-4.91223	-12.3346
-4.58042	-11.6866
-8.75512	-9.82831
-8.37383	-10.7017
-8.92242	-9.62493
-7.05867	-8.49664
-7.87764	-10.9345
-8.68285	-11.9648
-6.95498	-11.2694
-4.9247	-8.54418
-8.48419	-11.2696
-7.02327	-11.37
-6.80092	-10.7262
-6.97014	-9.76579
-6.20623	-9.77294
-5.35724	-11.5918
-5.31288	-10.253
-8.08168	-10.0556
-6.38472	-10.1808
-6.6255	-10.4298
-5.00698	-11.6493
-7.86588	-11.9526
-6.95054	-9.81933
-6.12672	-10.1906
-6.75764	-11.6367
-7.00406	-7.8624
-6.25151	-10.7398
-4.77068	-9.30385
-7.64051	-10.7434
-7.34622	-11.1446
-6.90766	-11.0745
-8.40979	-10.4454
-7.88347	-9.71193
-6.35955	-10.4038
-7.09947	-10.5662
-7.5208	-9.98678
-6.75521	-9.35026
-7.90117	-10.1604
-8.13466	-9.55978
-8.2874	-9.74581
-8.01179	-10.9225
-6.15389	-10.5103
-8.90863	-10.7842
-7.19588	-10.6833
-4.53022	-10.7177
-6.69591	-10.7552
-6.99075	-10.5307
-7.30886	-9.90647
-6.26192	-9.69203
-7.9828	-11.3971
-6.62931	-9.25861
-5.74507	-9.61075
-6.0545	-10.7817
-6.71549	-8.98875
-6.42022	-11.281
-5.79752	-10.1341
-7.26777	-11.2331
-6.51466	-10.5604
-6.91742	-9.89929
-5.8156	-10.4567
-6.0846	-10.9403
-7.20841	-10.7965
-6.11857	-9.5553
-6.60403	-11.8843
-7.95579	-9.81567
-8.11313	-8.35739
-5.90149	-11.0943
-5.2579	-11.3926
-5.26655	-9.96918
-7.91549	-8.16681
-6.67861	-11.6073
-5.86917	-8.92309
-7.79171	-10.153
-8.67446	-9.89861
-6.61194	-11.316
-6.32983	-10.6765
-5.43445	-10.6861
-6.73862	-11.0008
-6.71024	-11.7918
-6.32018	-9.27335
-7.69839	-10.761
-6.71777	-8.40304
-7.88823	-11.8292
-7.51723	-7.42232
-5.57612	-11.6568
-6.15996	-8.83885
-7.59987	-8.36764
-7.32458	-9.07322
-7.99498	-8.92568
-7.50007	-9.94208
-6.71999	-10.4605
-8.62351	-11.3453
-7.55702	-8.99295
-6.83473	-10.5491
-8.86268	-11.3509
-7.95079	-11.2258
-5.6595	-11.3346
-7.01348	-9.0719
-5.63755	-12.1429
-6.12964	-8.33098
-6.10219	-11.4632
-6.10494	-9.46136
-6.00977	-11.6031
-7.99091	-9.29057
-8.16685	-7.65854
-8.38619	-9.65113
-6.89012	-11.5698
-8.83334	-9.04005
-7.95661	-8.50608
-8.32215	-9.67678
-7.07156	-9.7943
-7.47367	-11.0842
-7.70939	-11.1132
-6.43084	-9.3578
-8.29313	-10.2657
-4.87365	-10.6111
-6.46848	-10.5075
-6.67725	-11.5173
-5.83359	-11.6727
-6.8295	-11.4948
-7.1021	-9.37223
-6.3639	-9.94277
-5.93467	-7.9587
-8.6421	-9.75945
-7.46343	-8.80093
-7.75897	-10.3652
-7.10387	-7.81588
-7.85202	-8.73
-8.19035	-11.9103
-8.12921	-9.72689
-5.3016	-10.7299
-8.25097	-11.4609
-5.04207	-12.3258
-6.10799	-11.3646
-5.29625	-12.2395
-2.71381	-3.531
-7.98374	-9.89484
-6.85891	-9.43408
-7.99728	-11.0136
-7.10567	-10.2273
-6.79446	-9.52437
-7.80189	-10.8284
-8.46428	-10.3921
-7.86123	-10.1142
-8.36822	-7.7426
-7.11382	-10.7317
-7.60951	-11.1645
-5.44318	-10.2201
-7.3134	-11.9582
-7.64957	-10.2478
-6.42885	-8.58327
-5.21147	-9.80357
-7.91332	-9.41212
-7.97293	-10.5964
-7.85248	-9.04732
-8.68036	-8.81427
-7.95392	-7.63594
-7.98043	-10.6494
-7.75277	-11.6118
-7.56168	-8.3568
-5.89004	-10.2319
-5.44279	-10.0763
-6.2089	-9.72293
-8.75593	-11.4903
-8.71214	-9.4407
-5.68849	-10.5728
-4.25418	-5.40929
-4.22351	-10.398
-6.61374	-9.86595
-6.9206	-10.7377
-7.11915	-9.87896
-6.71047	-9.05319
-8.81328	-10.3759
-7.01652	-10.596
-7.34601	-10.7916
-7.88617	-7.65281
-6.54946	-10.7426
-8.0797	-9.05492
-6.41907	-10.5068
-6.61532	-10.6218
-6.65379	-7.43239
-6.67573	-9.0619
-7.92015	-10.5871
-5.94845	-8.25825
-8.61132	-10.0614
-8.50384	-8.74153
-6.00001	-8.8471
-6.52589	-11.223
-8.41301	-10.5997
-6.79348	-9.55117
-6.87572	-11.9714
-6.79452	-10.2706
-7.25128	-8.62297
-7.21858	-9.43409
-6.21565	-9.53311
-7.84467	-9.23922
-7.62624	-11.4698
-7.82159	-8.7891
-6.03409	-9.62639
-7.12669	-10.7915
-7.00068	-8.12573
-7.37662	-10.8234
-6.54755	-9.31346
-5.52133	-12.4194
-3.39505	-9.78448
-7.43266	-9.38029
-6.59224	-10.1208
-6.45521	-9.90758
-6.4582	-10.2521
-8.74795	-11.4106
-6.88083	-10.7745
-5.7865	-11.0313
-8.53323	-9.80643
-7.59888	-9.10299
-4.96844	-7.78931
-7.199	-11.5302
-3.08826	-11.4673
-3.62354	-8.26984
-6.32283	-10.3838
-6.21157	-11.6018
-8.65507	-10.2615
-6.27553	-9.45151
-6.19399	-11.3937
-5.4365	-11.3635
-7.55347	-8.68012
-5.78614	-10.0951
-6.51878	-9.41837
-5.41466	-11.2923
-4.31982	-11.7071
-6.38978	-11.705
-5.47725	-9.32859
-8.53014	-9.49895
-6.06789	-9.56227
-7.97201	-11.7506
-6.95618	-9.06955
-7.62233	-8.14486
-6.71696	-10.5167
-7.02461	-9.74732
-8.90176	-9.86527
-7.02073	-10.9682
-8.14901	-9.60032
-6.9807	-9.414
-5.8967	-10.6306
-8.88217	-11.1568
-8.09017	-11.0847
-7.17856	-9.45375
-8.1626	-11.0381
-7.28574	-11.67
-8.96767	-11.2167
-4.93816	-9.26703
-7.56177	-9.63772
-9.01692	-8.09412
-7.97417	-9.58328
-5.25721	-12.7559
-7.83769	-9.84434
-6.68719	-9.63389
-7.01001	-9.46587
-8.42155	-9.74273
-6.02972	-9.5219
-5.35865	-8.78677
-7.04209	-11.1828
-6.9112	-10.2529
-6.19573	-10.5824
-7.06867	-8.92077
-6.87942	-10.9505
-7.17317	-10.9371
-8.11644	-11.8736
-6.40427	-10.4611
-6.11653	-9.01685
-7.75896	-11.3206
-4.75735	-9.03181
-6.9675	-11.3788
-8.36144	-9.30592
-6.88586	-10.5622
-6.46369	-11.5775
-6.98335	-11.1974
-5.6471	-10.239
-6.47937	-9.13417
-6.42887	-10.2647
-6.72885	-9.47926
-8.03626	-10.8464
-7.51004	-10.9561
-8.41267	-11.393
-6.28012	-8.45984
-6.27897	-9.16811
-7.61058	-8.35745
-6.38294	-10.206
-7.09206	-10.1158
-7.2472	-9.0689
-7.78499	-9.19608
-6.11451	-11.4249
-6.96795	-9.14024
-7.96005	-9.84736
-7.40147	-10.4643
-8.38224	-11.5253
-9.0229	-11.936
-7.06698	-11.3507
-6.57883	-10.3839
-7.30546	-12.1677
-6.76074	-11.5209
-8.0897	-8.40706
-9.27152	-9.63908
-6.53052	-10.7167
-6.4185	-10.0511
-7.57725	-10.6557
-6.22522	-10.3586
-6.69276	-8.91176
-6.63732	-9.06605
-7.72217	-11.3204
-6.69771	-10.0134
-6.8413	-11.0387
-8.45622	-10.0478
-4.22672	-11.7342
-7.36432	-9.98421
-6.84892	-7.80872
-7.51268	-10.9467
-6.05175	-9.46544
-8.51179	-9.88479
-6.16556	-10.2141
-5.69569	-9.71588
-7.33165	-10.9708
-8.35419	-11.8897
-7.05496	-10.2219
-7.03427	-10.7156
-7.92221	-8.13074
-5.66833	-11.3869
-6.86945	-9.16996
-7.90389	-10.0327
-7.1876	-8.84672
-7.26224	-8.78508
-6.03019	-9.61304
-8.02299	-9.44041
-6.73187	-11.6716
-5.49999	-8.8273
-8.35633	-10.7455
-6.42148	-11.6256
-6.45806	-10.6709
-7.04145	-8.96169
-4.08546	-12.3508
-8.35308	-10.3693
-7.45328	-8.922
-6.96694	-10.7785
-6.67798	-9.22307
-8.0196	-10.6245
-7.47548	-10.5928
-7.1996	-11.5026
-6.29844	-10.6571
-8.05184	-11.9965
-7.01025	-9.26609
-6.47228	-11.2293
-6.58399	-11.4411
-8.30676	-10.4554
-7.21994	-9.19998
-7.31154	-11.2323
-5.22061	-10.6658
-6.36448	-9.22759
-6.25505	-10.3421
-6.24767	-9.52256
-7.61868	-9.17483
-8.61325	-9.18771
-7.58621	-10.9785
-6.26295	-9.28482
-6.81443	-10.6943
-8.30366	-9.47952
-8.40928	-11.8155
-8.86203	-9.13431
-8.046	-10.5918
-4.31485	-11.8457
-8.67888	-9.49424
-7.17371	-7.64438
-6.42735	-9.19938
-5.54033	-10.6413
-8.73029	-8.13825
-6.66114	-8.1722
-7.84285	-9.76407
-8.26744	-8.96403
-7.68491	-10.9607
-6.00219	-10.1388
-6.23374	-9.89388
-5.77092	-11.0423
-6.91256	-10.772
-8.15233	-11.9204
-8.3974	-11.3405
-7.7988	-8.96447
-7.84928	-11.3544
-6.68073	-10.7531
-9.00921	-9.45341
-8.29737	-11.2492
-5.96334	-9.60778
-6.06188	-9.03204
-5.92392	-10.4215
-7.90084	-10.3529
-7.84947	-11.7414
-5.80676	-8.38568
-6.63069	-11.6144
-6.50524	-9.20051
-6.95491	-9.76957
-6.29854	-10.5816
-6.54715	-10.0475
-6.83144	-8.73744
-5.55463	-10.3555
-6.6175	-11.4699
-6.01538	-10.1971
-8.74189	-10.0297
-6.70094	-7.75285
-6.90344	-10.3885
-5.26472	-9.76468
-7.94225	-9.26852
-6.83721	-8.0515
-6.28142	-10.9955
-5.59254	-12.0271
-7.91783	-11.7833
-6.78553	-8.33461
-7.2469	-10.3826
-6.02343	-10.8156
-5.17303	-9.99558
-7.55949	-10.104
-7.1421	-9.42124
-6.35144	-8.427
-7.56594	-11.9333
-8.45599	-9.06793
-7.86087	-10.3692
-7.21153	-9.24414
-6.34018	-10.8384
-7.34806	-10.3513
-6.76574	-9.43407
-2.29212	-12.5482
-7.77257	-10.6737
-6.78041	-8.28148
-7.38597	-11.8573
-7.30585	-11.0214
-6.62251	-9.50507
-6.36872	-11.466
-8.60881	-9.74876
-8.39983	-9.20169
-7.14633	-11.4081
-7.16873	-11.933
-7.48738	-10.1736
-8.52423	-8.78128
-7.06774	-9.13406
-7.44294	-9.94924
-5.3089	-8.7229
-6.13233	-10.4395
-5.21222	-11.9739
-6.08359	-10.9695
-8.85005	-12.1219
-5.80083	-9.42996
-7.53953	-9.43822
-6.79729	-11.322
-7.72917	-11.3641
-7.66998	-10.9838
-6.06519	-11.2261
-7.95317	-9.27874
-6.81667	-9.51215
-6.22091	-10.7773
-0.950048	-11.4809
-6.18448	-9.7182
-7.34101	-10.1685
-5.47146	-10.6834
-8.54717	-10.2736
-7.9224	-10.3542
-8.65112	-10.7669
-8.64113	-9.88487
-6.28209	-11.3348
-5.79855	-8.59211
-5.14795	-8.29396
-7.31381	-9.73588
-8.596	-10.2307
-5.28684	-9.99913
-6.78455	-11.127
-8.7707	-10.482
-8.54223	-9.39934
-6.71034	-10.7421
-5.84086	-11.209
-7.86935	-10.8431
-7.72408	-11.5112
-8.83707	-8.85794
-6.51136	-10.4121
-7.52389	-9.29931
-5.41665	-9.3694
2.34673	-11.6799
-5.65906	-10.7298
-6.76013	-11.2233
-7.02563	-11.706
-6.64181	-11.5331
-8.4073	-9.44377
-8.4528	-8.66173
-6.31034	-10.3298
-7.1767	-10.7224
-6.70837	-9.92744
-8.83878	-11.9508
-7.39405	-9.71543
-8.51667	-11.0056
-6.59511	-11.3847
-3.31989	-9.22366
-8.34146	-10.0594
-7.66447	-9.11275
-7.95629	-9.13764
-6.4661	-11.4567
-6.45985	-11.5568
-6.04973	-9.38829
-6.53769	-8.54841
-7.38238	-10.3116
-4.03991	-13.2756
-8.89219	-9.77674
-6.85068	-11.5879
-7.18795	-11.4785
-6.64825	-10.3454
-5.73144	-12.0305
-5.39099	-12.0227
-8.72394	-10.1159
-7.43773	-10.384
-7.86371	-11.8115
-7.29551	-9.50796
-5.69518	-11.9257
-4.95763	-7.59414
-8.91147	-10.2142
-7.51593	-7.96712
-6.39618	-11.2387
-5.50187	-11.2116
-8.43791	-10.043
-7.32121	-11.9901
-7.16066	-10.3495
-9.10657	-11.5392
-6.40565	-10.2272
-5.23749	-7.15505
-6.88733	-10.2298
-8.51802	-9.02144
-6.35965	-9.08116
-7.70062	-7.58618
-8.40704	-6.58801
-7.70621	-11.3605
-7.92137	-11.4284
-5.26784	-10.3661
-6.10396	-9.92575
-6.30009	-8.04288
-7.76913	-9.76624
-8.47284	-11.6539
-6.9373	-11.9749
-7.56832	-9.67442
-8.45495	-10.8502
-6.44205	-8.98326
-7.23299	-10.7099
-5.1476	-11.3211
-8.12097	-11.0273
-7.85916	-9.92437
-5.39419	-9.9834
-7.86375	-11.1529
-6.00742	-9.91542
-7.60534	-10.6005
-7.13887	-10.3696
-7.63882	-9.16665
-8.28563	-11.8328
-7.10807	-7.77827
-8.28717	-9.84182
-7.85059	-10.9196
-7.52534	-11.6526
-6.58969	-9.39427
-6.9067	-10.5301
-6.31723	-9.44166
-5.50273	-9.90665
-8.8457	-11.3361
-7.29501	-10.9187
-8.47569	-11.5444
-7.81216	-11.6313
-7.84839	-8.57101
-5.98616	-9.90872
-8.04979	-10.8992
-7.44352	-10.5957
-5.09958	-10.4559
-7.41178	-7.71866
-8.06384	-11.2786
-6.25588	-7.67137
-4.42218	-13.5115
-7.81425	-9.71645
-7.32829	-11.257
-5.50865	-10.3578
-7.40447	-10.8925
-7.98809	-9.89085
-8.7706	-9.20547
-7.52446	-9.50376
-8.32505	-9.04586
-6.54767	-9.9413
-8.49161	-11.4033
-7.8283	-10.2621
-4.53608	-12.0767
-7.44334	-10.7092
-5.55495	-9.40272
-6.30058	-8.54902
-4.84984	-12.2035
-4.34596	-9.66194
-6.55062	-10.6623
-6.91623	-10.7275
-7.16579	-11.5992
-8.56706	-11.787
-7.74449	-9.21807
-5.60637	-7.88453
-6.24037	-10.4797
-7.88527	-9.34626
-7.43582	-9.64337
-4.17685	-11.7924
-7.39266	-9.9098
-6.47369	-9.97754
-7.87672	-10.3927
-8.52721	-10.6068
-8.30033	-11.5496
-8.51406	-8.87092
-5.28657	-8.60322
-9.08598	-11.5858
-8.63464	-9.76431
-6.09078	-10.892
-6.18565	-8.36555
-7.61918	-11.1257
-7.0051	-10.8334
-5.47508	-10.5591
-7.45514	-9.87331
-7.86643	-10.6552
-6.84179	-9.75163
-6.6774	-9.6985
-7.75519	-9.24875
-5.64964	-8.84961
-7.6941	-9.41869
-6.18593	-10.2559
-6.86473	-8.42138
-4.72869	-10.1398
-7.50393	-9.71261
-7.11603	-10.7348
-7.59871	-10.2493
-8.41491	-10.8114
-7.63255	-11.8844
8.23443	-4.55986
-6.67189	-9.65206
-8.68835	-10.2415
-7.0267	-10.9689
-4.65522	-9.94794
-8.43123	-8.98314
-8.54739	-11.0881
-6.58711	-8.51719
-8.52772	-9.99302
-8.55757	-7.62505
-4.04147	-9.7037
-6.92138	-11.741
-5.46657	-12.7385
-3.94037	-10.9293
-6.27683	-10.2243
-8.92791	-8.55004
-6.33184	-10.6613
-6.39898	-11.1958
-6.39144	-9.65965
-6.4187	-10.4244
-5.90357	-9.93752
-5.66192	-10.1819
-7.18723	-11.0691
-6.82399	-9.37007
-7.61384	-9.64554
1.81211	-6.12065
-7.60942	-11.6628
1.33696	-7.20336
-5.82028	-8.68356
-6.36065	-10.9025
-8.41706	-11.5733
-4.10059	-9.73322
-8.88934	-10.2896
-6.59613	-10.3824
-7.16784	-10.1066
-7.87843	-11.2474
-4.9196	-10.6855
-7.71833	-10.1682
-8.40602	-10.6235
-8.49674	-8.81848
-5.99434	-9.11843
-5.85972	-10.8805
-8.58284	-9.361
-6.37408	-10.0505
-7.09263	-10.4175
-6.16344	-8.37929
-8.22744	-9.84904
-7.48526	-11.194
-6.37945	-9.23073
-6.21476	-8.24779
-8.94566	-9.88047
-5.92679	-12.0903
-4.4647	-10.8645
-6.05885	-8.56417
-8.15701	-11.5087
-4.95245	-10.5839
-7.89667	-8.36542
-6.82549	-9.37422
-8.35118	-9.27422
-8.56173	-10.1546
-6.37494	-9.32935
-6.54308	-9.88676
-8.21641	-10.9712
-6.34036	-8.87773
-6.51081	-10.7457
-8.32083	-8.61775
-4.69771	-10.1673
-7.82143	-11.5852
-5.85513	-12.0331
-5.89593	-10.7446
-8.30489	-10.9606
-8.83821	-8.57438
-7.09487	-9.52309
-8.41973	-10.6477
-8.9208	-11.4839
-7.36793	-9.37066
-8.82664	-10.3606
-7.15371	-10.6087
-6.61023	-8.2813
-6.49334	-8.95128
-7.37554	-9.9955
-7.08786	-9.94643
-7.96469	-9.10997
-7.77149	-10.951
-5.8433	-12.5287
-6.15249	-8.98041
-6.73746	-10.8929
-3.78797	-11.205
-7.031	-11.3104
-6.38556	-9.94298
-4.54807	-8.01672
-6.54384	-7.75873
-7.44036	-11.7773
-6.8413	-10.9359
-8.16221	-11.8542
-7.69527	-11.1035
-6.0463	-7.65112
-6.73663	-9.38801
-7.24155	-9.59701
-6.18603	-10.5095
-7.63931	-11.3261
-8.81833	-10.9734
-8.36895	-11.9599
-5.19277	-11.7763
-5.51502	-10.5463
-6.43345	-8.95071
-6.82545	-9.39292
-5.94464	-10.9708
-8.94512	-9.66873
-6.6939	-10.356
-7.65312	-11.4287
-6.00803	-11.3767
-6.5369	-11.1458
-8.39111	-9.04167
-6.21498	-11.8558
-7.51379	-10.74
-6.45705	-11.4669
-3.19008	-11.7832
-7.05472	-9.21374
-6.36858	-10.3135
-5.98339	-11.9218
-6.99541	-10.3636
-5.99232	-9.53522
-7.21934	-8.92938
-7.57416	-10.4843
-6.34337	-10.8092
-4.92942	-9.66041
-6.28576	-9.55018
-7.44555	-11.2785
-8.0973	-8.48892
-8.69447	-10.5912
-7.30318	-11.7171
-6.28099	-9.70222
-7.30789	-10.7059
-6.16653	-11.0228
-6.01642	-9.94379
-8.25321	-10.2036
-6.82438	-10.0036
-6.26408	-11.4858
-6.12343	-9.838
-6.74936	-10.8313
-6.40612	-11.1453
-7.69797	-10.0009
-8.23404	-11.2391
-8.29407	-10.0816
-8.98132	-8.51963
-7.6475	-8.29588
-4.56103	-12.8461
-7.10965	-9.9794
-4.92348	-8.53518
-6.76614	-8.97991
-7.21668	-10.1243
-6.92772	-9.60443
-9.05541	-9.48301
-8.14272	-10.9003
-8.68919	-9.84956
-7.57439	-9.43303
-7.94206	-12.1099
-5.60879	-10.5752
-6.37534	-10.1972
-6.02	-8.58619
-8.61661	-9.63932
-5.79209	-9.4644
-6.69336	-11.4393
-7.47226	-9.06117
-9.0023	-10.2646
-7.81966	-9.67514
-8.3407	-11.7856
-6.06563	-12.0194
-5.36054	-11.128
-8.24465	-12.0406
-7.11123	-11.645
-4.3722	-8.2662
-8.59039	-11.1905
-8.29856	-9.51828
-6.96113	-10.9738
-6.2054	-10.895
2.6341	-4.6182
-8.57647	-11.5459
-7.52963	-9.12268
-5.7149	-8.72255
-6.29915	-11.476
-8.80999	-7.25603
-7.76723	-11.4013
-6.83763	-8.17755
-7.55406	-11.0027
-7.76159	-10.9337
-7.48536	-9.09438
-5.94742	-9.37197
-6.06861	-10.2957
-7.61359	-11.2223
-8.0224	-9.46565
-8.58828	-10.7306
-8.26875	-7.45854
-8.13058	-9.2008
-5.96569	-8.98734
-8.51209	-9.91629
-9.16283	-11.5799
-7.56565	-10.8799
-8.04126	-10.177
-7.66065	-9.11966
-5.27653	-11.7626
-8.45358	-11.3016
-7.92046	-9.82923
-6.23074	-11.8331
-8.20923	-9.77795
-5.9008	-9.38586
-6.9257	-10.7908
-8.31208	-10.7964
-7.39859	-9.74603
-7.09095	-9.01476
-5.96636	-8.53715
-7.53384	-9.97491
-6.29523	-10.4344
-8.25289	-8.88693
-7.14643	-9.1481
-6.83381	-9.75114
-6.49252	-10.5974
-7.71324	-11.2791
-6.91378	-10.877
-7.07249	-11.4517
-6.23558	-11.8822
-7.39179	-10.669
-7.04884	-9.35673
-5.45896	-5.52165
-5.90309	-9.8079
-5.30721	-9.07182
-7.93904	-10.4795
-5.49503	-10.0969
-7.90613	-8.62591
-7.60688	-10.9584
-5.95491	-10.0082
-7.05564	-10.1918
-6.58722	-11.9903
-7.94587	-9.43799
-7.56536	-9.39386
-5.69283	-10.7984
-5.44858	-9.09463
-6.60132	-11.0576
-8.68423	-9.58394
-6.05444	-10.8898
-6.60942	-11.8931
-7.4773	-9.23031
-7.02526	-11.9069
-4.73013	-8.34615
-8.00123	-9.67808
-6.35856	-9.8468
-6.61747	-9.33348
-8.1697	-8.65624
-7.1233	-10.6464
-8.23215	-11.194
-6.20961	-10.9421
-8.33446	-8.78315
-8.09623	-9.5358
-8.68528	-9.46247
-8.25459	-10.8706
-7.52638	-10.3121
-7.28287	-10.8063
-8.23593	-8.29538
-5.90039	-10.7723
-8.5136	-8.26772
-6.70397	-9.00028
-7.91106	-8.9449
-6.51189	-10.7758
-8.62727	-10.8761
-5.54176	-8.79785
-8.54075	-9.93117
-7.54874	-9.93714
-4.6759	-8.76626
-3.39911	-10.6073
-7.3586	-10.1432
-6.14599	-11.228
-7.67594	-10.0951
-4.17594	-9.41237
-8.8056	-11.1098
-6.97093	-11.2619
-7.71769	-10.2213
-7.5603	-10.2298
-7.77404	-9.65886
-7.61557	-10.5736
-8.2589	-7.66657
-7.74043	-11.4067
-7.24386	-10.948
-6.91804	-9.37324
-7.90944	-11.4508
-8.17517	-10.7159
-7.21505	-9.05442
-8.77911	-8.80196
-7.48877	-9.2271
-5.58403	-9.44462
-7.93998	-9.60234
-8.44722	-10.8673
-8.59303	-9.8533
-8.45997	-10.9291
-7.54143	-11.6532
-4.70512	-10.1755
-8.75436	-8.90811
-7.49946	-9.54281
-5.77158	-11.8203
-7.38837	-11.3183
-6.48775	-10.0948
-6.91973	-9.86787
-6.10961	-10.8706
-5.84097	-9.06751
-7.29119	-10.381
-5.10797	-11.4303
-7.92309	-9.87627
-7.31241	-11.5117
-5.92389	-9.26695
-6.53402	-10.2742
-6.51595	-11.5416
-7.52786	-9.33402
-8.20344	-9.29416
-7.88822	-11.8484
-5.64738	-10.141
-6.85441	-7.85966
-6.34013	-11.7502
-7.06006	-8.8679
-8.24808	-11.7617
-5.48131	-9.0864
-7.65201	-10.7
-6.30695	-10.3733
-7.30094	-8.03802
-5.90673	-9.02699
-6.68681	-11.1423
-8.30737	-11.8403
-6.08992	-9.70735
-8.29811	-11.3943
-6.31089	-7.17577
-7.77791	-10.2881
-8.29987	-10.7858
-6.70231	-9.13182
-6.13234	-10.7022
-6.14208	-10.5258
-8.70377	-9.35039
-6.68436	-10.2417
-4.59136	-9.99313
-7.17695	-9.54862
-6.63865	-10.5642
-7.64387	-10.3972
-6.56517	-11.2225
-5.60616	-11.8207
-7.03208	-10.1894
-8.71387	-9.90314
-5.42849	-9.42417
-6.93962	-9.73155
-6.62058	-9.22592
-7.40379	-9.76651
-8.36817	-11.8188
-7.01712	-11.4995
-8.70756	-9.85586
-7.47909	-11.2936
-5.38627	-9.22176
-8.57665	-9.44224
-8.72698	-10.9164
-5.85427	-8.52779
-6.13292	-11.3856
-4.97813	-11.3471
-7.31538	-10.6083
-7.85247	-9.45744
-6.94937	-8.56264
-7.15484	-8.9686
-5.03888	-10.8858
-5.28407	-9.37522
-6.38871	-10.1764
-8.01467	-9.29735
-6.77228	-10.4677
-9.09211	-11.3732
-8.57106	-9.25515
-5.56925	-8.41165
-8.17403	-9.62019
-7.80975	-9.86644
-6.26769	-10.5351
-6.7309	-10.5469
-8.06611	-8.97432
-5.89241	-10.7253
-7.08144	-10.8259
-7.67837	-10.1224
-8.29031	-11.4323
-6.91389	-11.3288
-8.12542	-11.4054
-9.0127	-11.1959
-6.80222	-9.73598
-6.61742	-8.33712
-7.19376	-11.3416
-6.93266	-10.1314
-7.63175	-7.30772
-6.9788	-9.35021
-7.58044	-9.81748
-8.44817	-10.5579
-6.32823	-11.0316
-7.22439	-7.95553
-5.04168	-8.09659
-6.65494	-9.97042
-7.62614	-10.9657
-7.41431	-8.30919
-7.46582	-9.46857
-8.24272	-9.58736
-7.59841	-9.57505
-6.78108	-9.53159
-0.196311	-12.7395
-7.5022	-9.69296
-8.01459	-8.18671
-5.41301	-10.5038
-8.66325	-9.79243
-6.23934	-11.4637
-7.43859	-11.1655
-5.7417	-8.02134
-4.99163	-9.84208
-7.94884	-10.6613
-4.32144	-9.24484
-8.2683	-11.0505
-6.35863	-9.80724
-8.39952	-9.22997
-6.23611	-10.3164
-5.141	-11.7552
-5.76488	-8.52889
-7.98581	-9.50924
-6.06957	-9.29584
-5.88481	-9.73587
-9.009	-9.59758
-8.43062	-11.6979
-6.43595	-9.46611
-7.38562	-11.1283
-7.45272	-11.3298
-6.71325	-12.0909
-8.10546	-9.35184
-7.60432	-10.1959
-6.14161	-10.5311
-6.83428	-11.2298
-8.85817	-8.93676
-6.4807	-9.53152
-7.05704	-8.66933
-6.81115	-10.734
-7.79575	-9.15289
-6.15006	-10.2374
-4.37101	-10.6577
-5.89571	-9.09073
-5.8696	-9.48161
-6.63139	-10.3793
-5.0161	-11.2967
-6.80766	-9.37723
-2.81956	-8.84959
-7.98571	-9.70079
-5.1397	-8.50469
-7.62599	-9.6347
-5.61058	-9.23004
-8.08177	-10.5543
-6.13836	-11.082
-6.28365	-10.1133
-6.61577	-10.1573
-6.63285	-9.44266
-5.08119	-8.05404
-7.60462	-10.1886
-5.97927	-9.86773
-5.78034	-11.2052
-5.32469	-9.97549
-7.42027	-10.9927
-7.21529	-9.82736
-3.72301	-10.4127
-8.01627	-8.69628
-5.77863	-9.59187
-7.78742	-10.0826
-8.17384	-9.62308
-7.21924	-9.30826
-5.55112	-8.99698
-6.95115	-11.5746
-5.98955	-9.19862
-6.1906	-10.7533
-8.16114	-11.8391
-5.95919	-9.8872
-6.07392	-9.91733
-8.39292	-10.9183
-7.17672	-10.3756
-8.56458	-10.9259
-6.67981	-8.1
-6.36641	-11.0473
-6.83552	-9.66417
-7.23128	-9.67351
-7.57077	-9.57259
-7.07504	-10.2692
-6.71966	-10.8653
-7.53202	-10.2212
-5.58361	-8.65787
-7.46533	-11.6202
-7.93379	-10.0289
-8.17544	-10.0519
-6.53668	-10.4454
-7.59161	-10.2961
-5.26565	-10.181
-8.75411	-11.6871
-9.01556	-11.3325
-8.68981	-9.90007
-6.05763	-8.33987
-6.36078	-11.6576
-5.70148	-9.86804
-4.70933	-10.7984
-7.50419	-8.83461
-6.51066	-9.07342
-6.0631	-11.1149
-7.42286	-10.91
-5.44465	-11.6307
-7.83807	-8.98478
-8.02739	-8.8552
-8.26338	-7.44497
-6.00785	-10.8661
-8.24658	-9.04483
-6.89315	-8.36818
-7.0415	-10.4668
-8.7905	-9.13642
-6.94146	-10.1579
-7.26298	-9.31587
-8.15485	-8.51242
-7.54671	-7.75379
-7.88006	-10.7549
-7.03954	-9.89222
-7.54668	-10.0187
-6.29785	-9.39068
-8.9395	-10.3525
-8.50198	-10.428
-7.06666	-9.24288
-4.81615	-9.21447
-6.79174	-9.03986
-6.83904	-9.68815
-6.40664	-10.4058
-9.03415	-9.52994
-5.00713	-9.57015
-6.2604	-9.93612
-6.79332	-11.6506
-6.68989	-10.6807
-5.78608	-11.8778
-7.66846	-10.8718
-6.72195	-8.44549
-7.62378	-10.8476
-8.9522	-11.9432
-5.84191	-10.1399
-4.98845	-9.75463
-5.28355	-11.0847
-5.94767	-10.1859
-6.14494	-9.96555
-7.53841	-9.87167
-6.40119	-9.97063
-5.49957	-11.4184
-8.24008	-11.746
-6.23575	-11.1723
-7.17272	-9.25029
-6.39099	-10.2258
-6.12389	-9.0658
-6.17741	-11.0376
-6.81456	-9.64974
-8.16514	-9.25495
-6.40823	-12.1626
-5.50355	-10.86
-5.82265	-9.63761
-7.72612	-9.34691
-6.04094	-9.68209
-7.64139	-10.1952
-5.93566	-11.4574
-8.00295	-9.73004
-7.32436	-10.0126
-8.04083	-9.15647
-6.81131	-11.0623
-8.03008	-9.27751
-6.67842	-10.6438
-4.80677	-11.8985
-8.85261	-8.65067
-6.576	-9.82326
-8.89824	-9.6505
-6.27107	-12.0134
-6.47419	-8.74382
-8.99029	-11.4369
-6.19981	-11.1504
-8.29876	-9.05903
-6.44258	-10.7932
-6.43104	-8.66057
-8.34533	-9.31186
-6.90245	-11.5906
-8.18585	-11.8515
-6.34388	-10.8773
-7.18778	-11.5806
-5.43264	-9.66303
-6.02185	-8.65097
-5.66944	-8.34592
-4.37484	-10.5924
-8.68198	-11.3061
-6.18304	-8.53658
-5.23873	-9.63136
-7.14704	-9.90782
-5.14154	-10.4709
-7.77084	-7.4092
-6.35544	-11.6186
-5.88832	-7.96926
-7.34746	-10.4219
-7.35683	-10.6637
-7.23817	-11.0463
-6.43514	-11.9678
-7.19965	-12.0174
-6.74533	-12.1565
-8.15015	-9.99846
-7.08372	-9.70208
-6.20515	-10.3895
-7.31348	-9.8357
-6.69204	-11.4949
-7.16846	-10.1582
-7.76122	-9.09488
-7.03893	-9.23766
-7.06553	-12.1556
-6.40237	-8.90507
-7.68384	-9.98655
-4.30998	-10.9135
-8.51471	-10.4621
-7.713	-11.5211
-7.51982	-9.08274
-9.02948	-10.5163
-7.12704	-11.2889
-7.59764	-8.74411
-6.95623	-7.85313
-8.33823	-9.80958
-8.28761	-10.8856
-7.32806	-10.056
-5.8269	-11.1928
-6.04241	-9.25816
-6.70608	-10.7909
-7.41092	-11.3127
-6.67571	-8.50137
-6.6102	-11.249
-5.00033	-10.6268
-8.01249	-9.22435
-6.49252	-9.63782
-5.88495	-9.38178
-7.22098	-11.3811
-6.91151	-9.27555
-7.96953	-9.25061
-5.90677	-9.28317
-7.01877	-10.4973
-8.10542	-10.4542
-6.3166	-10.31
-8.39966	-11.5585
-8.27072	-9.32019
-4.97731	-9.75901
-4.84428	-9.84544
-7.72353	-11.0949
-5.42633	-10.3731
-7.12948	-9.56224
-7.85764	-7.27588
-5.57875	-13.2306
-7.87316	-8.87763
-8.91958	-9.07147
-7.06347	-8.67578
-6.89529	-8.86023
-8.14971	-11.2156
-5.6657	-11.8323
-6.63915	-11.3551
-6.4196	-9.32555
-8.37756	-12.09
-8.24094	-11.4347
-7.31847	-9.33415
-7.05591	-9.14604
-6.87633	-9.45818
-5.15856	-7.97003
-8.95889	-9.61984
-0.321449	-9.25016
-5.76117	-9.14806
-6.25567	-11.8297
-8.51137	-10.9585
-6.44169	-9.8626
-6.53313	-9.17864
-7.41116	-9.83772
-7.74171	-11.3682
-7.06851	-11.5756
-6.97238	-11.9209
-0.381084	-4.37554
-8.93328	-8.60112
-8.66849	-10.6351
-8.8273	-11.5935
-7.63609	-10.8074
-5.96726	-8.91712
-7.29337	-10.5731
-7.9681	-9.9774
-6.5941	-10.7523
-6.70644	-10.8961
-7.42894	-9.22072
-4.81667	-8.78015
-6.42086	-9.64265
-7.18379	-10.1148
-6.15025	-8.38552
-6.93578	-10.4831
-6.66704	-11.2407
-5.92945	-11.5988
-8.40994	-8.43447
-6.97296	-10.1139
-6.90167	-11.1918
-7.07156	-10.5007
-6.58711	-11.6626
-6.24977	-11.3313
-6.37546	-10.9352
-5.3434	-10.4843
-7.994	-8.73611
-8.62546	-11.0905
-7.63917	-9.21823
-5.87367	-10.1801
-6.97597	-9.68162
-7.82899	-11.2895
-5.48674	-8.06001
-7.47636	-10.5532
-7.5189	-11.945
-8.3567	-9.42147
-7.52412	-11.2584
-5.98343	-8.74608
-8.44281	-10.1219
-8.87622	-9.04439
-4.34222	-9.63217
-8.68837	-9.37921
-5.92501	-11.3807
-8.40438	-9.98926
-6.16822	-8.98477
-7.44613	-9.90869
-7.19387	-7.69874
-7.61353	-8.83359
-5.51648	-9.23614
-5.63031	-9.55697
-7.8518	-11.4631
-7.56965	-11.4135
-6.87511	-12.0121
-8.82355	-10.478
-7.62799	-8.9109
-5.24837	-10.9069
-8.28354	-8.9589
-7.52952	-9.29384
-6.68123	-8.83592
-7.0941	-11.4985
-7.40278	-9.52269
-7.18753	-10.4457
-6.51409	-11.0876
-6.76431	-9.31831
-6.07373	-10.7651
-6.58365	-11.4446
-6.71215	-9.04586
-8.42307	-11.3002
-7.60255	-6.73396
-8.02651	-10.4253
-7.54678	-9.30013
-6.2186	-8.73029
-8.34411	-9.23881
-6.91654	-10.7314
-6.80648	-9.30695
-6.97547	-10.0588
-6.86309	-10.6695
-5.24045	-10.4962
-7.50828	-11.0021
-5.14863	-9.28105
-5.39151	-7.5697
-5.69538	-10.46
-6.23218	-11.6993
-6.20831	-10.3888
-7.07409	-10.5833
-5.71525	-8.1552
-5.42699	-10.8111
-8.07122	-8.80465
-6.29721	-10.6088
-6.51924	-10.1845
-6.14606	-9.84035
-6.66717	-8.56627
-6.15615	-8.6903
-6.56046	-11.5592
-5.58584	-9.9649
-5.79566	-12.3316
-8.42348	-10.3995
-7.09925	-9.75372
-7.50443	-9.88185
-6.37504	-9.06043
-8.10431	-10.8059
-8.15015	-11.2983
-7.31095	-10.0229
-5.8909	-11.9668
-6.41996	-8.96853
-7.50271	-11.8416
-7.63518	-8.3597
-8.12943	-11.3391
-7.48219	-10.9878
-7.37105	-10.3396
-7.4777	-11.1369
-8.82253	-9.83053
-7.43481	-9.30821
-7.4798	-10.2342
-5.56214	-10.9916
-7.3482	-10.4277
-7.25099	-9.71695
-7.38291	-9.92588
-8.20131	-9.06493
-7.7075	-11.4925
-5.6164	-10.6324
-6.50232	0.0605849
-7.67519	-7.79302
-8.35703	-6.75476
-5.98236	-9.56256
-7.1156	-10.5134
-6.92701	-9.05492
-7.08925	-10.5652
-7.67158	-11.3168
-4.54125	-11.2206
-6.98121	-10.6827
-5.87263	-11.6457
-6.88201	-9.01212
-8.9444	-10.1286
-6.33698	-11.7397
-7.83506	-9.44445
-6.98059	-9.81555
-6.52877	-11.1029
-7.18917	-10.3696
-7.74439	-8.97792
-7.24313	-9.81287
-7.31138	-10.4105
-6.39654	-8.4896
-6.31152	-10.1272
-7.59021	-10.2896
-5.47899	-10.2673
-8.16662	-10.5549
-8.15762	-9.07193
-8.74883	-8.4576
-7.26711	-11.1565
-5.2475	-8.24155
-6.79793	-11.9549
-7.45264	-10.8419
-6.43354	-10.181
-6.56963	-11.4597
-5.70166	-10.8886
-6.60121	-11.6219
-6.5182	-10.203
-7.97712	-9.7039
-6.15318	-9.22501
-6.83168	-11.2378
-7.24357	-11.6466
-6.1762	-10.8991
-7.02987	-10.5542
-8.16639	-9.0114
-6.85468	-9.4616
-4.54414	-9.81603
-6.87367	-7.94216
-6.94139	-10.606
-7.59638	-10.1921
-7.31167	-11.3532
-7.46257	-7.79325
-7.35774	-10.9453
-7.91068	-9.01911
-8.76534	-9.53554
-5.21788	-10.5026
-6.85201	-9.61422
-8.77196	-9.27613
-2.76836	-8.6322
-6.16671	-10.014
-6.43236	-10.5318
-6.59401	-11.1276
-7.68502	-8.02699
-6.49901	-11.5371
-6.00354	-9.6818
-7.36302	-9.32884
-6.28402	-9.57306
-8.88352	-10.3591
-8.4138	-9.64133
-8.77782	-11.0365
-8.11895	-10.6807
-5.17772	-10.7069
-7.78566	-9.4761
-8.37229	-10.4089
-5.97044	-10.9867
-9.01922	-10.3732
-5.51189	-9.76279
-8.01648	-11.5554
-6.28712	-11.677
-6.49653	-10.298
-8.01858	-10.386
-6.81599	-9.31943
-5.52869	-10.4999
-4.41781	-12.855
-8.46941	-9.04579
-7.56057	-10.9578
-8.53888	-9.19894
-8.26508	-9.62494
-6.56676	-9.20164
-6.21588	-11.2891
-4.53237	-10.9177
-7.03925	-10.2315
-5.69765	-9.70346
-5.7329	-9.17811
-7.68101	-9.32323
-7.31628	-10.3229
-8.40363	-7.86307
-4.65969	-10.7076
-6.38024	-10.5801
-7.79835	-10.2437
-5.33525	-8.50882
-6.31812	-11.9451
-6.36455	-11.2885
-8.02468	-9.81517
-8.91464	-9.88518
-5.35023	-9.16863
-7.64538	-8.23309
-6.7073	-9.21168
-7.34861	-9.1483
-6.59004	-10.8278
-5.73573	-10.2483
-8.51071	-8.07756
-8.23569	-10.4107
-5.92537	-9.18473
-7.5936	-11.1795
-7.38209	-9.69129
-6.77513	-7.92299
-9.01447	-10.3263
-8.39103	-9.93979
-5.54215	-8.8933
-6.4498	-10.8873
-7.44531	-9.3769
-8.19318	-9.5792
-7.20017	-9.30657
-5.0612	-12.0241
-6.17538	-11.2574
-6.43952	-10.6765
-6.63998	-9.75745
-7.70068	-8.49847
-5.59828	-12.2894
-6.31506	-12.0817
-6.45591	-8.83584
-6.70601	-10.2208
-6.48892	-10.3094
-6.24916	-9.35001
-7.34661	-8.83231
-7.79995	-10.6576
-8.61633	-9.06472
-6.34426	-8.16723
-6.12344	-9.6167
-5.9477	-10.2444
-7.3971	-9.68122
-5.9684	-7.91356
-6.80719	-11.5808
-6.67739	-10.9704
-7.74578	-9.50458
-7.86457	-9.58985
-6.70333	-11.1234
-7.56313	-11.4748
-6.59417	-9.16915
-7.42011	-12.1334
-6.38218	-9.97691
-8.30585	-10.6141
-8.34308	-10.2031
-7.50937	-8.43442
-6.88654	-8.97666
-7.53588	-10.1802
-7.29894	-7.9244
-7.40879	-9.56682
-6.14748	-10.0883
-6.37449	-10.3509
-6.48973	-10.9834
-6.80802	-8.53009
-8.18403	-10.9103
-8.52197	-10.9848
-7.64969	-10.0188
-7.79432	-11.2266
-6.96378	-11.7408
-8.88618	-11.3347
-8.98947	-10.6767
-7.07783	-10.495
-8.44418	-10.8069
-7.27877	-10.852
-6.40256	-11.6197
-5.88504	-10.607
-5.39163	-9.4092
-6.91238	-9.74264
-7.83293	-10.5882
-6.44104	-9.45036
-7.24564	-10.7149
-7.52114	-9.35689
-4.8862	-12.629
-6.40783	-10.6549
-7.6455	-8.64139
-8.05673	-11.2241
-6.42503	-9.4025
-7.67472	-11.1449
-6.5957	-8.71091
-8.5422	-10.0494
-6.2608	-10.7067
-8.23909	-9.81061
-7.53841	-11.7855
-6.50205	-11.2963
-6.77713	-10.5342
-7.16483	-10.7962
-7.28965	-11.093
-7.93734	-10.4382
-7.94608	-10.853
-7.40933	-10.8771
-6.24672	-7.96139
-6.93949	-9.03518
-6.53971	-9.53749
-7.36114	-11.5386
-8.69091	-9.54287
-8.05657	-10.9524
-6.00882	-9.28389
-4.9842	-9.11438
-7.39739	-10.5233
-8.02982	-10.0334
-5.9123	-11.2603
-5.6387	-9.75869
-6.32587	-9.0435
-6.31119	-11.0786
-6.5883	-10.3339
-6.83146	-10.0936
-6.33866	-10.6715
-7.71523	-9.45591
-4.63778	-10.1965
-8.85352	-9.47754
-7.34711	-11.99
-5.85068	-8.82724
-6.34585	-10.4885
-6.84284	-10.4093
-5.88862	-11.7081
-6.88636	-9.83825
-8.48431	-10.237
-8.95999	-10.326
-6.91854	-9.43024
-7.15115	-10.367
-8.28152	-11.7218
-6.4495	-10.9291
-7.54021	-9.52532
-6.80993	-8.79185
-8.62375	-8.91871
-3.31998	-10.9473
-8.81015	-10.5126
-6.76926	-10.0625
-7.70039	-9.79088
-6.08958	-11.8014
-8.22548	-10.1868
-4.92543	-9.39276
-6.96248	-11.118
-8.58855	-11.6712
-7.19419	-9.58015
-8.61745	-9.04902
-7.9726	-11.6194
-7.08637	-10.073
-8.90186	-11.7098
-7.56375	-9.87999
-8.97878	-11.2036
-7.53884	-9.11957
-6.91647	-9.92383
-7.49688	-10.1511
-6.56242	-10.4307
-8.22612	-10.5402
-7.0577	-8.16794
-5.97102	-9.23107
-3.24094	-1.9989
-7.69384	-10.8566
-7.72247	-9.15374
-7.75704	-11.128
-8.78938	-10.4428
-8.00974	-11.3245
-5.90789	-8.83252
-5.45199	-10.7224
-7.77747	-8.8673
-7.53832	-9.68722
-7.55897	-10.3156
-6.93197	-11.7379
-8.09844	-10.6361
-8.6927	-9.73559
-6.91731	-9.28249
-6.97804	-10.1472
-6.68205	-9.87442
-5.45447	-9.5402
-5.25958	-8.8214
-5.46907	-7.55371
-6.70226	-9.10193
-8.21464	-10.5041
-8.14765	-9.67644
-8.62212	-11.9728
-6.07324	-9.75558
-8.76161	-10.7096
-7.73435	-7.32555
-7.73667	-9.73306
-8.72587	-8.5593
-7.63679	-11.1608
-5.57535	-11.8134
-5.99782	-11.3607
-8.48904	-11.5792
-8.9348	-10.6792
-8.54162	-11.0133
-8.46846	-9.93602
-7.17949	-9.24894
-5.71925	-7.69011
-7.96137	-10.2693
-8.8534	-9.95677
-5.2718	-8.44145
-8.53805	-11.0173
-6.86514	-8.857
-4.80302	-11.5933
-6.96585	-10.3552
-5.22522	-10.1646
-8.03325	-11.3764
-6.91199	-9.72641
-6.54239	-10.947
-7.80762	-9.0983
-7.70722	-9.5115
-7.37353	-8.43365
-6.63533	-11.0552
-7.04607	-9.76205
-7.62511	-8.98509
-8.4016	-8.77386
-8.5651	-11.835
-6.81727	-10.1626
-7.08127	-10.3617
-7.28886	-11.1991
-6.47989	-9.39148
-5.82697	-10.4185
-4.41053	-10.2387
-4.82271	-10.7995
-6.59295	-11.2643
-5.70769	-8.12198
-6.97423	-10.2694
-6.13683	-10.0507
-7.15628	-10.3523
-4.5103	-10.0786
-7.40578	-10.1611
-6.41888	-9.61818
-5.91365	-10.4616
-7.88036	-10.5436
-7.75508	-8.17646
-6.16454	-11.2009
-7.04363	-8.77462
-8.36042	-10.6888
-6.90822	-10.7255
-7.83508	-10.2125
-5.60223	-10.467
-7.57547	-9.58601
-4.26834	-12.2822
-5.50302	-11.8744
-6.94075	-10.4017
-7.7779	-9.30835
-4.64059	-7.57789
-6.40339	-9.59234
-8.95692	-11.8402
-9.05684	-7.78358
-7.6261	-9.26814
-8.76587	-10.8404
-6.40097	-10.7609
-6.9321	-11.216
-7.63586	-9.63771
-5.89277	-11.4132
-6.52503	-10.9873
-9.16578	-9.27564
-6.23125	-10.1208
-4.17208	-11.0508
-8.78367	-10.3182
-7.95455	-10.3794
-8.3791	-8.96269
-6.84029	-10.5051
-9.14816	-7.89297
-5.95996	-10.9027
-4.94044	-11.2068
-5.54512	-10.1513
-8.84123	-11.0607
-6.44093	-10.3486
-6.91285	-9.10731
-6.59799	-10.7844
-6.85064	-11.0731
-4.86515	-8.04259
-7.0177	-9.14801
-6.79595	-9.71445
-7.0458	-4.38114
-5.88356	-11.8782
-4.90743	-10.4387
3.09203	-7.87133
-5.27011	-8.648
-8.19091	-8.0263
-5.74334	-9.91848
-6.37683	-8.39881
-9.12697	-10.6891
-6.53701	-9.90066
-6.44716	-8.94451
-8.9791	-11.1438
-7.30298	-8.01532
-5.75585	-8.58126
-8.1149	-11.7122
-7.39911	-9.35118
-6.17137	-9.1196
-6.20629	-10.241
-7.78556	-8.80649
2.02115	-12.6975
-8.72232	-10.9854
-7.41156	-10.8705
-6.95891	-8.69592
-7.88794	-8.86653
-7.28533	-11.3458
-6.4794	-7.64541
-5.97847	-10.8508
-6.4084	-10.0861
-6.44204	-9.74949
-4.68702	-9.93129
-8.24631	-10.1594
-6.81494	-8.41218
-7.26966	-10.9274
-6.62151	-10.1434
-8.24308	-11.6028
-6.63344	-10.5729
-7.4033	-11.7179
-7.51795	-7.96286
-6.29288	-11.4416
-8.02019	-9.69853
-6.36845	-9.61572
-6.7161	-9.69482
-8.56647	-9.79111
-6.11089	-9.06826
-6.47197	-10.2456
-5.89371	-10.3016
-8.12683	-11.6487
-5.30768	-8.72487
-5.61181	-10.6826
-7.56675	-11.646
-6.88148	-8.4202
-8.865	-10.8093
-5.88392	-10.8671
-7.25485	-10.501
-6.77409	-9.12784
-6.77833	-9.83112
-6.73627	-10.4143
-6.31521	-9.52051
-8.18081	-7.626
-6.69026	-10.5773
-7.96238	-11.6233
-4.89307	-10.7493
-9.14297	-10.6703
-8.21753	-8.70777
-6.00965	-9.03267
-6.86522	-11.2212
-6.74557	-10.0935
-5.46057	-10.7036
-7.52471	-11.3404
-7.40814	-9.64009
-7.02714	-9.22188
-6.46858	-11.4273
-6.45859	-10.8538
-6.6598	-9.73284
-7.18747	-6.5229
-7.90889	-9.95348
-7.80639	-11.2783
-7.17911	-10.6265
-7.16079	-11.9835
-7.63038	-9.40295
-6.91636	-11.7419
-7.97441	-11.2023
-6.99546	-11.7487
-8.13723	-9.16424
-6.03773	-11.5008
-8.64878	-9.40623
-7.30712	-9.48131
